timestame:1622082598.418000000,objid:0,type:0,xpos:0.000000,ypos:0.000000,xspeed:3.820000,yspeed:-1.320000,angle:0.440000,distense:131.200000,rcs:19.000000
timestame:1622082598.418000000,objid:1,type:0,xpos:0.000000,ypos:0.000000,xspeed:2.370000,yspeed:0.670000,angle:1.080000,distense:124.800000,rcs:25.000000
