timestame:1622082582.861000000,objid:1,type:0,xpos:0.000000,ypos:0.000000,xspeed:-3.210000,yspeed:-3.380000,angle:-18.000000,distense:58.600000,rcs:21.000000
timestame:1622082582.861000000,objid:2,type:0,xpos:0.000000,ypos:0.000000,xspeed:9.680000,yspeed:-0.050000,angle:-0.740000,distense:80.200000,rcs:28.000000
