timestame:1622082604.364000000,objid:0,type:0,xpos:0.000000,ypos:0.000000,xspeed:4.970000,yspeed:0.630000,angle:5.000000,distense:34.400000,rcs:30.000000
timestame:1622082604.364000000,objid:1,type:0,xpos:0.000000,ypos:0.000000,xspeed:4.900000,yspeed:-0.050000,angle:0.460000,distense:152.600000,rcs:21.000000
