timestame:1622082536.577000000,objid:2,type:0,xpos:0.000000,ypos:0.000000,xspeed:14.480000,yspeed:0.290000,angle:0.300000,distense:227.200000,rcs:5.000000
timestame:1622082536.577000000,objid:9,type:0,xpos:0.000000,ypos:0.000000,xspeed:-4.320000,yspeed:-0.300000,angle:-3.110000,distense:148.800000,rcs:11.000000
