timestame:1622082528.435000000,objid:2,type:0,xpos:0.000000,ypos:0.000000,xspeed:12.690000,yspeed:0.030000,angle:-0.100000,distense:112.600000,rcs:30.000000
timestame:1622082528.435000000,objid:9,type:0,xpos:0.000000,ypos:0.000000,xspeed:-5.290000,yspeed:-0.240000,angle:-2.330000,distense:186.400000,rcs:19.000000
