timestame:1622082459.879000000,objid:0,type:0,xpos:0.000000,ypos:0.000000,xspeed:12.160000,yspeed:0.000000,angle:-0.930000,distense:83.800000,rcs:21.000000
timestame:1622082459.879000000,objid:1,type:0,xpos:0.000000,ypos:0.000000,xspeed:-5.750000,yspeed:-0.180000,angle:-6.700000,distense:47.800000,rcs:13.000000
