timestame:1622082531.060000000,objid:2,type:0,xpos:0.000000,ypos:0.000000,xspeed:13.270000,yspeed:0.080000,angle:0.040000,distense:148.400000,rcs:23.000000
timestame:1622082531.060000000,objid:9,type:0,xpos:0.000000,ypos:0.000000,xspeed:-5.100000,yspeed:-0.040000,angle:-2.370000,distense:173.400000,rcs:14.000000
