timestame:1622082501.610000000,objid:0,type:0,xpos:0.000000,ypos:0.000000,xspeed:-1.400000,yspeed:-2.990000,angle:8.640000,distense:52.400000,rcs:17.000000
timestame:1622082501.610000000,objid:1,type:0,xpos:0.000000,ypos:0.000000,xspeed:-2.990000,yspeed:-0.220000,angle:-3.060000,distense:121.800000,rcs:9.000000
