timestame:1622082531.812000000,objid:2,type:0,xpos:0.000000,ypos:0.000000,xspeed:13.300000,yspeed:-0.010000,angle:-0.040000,distense:158.800000,rcs:23.000000
timestame:1622082531.812000000,objid:9,type:0,xpos:0.000000,ypos:0.000000,xspeed:-5.230000,yspeed:0.090000,angle:-2.310000,distense:169.200000,rcs:12.000000
