timestame:1622082458.998000000,objid:0,type:0,xpos:0.000000,ypos:0.000000,xspeed:10.760000,yspeed:-0.010000,angle:-1.130000,distense:71.000000,rcs:26.000000
timestame:1622082458.998000000,objid:1,type:0,xpos:0.000000,ypos:0.000000,xspeed:-5.170000,yspeed:-0.140000,angle:-5.770000,distense:53.800000,rcs:22.000000
