timestame:1622082460.439000000,objid:0,type:0,xpos:0.000000,ypos:0.000000,xspeed:12.990000,yspeed:-0.020000,angle:-0.870000,distense:92.200000,rcs:19.000000
timestame:1622082460.439000000,objid:1,type:0,xpos:0.000000,ypos:0.000000,xspeed:-5.800000,yspeed:-0.110000,angle:-7.110000,distense:44.600000,rcs:30.000000
