timestame:1622082455.873000000,objid:0,type:0,xpos:0.000000,ypos:0.000000,xspeed:6.570000,yspeed:-0.170000,angle:-2.050000,distense:36.800000,rcs:36.000000
timestame:1622082455.873000000,objid:1,type:0,xpos:0.000000,ypos:0.000000,xspeed:-2.360000,yspeed:-0.110000,angle:-4.050000,distense:70.800000,rcs:21.000000
