timestame:1622082571.003000000,objid:0,type:0,xpos:0.000000,ypos:0.000000,xspeed:-6.930000,yspeed:0.320000,angle:-1.630000,distense:94.000000,rcs:18.000000
timestame:1622082571.003000000,objid:3,type:0,xpos:0.000000,ypos:0.000000,xspeed:3.160000,yspeed:0.110000,angle:-2.050000,distense:26.800000,rcs:32.000000
timestame:1622082571.003000000,objid:4,type:0,xpos:0.000000,ypos:0.000000,xspeed:-5.900000,yspeed:-3.940000,angle:-2.120000,distense:110.600000,rcs:13.000000
