timestame:1622082582.551000000,objid:1,type:0,xpos:0.000000,ypos:0.000000,xspeed:-3.210000,yspeed:-3.380000,angle:-18.000000,distense:59.000000,rcs:21.000000
timestame:1622082582.551000000,objid:2,type:0,xpos:0.000000,ypos:0.000000,xspeed:9.250000,yspeed:-0.070000,angle:-0.800000,distense:76.400000,rcs:22.000000
