timestame:1622082526.879000000,objid:2,type:0,xpos:0.000000,ypos:0.000000,xspeed:11.790000,yspeed:0.060000,angle:-0.150000,distense:91.800000,rcs:42.000000
timestame:1622082526.879000000,objid:9,type:0,xpos:0.000000,ypos:0.000000,xspeed:-5.210000,yspeed:-0.270000,angle:-2.140000,distense:194.600000,rcs:11.000000
