timestame:1622082572.381000000,objid:0,type:0,xpos:0.000000,ypos:0.000000,xspeed:-6.540000,yspeed:0.080000,angle:-1.920000,distense:85.600000,rcs:27.000000
timestame:1622082572.381000000,objid:4,type:0,xpos:0.000000,ypos:0.000000,xspeed:-8.830000,yspeed:0.930000,angle:-1.170000,distense:98.600000,rcs:19.000000
