timestame:1622082524.691000000,objid:2,type:0,xpos:0.000000,ypos:0.000000,xspeed:10.630000,yspeed:0.010000,angle:-0.370000,distense:65.400000,rcs:42.000000
timestame:1622082524.691000000,objid:9,type:0,xpos:0.000000,ypos:0.000000,xspeed:-5.600000,yspeed:-0.830000,angle:-2.240000,distense:205.400000,rcs:10.000000
