timestame:1622082458.688000000,objid:0,type:0,xpos:0.000000,ypos:0.000000,xspeed:10.280000,yspeed:-0.020000,angle:-1.200000,distense:66.800000,rcs:26.000000
timestame:1622082458.688000000,objid:1,type:0,xpos:0.000000,ypos:0.000000,xspeed:-4.970000,yspeed:-0.190000,angle:-5.610000,distense:55.800000,rcs:22.000000
