timestame:1622082524.567000000,objid:2,type:0,xpos:0.000000,ypos:0.000000,xspeed:10.530000,yspeed:0.030000,angle:-0.350000,distense:63.800000,rcs:39.000000
timestame:1622082524.567000000,objid:9,type:0,xpos:0.000000,ypos:0.000000,xspeed:-5.570000,yspeed:-0.850000,angle:-2.220000,distense:206.200000,rcs:9.000000
