timestame:1622082532.066000000,objid:2,type:0,xpos:0.000000,ypos:0.000000,xspeed:13.320000,yspeed:-0.010000,angle:-0.040000,distense:162.000000,rcs:28.000000
timestame:1622082532.066000000,objid:9,type:0,xpos:0.000000,ypos:0.000000,xspeed:-5.010000,yspeed:0.030000,angle:-2.370000,distense:168.400000,rcs:10.000000
