timestame:1622082467.501000000,objid:0,type:0,xpos:0.000000,ypos:0.000000,xspeed:19.900000,yspeed:-0.060000,angle:-0.440000,distense:227.600000,rcs:1.000000
timestame:1622082467.501000000,objid:1,type:0,xpos:0.000000,ypos:0.000000,xspeed:18.030000,yspeed:0.240000,angle:-1.630000,distense:39.800000,rcs:33.000000
