timestame:1622082567.441000000,objid:0,type:0,xpos:0.000000,ypos:0.000000,xspeed:-7.600000,yspeed:0.550000,angle:-2.000000,distense:118.600000,rcs:11.000000
timestame:1622082567.441000000,objid:2,type:0,xpos:0.000000,ypos:0.000000,xspeed:-7.590000,yspeed:0.470000,angle:-2.980000,distense:128.800000,rcs:12.000000
