timestame:1622082536.701000000,objid:2,type:0,xpos:0.000000,ypos:0.000000,xspeed:14.480000,yspeed:0.290000,angle:0.300000,distense:228.800000,rcs:5.000000
timestame:1622082536.701000000,objid:9,type:0,xpos:0.000000,ypos:0.000000,xspeed:-4.310000,yspeed:-0.230000,angle:-3.070000,distense:148.200000,rcs:10.000000
