timestame:1622082526.559000000,objid:2,type:0,xpos:0.000000,ypos:0.000000,xspeed:11.620000,yspeed:0.070000,angle:-0.160000,distense:88.000000,rcs:40.000000
timestame:1622082526.559000000,objid:9,type:0,xpos:0.000000,ypos:0.000000,xspeed:-5.390000,yspeed:-0.210000,angle:-2.050000,distense:195.800000,rcs:13.000000
