timestame:1622082558.437000000,objid:0,type:0,xpos:0.000000,ypos:0.000000,xspeed:-5.060000,yspeed:2.000000,angle:-1.220000,distense:196.600000,rcs:6.000000
timestame:1622082558.437000000,objid:2,type:0,xpos:0.000000,ypos:0.000000,xspeed:-10.480000,yspeed:-3.500000,angle:-3.060000,distense:195.800000,rcs:8.000000
