timestame:1622082520.365000000,objid:0,type:0,xpos:0.000000,ypos:0.000000,xspeed:-5.610000,yspeed:-0.150000,angle:-5.660000,distense:52.600000,rcs:19.000000
timestame:1622082520.365000000,objid:1,type:0,xpos:0.000000,ypos:0.000000,xspeed:-3.190000,yspeed:6.330000,angle:4.620000,distense:68.600000,rcs:20.000000
timestame:1622082520.365000000,objid:2,type:0,xpos:0.000000,ypos:0.000000,xspeed:10.160000,yspeed:-0.400000,angle:-0.880000,distense:20.400000,rcs:50.000000
