timestame:1622082548.069000000,objid:0,type:0,xpos:0.000000,ypos:0.000000,xspeed:4.300000,yspeed:-5.090000,angle:-14.750000,distense:54.200000,rcs:15.000000
timestame:1622082548.069000000,objid:9,type:0,xpos:0.000000,ypos:0.000000,xspeed:-3.270000,yspeed:-0.150000,angle:-4.410000,distense:108.800000,rcs:24.000000
