timestame:1622082499.673000000,objid:0,type:0,xpos:0.000000,ypos:0.000000,xspeed:-2.620000,yspeed:-3.390000,angle:13.770000,distense:55.600000,rcs:13.000000
timestame:1622082499.673000000,objid:1,type:0,xpos:0.000000,ypos:0.000000,xspeed:-4.560000,yspeed:-1.350000,angle:-3.010000,distense:127.000000,rcs:8.000000
