timestame:1622082569.319000000,objid:0,type:0,xpos:0.000000,ypos:0.000000,xspeed:-7.380000,yspeed:0.620000,angle:-1.550000,distense:105.000000,rcs:20.000000
timestame:1622082569.319000000,objid:2,type:0,xpos:0.000000,ypos:0.000000,xspeed:-7.220000,yspeed:0.310000,angle:-3.090000,distense:115.400000,rcs:19.000000
timestame:1622082569.319000000,objid:3,type:0,xpos:0.000000,ypos:0.000000,xspeed:3.840000,yspeed:0.020000,angle:-3.210000,distense:22.200000,rcs:43.000000
timestame:1622082569.319000000,objid:4,type:0,xpos:0.000000,ypos:0.000000,xspeed:-7.000000,yspeed:0.000000,angle:-1.890000,distense:121.600000,rcs:13.000000
