timestame:1622082562.060000000,objid:0,type:0,xpos:0.000000,ypos:0.000000,xspeed:-9.910000,yspeed:-0.430000,angle:-2.330000,distense:160.200000,rcs:15.000000
timestame:1622082562.060000000,objid:3,type:0,xpos:0.000000,ypos:0.000000,xspeed:-16.580000,yspeed:-3.470000,angle:-2.090000,distense:168.000000,rcs:9.000000
