timestame:1622082573.816000000,objid:0,type:0,xpos:0.000000,ypos:0.000000,xspeed:-6.120000,yspeed:-0.470000,angle:-3.080000,distense:77.600000,rcs:21.000000
timestame:1622082573.816000000,objid:4,type:0,xpos:0.000000,ypos:0.000000,xspeed:-7.560000,yspeed:0.320000,angle:-1.360000,distense:88.800000,rcs:20.000000
