timestame:1622082582.056000000,objid:1,type:0,xpos:0.000000,ypos:0.000000,xspeed:-3.530000,yspeed:-3.280000,angle:-18.000000,distense:59.400000,rcs:26.000000
timestame:1622082582.056000000,objid:2,type:0,xpos:0.000000,ypos:0.000000,xspeed:8.630000,yspeed:-0.030000,angle:-0.790000,distense:70.400000,rcs:29.000000
timestame:1622082582.056000000,objid:7,type:0,xpos:0.000000,ypos:0.000000,xspeed:1.370000,yspeed:-0.590000,angle:-18.000000,distense:65.200000,rcs:30.000000
