timestame:1622082531.999000000,objid:2,type:0,xpos:0.000000,ypos:0.000000,xspeed:13.310000,yspeed:-0.010000,angle:-0.040000,distense:161.200000,rcs:25.000000
timestame:1622082531.999000000,objid:9,type:0,xpos:0.000000,ypos:0.000000,xspeed:-5.000000,yspeed:0.050000,angle:-2.340000,distense:168.600000,rcs:12.000000
