timestame:1622082499.923000000,objid:0,type:0,xpos:0.000000,ypos:0.000000,xspeed:-1.250000,yspeed:-0.040000,angle:14.340000,distense:56.000000,rcs:13.000000
timestame:1622082499.923000000,objid:1,type:0,xpos:0.000000,ypos:0.000000,xspeed:-4.210000,yspeed:-1.730000,angle:-3.350000,distense:126.400000,rcs:10.000000
