timestame:1622082592.051000000,objid:1,type:0,xpos:0.000000,ypos:0.000000,xspeed:1.620000,yspeed:0.220000,angle:-1.980000,distense:111.800000,rcs:18.000000
timestame:1622082592.051000000,objid:2,type:0,xpos:0.000000,ypos:0.000000,xspeed:16.780000,yspeed:-0.040000,angle:-0.320000,distense:216.200000,rcs:2.000000
