timestame:1622082547.190000000,objid:0,type:0,xpos:0.000000,ypos:0.000000,xspeed:4.740000,yspeed:-3.370000,angle:-10.650000,distense:49.400000,rcs:23.000000
timestame:1622082547.190000000,objid:9,type:0,xpos:0.000000,ypos:0.000000,xspeed:-3.540000,yspeed:-0.160000,angle:-4.250000,distense:111.400000,rcs:27.000000
