timestame:1622082547.751000000,objid:0,type:0,xpos:0.000000,ypos:0.000000,xspeed:3.840000,yspeed:-4.590000,angle:-13.270000,distense:52.200000,rcs:21.000000
timestame:1622082547.751000000,objid:9,type:0,xpos:0.000000,ypos:0.000000,xspeed:-3.510000,yspeed:-0.170000,angle:-4.380000,distense:109.400000,rcs:19.000000
