timestame:1622082529.626000000,objid:2,type:0,xpos:0.000000,ypos:0.000000,xspeed:13.110000,yspeed:0.080000,angle:-0.010000,distense:129.000000,rcs:28.000000
timestame:1622082529.626000000,objid:9,type:0,xpos:0.000000,ypos:0.000000,xspeed:-4.760000,yspeed:-0.110000,angle:-2.340000,distense:181.200000,rcs:10.000000
