timestame:1622082576.688000000,objid:0,type:0,xpos:0.000000,ypos:0.000000,xspeed:-5.890000,yspeed:-2.130000,angle:-10.490000,distense:60.800000,rcs:18.000000
timestame:1622082576.688000000,objid:1,type:0,xpos:0.000000,ypos:0.000000,xspeed:-5.180000,yspeed:-1.520000,angle:-5.710000,distense:76.400000,rcs:26.000000
timestame:1622082576.688000000,objid:2,type:0,xpos:0.000000,ypos:0.000000,xspeed:2.500000,yspeed:0.100000,angle:-2.150000,distense:30.800000,rcs:38.000000
timestame:1622082576.688000000,objid:3,type:0,xpos:0.000000,ypos:0.000000,xspeed:-5.490000,yspeed:-2.540000,angle:-9.010000,distense:66.000000,rcs:31.000000
