timestame:1622082605.303000000,objid:1,type:0,xpos:0.000000,ypos:0.000000,xspeed:4.960000,yspeed:-0.090000,angle:0.380000,distense:157.400000,rcs:23.000000
timestame:1622082605.303000000,objid:2,type:0,xpos:0.000000,ypos:0.000000,xspeed:5.430000,yspeed:0.470000,angle:0.670000,distense:162.400000,rcs:25.000000
