timestame:1622082544.247000000,objid:0,type:0,xpos:0.000000,ypos:0.000000,xspeed:6.570000,yspeed:-4.190000,angle:-2.720000,distense:29.400000,rcs:40.000000
timestame:1622082544.247000000,objid:9,type:0,xpos:0.000000,ypos:0.000000,xspeed:-3.710000,yspeed:-0.040000,angle:-3.730000,distense:121.400000,rcs:21.000000
