timestame:1622082597.108000000,objid:0,type:0,xpos:0.000000,ypos:0.000000,xspeed:4.640000,yspeed:1.210000,angle:1.410000,distense:124.400000,rcs:17.000000
timestame:1622082597.108000000,objid:1,type:0,xpos:0.000000,ypos:0.000000,xspeed:1.680000,yspeed:0.960000,angle:0.960000,distense:120.800000,rcs:16.000000
