timestame:1622082528.812000000,objid:2,type:0,xpos:0.000000,ypos:0.000000,xspeed:12.940000,yspeed:0.030000,angle:-0.080000,distense:118.600000,rcs:25.000000
timestame:1622082528.812000000,objid:9,type:0,xpos:0.000000,ypos:0.000000,xspeed:-5.300000,yspeed:-0.240000,angle:-2.390000,distense:184.200000,rcs:16.000000
