timestame:1622082580.486000000,objid:1,type:0,xpos:0.000000,ypos:0.000000,xspeed:-4.140000,yspeed:-2.410000,angle:-14.840000,distense:62.200000,rcs:21.000000
timestame:1622082580.486000000,objid:2,type:0,xpos:0.000000,ypos:0.000000,xspeed:6.450000,yspeed:-0.010000,angle:-1.070000,distense:54.400000,rcs:26.000000
timestame:1622082580.486000000,objid:5,type:0,xpos:0.000000,ypos:0.000000,xspeed:-3.060000,yspeed:-2.600000,angle:-18.000000,distense:60.400000,rcs:25.000000
