timestame:1622082502.357000000,objid:0,type:0,xpos:0.000000,ypos:0.000000,xspeed:-1.780000,yspeed:-3.070000,angle:6.390000,distense:50.400000,rcs:23.000000
timestame:1622082502.357000000,objid:1,type:0,xpos:0.000000,ypos:0.000000,xspeed:-3.030000,yspeed:0.080000,angle:-2.830000,distense:119.600000,rcs:12.000000
