timestame:1622082511.426000000,objid:0,type:0,xpos:0.000000,ypos:0.000000,xspeed:-3.560000,yspeed:0.070000,angle:-3.170000,distense:79.200000,rcs:14.000000
timestame:1622082511.426000000,objid:1,type:0,xpos:0.000000,ypos:0.000000,xspeed:-10.660000,yspeed:-1.330000,angle:-3.020000,distense:130.600000,rcs:7.000000
