timestame:1622082580.300000000,objid:1,type:0,xpos:0.000000,ypos:0.000000,xspeed:-4.240000,yspeed:-2.340000,angle:-14.210000,distense:62.600000,rcs:30.000000
timestame:1622082580.300000000,objid:2,type:0,xpos:0.000000,ypos:0.000000,xspeed:6.190000,yspeed:0.040000,angle:-1.010000,distense:52.800000,rcs:25.000000
timestame:1622082580.300000000,objid:5,type:0,xpos:0.000000,ypos:0.000000,xspeed:-3.280000,yspeed:-2.780000,angle:-18.000000,distense:60.400000,rcs:15.000000
timestame:1622082580.300000000,objid:7,type:0,xpos:0.000000,ypos:0.000000,xspeed:1.040000,yspeed:-1.100000,angle:-18.000000,distense:62.400000,rcs:17.000000
