timestame:1622082578.936000000,objid:1,type:0,xpos:0.000000,ypos:0.000000,xspeed:-4.700000,yspeed:-1.690000,angle:-9.820000,distense:67.000000,rcs:27.000000
timestame:1622082578.936000000,objid:2,type:0,xpos:0.000000,ypos:0.000000,xspeed:4.630000,yspeed:0.060000,angle:-1.310000,distense:42.400000,rcs:31.000000
timestame:1622082578.936000000,objid:3,type:0,xpos:0.000000,ypos:0.000000,xspeed:-4.270000,yspeed:-2.920000,angle:-16.870000,distense:58.400000,rcs:25.000000
timestame:1622082578.936000000,objid:5,type:0,xpos:0.000000,ypos:0.000000,xspeed:-4.440000,yspeed:-2.000000,angle:-13.460000,distense:62.400000,rcs:28.000000
