timestame:1622082603.047000000,objid:0,type:0,xpos:0.000000,ypos:0.000000,xspeed:5.830000,yspeed:0.160000,angle:4.520000,distense:28.000000,rcs:38.000000
timestame:1622082603.047000000,objid:1,type:0,xpos:0.000000,ypos:0.000000,xspeed:4.440000,yspeed:0.000000,angle:0.550000,distense:145.600000,rcs:25.000000
timestame:1622082603.047000000,objid:2,type:0,xpos:0.000000,ypos:0.000000,xspeed:5.150000,yspeed:2.140000,angle:0.550000,distense:150.600000,rcs:25.000000
