timestame:1622082522.065000000,objid:2,type:0,xpos:0.000000,ypos:0.000000,xspeed:9.940000,yspeed:-0.370000,angle:-1.210000,distense:37.000000,rcs:41.000000
timestame:1622082522.065000000,objid:3,type:0,xpos:0.000000,ypos:0.000000,xspeed:-1.800000,yspeed:7.540000,angle:13.250000,distense:66.000000,rcs:17.000000
timestame:1622082522.065000000,objid:9,type:0,xpos:0.000000,ypos:0.000000,xspeed:-2.080000,yspeed:-0.450000,angle:-1.500000,distense:219.400000,rcs:11.000000
