timestame:1622082524.066000000,objid:2,type:0,xpos:0.000000,ypos:0.000000,xspeed:10.280000,yspeed:0.060000,angle:-0.350000,distense:58.400000,rcs:22.000000
timestame:1622082524.066000000,objid:9,type:0,xpos:0.000000,ypos:0.000000,xspeed:-5.020000,yspeed:-1.070000,angle:-2.180000,distense:209.600000,rcs:9.000000
