timestame:1622082529.316000000,objid:2,type:0,xpos:0.000000,ypos:0.000000,xspeed:13.010000,yspeed:0.040000,angle:-0.060000,distense:125.000000,rcs:25.000000
timestame:1622082529.316000000,objid:9,type:0,xpos:0.000000,ypos:0.000000,xspeed:-5.040000,yspeed:-0.130000,angle:-2.340000,distense:182.200000,rcs:10.000000
