timestame:1622082548.006000000,objid:0,type:0,xpos:0.000000,ypos:0.000000,xspeed:4.320000,yspeed:-5.260000,angle:-14.630000,distense:54.000000,rcs:14.000000
timestame:1622082548.006000000,objid:9,type:0,xpos:0.000000,ypos:0.000000,xspeed:-3.330000,yspeed:-0.150000,angle:-4.400000,distense:108.800000,rcs:20.000000
