timestame:1622082561.688000000,objid:0,type:0,xpos:0.000000,ypos:0.000000,xspeed:-10.160000,yspeed:-0.680000,angle:-2.420000,distense:163.400000,rcs:12.000000
timestame:1622082561.688000000,objid:3,type:0,xpos:0.000000,ypos:0.000000,xspeed:-20.480000,yspeed:-3.980000,angle:-1.610000,distense:173.800000,rcs:7.000000
