timestame:1622082567.689000000,objid:0,type:0,xpos:0.000000,ypos:0.000000,xspeed:-7.580000,yspeed:0.670000,angle:-1.820000,distense:116.800000,rcs:19.000000
timestame:1622082567.689000000,objid:2,type:0,xpos:0.000000,ypos:0.000000,xspeed:-7.950000,yspeed:0.360000,angle:-3.010000,distense:126.600000,rcs:15.000000
