timestame:1622082531.876000000,objid:2,type:0,xpos:0.000000,ypos:0.000000,xspeed:13.300000,yspeed:0.000000,angle:-0.030000,distense:159.600000,rcs:19.000000
timestame:1622082531.876000000,objid:9,type:0,xpos:0.000000,ypos:0.000000,xspeed:-5.160000,yspeed:0.110000,angle:-2.280000,distense:169.000000,rcs:12.000000
