timestame:1622082545.317000000,objid:0,type:0,xpos:0.000000,ypos:0.000000,xspeed:7.390000,yspeed:-1.540000,angle:-4.360000,distense:37.400000,rcs:32.000000
timestame:1622082545.317000000,objid:9,type:0,xpos:0.000000,ypos:0.000000,xspeed:-3.520000,yspeed:0.070000,angle:-3.700000,distense:118.000000,rcs:22.000000
