timestame:1622082604.049000000,objid:0,type:0,xpos:0.000000,ypos:0.000000,xspeed:5.160000,yspeed:0.400000,angle:4.620000,distense:33.000000,rcs:32.000000
timestame:1622082604.049000000,objid:1,type:0,xpos:0.000000,ypos:0.000000,xspeed:4.830000,yspeed:-0.070000,angle:0.460000,distense:151.000000,rcs:28.000000
