timestame:1622082604.736000000,objid:0,type:0,xpos:0.000000,ypos:0.000000,xspeed:4.970000,yspeed:0.630000,angle:5.110000,distense:36.200000,rcs:30.000000
timestame:1622082604.736000000,objid:1,type:0,xpos:0.000000,ypos:0.000000,xspeed:4.900000,yspeed:-0.050000,angle:0.450000,distense:154.400000,rcs:21.000000
timestame:1622082604.736000000,objid:2,type:0,xpos:0.000000,ypos:0.000000,xspeed:1.460000,yspeed:-3.370000,angle:0.360000,distense:158.400000,rcs:24.000000
