timestame:1622082549.252000000,objid:0,type:0,xpos:0.000000,ypos:0.000000,xspeed:3.780000,yspeed:-5.970000,angle:-18.000000,distense:60.600000,rcs:13.000000
timestame:1622082549.252000000,objid:9,type:0,xpos:0.000000,ypos:0.000000,xspeed:-3.010000,yspeed:0.160000,angle:-4.150000,distense:105.400000,rcs:14.000000
