timestame:1622082568.504000000,objid:0,type:0,xpos:0.000000,ypos:0.000000,xspeed:-7.500000,yspeed:0.640000,angle:-1.700000,distense:111.000000,rcs:19.000000
timestame:1622082568.504000000,objid:2,type:0,xpos:0.000000,ypos:0.000000,xspeed:-7.590000,yspeed:0.420000,angle:-2.980000,distense:121.000000,rcs:10.000000
timestame:1622082568.504000000,objid:3,type:0,xpos:0.000000,ypos:0.000000,xspeed:3.760000,yspeed:0.050000,angle:-3.720000,distense:19.000000,rcs:41.000000
