timestame:1622082556.876000000,objid:0,type:0,xpos:0.000000,ypos:0.000000,xspeed:23.430000,yspeed:-3.660000,angle:-1.550000,distense:115.600000,rcs:20.000000
timestame:1622082556.876000000,objid:2,type:0,xpos:0.000000,ypos:0.000000,xspeed:-11.780000,yspeed:-3.710000,angle:-1.230000,distense:212.400000,rcs:6.000000
