timestame:1622082534.946000000,objid:2,type:0,xpos:0.000000,ypos:0.000000,xspeed:14.220000,yspeed:0.180000,angle:0.130000,distense:203.400000,rcs:13.000000
timestame:1622082534.946000000,objid:9,type:0,xpos:0.000000,ypos:0.000000,xspeed:-4.540000,yspeed:-0.110000,angle:-2.720000,distense:155.600000,rcs:17.000000
