timestame:1622082512.498000000,objid:0,type:0,xpos:0.000000,ypos:0.000000,xspeed:-2.860000,yspeed:0.060000,angle:-3.250000,distense:77.200000,rcs:14.000000
timestame:1622082512.498000000,objid:1,type:0,xpos:0.000000,ypos:0.000000,xspeed:-7.060000,yspeed:0.190000,angle:-3.430000,distense:123.400000,rcs:13.000000
