timestame:1622082599.040000000,objid:0,type:0,xpos:0.000000,ypos:0.000000,xspeed:4.810000,yspeed:-0.900000,angle:0.330000,distense:134.800000,rcs:10.000000
timestame:1622082599.040000000,objid:1,type:0,xpos:0.000000,ypos:0.000000,xspeed:2.880000,yspeed:0.340000,angle:0.840000,distense:127.400000,rcs:22.000000
