timestame:1622082557.061000000,objid:0,type:0,xpos:0.000000,ypos:0.000000,xspeed:23.430000,yspeed:-3.660000,angle:-1.810000,distense:119.800000,rcs:20.000000
timestame:1622082557.061000000,objid:2,type:0,xpos:0.000000,ypos:0.000000,xspeed:-11.050000,yspeed:-6.720000,angle:-1.690000,distense:210.400000,rcs:8.000000
