timestame:1622082458.308000000,objid:0,type:0,xpos:0.000000,ypos:0.000000,xspeed:9.780000,yspeed:-0.010000,angle:-1.270000,distense:62.200000,rcs:30.000000
timestame:1622082458.308000000,objid:1,type:0,xpos:0.000000,ypos:0.000000,xspeed:-4.660000,yspeed:-0.220000,angle:-5.360000,distense:58.000000,rcs:22.000000
