timestame:1622082530.812000000,objid:2,type:0,xpos:0.000000,ypos:0.000000,xspeed:13.200000,yspeed:0.050000,angle:0.000000,distense:145.000000,rcs:23.000000
timestame:1622082530.812000000,objid:9,type:0,xpos:0.000000,ypos:0.000000,xspeed:-5.040000,yspeed:0.000000,angle:-2.310000,distense:174.800000,rcs:15.000000
