timestame:1622082535.381000000,objid:2,type:0,xpos:0.000000,ypos:0.000000,xspeed:14.270000,yspeed:0.190000,angle:0.160000,distense:209.400000,rcs:13.000000
timestame:1622082535.381000000,objid:9,type:0,xpos:0.000000,ypos:0.000000,xspeed:-4.570000,yspeed:-0.130000,angle:-2.800000,distense:153.600000,rcs:20.000000
