timestame:1622082512.051000000,objid:0,type:0,xpos:0.000000,ypos:0.000000,xspeed:-3.110000,yspeed:0.040000,angle:-3.250000,distense:78.000000,rcs:20.000000
timestame:1622082512.051000000,objid:1,type:0,xpos:0.000000,ypos:0.000000,xspeed:-6.120000,yspeed:-2.870000,angle:-3.790000,distense:127.000000,rcs:6.000000
