timestame:1622082603.361000000,objid:0,type:0,xpos:0.000000,ypos:0.000000,xspeed:5.450000,yspeed:0.340000,angle:4.560000,distense:29.800000,rcs:37.000000
timestame:1622082603.361000000,objid:1,type:0,xpos:0.000000,ypos:0.000000,xspeed:4.600000,yspeed:-0.020000,angle:0.530000,distense:147.400000,rcs:32.000000
timestame:1622082603.361000000,objid:2,type:0,xpos:0.000000,ypos:0.000000,xspeed:4.820000,yspeed:3.390000,angle:1.070000,distense:152.200000,rcs:23.000000
