timestame:1622082461.129000000,objid:0,type:0,xpos:0.000000,ypos:0.000000,xspeed:14.040000,yspeed:-0.050000,angle:-0.820000,distense:104.000000,rcs:19.000000
timestame:1622082461.129000000,objid:1,type:0,xpos:0.000000,ypos:0.000000,xspeed:-6.140000,yspeed:-0.070000,angle:-7.960000,distense:39.800000,rcs:29.000000
