timestame:1622082567.627000000,objid:0,type:0,xpos:0.000000,ypos:0.000000,xspeed:-7.610000,yspeed:0.630000,angle:-1.880000,distense:117.200000,rcs:17.000000
timestame:1622082567.627000000,objid:2,type:0,xpos:0.000000,ypos:0.000000,xspeed:-7.680000,yspeed:0.680000,angle:-2.900000,distense:127.200000,rcs:12.000000
