timestame:1622082521.812000000,objid:0,type:0,xpos:0.000000,ypos:0.000000,xspeed:-6.090000,yspeed:-0.170000,angle:-7.310000,distense:43.000000,rcs:31.000000
timestame:1622082521.812000000,objid:2,type:0,xpos:0.000000,ypos:0.000000,xspeed:9.910000,yspeed:0.040000,angle:-0.430000,distense:34.600000,rcs:40.000000
timestame:1622082521.812000000,objid:3,type:0,xpos:0.000000,ypos:0.000000,xspeed:-2.260000,yspeed:8.990000,angle:12.100000,distense:65.800000,rcs:15.000000
