timestame:1622082605.049000000,objid:1,type:0,xpos:0.000000,ypos:0.000000,xspeed:4.950000,yspeed:-0.100000,angle:0.380000,distense:156.200000,rcs:21.000000
timestame:1622082605.049000000,objid:2,type:0,xpos:0.000000,ypos:0.000000,xspeed:5.650000,yspeed:0.900000,angle:0.700000,distense:161.200000,rcs:21.000000
