timestame:1622082573.129000000,objid:0,type:0,xpos:0.000000,ypos:0.000000,xspeed:-6.090000,yspeed:-0.100000,angle:-2.260000,distense:81.800000,rcs:20.000000
timestame:1622082573.129000000,objid:4,type:0,xpos:0.000000,ypos:0.000000,xspeed:-7.890000,yspeed:0.580000,angle:-1.200000,distense:93.400000,rcs:19.000000
