timestame:1622082535.505000000,objid:2,type:0,xpos:0.000000,ypos:0.000000,xspeed:14.280000,yspeed:0.200000,angle:0.170000,distense:211.200000,rcs:14.000000
timestame:1622082535.505000000,objid:9,type:0,xpos:0.000000,ypos:0.000000,xspeed:-4.560000,yspeed:-0.130000,angle:-2.820000,distense:153.000000,rcs:15.000000
