timestame:1622082605.860000000,objid:1,type:0,xpos:0.000000,ypos:0.000000,xspeed:5.150000,yspeed:-0.020000,angle:0.430000,distense:160.600000,rcs:39.000000
timestame:1622082605.860000000,objid:2,type:0,xpos:0.000000,ypos:0.000000,xspeed:5.210000,yspeed:0.700000,angle:0.830000,distense:165.000000,rcs:25.000000
