timestame:1622082571.250000000,objid:0,type:0,xpos:0.000000,ypos:0.000000,xspeed:-6.790000,yspeed:0.300000,angle:-1.640000,distense:92.600000,rcs:25.000000
timestame:1622082571.250000000,objid:4,type:0,xpos:0.000000,ypos:0.000000,xspeed:-5.940000,yspeed:-2.290000,angle:-2.160000,distense:109.200000,rcs:16.000000
