timestame:1622082458.500000000,objid:0,type:0,xpos:0.000000,ypos:0.000000,xspeed:9.980000,yspeed:-0.020000,angle:-1.250000,distense:64.400000,rcs:21.000000
timestame:1622082458.500000000,objid:1,type:0,xpos:0.000000,ypos:0.000000,xspeed:-4.810000,yspeed:-0.250000,angle:-5.570000,distense:57.000000,rcs:24.000000
