timestame:1622082591.989000000,objid:1,type:0,xpos:0.000000,ypos:0.000000,xspeed:1.620000,yspeed:0.220000,angle:-1.990000,distense:111.600000,rcs:18.000000
timestame:1622082591.989000000,objid:2,type:0,xpos:0.000000,ypos:0.000000,xspeed:16.720000,yspeed:-0.040000,angle:-0.320000,distense:215.200000,rcs:0.000000
