timestame:1622082598.728000000,objid:0,type:0,xpos:0.000000,ypos:0.000000,xspeed:4.810000,yspeed:-0.900000,angle:0.450000,distense:133.200000,rcs:10.000000
timestame:1622082598.728000000,objid:1,type:0,xpos:0.000000,ypos:0.000000,xspeed:2.660000,yspeed:0.520000,angle:0.980000,distense:126.200000,rcs:27.000000
