timestame:1622082568.818000000,objid:0,type:0,xpos:0.000000,ypos:0.000000,xspeed:-7.430000,yspeed:0.550000,angle:-1.730000,distense:108.600000,rcs:22.000000
timestame:1622082568.818000000,objid:2,type:0,xpos:0.000000,ypos:0.000000,xspeed:-7.230000,yspeed:0.200000,angle:-3.130000,distense:118.800000,rcs:12.000000
timestame:1622082568.818000000,objid:3,type:0,xpos:0.000000,ypos:0.000000,xspeed:4.030000,yspeed:-0.070000,angle:-3.640000,distense:20.600000,rcs:42.000000
