timestame:1622082531.369000000,objid:2,type:0,xpos:0.000000,ypos:0.000000,xspeed:13.290000,yspeed:0.000000,angle:-0.030000,distense:152.400000,rcs:25.000000
timestame:1622082531.369000000,objid:9,type:0,xpos:0.000000,ypos:0.000000,xspeed:-5.190000,yspeed:-0.020000,angle:-2.370000,distense:171.800000,rcs:16.000000
