timestame:1622082461.195000000,objid:0,type:0,xpos:0.000000,ypos:0.000000,xspeed:14.040000,yspeed:-0.050000,angle:-0.810000,distense:104.800000,rcs:19.000000
timestame:1622082461.195000000,objid:1,type:0,xpos:0.000000,ypos:0.000000,xspeed:-6.140000,yspeed:-0.070000,angle:-8.040000,distense:39.400000,rcs:29.000000
