timestame:1622082572.567000000,objid:0,type:0,xpos:0.000000,ypos:0.000000,xspeed:-6.200000,yspeed:0.090000,angle:-1.900000,distense:85.200000,rcs:26.000000
timestame:1622082572.567000000,objid:4,type:0,xpos:0.000000,ypos:0.000000,xspeed:-8.430000,yspeed:0.830000,angle:-1.160000,distense:97.400000,rcs:15.000000
