timestame:1622082523.557000000,objid:2,type:0,xpos:0.000000,ypos:0.000000,xspeed:10.250000,yspeed:-0.050000,angle:-0.570000,distense:52.800000,rcs:29.000000
timestame:1622082523.557000000,objid:9,type:0,xpos:0.000000,ypos:0.000000,xspeed:-4.400000,yspeed:-0.980000,angle:-1.960000,distense:212.800000,rcs:10.000000
