timestame:1622082459.439000000,objid:0,type:0,xpos:0.000000,ypos:0.000000,xspeed:11.420000,yspeed:0.000000,angle:-1.010000,distense:77.400000,rcs:28.000000
timestame:1622082459.439000000,objid:1,type:0,xpos:0.000000,ypos:0.000000,xspeed:-5.590000,yspeed:-0.070000,angle:-6.070000,distense:50.400000,rcs:23.000000
