timestame:1622082545.379000000,objid:0,type:0,xpos:0.000000,ypos:0.000000,xspeed:7.390000,yspeed:-1.540000,angle:-4.440000,distense:37.800000,rcs:32.000000
timestame:1622082545.379000000,objid:9,type:0,xpos:0.000000,ypos:0.000000,xspeed:-3.570000,yspeed:0.080000,angle:-3.690000,distense:117.600000,rcs:22.000000
