timestame:1622082603.733000000,objid:0,type:0,xpos:0.000000,ypos:0.000000,xspeed:4.950000,yspeed:0.360000,angle:4.600000,distense:31.400000,rcs:36.000000
timestame:1622082603.733000000,objid:1,type:0,xpos:0.000000,ypos:0.000000,xspeed:4.720000,yspeed:-0.050000,angle:0.480000,distense:149.400000,rcs:22.000000
