timestame:1622082604.551000000,objid:0,type:0,xpos:0.000000,ypos:0.000000,xspeed:4.970000,yspeed:0.630000,angle:5.060000,distense:35.400000,rcs:30.000000
timestame:1622082604.551000000,objid:1,type:0,xpos:0.000000,ypos:0.000000,xspeed:4.900000,yspeed:-0.050000,angle:0.450000,distense:153.600000,rcs:21.000000
timestame:1622082604.551000000,objid:2,type:0,xpos:0.000000,ypos:0.000000,xspeed:5.240000,yspeed:0.000000,angle:0.620000,distense:158.600000,rcs:25.000000
