timestame:1622082558.875000000,objid:0,type:0,xpos:0.000000,ypos:0.000000,xspeed:-6.020000,yspeed:-2.860000,angle:-1.800000,distense:193.800000,rcs:6.000000
timestame:1622082558.875000000,objid:2,type:0,xpos:0.000000,ypos:0.000000,xspeed:-10.480000,yspeed:-3.500000,angle:-3.570000,distense:191.600000,rcs:8.000000
