timestame:1622082597.047000000,objid:0,type:0,xpos:0.000000,ypos:0.000000,xspeed:4.640000,yspeed:1.210000,angle:1.380000,distense:124.200000,rcs:17.000000
timestame:1622082597.047000000,objid:1,type:0,xpos:0.000000,ypos:0.000000,xspeed:1.670000,yspeed:1.010000,angle:0.980000,distense:120.800000,rcs:21.000000
