timestame:1622082605.488000000,objid:1,type:0,xpos:0.000000,ypos:0.000000,xspeed:5.040000,yspeed:-0.070000,angle:0.390000,distense:158.600000,rcs:22.000000
timestame:1622082605.488000000,objid:2,type:0,xpos:0.000000,ypos:0.000000,xspeed:5.380000,yspeed:0.460000,angle:0.690000,distense:163.200000,rcs:26.000000
