timestame:1622082532.937000000,objid:2,type:0,xpos:0.000000,ypos:0.000000,xspeed:13.490000,yspeed:-0.050000,angle:-0.090000,distense:173.600000,rcs:16.000000
timestame:1622082532.937000000,objid:9,type:0,xpos:0.000000,ypos:0.000000,xspeed:-4.940000,yspeed:0.120000,angle:-2.330000,distense:164.400000,rcs:9.000000
