timestame:1622082581.247000000,objid:1,type:0,xpos:0.000000,ypos:0.000000,xspeed:-4.010000,yspeed:-2.880000,angle:-18.000000,distense:60.200000,rcs:35.000000
timestame:1622082581.247000000,objid:2,type:0,xpos:0.000000,ypos:0.000000,xspeed:7.630000,yspeed:0.170000,angle:-0.620000,distense:62.200000,rcs:25.000000
timestame:1622082581.247000000,objid:7,type:0,xpos:0.000000,ypos:0.000000,xspeed:1.470000,yspeed:-0.560000,angle:-18.000000,distense:64.200000,rcs:25.000000
