timestame:1622082528.621000000,objid:2,type:0,xpos:0.000000,ypos:0.000000,xspeed:12.810000,yspeed:0.030000,angle:-0.090000,distense:115.200000,rcs:29.000000
timestame:1622082528.621000000,objid:9,type:0,xpos:0.000000,ypos:0.000000,xspeed:-5.320000,yspeed:-0.240000,angle:-2.360000,distense:185.400000,rcs:18.000000
