timestame:1622082520.241000000,objid:0,type:0,xpos:0.000000,ypos:0.000000,xspeed:-5.610000,yspeed:-0.150000,angle:-5.570000,distense:53.200000,rcs:19.000000
timestame:1622082520.241000000,objid:1,type:0,xpos:0.000000,ypos:0.000000,xspeed:-3.900000,yspeed:6.680000,angle:4.030000,distense:68.600000,rcs:15.000000
timestame:1622082520.241000000,objid:2,type:0,xpos:0.000000,ypos:0.000000,xspeed:9.510000,yspeed:0.450000,angle:-0.620000,distense:19.200000,rcs:45.000000
