timestame:1622082557.189000000,objid:0,type:0,xpos:0.000000,ypos:0.000000,xspeed:23.430000,yspeed:-3.660000,angle:-1.970000,distense:122.800000,rcs:20.000000
timestame:1622082557.189000000,objid:2,type:0,xpos:0.000000,ypos:0.000000,xspeed:-11.600000,yspeed:-4.180000,angle:-1.610000,distense:209.000000,rcs:10.000000
