timestame:1622082564.191000000,objid:0,type:0,xpos:0.000000,ypos:0.000000,xspeed:-8.540000,yspeed:-0.190000,angle:-2.690000,distense:143.000000,rcs:25.000000
timestame:1622082564.191000000,objid:2,type:0,xpos:0.000000,ypos:0.000000,xspeed:-7.040000,yspeed:-0.540000,angle:-2.100000,distense:158.200000,rcs:8.000000
timestame:1622082564.191000000,objid:3,type:0,xpos:0.000000,ypos:0.000000,xspeed:-6.640000,yspeed:-0.330000,angle:-2.880000,distense:152.200000,rcs:9.000000
