timestame:1622082534.249000000,objid:2,type:0,xpos:0.000000,ypos:0.000000,xspeed:13.980000,yspeed:0.040000,angle:0.010000,distense:192.800000,rcs:21.000000
timestame:1622082534.249000000,objid:9,type:0,xpos:0.000000,ypos:0.000000,xspeed:-4.810000,yspeed:-0.170000,angle:-2.710000,distense:158.400000,rcs:15.000000
