timestame:1622082549.190000000,objid:0,type:0,xpos:0.000000,ypos:0.000000,xspeed:3.850000,yspeed:-6.010000,angle:-18.000000,distense:60.400000,rcs:18.000000
timestame:1622082549.190000000,objid:9,type:0,xpos:0.000000,ypos:0.000000,xspeed:-3.040000,yspeed:0.170000,angle:-4.140000,distense:105.600000,rcs:12.000000
