timestame:1622082503.361000000,objid:0,type:0,xpos:0.000000,ypos:0.000000,xspeed:-2.000000,yspeed:-3.130000,angle:2.780000,distense:47.600000,rcs:15.000000
timestame:1622082503.361000000,objid:1,type:0,xpos:0.000000,ypos:0.000000,xspeed:-3.680000,yspeed:0.400000,angle:-2.470000,distense:115.000000,rcs:15.000000
