timestame:1622082533.439000000,objid:2,type:0,xpos:0.000000,ypos:0.000000,xspeed:13.700000,yspeed:-0.030000,angle:-0.070000,distense:181.400000,rcs:16.000000
timestame:1622082533.439000000,objid:9,type:0,xpos:0.000000,ypos:0.000000,xspeed:-4.610000,yspeed:0.070000,angle:-2.380000,distense:162.400000,rcs:17.000000
