timestame:1622082467.563000000,objid:0,type:0,xpos:0.000000,ypos:0.000000,xspeed:19.900000,yspeed:-0.060000,angle:-0.430000,distense:228.800000,rcs:1.000000
timestame:1622082467.563000000,objid:1,type:0,xpos:0.000000,ypos:0.000000,xspeed:17.970000,yspeed:0.120000,angle:-1.640000,distense:40.800000,rcs:40.000000
