timestame:1622082597.797000000,objid:0,type:0,xpos:0.000000,ypos:0.000000,xspeed:6.750000,yspeed:-1.910000,angle:0.730000,distense:129.400000,rcs:28.000000
timestame:1622082597.797000000,objid:1,type:0,xpos:0.000000,ypos:0.000000,xspeed:2.030000,yspeed:0.810000,angle:1.060000,distense:122.800000,rcs:40.000000
