timestame:1622082575.256000000,objid:0,type:0,xpos:0.000000,ypos:0.000000,xspeed:-6.490000,yspeed:-1.240000,angle:-5.990000,distense:68.000000,rcs:23.000000
timestame:1622082575.256000000,objid:1,type:0,xpos:0.000000,ypos:0.000000,xspeed:-8.100000,yspeed:1.610000,angle:-3.090000,distense:82.800000,rcs:22.000000
timestame:1622082575.256000000,objid:2,type:0,xpos:0.000000,ypos:0.000000,xspeed:1.250000,yspeed:-1.050000,angle:-3.270000,distense:26.800000,rcs:34.000000
timestame:1622082575.256000000,objid:4,type:0,xpos:0.000000,ypos:0.000000,xspeed:-7.640000,yspeed:-0.240000,angle:-2.400000,distense:77.800000,rcs:23.000000
