timestame:1622082581.309000000,objid:1,type:0,xpos:0.000000,ypos:0.000000,xspeed:-3.980000,yspeed:-2.970000,angle:-18.000000,distense:60.000000,rcs:32.000000
timestame:1622082581.309000000,objid:2,type:0,xpos:0.000000,ypos:0.000000,xspeed:7.700000,yspeed:0.160000,angle:-0.620000,distense:62.800000,rcs:34.000000
timestame:1622082581.309000000,objid:7,type:0,xpos:0.000000,ypos:0.000000,xspeed:1.470000,yspeed:-0.560000,angle:-18.000000,distense:64.200000,rcs:25.000000
