timestame:1622082455.495000000,objid:0,type:0,xpos:0.000000,ypos:0.000000,xspeed:6.350000,yspeed:-0.100000,angle:-2.000000,distense:34.200000,rcs:34.000000
timestame:1622082455.495000000,objid:1,type:0,xpos:0.000000,ypos:0.000000,xspeed:-1.850000,yspeed:-0.240000,angle:-4.050000,distense:72.200000,rcs:19.000000
