timestame:1622082457.741000000,objid:0,type:0,xpos:0.000000,ypos:0.000000,xspeed:9.110000,yspeed:-0.130000,angle:-1.580000,distense:55.800000,rcs:25.000000
timestame:1622082457.741000000,objid:1,type:0,xpos:0.000000,ypos:0.000000,xspeed:-4.190000,yspeed:-0.190000,angle:-4.920000,distense:61.400000,rcs:20.000000
