timestame:1622082509.853000000,objid:0,type:0,xpos:0.000000,ypos:0.000000,xspeed:-4.150000,yspeed:-0.220000,angle:-3.330000,distense:84.200000,rcs:14.000000
timestame:1622082509.853000000,objid:1,type:0,xpos:0.000000,ypos:0.000000,xspeed:-9.040000,yspeed:0.000000,angle:-2.250000,distense:146.400000,rcs:9.000000
