timestame:1622082567.939000000,objid:0,type:0,xpos:0.000000,ypos:0.000000,xspeed:-7.600000,yspeed:0.640000,angle:-1.800000,distense:115.000000,rcs:22.000000
timestame:1622082567.939000000,objid:2,type:0,xpos:0.000000,ypos:0.000000,xspeed:-7.670000,yspeed:0.450000,angle:-2.970000,distense:125.000000,rcs:10.000000
timestame:1622082567.939000000,objid:3,type:0,xpos:0.000000,ypos:0.000000,xspeed:4.950000,yspeed:0.000000,angle:-4.160000,distense:17.000000,rcs:37.000000
