timestame:1622082561.874000000,objid:0,type:0,xpos:0.000000,ypos:0.000000,xspeed:-10.030000,yspeed:-0.550000,angle:-2.380000,distense:161.800000,rcs:8.000000
timestame:1622082561.874000000,objid:3,type:0,xpos:0.000000,ypos:0.000000,xspeed:-20.480000,yspeed:-3.980000,angle:-1.890000,distense:170.000000,rcs:7.000000
