timestame:1622082521.936000000,objid:0,type:0,xpos:0.000000,ypos:0.000000,xspeed:-6.090000,yspeed:-0.170000,angle:-7.460000,distense:42.400000,rcs:31.000000
timestame:1622082521.936000000,objid:2,type:0,xpos:0.000000,ypos:0.000000,xspeed:9.910000,yspeed:-0.360000,angle:-1.190000,distense:35.800000,rcs:32.000000
timestame:1622082521.936000000,objid:3,type:0,xpos:0.000000,ypos:0.000000,xspeed:-1.800000,yspeed:7.540000,angle:12.450000,distense:66.000000,rcs:17.000000
