timestame:1622082549.379000000,objid:0,type:0,xpos:0.000000,ypos:0.000000,xspeed:3.780000,yspeed:-5.970000,angle:-18.000000,distense:61.200000,rcs:13.000000
timestame:1622082549.379000000,objid:9,type:0,xpos:0.000000,ypos:0.000000,xspeed:-3.010000,yspeed:0.210000,angle:-4.090000,distense:105.200000,rcs:16.000000
