timestame:1622082573.877000000,objid:0,type:0,xpos:0.000000,ypos:0.000000,xspeed:-6.210000,yspeed:-0.490000,angle:-3.150000,distense:77.200000,rcs:20.000000
timestame:1622082573.877000000,objid:4,type:0,xpos:0.000000,ypos:0.000000,xspeed:-7.520000,yspeed:0.260000,angle:-1.430000,distense:88.400000,rcs:17.000000
