timestame:1622082579.805000000,objid:1,type:0,xpos:0.000000,ypos:0.000000,xspeed:-4.340000,yspeed:-2.030000,angle:-12.390000,distense:64.000000,rcs:20.000000
timestame:1622082579.805000000,objid:2,type:0,xpos:0.000000,ypos:0.000000,xspeed:5.700000,yspeed:0.060000,angle:-1.080000,distense:49.000000,rcs:33.000000
timestame:1622082579.805000000,objid:4,type:0,xpos:0.000000,ypos:0.000000,xspeed:-4.050000,yspeed:-5.430000,angle:-18.000000,distense:48.200000,rcs:14.000000
timestame:1622082579.805000000,objid:5,type:0,xpos:0.000000,ypos:0.000000,xspeed:-3.510000,yspeed:-2.900000,angle:-17.140000,distense:61.200000,rcs:30.000000
