timestame:1622082459.187000000,objid:0,type:0,xpos:0.000000,ypos:0.000000,xspeed:11.060000,yspeed:0.010000,angle:-1.050000,distense:74.000000,rcs:27.000000
timestame:1622082459.187000000,objid:1,type:0,xpos:0.000000,ypos:0.000000,xspeed:-5.380000,yspeed:-0.130000,angle:-5.950000,distense:52.200000,rcs:22.000000
