timestame:1622082604.178000000,objid:0,type:0,xpos:0.000000,ypos:0.000000,xspeed:5.020000,yspeed:0.530000,angle:4.810000,distense:33.600000,rcs:30.000000
timestame:1622082604.178000000,objid:1,type:0,xpos:0.000000,ypos:0.000000,xspeed:4.840000,yspeed:-0.060000,angle:0.460000,distense:151.600000,rcs:26.000000
