timestame:1622082602.985000000,objid:0,type:0,xpos:0.000000,ypos:0.000000,xspeed:6.230000,yspeed:0.650000,angle:4.740000,distense:27.800000,rcs:40.000000
timestame:1622082602.985000000,objid:1,type:0,xpos:0.000000,ypos:0.000000,xspeed:4.420000,yspeed:0.000000,angle:0.560000,distense:145.200000,rcs:29.000000
timestame:1622082602.985000000,objid:2,type:0,xpos:0.000000,ypos:0.000000,xspeed:1.440000,yspeed:1.230000,angle:0.470000,distense:149.600000,rcs:27.000000
