timestame:1622082459.569000000,objid:0,type:0,xpos:0.000000,ypos:0.000000,xspeed:11.610000,yspeed:-0.010000,angle:-1.010000,distense:79.200000,rcs:24.000000
timestame:1622082459.569000000,objid:1,type:0,xpos:0.000000,ypos:0.000000,xspeed:-5.670000,yspeed:-0.140000,angle:-6.320000,distense:49.600000,rcs:13.000000
