timestame:1622082557.381000000,objid:2,type:0,xpos:0.000000,ypos:0.000000,xspeed:-11.440000,yspeed:-5.380000,angle:-2.040000,distense:207.000000,rcs:8.000000
timestame:1622082557.381000000,objid:3,type:0,xpos:0.000000,ypos:0.000000,xspeed:1.910000,yspeed:2.530000,angle:-1.600000,distense:109.800000,rcs:22.000000
