timestame:1622082525.753000000,objid:2,type:0,xpos:0.000000,ypos:0.000000,xspeed:11.310000,yspeed:0.040000,angle:-0.250000,distense:78.600000,rcs:41.000000
timestame:1622082525.753000000,objid:9,type:0,xpos:0.000000,ypos:0.000000,xspeed:-5.300000,yspeed:-0.200000,angle:-1.960000,distense:200.200000,rcs:12.000000
