timestame:1622082549.128000000,objid:0,type:0,xpos:0.000000,ypos:0.000000,xspeed:3.850000,yspeed:-6.010000,angle:-18.000000,distense:60.000000,rcs:18.000000
timestame:1622082549.128000000,objid:9,type:0,xpos:0.000000,ypos:0.000000,xspeed:-3.010000,yspeed:0.140000,angle:-4.180000,distense:105.800000,rcs:13.000000
