timestame:1622082588.869000000,objid:0,type:0,xpos:0.000000,ypos:0.000000,xspeed:-3.630000,yspeed:2.510000,angle:-4.270000,distense:109.400000,rcs:16.000000
timestame:1622082588.869000000,objid:2,type:0,xpos:0.000000,ypos:0.000000,xspeed:14.480000,yspeed:-0.010000,angle:-0.400000,distense:161.800000,rcs:14.000000
