timestame:1622082592.427000000,objid:1,type:0,xpos:0.000000,ypos:0.000000,xspeed:2.290000,yspeed:1.550000,angle:-1.250000,distense:113.000000,rcs:17.000000
timestame:1622082592.427000000,objid:2,type:0,xpos:0.000000,ypos:0.000000,xspeed:16.920000,yspeed:-0.010000,angle:-0.280000,distense:222.600000,rcs:4.000000
