timestame:1622082589.369000000,objid:0,type:0,xpos:0.000000,ypos:0.000000,xspeed:-1.190000,yspeed:1.440000,angle:-4.110000,distense:110.000000,rcs:13.000000
timestame:1622082589.369000000,objid:2,type:0,xpos:0.000000,ypos:0.000000,xspeed:14.790000,yspeed:0.030000,angle:-0.350000,distense:169.400000,rcs:16.000000
