timestame:1622082569.699000000,objid:0,type:0,xpos:0.000000,ypos:0.000000,xspeed:-7.230000,yspeed:0.550000,angle:-1.550000,distense:102.800000,rcs:28.000000
timestame:1622082569.699000000,objid:2,type:0,xpos:0.000000,ypos:0.000000,xspeed:-7.270000,yspeed:0.420000,angle:-3.000000,distense:112.600000,rcs:17.000000
timestame:1622082569.699000000,objid:3,type:0,xpos:0.000000,ypos:0.000000,xspeed:3.650000,yspeed:0.100000,angle:-2.780000,distense:23.400000,rcs:42.000000
timestame:1622082569.699000000,objid:4,type:0,xpos:0.000000,ypos:0.000000,xspeed:-7.000000,yspeed:0.000000,angle:-1.930000,distense:119.000000,rcs:13.000000
