timestame:1622082522.250000000,objid:0,type:0,xpos:0.000000,ypos:0.000000,xspeed:-18.360000,yspeed:0.000000,angle:16.120000,distense:63.200000,rcs:17.000000
timestame:1622082522.250000000,objid:2,type:0,xpos:0.000000,ypos:0.000000,xspeed:10.010000,yspeed:-0.260000,angle:-1.020000,distense:39.000000,rcs:34.000000
timestame:1622082522.250000000,objid:3,type:0,xpos:0.000000,ypos:0.000000,xspeed:-1.800000,yspeed:7.540000,angle:14.460000,distense:66.000000,rcs:17.000000
timestame:1622082522.250000000,objid:9,type:0,xpos:0.000000,ypos:0.000000,xspeed:-4.970000,yspeed:-1.810000,angle:-1.630000,distense:218.000000,rcs:7.000000
