timestame:1622082569.129000000,objid:0,type:0,xpos:0.000000,ypos:0.000000,xspeed:-7.400000,yspeed:0.560000,angle:-1.670000,distense:106.400000,rcs:24.000000
timestame:1622082569.129000000,objid:2,type:0,xpos:0.000000,ypos:0.000000,xspeed:-7.230000,yspeed:0.260000,angle:-3.110000,distense:116.600000,rcs:14.000000
timestame:1622082569.129000000,objid:3,type:0,xpos:0.000000,ypos:0.000000,xspeed:3.970000,yspeed:-0.050000,angle:-3.450000,distense:21.800000,rcs:36.000000
