timestame:1622082604.923000000,objid:1,type:0,xpos:0.000000,ypos:0.000000,xspeed:4.950000,yspeed:-0.100000,angle:0.390000,distense:155.600000,rcs:21.000000
timestame:1622082604.923000000,objid:2,type:0,xpos:0.000000,ypos:0.000000,xspeed:4.650000,yspeed:0.710000,angle:0.640000,distense:160.200000,rcs:21.000000
