timestame:1622082533.753000000,objid:2,type:0,xpos:0.000000,ypos:0.000000,xspeed:13.790000,yspeed:0.050000,angle:0.000000,distense:185.600000,rcs:15.000000
timestame:1622082533.753000000,objid:9,type:0,xpos:0.000000,ypos:0.000000,xspeed:-4.750000,yspeed:-0.160000,angle:-2.640000,distense:160.800000,rcs:12.000000
