timestame:1622082552.006000000,objid:0,type:0,xpos:0.000000,ypos:0.000000,xspeed:1.370000,yspeed:1.690000,angle:-1.610000,distense:108.600000,rcs:17.000000
timestame:1622082552.006000000,objid:9,type:0,xpos:0.000000,ypos:0.000000,xspeed:-1.240000,yspeed:1.320000,angle:-1.680000,distense:102.400000,rcs:16.000000
