timestame:1622082563.757000000,objid:0,type:0,xpos:0.000000,ypos:0.000000,xspeed:-8.810000,yspeed:-0.450000,angle:-2.840000,distense:146.600000,rcs:14.000000
timestame:1622082563.757000000,objid:2,type:0,xpos:0.000000,ypos:0.000000,xspeed:-6.580000,yspeed:1.130000,angle:-1.690000,distense:161.800000,rcs:9.000000
timestame:1622082563.757000000,objid:3,type:0,xpos:0.000000,ypos:0.000000,xspeed:-8.320000,yspeed:-1.580000,angle:-3.130000,distense:154.400000,rcs:12.000000
