timestame:1622082511.618000000,objid:0,type:0,xpos:0.000000,ypos:0.000000,xspeed:-3.440000,yspeed:0.040000,angle:-3.220000,distense:78.800000,rcs:20.000000
timestame:1622082511.618000000,objid:1,type:0,xpos:0.000000,ypos:0.000000,xspeed:-10.660000,yspeed:-1.330000,angle:-3.170000,distense:128.800000,rcs:7.000000
