timestame:1622082467.626000000,objid:0,type:0,xpos:0.000000,ypos:0.000000,xspeed:19.900000,yspeed:-0.060000,angle:-0.430000,distense:230.000000,rcs:1.000000
timestame:1622082467.626000000,objid:1,type:0,xpos:0.000000,ypos:0.000000,xspeed:17.880000,yspeed:0.110000,angle:-1.590000,distense:41.800000,rcs:35.000000
