timestame:1622082563.633000000,objid:0,type:0,xpos:0.000000,ypos:0.000000,xspeed:-8.880000,yspeed:-0.480000,angle:-2.840000,distense:147.400000,rcs:12.000000
timestame:1622082563.633000000,objid:2,type:0,xpos:0.000000,ypos:0.000000,xspeed:-6.580000,yspeed:1.130000,angle:-1.730000,distense:162.600000,rcs:9.000000
timestame:1622082563.633000000,objid:3,type:0,xpos:0.000000,ypos:0.000000,xspeed:-9.250000,yspeed:-1.370000,angle:-2.990000,distense:154.800000,rcs:10.000000
