timestame:1622082577.060000000,objid:0,type:0,xpos:0.000000,ypos:0.000000,xspeed:-5.750000,yspeed:-2.260000,angle:-11.800000,distense:59.200000,rcs:24.000000
timestame:1622082577.060000000,objid:1,type:0,xpos:0.000000,ypos:0.000000,xspeed:-5.090000,yspeed:-1.610000,angle:-6.370000,distense:74.800000,rcs:24.000000
timestame:1622082577.060000000,objid:2,type:0,xpos:0.000000,ypos:0.000000,xspeed:2.670000,yspeed:0.130000,angle:-1.930000,distense:32.000000,rcs:39.000000
timestame:1622082577.060000000,objid:3,type:0,xpos:0.000000,ypos:0.000000,xspeed:-5.350000,yspeed:-2.630000,angle:-10.150000,distense:64.400000,rcs:24.000000
