timestame:1622082558.813000000,objid:0,type:0,xpos:0.000000,ypos:0.000000,xspeed:-8.130000,yspeed:-3.360000,angle:-1.830000,distense:193.200000,rcs:6.000000
timestame:1622082558.813000000,objid:2,type:0,xpos:0.000000,ypos:0.000000,xspeed:-10.480000,yspeed:-3.500000,angle:-3.490000,distense:192.200000,rcs:8.000000
