timestame:1622082455.309000000,objid:0,type:0,xpos:0.000000,ypos:0.000000,xspeed:6.200000,yspeed:-0.150000,angle:-2.110000,distense:33.000000,rcs:33.000000
timestame:1622082455.309000000,objid:1,type:0,xpos:0.000000,ypos:0.000000,xspeed:-1.770000,yspeed:-0.210000,angle:-3.970000,distense:72.600000,rcs:14.000000
