timestame:1622082544.875000000,objid:0,type:0,xpos:0.000000,ypos:0.000000,xspeed:7.270000,yspeed:-1.530000,angle:-3.680000,distense:34.200000,rcs:36.000000
timestame:1622082544.875000000,objid:9,type:0,xpos:0.000000,ypos:0.000000,xspeed:-3.570000,yspeed:-0.030000,angle:-3.770000,distense:119.400000,rcs:22.000000
