timestame:1622082522.127000000,objid:2,type:0,xpos:0.000000,ypos:0.000000,xspeed:9.970000,yspeed:-0.150000,angle:-0.810000,distense:37.800000,rcs:32.000000
timestame:1622082522.127000000,objid:3,type:0,xpos:0.000000,ypos:0.000000,xspeed:-1.800000,yspeed:7.540000,angle:13.660000,distense:66.000000,rcs:17.000000
timestame:1622082522.127000000,objid:9,type:0,xpos:0.000000,ypos:0.000000,xspeed:-6.980000,yspeed:-3.360000,angle:-1.630000,distense:218.200000,rcs:10.000000
