timestame:1622082526.373000000,objid:2,type:0,xpos:0.000000,ypos:0.000000,xspeed:11.510000,yspeed:0.070000,angle:-0.160000,distense:85.800000,rcs:39.000000
timestame:1622082526.373000000,objid:9,type:0,xpos:0.000000,ypos:0.000000,xspeed:-5.420000,yspeed:-0.120000,angle:-1.950000,distense:196.600000,rcs:17.000000
