timestame:1622082456.498000000,objid:0,type:0,xpos:0.000000,ypos:0.000000,xspeed:7.290000,yspeed:-0.150000,angle:-1.900000,distense:42.400000,rcs:35.000000
timestame:1622082456.498000000,objid:1,type:0,xpos:0.000000,ypos:0.000000,xspeed:-2.950000,yspeed:0.070000,angle:-3.990000,distense:68.000000,rcs:17.000000
