timestame:1622082557.879000000,objid:2,type:0,xpos:0.000000,ypos:0.000000,xspeed:-11.360000,yspeed:-3.300000,angle:-2.300000,distense:201.600000,rcs:10.000000
timestame:1622082557.879000000,objid:3,type:0,xpos:0.000000,ypos:0.000000,xspeed:1.910000,yspeed:2.530000,angle:-0.960000,distense:110.800000,rcs:22.000000
