timestame:1622082597.983000000,objid:0,type:0,xpos:0.000000,ypos:0.000000,xspeed:6.750000,yspeed:-1.910000,angle:0.570000,distense:130.600000,rcs:28.000000
timestame:1622082597.983000000,objid:1,type:0,xpos:0.000000,ypos:0.000000,xspeed:2.170000,yspeed:0.740000,angle:1.030000,distense:123.400000,rcs:34.000000
