timestame:1622082524.130000000,objid:2,type:0,xpos:0.000000,ypos:0.000000,xspeed:10.310000,yspeed:0.050000,angle:-0.350000,distense:59.000000,rcs:44.000000
timestame:1622082524.130000000,objid:9,type:0,xpos:0.000000,ypos:0.000000,xspeed:-5.180000,yspeed:-1.060000,angle:-2.210000,distense:209.000000,rcs:10.000000
