timestame:1622082461.822000000,objid:0,type:0,xpos:0.000000,ypos:0.000000,xspeed:14.860000,yspeed:-0.090000,angle:-0.800000,distense:116.000000,rcs:20.000000
timestame:1622082461.822000000,objid:1,type:0,xpos:0.000000,ypos:0.000000,xspeed:-6.270000,yspeed:-0.050000,angle:-9.030000,distense:35.200000,rcs:30.000000
