timestame:1622082576.309000000,objid:0,type:0,xpos:0.000000,ypos:0.000000,xspeed:-6.080000,yspeed:-1.790000,angle:-8.820000,distense:62.800000,rcs:16.000000
timestame:1622082576.309000000,objid:1,type:0,xpos:0.000000,ypos:0.000000,xspeed:-5.650000,yspeed:-1.250000,angle:-4.900000,distense:78.000000,rcs:23.000000
timestame:1622082576.309000000,objid:2,type:0,xpos:0.000000,ypos:0.000000,xspeed:2.120000,yspeed:0.080000,angle:-2.390000,distense:29.200000,rcs:39.000000
timestame:1622082576.309000000,objid:3,type:0,xpos:0.000000,ypos:0.000000,xspeed:-5.670000,yspeed:-2.780000,angle:-7.940000,distense:68.000000,rcs:27.000000
