timestame:1622082527.131000000,objid:2,type:0,xpos:0.000000,ypos:0.000000,xspeed:11.910000,yspeed:0.060000,angle:-0.120000,distense:95.000000,rcs:41.000000
timestame:1622082527.131000000,objid:9,type:0,xpos:0.000000,ypos:0.000000,xspeed:-5.190000,yspeed:-0.290000,angle:-2.190000,distense:193.400000,rcs:14.000000
