timestame:1622082530.060000000,objid:2,type:0,xpos:0.000000,ypos:0.000000,xspeed:13.220000,yspeed:0.040000,angle:-0.040000,distense:134.800000,rcs:27.000000
timestame:1622082530.060000000,objid:9,type:0,xpos:0.000000,ypos:0.000000,xspeed:-4.950000,yspeed:0.020000,angle:-2.260000,distense:178.800000,rcs:10.000000
