timestame:1622082548.692000000,objid:0,type:0,xpos:0.000000,ypos:0.000000,xspeed:4.090000,yspeed:-5.560000,angle:-17.660000,distense:57.400000,rcs:14.000000
timestame:1622082548.692000000,objid:9,type:0,xpos:0.000000,ypos:0.000000,xspeed:-3.130000,yspeed:-0.030000,angle:-4.350000,distense:107.000000,rcs:15.000000
