timestame:1622082552.067000000,objid:0,type:0,xpos:0.000000,ypos:0.000000,xspeed:2.340000,yspeed:1.630000,angle:-1.560000,distense:109.000000,rcs:21.000000
timestame:1622082552.067000000,objid:9,type:0,xpos:0.000000,ypos:0.000000,xspeed:-1.230000,yspeed:1.370000,angle:-1.580000,distense:102.200000,rcs:22.000000
