timestame:1622082559.874000000,objid:0,type:0,xpos:0.000000,ypos:0.000000,xspeed:-9.580000,yspeed:-0.570000,angle:-1.700000,distense:182.600000,rcs:15.000000
timestame:1622082559.874000000,objid:2,type:0,xpos:0.000000,ypos:0.000000,xspeed:-12.760000,yspeed:-0.210000,angle:-1.540000,distense:188.400000,rcs:7.000000
