timestame:1622082563.819000000,objid:0,type:0,xpos:0.000000,ypos:0.000000,xspeed:-8.790000,yspeed:-0.420000,angle:-2.830000,distense:146.000000,rcs:19.000000
timestame:1622082563.819000000,objid:2,type:0,xpos:0.000000,ypos:0.000000,xspeed:-6.660000,yspeed:0.420000,angle:-1.790000,distense:161.400000,rcs:10.000000
timestame:1622082563.819000000,objid:3,type:0,xpos:0.000000,ypos:0.000000,xspeed:-7.510000,yspeed:-1.380000,angle:-3.100000,distense:154.600000,rcs:11.000000
