timestame:1622082533.568000000,objid:2,type:0,xpos:0.000000,ypos:0.000000,xspeed:13.730000,yspeed:0.000000,angle:-0.040000,distense:183.000000,rcs:18.000000
timestame:1622082533.568000000,objid:9,type:0,xpos:0.000000,ypos:0.000000,xspeed:-4.660000,yspeed:-0.030000,angle:-2.480000,distense:161.800000,rcs:16.000000
