timestame:1622082561.308000000,objid:0,type:0,xpos:0.000000,ypos:0.000000,xspeed:-10.280000,yspeed:-0.850000,angle:-2.400000,distense:167.000000,rcs:12.000000
timestame:1622082561.308000000,objid:3,type:0,xpos:0.000000,ypos:0.000000,xspeed:-9.330000,yspeed:0.000000,angle:-1.220000,distense:180.600000,rcs:9.000000
