timestame:1622082563.195000000,objid:0,type:0,xpos:0.000000,ypos:0.000000,xspeed:-9.230000,yspeed:-0.480000,angle:-2.710000,distense:150.600000,rcs:12.000000
timestame:1622082563.195000000,objid:2,type:0,xpos:0.000000,ypos:0.000000,xspeed:-12.160000,yspeed:-4.920000,angle:-1.970000,distense:164.400000,rcs:9.000000
timestame:1622082563.195000000,objid:3,type:0,xpos:0.000000,ypos:0.000000,xspeed:-8.090000,yspeed:-1.850000,angle:-2.780000,distense:159.000000,rcs:9.000000
