timestame:1622082556.626000000,objid:0,type:0,xpos:0.000000,ypos:0.000000,xspeed:18.930000,yspeed:0.000000,angle:-1.110000,distense:109.400000,rcs:17.000000
timestame:1622082556.626000000,objid:2,type:0,xpos:0.000000,ypos:0.000000,xspeed:-10.790000,yspeed:0.000000,angle:-0.880000,distense:215.600000,rcs:8.000000
