timestame:1622082457.493000000,objid:0,type:0,xpos:0.000000,ypos:0.000000,xspeed:8.700000,yspeed:-0.100000,angle:-1.610000,distense:52.400000,rcs:27.000000
timestame:1622082457.493000000,objid:1,type:0,xpos:0.000000,ypos:0.000000,xspeed:-3.970000,yspeed:-0.090000,angle:-4.580000,distense:63.000000,rcs:25.000000
