timestame:1622082566.759000000,objid:0,type:0,xpos:0.000000,ypos:0.000000,xspeed:-7.840000,yspeed:0.380000,angle:-2.270000,distense:123.800000,rcs:24.000000
timestame:1622082566.759000000,objid:2,type:0,xpos:0.000000,ypos:0.000000,xspeed:-7.580000,yspeed:0.000000,angle:-2.980000,distense:134.200000,rcs:16.000000
