timestame:1622082598.852000000,objid:0,type:0,xpos:0.000000,ypos:0.000000,xspeed:4.810000,yspeed:-0.900000,angle:0.400000,distense:133.800000,rcs:10.000000
timestame:1622082598.852000000,objid:1,type:0,xpos:0.000000,ypos:0.000000,xspeed:2.730000,yspeed:0.460000,angle:0.940000,distense:126.600000,rcs:28.000000
