timestame:1622082524.754000000,objid:2,type:0,xpos:0.000000,ypos:0.000000,xspeed:10.650000,yspeed:0.010000,angle:-0.360000,distense:66.000000,rcs:46.000000
timestame:1622082524.754000000,objid:9,type:0,xpos:0.000000,ypos:0.000000,xspeed:-5.580000,yspeed:-0.740000,angle:-2.200000,distense:205.200000,rcs:11.000000
