timestame:1622082572.320000000,objid:0,type:0,xpos:0.000000,ypos:0.000000,xspeed:-6.680000,yspeed:0.070000,angle:-1.940000,distense:85.800000,rcs:31.000000
timestame:1622082572.320000000,objid:4,type:0,xpos:0.000000,ypos:0.000000,xspeed:-8.830000,yspeed:0.930000,angle:-1.200000,distense:99.200000,rcs:19.000000
