timestame:1622082529.130000000,objid:2,type:0,xpos:0.000000,ypos:0.000000,xspeed:12.990000,yspeed:0.030000,angle:-0.070000,distense:122.600000,rcs:27.000000
timestame:1622082529.130000000,objid:9,type:0,xpos:0.000000,ypos:0.000000,xspeed:-5.260000,yspeed:-0.220000,angle:-2.410000,distense:182.600000,rcs:16.000000
