timestame:1622082569.066000000,objid:0,type:0,xpos:0.000000,ypos:0.000000,xspeed:-7.410000,yspeed:0.570000,angle:-1.670000,distense:106.800000,rcs:27.000000
timestame:1622082569.066000000,objid:2,type:0,xpos:0.000000,ypos:0.000000,xspeed:-7.230000,yspeed:0.260000,angle:-3.110000,distense:117.000000,rcs:14.000000
timestame:1622082569.066000000,objid:3,type:0,xpos:0.000000,ypos:0.000000,xspeed:3.960000,yspeed:-0.020000,angle:-3.420000,distense:21.400000,rcs:42.000000
