timestame:1622082499.796000000,objid:0,type:0,xpos:0.000000,ypos:0.000000,xspeed:-1.900000,yspeed:-0.370000,angle:14.280000,distense:55.800000,rcs:17.000000
timestame:1622082499.796000000,objid:1,type:0,xpos:0.000000,ypos:0.000000,xspeed:-4.190000,yspeed:-1.740000,angle:-3.240000,distense:126.800000,rcs:14.000000
