timestame:1622082571.883000000,objid:0,type:0,xpos:0.000000,ypos:0.000000,xspeed:-6.570000,yspeed:0.170000,angle:-1.770000,distense:88.800000,rcs:28.000000
timestame:1622082571.883000000,objid:4,type:0,xpos:0.000000,ypos:0.000000,xspeed:-7.160000,yspeed:0.050000,angle:-1.760000,distense:104.200000,rcs:15.000000
