timestame:1622082510.739000000,objid:0,type:0,xpos:0.000000,ypos:0.000000,xspeed:-3.750000,yspeed:0.030000,angle:-3.180000,distense:81.200000,rcs:19.000000
timestame:1622082510.739000000,objid:1,type:0,xpos:0.000000,ypos:0.000000,xspeed:-15.290000,yspeed:2.860000,angle:-2.690000,distense:137.600000,rcs:8.000000
