timestame:1622082509.915000000,objid:0,type:0,xpos:0.000000,ypos:0.000000,xspeed:-4.110000,yspeed:-0.230000,angle:-3.360000,distense:84.000000,rcs:18.000000
timestame:1622082509.915000000,objid:1,type:0,xpos:0.000000,ypos:0.000000,xspeed:-9.040000,yspeed:0.000000,angle:-2.260000,distense:146.000000,rcs:9.000000
