timestame:1622082565.129000000,objid:0,type:0,xpos:0.000000,ypos:0.000000,xspeed:-8.110000,yspeed:0.030000,angle:-2.570000,distense:136.200000,rcs:20.000000
timestame:1622082565.129000000,objid:4,type:0,xpos:0.000000,ypos:0.000000,xspeed:2.410000,yspeed:-0.780000,angle:-4.280000,distense:117.800000,rcs:15.000000
