timestame:1622082528.126000000,objid:2,type:0,xpos:0.000000,ypos:0.000000,xspeed:12.510000,yspeed:0.090000,angle:-0.040000,distense:108.600000,rcs:30.000000
timestame:1622082528.126000000,objid:9,type:0,xpos:0.000000,ypos:0.000000,xspeed:-5.250000,yspeed:-0.230000,angle:-2.280000,distense:188.000000,rcs:21.000000
