timestame:1622082581.109000000,objid:1,type:0,xpos:0.000000,ypos:0.000000,xspeed:-4.010000,yspeed:-2.880000,angle:-17.840000,distense:60.600000,rcs:35.000000
timestame:1622082581.109000000,objid:2,type:0,xpos:0.000000,ypos:0.000000,xspeed:7.450000,yspeed:0.030000,angle:-0.890000,distense:61.000000,rcs:26.000000
timestame:1622082581.109000000,objid:7,type:0,xpos:0.000000,ypos:0.000000,xspeed:1.480000,yspeed:-0.580000,angle:-18.000000,distense:64.000000,rcs:25.000000
