timestame:1622082567.255000000,objid:0,type:0,xpos:0.000000,ypos:0.000000,xspeed:-7.750000,yspeed:0.450000,angle:-2.150000,distense:119.800000,rcs:16.000000
timestame:1622082567.255000000,objid:2,type:0,xpos:0.000000,ypos:0.000000,xspeed:-7.040000,yspeed:1.150000,angle:-2.850000,distense:130.400000,rcs:14.000000
