timestame:1622082461.760000000,objid:0,type:0,xpos:0.000000,ypos:0.000000,xspeed:14.780000,yspeed:-0.090000,angle:-0.810000,distense:114.000000,rcs:20.000000
timestame:1622082461.760000000,objid:1,type:0,xpos:0.000000,ypos:0.000000,xspeed:-6.270000,yspeed:-0.050000,angle:-8.830000,distense:35.800000,rcs:30.000000
