timestame:1622082501.859000000,objid:0,type:0,xpos:0.000000,ypos:0.000000,xspeed:-1.440000,yspeed:-2.900000,angle:8.090000,distense:52.000000,rcs:25.000000
timestame:1622082501.859000000,objid:1,type:0,xpos:0.000000,ypos:0.000000,xspeed:-3.040000,yspeed:-0.010000,angle:-2.900000,distense:121.000000,rcs:15.000000
