timestame:1622082597.921000000,objid:0,type:0,xpos:0.000000,ypos:0.000000,xspeed:6.750000,yspeed:-1.910000,angle:0.620000,distense:130.200000,rcs:28.000000
timestame:1622082597.921000000,objid:1,type:0,xpos:0.000000,ypos:0.000000,xspeed:2.130000,yspeed:0.760000,angle:1.040000,distense:123.200000,rcs:29.000000
