timestame:1622082519.993000000,objid:0,type:0,xpos:0.000000,ypos:0.000000,xspeed:-5.390000,yspeed:-0.150000,angle:-5.360000,distense:55.000000,rcs:18.000000
timestame:1622082519.993000000,objid:1,type:0,xpos:0.000000,ypos:0.000000,xspeed:-4.380000,yspeed:0.000000,angle:2.840000,distense:69.600000,rcs:16.000000
