timestame:1622082562.623000000,objid:0,type:0,xpos:0.000000,ypos:0.000000,xspeed:-9.530000,yspeed:-0.450000,angle:-2.500000,distense:155.600000,rcs:14.000000
timestame:1622082562.623000000,objid:3,type:0,xpos:0.000000,ypos:0.000000,xspeed:-13.070000,yspeed:-3.170000,angle:-2.640000,distense:162.200000,rcs:8.000000
