timestame:1622082568.566000000,objid:0,type:0,xpos:0.000000,ypos:0.000000,xspeed:-7.490000,yspeed:0.630000,angle:-1.680000,distense:110.200000,rcs:23.000000
timestame:1622082568.566000000,objid:2,type:0,xpos:0.000000,ypos:0.000000,xspeed:-7.230000,yspeed:0.200000,angle:-3.110000,distense:120.600000,rcs:12.000000
timestame:1622082568.566000000,objid:3,type:0,xpos:0.000000,ypos:0.000000,xspeed:4.060000,yspeed:0.000000,angle:-3.650000,distense:19.600000,rcs:40.000000
