timestame:1622082529.564000000,objid:2,type:0,xpos:0.000000,ypos:0.000000,xspeed:13.110000,yspeed:0.080000,angle:-0.010000,distense:128.200000,rcs:30.000000
timestame:1622082529.564000000,objid:9,type:0,xpos:0.000000,ypos:0.000000,xspeed:-4.810000,yspeed:-0.100000,angle:-2.330000,distense:181.400000,rcs:12.000000
