timestame:1622082524.195000000,objid:2,type:0,xpos:0.000000,ypos:0.000000,xspeed:10.340000,yspeed:0.040000,angle:-0.360000,distense:59.800000,rcs:45.000000
timestame:1622082524.195000000,objid:9,type:0,xpos:0.000000,ypos:0.000000,xspeed:-5.290000,yspeed:-1.000000,angle:-2.190000,distense:208.600000,rcs:12.000000
