timestame:1622082527.629000000,objid:2,type:0,xpos:0.000000,ypos:0.000000,xspeed:12.210000,yspeed:0.080000,angle:-0.080000,distense:102.000000,rcs:39.000000
timestame:1622082527.629000000,objid:9,type:0,xpos:0.000000,ypos:0.000000,xspeed:-5.090000,yspeed:-0.300000,angle:-2.270000,distense:190.800000,rcs:15.000000
