timestame:1622082597.361000000,objid:0,type:0,xpos:0.000000,ypos:0.000000,xspeed:4.640000,yspeed:1.210000,angle:1.530000,distense:125.600000,rcs:17.000000
timestame:1622082597.361000000,objid:1,type:0,xpos:0.000000,ypos:0.000000,xspeed:1.780000,yspeed:0.830000,angle:0.910000,distense:121.400000,rcs:25.000000
