timestame:1622082462.441000000,objid:0,type:0,xpos:0.000000,ypos:0.000000,xspeed:15.730000,yspeed:-0.040000,angle:-0.690000,distense:126.800000,rcs:20.000000
timestame:1622082462.441000000,objid:1,type:0,xpos:0.000000,ypos:0.000000,xspeed:-6.410000,yspeed:-0.060000,angle:-10.300000,distense:31.000000,rcs:34.000000
