timestame:1622082566.945000000,objid:0,type:0,xpos:0.000000,ypos:0.000000,xspeed:-7.790000,yspeed:0.450000,angle:-2.180000,distense:122.000000,rcs:21.000000
timestame:1622082566.945000000,objid:2,type:0,xpos:0.000000,ypos:0.000000,xspeed:-7.360000,yspeed:-0.050000,angle:-3.030000,distense:132.400000,rcs:13.000000
