timestame:1622082589.059000000,objid:0,type:0,xpos:0.000000,ypos:0.000000,xspeed:-2.370000,yspeed:2.420000,angle:-4.060000,distense:109.800000,rcs:20.000000
timestame:1622082589.059000000,objid:2,type:0,xpos:0.000000,ypos:0.000000,xspeed:14.610000,yspeed:-0.050000,angle:-0.430000,distense:164.600000,rcs:9.000000
