timestame:1622082563.381000000,objid:0,type:0,xpos:0.000000,ypos:0.000000,xspeed:-9.070000,yspeed:-0.450000,angle:-2.730000,distense:149.200000,rcs:20.000000
timestame:1622082563.381000000,objid:2,type:0,xpos:0.000000,ypos:0.000000,xspeed:-8.770000,yspeed:-3.850000,angle:-2.160000,distense:163.600000,rcs:11.000000
timestame:1622082563.381000000,objid:3,type:0,xpos:0.000000,ypos:0.000000,xspeed:-8.090000,yspeed:-1.850000,angle:-2.930000,distense:157.600000,rcs:9.000000
