timestame:1622082581.495000000,objid:1,type:0,xpos:0.000000,ypos:0.000000,xspeed:-3.880000,yspeed:-3.190000,angle:-18.000000,distense:60.000000,rcs:42.000000
timestame:1622082581.495000000,objid:2,type:0,xpos:0.000000,ypos:0.000000,xspeed:7.920000,yspeed:0.080000,angle:-0.700000,distense:64.600000,rcs:32.000000
timestame:1622082581.495000000,objid:7,type:0,xpos:0.000000,ypos:0.000000,xspeed:1.470000,yspeed:-0.560000,angle:-18.000000,distense:64.600000,rcs:25.000000
