timestame:1622082523.371000000,objid:2,type:0,xpos:0.000000,ypos:0.000000,xspeed:10.160000,yspeed:-0.070000,angle:-0.610000,distense:50.800000,rcs:38.000000
timestame:1622082523.371000000,objid:9,type:0,xpos:0.000000,ypos:0.000000,xspeed:-4.320000,yspeed:-1.000000,angle:-1.920000,distense:213.800000,rcs:12.000000
