timestame:1622082535.691000000,objid:2,type:0,xpos:0.000000,ypos:0.000000,xspeed:14.350000,yspeed:0.200000,angle:0.190000,distense:214.800000,rcs:11.000000
timestame:1622082535.691000000,objid:9,type:0,xpos:0.000000,ypos:0.000000,xspeed:-4.540000,yspeed:-0.020000,angle:-2.720000,distense:152.000000,rcs:15.000000
