timestame:1622082459.316000000,objid:0,type:0,xpos:0.000000,ypos:0.000000,xspeed:11.250000,yspeed:0.000000,angle:-1.040000,distense:75.800000,rcs:30.000000
timestame:1622082459.316000000,objid:1,type:0,xpos:0.000000,ypos:0.000000,xspeed:-5.480000,yspeed:-0.100000,angle:-6.010000,distense:51.400000,rcs:24.000000
