timestame:1622082502.673000000,objid:0,type:0,xpos:0.000000,ypos:0.000000,xspeed:-1.910000,yspeed:-3.180000,angle:5.220000,distense:49.400000,rcs:18.000000
timestame:1622082502.673000000,objid:1,type:0,xpos:0.000000,ypos:0.000000,xspeed:-3.210000,yspeed:0.140000,angle:-2.780000,distense:118.400000,rcs:17.000000
