timestame:1622082570.195000000,objid:0,type:0,xpos:0.000000,ypos:0.000000,xspeed:-7.100000,yspeed:0.520000,angle:-1.480000,distense:99.000000,rcs:23.000000
timestame:1622082570.195000000,objid:2,type:0,xpos:0.000000,ypos:0.000000,xspeed:-6.960000,yspeed:0.810000,angle:-2.580000,distense:109.200000,rcs:16.000000
timestame:1622082570.195000000,objid:3,type:0,xpos:0.000000,ypos:0.000000,xspeed:3.370000,yspeed:0.110000,angle:-2.440000,distense:24.800000,rcs:36.000000
