timestame:1622082581.619000000,objid:1,type:0,xpos:0.000000,ypos:0.000000,xspeed:-3.810000,yspeed:-3.180000,angle:-18.000000,distense:59.800000,rcs:36.000000
timestame:1622082581.619000000,objid:2,type:0,xpos:0.000000,ypos:0.000000,xspeed:8.040000,yspeed:0.090000,angle:-0.680000,distense:65.800000,rcs:22.000000
timestame:1622082581.619000000,objid:7,type:0,xpos:0.000000,ypos:0.000000,xspeed:1.370000,yspeed:-0.590000,angle:-18.000000,distense:64.600000,rcs:30.000000
