timestame:1622082529.378000000,objid:2,type:0,xpos:0.000000,ypos:0.000000,xspeed:13.040000,yspeed:0.050000,angle:-0.050000,distense:125.800000,rcs:23.000000
timestame:1622082529.378000000,objid:9,type:0,xpos:0.000000,ypos:0.000000,xspeed:-4.980000,yspeed:-0.160000,angle:-2.370000,distense:182.000000,rcs:10.000000
