timestame:1622082558.689000000,objid:0,type:0,xpos:0.000000,ypos:0.000000,xspeed:-5.590000,yspeed:-2.480000,angle:-1.600000,distense:195.200000,rcs:9.000000
timestame:1622082558.689000000,objid:2,type:0,xpos:0.000000,ypos:0.000000,xspeed:-10.480000,yspeed:-3.500000,angle:-3.350000,distense:193.400000,rcs:8.000000
