timestame:1622082568.189000000,objid:0,type:0,xpos:0.000000,ypos:0.000000,xspeed:-7.530000,yspeed:0.630000,angle:-1.780000,distense:113.200000,rcs:13.000000
timestame:1622082568.189000000,objid:2,type:0,xpos:0.000000,ypos:0.000000,xspeed:-7.470000,yspeed:0.220000,angle:-3.090000,distense:123.400000,rcs:7.000000
timestame:1622082568.189000000,objid:3,type:0,xpos:0.000000,ypos:0.000000,xspeed:4.200000,yspeed:-0.120000,angle:-4.040000,distense:18.000000,rcs:35.000000
