timestame:1622082579.990000000,objid:1,type:0,xpos:0.000000,ypos:0.000000,xspeed:-4.480000,yspeed:-2.090000,angle:-13.030000,distense:63.000000,rcs:24.000000
timestame:1622082579.990000000,objid:2,type:0,xpos:0.000000,ypos:0.000000,xspeed:5.870000,yspeed:0.060000,angle:-1.030000,distense:50.400000,rcs:32.000000
timestame:1622082579.990000000,objid:5,type:0,xpos:0.000000,ypos:0.000000,xspeed:-3.350000,yspeed:-2.790000,angle:-17.540000,distense:61.000000,rcs:22.000000
timestame:1622082579.990000000,objid:6,type:0,xpos:0.000000,ypos:0.000000,xspeed:1.070000,yspeed:-3.770000,angle:-18.000000,distense:62.000000,rcs:14.000000
