timestame:1622082457.555000000,objid:0,type:0,xpos:0.000000,ypos:0.000000,xspeed:8.790000,yspeed:-0.090000,angle:-1.580000,distense:53.200000,rcs:24.000000
timestame:1622082457.555000000,objid:1,type:0,xpos:0.000000,ypos:0.000000,xspeed:-4.010000,yspeed:-0.140000,angle:-4.690000,distense:62.600000,rcs:15.000000
