timestame:1622082526.946000000,objid:2,type:0,xpos:0.000000,ypos:0.000000,xspeed:11.800000,yspeed:0.060000,angle:-0.140000,distense:92.600000,rcs:39.000000
timestame:1622082526.946000000,objid:9,type:0,xpos:0.000000,ypos:0.000000,xspeed:-5.190000,yspeed:-0.290000,angle:-2.160000,distense:194.200000,rcs:12.000000
