timestame:1622082524.443000000,objid:2,type:0,xpos:0.000000,ypos:0.000000,xspeed:10.490000,yspeed:0.020000,angle:-0.370000,distense:62.600000,rcs:36.000000
timestame:1622082524.443000000,objid:9,type:0,xpos:0.000000,ypos:0.000000,xspeed:-5.500000,yspeed:-0.950000,angle:-2.240000,distense:207.000000,rcs:11.000000
