timestame:1622082606.175000000,objid:1,type:0,xpos:0.000000,ypos:0.000000,xspeed:5.240000,yspeed:-0.010000,angle:0.440000,distense:162.200000,rcs:32.000000
timestame:1622082606.175000000,objid:2,type:0,xpos:0.000000,ypos:0.000000,xspeed:5.210000,yspeed:0.700000,angle:0.900000,distense:166.600000,rcs:25.000000
