timestame:1622082597.550000000,objid:0,type:0,xpos:0.000000,ypos:0.000000,xspeed:6.750000,yspeed:-1.910000,angle:0.990000,distense:127.400000,rcs:28.000000
timestame:1622082597.550000000,objid:1,type:0,xpos:0.000000,ypos:0.000000,xspeed:1.780000,yspeed:0.830000,angle:0.970000,distense:121.800000,rcs:25.000000
