timestame:1622082556.751000000,objid:0,type:0,xpos:0.000000,ypos:0.000000,xspeed:23.430000,yspeed:-3.660000,angle:-1.360000,distense:112.800000,rcs:20.000000
timestame:1622082556.751000000,objid:2,type:0,xpos:0.000000,ypos:0.000000,xspeed:-14.580000,yspeed:-7.450000,angle:-1.190000,distense:213.400000,rcs:9.000000
