timestame:1622082576.498000000,objid:0,type:0,xpos:0.000000,ypos:0.000000,xspeed:-5.950000,yspeed:-1.980000,angle:-9.730000,distense:61.600000,rcs:18.000000
timestame:1622082576.498000000,objid:1,type:0,xpos:0.000000,ypos:0.000000,xspeed:-5.200000,yspeed:-1.450000,angle:-5.370000,distense:77.400000,rcs:26.000000
timestame:1622082576.498000000,objid:2,type:0,xpos:0.000000,ypos:0.000000,xspeed:2.340000,yspeed:0.120000,angle:-2.200000,distense:30.000000,rcs:41.000000
timestame:1622082576.498000000,objid:3,type:0,xpos:0.000000,ypos:0.000000,xspeed:-5.950000,yspeed:-2.610000,angle:-8.590000,distense:66.600000,rcs:27.000000
