timestame:1622082520.737000000,objid:0,type:0,xpos:0.000000,ypos:0.000000,xspeed:-6.050000,yspeed:-0.190000,angle:-6.150000,distense:49.600000,rcs:22.000000
timestame:1622082520.737000000,objid:1,type:0,xpos:0.000000,ypos:0.000000,xspeed:-3.960000,yspeed:5.850000,angle:6.460000,distense:67.200000,rcs:19.000000
timestame:1622082520.737000000,objid:2,type:0,xpos:0.000000,ypos:0.000000,xspeed:10.100000,yspeed:-0.360000,angle:-1.040000,distense:24.000000,rcs:55.000000
