timestame:1622082605.736000000,objid:1,type:0,xpos:0.000000,ypos:0.000000,xspeed:5.130000,yspeed:-0.040000,angle:0.420000,distense:160.000000,rcs:33.000000
timestame:1622082605.736000000,objid:2,type:0,xpos:0.000000,ypos:0.000000,xspeed:5.210000,yspeed:0.700000,angle:0.810000,distense:164.400000,rcs:25.000000
