timestame:1622082598.917000000,objid:0,type:0,xpos:0.000000,ypos:0.000000,xspeed:4.810000,yspeed:-0.900000,angle:0.380000,distense:134.200000,rcs:10.000000
timestame:1622082598.917000000,objid:1,type:0,xpos:0.000000,ypos:0.000000,xspeed:2.790000,yspeed:0.430000,angle:0.910000,distense:126.800000,rcs:30.000000
