timestame:1622082530.373000000,objid:2,type:0,xpos:0.000000,ypos:0.000000,xspeed:13.270000,yspeed:0.110000,angle:0.050000,distense:139.600000,rcs:21.000000
timestame:1622082530.373000000,objid:9,type:0,xpos:0.000000,ypos:0.000000,xspeed:-4.790000,yspeed:0.070000,angle:-2.210000,distense:177.400000,rcs:15.000000
