timestame:1622082527.878000000,objid:2,type:0,xpos:0.000000,ypos:0.000000,xspeed:12.340000,yspeed:0.080000,angle:-0.060000,distense:105.200000,rcs:38.000000
timestame:1622082527.878000000,objid:9,type:0,xpos:0.000000,ypos:0.000000,xspeed:-5.210000,yspeed:-0.270000,angle:-2.280000,distense:189.400000,rcs:19.000000
