timestame:1622082545.565000000,objid:0,type:0,xpos:0.000000,ypos:0.000000,xspeed:7.390000,yspeed:-1.540000,angle:-4.700000,distense:39.200000,rcs:32.000000
timestame:1622082545.565000000,objid:9,type:0,xpos:0.000000,ypos:0.000000,xspeed:-3.640000,yspeed:0.050000,angle:-3.740000,distense:116.800000,rcs:28.000000
