timestame:1622082454.557000000,objid:0,type:0,xpos:0.000000,ypos:0.000000,xspeed:5.000000,yspeed:0.070000,angle:-2.160000,distense:27.600000,rcs:37.000000
timestame:1622082454.557000000,objid:1,type:0,xpos:0.000000,ypos:0.000000,xspeed:-2.180000,yspeed:0.180000,angle:-3.640000,distense:73.600000,rcs:22.000000
