timestame:1622082500.295000000,objid:0,type:0,xpos:0.000000,ypos:0.000000,xspeed:-1.310000,yspeed:-2.710000,angle:12.470000,distense:55.000000,rcs:13.000000
timestame:1622082500.295000000,objid:1,type:0,xpos:0.000000,ypos:0.000000,xspeed:-3.660000,yspeed:-1.580000,angle:-3.600000,distense:125.200000,rcs:5.000000
