timestame:1622082552.129000000,objid:0,type:0,xpos:0.000000,ypos:0.000000,xspeed:2.680000,yspeed:1.550000,angle:-1.520000,distense:109.400000,rcs:20.000000
timestame:1622082552.129000000,objid:9,type:0,xpos:0.000000,ypos:0.000000,xspeed:-1.130000,yspeed:1.350000,angle:-1.550000,distense:102.400000,rcs:22.000000
