timestame:1622082574.812000000,objid:0,type:0,xpos:0.000000,ypos:0.000000,xspeed:-6.470000,yspeed:-1.120000,angle:-5.170000,distense:70.600000,rcs:21.000000
timestame:1622082574.812000000,objid:1,type:0,xpos:0.000000,ypos:0.000000,xspeed:-6.500000,yspeed:-1.490000,angle:-3.810000,distense:86.600000,rcs:24.000000
timestame:1622082574.812000000,objid:4,type:0,xpos:0.000000,ypos:0.000000,xspeed:-7.630000,yspeed:-0.080000,angle:-2.010000,distense:81.000000,rcs:24.000000
