timestame:1622082563.571000000,objid:0,type:0,xpos:0.000000,ypos:0.000000,xspeed:-8.930000,yspeed:-0.460000,angle:-2.800000,distense:148.000000,rcs:16.000000
timestame:1622082563.571000000,objid:2,type:0,xpos:0.000000,ypos:0.000000,xspeed:-6.160000,yspeed:-0.080000,angle:-1.900000,distense:163.200000,rcs:8.000000
timestame:1622082563.571000000,objid:3,type:0,xpos:0.000000,ypos:0.000000,xspeed:-9.250000,yspeed:-1.370000,angle:-2.950000,distense:155.400000,rcs:10.000000
