timestame:1622082533.122000000,objid:2,type:0,xpos:0.000000,ypos:0.000000,xspeed:13.600000,yspeed:-0.020000,angle:-0.060000,distense:177.000000,rcs:23.000000
timestame:1622082533.122000000,objid:9,type:0,xpos:0.000000,ypos:0.000000,xspeed:-4.720000,yspeed:0.070000,angle:-2.370000,distense:163.600000,rcs:16.000000
