timestame:1622082576.370000000,objid:0,type:0,xpos:0.000000,ypos:0.000000,xspeed:-6.080000,yspeed:-1.790000,angle:-9.120000,distense:62.000000,rcs:16.000000
timestame:1622082576.370000000,objid:1,type:0,xpos:0.000000,ypos:0.000000,xspeed:-5.340000,yspeed:-1.410000,angle:-5.180000,distense:77.800000,rcs:29.000000
timestame:1622082576.370000000,objid:2,type:0,xpos:0.000000,ypos:0.000000,xspeed:2.240000,yspeed:0.170000,angle:-2.170000,distense:29.600000,rcs:36.000000
timestame:1622082576.370000000,objid:3,type:0,xpos:0.000000,ypos:0.000000,xspeed:-5.970000,yspeed:-2.780000,angle:-8.340000,distense:67.200000,rcs:24.000000
