timestame:1622082580.923000000,objid:1,type:0,xpos:0.000000,ypos:0.000000,xspeed:-4.110000,yspeed:-2.750000,angle:-16.800000,distense:61.000000,rcs:26.000000
timestame:1622082580.923000000,objid:2,type:0,xpos:0.000000,ypos:0.000000,xspeed:7.120000,yspeed:0.000000,angle:-0.970000,distense:58.600000,rcs:22.000000
timestame:1622082580.923000000,objid:5,type:0,xpos:0.000000,ypos:0.000000,xspeed:-3.060000,yspeed:-2.600000,angle:-18.000000,distense:59.600000,rcs:25.000000
timestame:1622082580.923000000,objid:7,type:0,xpos:0.000000,ypos:0.000000,xspeed:1.480000,yspeed:-0.580000,angle:-18.000000,distense:63.600000,rcs:25.000000
