timestame:1622082591.617000000,objid:1,type:0,xpos:0.000000,ypos:0.000000,xspeed:1.280000,yspeed:-2.950000,angle:-2.700000,distense:111.000000,rcs:22.000000
timestame:1622082591.617000000,objid:2,type:0,xpos:0.000000,ypos:0.000000,xspeed:16.650000,yspeed:-0.050000,angle:-0.330000,distense:209.000000,rcs:5.000000
