timestame:1622082596.985000000,objid:0,type:0,xpos:0.000000,ypos:0.000000,xspeed:4.640000,yspeed:1.210000,angle:1.350000,distense:123.800000,rcs:17.000000
timestame:1622082596.985000000,objid:1,type:0,xpos:0.000000,ypos:0.000000,xspeed:1.640000,yspeed:1.030000,angle:0.980000,distense:120.600000,rcs:15.000000
