timestame:1622082520.551000000,objid:0,type:0,xpos:0.000000,ypos:0.000000,xspeed:-5.840000,yspeed:-0.180000,angle:-5.910000,distense:51.000000,rcs:20.000000
timestame:1622082520.551000000,objid:1,type:0,xpos:0.000000,ypos:0.000000,xspeed:-3.660000,yspeed:5.790000,angle:5.490000,distense:67.800000,rcs:15.000000
timestame:1622082520.551000000,objid:2,type:0,xpos:0.000000,ypos:0.000000,xspeed:10.270000,yspeed:-0.750000,angle:-1.230000,distense:22.400000,rcs:44.000000
