timestame:1622082582.304000000,objid:1,type:0,xpos:0.000000,ypos:0.000000,xspeed:-3.340000,yspeed:-3.320000,angle:-18.000000,distense:59.200000,rcs:25.000000
timestame:1622082582.304000000,objid:2,type:0,xpos:0.000000,ypos:0.000000,xspeed:8.920000,yspeed:-0.050000,angle:-0.800000,distense:73.200000,rcs:24.000000
