timestame:1622082535.815000000,objid:2,type:0,xpos:0.000000,ypos:0.000000,xspeed:14.410000,yspeed:0.210000,angle:0.190000,distense:216.600000,rcs:13.000000
timestame:1622082535.815000000,objid:9,type:0,xpos:0.000000,ypos:0.000000,xspeed:-4.540000,yspeed:-0.020000,angle:-2.730000,distense:151.400000,rcs:15.000000
