timestame:1622082551.630000000,objid:0,type:0,xpos:0.000000,ypos:0.000000,xspeed:-4.040000,yspeed:4.180000,angle:-1.990000,distense:107.000000,rcs:17.000000
timestame:1622082551.630000000,objid:9,type:0,xpos:0.000000,ypos:0.000000,xspeed:-1.720000,yspeed:1.210000,angle:-2.160000,distense:102.000000,rcs:15.000000
