timestame:1622082567.379000000,objid:0,type:0,xpos:0.000000,ypos:0.000000,xspeed:-7.730000,yspeed:0.510000,angle:-2.070000,distense:118.800000,rcs:23.000000
timestame:1622082567.379000000,objid:2,type:0,xpos:0.000000,ypos:0.000000,xspeed:-7.800000,yspeed:0.880000,angle:-2.880000,distense:129.000000,rcs:17.000000
