timestame:1622082525.568000000,objid:2,type:0,xpos:0.000000,ypos:0.000000,xspeed:11.150000,yspeed:0.040000,angle:-0.270000,distense:75.600000,rcs:35.000000
timestame:1622082525.568000000,objid:9,type:0,xpos:0.000000,ypos:0.000000,xspeed:-5.210000,yspeed:-0.300000,angle:-2.010000,distense:201.600000,rcs:10.000000
