timestame:1622082604.240000000,objid:0,type:0,xpos:0.000000,ypos:0.000000,xspeed:4.970000,yspeed:0.630000,angle:4.960000,distense:33.800000,rcs:30.000000
timestame:1622082604.240000000,objid:1,type:0,xpos:0.000000,ypos:0.000000,xspeed:4.880000,yspeed:-0.040000,angle:0.470000,distense:152.000000,rcs:26.000000
