timestame:1622082536.001000000,objid:2,type:0,xpos:0.000000,ypos:0.000000,xspeed:14.490000,yspeed:0.230000,angle:0.220000,distense:219.400000,rcs:8.000000
timestame:1622082536.001000000,objid:9,type:0,xpos:0.000000,ypos:0.000000,xspeed:-4.430000,yspeed:-0.120000,angle:-2.850000,distense:150.800000,rcs:13.000000
