timestame:1622082569.005000000,objid:0,type:0,xpos:0.000000,ypos:0.000000,xspeed:-7.410000,yspeed:0.570000,angle:-1.680000,distense:107.200000,rcs:27.000000
timestame:1622082569.005000000,objid:2,type:0,xpos:0.000000,ypos:0.000000,xspeed:-7.230000,yspeed:0.260000,angle:-3.110000,distense:117.400000,rcs:14.000000
timestame:1622082569.005000000,objid:3,type:0,xpos:0.000000,ypos:0.000000,xspeed:3.910000,yspeed:-0.020000,angle:-3.460000,distense:21.200000,rcs:38.000000
