timestame:1622082531.122000000,objid:2,type:0,xpos:0.000000,ypos:0.000000,xspeed:13.300000,yspeed:0.080000,angle:0.040000,distense:149.200000,rcs:24.000000
timestame:1622082531.122000000,objid:9,type:0,xpos:0.000000,ypos:0.000000,xspeed:-5.140000,yspeed:-0.030000,angle:-2.370000,distense:173.000000,rcs:14.000000
