timestame:1622082605.798000000,objid:1,type:0,xpos:0.000000,ypos:0.000000,xspeed:5.150000,yspeed:-0.030000,angle:0.420000,distense:160.200000,rcs:38.000000
timestame:1622082605.798000000,objid:2,type:0,xpos:0.000000,ypos:0.000000,xspeed:5.210000,yspeed:0.700000,angle:0.820000,distense:164.800000,rcs:25.000000
