timestame:1622082603.108000000,objid:0,type:0,xpos:0.000000,ypos:0.000000,xspeed:5.330000,yspeed:0.070000,angle:4.470000,distense:28.200000,rcs:42.000000
timestame:1622082603.108000000,objid:1,type:0,xpos:0.000000,ypos:0.000000,xspeed:4.440000,yspeed:0.000000,angle:0.550000,distense:145.800000,rcs:25.000000
timestame:1622082603.108000000,objid:2,type:0,xpos:0.000000,ypos:0.000000,xspeed:4.820000,yspeed:3.390000,angle:0.690000,distense:150.800000,rcs:23.000000
