timestame:1622082551.123000000,objid:0,type:0,xpos:0.000000,ypos:0.000000,xspeed:-1.170000,yspeed:0.000000,angle:-2.420000,distense:108.600000,rcs:18.000000
timestame:1622082551.123000000,objid:9,type:0,xpos:0.000000,ypos:0.000000,xspeed:-2.040000,yspeed:0.810000,angle:-2.930000,distense:102.400000,rcs:18.000000
