timestame:1622082596.302000000,objid:0,type:0,xpos:0.000000,ypos:0.000000,xspeed:3.490000,yspeed:0.000000,angle:0.180000,distense:124.600000,rcs:17.000000
timestame:1622082596.302000000,objid:1,type:0,xpos:0.000000,ypos:0.000000,xspeed:1.960000,yspeed:1.120000,angle:0.740000,distense:120.000000,rcs:15.000000
