timestame:1622082522.498000000,objid:0,type:0,xpos:0.000000,ypos:0.000000,xspeed:-10.030000,yspeed:-4.170000,angle:15.440000,distense:61.600000,rcs:15.000000
timestame:1622082522.498000000,objid:2,type:0,xpos:0.000000,ypos:0.000000,xspeed:10.050000,yspeed:-0.190000,angle:-0.910000,distense:41.400000,rcs:38.000000
timestame:1622082522.498000000,objid:3,type:0,xpos:0.000000,ypos:0.000000,xspeed:-1.800000,yspeed:7.540000,angle:16.080000,distense:66.000000,rcs:17.000000
timestame:1622082522.498000000,objid:9,type:0,xpos:0.000000,ypos:0.000000,xspeed:-2.350000,yspeed:0.630000,angle:-1.460000,distense:218.000000,rcs:8.000000
