timestame:1622082603.796000000,objid:0,type:0,xpos:0.000000,ypos:0.000000,xspeed:5.160000,yspeed:0.400000,angle:4.620000,distense:31.800000,rcs:32.000000
timestame:1622082603.796000000,objid:1,type:0,xpos:0.000000,ypos:0.000000,xspeed:4.730000,yspeed:-0.050000,angle:0.490000,distense:149.600000,rcs:24.000000
