timestame:1622082521.316000000,objid:0,type:0,xpos:0.000000,ypos:0.000000,xspeed:-6.020000,yspeed:-0.160000,angle:-6.700000,distense:46.000000,rcs:14.000000
timestame:1622082521.316000000,objid:1,type:0,xpos:0.000000,ypos:0.000000,xspeed:-3.390000,yspeed:4.730000,angle:8.720000,distense:65.600000,rcs:19.000000
timestame:1622082521.316000000,objid:2,type:0,xpos:0.000000,ypos:0.000000,xspeed:9.760000,yspeed:-0.110000,angle:-0.800000,distense:29.800000,rcs:35.000000
