timestame:1622082535.753000000,objid:2,type:0,xpos:0.000000,ypos:0.000000,xspeed:14.380000,yspeed:0.190000,angle:0.180000,distense:215.600000,rcs:10.000000
timestame:1622082535.753000000,objid:9,type:0,xpos:0.000000,ypos:0.000000,xspeed:-4.540000,yspeed:-0.020000,angle:-2.730000,distense:151.800000,rcs:15.000000
