timestame:1622082460.688000000,objid:0,type:0,xpos:0.000000,ypos:0.000000,xspeed:13.430000,yspeed:-0.060000,angle:-0.880000,distense:97.000000,rcs:23.000000
timestame:1622082460.688000000,objid:1,type:0,xpos:0.000000,ypos:0.000000,xspeed:-5.900000,yspeed:-0.100000,angle:-7.450000,distense:42.800000,rcs:29.000000
