timestame:1622082532.998000000,objid:2,type:0,xpos:0.000000,ypos:0.000000,xspeed:13.530000,yspeed:-0.040000,angle:-0.080000,distense:174.400000,rcs:21.000000
timestame:1622082532.998000000,objid:9,type:0,xpos:0.000000,ypos:0.000000,xspeed:-4.880000,yspeed:0.090000,angle:-2.350000,distense:164.200000,rcs:15.000000
