timestame:1622082556.689000000,objid:0,type:0,xpos:0.000000,ypos:0.000000,xspeed:23.430000,yspeed:-3.660000,angle:-1.270000,distense:111.400000,rcs:20.000000
timestame:1622082556.689000000,objid:2,type:0,xpos:0.000000,ypos:0.000000,xspeed:-13.540000,yspeed:-4.130000,angle:-0.980000,distense:214.400000,rcs:5.000000
