timestame:1622082535.629000000,objid:2,type:0,xpos:0.000000,ypos:0.000000,xspeed:14.330000,yspeed:0.200000,angle:0.180000,distense:213.800000,rcs:14.000000
timestame:1622082535.629000000,objid:9,type:0,xpos:0.000000,ypos:0.000000,xspeed:-4.530000,yspeed:-0.060000,angle:-2.760000,distense:152.200000,rcs:16.000000
