timestame:1622082466.874000000,objid:0,type:0,xpos:0.000000,ypos:0.000000,xspeed:19.820000,yspeed:-0.040000,angle:-0.430000,distense:215.600000,rcs:7.000000
timestame:1622082466.874000000,objid:1,type:0,xpos:0.000000,ypos:0.000000,xspeed:16.800000,yspeed:1.530000,angle:-2.050000,distense:29.000000,rcs:34.000000
