timestame:1622082562.499000000,objid:0,type:0,xpos:0.000000,ypos:0.000000,xspeed:-9.690000,yspeed:-0.450000,angle:-2.470000,distense:156.600000,rcs:12.000000
timestame:1622082562.499000000,objid:3,type:0,xpos:0.000000,ypos:0.000000,xspeed:-13.070000,yspeed:-3.170000,angle:-2.480000,distense:163.800000,rcs:8.000000
timestame:1622082562.499000000,objid:4,type:0,xpos:0.000000,ypos:0.000000,xspeed:-1.090000,yspeed:-4.050000,angle:-3.830000,distense:115.000000,rcs:16.000000
