timestame:1622082501.176000000,objid:0,type:0,xpos:0.000000,ypos:0.000000,xspeed:-1.260000,yspeed:-2.740000,angle:10.340000,distense:53.600000,rcs:22.000000
timestame:1622082501.176000000,objid:1,type:0,xpos:0.000000,ypos:0.000000,xspeed:-3.020000,yspeed:-0.190000,angle:-2.960000,distense:123.200000,rcs:17.000000
