timestame:1622082588.555000000,objid:0,type:0,xpos:0.000000,ypos:0.000000,xspeed:-5.010000,yspeed:0.180000,angle:-5.020000,distense:110.200000,rcs:24.000000
timestame:1622082588.555000000,objid:2,type:0,xpos:0.000000,ypos:0.000000,xspeed:14.250000,yspeed:0.040000,angle:-0.370000,distense:157.000000,rcs:17.000000
