timestame:1622082592.236000000,objid:1,type:0,xpos:0.000000,ypos:0.000000,xspeed:2.790000,yspeed:0.930000,angle:-1.650000,distense:113.000000,rcs:12.000000
timestame:1622082592.236000000,objid:2,type:0,xpos:0.000000,ypos:0.000000,xspeed:16.880000,yspeed:-0.020000,angle:-0.290000,distense:219.400000,rcs:6.000000
