timestame:1622082549.751000000,objid:0,type:0,xpos:0.000000,ypos:0.000000,xspeed:3.420000,yspeed:-6.180000,angle:-18.000000,distense:62.800000,rcs:14.000000
timestame:1622082549.751000000,objid:9,type:0,xpos:0.000000,ypos:0.000000,xspeed:-2.880000,yspeed:0.260000,angle:-4.010000,distense:104.200000,rcs:18.000000
