timestame:1622082576.998000000,objid:0,type:0,xpos:0.000000,ypos:0.000000,xspeed:-5.750000,yspeed:-2.260000,angle:-11.600000,distense:59.600000,rcs:24.000000
timestame:1622082576.998000000,objid:1,type:0,xpos:0.000000,ypos:0.000000,xspeed:-5.160000,yspeed:-1.650000,angle:-6.330000,distense:75.000000,rcs:20.000000
timestame:1622082576.998000000,objid:2,type:0,xpos:0.000000,ypos:0.000000,xspeed:2.530000,yspeed:0.140000,angle:-1.950000,distense:31.600000,rcs:32.000000
timestame:1622082576.998000000,objid:3,type:0,xpos:0.000000,ypos:0.000000,xspeed:-5.240000,yspeed:-2.500000,angle:-9.820000,distense:64.800000,rcs:24.000000
