timestame:1622082533.878000000,objid:2,type:0,xpos:0.000000,ypos:0.000000,xspeed:13.830000,yspeed:0.070000,angle:0.020000,distense:187.400000,rcs:23.000000
timestame:1622082533.878000000,objid:9,type:0,xpos:0.000000,ypos:0.000000,xspeed:-4.780000,yspeed:-0.140000,angle:-2.640000,distense:160.200000,rcs:7.000000
