timestame:1622082525.506000000,objid:2,type:0,xpos:0.000000,ypos:0.000000,xspeed:11.120000,yspeed:0.040000,angle:-0.280000,distense:74.800000,rcs:28.000000
timestame:1622082525.506000000,objid:9,type:0,xpos:0.000000,ypos:0.000000,xspeed:-5.150000,yspeed:-0.340000,angle:-2.030000,distense:202.000000,rcs:10.000000
