timestame:1622082596.613000000,objid:0,type:0,xpos:0.000000,ypos:0.000000,xspeed:-5.590000,yspeed:10.230000,angle:1.580000,distense:121.600000,rcs:14.000000
timestame:1622082596.613000000,objid:1,type:0,xpos:0.000000,ypos:0.000000,xspeed:1.730000,yspeed:1.060000,angle:0.830000,distense:120.200000,rcs:22.000000
