timestame:1622082548.943000000,objid:0,type:0,xpos:0.000000,ypos:0.000000,xspeed:4.060000,yspeed:-5.890000,angle:-18.000000,distense:58.800000,rcs:12.000000
timestame:1622082548.943000000,objid:9,type:0,xpos:0.000000,ypos:0.000000,xspeed:-3.110000,yspeed:0.080000,angle:-4.240000,distense:106.400000,rcs:17.000000
