timestame:1622082510.163000000,objid:0,type:0,xpos:0.000000,ypos:0.000000,xspeed:-4.000000,yspeed:-0.030000,angle:-3.190000,distense:83.200000,rcs:16.000000
timestame:1622082510.163000000,objid:1,type:0,xpos:0.000000,ypos:0.000000,xspeed:-9.040000,yspeed:0.000000,angle:-2.300000,distense:143.800000,rcs:9.000000
