timestame:1622082467.750000000,objid:0,type:0,xpos:0.000000,ypos:0.000000,xspeed:19.900000,yspeed:-0.060000,angle:-0.430000,distense:232.400000,rcs:1.000000
timestame:1622082467.750000000,objid:1,type:0,xpos:0.000000,ypos:0.000000,xspeed:17.700000,yspeed:0.000000,angle:-1.580000,distense:43.800000,rcs:37.000000
