timestame:1622082530.122000000,objid:2,type:0,xpos:0.000000,ypos:0.000000,xspeed:13.250000,yspeed:0.030000,angle:-0.040000,distense:135.600000,rcs:25.000000
timestame:1622082530.122000000,objid:9,type:0,xpos:0.000000,ypos:0.000000,xspeed:-4.920000,yspeed:0.050000,angle:-2.230000,distense:178.600000,rcs:15.000000
