timestame:1622082525.249000000,objid:2,type:0,xpos:0.000000,ypos:0.000000,xspeed:10.930000,yspeed:0.010000,angle:-0.340000,distense:71.800000,rcs:40.000000
timestame:1622082525.249000000,objid:9,type:0,xpos:0.000000,ypos:0.000000,xspeed:-5.360000,yspeed:-0.420000,angle:-2.060000,distense:202.800000,rcs:14.000000
