timestame:1622082534.623000000,objid:2,type:0,xpos:0.000000,ypos:0.000000,xspeed:14.140000,yspeed:0.090000,angle:0.050000,distense:199.000000,rcs:19.000000
timestame:1622082534.623000000,objid:9,type:0,xpos:0.000000,ypos:0.000000,xspeed:-4.670000,yspeed:-0.080000,angle:-2.660000,distense:156.600000,rcs:15.000000
