timestame:1622082563.509000000,objid:0,type:0,xpos:0.000000,ypos:0.000000,xspeed:-8.930000,yspeed:-0.460000,angle:-2.780000,distense:148.400000,rcs:16.000000
timestame:1622082563.509000000,objid:2,type:0,xpos:0.000000,ypos:0.000000,xspeed:-6.620000,yspeed:-0.590000,angle:-1.960000,distense:163.400000,rcs:8.000000
timestame:1622082563.509000000,objid:3,type:0,xpos:0.000000,ypos:0.000000,xspeed:-8.090000,yspeed:-1.850000,angle:-3.030000,distense:156.600000,rcs:9.000000
