timestame:1622082576.185000000,objid:0,type:0,xpos:0.000000,ypos:0.000000,xspeed:-6.080000,yspeed:-1.790000,angle:-8.530000,distense:63.400000,rcs:16.000000
timestame:1622082576.185000000,objid:1,type:0,xpos:0.000000,ypos:0.000000,xspeed:-5.330000,yspeed:-0.990000,angle:-4.540000,distense:79.000000,rcs:23.000000
timestame:1622082576.185000000,objid:2,type:0,xpos:0.000000,ypos:0.000000,xspeed:2.080000,yspeed:0.090000,angle:-2.410000,distense:29.000000,rcs:34.000000
timestame:1622082576.185000000,objid:3,type:0,xpos:0.000000,ypos:0.000000,xspeed:-5.730000,yspeed:-3.040000,angle:-7.690000,distense:68.600000,rcs:28.000000
