timestame:1622082535.071000000,objid:2,type:0,xpos:0.000000,ypos:0.000000,xspeed:14.250000,yspeed:0.160000,angle:0.120000,distense:205.000000,rcs:12.000000
timestame:1622082535.071000000,objid:9,type:0,xpos:0.000000,ypos:0.000000,xspeed:-4.530000,yspeed:-0.130000,angle:-2.760000,distense:155.000000,rcs:15.000000
