timestame:1622082551.692000000,objid:0,type:0,xpos:0.000000,ypos:0.000000,xspeed:-4.040000,yspeed:4.180000,angle:-1.860000,distense:106.800000,rcs:17.000000
timestame:1622082551.692000000,objid:9,type:0,xpos:0.000000,ypos:0.000000,xspeed:-1.650000,yspeed:1.260000,angle:-2.050000,distense:102.000000,rcs:20.000000
