timestame:1622082568.880000000,objid:0,type:0,xpos:0.000000,ypos:0.000000,xspeed:-7.430000,yspeed:0.550000,angle:-1.720000,distense:108.000000,rcs:22.000000
timestame:1622082568.880000000,objid:2,type:0,xpos:0.000000,ypos:0.000000,xspeed:-7.230000,yspeed:0.260000,angle:-3.100000,distense:118.400000,rcs:14.000000
timestame:1622082568.880000000,objid:3,type:0,xpos:0.000000,ypos:0.000000,xspeed:4.030000,yspeed:-0.030000,angle:-3.520000,distense:20.800000,rcs:41.000000
