timestame:1622082531.183000000,objid:2,type:0,xpos:0.000000,ypos:0.000000,xspeed:13.280000,yspeed:0.060000,angle:0.020000,distense:150.000000,rcs:19.000000
timestame:1622082531.183000000,objid:9,type:0,xpos:0.000000,ypos:0.000000,xspeed:-5.170000,yspeed:-0.020000,angle:-2.360000,distense:172.800000,rcs:13.000000
