timestame:1622082588.369000000,objid:0,type:0,xpos:0.000000,ypos:0.000000,xspeed:1.180000,yspeed:-3.830000,angle:-5.230000,distense:112.600000,rcs:22.000000
timestame:1622082588.369000000,objid:2,type:0,xpos:0.000000,ypos:0.000000,xspeed:14.110000,yspeed:0.040000,angle:-0.380000,distense:154.200000,rcs:10.000000
