timestame:1622082557.505000000,objid:1,type:0,xpos:0.000000,ypos:0.000000,xspeed:-1.180000,yspeed:-2.240000,angle:-1.260000,distense:102.800000,rcs:14.000000
timestame:1622082557.505000000,objid:2,type:0,xpos:0.000000,ypos:0.000000,xspeed:-11.730000,yspeed:-4.750000,angle:-2.110000,distense:205.400000,rcs:3.000000
timestame:1622082557.505000000,objid:3,type:0,xpos:0.000000,ypos:0.000000,xspeed:1.910000,yspeed:2.530000,angle:-1.440000,distense:110.000000,rcs:22.000000
