timestame:1622082576.560000000,objid:0,type:0,xpos:0.000000,ypos:0.000000,xspeed:-5.950000,yspeed:-1.980000,angle:-9.890000,distense:61.400000,rcs:18.000000
timestame:1622082576.560000000,objid:1,type:0,xpos:0.000000,ypos:0.000000,xspeed:-5.160000,yspeed:-1.570000,angle:-5.570000,distense:77.000000,rcs:25.000000
timestame:1622082576.560000000,objid:2,type:0,xpos:0.000000,ypos:0.000000,xspeed:2.340000,yspeed:0.120000,angle:-2.170000,distense:30.200000,rcs:41.000000
timestame:1622082576.560000000,objid:3,type:0,xpos:0.000000,ypos:0.000000,xspeed:-5.810000,yspeed:-2.430000,angle:-8.630000,distense:66.400000,rcs:28.000000
