timestame:1622082544.561000000,objid:0,type:0,xpos:0.000000,ypos:0.000000,xspeed:6.860000,yspeed:-1.610000,angle:-3.030000,distense:31.400000,rcs:32.000000
timestame:1622082544.561000000,objid:9,type:0,xpos:0.000000,ypos:0.000000,xspeed:-3.650000,yspeed:0.080000,angle:-3.610000,distense:120.400000,rcs:12.000000
