timestame:1622082462.503000000,objid:0,type:0,xpos:0.000000,ypos:0.000000,xspeed:15.810000,yspeed:-0.050000,angle:-0.690000,distense:127.800000,rcs:20.000000
timestame:1622082462.503000000,objid:1,type:0,xpos:0.000000,ypos:0.000000,xspeed:-6.410000,yspeed:-0.060000,angle:-10.440000,distense:30.800000,rcs:34.000000
