timestame:1622082568.628000000,objid:0,type:0,xpos:0.000000,ypos:0.000000,xspeed:-7.460000,yspeed:0.680000,angle:-1.610000,distense:109.800000,rcs:16.000000
timestame:1622082568.628000000,objid:2,type:0,xpos:0.000000,ypos:0.000000,xspeed:-7.230000,yspeed:0.200000,angle:-3.120000,distense:120.000000,rcs:12.000000
timestame:1622082568.628000000,objid:3,type:0,xpos:0.000000,ypos:0.000000,xspeed:4.050000,yspeed:-0.080000,angle:-3.730000,distense:19.800000,rcs:37.000000
