timestame:1622082565.067000000,objid:0,type:0,xpos:0.000000,ypos:0.000000,xspeed:-8.140000,yspeed:0.010000,angle:-2.590000,distense:136.600000,rcs:19.000000
timestame:1622082565.067000000,objid:4,type:0,xpos:0.000000,ypos:0.000000,xspeed:2.410000,yspeed:-0.780000,angle:-4.260000,distense:117.600000,rcs:15.000000
