timestame:1622082535.443000000,objid:2,type:0,xpos:0.000000,ypos:0.000000,xspeed:14.270000,yspeed:0.200000,angle:0.170000,distense:210.200000,rcs:11.000000
timestame:1622082535.443000000,objid:9,type:0,xpos:0.000000,ypos:0.000000,xspeed:-4.550000,yspeed:-0.140000,angle:-2.810000,distense:153.400000,rcs:19.000000
