timestame:1622082500.856000000,objid:0,type:0,xpos:0.000000,ypos:0.000000,xspeed:-1.070000,yspeed:-2.380000,angle:11.440000,distense:54.400000,rcs:24.000000
timestame:1622082500.856000000,objid:1,type:0,xpos:0.000000,ypos:0.000000,xspeed:-3.120000,yspeed:-0.210000,angle:-2.930000,distense:124.000000,rcs:16.000000
