timestame:1622082573.005000000,objid:0,type:0,xpos:0.000000,ypos:0.000000,xspeed:-6.020000,yspeed:-0.040000,angle:-2.130000,distense:83.000000,rcs:22.000000
timestame:1622082573.005000000,objid:4,type:0,xpos:0.000000,ypos:0.000000,xspeed:-8.000000,yspeed:0.610000,angle:-1.220000,distense:94.600000,rcs:18.000000
