timestame:1622082597.736000000,objid:0,type:0,xpos:0.000000,ypos:0.000000,xspeed:6.750000,yspeed:-1.910000,angle:0.780000,distense:129.000000,rcs:28.000000
timestame:1622082597.736000000,objid:1,type:0,xpos:0.000000,ypos:0.000000,xspeed:1.960000,yspeed:0.830000,angle:1.050000,distense:122.600000,rcs:35.000000
