timestame:1622082531.245000000,objid:2,type:0,xpos:0.000000,ypos:0.000000,xspeed:13.270000,yspeed:0.030000,angle:-0.010000,distense:150.800000,rcs:18.000000
timestame:1622082531.245000000,objid:9,type:0,xpos:0.000000,ypos:0.000000,xspeed:-5.170000,yspeed:0.000000,angle:-2.350000,distense:172.400000,rcs:12.000000
