timestame:1622082588.678000000,objid:0,type:0,xpos:0.000000,ypos:0.000000,xspeed:-4.080000,yspeed:2.430000,angle:-4.510000,distense:110.000000,rcs:22.000000
timestame:1622082588.678000000,objid:2,type:0,xpos:0.000000,ypos:0.000000,xspeed:14.410000,yspeed:0.010000,angle:-0.390000,distense:159.000000,rcs:14.000000
