timestame:1622082589.431000000,objid:0,type:0,xpos:0.000000,ypos:0.000000,xspeed:-1.130000,yspeed:1.420000,angle:-4.080000,distense:110.000000,rcs:22.000000
timestame:1622082589.431000000,objid:2,type:0,xpos:0.000000,ypos:0.000000,xspeed:14.890000,yspeed:0.070000,angle:-0.310000,distense:170.400000,rcs:5.000000
