timestame:1622082528.002000000,objid:2,type:0,xpos:0.000000,ypos:0.000000,xspeed:12.410000,yspeed:0.080000,angle:-0.060000,distense:106.800000,rcs:34.000000
timestame:1622082528.002000000,objid:9,type:0,xpos:0.000000,ypos:0.000000,xspeed:-5.210000,yspeed:-0.240000,angle:-2.270000,distense:188.800000,rcs:20.000000
