timestame:1622082456.307000000,objid:0,type:0,xpos:0.000000,ypos:0.000000,xspeed:6.980000,yspeed:-0.190000,angle:-2.010000,distense:40.800000,rcs:33.000000
timestame:1622082456.307000000,objid:1,type:0,xpos:0.000000,ypos:0.000000,xspeed:-2.730000,yspeed:0.020000,angle:-4.010000,distense:69.000000,rcs:17.000000
