timestame:1622082603.175000000,objid:0,type:0,xpos:0.000000,ypos:0.000000,xspeed:5.510000,yspeed:-0.140000,angle:4.270000,distense:28.600000,rcs:36.000000
timestame:1622082603.175000000,objid:1,type:0,xpos:0.000000,ypos:0.000000,xspeed:4.480000,yspeed:0.000000,angle:0.550000,distense:146.200000,rcs:24.000000
timestame:1622082603.175000000,objid:2,type:0,xpos:0.000000,ypos:0.000000,xspeed:4.820000,yspeed:3.390000,angle:0.770000,distense:151.200000,rcs:23.000000
