timestame:1622082531.436000000,objid:2,type:0,xpos:0.000000,ypos:0.000000,xspeed:13.260000,yspeed:0.010000,angle:-0.030000,distense:153.200000,rcs:15.000000
timestame:1622082531.436000000,objid:9,type:0,xpos:0.000000,ypos:0.000000,xspeed:-5.200000,yspeed:-0.020000,angle:-2.380000,distense:171.400000,rcs:17.000000
