timestame:1622082502.169000000,objid:0,type:0,xpos:0.000000,ypos:0.000000,xspeed:-1.660000,yspeed:-2.990000,angle:7.070000,distense:51.000000,rcs:18.000000
timestame:1622082502.169000000,objid:1,type:0,xpos:0.000000,ypos:0.000000,xspeed:-3.030000,yspeed:0.080000,angle:-2.830000,distense:120.200000,rcs:12.000000
