timestame:1622082589.245000000,objid:0,type:0,xpos:0.000000,ypos:0.000000,xspeed:-2.450000,yspeed:2.490000,angle:-3.820000,distense:109.200000,rcs:17.000000
timestame:1622082589.245000000,objid:2,type:0,xpos:0.000000,ypos:0.000000,xspeed:14.790000,yspeed:0.030000,angle:-0.350000,distense:167.600000,rcs:16.000000
