timestame:1622082598.480000000,objid:0,type:0,xpos:0.000000,ypos:0.000000,xspeed:4.810000,yspeed:-0.900000,angle:0.540000,distense:132.200000,rcs:10.000000
timestame:1622082598.480000000,objid:1,type:0,xpos:0.000000,ypos:0.000000,xspeed:2.420000,yspeed:0.650000,angle:1.070000,distense:125.000000,rcs:24.000000
