timestame:1622082523.938000000,objid:2,type:0,xpos:0.000000,ypos:0.000000,xspeed:10.330000,yspeed:-0.040000,angle:-0.530000,distense:56.600000,rcs:41.000000
timestame:1622082523.938000000,objid:9,type:0,xpos:0.000000,ypos:0.000000,xspeed:-4.590000,yspeed:-0.910000,angle:-2.040000,distense:211.000000,rcs:8.000000
