timestame:1622082466.936000000,objid:0,type:0,xpos:0.000000,ypos:0.000000,xspeed:19.870000,yspeed:-0.060000,angle:-0.440000,distense:216.800000,rcs:0.000000
timestame:1622082466.936000000,objid:1,type:0,xpos:0.000000,ypos:0.000000,xspeed:16.760000,yspeed:-0.780000,angle:-2.400000,distense:30.000000,rcs:35.000000
