timestame:1622082521.108000000,objid:0,type:0,xpos:0.000000,ypos:0.000000,xspeed:-6.070000,yspeed:-0.170000,angle:-6.480000,distense:47.400000,rcs:16.000000
timestame:1622082521.108000000,objid:1,type:0,xpos:0.000000,ypos:0.000000,xspeed:-3.390000,yspeed:4.730000,angle:7.650000,distense:66.400000,rcs:19.000000
timestame:1622082521.108000000,objid:2,type:0,xpos:0.000000,ypos:0.000000,xspeed:9.890000,yspeed:-0.090000,angle:-0.760000,distense:27.400000,rcs:46.000000
