timestame:1622082548.819000000,objid:0,type:0,xpos:0.000000,ypos:0.000000,xspeed:4.170000,yspeed:-5.810000,angle:-18.000000,distense:58.200000,rcs:14.000000
timestame:1622082548.819000000,objid:9,type:0,xpos:0.000000,ypos:0.000000,xspeed:-3.060000,yspeed:0.000000,angle:-4.320000,distense:106.800000,rcs:19.000000
