timestame:1622082573.378000000,objid:0,type:0,xpos:0.000000,ypos:0.000000,xspeed:-6.150000,yspeed:-0.190000,angle:-2.480000,distense:80.200000,rcs:23.000000
timestame:1622082573.378000000,objid:4,type:0,xpos:0.000000,ypos:0.000000,xspeed:-7.690000,yspeed:0.480000,angle:-1.240000,distense:91.800000,rcs:20.000000
