timestame:1622082531.937000000,objid:2,type:0,xpos:0.000000,ypos:0.000000,xspeed:13.300000,yspeed:0.000000,angle:-0.030000,distense:160.400000,rcs:22.000000
timestame:1622082531.937000000,objid:9,type:0,xpos:0.000000,ypos:0.000000,xspeed:-5.090000,yspeed:0.080000,angle:-2.310000,distense:168.800000,rcs:13.000000
