timestame:1622082596.551000000,objid:0,type:0,xpos:0.000000,ypos:0.000000,xspeed:-5.590000,yspeed:10.230000,angle:1.290000,distense:121.800000,rcs:14.000000
timestame:1622082596.551000000,objid:1,type:0,xpos:0.000000,ypos:0.000000,xspeed:1.780000,yspeed:1.080000,angle:0.820000,distense:120.200000,rcs:22.000000
