timestame:1622082570.133000000,objid:0,type:0,xpos:0.000000,ypos:0.000000,xspeed:-7.140000,yspeed:0.500000,angle:-1.530000,distense:99.400000,rcs:36.000000
timestame:1622082570.133000000,objid:2,type:0,xpos:0.000000,ypos:0.000000,xspeed:-6.960000,yspeed:0.810000,angle:-2.590000,distense:109.600000,rcs:16.000000
timestame:1622082570.133000000,objid:3,type:0,xpos:0.000000,ypos:0.000000,xspeed:3.380000,yspeed:0.130000,angle:-2.400000,distense:24.600000,rcs:36.000000
