timestame:1622082588.616000000,objid:0,type:0,xpos:0.000000,ypos:0.000000,xspeed:-3.900000,yspeed:1.850000,angle:-4.680000,distense:110.400000,rcs:21.000000
timestame:1622082588.616000000,objid:2,type:0,xpos:0.000000,ypos:0.000000,xspeed:14.330000,yspeed:0.030000,angle:-0.370000,distense:158.000000,rcs:12.000000
