timestame:1622082548.131000000,objid:0,type:0,xpos:0.000000,ypos:0.000000,xspeed:4.200000,yspeed:-5.040000,angle:-14.980000,distense:54.400000,rcs:18.000000
timestame:1622082548.131000000,objid:9,type:0,xpos:0.000000,ypos:0.000000,xspeed:-3.250000,yspeed:-0.150000,angle:-4.420000,distense:108.600000,rcs:22.000000
