timestame:1622082574.063000000,objid:0,type:0,xpos:0.000000,ypos:0.000000,xspeed:-6.350000,yspeed:-0.710000,angle:-3.640000,distense:75.800000,rcs:25.000000
timestame:1622082574.063000000,objid:4,type:0,xpos:0.000000,ypos:0.000000,xspeed:-7.480000,yspeed:0.120000,angle:-1.600000,distense:87.200000,rcs:22.000000
