timestame:1622082527.258000000,objid:2,type:0,xpos:0.000000,ypos:0.000000,xspeed:11.980000,yspeed:0.070000,angle:-0.120000,distense:96.600000,rcs:42.000000
timestame:1622082527.258000000,objid:9,type:0,xpos:0.000000,ypos:0.000000,xspeed:-5.070000,yspeed:-0.260000,angle:-2.170000,distense:193.000000,rcs:15.000000
