timestame:1622082526.002000000,objid:2,type:0,xpos:0.000000,ypos:0.000000,xspeed:11.420000,yspeed:0.070000,angle:-0.190000,distense:81.400000,rcs:35.000000
timestame:1622082526.002000000,objid:9,type:0,xpos:0.000000,ypos:0.000000,xspeed:-5.390000,yspeed:-0.170000,angle:-1.960000,distense:198.600000,rcs:11.000000
