timestame:1622082511.557000000,objid:0,type:0,xpos:0.000000,ypos:0.000000,xspeed:-3.480000,yspeed:0.060000,angle:-3.190000,distense:79.000000,rcs:19.000000
timestame:1622082511.557000000,objid:1,type:0,xpos:0.000000,ypos:0.000000,xspeed:-10.660000,yspeed:-1.330000,angle:-3.120000,distense:129.400000,rcs:7.000000
