timestame:1622082564.252000000,objid:0,type:0,xpos:0.000000,ypos:0.000000,xspeed:-8.530000,yspeed:-0.150000,angle:-2.650000,distense:142.400000,rcs:14.000000
timestame:1622082564.252000000,objid:2,type:0,xpos:0.000000,ypos:0.000000,xspeed:-7.210000,yspeed:0.100000,angle:-1.940000,distense:157.800000,rcs:8.000000
timestame:1622082564.252000000,objid:3,type:0,xpos:0.000000,ypos:0.000000,xspeed:-6.470000,yspeed:0.040000,angle:-2.740000,distense:152.000000,rcs:8.000000
