timestame:1622082528.688000000,objid:2,type:0,xpos:0.000000,ypos:0.000000,xspeed:12.860000,yspeed:0.030000,angle:-0.090000,distense:116.800000,rcs:26.000000
timestame:1622082528.688000000,objid:9,type:0,xpos:0.000000,ypos:0.000000,xspeed:-5.310000,yspeed:-0.240000,angle:-2.370000,distense:184.800000,rcs:19.000000
