timestame:1622082596.426000000,objid:0,type:0,xpos:0.000000,ypos:0.000000,xspeed:-8.550000,yspeed:3.240000,angle:0.420000,distense:122.000000,rcs:17.000000
timestame:1622082596.426000000,objid:1,type:0,xpos:0.000000,ypos:0.000000,xspeed:1.830000,yspeed:1.080000,angle:0.770000,distense:120.000000,rcs:17.000000
