timestame:1622082569.947000000,objid:0,type:0,xpos:0.000000,ypos:0.000000,xspeed:-7.170000,yspeed:0.540000,angle:-1.520000,distense:101.000000,rcs:28.000000
timestame:1622082569.947000000,objid:2,type:0,xpos:0.000000,ypos:0.000000,xspeed:-7.030000,yspeed:0.770000,angle:-2.680000,distense:111.200000,rcs:20.000000
timestame:1622082569.947000000,objid:3,type:0,xpos:0.000000,ypos:0.000000,xspeed:3.560000,yspeed:0.130000,angle:-2.530000,distense:24.000000,rcs:40.000000
