timestame:1622082571.821000000,objid:0,type:0,xpos:0.000000,ypos:0.000000,xspeed:-6.530000,yspeed:0.190000,angle:-1.750000,distense:89.200000,rcs:27.000000
timestame:1622082571.821000000,objid:4,type:0,xpos:0.000000,ypos:0.000000,xspeed:-6.660000,yspeed:-0.060000,angle:-1.800000,distense:105.000000,rcs:14.000000
