timestame:1622082565.319000000,objid:0,type:0,xpos:0.000000,ypos:0.000000,xspeed:-8.070000,yspeed:0.050000,angle:-2.580000,distense:134.800000,rcs:13.000000
timestame:1622082565.319000000,objid:4,type:0,xpos:0.000000,ypos:0.000000,xspeed:2.410000,yspeed:-0.780000,angle:-4.330000,distense:118.200000,rcs:15.000000
