timestame:1622082589.679000000,objid:0,type:0,xpos:0.000000,ypos:0.000000,xspeed:-1.130000,yspeed:1.420000,angle:-3.910000,distense:109.600000,rcs:22.000000
timestame:1622082589.679000000,objid:2,type:0,xpos:0.000000,ypos:0.000000,xspeed:15.120000,yspeed:-0.020000,angle:-0.380000,distense:174.400000,rcs:18.000000
