timestame:1622082459.378000000,objid:0,type:0,xpos:0.000000,ypos:0.000000,xspeed:11.330000,yspeed:0.010000,angle:-1.010000,distense:76.600000,rcs:30.000000
timestame:1622082459.378000000,objid:1,type:0,xpos:0.000000,ypos:0.000000,xspeed:-5.520000,yspeed:-0.090000,angle:-6.050000,distense:51.000000,rcs:28.000000
