timestame:1622082548.196000000,objid:0,type:0,xpos:0.000000,ypos:0.000000,xspeed:4.070000,yspeed:-4.990000,angle:-15.210000,distense:54.600000,rcs:18.000000
timestame:1622082548.196000000,objid:9,type:0,xpos:0.000000,ypos:0.000000,xspeed:-3.270000,yspeed:-0.130000,angle:-4.410000,distense:108.400000,rcs:26.000000
