timestame:1622082499.422000000,objid:0,type:0,xpos:0.000000,ypos:0.000000,xspeed:-4.310000,yspeed:-1.100000,angle:14.820000,distense:56.200000,rcs:18.000000
timestame:1622082499.422000000,objid:1,type:0,xpos:0.000000,ypos:0.000000,xspeed:-4.710000,yspeed:-1.660000,angle:-2.920000,distense:128.000000,rcs:7.000000
