timestame:1622082602.736000000,objid:0,type:0,xpos:0.000000,ypos:0.000000,xspeed:5.240000,yspeed:0.000000,angle:4.520000,distense:26.200000,rcs:38.000000
timestame:1622082602.736000000,objid:1,type:0,xpos:0.000000,ypos:0.000000,xspeed:4.350000,yspeed:-0.020000,angle:0.540000,distense:144.000000,rcs:29.000000
