timestame:1622082568.690000000,objid:0,type:0,xpos:0.000000,ypos:0.000000,xspeed:-7.450000,yspeed:0.640000,angle:-1.650000,distense:109.400000,rcs:15.000000
timestame:1622082568.690000000,objid:2,type:0,xpos:0.000000,ypos:0.000000,xspeed:-7.230000,yspeed:0.200000,angle:-3.120000,distense:119.600000,rcs:12.000000
timestame:1622082568.690000000,objid:3,type:0,xpos:0.000000,ypos:0.000000,xspeed:3.970000,yspeed:-0.100000,angle:-3.740000,distense:20.000000,rcs:36.000000
