timestame:1622082524.258000000,objid:2,type:0,xpos:0.000000,ypos:0.000000,xspeed:10.400000,yspeed:0.030000,angle:-0.370000,distense:60.400000,rcs:44.000000
timestame:1622082524.258000000,objid:9,type:0,xpos:0.000000,ypos:0.000000,xspeed:-5.350000,yspeed:-0.960000,angle:-2.190000,distense:208.200000,rcs:11.000000
