timestame:1622082533.506000000,objid:2,type:0,xpos:0.000000,ypos:0.000000,xspeed:13.680000,yspeed:-0.010000,angle:-0.050000,distense:182.200000,rcs:16.000000
timestame:1622082533.506000000,objid:9,type:0,xpos:0.000000,ypos:0.000000,xspeed:-4.640000,yspeed:0.040000,angle:-2.420000,distense:162.000000,rcs:15.000000
