timestame:1622082573.316000000,objid:0,type:0,xpos:0.000000,ypos:0.000000,xspeed:-6.050000,yspeed:-0.150000,angle:-2.380000,distense:80.600000,rcs:21.000000
timestame:1622082573.316000000,objid:4,type:0,xpos:0.000000,ypos:0.000000,xspeed:-7.780000,yspeed:0.550000,angle:-1.180000,distense:92.000000,rcs:20.000000
