timestame:1622082572.629000000,objid:0,type:0,xpos:0.000000,ypos:0.000000,xspeed:-6.080000,yspeed:0.090000,angle:-1.900000,distense:85.000000,rcs:25.000000
timestame:1622082572.629000000,objid:4,type:0,xpos:0.000000,ypos:0.000000,xspeed:-8.350000,yspeed:0.700000,angle:-1.250000,distense:97.000000,rcs:15.000000
