timestame:1622082573.940000000,objid:0,type:0,xpos:0.000000,ypos:0.000000,xspeed:-6.280000,yspeed:-0.560000,angle:-3.300000,distense:76.600000,rcs:23.000000
timestame:1622082573.940000000,objid:4,type:0,xpos:0.000000,ypos:0.000000,xspeed:-7.640000,yspeed:0.190000,angle:-1.530000,distense:87.800000,rcs:20.000000
