timestame:1622082499.299000000,objid:0,type:0,xpos:0.000000,ypos:0.000000,xspeed:-1.170000,yspeed:0.000000,angle:14.730000,distense:57.200000,rcs:13.000000
timestame:1622082499.299000000,objid:1,type:0,xpos:0.000000,ypos:0.000000,xspeed:-4.690000,yspeed:-1.670000,angle:-2.820000,distense:128.600000,rcs:10.000000
