timestame:1622082605.178000000,objid:1,type:0,xpos:0.000000,ypos:0.000000,xspeed:4.950000,yspeed:-0.100000,angle:0.380000,distense:156.800000,rcs:21.000000
timestame:1622082605.178000000,objid:2,type:0,xpos:0.000000,ypos:0.000000,xspeed:5.580000,yspeed:0.600000,angle:0.680000,distense:161.800000,rcs:29.000000
