timestame:1622082574.688000000,objid:0,type:0,xpos:0.000000,ypos:0.000000,xspeed:-6.430000,yspeed:-0.970000,angle:-4.690000,distense:71.800000,rcs:20.000000
timestame:1622082574.688000000,objid:1,type:0,xpos:0.000000,ypos:0.000000,xspeed:-4.330000,yspeed:-2.250000,angle:-3.600000,distense:88.200000,rcs:20.000000
timestame:1622082574.688000000,objid:4,type:0,xpos:0.000000,ypos:0.000000,xspeed:-7.630000,yspeed:-0.080000,angle:-1.970000,distense:82.400000,rcs:24.000000
