timestame:1622082562.247000000,objid:0,type:0,xpos:0.000000,ypos:0.000000,xspeed:-9.830000,yspeed:-0.430000,angle:-2.380000,distense:158.600000,rcs:17.000000
timestame:1622082562.247000000,objid:3,type:0,xpos:0.000000,ypos:0.000000,xspeed:-13.410000,yspeed:-0.960000,angle:-1.890000,distense:166.600000,rcs:7.000000
timestame:1622082562.247000000,objid:4,type:0,xpos:0.000000,ypos:0.000000,xspeed:-1.270000,yspeed:-2.410000,angle:-3.270000,distense:115.000000,rcs:16.000000
