timestame:1622082564.757000000,objid:0,type:0,xpos:0.000000,ypos:0.000000,xspeed:-8.370000,yspeed:-0.040000,angle:-2.610000,distense:138.600000,rcs:20.000000
timestame:1622082564.757000000,objid:2,type:0,xpos:0.000000,ypos:0.000000,xspeed:-7.210000,yspeed:0.100000,angle:-1.960000,distense:154.200000,rcs:8.000000
timestame:1622082564.757000000,objid:3,type:0,xpos:0.000000,ypos:0.000000,xspeed:-6.480000,yspeed:-0.260000,angle:-2.970000,distense:148.800000,rcs:8.000000
timestame:1622082564.757000000,objid:4,type:0,xpos:0.000000,ypos:0.000000,xspeed:6.590000,yspeed:-4.090000,angle:-4.380000,distense:117.800000,rcs:14.000000
