timestame:1622082462.255000000,objid:0,type:0,xpos:0.000000,ypos:0.000000,xspeed:15.450000,yspeed:0.000000,angle:-0.660000,distense:123.400000,rcs:13.000000
timestame:1622082462.255000000,objid:1,type:0,xpos:0.000000,ypos:0.000000,xspeed:-6.410000,yspeed:-0.060000,angle:-9.920000,distense:32.200000,rcs:34.000000
