timestame:1622082570.256000000,objid:0,type:0,xpos:0.000000,ypos:0.000000,xspeed:-7.090000,yspeed:0.520000,angle:-1.470000,distense:98.600000,rcs:31.000000
timestame:1622082570.256000000,objid:2,type:0,xpos:0.000000,ypos:0.000000,xspeed:-6.960000,yspeed:0.810000,angle:-2.560000,distense:108.800000,rcs:16.000000
timestame:1622082570.256000000,objid:3,type:0,xpos:0.000000,ypos:0.000000,xspeed:3.360000,yspeed:0.080000,angle:-2.500000,distense:25.000000,rcs:35.000000
