timestame:1622082526.756000000,objid:2,type:0,xpos:0.000000,ypos:0.000000,xspeed:11.690000,yspeed:0.060000,angle:-0.150000,distense:90.200000,rcs:40.000000
timestame:1622082526.756000000,objid:9,type:0,xpos:0.000000,ypos:0.000000,xspeed:-5.320000,yspeed:-0.270000,angle:-2.130000,distense:195.000000,rcs:10.000000
