timestame:1622082534.499000000,objid:2,type:0,xpos:0.000000,ypos:0.000000,xspeed:14.070000,yspeed:0.070000,angle:0.030000,distense:197.000000,rcs:15.000000
timestame:1622082534.499000000,objid:9,type:0,xpos:0.000000,ypos:0.000000,xspeed:-4.670000,yspeed:-0.070000,angle:-2.640000,distense:157.200000,rcs:16.000000
