timestame:1622082456.245000000,objid:0,type:0,xpos:0.000000,ypos:0.000000,xspeed:6.980000,yspeed:-0.190000,angle:-2.020000,distense:40.200000,rcs:33.000000
timestame:1622082456.245000000,objid:1,type:0,xpos:0.000000,ypos:0.000000,xspeed:-2.660000,yspeed:-0.060000,angle:-4.100000,distense:69.200000,rcs:15.000000
