timestame:1622082532.689000000,objid:2,type:0,xpos:0.000000,ypos:0.000000,xspeed:13.430000,yspeed:-0.080000,angle:-0.100000,distense:170.200000,rcs:21.000000
timestame:1622082532.689000000,objid:9,type:0,xpos:0.000000,ypos:0.000000,xspeed:-4.910000,yspeed:0.010000,angle:-2.420000,distense:165.600000,rcs:14.000000
