timestame:1622082551.380000000,objid:0,type:0,xpos:0.000000,ypos:0.000000,xspeed:-1.170000,yspeed:0.000000,angle:-2.430000,distense:108.400000,rcs:18.000000
timestame:1622082551.380000000,objid:9,type:0,xpos:0.000000,ypos:0.000000,xspeed:-1.850000,yspeed:0.990000,angle:-2.570000,distense:102.200000,rcs:19.000000
