timestame:1622082567.007000000,objid:0,type:0,xpos:0.000000,ypos:0.000000,xspeed:-7.760000,yspeed:0.420000,angle:-2.210000,distense:121.600000,rcs:22.000000
timestame:1622082567.007000000,objid:2,type:0,xpos:0.000000,ypos:0.000000,xspeed:-7.360000,yspeed:-0.050000,angle:-3.040000,distense:132.000000,rcs:13.000000
