timestame:1622082559.688000000,objid:0,type:0,xpos:0.000000,ypos:0.000000,xspeed:-9.570000,yspeed:-0.620000,angle:-1.670000,distense:184.200000,rcs:10.000000
timestame:1622082559.688000000,objid:2,type:0,xpos:0.000000,ypos:0.000000,xspeed:-12.760000,yspeed:-0.210000,angle:-1.510000,distense:190.800000,rcs:7.000000
