timestame:1622082565.256000000,objid:0,type:0,xpos:0.000000,ypos:0.000000,xspeed:-8.080000,yspeed:0.010000,angle:-2.610000,distense:135.200000,rcs:20.000000
timestame:1622082565.256000000,objid:4,type:0,xpos:0.000000,ypos:0.000000,xspeed:2.410000,yspeed:-0.780000,angle:-4.310000,distense:118.000000,rcs:15.000000
