timestame:1622082591.927000000,objid:1,type:0,xpos:0.000000,ypos:0.000000,xspeed:1.780000,yspeed:-0.300000,angle:-2.160000,distense:111.600000,rcs:18.000000
timestame:1622082591.927000000,objid:2,type:0,xpos:0.000000,ypos:0.000000,xspeed:16.720000,yspeed:-0.040000,angle:-0.320000,distense:214.200000,rcs:0.000000
