timestame:1622082520.055000000,objid:0,type:0,xpos:0.000000,ypos:0.000000,xspeed:-5.470000,yspeed:-0.150000,angle:-5.410000,distense:54.400000,rcs:24.000000
timestame:1622082520.055000000,objid:1,type:0,xpos:0.000000,ypos:0.000000,xspeed:-4.380000,yspeed:0.000000,angle:2.850000,distense:69.200000,rcs:16.000000
