timestame:1622082521.188000000,objid:0,type:0,xpos:0.000000,ypos:0.000000,xspeed:-6.020000,yspeed:-0.160000,angle:-6.580000,distense:46.800000,rcs:14.000000
timestame:1622082521.188000000,objid:1,type:0,xpos:0.000000,ypos:0.000000,xspeed:-3.390000,yspeed:4.730000,angle:8.180000,distense:66.000000,rcs:19.000000
timestame:1622082521.188000000,objid:2,type:0,xpos:0.000000,ypos:0.000000,xspeed:9.840000,yspeed:-0.230000,angle:-0.970000,distense:28.600000,rcs:45.000000
