timestame:1622082501.425000000,objid:0,type:0,xpos:0.000000,ypos:0.000000,xspeed:-1.500000,yspeed:-3.010000,angle:9.190000,distense:52.600000,rcs:19.000000
timestame:1622082501.425000000,objid:1,type:0,xpos:0.000000,ypos:0.000000,xspeed:-3.030000,yspeed:-0.060000,angle:-2.890000,distense:122.400000,rcs:19.000000
