timestame:1622082524.877000000,objid:2,type:0,xpos:0.000000,ypos:0.000000,xspeed:10.730000,yspeed:0.000000,angle:-0.360000,distense:67.400000,rcs:47.000000
timestame:1622082524.877000000,objid:9,type:0,xpos:0.000000,ypos:0.000000,xspeed:-5.600000,yspeed:-0.630000,angle:-2.150000,distense:204.400000,rcs:10.000000
