timestame:1622082570.631000000,objid:0,type:0,xpos:0.000000,ypos:0.000000,xspeed:-6.970000,yspeed:0.360000,angle:-1.620000,distense:96.400000,rcs:14.000000
timestame:1622082570.631000000,objid:2,type:0,xpos:0.000000,ypos:0.000000,xspeed:-6.960000,yspeed:0.810000,angle:-2.460000,distense:106.200000,rcs:16.000000
timestame:1622082570.631000000,objid:3,type:0,xpos:0.000000,ypos:0.000000,xspeed:3.160000,yspeed:0.110000,angle:-2.240000,distense:25.800000,rcs:32.000000
timestame:1622082570.631000000,objid:4,type:0,xpos:0.000000,ypos:0.000000,xspeed:-10.400000,yspeed:1.100000,angle:-1.290000,distense:112.000000,rcs:13.000000
