timestame:1622082592.174000000,objid:1,type:0,xpos:0.000000,ypos:0.000000,xspeed:2.590000,yspeed:0.540000,angle:-1.830000,distense:112.600000,rcs:15.000000
timestame:1622082592.174000000,objid:2,type:0,xpos:0.000000,ypos:0.000000,xspeed:16.830000,yspeed:-0.050000,angle:-0.320000,distense:218.400000,rcs:5.000000
