timestame:1622082602.861000000,objid:0,type:0,xpos:0.000000,ypos:0.000000,xspeed:5.360000,yspeed:-0.060000,angle:4.530000,distense:26.800000,rcs:35.000000
timestame:1622082602.861000000,objid:1,type:0,xpos:0.000000,ypos:0.000000,xspeed:4.390000,yspeed:0.000000,angle:0.550000,distense:144.600000,rcs:29.000000
timestame:1622082602.861000000,objid:2,type:0,xpos:0.000000,ypos:0.000000,xspeed:4.950000,yspeed:0.000000,angle:0.400000,distense:150.000000,rcs:28.000000
