timestame:1622082605.675000000,objid:1,type:0,xpos:0.000000,ypos:0.000000,xspeed:5.090000,yspeed:-0.040000,angle:0.420000,distense:159.600000,rcs:23.000000
timestame:1622082605.675000000,objid:2,type:0,xpos:0.000000,ypos:0.000000,xspeed:5.210000,yspeed:0.700000,angle:0.790000,distense:164.200000,rcs:25.000000
