timestame:1622082596.364000000,objid:0,type:0,xpos:0.000000,ypos:0.000000,xspeed:-8.550000,yspeed:3.240000,angle:0.330000,distense:122.400000,rcs:17.000000
timestame:1622082596.364000000,objid:1,type:0,xpos:0.000000,ypos:0.000000,xspeed:1.870000,yspeed:1.100000,angle:0.750000,distense:120.000000,rcs:17.000000
