timestame:1622082598.168000000,objid:0,type:0,xpos:0.000000,ypos:0.000000,xspeed:5.350000,yspeed:-1.340000,angle:0.570000,distense:131.000000,rcs:28.000000
timestame:1622082598.168000000,objid:1,type:0,xpos:0.000000,ypos:0.000000,xspeed:2.250000,yspeed:0.710000,angle:1.050000,distense:124.000000,rcs:20.000000
