timestame:1622082519.931000000,objid:0,type:0,xpos:0.000000,ypos:0.000000,xspeed:-5.350000,yspeed:-0.200000,angle:-5.390000,distense:55.400000,rcs:23.000000
timestame:1622082519.931000000,objid:1,type:0,xpos:0.000000,ypos:0.000000,xspeed:-4.380000,yspeed:0.000000,angle:2.830000,distense:69.800000,rcs:16.000000
