timestame:1622082569.761000000,objid:0,type:0,xpos:0.000000,ypos:0.000000,xspeed:-7.210000,yspeed:0.540000,angle:-1.560000,distense:102.400000,rcs:23.000000
timestame:1622082569.761000000,objid:2,type:0,xpos:0.000000,ypos:0.000000,xspeed:-7.120000,yspeed:0.570000,angle:-2.880000,distense:112.400000,rcs:14.000000
timestame:1622082569.761000000,objid:3,type:0,xpos:0.000000,ypos:0.000000,xspeed:3.600000,yspeed:0.140000,angle:-2.650000,distense:23.400000,rcs:37.000000
timestame:1622082569.761000000,objid:4,type:0,xpos:0.000000,ypos:0.000000,xspeed:-7.000000,yspeed:0.000000,angle:-1.940000,distense:118.600000,rcs:13.000000
