timestame:1622082521.250000000,objid:0,type:0,xpos:0.000000,ypos:0.000000,xspeed:-6.020000,yspeed:-0.160000,angle:-6.640000,distense:46.400000,rcs:14.000000
timestame:1622082521.250000000,objid:1,type:0,xpos:0.000000,ypos:0.000000,xspeed:-3.390000,yspeed:4.730000,angle:8.450000,distense:65.800000,rcs:19.000000
timestame:1622082521.250000000,objid:2,type:0,xpos:0.000000,ypos:0.000000,xspeed:9.840000,yspeed:-0.200000,angle:-0.930000,distense:29.200000,rcs:44.000000
