timestame:1622082549.565000000,objid:0,type:0,xpos:0.000000,ypos:0.000000,xspeed:3.420000,yspeed:-6.180000,angle:-18.000000,distense:61.800000,rcs:14.000000
timestame:1622082549.565000000,objid:9,type:0,xpos:0.000000,ypos:0.000000,xspeed:-2.990000,yspeed:0.180000,angle:-4.130000,distense:104.600000,rcs:13.000000
