timestame:1622082581.932000000,objid:1,type:0,xpos:0.000000,ypos:0.000000,xspeed:-3.530000,yspeed:-3.280000,angle:-18.000000,distense:59.600000,rcs:26.000000
timestame:1622082581.932000000,objid:2,type:0,xpos:0.000000,ypos:0.000000,xspeed:8.480000,yspeed:0.000000,angle:-0.760000,distense:69.200000,rcs:23.000000
timestame:1622082581.932000000,objid:7,type:0,xpos:0.000000,ypos:0.000000,xspeed:1.370000,yspeed:-0.590000,angle:-18.000000,distense:65.000000,rcs:30.000000
