timestame:1622082530.626000000,objid:2,type:0,xpos:0.000000,ypos:0.000000,xspeed:13.230000,yspeed:0.090000,angle:0.040000,distense:142.800000,rcs:32.000000
timestame:1622082530.626000000,objid:9,type:0,xpos:0.000000,ypos:0.000000,xspeed:-4.950000,yspeed:0.020000,angle:-2.280000,distense:175.800000,rcs:16.000000
