timestame:1622082536.063000000,objid:2,type:0,xpos:0.000000,ypos:0.000000,xspeed:14.530000,yspeed:0.240000,angle:0.230000,distense:220.200000,rcs:10.000000
timestame:1622082536.063000000,objid:9,type:0,xpos:0.000000,ypos:0.000000,xspeed:-4.370000,yspeed:-0.130000,angle:-2.870000,distense:150.600000,rcs:15.000000
