timestame:1622082570.506000000,objid:0,type:0,xpos:0.000000,ypos:0.000000,xspeed:-6.990000,yspeed:0.480000,angle:-1.480000,distense:97.200000,rcs:29.000000
timestame:1622082570.506000000,objid:2,type:0,xpos:0.000000,ypos:0.000000,xspeed:-6.960000,yspeed:0.810000,angle:-2.500000,distense:107.200000,rcs:16.000000
timestame:1622082570.506000000,objid:3,type:0,xpos:0.000000,ypos:0.000000,xspeed:3.280000,yspeed:0.060000,angle:-2.460000,distense:25.600000,rcs:35.000000
timestame:1622082570.506000000,objid:4,type:0,xpos:0.000000,ypos:0.000000,xspeed:-10.400000,yspeed:1.100000,angle:-1.340000,distense:113.200000,rcs:13.000000
