timestame:1622082529.502000000,objid:2,type:0,xpos:0.000000,ypos:0.000000,xspeed:13.110000,yspeed:0.080000,angle:-0.010000,distense:127.400000,rcs:29.000000
timestame:1622082529.502000000,objid:9,type:0,xpos:0.000000,ypos:0.000000,xspeed:-4.840000,yspeed:-0.140000,angle:-2.360000,distense:181.600000,rcs:15.000000
