timestame:1622082529.688000000,objid:2,type:0,xpos:0.000000,ypos:0.000000,xspeed:13.130000,yspeed:0.090000,angle:0.010000,distense:129.800000,rcs:29.000000
timestame:1622082529.688000000,objid:9,type:0,xpos:0.000000,ypos:0.000000,xspeed:-4.760000,yspeed:-0.110000,angle:-2.340000,distense:180.800000,rcs:10.000000
