timestame:1622082569.637000000,objid:0,type:0,xpos:0.000000,ypos:0.000000,xspeed:-7.230000,yspeed:0.570000,angle:-1.540000,distense:103.200000,rcs:21.000000
timestame:1622082569.637000000,objid:2,type:0,xpos:0.000000,ypos:0.000000,xspeed:-7.270000,yspeed:0.420000,angle:-3.000000,distense:113.000000,rcs:17.000000
timestame:1622082569.637000000,objid:3,type:0,xpos:0.000000,ypos:0.000000,xspeed:3.700000,yspeed:0.080000,angle:-2.860000,distense:23.200000,rcs:45.000000
timestame:1622082569.637000000,objid:4,type:0,xpos:0.000000,ypos:0.000000,xspeed:-7.000000,yspeed:0.000000,angle:-1.920000,distense:119.400000,rcs:13.000000
