timestame:1622082588.808000000,objid:0,type:0,xpos:0.000000,ypos:0.000000,xspeed:-3.980000,yspeed:2.680000,angle:-4.300000,distense:109.600000,rcs:19.000000
timestame:1622082588.808000000,objid:2,type:0,xpos:0.000000,ypos:0.000000,xspeed:14.440000,yspeed:-0.010000,angle:-0.410000,distense:160.800000,rcs:10.000000
