timestame:1622082569.386000000,objid:0,type:0,xpos:0.000000,ypos:0.000000,xspeed:-7.380000,yspeed:0.640000,angle:-1.510000,distense:104.600000,rcs:18.000000
timestame:1622082569.386000000,objid:2,type:0,xpos:0.000000,ypos:0.000000,xspeed:-7.270000,yspeed:0.420000,angle:-3.010000,distense:114.800000,rcs:17.000000
timestame:1622082569.386000000,objid:3,type:0,xpos:0.000000,ypos:0.000000,xspeed:3.770000,yspeed:0.040000,angle:-3.120000,distense:22.400000,rcs:37.000000
timestame:1622082569.386000000,objid:4,type:0,xpos:0.000000,ypos:0.000000,xspeed:-7.000000,yspeed:0.000000,angle:-1.900000,distense:121.000000,rcs:13.000000
