timestame:1622082520.984000000,objid:0,type:0,xpos:0.000000,ypos:0.000000,xspeed:-6.150000,yspeed:-0.190000,angle:-6.410000,distense:48.000000,rcs:17.000000
timestame:1622082520.984000000,objid:1,type:0,xpos:0.000000,ypos:0.000000,xspeed:-3.480000,yspeed:4.920000,angle:7.220000,distense:66.600000,rcs:14.000000
timestame:1622082520.984000000,objid:2,type:0,xpos:0.000000,ypos:0.000000,xspeed:9.870000,yspeed:-0.160000,angle:-0.870000,distense:26.200000,rcs:48.000000
