timestame:1622082569.509000000,objid:0,type:0,xpos:0.000000,ypos:0.000000,xspeed:-7.320000,yspeed:0.590000,angle:-1.550000,distense:103.800000,rcs:14.000000
timestame:1622082569.509000000,objid:2,type:0,xpos:0.000000,ypos:0.000000,xspeed:-7.270000,yspeed:0.420000,angle:-3.010000,distense:114.000000,rcs:17.000000
timestame:1622082569.509000000,objid:3,type:0,xpos:0.000000,ypos:0.000000,xspeed:3.770000,yspeed:0.080000,angle:-2.940000,distense:22.800000,rcs:44.000000
timestame:1622082569.509000000,objid:4,type:0,xpos:0.000000,ypos:0.000000,xspeed:-7.000000,yspeed:0.000000,angle:-1.910000,distense:120.200000,rcs:13.000000
