timestame:1622082536.517000000,objid:2,type:0,xpos:0.000000,ypos:0.000000,xspeed:14.480000,yspeed:0.290000,angle:0.290000,distense:226.200000,rcs:5.000000
timestame:1622082536.517000000,objid:9,type:0,xpos:0.000000,ypos:0.000000,xspeed:-4.320000,yspeed:-0.260000,angle:-3.070000,distense:149.000000,rcs:21.000000
