timestame:1622082588.997000000,objid:0,type:0,xpos:0.000000,ypos:0.000000,xspeed:-2.540000,yspeed:2.340000,angle:-4.160000,distense:109.800000,rcs:18.000000
timestame:1622082588.997000000,objid:2,type:0,xpos:0.000000,ypos:0.000000,xspeed:14.610000,yspeed:-0.050000,angle:-0.430000,distense:163.800000,rcs:9.000000
