timestame:1622082511.990000000,objid:0,type:0,xpos:0.000000,ypos:0.000000,xspeed:-3.150000,yspeed:0.020000,angle:-3.280000,distense:78.200000,rcs:17.000000
timestame:1622082511.990000000,objid:1,type:0,xpos:0.000000,ypos:0.000000,xspeed:-6.120000,yspeed:-2.870000,angle:-3.710000,distense:127.400000,rcs:6.000000
