timestame:1622082536.388000000,objid:2,type:0,xpos:0.000000,ypos:0.000000,xspeed:14.480000,yspeed:0.290000,angle:0.290000,distense:224.600000,rcs:5.000000
timestame:1622082536.388000000,objid:9,type:0,xpos:0.000000,ypos:0.000000,xspeed:-4.290000,yspeed:-0.200000,angle:-2.980000,distense:149.600000,rcs:11.000000
