timestame:1622082531.559000000,objid:2,type:0,xpos:0.000000,ypos:0.000000,xspeed:13.280000,yspeed:0.010000,angle:-0.020000,distense:154.800000,rcs:21.000000
timestame:1622082531.559000000,objid:9,type:0,xpos:0.000000,ypos:0.000000,xspeed:-5.210000,yspeed:0.010000,angle:-2.370000,distense:170.800000,rcs:17.000000
