timestame:1622082531.621000000,objid:2,type:0,xpos:0.000000,ypos:0.000000,xspeed:13.280000,yspeed:0.010000,angle:-0.030000,distense:155.600000,rcs:26.000000
timestame:1622082531.621000000,objid:9,type:0,xpos:0.000000,ypos:0.000000,xspeed:-5.220000,yspeed:0.020000,angle:-2.360000,distense:170.400000,rcs:16.000000
