timestame:1622082572.943000000,objid:0,type:0,xpos:0.000000,ypos:0.000000,xspeed:-6.140000,yspeed:-0.020000,angle:-2.100000,distense:83.000000,rcs:21.000000
timestame:1622082572.943000000,objid:4,type:0,xpos:0.000000,ypos:0.000000,xspeed:-8.120000,yspeed:0.640000,angle:-1.210000,distense:95.000000,rcs:15.000000
