timestame:1622082574.998000000,objid:0,type:0,xpos:0.000000,ypos:0.000000,xspeed:-6.490000,yspeed:-1.130000,angle:-5.430000,distense:69.400000,rcs:18.000000
timestame:1622082574.998000000,objid:1,type:0,xpos:0.000000,ypos:0.000000,xspeed:-7.570000,yspeed:0.570000,angle:-3.550000,distense:85.000000,rcs:23.000000
timestame:1622082574.998000000,objid:4,type:0,xpos:0.000000,ypos:0.000000,xspeed:-7.640000,yspeed:-0.240000,angle:-2.310000,distense:79.600000,rcs:23.000000
