timestame:1622082523.185000000,objid:2,type:0,xpos:0.000000,ypos:0.000000,xspeed:10.120000,yspeed:-0.060000,angle:-0.620000,distense:48.800000,rcs:47.000000
timestame:1622082523.185000000,objid:9,type:0,xpos:0.000000,ypos:0.000000,xspeed:-4.050000,yspeed:-1.060000,angle:-1.880000,distense:214.800000,rcs:13.000000
