timestame:1622082571.945000000,objid:0,type:0,xpos:0.000000,ypos:0.000000,xspeed:-6.580000,yspeed:0.170000,angle:-1.770000,distense:88.400000,rcs:21.000000
timestame:1622082571.945000000,objid:4,type:0,xpos:0.000000,ypos:0.000000,xspeed:-7.660000,yspeed:0.300000,angle:-1.640000,distense:103.200000,rcs:14.000000
