timestame:1622082570.755000000,objid:0,type:0,xpos:0.000000,ypos:0.000000,xspeed:-7.000000,yspeed:0.390000,angle:-1.560000,distense:95.400000,rcs:21.000000
timestame:1622082570.755000000,objid:3,type:0,xpos:0.000000,ypos:0.000000,xspeed:3.160000,yspeed:0.110000,angle:-2.180000,distense:26.000000,rcs:32.000000
timestame:1622082570.755000000,objid:4,type:0,xpos:0.000000,ypos:0.000000,xspeed:-6.860000,yspeed:-1.400000,angle:-1.490000,distense:111.800000,rcs:12.000000
