timestame:1622082604.613000000,objid:0,type:0,xpos:0.000000,ypos:0.000000,xspeed:4.970000,yspeed:0.630000,angle:5.080000,distense:35.600000,rcs:30.000000
timestame:1622082604.613000000,objid:1,type:0,xpos:0.000000,ypos:0.000000,xspeed:4.900000,yspeed:-0.050000,angle:0.450000,distense:153.800000,rcs:21.000000
timestame:1622082604.613000000,objid:2,type:0,xpos:0.000000,ypos:0.000000,xspeed:3.300000,yspeed:-1.420000,angle:0.570000,distense:158.400000,rcs:25.000000
