timestame:1622082500.981000000,objid:0,type:0,xpos:0.000000,ypos:0.000000,xspeed:-1.100000,yspeed:-2.490000,angle:11.050000,distense:54.000000,rcs:20.000000
timestame:1622082500.981000000,objid:1,type:0,xpos:0.000000,ypos:0.000000,xspeed:-3.060000,yspeed:-0.230000,angle:-2.970000,distense:123.800000,rcs:7.000000
