timestame:1622082531.750000000,objid:2,type:0,xpos:0.000000,ypos:0.000000,xspeed:13.320000,yspeed:-0.020000,angle:-0.050000,distense:158.000000,rcs:26.000000
timestame:1622082531.750000000,objid:9,type:0,xpos:0.000000,ypos:0.000000,xspeed:-5.240000,yspeed:0.050000,angle:-2.340000,distense:169.400000,rcs:13.000000
