timestame:1622082530.998000000,objid:2,type:0,xpos:0.000000,ypos:0.000000,xspeed:13.260000,yspeed:0.090000,angle:0.050000,distense:147.600000,rcs:17.000000
timestame:1622082530.998000000,objid:9,type:0,xpos:0.000000,ypos:0.000000,xspeed:-5.090000,yspeed:-0.030000,angle:-2.360000,distense:173.800000,rcs:12.000000
