timestame:1622082456.183000000,objid:0,type:0,xpos:0.000000,ypos:0.000000,xspeed:6.840000,yspeed:-0.200000,angle:-2.050000,distense:39.600000,rcs:36.000000
timestame:1622082456.183000000,objid:1,type:0,xpos:0.000000,ypos:0.000000,xspeed:-2.650000,yspeed:-0.090000,angle:-4.130000,distense:69.400000,rcs:18.000000
