timestame:1622082527.816000000,objid:2,type:0,xpos:0.000000,ypos:0.000000,xspeed:12.320000,yspeed:0.080000,angle:-0.060000,distense:104.400000,rcs:34.000000
timestame:1622082527.816000000,objid:9,type:0,xpos:0.000000,ypos:0.000000,xspeed:-5.180000,yspeed:-0.290000,angle:-2.290000,distense:189.800000,rcs:17.000000
