timestame:1622082520.613000000,objid:0,type:0,xpos:0.000000,ypos:0.000000,xspeed:-5.930000,yspeed:-0.240000,angle:-6.100000,distense:50.600000,rcs:18.000000
timestame:1622082520.613000000,objid:1,type:0,xpos:0.000000,ypos:0.000000,xspeed:-3.660000,yspeed:5.790000,angle:5.800000,distense:67.600000,rcs:15.000000
timestame:1622082520.613000000,objid:2,type:0,xpos:0.000000,ypos:0.000000,xspeed:9.940000,yspeed:-0.560000,angle:-1.160000,distense:22.800000,rcs:50.000000
