timestame:1622082532.627000000,objid:2,type:0,xpos:0.000000,ypos:0.000000,xspeed:13.390000,yspeed:-0.090000,angle:-0.120000,distense:169.400000,rcs:23.000000
timestame:1622082532.627000000,objid:9,type:0,xpos:0.000000,ypos:0.000000,xspeed:-4.950000,yspeed:0.010000,angle:-2.420000,distense:165.800000,rcs:18.000000
