timestame:1622082603.609000000,objid:0,type:0,xpos:0.000000,ypos:0.000000,xspeed:5.050000,yspeed:0.300000,angle:4.530000,distense:30.800000,rcs:31.000000
timestame:1622082603.609000000,objid:1,type:0,xpos:0.000000,ypos:0.000000,xspeed:4.670000,yspeed:-0.020000,angle:0.520000,distense:148.800000,rcs:24.000000
timestame:1622082603.609000000,objid:2,type:0,xpos:0.000000,ypos:0.000000,xspeed:4.820000,yspeed:3.390000,angle:1.370000,distense:153.400000,rcs:23.000000
