timestame:1622082549.937000000,objid:0,type:0,xpos:0.000000,ypos:0.000000,xspeed:3.170000,yspeed:-6.370000,angle:-18.000000,distense:63.600000,rcs:14.000000
timestame:1622082549.937000000,objid:9,type:0,xpos:0.000000,ypos:0.000000,xspeed:-2.830000,yspeed:0.300000,angle:-3.950000,distense:103.800000,rcs:17.000000
