timestame:1622082513.003000000,objid:0,type:0,xpos:0.000000,ypos:0.000000,xspeed:-2.860000,yspeed:0.060000,angle:-3.280000,distense:75.800000,rcs:14.000000
timestame:1622082513.003000000,objid:1,type:0,xpos:0.000000,ypos:0.000000,xspeed:-7.760000,yspeed:0.280000,angle:-3.460000,distense:119.400000,rcs:13.000000
