timestame:1622082501.735000000,objid:0,type:0,xpos:0.000000,ypos:0.000000,xspeed:-1.430000,yspeed:-3.010000,angle:8.270000,distense:52.200000,rcs:22.000000
timestame:1622082501.735000000,objid:1,type:0,xpos:0.000000,ypos:0.000000,xspeed:-2.970000,yspeed:-0.100000,angle:-2.970000,distense:121.600000,rcs:8.000000
