timestame:1622082459.508000000,objid:0,type:0,xpos:0.000000,ypos:0.000000,xspeed:11.510000,yspeed:0.000000,angle:-1.000000,distense:78.400000,rcs:26.000000
timestame:1622082459.508000000,objid:1,type:0,xpos:0.000000,ypos:0.000000,xspeed:-5.640000,yspeed:-0.110000,angle:-6.210000,distense:50.000000,rcs:13.000000
