timestame:1622082532.318000000,objid:2,type:0,xpos:0.000000,ypos:0.000000,xspeed:13.370000,yspeed:-0.050000,angle:-0.080000,distense:165.400000,rcs:21.000000
timestame:1622082532.318000000,objid:9,type:0,xpos:0.000000,ypos:0.000000,xspeed:-5.030000,yspeed:0.010000,angle:-2.400000,distense:167.200000,rcs:17.000000
