timestame:1622082510.101000000,objid:0,type:0,xpos:0.000000,ypos:0.000000,xspeed:-4.040000,yspeed:-0.100000,angle:-3.270000,distense:83.400000,rcs:17.000000
timestame:1622082510.101000000,objid:1,type:0,xpos:0.000000,ypos:0.000000,xspeed:-9.040000,yspeed:0.000000,angle:-2.290000,distense:144.200000,rcs:9.000000
