timestame:1622082535.319000000,objid:2,type:0,xpos:0.000000,ypos:0.000000,xspeed:14.270000,yspeed:0.170000,angle:0.140000,distense:208.600000,rcs:13.000000
timestame:1622082535.319000000,objid:9,type:0,xpos:0.000000,ypos:0.000000,xspeed:-4.590000,yspeed:-0.140000,angle:-2.800000,distense:153.800000,rcs:22.000000
