timestame:1622082533.629000000,objid:2,type:0,xpos:0.000000,ypos:0.000000,xspeed:13.770000,yspeed:0.040000,angle:-0.010000,distense:184.000000,rcs:10.000000
timestame:1622082533.629000000,objid:9,type:0,xpos:0.000000,ypos:0.000000,xspeed:-4.710000,yspeed:-0.070000,angle:-2.530000,distense:161.400000,rcs:17.000000
