timestame:1622082569.447000000,objid:0,type:0,xpos:0.000000,ypos:0.000000,xspeed:-7.360000,yspeed:0.620000,angle:-1.520000,distense:104.200000,rcs:27.000000
timestame:1622082569.447000000,objid:2,type:0,xpos:0.000000,ypos:0.000000,xspeed:-7.270000,yspeed:0.420000,angle:-3.010000,distense:114.400000,rcs:17.000000
timestame:1622082569.447000000,objid:3,type:0,xpos:0.000000,ypos:0.000000,xspeed:3.780000,yspeed:0.080000,angle:-3.000000,distense:22.600000,rcs:40.000000
timestame:1622082569.447000000,objid:4,type:0,xpos:0.000000,ypos:0.000000,xspeed:-7.000000,yspeed:0.000000,angle:-1.900000,distense:120.600000,rcs:13.000000
