timestame:1622082548.630000000,objid:0,type:0,xpos:0.000000,ypos:0.000000,xspeed:4.200000,yspeed:-5.440000,angle:-17.270000,distense:57.200000,rcs:13.000000
timestame:1622082548.630000000,objid:9,type:0,xpos:0.000000,ypos:0.000000,xspeed:-3.180000,yspeed:-0.080000,angle:-4.410000,distense:107.200000,rcs:15.000000
