timestame:1622082598.790000000,objid:0,type:0,xpos:0.000000,ypos:0.000000,xspeed:4.810000,yspeed:-0.900000,angle:0.420000,distense:133.600000,rcs:10.000000
timestame:1622082598.790000000,objid:1,type:0,xpos:0.000000,ypos:0.000000,xspeed:2.700000,yspeed:0.500000,angle:0.970000,distense:126.400000,rcs:29.000000
