timestame:1622082457.617000000,objid:0,type:0,xpos:0.000000,ypos:0.000000,xspeed:8.880000,yspeed:-0.120000,angle:-1.600000,distense:53.800000,rcs:19.000000
timestame:1622082457.617000000,objid:1,type:0,xpos:0.000000,ypos:0.000000,xspeed:-4.070000,yspeed:-0.120000,angle:-4.700000,distense:62.200000,rcs:22.000000
