timestame:1622082524.319000000,objid:2,type:0,xpos:0.000000,ypos:0.000000,xspeed:10.410000,yspeed:0.030000,angle:-0.370000,distense:61.200000,rcs:45.000000
timestame:1622082524.319000000,objid:9,type:0,xpos:0.000000,ypos:0.000000,xspeed:-5.390000,yspeed:-1.010000,angle:-2.240000,distense:207.800000,rcs:14.000000
