timestame:1622082570.380000000,objid:0,type:0,xpos:0.000000,ypos:0.000000,xspeed:-6.990000,yspeed:0.480000,angle:-1.500000,distense:98.000000,rcs:29.000000
timestame:1622082570.380000000,objid:2,type:0,xpos:0.000000,ypos:0.000000,xspeed:-6.960000,yspeed:0.810000,angle:-2.530000,distense:108.000000,rcs:16.000000
timestame:1622082570.380000000,objid:3,type:0,xpos:0.000000,ypos:0.000000,xspeed:3.330000,yspeed:0.080000,angle:-2.420000,distense:25.200000,rcs:33.000000
