timestame:1622082567.813000000,objid:0,type:0,xpos:0.000000,ypos:0.000000,xspeed:-7.610000,yspeed:0.650000,angle:-1.820000,distense:115.800000,rcs:18.000000
timestame:1622082567.813000000,objid:2,type:0,xpos:0.000000,ypos:0.000000,xspeed:-7.870000,yspeed:0.450000,angle:-2.980000,distense:125.800000,rcs:10.000000
