timestame:1622082571.447000000,objid:0,type:0,xpos:0.000000,ypos:0.000000,xspeed:-6.340000,yspeed:0.380000,angle:-1.480000,distense:91.800000,rcs:21.000000
timestame:1622082571.447000000,objid:4,type:0,xpos:0.000000,ypos:0.000000,xspeed:-6.780000,yspeed:0.470000,angle:-1.600000,distense:107.200000,rcs:14.000000
