timestame:1622082528.064000000,objid:2,type:0,xpos:0.000000,ypos:0.000000,xspeed:12.450000,yspeed:0.090000,angle:-0.040000,distense:107.600000,rcs:30.000000
timestame:1622082528.064000000,objid:9,type:0,xpos:0.000000,ypos:0.000000,xspeed:-5.240000,yspeed:-0.230000,angle:-2.270000,distense:188.400000,rcs:21.000000
