timestame:1622082563.005000000,objid:0,type:0,xpos:0.000000,ypos:0.000000,xspeed:-9.380000,yspeed:-0.380000,angle:-2.560000,distense:152.000000,rcs:15.000000
timestame:1622082563.005000000,objid:2,type:0,xpos:0.000000,ypos:0.000000,xspeed:-7.870000,yspeed:0.000000,angle:-1.720000,distense:167.400000,rcs:7.000000
timestame:1622082563.005000000,objid:3,type:0,xpos:0.000000,ypos:0.000000,xspeed:-9.460000,yspeed:-0.740000,angle:-2.390000,distense:159.600000,rcs:8.000000
