timestame:1622082520.427000000,objid:0,type:0,xpos:0.000000,ypos:0.000000,xspeed:-5.710000,yspeed:-0.160000,angle:-5.740000,distense:52.000000,rcs:16.000000
timestame:1622082520.427000000,objid:1,type:0,xpos:0.000000,ypos:0.000000,xspeed:-3.860000,yspeed:6.700000,angle:5.060000,distense:68.200000,rcs:19.000000
timestame:1622082520.427000000,objid:2,type:0,xpos:0.000000,ypos:0.000000,xspeed:10.510000,yspeed:-0.340000,angle:-0.880000,distense:21.200000,rcs:53.000000
