timestame:1622082563.067000000,objid:0,type:0,xpos:0.000000,ypos:0.000000,xspeed:-9.290000,yspeed:-0.410000,angle:-2.600000,distense:151.600000,rcs:14.000000
timestame:1622082563.067000000,objid:2,type:0,xpos:0.000000,ypos:0.000000,xspeed:-16.010000,yspeed:1.840000,angle:-1.680000,distense:165.400000,rcs:9.000000
timestame:1622082563.067000000,objid:3,type:0,xpos:0.000000,ypos:0.000000,xspeed:-8.090000,yspeed:-1.850000,angle:-2.690000,distense:160.000000,rcs:9.000000
