timestame:1622082529.066000000,objid:2,type:0,xpos:0.000000,ypos:0.000000,xspeed:13.000000,yspeed:0.050000,angle:-0.050000,distense:121.800000,rcs:27.000000
timestame:1622082529.066000000,objid:9,type:0,xpos:0.000000,ypos:0.000000,xspeed:-5.280000,yspeed:-0.230000,angle:-2.410000,distense:183.000000,rcs:16.000000
