timestame:1622082567.502000000,objid:0,type:0,xpos:0.000000,ypos:0.000000,xspeed:-7.590000,yspeed:0.560000,angle:-1.990000,distense:118.200000,rcs:26.000000
timestame:1622082567.502000000,objid:2,type:0,xpos:0.000000,ypos:0.000000,xspeed:-7.700000,yspeed:0.500000,angle:-2.970000,distense:128.200000,rcs:13.000000
