timestame:1622082528.936000000,objid:2,type:0,xpos:0.000000,ypos:0.000000,xspeed:12.950000,yspeed:0.040000,angle:-0.070000,distense:120.200000,rcs:31.000000
timestame:1622082528.936000000,objid:9,type:0,xpos:0.000000,ypos:0.000000,xspeed:-5.320000,yspeed:-0.230000,angle:-2.400000,distense:183.400000,rcs:15.000000
