timestame:1622082568.063000000,objid:0,type:0,xpos:0.000000,ypos:0.000000,xspeed:-7.590000,yspeed:0.590000,angle:-1.840000,distense:114.000000,rcs:20.000000
timestame:1622082568.063000000,objid:2,type:0,xpos:0.000000,ypos:0.000000,xspeed:-7.640000,yspeed:0.860000,angle:-2.760000,distense:124.000000,rcs:8.000000
timestame:1622082568.063000000,objid:3,type:0,xpos:0.000000,ypos:0.000000,xspeed:4.170000,yspeed:0.100000,angle:-4.040000,distense:17.400000,rcs:37.000000
