timestame:1622082592.113000000,objid:1,type:0,xpos:0.000000,ypos:0.000000,xspeed:2.230000,yspeed:0.290000,angle:-1.940000,distense:112.200000,rcs:17.000000
timestame:1622082592.113000000,objid:2,type:0,xpos:0.000000,ypos:0.000000,xspeed:16.780000,yspeed:-0.040000,angle:-0.310000,distense:217.200000,rcs:2.000000
