timestame:1622082571.317000000,objid:0,type:0,xpos:0.000000,ypos:0.000000,xspeed:-6.700000,yspeed:0.320000,angle:-1.610000,distense:92.400000,rcs:27.000000
timestame:1622082571.317000000,objid:4,type:0,xpos:0.000000,ypos:0.000000,xspeed:-6.110000,yspeed:-2.140000,angle:-2.200000,distense:108.800000,rcs:14.000000
