timestame:1622082597.673000000,objid:0,type:0,xpos:0.000000,ypos:0.000000,xspeed:6.750000,yspeed:-1.910000,angle:0.830000,distense:128.600000,rcs:28.000000
timestame:1622082597.673000000,objid:1,type:0,xpos:0.000000,ypos:0.000000,xspeed:1.930000,yspeed:0.840000,angle:1.040000,distense:122.400000,rcs:30.000000
