timestame:1622082535.877000000,objid:2,type:0,xpos:0.000000,ypos:0.000000,xspeed:14.450000,yspeed:0.240000,angle:0.220000,distense:217.400000,rcs:12.000000
timestame:1622082535.877000000,objid:9,type:0,xpos:0.000000,ypos:0.000000,xspeed:-4.460000,yspeed:-0.080000,angle:-2.790000,distense:151.400000,rcs:17.000000
