timestame:1622082534.819000000,objid:2,type:0,xpos:0.000000,ypos:0.000000,xspeed:14.210000,yspeed:0.140000,angle:0.100000,distense:201.600000,rcs:11.000000
timestame:1622082534.819000000,objid:9,type:0,xpos:0.000000,ypos:0.000000,xspeed:-4.600000,yspeed:-0.100000,angle:-2.700000,distense:156.000000,rcs:16.000000
