timestame:1622082523.619000000,objid:2,type:0,xpos:0.000000,ypos:0.000000,xspeed:10.260000,yspeed:-0.030000,angle:-0.540000,distense:53.400000,rcs:49.000000
timestame:1622082523.619000000,objid:9,type:0,xpos:0.000000,ypos:0.000000,xspeed:-4.430000,yspeed:-0.990000,angle:-1.990000,distense:212.600000,rcs:14.000000
