timestame:1622082455.186000000,objid:0,type:0,xpos:0.000000,ypos:0.000000,xspeed:6.160000,yspeed:-0.140000,angle:-2.110000,distense:32.200000,rcs:31.000000
timestame:1622082455.186000000,objid:1,type:0,xpos:0.000000,ypos:0.000000,xspeed:-1.650000,yspeed:-0.360000,angle:-4.050000,distense:73.000000,rcs:14.000000
