timestame:1622082568.251000000,objid:0,type:0,xpos:0.000000,ypos:0.000000,xspeed:-7.550000,yspeed:0.610000,angle:-1.780000,distense:112.800000,rcs:19.000000
timestame:1622082568.251000000,objid:2,type:0,xpos:0.000000,ypos:0.000000,xspeed:-7.470000,yspeed:0.220000,angle:-3.090000,distense:123.000000,rcs:7.000000
timestame:1622082568.251000000,objid:3,type:0,xpos:0.000000,ypos:0.000000,xspeed:3.910000,yspeed:-0.380000,angle:-4.250000,distense:18.200000,rcs:38.000000
