timestame:1622082571.759000000,objid:0,type:0,xpos:0.000000,ypos:0.000000,xspeed:-6.480000,yspeed:0.180000,angle:-1.750000,distense:89.600000,rcs:24.000000
timestame:1622082571.759000000,objid:4,type:0,xpos:0.000000,ypos:0.000000,xspeed:-6.660000,yspeed:-0.060000,angle:-1.790000,distense:105.400000,rcs:14.000000
