timestame:1622082462.069000000,objid:0,type:0,xpos:0.000000,ypos:0.000000,xspeed:15.110000,yspeed:-0.060000,angle:-0.750000,distense:120.000000,rcs:15.000000
timestame:1622082462.069000000,objid:1,type:0,xpos:0.000000,ypos:0.000000,xspeed:-6.410000,yspeed:-0.060000,angle:-9.560000,distense:33.400000,rcs:34.000000
