timestame:1622082527.691000000,objid:2,type:0,xpos:0.000000,ypos:0.000000,xspeed:12.260000,yspeed:0.080000,angle:-0.080000,distense:102.800000,rcs:40.000000
timestame:1622082527.691000000,objid:9,type:0,xpos:0.000000,ypos:0.000000,xspeed:-5.120000,yspeed:-0.290000,angle:-2.270000,distense:190.400000,rcs:14.000000
