timestame:1622082572.007000000,objid:0,type:0,xpos:0.000000,ypos:0.000000,xspeed:-6.620000,yspeed:0.150000,angle:-1.810000,distense:87.800000,rcs:24.000000
timestame:1622082572.007000000,objid:4,type:0,xpos:0.000000,ypos:0.000000,xspeed:-7.690000,yspeed:0.510000,angle:-1.530000,distense:102.800000,rcs:12.000000
