timestame:1622082570.009000000,objid:0,type:0,xpos:0.000000,ypos:0.000000,xspeed:-7.120000,yspeed:0.520000,angle:-1.530000,distense:100.800000,rcs:21.000000
timestame:1622082570.009000000,objid:2,type:0,xpos:0.000000,ypos:0.000000,xspeed:-7.030000,yspeed:0.770000,angle:-2.670000,distense:110.800000,rcs:20.000000
timestame:1622082570.009000000,objid:3,type:0,xpos:0.000000,ypos:0.000000,xspeed:3.530000,yspeed:0.110000,angle:-2.550000,distense:24.200000,rcs:39.000000
