timestame:1622082461.884000000,objid:0,type:0,xpos:0.000000,ypos:0.000000,xspeed:14.950000,yspeed:-0.080000,angle:-0.780000,distense:117.000000,rcs:17.000000
timestame:1622082461.884000000,objid:1,type:0,xpos:0.000000,ypos:0.000000,xspeed:-6.270000,yspeed:-0.050000,angle:-9.130000,distense:34.800000,rcs:30.000000
