timestame:1622082579.557000000,objid:1,type:0,xpos:0.000000,ypos:0.000000,xspeed:-4.580000,yspeed:-1.950000,angle:-11.740000,distense:64.400000,rcs:26.000000
timestame:1622082579.557000000,objid:2,type:0,xpos:0.000000,ypos:0.000000,xspeed:5.390000,yspeed:0.050000,angle:-1.150000,distense:47.200000,rcs:36.000000
timestame:1622082579.557000000,objid:5,type:0,xpos:0.000000,ypos:0.000000,xspeed:-3.780000,yspeed:-3.090000,angle:-16.660000,distense:61.600000,rcs:28.000000
