timestame:1622082522.189000000,objid:2,type:0,xpos:0.000000,ypos:0.000000,xspeed:10.010000,yspeed:-0.170000,angle:-0.840000,distense:38.400000,rcs:40.000000
timestame:1622082522.189000000,objid:3,type:0,xpos:0.000000,ypos:0.000000,xspeed:-1.800000,yspeed:7.540000,angle:14.060000,distense:66.000000,rcs:17.000000
timestame:1622082522.189000000,objid:9,type:0,xpos:0.000000,ypos:0.000000,xspeed:-6.240000,yspeed:-4.680000,angle:-1.760000,distense:218.000000,rcs:10.000000
