timestame:1622082510.300000000,objid:0,type:0,xpos:0.000000,ypos:0.000000,xspeed:-3.910000,yspeed:-0.010000,angle:-3.180000,distense:82.800000,rcs:18.000000
timestame:1622082510.300000000,objid:1,type:0,xpos:0.000000,ypos:0.000000,xspeed:-6.430000,yspeed:-3.080000,angle:-2.490000,distense:143.400000,rcs:9.000000
