timestame:1622082520.798000000,objid:0,type:0,xpos:0.000000,ypos:0.000000,xspeed:-6.110000,yspeed:-0.200000,angle:-6.240000,distense:49.200000,rcs:24.000000
timestame:1622082520.798000000,objid:1,type:0,xpos:0.000000,ypos:0.000000,xspeed:-3.930000,yspeed:5.320000,angle:6.570000,distense:67.000000,rcs:18.000000
timestame:1622082520.798000000,objid:2,type:0,xpos:0.000000,ypos:0.000000,xspeed:9.970000,yspeed:-0.250000,angle:-0.950000,distense:24.600000,rcs:55.000000
