timestame:1622082588.936000000,objid:0,type:0,xpos:0.000000,ypos:0.000000,xspeed:-3.310000,yspeed:2.320000,angle:-4.250000,distense:109.400000,rcs:22.000000
timestame:1622082588.936000000,objid:2,type:0,xpos:0.000000,ypos:0.000000,xspeed:14.520000,yspeed:-0.030000,angle:-0.420000,distense:162.600000,rcs:15.000000
