timestame:1622082521.750000000,objid:0,type:0,xpos:0.000000,ypos:0.000000,xspeed:-6.090000,yspeed:-0.170000,angle:-7.230000,distense:43.400000,rcs:31.000000
timestame:1622082521.750000000,objid:2,type:0,xpos:0.000000,ypos:0.000000,xspeed:9.880000,yspeed:0.140000,angle:-0.260000,distense:34.000000,rcs:43.000000
timestame:1622082521.750000000,objid:3,type:0,xpos:0.000000,ypos:0.000000,xspeed:-2.640000,yspeed:9.480000,angle:11.790000,distense:65.800000,rcs:17.000000
