timestame:1622082522.812000000,objid:0,type:0,xpos:0.000000,ypos:0.000000,xspeed:-10.030000,yspeed:-4.170000,angle:14.960000,distense:57.800000,rcs:15.000000
timestame:1622082522.812000000,objid:2,type:0,xpos:0.000000,ypos:0.000000,xspeed:10.080000,yspeed:-0.070000,angle:-0.650000,distense:45.200000,rcs:48.000000
timestame:1622082522.812000000,objid:9,type:0,xpos:0.000000,ypos:0.000000,xspeed:-3.050000,yspeed:-0.030000,angle:-1.550000,distense:216.800000,rcs:10.000000
