timestame:1622082460.886000000,objid:0,type:0,xpos:0.000000,ypos:0.000000,xspeed:13.720000,yspeed:-0.040000,angle:-0.840000,distense:100.000000,rcs:19.000000
timestame:1622082460.886000000,objid:1,type:0,xpos:0.000000,ypos:0.000000,xspeed:-6.010000,yspeed:-0.090000,angle:-7.660000,distense:41.400000,rcs:29.000000
