timestame:1622082502.295000000,objid:0,type:0,xpos:0.000000,ypos:0.000000,xspeed:-1.680000,yspeed:-2.990000,angle:6.710000,distense:50.600000,rcs:22.000000
timestame:1622082502.295000000,objid:1,type:0,xpos:0.000000,ypos:0.000000,xspeed:-3.030000,yspeed:0.080000,angle:-2.830000,distense:119.800000,rcs:12.000000
