timestame:1622082578.619000000,objid:1,type:0,xpos:0.000000,ypos:0.000000,xspeed:-4.800000,yspeed:-1.670000,angle:-9.190000,distense:68.000000,rcs:26.000000
timestame:1622082578.619000000,objid:2,type:0,xpos:0.000000,ypos:0.000000,xspeed:4.370000,yspeed:0.080000,angle:-1.370000,distense:40.400000,rcs:39.000000
timestame:1622082578.619000000,objid:3,type:0,xpos:0.000000,ypos:0.000000,xspeed:-4.440000,yspeed:-2.920000,angle:-15.780000,distense:59.200000,rcs:29.000000
timestame:1622082578.619000000,objid:5,type:0,xpos:0.000000,ypos:0.000000,xspeed:-5.060000,yspeed:-1.980000,angle:-12.760000,distense:63.000000,rcs:26.000000
