timestame:1622082551.569000000,objid:0,type:0,xpos:0.000000,ypos:0.000000,xspeed:-9.920000,yspeed:0.920000,angle:-2.400000,distense:106.000000,rcs:17.000000
timestame:1622082551.569000000,objid:9,type:0,xpos:0.000000,ypos:0.000000,xspeed:-1.780000,yspeed:1.120000,angle:-2.300000,distense:102.000000,rcs:20.000000
