timestame:1622082564.942000000,objid:0,type:0,xpos:0.000000,ypos:0.000000,xspeed:-8.180000,yspeed:-0.020000,angle:-2.610000,distense:137.600000,rcs:16.000000
timestame:1622082564.942000000,objid:4,type:0,xpos:0.000000,ypos:0.000000,xspeed:3.540000,yspeed:0.190000,angle:-4.060000,distense:117.800000,rcs:16.000000
