timestame:1622082564.377000000,objid:0,type:0,xpos:0.000000,ypos:0.000000,xspeed:-8.480000,yspeed:-0.110000,angle:-2.630000,distense:141.400000,rcs:30.000000
timestame:1622082564.377000000,objid:2,type:0,xpos:0.000000,ypos:0.000000,xspeed:-7.210000,yspeed:0.100000,angle:-1.940000,distense:156.800000,rcs:8.000000
timestame:1622082564.377000000,objid:3,type:0,xpos:0.000000,ypos:0.000000,xspeed:-6.480000,yspeed:-0.260000,angle:-2.890000,distense:151.200000,rcs:8.000000
