timestame:1622082467.122000000,objid:0,type:0,xpos:0.000000,ypos:0.000000,xspeed:19.900000,yspeed:-0.050000,angle:-0.430000,distense:220.400000,rcs:6.000000
timestame:1622082467.122000000,objid:1,type:0,xpos:0.000000,ypos:0.000000,xspeed:18.080000,yspeed:0.220000,angle:-2.090000,distense:33.400000,rcs:34.000000
