timestame:1622082520.860000000,objid:0,type:0,xpos:0.000000,ypos:0.000000,xspeed:-6.140000,yspeed:-0.210000,angle:-6.330000,distense:48.800000,rcs:24.000000
timestame:1622082520.860000000,objid:1,type:0,xpos:0.000000,ypos:0.000000,xspeed:-3.850000,yspeed:5.480000,angle:6.930000,distense:66.800000,rcs:15.000000
timestame:1622082520.860000000,objid:2,type:0,xpos:0.000000,ypos:0.000000,xspeed:10.020000,yspeed:-0.210000,angle:-0.910000,distense:25.200000,rcs:55.000000
