timestame:1622082551.817000000,objid:0,type:0,xpos:0.000000,ypos:0.000000,xspeed:1.240000,yspeed:4.080000,angle:-1.580000,distense:108.200000,rcs:18.000000
timestame:1622082551.817000000,objid:9,type:0,xpos:0.000000,ypos:0.000000,xspeed:-1.580000,yspeed:1.340000,angle:-1.850000,distense:102.000000,rcs:23.000000
