timestame:1622082459.693000000,objid:0,type:0,xpos:0.000000,ypos:0.000000,xspeed:11.820000,yspeed:-0.010000,angle:-0.970000,distense:81.000000,rcs:23.000000
timestame:1622082459.693000000,objid:1,type:0,xpos:0.000000,ypos:0.000000,xspeed:-5.720000,yspeed:-0.150000,angle:-6.460000,distense:49.000000,rcs:18.000000
