timestame:1622082529.000000000,objid:2,type:0,xpos:0.000000,ypos:0.000000,xspeed:12.970000,yspeed:0.050000,angle:-0.050000,distense:121.000000,rcs:33.000000
timestame:1622082529.000000000,objid:9,type:0,xpos:0.000000,ypos:0.000000,xspeed:-5.330000,yspeed:-0.210000,angle:-2.380000,distense:183.200000,rcs:17.000000
