timestame:1622082562.437000000,objid:0,type:0,xpos:0.000000,ypos:0.000000,xspeed:-9.720000,yspeed:-0.430000,angle:-2.430000,distense:157.000000,rcs:16.000000
timestame:1622082562.437000000,objid:3,type:0,xpos:0.000000,ypos:0.000000,xspeed:-13.070000,yspeed:-3.170000,angle:-2.400000,distense:164.400000,rcs:8.000000
timestame:1622082562.437000000,objid:4,type:0,xpos:0.000000,ypos:0.000000,xspeed:-1.090000,yspeed:-4.050000,angle:-3.700000,distense:115.000000,rcs:16.000000
