timestame:1622082576.123000000,objid:0,type:0,xpos:0.000000,ypos:0.000000,xspeed:-6.120000,yspeed:-1.660000,angle:-8.170000,distense:63.600000,rcs:19.000000
timestame:1622082576.123000000,objid:1,type:0,xpos:0.000000,ypos:0.000000,xspeed:-5.410000,yspeed:-0.870000,angle:-4.390000,distense:79.200000,rcs:24.000000
timestame:1622082576.123000000,objid:2,type:0,xpos:0.000000,ypos:0.000000,xspeed:2.010000,yspeed:0.090000,angle:-2.440000,distense:28.800000,rcs:31.000000
timestame:1622082576.123000000,objid:3,type:0,xpos:0.000000,ypos:0.000000,xspeed:-5.730000,yspeed:-3.040000,angle:-7.510000,distense:69.000000,rcs:28.000000
