timestame:1622082460.817000000,objid:0,type:0,xpos:0.000000,ypos:0.000000,xspeed:13.620000,yspeed:-0.060000,angle:-0.870000,distense:99.000000,rcs:20.000000
timestame:1622082460.817000000,objid:1,type:0,xpos:0.000000,ypos:0.000000,xspeed:-5.900000,yspeed:-0.100000,angle:-7.590000,distense:42.000000,rcs:29.000000
