timestame:1622082501.486000000,objid:0,type:0,xpos:0.000000,ypos:0.000000,xspeed:-1.490000,yspeed:-3.080000,angle:8.890000,distense:52.400000,rcs:24.000000
timestame:1622082501.486000000,objid:1,type:0,xpos:0.000000,ypos:0.000000,xspeed:-3.030000,yspeed:-0.060000,angle:-2.900000,distense:122.200000,rcs:19.000000
