timestame:1622082528.559000000,objid:2,type:0,xpos:0.000000,ypos:0.000000,xspeed:12.790000,yspeed:0.030000,angle:-0.090000,distense:114.400000,rcs:26.000000
timestame:1622082528.559000000,objid:9,type:0,xpos:0.000000,ypos:0.000000,xspeed:-5.290000,yspeed:-0.240000,angle:-2.350000,distense:185.800000,rcs:18.000000
