timestame:1622082462.317000000,objid:0,type:0,xpos:0.000000,ypos:0.000000,xspeed:15.550000,yspeed:-0.020000,angle:-0.680000,distense:124.600000,rcs:11.000000
timestame:1622082462.317000000,objid:1,type:0,xpos:0.000000,ypos:0.000000,xspeed:-6.410000,yspeed:-0.060000,angle:-10.040000,distense:31.800000,rcs:34.000000
