timestame:1622082598.543000000,objid:0,type:0,xpos:0.000000,ypos:0.000000,xspeed:4.810000,yspeed:-0.900000,angle:0.520000,distense:132.400000,rcs:10.000000
timestame:1622082598.543000000,objid:1,type:0,xpos:0.000000,ypos:0.000000,xspeed:2.510000,yspeed:0.620000,angle:1.050000,distense:125.400000,rcs:17.000000
