timestame:1622082527.567000000,objid:2,type:0,xpos:0.000000,ypos:0.000000,xspeed:12.180000,yspeed:0.080000,angle:-0.080000,distense:101.200000,rcs:36.000000
timestame:1622082527.567000000,objid:9,type:0,xpos:0.000000,ypos:0.000000,xspeed:-5.030000,yspeed:-0.290000,angle:-2.250000,distense:191.200000,rcs:17.000000
