timestame:1622082581.371000000,objid:1,type:0,xpos:0.000000,ypos:0.000000,xspeed:-3.960000,yspeed:-3.050000,angle:-18.000000,distense:60.000000,rcs:32.000000
timestame:1622082581.371000000,objid:2,type:0,xpos:0.000000,ypos:0.000000,xspeed:7.790000,yspeed:0.120000,angle:-0.670000,distense:63.400000,rcs:27.000000
timestame:1622082581.371000000,objid:7,type:0,xpos:0.000000,ypos:0.000000,xspeed:1.470000,yspeed:-0.560000,angle:-18.000000,distense:64.400000,rcs:25.000000
