timestame:1622082523.999000000,objid:2,type:0,xpos:0.000000,ypos:0.000000,xspeed:10.340000,yspeed:-0.030000,angle:-0.520000,distense:57.200000,rcs:47.000000
timestame:1622082523.999000000,objid:9,type:0,xpos:0.000000,ypos:0.000000,xspeed:-4.720000,yspeed:-0.920000,angle:-2.070000,distense:210.600000,rcs:8.000000
