timestame:1622082456.998000000,objid:0,type:0,xpos:0.000000,ypos:0.000000,xspeed:7.830000,yspeed:-0.120000,angle:-1.760000,distense:47.000000,rcs:22.000000
timestame:1622082456.998000000,objid:1,type:0,xpos:0.000000,ypos:0.000000,xspeed:-3.410000,yspeed:0.050000,angle:-4.140000,distense:65.800000,rcs:21.000000
