timestame:1622082597.175000000,objid:0,type:0,xpos:0.000000,ypos:0.000000,xspeed:4.640000,yspeed:1.210000,angle:1.440000,distense:124.800000,rcs:17.000000
timestame:1622082597.175000000,objid:1,type:0,xpos:0.000000,ypos:0.000000,xspeed:1.690000,yspeed:0.970000,angle:0.990000,distense:121.000000,rcs:15.000000
