timestame:1622082531.497000000,objid:2,type:0,xpos:0.000000,ypos:0.000000,xspeed:13.290000,yspeed:0.000000,angle:-0.030000,distense:154.000000,rcs:13.000000
timestame:1622082531.497000000,objid:9,type:0,xpos:0.000000,ypos:0.000000,xspeed:-5.190000,yspeed:-0.020000,angle:-2.380000,distense:171.200000,rcs:18.000000
