timestame:1622082521.440000000,objid:0,type:0,xpos:0.000000,ypos:0.000000,xspeed:-6.090000,yspeed:-0.170000,angle:-6.880000,distense:45.200000,rcs:31.000000
timestame:1622082521.440000000,objid:1,type:0,xpos:0.000000,ypos:0.000000,xspeed:-3.390000,yspeed:4.730000,angle:9.270000,distense:65.400000,rcs:19.000000
timestame:1622082521.440000000,objid:2,type:0,xpos:0.000000,ypos:0.000000,xspeed:9.780000,yspeed:-0.010000,angle:-0.610000,distense:31.000000,rcs:41.000000
timestame:1622082521.440000000,objid:3,type:0,xpos:0.000000,ypos:0.000000,xspeed:-1.630000,yspeed:6.700000,angle:9.000000,distense:66.200000,rcs:18.000000
