timestame:1622082455.247000000,objid:0,type:0,xpos:0.000000,ypos:0.000000,xspeed:6.200000,yspeed:-0.150000,angle:-2.120000,distense:32.600000,rcs:33.000000
timestame:1622082455.247000000,objid:1,type:0,xpos:0.000000,ypos:0.000000,xspeed:-1.770000,yspeed:-0.210000,angle:-3.950000,distense:72.800000,rcs:14.000000
