timestame:1622082569.258000000,objid:0,type:0,xpos:0.000000,ypos:0.000000,xspeed:-7.410000,yspeed:0.580000,angle:-1.610000,distense:105.400000,rcs:23.000000
timestame:1622082569.258000000,objid:2,type:0,xpos:0.000000,ypos:0.000000,xspeed:-7.230000,yspeed:0.260000,angle:-3.120000,distense:115.800000,rcs:14.000000
timestame:1622082569.258000000,objid:3,type:0,xpos:0.000000,ypos:0.000000,xspeed:3.900000,yspeed:-0.010000,angle:-3.290000,distense:22.200000,rcs:40.000000
timestame:1622082569.258000000,objid:4,type:0,xpos:0.000000,ypos:0.000000,xspeed:-7.000000,yspeed:0.000000,angle:-1.890000,distense:122.000000,rcs:13.000000
