timestame:1622082534.373000000,objid:2,type:0,xpos:0.000000,ypos:0.000000,xspeed:14.020000,yspeed:0.050000,angle:0.010000,distense:195.400000,rcs:20.000000
timestame:1622082534.373000000,objid:9,type:0,xpos:0.000000,ypos:0.000000,xspeed:-4.750000,yspeed:-0.120000,angle:-2.680000,distense:157.600000,rcs:8.000000
