timestame:1622082605.111000000,objid:1,type:0,xpos:0.000000,ypos:0.000000,xspeed:4.950000,yspeed:-0.100000,angle:0.380000,distense:156.600000,rcs:21.000000
timestame:1622082605.111000000,objid:2,type:0,xpos:0.000000,ypos:0.000000,xspeed:5.770000,yspeed:0.540000,angle:0.650000,distense:161.600000,rcs:26.000000
