timestame:1622082527.069000000,objid:2,type:0,xpos:0.000000,ypos:0.000000,xspeed:11.870000,yspeed:0.070000,angle:-0.120000,distense:94.200000,rcs:32.000000
timestame:1622082527.069000000,objid:9,type:0,xpos:0.000000,ypos:0.000000,xspeed:-5.160000,yspeed:-0.300000,angle:-2.190000,distense:193.800000,rcs:10.000000
