timestame:1622082550.251000000,objid:0,type:0,xpos:0.000000,ypos:0.000000,xspeed:3.060000,yspeed:-6.410000,angle:-18.000000,distense:65.000000,rcs:13.000000
timestame:1622082550.251000000,objid:9,type:0,xpos:0.000000,ypos:0.000000,xspeed:-2.660000,yspeed:0.500000,angle:-3.650000,distense:103.400000,rcs:18.000000
