timestame:1622082454.805000000,objid:0,type:0,xpos:0.000000,ypos:0.000000,xspeed:5.860000,yspeed:-0.280000,angle:-2.300000,distense:29.800000,rcs:41.000000
timestame:1622082454.805000000,objid:1,type:0,xpos:0.000000,ypos:0.000000,xspeed:-1.500000,yspeed:-0.080000,angle:-3.760000,distense:73.600000,rcs:13.000000
