timestame:1622082551.881000000,objid:0,type:0,xpos:0.000000,ypos:0.000000,xspeed:1.370000,yspeed:1.690000,angle:-1.720000,distense:108.400000,rcs:17.000000
timestame:1622082551.881000000,objid:9,type:0,xpos:0.000000,ypos:0.000000,xspeed:-1.450000,yspeed:1.410000,angle:-1.670000,distense:102.000000,rcs:19.000000
