timestame:1622082530.249000000,objid:2,type:0,xpos:0.000000,ypos:0.000000,xspeed:13.250000,yspeed:0.110000,angle:0.050000,distense:138.000000,rcs:23.000000
timestame:1622082530.249000000,objid:9,type:0,xpos:0.000000,ypos:0.000000,xspeed:-4.860000,yspeed:0.060000,angle:-2.220000,distense:177.800000,rcs:14.000000
