timestame:1622082523.247000000,objid:2,type:0,xpos:0.000000,ypos:0.000000,xspeed:10.140000,yspeed:-0.060000,angle:-0.610000,distense:49.600000,rcs:40.000000
timestame:1622082523.247000000,objid:9,type:0,xpos:0.000000,ypos:0.000000,xspeed:-4.080000,yspeed:-1.150000,angle:-1.930000,distense:214.400000,rcs:13.000000
