timestame:1622082532.503000000,objid:2,type:0,xpos:0.000000,ypos:0.000000,xspeed:13.360000,yspeed:-0.070000,angle:-0.100000,distense:167.800000,rcs:15.000000
timestame:1622082532.503000000,objid:9,type:0,xpos:0.000000,ypos:0.000000,xspeed:-4.950000,yspeed:0.010000,angle:-2.410000,distense:166.400000,rcs:18.000000
