timestame:1622082536.125000000,objid:2,type:0,xpos:0.000000,ypos:0.000000,xspeed:14.530000,yspeed:0.250000,angle:0.240000,distense:221.200000,rcs:10.000000
timestame:1622082536.125000000,objid:9,type:0,xpos:0.000000,ypos:0.000000,xspeed:-4.350000,yspeed:-0.190000,angle:-2.940000,distense:150.400000,rcs:15.000000
