timestame:1622082567.192000000,objid:0,type:0,xpos:0.000000,ypos:0.000000,xspeed:-7.730000,yspeed:0.460000,angle:-2.140000,distense:120.200000,rcs:16.000000
timestame:1622082567.192000000,objid:2,type:0,xpos:0.000000,ypos:0.000000,xspeed:-6.640000,yspeed:0.080000,angle:-3.040000,distense:131.000000,rcs:9.000000
