timestame:1622082522.560000000,objid:0,type:0,xpos:0.000000,ypos:0.000000,xspeed:-10.030000,yspeed:-4.170000,angle:15.370000,distense:61.000000,rcs:15.000000
timestame:1622082522.560000000,objid:2,type:0,xpos:0.000000,ypos:0.000000,xspeed:10.040000,yspeed:-0.130000,angle:-0.790000,distense:42.000000,rcs:40.000000
timestame:1622082522.560000000,objid:9,type:0,xpos:0.000000,ypos:0.000000,xspeed:-1.790000,yspeed:0.930000,angle:-1.410000,distense:218.200000,rcs:8.000000
