timestame:1622082557.319000000,objid:1,type:0,xpos:0.000000,ypos:0.000000,xspeed:1.290000,yspeed:-4.640000,angle:-1.430000,distense:104.000000,rcs:17.000000
timestame:1622082557.319000000,objid:2,type:0,xpos:0.000000,ypos:0.000000,xspeed:-11.200000,yspeed:-4.930000,angle:-1.880000,distense:207.800000,rcs:8.000000
timestame:1622082557.319000000,objid:3,type:0,xpos:0.000000,ypos:0.000000,xspeed:4.750000,yspeed:3.600000,angle:-1.590000,distense:110.400000,rcs:21.000000
