timestame:1622082569.576000000,objid:0,type:0,xpos:0.000000,ypos:0.000000,xspeed:-7.260000,yspeed:0.600000,angle:-1.510000,distense:103.600000,rcs:19.000000
timestame:1622082569.576000000,objid:2,type:0,xpos:0.000000,ypos:0.000000,xspeed:-7.270000,yspeed:0.420000,angle:-3.000000,distense:113.600000,rcs:17.000000
timestame:1622082569.576000000,objid:3,type:0,xpos:0.000000,ypos:0.000000,xspeed:3.750000,yspeed:0.080000,angle:-2.890000,distense:23.000000,rcs:37.000000
timestame:1622082569.576000000,objid:4,type:0,xpos:0.000000,ypos:0.000000,xspeed:-7.000000,yspeed:0.000000,angle:-1.920000,distense:119.800000,rcs:13.000000
