timestame:1622082455.997000000,objid:0,type:0,xpos:0.000000,ypos:0.000000,xspeed:6.710000,yspeed:-0.200000,angle:-2.070000,distense:37.800000,rcs:31.000000
timestame:1622082455.997000000,objid:1,type:0,xpos:0.000000,ypos:0.000000,xspeed:-2.440000,yspeed:0.010000,angle:-3.940000,distense:70.400000,rcs:21.000000
