timestame:1622082530.497000000,objid:2,type:0,xpos:0.000000,ypos:0.000000,xspeed:13.230000,yspeed:0.100000,angle:0.040000,distense:141.200000,rcs:30.000000
timestame:1622082530.497000000,objid:9,type:0,xpos:0.000000,ypos:0.000000,xspeed:-4.860000,yspeed:0.040000,angle:-2.250000,distense:176.600000,rcs:16.000000
