timestame:1622082501.113000000,objid:0,type:0,xpos:0.000000,ypos:0.000000,xspeed:-1.170000,yspeed:-2.600000,angle:10.640000,distense:53.800000,rcs:17.000000
timestame:1622082501.113000000,objid:1,type:0,xpos:0.000000,ypos:0.000000,xspeed:-3.050000,yspeed:-0.200000,angle:-2.970000,distense:123.400000,rcs:15.000000
