timestame:1622082457.803000000,objid:0,type:0,xpos:0.000000,ypos:0.000000,xspeed:9.160000,yspeed:-0.130000,angle:-1.580000,distense:56.600000,rcs:20.000000
timestame:1622082457.803000000,objid:1,type:0,xpos:0.000000,ypos:0.000000,xspeed:-4.240000,yspeed:-0.210000,angle:-5.000000,distense:61.000000,rcs:20.000000
