timestame:1622082458.626000000,objid:0,type:0,xpos:0.000000,ypos:0.000000,xspeed:10.200000,yspeed:0.000000,angle:-1.200000,distense:66.000000,rcs:25.000000
timestame:1622082458.626000000,objid:1,type:0,xpos:0.000000,ypos:0.000000,xspeed:-4.940000,yspeed:-0.210000,angle:-5.600000,distense:56.200000,rcs:16.000000
