timestame:1622082588.307000000,objid:0,type:0,xpos:0.000000,ypos:0.000000,xspeed:4.010000,yspeed:-2.810000,angle:-5.050000,distense:113.000000,rcs:18.000000
timestame:1622082588.307000000,objid:2,type:0,xpos:0.000000,ypos:0.000000,xspeed:14.080000,yspeed:0.030000,angle:-0.390000,distense:153.200000,rcs:15.000000
