timestame:1622082528.373000000,objid:2,type:0,xpos:0.000000,ypos:0.000000,xspeed:12.650000,yspeed:0.020000,angle:-0.110000,distense:111.800000,rcs:20.000000
timestame:1622082528.373000000,objid:9,type:0,xpos:0.000000,ypos:0.000000,xspeed:-5.270000,yspeed:-0.250000,angle:-2.330000,distense:186.800000,rcs:21.000000
