timestame:1622082544.309000000,objid:0,type:0,xpos:0.000000,ypos:0.000000,xspeed:6.730000,yspeed:-0.930000,angle:-2.320000,distense:29.800000,rcs:30.000000
timestame:1622082544.309000000,objid:9,type:0,xpos:0.000000,ypos:0.000000,xspeed:-3.690000,yspeed:-0.040000,angle:-3.730000,distense:121.400000,rcs:21.000000
