timestame:1622082582.675000000,objid:1,type:0,xpos:0.000000,ypos:0.000000,xspeed:-3.210000,yspeed:-3.380000,angle:-18.000000,distense:58.800000,rcs:21.000000
timestame:1622082582.675000000,objid:2,type:0,xpos:0.000000,ypos:0.000000,xspeed:9.440000,yspeed:-0.060000,angle:-0.780000,distense:78.000000,rcs:27.000000
