timestame:1622082512.311000000,objid:0,type:0,xpos:0.000000,ypos:0.000000,xspeed:-2.900000,yspeed:0.030000,angle:-3.270000,distense:77.600000,rcs:17.000000
timestame:1622082512.311000000,objid:1,type:0,xpos:0.000000,ypos:0.000000,xspeed:-6.050000,yspeed:-1.020000,angle:-3.670000,distense:125.200000,rcs:8.000000
