timestame:1622082591.495000000,objid:1,type:0,xpos:0.000000,ypos:0.000000,xspeed:1.390000,yspeed:-2.100000,angle:-2.380000,distense:110.800000,rcs:26.000000
timestame:1622082591.495000000,objid:2,type:0,xpos:0.000000,ypos:0.000000,xspeed:16.570000,yspeed:-0.020000,angle:-0.300000,distense:206.800000,rcs:6.000000
