timestame:1622082605.985000000,objid:1,type:0,xpos:0.000000,ypos:0.000000,xspeed:5.190000,yspeed:-0.010000,angle:0.440000,distense:161.200000,rcs:37.000000
timestame:1622082605.985000000,objid:2,type:0,xpos:0.000000,ypos:0.000000,xspeed:5.210000,yspeed:0.700000,angle:0.860000,distense:165.600000,rcs:25.000000
