timestame:1622082527.753000000,objid:2,type:0,xpos:0.000000,ypos:0.000000,xspeed:12.310000,yspeed:0.080000,angle:-0.070000,distense:103.600000,rcs:41.000000
timestame:1622082527.753000000,objid:9,type:0,xpos:0.000000,ypos:0.000000,xspeed:-5.140000,yspeed:-0.300000,angle:-2.290000,distense:190.200000,rcs:16.000000
