timestame:1622082527.382000000,objid:2,type:0,xpos:0.000000,ypos:0.000000,xspeed:12.090000,yspeed:0.070000,angle:-0.100000,distense:98.800000,rcs:37.000000
timestame:1622082527.382000000,objid:9,type:0,xpos:0.000000,ypos:0.000000,xspeed:-5.010000,yspeed:-0.250000,angle:-2.190000,distense:192.200000,rcs:14.000000
