timestame:1622082500.357000000,objid:0,type:0,xpos:0.000000,ypos:0.000000,xspeed:-1.150000,yspeed:-2.650000,angle:12.330000,distense:55.000000,rcs:20.000000
timestame:1622082500.357000000,objid:1,type:0,xpos:0.000000,ypos:0.000000,xspeed:-3.580000,yspeed:-1.390000,angle:-3.540000,distense:125.200000,rcs:18.000000
