timestame:1622082458.376000000,objid:0,type:0,xpos:0.000000,ypos:0.000000,xspeed:9.780000,yspeed:-0.010000,angle:-1.260000,distense:62.800000,rcs:30.000000
timestame:1622082458.376000000,objid:1,type:0,xpos:0.000000,ypos:0.000000,xspeed:-4.700000,yspeed:-0.230000,angle:-5.430000,distense:57.800000,rcs:24.000000
