timestame:1622082575.189000000,objid:0,type:0,xpos:0.000000,ypos:0.000000,xspeed:-6.490000,yspeed:-1.240000,angle:-5.890000,distense:68.400000,rcs:23.000000
timestame:1622082575.189000000,objid:1,type:0,xpos:0.000000,ypos:0.000000,xspeed:-9.440000,yspeed:2.790000,angle:-2.830000,distense:82.600000,rcs:21.000000
timestame:1622082575.189000000,objid:4,type:0,xpos:0.000000,ypos:0.000000,xspeed:-7.640000,yspeed:-0.240000,angle:-2.380000,distense:78.200000,rcs:23.000000
