timestame:1622082570.879000000,objid:0,type:0,xpos:0.000000,ypos:0.000000,xspeed:-6.950000,yspeed:0.380000,angle:-1.560000,distense:94.800000,rcs:18.000000
timestame:1622082570.879000000,objid:3,type:0,xpos:0.000000,ypos:0.000000,xspeed:3.160000,yspeed:0.110000,angle:-2.110000,distense:26.400000,rcs:32.000000
timestame:1622082570.879000000,objid:4,type:0,xpos:0.000000,ypos:0.000000,xspeed:-5.680000,yspeed:-1.880000,angle:-1.650000,distense:111.400000,rcs:13.000000
