timestame:1622082530.188000000,objid:2,type:0,xpos:0.000000,ypos:0.000000,xspeed:13.260000,yspeed:0.100000,angle:0.030000,distense:137.200000,rcs:17.000000
timestame:1622082530.188000000,objid:9,type:0,xpos:0.000000,ypos:0.000000,xspeed:-4.870000,yspeed:0.060000,angle:-2.220000,distense:178.000000,rcs:14.000000
