timestame:1622082562.881000000,objid:0,type:0,xpos:0.000000,ypos:0.000000,xspeed:-9.460000,yspeed:-0.400000,angle:-2.540000,distense:153.000000,rcs:15.000000
timestame:1622082562.881000000,objid:3,type:0,xpos:0.000000,ypos:0.000000,xspeed:-9.460000,yspeed:-0.740000,angle:-2.340000,distense:160.800000,rcs:8.000000
