timestame:1622082552.191000000,objid:0,type:0,xpos:0.000000,ypos:0.000000,xspeed:2.680000,yspeed:1.550000,angle:-1.470000,distense:109.400000,rcs:20.000000
timestame:1622082552.191000000,objid:9,type:0,xpos:0.000000,ypos:0.000000,xspeed:-1.080000,yspeed:1.400000,angle:-1.450000,distense:102.400000,rcs:23.000000
