timestame:1622082598.045000000,objid:0,type:0,xpos:0.000000,ypos:0.000000,xspeed:8.590000,yspeed:-1.730000,angle:0.550000,distense:132.000000,rcs:15.000000
timestame:1622082598.045000000,objid:1,type:0,xpos:0.000000,ypos:0.000000,xspeed:2.240000,yspeed:0.730000,angle:1.040000,distense:123.800000,rcs:26.000000
