timestame:1622082589.618000000,objid:0,type:0,xpos:0.000000,ypos:0.000000,xspeed:-1.130000,yspeed:1.420000,angle:-3.950000,distense:109.800000,rcs:22.000000
timestame:1622082589.618000000,objid:2,type:0,xpos:0.000000,ypos:0.000000,xspeed:15.020000,yspeed:-0.010000,angle:-0.370000,distense:173.400000,rcs:13.000000
