timestame:1622082570.071000000,objid:0,type:0,xpos:0.000000,ypos:0.000000,xspeed:-7.150000,yspeed:0.510000,angle:-1.530000,distense:99.800000,rcs:29.000000
timestame:1622082570.071000000,objid:2,type:0,xpos:0.000000,ypos:0.000000,xspeed:-6.960000,yspeed:0.810000,angle:-2.610000,distense:110.000000,rcs:16.000000
timestame:1622082570.071000000,objid:3,type:0,xpos:0.000000,ypos:0.000000,xspeed:3.430000,yspeed:0.120000,angle:-2.470000,distense:24.400000,rcs:42.000000
