timestame:1622082563.695000000,objid:0,type:0,xpos:0.000000,ypos:0.000000,xspeed:-8.810000,yspeed:-0.520000,angle:-2.900000,distense:147.000000,rcs:8.000000
timestame:1622082563.695000000,objid:2,type:0,xpos:0.000000,ypos:0.000000,xspeed:-6.580000,yspeed:1.130000,angle:-1.710000,distense:162.200000,rcs:9.000000
timestame:1622082563.695000000,objid:3,type:0,xpos:0.000000,ypos:0.000000,xspeed:-9.250000,yspeed:-1.370000,angle:-3.040000,distense:154.200000,rcs:10.000000
