timestame:1622082462.379000000,objid:0,type:0,xpos:0.000000,ypos:0.000000,xspeed:15.640000,yspeed:-0.040000,angle:-0.690000,distense:125.600000,rcs:15.000000
timestame:1622082462.379000000,objid:1,type:0,xpos:0.000000,ypos:0.000000,xspeed:-6.410000,yspeed:-0.060000,angle:-10.170000,distense:31.400000,rcs:34.000000
