timestame:1622082521.874000000,objid:0,type:0,xpos:0.000000,ypos:0.000000,xspeed:-6.090000,yspeed:-0.170000,angle:-7.380000,distense:42.600000,rcs:31.000000
timestame:1622082521.874000000,objid:2,type:0,xpos:0.000000,ypos:0.000000,xspeed:9.900000,yspeed:-0.050000,angle:-0.590000,distense:35.200000,rcs:42.000000
timestame:1622082521.874000000,objid:3,type:0,xpos:0.000000,ypos:0.000000,xspeed:-2.260000,yspeed:8.990000,angle:12.580000,distense:65.800000,rcs:15.000000
