timestame:1622082533.691000000,objid:2,type:0,xpos:0.000000,ypos:0.000000,xspeed:13.780000,yspeed:0.050000,angle:0.000000,distense:184.800000,rcs:13.000000
timestame:1622082533.691000000,objid:9,type:0,xpos:0.000000,ypos:0.000000,xspeed:-4.730000,yspeed:-0.110000,angle:-2.590000,distense:161.000000,rcs:14.000000
