timestame:1622082557.127000000,objid:0,type:0,xpos:0.000000,ypos:0.000000,xspeed:23.430000,yspeed:-3.660000,angle:-1.890000,distense:121.200000,rcs:20.000000
timestame:1622082557.127000000,objid:2,type:0,xpos:0.000000,ypos:0.000000,xspeed:-11.150000,yspeed:-4.230000,angle:-1.540000,distense:209.800000,rcs:9.000000
