timestame:1622082503.489000000,objid:0,type:0,xpos:0.000000,ypos:0.000000,xspeed:-2.000000,yspeed:-3.130000,angle:2.340000,distense:47.400000,rcs:15.000000
timestame:1622082503.489000000,objid:1,type:0,xpos:0.000000,ypos:0.000000,xspeed:-3.770000,yspeed:0.470000,angle:-2.370000,distense:114.400000,rcs:21.000000
