timestame:1622082526.187000000,objid:2,type:0,xpos:0.000000,ypos:0.000000,xspeed:11.460000,yspeed:0.070000,angle:-0.180000,distense:83.600000,rcs:38.000000
timestame:1622082526.187000000,objid:9,type:0,xpos:0.000000,ypos:0.000000,xspeed:-5.410000,yspeed:-0.110000,angle:-1.930000,distense:197.600000,rcs:15.000000
