timestame:1622082455.115000000,objid:0,type:0,xpos:0.000000,ypos:0.000000,xspeed:6.020000,yspeed:-0.120000,angle:-2.100000,distense:31.600000,rcs:35.000000
timestame:1622082455.115000000,objid:1,type:0,xpos:0.000000,ypos:0.000000,xspeed:-1.660000,yspeed:-0.350000,angle:-4.020000,distense:73.000000,rcs:16.000000
