timestame:1622082561.623000000,objid:0,type:0,xpos:0.000000,ypos:0.000000,xspeed:-10.160000,yspeed:-0.680000,angle:-2.390000,distense:164.000000,rcs:12.000000
timestame:1622082561.623000000,objid:3,type:0,xpos:0.000000,ypos:0.000000,xspeed:-14.690000,yspeed:-2.130000,angle:-1.390000,distense:176.400000,rcs:9.000000
