timestame:1622082525.186000000,objid:2,type:0,xpos:0.000000,ypos:0.000000,xspeed:10.910000,yspeed:0.000000,angle:-0.350000,distense:71.000000,rcs:42.000000
timestame:1622082525.186000000,objid:9,type:0,xpos:0.000000,ypos:0.000000,xspeed:-5.400000,yspeed:-0.430000,angle:-2.060000,distense:203.200000,rcs:14.000000
