timestame:1622082569.885000000,objid:0,type:0,xpos:0.000000,ypos:0.000000,xspeed:-7.210000,yspeed:0.540000,angle:-1.530000,distense:101.400000,rcs:26.000000
timestame:1622082569.885000000,objid:2,type:0,xpos:0.000000,ypos:0.000000,xspeed:-7.060000,yspeed:0.720000,angle:-2.740000,distense:111.600000,rcs:19.000000
timestame:1622082569.885000000,objid:3,type:0,xpos:0.000000,ypos:0.000000,xspeed:3.590000,yspeed:0.150000,angle:-2.530000,distense:23.800000,rcs:41.000000
