timestame:1622082521.563000000,objid:0,type:0,xpos:0.000000,ypos:0.000000,xspeed:-6.090000,yspeed:-0.170000,angle:-7.020000,distense:44.400000,rcs:31.000000
timestame:1622082521.563000000,objid:1,type:0,xpos:0.000000,ypos:0.000000,xspeed:-3.390000,yspeed:4.730000,angle:9.820000,distense:65.000000,rcs:19.000000
timestame:1622082521.563000000,objid:2,type:0,xpos:0.000000,ypos:0.000000,xspeed:9.750000,yspeed:0.020000,angle:-0.540000,distense:32.000000,rcs:45.000000
timestame:1622082521.563000000,objid:3,type:0,xpos:0.000000,ypos:0.000000,xspeed:-1.930000,yspeed:10.250000,angle:10.360000,distense:66.200000,rcs:21.000000
