timestame:1622082526.435000000,objid:2,type:0,xpos:0.000000,ypos:0.000000,xspeed:11.540000,yspeed:0.070000,angle:-0.150000,distense:86.400000,rcs:37.000000
timestame:1622082526.435000000,objid:9,type:0,xpos:0.000000,ypos:0.000000,xspeed:-5.410000,yspeed:-0.150000,angle:-1.980000,distense:196.400000,rcs:13.000000
