timestame:1622082576.874000000,objid:0,type:0,xpos:0.000000,ypos:0.000000,xspeed:-5.750000,yspeed:-2.260000,angle:-11.220000,distense:60.200000,rcs:24.000000
timestame:1622082576.874000000,objid:1,type:0,xpos:0.000000,ypos:0.000000,xspeed:-5.330000,yspeed:-1.590000,angle:-6.070000,distense:75.400000,rcs:26.000000
timestame:1622082576.874000000,objid:2,type:0,xpos:0.000000,ypos:0.000000,xspeed:2.530000,yspeed:0.140000,angle:-2.000000,distense:31.200000,rcs:32.000000
timestame:1622082576.874000000,objid:3,type:0,xpos:0.000000,ypos:0.000000,xspeed:-5.180000,yspeed:-2.370000,angle:-9.340000,distense:65.400000,rcs:24.000000
