timestame:1622082570.817000000,objid:0,type:0,xpos:0.000000,ypos:0.000000,xspeed:-7.010000,yspeed:0.380000,angle:-1.580000,distense:95.000000,rcs:25.000000
timestame:1622082570.817000000,objid:3,type:0,xpos:0.000000,ypos:0.000000,xspeed:3.160000,yspeed:0.110000,angle:-2.140000,distense:26.200000,rcs:32.000000
timestame:1622082570.817000000,objid:4,type:0,xpos:0.000000,ypos:0.000000,xspeed:-6.580000,yspeed:-1.820000,angle:-1.580000,distense:111.600000,rcs:13.000000
