timestame:1622082535.133000000,objid:2,type:0,xpos:0.000000,ypos:0.000000,xspeed:14.270000,yspeed:0.140000,angle:0.110000,distense:206.000000,rcs:18.000000
timestame:1622082535.133000000,objid:9,type:0,xpos:0.000000,ypos:0.000000,xspeed:-4.530000,yspeed:-0.120000,angle:-2.760000,distense:154.800000,rcs:18.000000
