timestame:1622082561.499000000,objid:0,type:0,xpos:0.000000,ypos:0.000000,xspeed:-10.180000,yspeed:-0.770000,angle:-2.410000,distense:165.200000,rcs:12.000000
timestame:1622082561.499000000,objid:3,type:0,xpos:0.000000,ypos:0.000000,xspeed:-2.830000,yspeed:4.520000,angle:-1.090000,distense:180.200000,rcs:11.000000
