timestame:1622082511.679000000,objid:0,type:0,xpos:0.000000,ypos:0.000000,xspeed:-3.380000,yspeed:0.030000,angle:-3.240000,distense:78.800000,rcs:19.000000
timestame:1622082511.679000000,objid:1,type:0,xpos:0.000000,ypos:0.000000,xspeed:-10.660000,yspeed:-1.330000,angle:-3.220000,distense:128.200000,rcs:7.000000
