timestame:1622082522.004000000,objid:2,type:0,xpos:0.000000,ypos:0.000000,xspeed:9.950000,yspeed:-0.320000,angle:-1.120000,distense:36.400000,rcs:40.000000
timestame:1622082522.004000000,objid:3,type:0,xpos:0.000000,ypos:0.000000,xspeed:-1.800000,yspeed:7.540000,angle:12.850000,distense:66.000000,rcs:17.000000
timestame:1622082522.004000000,objid:9,type:0,xpos:0.000000,ypos:0.000000,xspeed:-4.960000,yspeed:0.000000,angle:-1.500000,distense:219.200000,rcs:9.000000
