timestame:1622082564.881000000,objid:0,type:0,xpos:0.000000,ypos:0.000000,xspeed:-8.300000,yspeed:-0.040000,angle:-2.630000,distense:137.800000,rcs:17.000000
timestame:1622082564.881000000,objid:3,type:0,xpos:0.000000,ypos:0.000000,xspeed:-6.480000,yspeed:-0.260000,angle:-3.000000,distense:148.200000,rcs:8.000000
timestame:1622082564.881000000,objid:4,type:0,xpos:0.000000,ypos:0.000000,xspeed:4.320000,yspeed:-0.250000,angle:-4.120000,distense:117.800000,rcs:14.000000
