timestame:1622082534.437000000,objid:2,type:0,xpos:0.000000,ypos:0.000000,xspeed:14.040000,yspeed:0.060000,angle:0.020000,distense:196.200000,rcs:19.000000
timestame:1622082534.437000000,objid:9,type:0,xpos:0.000000,ypos:0.000000,xspeed:-4.690000,yspeed:-0.070000,angle:-2.640000,distense:157.400000,rcs:9.000000
