timestame:1622082544.751000000,objid:0,type:0,xpos:0.000000,ypos:0.000000,xspeed:7.270000,yspeed:-1.530000,angle:-3.350000,distense:33.000000,rcs:36.000000
timestame:1622082544.751000000,objid:9,type:0,xpos:0.000000,ypos:0.000000,xspeed:-3.580000,yspeed:0.020000,angle:-3.690000,distense:120.000000,rcs:18.000000
