timestame:1622082529.936000000,objid:2,type:0,xpos:0.000000,ypos:0.000000,xspeed:13.210000,yspeed:0.040000,angle:-0.040000,distense:133.200000,rcs:25.000000
timestame:1622082529.936000000,objid:9,type:0,xpos:0.000000,ypos:0.000000,xspeed:-4.980000,yspeed:-0.020000,angle:-2.280000,distense:179.400000,rcs:11.000000
