timestame:1622082527.008000000,objid:2,type:0,xpos:0.000000,ypos:0.000000,xspeed:11.830000,yspeed:0.060000,angle:-0.140000,distense:93.400000,rcs:40.000000
timestame:1622082527.008000000,objid:9,type:0,xpos:0.000000,ypos:0.000000,xspeed:-5.110000,yspeed:-0.300000,angle:-2.180000,distense:194.200000,rcs:11.000000
