timestame:1622082457.679000000,objid:0,type:0,xpos:0.000000,ypos:0.000000,xspeed:8.940000,yspeed:-0.120000,angle:-1.590000,distense:54.400000,rcs:26.000000
timestame:1622082457.679000000,objid:1,type:0,xpos:0.000000,ypos:0.000000,xspeed:-4.080000,yspeed:-0.160000,angle:-4.790000,distense:62.000000,rcs:12.000000
