timestame:1622082467.440000000,objid:0,type:0,xpos:0.000000,ypos:0.000000,xspeed:19.900000,yspeed:-0.060000,angle:-0.440000,distense:226.400000,rcs:1.000000
timestame:1622082467.440000000,objid:1,type:0,xpos:0.000000,ypos:0.000000,xspeed:18.040000,yspeed:-0.340000,angle:-1.950000,distense:38.800000,rcs:36.000000
