timestame:1622082530.936000000,objid:2,type:0,xpos:0.000000,ypos:0.000000,xspeed:13.250000,yspeed:0.090000,angle:0.040000,distense:146.800000,rcs:18.000000
timestame:1622082530.936000000,objid:9,type:0,xpos:0.000000,ypos:0.000000,xspeed:-5.060000,yspeed:-0.020000,angle:-2.350000,distense:174.200000,rcs:17.000000
