timestame:1622082603.547000000,objid:0,type:0,xpos:0.000000,ypos:0.000000,xspeed:5.090000,yspeed:0.400000,angle:4.640000,distense:30.600000,rcs:32.000000
timestame:1622082603.547000000,objid:1,type:0,xpos:0.000000,ypos:0.000000,xspeed:4.660000,yspeed:-0.030000,angle:0.510000,distense:148.400000,rcs:29.000000
timestame:1622082603.547000000,objid:2,type:0,xpos:0.000000,ypos:0.000000,xspeed:4.820000,yspeed:3.390000,angle:1.290000,distense:153.200000,rcs:23.000000
