timestame:1622082520.179000000,objid:0,type:0,xpos:0.000000,ypos:0.000000,xspeed:-5.550000,yspeed:-0.170000,angle:-5.550000,distense:53.600000,rcs:27.000000
timestame:1622082520.179000000,objid:1,type:0,xpos:0.000000,ypos:0.000000,xspeed:-4.750000,yspeed:5.140000,angle:3.520000,distense:68.600000,rcs:15.000000
timestame:1622082520.179000000,objid:2,type:0,xpos:0.000000,ypos:0.000000,xspeed:9.320000,yspeed:0.000000,angle:-0.770000,distense:18.600000,rcs:44.000000
