timestame:1622082544.813000000,objid:0,type:0,xpos:0.000000,ypos:0.000000,xspeed:7.270000,yspeed:-1.530000,angle:-3.570000,distense:33.800000,rcs:36.000000
timestame:1622082544.813000000,objid:9,type:0,xpos:0.000000,ypos:0.000000,xspeed:-3.530000,yspeed:-0.020000,angle:-3.750000,distense:119.600000,rcs:14.000000
