timestame:1622082561.561000000,objid:0,type:0,xpos:0.000000,ypos:0.000000,xspeed:-10.160000,yspeed:-0.680000,angle:-2.370000,distense:164.600000,rcs:12.000000
timestame:1622082561.561000000,objid:3,type:0,xpos:0.000000,ypos:0.000000,xspeed:-11.830000,yspeed:4.960000,angle:-1.000000,distense:177.800000,rcs:3.000000
