timestame:1622082576.621000000,objid:0,type:0,xpos:0.000000,ypos:0.000000,xspeed:-5.930000,yspeed:-2.050000,angle:-10.190000,distense:61.000000,rcs:23.000000
timestame:1622082576.621000000,objid:1,type:0,xpos:0.000000,ypos:0.000000,xspeed:-5.090000,yspeed:-1.560000,angle:-5.640000,distense:76.800000,rcs:30.000000
timestame:1622082576.621000000,objid:2,type:0,xpos:0.000000,ypos:0.000000,xspeed:2.440000,yspeed:0.100000,angle:-2.170000,distense:30.600000,rcs:37.000000
timestame:1622082576.621000000,objid:3,type:0,xpos:0.000000,ypos:0.000000,xspeed:-5.670000,yspeed:-2.570000,angle:-8.880000,distense:66.200000,rcs:27.000000
