timestame:1622082460.943000000,objid:0,type:0,xpos:0.000000,ypos:0.000000,xspeed:13.810000,yspeed:-0.050000,angle:-0.830000,distense:101.000000,rcs:16.000000
timestame:1622082460.943000000,objid:1,type:0,xpos:0.000000,ypos:0.000000,xspeed:-6.140000,yspeed:-0.070000,angle:-7.730000,distense:40.800000,rcs:29.000000
