timestame:1622082549.999000000,objid:0,type:0,xpos:0.000000,ypos:0.000000,xspeed:3.060000,yspeed:-6.410000,angle:-18.000000,distense:63.800000,rcs:13.000000
timestame:1622082549.999000000,objid:9,type:0,xpos:0.000000,ypos:0.000000,xspeed:-2.810000,yspeed:0.330000,angle:-3.900000,distense:103.800000,rcs:20.000000
