timestame:1622082527.940000000,objid:2,type:0,xpos:0.000000,ypos:0.000000,xspeed:12.370000,yspeed:0.090000,angle:-0.050000,distense:106.000000,rcs:36.000000
timestame:1622082527.940000000,objid:9,type:0,xpos:0.000000,ypos:0.000000,xspeed:-5.220000,yspeed:-0.250000,angle:-2.280000,distense:189.000000,rcs:18.000000
