timestame:1622082589.557000000,objid:0,type:0,xpos:0.000000,ypos:0.000000,xspeed:-1.130000,yspeed:1.420000,angle:-3.990000,distense:109.800000,rcs:22.000000
timestame:1622082589.557000000,objid:2,type:0,xpos:0.000000,ypos:0.000000,xspeed:14.980000,yspeed:0.040000,angle:-0.330000,distense:172.400000,rcs:10.000000
