timestame:1622082461.258000000,objid:0,type:0,xpos:0.000000,ypos:0.000000,xspeed:14.140000,yspeed:-0.060000,angle:-0.820000,distense:105.800000,rcs:16.000000
timestame:1622082461.258000000,objid:1,type:0,xpos:0.000000,ypos:0.000000,xspeed:-6.140000,yspeed:-0.070000,angle:-8.120000,distense:39.000000,rcs:29.000000
