timestame:1622082522.626000000,objid:0,type:0,xpos:0.000000,ypos:0.000000,xspeed:-10.030000,yspeed:-4.170000,angle:15.210000,distense:59.600000,rcs:15.000000
timestame:1622082522.626000000,objid:2,type:0,xpos:0.000000,ypos:0.000000,xspeed:10.080000,yspeed:-0.090000,angle:-0.700000,distense:43.400000,rcs:35.000000
timestame:1622082522.626000000,objid:9,type:0,xpos:0.000000,ypos:0.000000,xspeed:-2.390000,yspeed:0.480000,angle:-1.460000,distense:217.600000,rcs:12.000000
