timestame:1622082605.922000000,objid:1,type:0,xpos:0.000000,ypos:0.000000,xspeed:5.180000,yspeed:-0.020000,angle:0.430000,distense:161.000000,rcs:39.000000
timestame:1622082605.922000000,objid:2,type:0,xpos:0.000000,ypos:0.000000,xspeed:5.210000,yspeed:0.700000,angle:0.850000,distense:165.400000,rcs:25.000000
