timestame:1622082501.672000000,objid:0,type:0,xpos:0.000000,ypos:0.000000,xspeed:-1.390000,yspeed:-2.950000,angle:8.530000,distense:52.200000,rcs:17.000000
timestame:1622082501.672000000,objid:1,type:0,xpos:0.000000,ypos:0.000000,xspeed:-2.990000,yspeed:-0.220000,angle:-3.070000,distense:121.800000,rcs:9.000000
