timestame:1622082524.629000000,objid:2,type:0,xpos:0.000000,ypos:0.000000,xspeed:10.570000,yspeed:0.020000,angle:-0.360000,distense:64.600000,rcs:42.000000
timestame:1622082524.629000000,objid:9,type:0,xpos:0.000000,ypos:0.000000,xspeed:-5.600000,yspeed:-0.870000,angle:-2.250000,distense:205.800000,rcs:12.000000
