timestame:1622082551.943000000,objid:0,type:0,xpos:0.000000,ypos:0.000000,xspeed:1.370000,yspeed:1.690000,angle:-1.670000,distense:108.400000,rcs:17.000000
timestame:1622082551.943000000,objid:9,type:0,xpos:0.000000,ypos:0.000000,xspeed:-1.340000,yspeed:1.370000,angle:-1.670000,distense:102.200000,rcs:22.000000
