timestame:1622082534.757000000,objid:2,type:0,xpos:0.000000,ypos:0.000000,xspeed:14.210000,yspeed:0.130000,angle:0.080000,distense:200.800000,rcs:4.000000
timestame:1622082534.757000000,objid:9,type:0,xpos:0.000000,ypos:0.000000,xspeed:-4.580000,yspeed:-0.070000,angle:-2.660000,distense:156.200000,rcs:11.000000
