timestame:1622082522.437000000,objid:0,type:0,xpos:0.000000,ypos:0.000000,xspeed:-10.030000,yspeed:-4.170000,angle:15.520000,distense:62.200000,rcs:15.000000
timestame:1622082522.437000000,objid:2,type:0,xpos:0.000000,ypos:0.000000,xspeed:10.020000,yspeed:-0.190000,angle:-0.900000,distense:40.800000,rcs:33.000000
timestame:1622082522.437000000,objid:3,type:0,xpos:0.000000,ypos:0.000000,xspeed:-1.800000,yspeed:7.540000,angle:15.670000,distense:66.000000,rcs:17.000000
timestame:1622082522.437000000,objid:9,type:0,xpos:0.000000,ypos:0.000000,xspeed:-3.200000,yspeed:-1.610000,angle:-1.700000,distense:217.800000,rcs:7.000000
