timestame:1622082466.812000000,objid:0,type:0,xpos:0.000000,ypos:0.000000,xspeed:19.820000,yspeed:-0.040000,angle:-0.440000,distense:214.400000,rcs:7.000000
timestame:1622082466.812000000,objid:1,type:0,xpos:0.000000,ypos:0.000000,xspeed:16.890000,yspeed:0.000000,angle:-2.410000,distense:28.000000,rcs:33.000000
