timestame:1622082547.129000000,objid:0,type:0,xpos:0.000000,ypos:0.000000,xspeed:6.110000,yspeed:0.000000,angle:-10.320000,distense:49.400000,rcs:25.000000
timestame:1622082547.129000000,objid:9,type:0,xpos:0.000000,ypos:0.000000,xspeed:-3.520000,yspeed:-0.160000,angle:-4.230000,distense:111.600000,rcs:29.000000
