timestame:1622082536.449000000,objid:2,type:0,xpos:0.000000,ypos:0.000000,xspeed:14.480000,yspeed:0.290000,angle:0.290000,distense:225.400000,rcs:5.000000
timestame:1622082536.449000000,objid:9,type:0,xpos:0.000000,ypos:0.000000,xspeed:-4.320000,yspeed:-0.250000,angle:-3.040000,distense:149.200000,rcs:14.000000
