timestame:1622082562.309000000,objid:0,type:0,xpos:0.000000,ypos:0.000000,xspeed:-9.830000,yspeed:-0.430000,angle:-2.390000,distense:158.000000,rcs:17.000000
timestame:1622082562.309000000,objid:3,type:0,xpos:0.000000,ypos:0.000000,xspeed:-13.410000,yspeed:-0.960000,angle:-1.920000,distense:165.800000,rcs:7.000000
timestame:1622082562.309000000,objid:4,type:0,xpos:0.000000,ypos:0.000000,xspeed:-1.280000,yspeed:-3.620000,angle:-3.430000,distense:115.000000,rcs:18.000000
