timestame:1622082566.820000000,objid:0,type:0,xpos:0.000000,ypos:0.000000,xspeed:-7.840000,yspeed:0.400000,angle:-2.250000,distense:122.800000,rcs:18.000000
timestame:1622082566.820000000,objid:2,type:0,xpos:0.000000,ypos:0.000000,xspeed:-8.230000,yspeed:2.030000,angle:-2.880000,distense:133.000000,rcs:13.000000
