timestame:1622082564.067000000,objid:0,type:0,xpos:0.000000,ypos:0.000000,xspeed:-8.590000,yspeed:-0.280000,angle:-2.760000,distense:143.800000,rcs:23.000000
timestame:1622082564.067000000,objid:2,type:0,xpos:0.000000,ypos:0.000000,xspeed:-6.890000,yspeed:-1.050000,angle:-2.180000,distense:159.200000,rcs:9.000000
timestame:1622082564.067000000,objid:3,type:0,xpos:0.000000,ypos:0.000000,xspeed:-6.940000,yspeed:-0.680000,angle:-2.990000,distense:152.800000,rcs:10.000000
