timestame:1622082527.320000000,objid:2,type:0,xpos:0.000000,ypos:0.000000,xspeed:12.010000,yspeed:0.070000,angle:-0.110000,distense:97.200000,rcs:42.000000
timestame:1622082527.320000000,objid:9,type:0,xpos:0.000000,ypos:0.000000,xspeed:-5.060000,yspeed:-0.240000,angle:-2.160000,distense:192.600000,rcs:14.000000
