timestame:1622082532.565000000,objid:2,type:0,xpos:0.000000,ypos:0.000000,xspeed:13.400000,yspeed:-0.090000,angle:-0.110000,distense:168.600000,rcs:20.000000
timestame:1622082532.565000000,objid:9,type:0,xpos:0.000000,ypos:0.000000,xspeed:-4.950000,yspeed:0.010000,angle:-2.420000,distense:166.000000,rcs:18.000000
