timestame:1622082500.543000000,objid:0,type:0,xpos:0.000000,ypos:0.000000,xspeed:-1.110000,yspeed:-2.630000,angle:11.890000,distense:54.800000,rcs:16.000000
timestame:1622082500.543000000,objid:1,type:0,xpos:0.000000,ypos:0.000000,xspeed:-3.270000,yspeed:-0.900000,angle:-3.330000,distense:124.800000,rcs:16.000000
