timestame:1622082467.688000000,objid:0,type:0,xpos:0.000000,ypos:0.000000,xspeed:19.900000,yspeed:-0.060000,angle:-0.430000,distense:231.200000,rcs:1.000000
timestame:1622082467.688000000,objid:1,type:0,xpos:0.000000,ypos:0.000000,xspeed:17.790000,yspeed:0.070000,angle:-1.580000,distense:42.800000,rcs:36.000000
