timestame:1622082460.315000000,objid:0,type:0,xpos:0.000000,ypos:0.000000,xspeed:12.810000,yspeed:0.010000,angle:-0.850000,distense:90.400000,rcs:20.000000
timestame:1622082460.315000000,objid:1,type:0,xpos:0.000000,ypos:0.000000,xspeed:-5.710000,yspeed:-0.130000,angle:-7.010000,distense:45.600000,rcs:14.000000
