timestame:1622082575.066000000,objid:0,type:0,xpos:0.000000,ypos:0.000000,xspeed:-6.470000,yspeed:-1.170000,angle:-5.590000,distense:69.200000,rcs:23.000000
timestame:1622082575.066000000,objid:1,type:0,xpos:0.000000,ypos:0.000000,xspeed:-7.960000,yspeed:2.000000,angle:-3.190000,distense:84.400000,rcs:21.000000
timestame:1622082575.066000000,objid:4,type:0,xpos:0.000000,ypos:0.000000,xspeed:-7.640000,yspeed:-0.240000,angle:-2.330000,distense:79.200000,rcs:23.000000
