timestame:1622082598.107000000,objid:0,type:0,xpos:0.000000,ypos:0.000000,xspeed:6.700000,yspeed:-1.720000,angle:0.510000,distense:131.400000,rcs:22.000000
timestame:1622082598.107000000,objid:1,type:0,xpos:0.000000,ypos:0.000000,xspeed:2.250000,yspeed:0.710000,angle:1.040000,distense:124.000000,rcs:20.000000
