timestame:1622082574.750000000,objid:0,type:0,xpos:0.000000,ypos:0.000000,xspeed:-6.470000,yspeed:-1.150000,angle:-5.140000,distense:71.000000,rcs:19.000000
timestame:1622082574.750000000,objid:1,type:0,xpos:0.000000,ypos:0.000000,xspeed:-6.500000,yspeed:-1.490000,angle:-3.730000,distense:87.000000,rcs:24.000000
timestame:1622082574.750000000,objid:4,type:0,xpos:0.000000,ypos:0.000000,xspeed:-7.630000,yspeed:-0.080000,angle:-2.000000,distense:81.400000,rcs:24.000000
