timestame:1622082533.378000000,objid:2,type:0,xpos:0.000000,ypos:0.000000,xspeed:13.660000,yspeed:-0.050000,angle:-0.090000,distense:180.400000,rcs:14.000000
timestame:1622082533.378000000,objid:9,type:0,xpos:0.000000,ypos:0.000000,xspeed:-4.670000,yspeed:0.080000,angle:-2.370000,distense:162.600000,rcs:13.000000
