timestame:1622082603.919000000,objid:0,type:0,xpos:0.000000,ypos:0.000000,xspeed:5.160000,yspeed:0.400000,angle:4.620000,distense:32.400000,rcs:32.000000
timestame:1622082603.919000000,objid:1,type:0,xpos:0.000000,ypos:0.000000,xspeed:4.790000,yspeed:-0.060000,angle:0.470000,distense:150.400000,rcs:27.000000
