timestame:1622082603.986000000,objid:0,type:0,xpos:0.000000,ypos:0.000000,xspeed:5.160000,yspeed:0.400000,angle:4.620000,distense:32.800000,rcs:32.000000
timestame:1622082603.986000000,objid:1,type:0,xpos:0.000000,ypos:0.000000,xspeed:4.800000,yspeed:-0.060000,angle:0.470000,distense:150.600000,rcs:28.000000
