timestame:1622082457.865000000,objid:0,type:0,xpos:0.000000,ypos:0.000000,xspeed:9.230000,yspeed:-0.120000,angle:-1.550000,distense:57.200000,rcs:32.000000
timestame:1622082457.865000000,objid:1,type:0,xpos:0.000000,ypos:0.000000,xspeed:-4.280000,yspeed:-0.200000,angle:-5.010000,distense:60.600000,rcs:22.000000
