timestame:1622082597.238000000,objid:0,type:0,xpos:0.000000,ypos:0.000000,xspeed:4.640000,yspeed:1.210000,angle:1.470000,distense:125.000000,rcs:17.000000
timestame:1622082597.238000000,objid:1,type:0,xpos:0.000000,ypos:0.000000,xspeed:1.700000,yspeed:0.920000,angle:0.950000,distense:121.000000,rcs:20.000000
