timestame:1622082532.813000000,objid:2,type:0,xpos:0.000000,ypos:0.000000,xspeed:13.450000,yspeed:-0.080000,angle:-0.110000,distense:172.000000,rcs:26.000000
timestame:1622082532.813000000,objid:9,type:0,xpos:0.000000,ypos:0.000000,xspeed:-4.930000,yspeed:0.080000,angle:-2.360000,distense:165.000000,rcs:6.000000
