timestame:1622082534.561000000,objid:2,type:0,xpos:0.000000,ypos:0.000000,xspeed:14.100000,yspeed:0.100000,angle:0.060000,distense:198.000000,rcs:15.000000
timestame:1622082534.561000000,objid:9,type:0,xpos:0.000000,ypos:0.000000,xspeed:-4.670000,yspeed:-0.070000,angle:-2.650000,distense:157.000000,rcs:16.000000
