timestame:1622082571.385000000,objid:0,type:0,xpos:0.000000,ypos:0.000000,xspeed:-6.560000,yspeed:0.350000,angle:-1.560000,distense:92.200000,rcs:20.000000
timestame:1622082571.385000000,objid:4,type:0,xpos:0.000000,ypos:0.000000,xspeed:-6.110000,yspeed:-2.140000,angle:-2.280000,distense:108.400000,rcs:14.000000
