timestame:1622082597.423000000,objid:0,type:0,xpos:0.000000,ypos:0.000000,xspeed:5.450000,yspeed:-0.710000,angle:1.280000,distense:126.200000,rcs:24.000000
timestame:1622082597.423000000,objid:1,type:0,xpos:0.000000,ypos:0.000000,xspeed:1.780000,yspeed:0.830000,angle:0.930000,distense:121.600000,rcs:25.000000
