timestame:1622082534.881000000,objid:2,type:0,xpos:0.000000,ypos:0.000000,xspeed:14.210000,yspeed:0.160000,angle:0.120000,distense:202.400000,rcs:6.000000
timestame:1622082534.881000000,objid:9,type:0,xpos:0.000000,ypos:0.000000,xspeed:-4.550000,yspeed:-0.100000,angle:-2.710000,distense:155.800000,rcs:15.000000
