timestame:1622082526.125000000,objid:2,type:0,xpos:0.000000,ypos:0.000000,xspeed:11.430000,yspeed:0.070000,angle:-0.180000,distense:82.800000,rcs:41.000000
timestame:1622082526.125000000,objid:9,type:0,xpos:0.000000,ypos:0.000000,xspeed:-5.400000,yspeed:-0.130000,angle:-1.940000,distense:198.000000,rcs:14.000000
