timestame:1622082576.246000000,objid:0,type:0,xpos:0.000000,ypos:0.000000,xspeed:-6.080000,yspeed:-1.790000,angle:-8.670000,distense:63.000000,rcs:16.000000
timestame:1622082576.246000000,objid:1,type:0,xpos:0.000000,ypos:0.000000,xspeed:-5.240000,yspeed:-1.260000,angle:-4.800000,distense:78.800000,rcs:21.000000
timestame:1622082576.246000000,objid:2,type:0,xpos:0.000000,ypos:0.000000,xspeed:2.120000,yspeed:0.080000,angle:-2.410000,distense:29.200000,rcs:39.000000
timestame:1622082576.246000000,objid:3,type:0,xpos:0.000000,ypos:0.000000,xspeed:-6.080000,yspeed:-2.860000,angle:-7.830000,distense:68.200000,rcs:24.000000
