timestame:1622082534.689000000,objid:2,type:0,xpos:0.000000,ypos:0.000000,xspeed:14.170000,yspeed:0.100000,angle:0.060000,distense:199.800000,rcs:15.000000
timestame:1622082534.689000000,objid:9,type:0,xpos:0.000000,ypos:0.000000,xspeed:-4.600000,yspeed:-0.050000,angle:-2.640000,distense:156.400000,rcs:9.000000
