timestame:1622082578.808000000,objid:1,type:0,xpos:0.000000,ypos:0.000000,xspeed:-4.750000,yspeed:-1.700000,angle:-9.580000,distense:67.400000,rcs:22.000000
timestame:1622082578.808000000,objid:2,type:0,xpos:0.000000,ypos:0.000000,xspeed:4.530000,yspeed:0.090000,angle:-1.290000,distense:41.600000,rcs:36.000000
timestame:1622082578.808000000,objid:3,type:0,xpos:0.000000,ypos:0.000000,xspeed:-4.440000,yspeed:-2.920000,angle:-16.490000,distense:58.600000,rcs:29.000000
timestame:1622082578.808000000,objid:5,type:0,xpos:0.000000,ypos:0.000000,xspeed:-4.910000,yspeed:-2.150000,angle:-13.390000,distense:62.400000,rcs:24.000000
