timestame:1622082460.068000000,objid:0,type:0,xpos:0.000000,ypos:0.000000,xspeed:12.440000,yspeed:0.020000,angle:-0.880000,distense:86.600000,rcs:25.000000
timestame:1622082460.068000000,objid:1,type:0,xpos:0.000000,ypos:0.000000,xspeed:-5.710000,yspeed:-0.130000,angle:-6.770000,distense:46.800000,rcs:14.000000
