timestame:1622082536.763000000,objid:2,type:0,xpos:0.000000,ypos:0.000000,xspeed:14.480000,yspeed:0.290000,angle:0.310000,distense:229.800000,rcs:5.000000
timestame:1622082536.763000000,objid:9,type:0,xpos:0.000000,ypos:0.000000,xspeed:-4.310000,yspeed:-0.210000,angle:-3.060000,distense:148.000000,rcs:15.000000
