timestame:1622082565.005000000,objid:0,type:0,xpos:0.000000,ypos:0.000000,xspeed:-8.150000,yspeed:-0.030000,angle:-2.620000,distense:137.200000,rcs:22.000000
timestame:1622082565.005000000,objid:4,type:0,xpos:0.000000,ypos:0.000000,xspeed:2.940000,yspeed:0.120000,angle:-4.070000,distense:117.600000,rcs:16.000000
