timestame:1622082568.442000000,objid:0,type:0,xpos:0.000000,ypos:0.000000,xspeed:-7.520000,yspeed:0.620000,angle:-1.740000,distense:111.400000,rcs:16.000000
timestame:1622082568.442000000,objid:2,type:0,xpos:0.000000,ypos:0.000000,xspeed:-7.590000,yspeed:0.420000,angle:-2.980000,distense:121.400000,rcs:10.000000
timestame:1622082568.442000000,objid:3,type:0,xpos:0.000000,ypos:0.000000,xspeed:3.840000,yspeed:0.040000,angle:-3.780000,distense:18.800000,rcs:40.000000
