timestame:1622082534.188000000,objid:2,type:0,xpos:0.000000,ypos:0.000000,xspeed:13.980000,yspeed:0.050000,angle:0.010000,distense:191.800000,rcs:18.000000
timestame:1622082534.188000000,objid:9,type:0,xpos:0.000000,ypos:0.000000,xspeed:-4.820000,yspeed:-0.130000,angle:-2.670000,distense:158.600000,rcs:14.000000
