timestame:1622082604.488000000,objid:0,type:0,xpos:0.000000,ypos:0.000000,xspeed:4.970000,yspeed:0.630000,angle:5.040000,distense:35.000000,rcs:30.000000
timestame:1622082604.488000000,objid:1,type:0,xpos:0.000000,ypos:0.000000,xspeed:4.900000,yspeed:-0.050000,angle:0.460000,distense:153.200000,rcs:21.000000
