timestame:1622082589.307000000,objid:0,type:0,xpos:0.000000,ypos:0.000000,xspeed:-1.870000,yspeed:2.040000,angle:-3.920000,distense:109.600000,rcs:21.000000
timestame:1622082589.307000000,objid:2,type:0,xpos:0.000000,ypos:0.000000,xspeed:14.790000,yspeed:0.030000,angle:-0.350000,distense:168.400000,rcs:16.000000
