timestame:1622082562.819000000,objid:0,type:0,xpos:0.000000,ypos:0.000000,xspeed:-9.460000,yspeed:-0.400000,angle:-2.520000,distense:153.600000,rcs:15.000000
timestame:1622082562.819000000,objid:3,type:0,xpos:0.000000,ypos:0.000000,xspeed:-9.460000,yspeed:-0.740000,angle:-2.320000,distense:161.400000,rcs:8.000000
