timestame:1622082581.746000000,objid:1,type:0,xpos:0.000000,ypos:0.000000,xspeed:-3.660000,yspeed:-3.200000,angle:-18.000000,distense:59.800000,rcs:36.000000
timestame:1622082581.746000000,objid:2,type:0,xpos:0.000000,ypos:0.000000,xspeed:8.230000,yspeed:0.070000,angle:-0.690000,distense:67.200000,rcs:31.000000
timestame:1622082581.746000000,objid:7,type:0,xpos:0.000000,ypos:0.000000,xspeed:1.370000,yspeed:-0.590000,angle:-18.000000,distense:64.800000,rcs:30.000000
