timestame:1622082461.945000000,objid:0,type:0,xpos:0.000000,ypos:0.000000,xspeed:14.950000,yspeed:-0.080000,angle:-0.770000,distense:118.000000,rcs:17.000000
timestame:1622082461.945000000,objid:1,type:0,xpos:0.000000,ypos:0.000000,xspeed:-6.410000,yspeed:-0.060000,angle:-9.340000,distense:34.200000,rcs:34.000000
