timestame:1622082461.568000000,objid:0,type:0,xpos:0.000000,ypos:0.000000,xspeed:14.520000,yspeed:-0.050000,angle:-0.780000,distense:110.800000,rcs:22.000000
timestame:1622082461.568000000,objid:1,type:0,xpos:0.000000,ypos:0.000000,xspeed:-6.270000,yspeed:-0.050000,angle:-8.550000,distense:37.000000,rcs:30.000000
