timestame:1622082520.489000000,objid:0,type:0,xpos:0.000000,ypos:0.000000,xspeed:-5.790000,yspeed:-0.160000,angle:-5.820000,distense:51.600000,rcs:23.000000
timestame:1622082520.489000000,objid:1,type:0,xpos:0.000000,ypos:0.000000,xspeed:-3.860000,yspeed:6.700000,angle:5.420000,distense:68.000000,rcs:19.000000
timestame:1622082520.489000000,objid:2,type:0,xpos:0.000000,ypos:0.000000,xspeed:10.200000,yspeed:0.180000,angle:-0.560000,distense:21.600000,rcs:36.000000
