timestame:1622082571.065000000,objid:0,type:0,xpos:0.000000,ypos:0.000000,xspeed:-6.910000,yspeed:0.320000,angle:-1.630000,distense:93.600000,rcs:24.000000
timestame:1622082571.065000000,objid:3,type:0,xpos:0.000000,ypos:0.000000,xspeed:3.160000,yspeed:0.110000,angle:-2.030000,distense:27.000000,rcs:32.000000
timestame:1622082571.065000000,objid:4,type:0,xpos:0.000000,ypos:0.000000,xspeed:-5.510000,yspeed:-2.850000,angle:-2.030000,distense:110.600000,rcs:19.000000
