timestame:1622082575.127000000,objid:0,type:0,xpos:0.000000,ypos:0.000000,xspeed:-6.490000,yspeed:-1.240000,angle:-5.800000,distense:68.800000,rcs:23.000000
timestame:1622082575.127000000,objid:1,type:0,xpos:0.000000,ypos:0.000000,xspeed:-9.440000,yspeed:2.790000,angle:-2.930000,distense:83.000000,rcs:21.000000
timestame:1622082575.127000000,objid:4,type:0,xpos:0.000000,ypos:0.000000,xspeed:-7.640000,yspeed:-0.240000,angle:-2.350000,distense:78.600000,rcs:23.000000
