timestame:1622082454.247000000,objid:0,type:0,xpos:0.000000,ypos:0.000000,xspeed:5.160000,yspeed:-0.350000,angle:-2.380000,distense:26.200000,rcs:41.000000
timestame:1622082454.247000000,objid:1,type:0,xpos:0.000000,ypos:0.000000,xspeed:-1.890000,yspeed:3.050000,angle:-3.120000,distense:74.400000,rcs:23.000000
