timestame:1622082526.817000000,objid:2,type:0,xpos:0.000000,ypos:0.000000,xspeed:11.730000,yspeed:0.060000,angle:-0.150000,distense:91.000000,rcs:42.000000
timestame:1622082526.817000000,objid:9,type:0,xpos:0.000000,ypos:0.000000,xspeed:-5.270000,yspeed:-0.280000,angle:-2.140000,distense:194.800000,rcs:13.000000
