timestame:1622082562.185000000,objid:0,type:0,xpos:0.000000,ypos:0.000000,xspeed:-9.850000,yspeed:-0.420000,angle:-2.360000,distense:159.200000,rcs:12.000000
timestame:1622082562.185000000,objid:3,type:0,xpos:0.000000,ypos:0.000000,xspeed:-13.410000,yspeed:-0.960000,angle:-1.860000,distense:167.400000,rcs:7.000000
