timestame:1622082525.440000000,objid:2,type:0,xpos:0.000000,ypos:0.000000,xspeed:11.040000,yspeed:0.010000,angle:-0.320000,distense:74.000000,rcs:38.000000
timestame:1622082525.440000000,objid:9,type:0,xpos:0.000000,ypos:0.000000,xspeed:-5.180000,yspeed:-0.370000,angle:-2.050000,distense:202.200000,rcs:11.000000
