timestame:1622082461.067000000,objid:0,type:0,xpos:0.000000,ypos:0.000000,xspeed:13.950000,yspeed:-0.050000,angle:-0.830000,distense:103.000000,rcs:17.000000
timestame:1622082461.067000000,objid:1,type:0,xpos:0.000000,ypos:0.000000,xspeed:-6.140000,yspeed:-0.070000,angle:-7.880000,distense:40.200000,rcs:29.000000
