timestame:1622082561.998000000,objid:0,type:0,xpos:0.000000,ypos:0.000000,xspeed:-9.970000,yspeed:-0.460000,angle:-2.340000,distense:160.800000,rcs:12.000000
timestame:1622082561.998000000,objid:3,type:0,xpos:0.000000,ypos:0.000000,xspeed:-16.580000,yspeed:-3.470000,angle:-2.000000,distense:169.000000,rcs:9.000000
