timestame:1622082570.569000000,objid:0,type:0,xpos:0.000000,ypos:0.000000,xspeed:-6.990000,yspeed:0.470000,angle:-1.490000,distense:96.800000,rcs:20.000000
timestame:1622082570.569000000,objid:2,type:0,xpos:0.000000,ypos:0.000000,xspeed:-6.960000,yspeed:0.810000,angle:-2.480000,distense:106.600000,rcs:16.000000
timestame:1622082570.569000000,objid:3,type:0,xpos:0.000000,ypos:0.000000,xspeed:3.220000,yspeed:0.080000,angle:-2.360000,distense:25.600000,rcs:31.000000
timestame:1622082570.569000000,objid:4,type:0,xpos:0.000000,ypos:0.000000,xspeed:-10.400000,yspeed:1.100000,angle:-1.320000,distense:112.600000,rcs:13.000000
