timestame:1622082534.126000000,objid:2,type:0,xpos:0.000000,ypos:0.000000,xspeed:13.990000,yspeed:0.050000,angle:0.010000,distense:191.000000,rcs:15.000000
timestame:1622082534.126000000,objid:9,type:0,xpos:0.000000,ypos:0.000000,xspeed:-4.820000,yspeed:-0.130000,angle:-2.660000,distense:159.000000,rcs:14.000000
