timestame:1622082572.443000000,objid:0,type:0,xpos:0.000000,ypos:0.000000,xspeed:-6.400000,yspeed:0.090000,angle:-1.910000,distense:85.400000,rcs:25.000000
timestame:1622082572.443000000,objid:4,type:0,xpos:0.000000,ypos:0.000000,xspeed:-8.890000,yspeed:1.000000,angle:-1.100000,distense:98.000000,rcs:14.000000
