timestame:1622082530.436000000,objid:2,type:0,xpos:0.000000,ypos:0.000000,xspeed:13.250000,yspeed:0.110000,angle:0.050000,distense:140.400000,rcs:27.000000
timestame:1622082530.436000000,objid:9,type:0,xpos:0.000000,ypos:0.000000,xspeed:-4.780000,yspeed:0.050000,angle:-2.230000,distense:177.000000,rcs:10.000000
