timestame:1622082568.757000000,objid:0,type:0,xpos:0.000000,ypos:0.000000,xspeed:-7.430000,yspeed:0.540000,angle:-1.760000,distense:109.000000,rcs:16.000000
timestame:1622082568.757000000,objid:2,type:0,xpos:0.000000,ypos:0.000000,xspeed:-7.230000,yspeed:0.200000,angle:-3.130000,distense:119.200000,rcs:12.000000
timestame:1622082568.757000000,objid:3,type:0,xpos:0.000000,ypos:0.000000,xspeed:3.970000,yspeed:-0.100000,angle:-3.710000,distense:20.400000,rcs:36.000000
