timestame:1622082521.378000000,objid:0,type:0,xpos:0.000000,ypos:0.000000,xspeed:-6.090000,yspeed:-0.170000,angle:-6.810000,distense:45.600000,rcs:31.000000
timestame:1622082521.378000000,objid:1,type:0,xpos:0.000000,ypos:0.000000,xspeed:-3.390000,yspeed:4.730000,angle:8.990000,distense:65.600000,rcs:19.000000
timestame:1622082521.378000000,objid:2,type:0,xpos:0.000000,ypos:0.000000,xspeed:9.740000,yspeed:0.030000,angle:-0.560000,distense:30.200000,rcs:38.000000
timestame:1622082521.378000000,objid:3,type:0,xpos:0.000000,ypos:0.000000,xspeed:-1.460000,yspeed:0.000000,angle:8.460000,distense:66.200000,rcs:15.000000
