timestame:1622082530.874000000,objid:2,type:0,xpos:0.000000,ypos:0.000000,xspeed:13.200000,yspeed:0.050000,angle:0.000000,distense:145.800000,rcs:19.000000
timestame:1622082530.874000000,objid:9,type:0,xpos:0.000000,ypos:0.000000,xspeed:-5.060000,yspeed:-0.010000,angle:-2.330000,distense:174.400000,rcs:17.000000
