timestame:1622082557.629000000,objid:2,type:0,xpos:0.000000,ypos:0.000000,xspeed:-11.730000,yspeed:-4.750000,angle:-2.280000,distense:204.000000,rcs:3.000000
timestame:1622082557.629000000,objid:3,type:0,xpos:0.000000,ypos:0.000000,xspeed:1.910000,yspeed:2.530000,angle:-1.280000,distense:110.400000,rcs:22.000000
