timestame:1622082547.879000000,objid:0,type:0,xpos:0.000000,ypos:0.000000,xspeed:4.170000,yspeed:-5.280000,angle:-14.160000,distense:53.200000,rcs:22.000000
timestame:1622082547.879000000,objid:9,type:0,xpos:0.000000,ypos:0.000000,xspeed:-3.380000,yspeed:-0.180000,angle:-4.410000,distense:109.200000,rcs:20.000000
