timestame:1622082549.067000000,objid:0,type:0,xpos:0.000000,ypos:0.000000,xspeed:3.970000,yspeed:-5.950000,angle:-18.000000,distense:59.400000,rcs:15.000000
timestame:1622082549.067000000,objid:9,type:0,xpos:0.000000,ypos:0.000000,xspeed:-3.030000,yspeed:0.060000,angle:-4.260000,distense:106.200000,rcs:15.000000
