timestame:1622082564.689000000,objid:0,type:0,xpos:0.000000,ypos:0.000000,xspeed:-8.430000,yspeed:-0.050000,angle:-2.610000,distense:139.000000,rcs:19.000000
timestame:1622082564.689000000,objid:2,type:0,xpos:0.000000,ypos:0.000000,xspeed:-7.210000,yspeed:0.100000,angle:-1.960000,distense:154.800000,rcs:8.000000
timestame:1622082564.689000000,objid:3,type:0,xpos:0.000000,ypos:0.000000,xspeed:-6.480000,yspeed:-0.260000,angle:-2.960000,distense:149.200000,rcs:8.000000
timestame:1622082564.689000000,objid:4,type:0,xpos:0.000000,ypos:0.000000,xspeed:7.550000,yspeed:-3.700000,angle:-4.250000,distense:117.600000,rcs:15.000000
