timestame:1622082592.360000000,objid:1,type:0,xpos:0.000000,ypos:0.000000,xspeed:2.440000,yspeed:1.410000,angle:-1.370000,distense:113.000000,rcs:18.000000
timestame:1622082592.360000000,objid:2,type:0,xpos:0.000000,ypos:0.000000,xspeed:16.920000,yspeed:-0.010000,angle:-0.290000,distense:221.600000,rcs:4.000000
