timestame:1622082604.860000000,objid:1,type:0,xpos:0.000000,ypos:0.000000,xspeed:4.930000,yspeed:-0.070000,angle:0.420000,distense:155.000000,rcs:27.000000
timestame:1622082604.860000000,objid:2,type:0,xpos:0.000000,ypos:0.000000,xspeed:3.340000,yspeed:-1.020000,angle:0.490000,distense:159.200000,rcs:24.000000
