timestame:1622082529.750000000,objid:2,type:0,xpos:0.000000,ypos:0.000000,xspeed:13.200000,yspeed:0.070000,angle:-0.010000,distense:130.800000,rcs:14.000000
timestame:1622082529.750000000,objid:9,type:0,xpos:0.000000,ypos:0.000000,xspeed:-4.830000,yspeed:-0.060000,angle:-2.300000,distense:180.400000,rcs:6.000000
