timestame:1622082522.750000000,objid:0,type:0,xpos:0.000000,ypos:0.000000,xspeed:-10.030000,yspeed:-4.170000,angle:15.050000,distense:58.400000,rcs:15.000000
timestame:1622082522.750000000,objid:2,type:0,xpos:0.000000,ypos:0.000000,xspeed:10.100000,yspeed:-0.070000,angle:-0.660000,distense:44.600000,rcs:48.000000
timestame:1622082522.750000000,objid:9,type:0,xpos:0.000000,ypos:0.000000,xspeed:-2.830000,yspeed:0.530000,angle:-1.440000,distense:217.000000,rcs:7.000000
