timestame:1622082602.675000000,objid:0,type:0,xpos:0.000000,ypos:0.000000,xspeed:5.240000,yspeed:0.000000,angle:4.570000,distense:26.000000,rcs:38.000000
timestame:1622082602.675000000,objid:1,type:0,xpos:0.000000,ypos:0.000000,xspeed:4.350000,yspeed:-0.020000,angle:0.540000,distense:143.800000,rcs:29.000000
