timestame:1622082556.813000000,objid:0,type:0,xpos:0.000000,ypos:0.000000,xspeed:23.430000,yspeed:-3.660000,angle:-1.460000,distense:114.200000,rcs:20.000000
timestame:1622082556.813000000,objid:2,type:0,xpos:0.000000,ypos:0.000000,xspeed:-14.580000,yspeed:-7.450000,angle:-1.310000,distense:212.400000,rcs:9.000000
