timestame:1622082605.612000000,objid:1,type:0,xpos:0.000000,ypos:0.000000,xspeed:5.040000,yspeed:-0.070000,angle:0.390000,distense:159.200000,rcs:22.000000
timestame:1622082605.612000000,objid:2,type:0,xpos:0.000000,ypos:0.000000,xspeed:5.210000,yspeed:0.700000,angle:0.780000,distense:163.800000,rcs:25.000000
