timestame:1622082522.313000000,objid:0,type:0,xpos:0.000000,ypos:0.000000,xspeed:-10.030000,yspeed:-4.170000,angle:15.660000,distense:63.600000,rcs:15.000000
timestame:1622082522.313000000,objid:2,type:0,xpos:0.000000,ypos:0.000000,xspeed:10.030000,yspeed:-0.240000,angle:-0.990000,distense:39.600000,rcs:42.000000
timestame:1622082522.313000000,objid:3,type:0,xpos:0.000000,ypos:0.000000,xspeed:-1.800000,yspeed:7.540000,angle:14.870000,distense:66.000000,rcs:17.000000
timestame:1622082522.313000000,objid:9,type:0,xpos:0.000000,ypos:0.000000,xspeed:-3.950000,yspeed:-1.460000,angle:-1.630000,distense:218.000000,rcs:8.000000
