timestame:1622082534.064000000,objid:2,type:0,xpos:0.000000,ypos:0.000000,xspeed:14.010000,yspeed:0.060000,angle:0.020000,distense:190.200000,rcs:18.000000
timestame:1622082534.064000000,objid:9,type:0,xpos:0.000000,ypos:0.000000,xspeed:-4.820000,yspeed:-0.130000,angle:-2.650000,distense:159.200000,rcs:14.000000
