timestame:1622082528.497000000,objid:2,type:0,xpos:0.000000,ypos:0.000000,xspeed:12.740000,yspeed:0.020000,angle:-0.100000,distense:113.600000,rcs:29.000000
timestame:1622082528.497000000,objid:9,type:0,xpos:0.000000,ypos:0.000000,xspeed:-5.300000,yspeed:-0.230000,angle:-2.330000,distense:186.000000,rcs:19.000000
