timestame:1622082579.929000000,objid:1,type:0,xpos:0.000000,ypos:0.000000,xspeed:-4.400000,yspeed:-2.020000,angle:-12.720000,distense:63.400000,rcs:25.000000
timestame:1622082579.929000000,objid:2,type:0,xpos:0.000000,ypos:0.000000,xspeed:5.770000,yspeed:0.050000,angle:-1.070000,distense:49.800000,rcs:34.000000
timestame:1622082579.929000000,objid:5,type:0,xpos:0.000000,ypos:0.000000,xspeed:-3.350000,yspeed:-2.790000,angle:-17.330000,distense:61.200000,rcs:22.000000
timestame:1622082579.929000000,objid:6,type:0,xpos:0.000000,ypos:0.000000,xspeed:1.070000,yspeed:-3.770000,angle:-18.000000,distense:61.800000,rcs:14.000000
