timestame:1622082564.501000000,objid:0,type:0,xpos:0.000000,ypos:0.000000,xspeed:-8.440000,yspeed:-0.080000,angle:-2.620000,distense:140.600000,rcs:23.000000
timestame:1622082564.501000000,objid:2,type:0,xpos:0.000000,ypos:0.000000,xspeed:-7.210000,yspeed:0.100000,angle:-1.950000,distense:156.000000,rcs:8.000000
timestame:1622082564.501000000,objid:3,type:0,xpos:0.000000,ypos:0.000000,xspeed:-6.480000,yspeed:-0.260000,angle:-2.920000,distense:150.400000,rcs:8.000000
