timestame:1622082598.605000000,objid:0,type:0,xpos:0.000000,ypos:0.000000,xspeed:4.810000,yspeed:-0.900000,angle:0.490000,distense:132.600000,rcs:10.000000
timestame:1622082598.605000000,objid:1,type:0,xpos:0.000000,ypos:0.000000,xspeed:2.540000,yspeed:0.590000,angle:1.030000,distense:125.600000,rcs:27.000000
