timestame:1622082596.861000000,objid:0,type:0,xpos:0.000000,ypos:0.000000,xspeed:-1.850000,yspeed:3.060000,angle:1.430000,distense:122.000000,rcs:9.000000
timestame:1622082596.861000000,objid:1,type:0,xpos:0.000000,ypos:0.000000,xspeed:1.660000,yspeed:1.080000,angle:0.980000,distense:120.400000,rcs:13.000000
