timestame:1622082576.750000000,objid:0,type:0,xpos:0.000000,ypos:0.000000,xspeed:-5.890000,yspeed:-2.130000,angle:-10.670000,distense:60.600000,rcs:18.000000
timestame:1622082576.750000000,objid:1,type:0,xpos:0.000000,ypos:0.000000,xspeed:-5.150000,yspeed:-1.500000,angle:-5.770000,distense:76.200000,rcs:27.000000
timestame:1622082576.750000000,objid:2,type:0,xpos:0.000000,ypos:0.000000,xspeed:2.500000,yspeed:0.100000,angle:-2.130000,distense:31.000000,rcs:38.000000
timestame:1622082576.750000000,objid:3,type:0,xpos:0.000000,ypos:0.000000,xspeed:-5.290000,yspeed:-2.500000,angle:-9.130000,distense:66.000000,rcs:25.000000
