timestame:1622082521.625000000,objid:0,type:0,xpos:0.000000,ypos:0.000000,xspeed:-6.090000,yspeed:-0.170000,angle:-7.090000,distense:44.200000,rcs:31.000000
timestame:1622082521.625000000,objid:1,type:0,xpos:0.000000,ypos:0.000000,xspeed:-3.390000,yspeed:4.730000,angle:10.090000,distense:65.000000,rcs:19.000000
timestame:1622082521.625000000,objid:2,type:0,xpos:0.000000,ypos:0.000000,xspeed:9.800000,yspeed:0.110000,angle:-0.350000,distense:32.600000,rcs:40.000000
timestame:1622082521.625000000,objid:3,type:0,xpos:0.000000,ypos:0.000000,xspeed:-1.890000,yspeed:10.050000,angle:10.850000,distense:66.200000,rcs:25.000000
