timestame:1622082588.245000000,objid:0,type:0,xpos:0.000000,ypos:0.000000,xspeed:4.010000,yspeed:-2.810000,angle:-4.900000,distense:112.400000,rcs:18.000000
timestame:1622082588.245000000,objid:2,type:0,xpos:0.000000,ypos:0.000000,xspeed:13.940000,yspeed:0.030000,angle:-0.400000,distense:151.200000,rcs:17.000000
