timestame:1622082526.311000000,objid:2,type:0,xpos:0.000000,ypos:0.000000,xspeed:11.500000,yspeed:0.080000,angle:-0.160000,distense:85.000000,rcs:35.000000
timestame:1622082526.311000000,objid:9,type:0,xpos:0.000000,ypos:0.000000,xspeed:-5.410000,yspeed:-0.090000,angle:-1.920000,distense:197.000000,rcs:16.000000
