timestame:1622082526.249000000,objid:2,type:0,xpos:0.000000,ypos:0.000000,xspeed:11.500000,yspeed:0.070000,angle:-0.180000,distense:84.400000,rcs:38.000000
timestame:1622082526.249000000,objid:9,type:0,xpos:0.000000,ypos:0.000000,xspeed:-5.390000,yspeed:-0.100000,angle:-1.920000,distense:197.400000,rcs:16.000000
