timestame:1622082455.433000000,objid:0,type:0,xpos:0.000000,ypos:0.000000,xspeed:6.270000,yspeed:-0.140000,angle:-2.060000,distense:33.800000,rcs:30.000000
timestame:1622082455.433000000,objid:1,type:0,xpos:0.000000,ypos:0.000000,xspeed:-1.820000,yspeed:-0.140000,angle:-3.940000,distense:72.400000,rcs:16.000000
