timestame:1622082499.735000000,objid:0,type:0,xpos:0.000000,ypos:0.000000,xspeed:-2.620000,yspeed:-3.390000,angle:13.610000,distense:55.400000,rcs:13.000000
timestame:1622082499.735000000,objid:1,type:0,xpos:0.000000,ypos:0.000000,xspeed:-4.350000,yspeed:-1.070000,angle:-2.950000,distense:127.000000,rcs:11.000000
