timestame:1622082580.985000000,objid:1,type:0,xpos:0.000000,ypos:0.000000,xspeed:-3.980000,yspeed:-2.750000,angle:-17.170000,distense:60.800000,rcs:18.000000
timestame:1622082580.985000000,objid:2,type:0,xpos:0.000000,ypos:0.000000,xspeed:7.300000,yspeed:-0.010000,angle:-0.970000,distense:59.800000,rcs:28.000000
timestame:1622082580.985000000,objid:5,type:0,xpos:0.000000,ypos:0.000000,xspeed:-3.060000,yspeed:-2.600000,angle:-18.000000,distense:59.200000,rcs:25.000000
timestame:1622082580.985000000,objid:7,type:0,xpos:0.000000,ypos:0.000000,xspeed:1.480000,yspeed:-0.580000,angle:-18.000000,distense:63.800000,rcs:25.000000
