timestame:1622082459.126000000,objid:0,type:0,xpos:0.000000,ypos:0.000000,xspeed:10.950000,yspeed:0.010000,angle:-1.050000,distense:73.200000,rcs:30.000000
timestame:1622082459.126000000,objid:1,type:0,xpos:0.000000,ypos:0.000000,xspeed:-5.320000,yspeed:-0.090000,angle:-5.820000,distense:52.600000,rcs:22.000000
