timestame:1622082559.620000000,objid:0,type:0,xpos:0.000000,ypos:0.000000,xspeed:-10.010000,yspeed:-0.580000,angle:-1.640000,distense:184.400000,rcs:12.000000
timestame:1622082559.620000000,objid:2,type:0,xpos:0.000000,ypos:0.000000,xspeed:-12.760000,yspeed:-0.210000,angle:-1.500000,distense:191.400000,rcs:7.000000
