timestame:1622082454.991000000,objid:0,type:0,xpos:0.000000,ypos:0.000000,xspeed:5.850000,yspeed:-0.100000,angle:-2.120000,distense:30.800000,rcs:35.000000
timestame:1622082454.991000000,objid:1,type:0,xpos:0.000000,ypos:0.000000,xspeed:-1.610000,yspeed:-0.290000,angle:-3.940000,distense:73.200000,rcs:16.000000
