timestame:1622082569.195000000,objid:0,type:0,xpos:0.000000,ypos:0.000000,xspeed:-7.420000,yspeed:0.570000,angle:-1.640000,distense:105.800000,rcs:23.000000
timestame:1622082569.195000000,objid:2,type:0,xpos:0.000000,ypos:0.000000,xspeed:-7.230000,yspeed:0.260000,angle:-3.120000,distense:116.200000,rcs:14.000000
timestame:1622082569.195000000,objid:3,type:0,xpos:0.000000,ypos:0.000000,xspeed:3.950000,yspeed:-0.050000,angle:-3.410000,distense:22.000000,rcs:46.000000
timestame:1622082569.195000000,objid:4,type:0,xpos:0.000000,ypos:0.000000,xspeed:-7.000000,yspeed:0.000000,angle:-1.880000,distense:122.400000,rcs:13.000000
