timestame:1622082547.317000000,objid:0,type:0,xpos:0.000000,ypos:0.000000,xspeed:3.800000,yspeed:-3.770000,angle:-11.130000,distense:49.800000,rcs:23.000000
timestame:1622082547.317000000,objid:9,type:0,xpos:0.000000,ypos:0.000000,xspeed:-3.560000,yspeed:-0.170000,angle:-4.280000,distense:111.000000,rcs:21.000000
