timestame:1622082605.365000000,objid:1,type:0,xpos:0.000000,ypos:0.000000,xspeed:4.960000,yspeed:-0.090000,angle:0.380000,distense:157.800000,rcs:23.000000
timestame:1622082605.365000000,objid:2,type:0,xpos:0.000000,ypos:0.000000,xspeed:5.380000,yspeed:0.460000,angle:0.670000,distense:162.600000,rcs:26.000000
