timestame:1622082567.069000000,objid:0,type:0,xpos:0.000000,ypos:0.000000,xspeed:-7.750000,yspeed:0.440000,angle:-2.180000,distense:121.200000,rcs:22.000000
timestame:1622082567.069000000,objid:2,type:0,xpos:0.000000,ypos:0.000000,xspeed:-6.330000,yspeed:-0.440000,angle:-3.080000,distense:131.800000,rcs:12.000000
