timestame:1622082580.362000000,objid:1,type:0,xpos:0.000000,ypos:0.000000,xspeed:-4.210000,yspeed:-2.360000,angle:-14.410000,distense:62.400000,rcs:16.000000
timestame:1622082580.362000000,objid:2,type:0,xpos:0.000000,ypos:0.000000,xspeed:6.290000,yspeed:0.010000,angle:-1.050000,distense:53.400000,rcs:31.000000
timestame:1622082580.362000000,objid:5,type:0,xpos:0.000000,ypos:0.000000,xspeed:-3.210000,yspeed:-2.700000,angle:-18.000000,distense:60.400000,rcs:18.000000
timestame:1622082580.362000000,objid:7,type:0,xpos:0.000000,ypos:0.000000,xspeed:1.040000,yspeed:-1.100000,angle:-18.000000,distense:62.400000,rcs:17.000000
