timestame:1622082547.379000000,objid:0,type:0,xpos:0.000000,ypos:0.000000,xspeed:3.700000,yspeed:-3.960000,angle:-11.400000,distense:50.000000,rcs:22.000000
timestame:1622082547.379000000,objid:9,type:0,xpos:0.000000,ypos:0.000000,xspeed:-3.500000,yspeed:-0.170000,angle:-4.290000,distense:110.800000,rcs:24.000000
