timestame:1622082568.001000000,objid:0,type:0,xpos:0.000000,ypos:0.000000,xspeed:-7.610000,yspeed:0.590000,angle:-1.850000,distense:114.600000,rcs:14.000000
timestame:1622082568.001000000,objid:2,type:0,xpos:0.000000,ypos:0.000000,xspeed:-7.670000,yspeed:0.450000,angle:-2.970000,distense:124.600000,rcs:10.000000
timestame:1622082568.001000000,objid:3,type:0,xpos:0.000000,ypos:0.000000,xspeed:4.750000,yspeed:-0.460000,angle:-4.230000,distense:17.400000,rcs:36.000000
