timestame:1622082563.258000000,objid:0,type:0,xpos:0.000000,ypos:0.000000,xspeed:-9.170000,yspeed:-0.550000,angle:-2.800000,distense:150.200000,rcs:12.000000
timestame:1622082563.258000000,objid:2,type:0,xpos:0.000000,ypos:0.000000,xspeed:-8.770000,yspeed:-3.850000,angle:-1.990000,distense:164.600000,rcs:11.000000
timestame:1622082563.258000000,objid:3,type:0,xpos:0.000000,ypos:0.000000,xspeed:-8.090000,yspeed:-1.850000,angle:-2.830000,distense:158.600000,rcs:9.000000
