timestame:1622082461.637000000,objid:0,type:0,xpos:0.000000,ypos:0.000000,xspeed:14.610000,yspeed:-0.090000,angle:-0.810000,distense:112.000000,rcs:17.000000
timestame:1622082461.637000000,objid:1,type:0,xpos:0.000000,ypos:0.000000,xspeed:-6.270000,yspeed:-0.050000,angle:-8.640000,distense:36.600000,rcs:30.000000
