timestame:1622082597.485000000,objid:0,type:0,xpos:0.000000,ypos:0.000000,xspeed:6.590000,yspeed:-1.540000,angle:1.110000,distense:127.000000,rcs:25.000000
timestame:1622082597.485000000,objid:1,type:0,xpos:0.000000,ypos:0.000000,xspeed:1.780000,yspeed:0.830000,angle:0.950000,distense:121.600000,rcs:25.000000
