timestame:1622082559.812000000,objid:0,type:0,xpos:0.000000,ypos:0.000000,xspeed:-9.430000,yspeed:-0.600000,angle:-1.700000,distense:183.200000,rcs:17.000000
timestame:1622082559.812000000,objid:2,type:0,xpos:0.000000,ypos:0.000000,xspeed:-12.760000,yspeed:-0.210000,angle:-1.530000,distense:189.200000,rcs:7.000000
