timestame:1622082454.681000000,objid:0,type:0,xpos:0.000000,ypos:0.000000,xspeed:5.540000,yspeed:-0.050000,angle:-2.160000,distense:28.800000,rcs:37.000000
timestame:1622082454.681000000,objid:1,type:0,xpos:0.000000,ypos:0.000000,xspeed:-1.730000,yspeed:0.040000,angle:-3.700000,distense:73.600000,rcs:15.000000
