timestame:1622082571.188000000,objid:0,type:0,xpos:0.000000,ypos:0.000000,xspeed:-6.910000,yspeed:0.280000,angle:-1.670000,distense:92.800000,rcs:30.000000
timestame:1622082571.188000000,objid:3,type:0,xpos:0.000000,ypos:0.000000,xspeed:3.160000,yspeed:0.110000,angle:-1.970000,distense:27.400000,rcs:32.000000
timestame:1622082571.188000000,objid:4,type:0,xpos:0.000000,ypos:0.000000,xspeed:-5.940000,yspeed:-2.290000,angle:-2.080000,distense:109.600000,rcs:16.000000
