timestame:1622082467.316000000,objid:0,type:0,xpos:0.000000,ypos:0.000000,xspeed:19.900000,yspeed:-0.060000,angle:-0.440000,distense:224.000000,rcs:1.000000
timestame:1622082467.316000000,objid:1,type:0,xpos:0.000000,ypos:0.000000,xspeed:17.930000,yspeed:0.220000,angle:-1.840000,distense:36.600000,rcs:35.000000
