timestame:1622082551.189000000,objid:0,type:0,xpos:0.000000,ypos:0.000000,xspeed:-1.170000,yspeed:0.000000,angle:-2.420000,distense:108.600000,rcs:18.000000
timestame:1622082551.189000000,objid:9,type:0,xpos:0.000000,ypos:0.000000,xspeed:-1.950000,yspeed:0.840000,angle:-2.870000,distense:102.400000,rcs:17.000000
