timestame:1622082528.750000000,objid:2,type:0,xpos:0.000000,ypos:0.000000,xspeed:12.900000,yspeed:0.040000,angle:-0.080000,distense:117.600000,rcs:29.000000
timestame:1622082528.750000000,objid:9,type:0,xpos:0.000000,ypos:0.000000,xspeed:-5.290000,yspeed:-0.240000,angle:-2.380000,distense:184.400000,rcs:18.000000
