timestame:1622082579.743000000,objid:1,type:0,xpos:0.000000,ypos:0.000000,xspeed:-4.340000,yspeed:-2.030000,angle:-12.240000,distense:64.200000,rcs:20.000000
timestame:1622082579.743000000,objid:2,type:0,xpos:0.000000,ypos:0.000000,xspeed:5.630000,yspeed:0.050000,angle:-1.110000,distense:48.600000,rcs:36.000000
timestame:1622082579.743000000,objid:4,type:0,xpos:0.000000,ypos:0.000000,xspeed:-4.050000,yspeed:-5.430000,angle:-18.000000,distense:48.400000,rcs:14.000000
timestame:1622082579.743000000,objid:5,type:0,xpos:0.000000,ypos:0.000000,xspeed:-3.590000,yspeed:-2.960000,angle:-17.050000,distense:61.400000,rcs:27.000000
