timestame:1622082604.117000000,objid:0,type:0,xpos:0.000000,ypos:0.000000,xspeed:5.020000,yspeed:0.530000,angle:4.800000,distense:33.200000,rcs:30.000000
timestame:1622082604.117000000,objid:1,type:0,xpos:0.000000,ypos:0.000000,xspeed:4.830000,yspeed:-0.070000,angle:0.450000,distense:151.400000,rcs:28.000000
