timestame:1622082501.300000000,objid:0,type:0,xpos:0.000000,ypos:0.000000,xspeed:-1.380000,yspeed:-2.900000,angle:9.840000,distense:53.200000,rcs:18.000000
timestame:1622082501.300000000,objid:1,type:0,xpos:0.000000,ypos:0.000000,xspeed:-3.040000,yspeed:-0.100000,angle:-2.910000,distense:122.800000,rcs:11.000000
