timestame:1622082525.877000000,objid:2,type:0,xpos:0.000000,ypos:0.000000,xspeed:11.370000,yspeed:0.040000,angle:-0.250000,distense:80.000000,rcs:36.000000
timestame:1622082525.877000000,objid:9,type:0,xpos:0.000000,ypos:0.000000,xspeed:-5.360000,yspeed:-0.240000,angle:-2.000000,distense:199.400000,rcs:10.000000
