timestame:1622082453.999000000,objid:0,type:0,xpos:0.000000,ypos:0.000000,xspeed:5.240000,yspeed:0.000000,angle:-2.280000,distense:25.000000,rcs:33.000000
timestame:1622082453.999000000,objid:1,type:0,xpos:0.000000,ypos:0.000000,xspeed:-1.170000,yspeed:0.000000,angle:-3.720000,distense:75.000000,rcs:22.000000
