timestame:1622082528.874000000,objid:2,type:0,xpos:0.000000,ypos:0.000000,xspeed:12.940000,yspeed:0.030000,angle:-0.080000,distense:119.400000,rcs:28.000000
timestame:1622082528.874000000,objid:9,type:0,xpos:0.000000,ypos:0.000000,xspeed:-5.290000,yspeed:-0.250000,angle:-2.400000,distense:183.800000,rcs:15.000000
