timestame:1622082549.441000000,objid:0,type:0,xpos:0.000000,ypos:0.000000,xspeed:3.670000,yspeed:-6.050000,angle:-18.000000,distense:61.400000,rcs:16.000000
timestame:1622082549.441000000,objid:9,type:0,xpos:0.000000,ypos:0.000000,xspeed:-3.000000,yspeed:0.240000,angle:-4.060000,distense:105.000000,rcs:17.000000
