timestame:1622082605.550000000,objid:1,type:0,xpos:0.000000,ypos:0.000000,xspeed:5.040000,yspeed:-0.070000,angle:0.390000,distense:158.800000,rcs:22.000000
timestame:1622082605.550000000,objid:2,type:0,xpos:0.000000,ypos:0.000000,xspeed:5.340000,yspeed:0.780000,angle:0.790000,distense:163.600000,rcs:21.000000
