timestame:1622082527.443000000,objid:2,type:0,xpos:0.000000,ypos:0.000000,xspeed:12.140000,yspeed:0.070000,angle:-0.100000,distense:99.800000,rcs:40.000000
timestame:1622082527.443000000,objid:9,type:0,xpos:0.000000,ypos:0.000000,xspeed:-4.970000,yspeed:-0.270000,angle:-2.210000,distense:192.000000,rcs:14.000000
