timestame:1622082460.501000000,objid:0,type:0,xpos:0.000000,ypos:0.000000,xspeed:13.140000,yspeed:-0.030000,angle:-0.860000,distense:94.000000,rcs:21.000000
timestame:1622082460.501000000,objid:1,type:0,xpos:0.000000,ypos:0.000000,xspeed:-5.900000,yspeed:-0.100000,angle:-7.250000,distense:43.800000,rcs:29.000000
