timestame:1622082535.009000000,objid:2,type:0,xpos:0.000000,ypos:0.000000,xspeed:14.230000,yspeed:0.170000,angle:0.130000,distense:204.200000,rcs:15.000000
timestame:1622082535.009000000,objid:9,type:0,xpos:0.000000,ypos:0.000000,xspeed:-4.520000,yspeed:-0.120000,angle:-2.740000,distense:155.200000,rcs:13.000000
