timestame:1622082556.999000000,objid:0,type:0,xpos:0.000000,ypos:0.000000,xspeed:23.430000,yspeed:-3.660000,angle:-1.720000,distense:118.400000,rcs:20.000000
timestame:1622082556.999000000,objid:2,type:0,xpos:0.000000,ypos:0.000000,xspeed:-11.790000,yspeed:-3.920000,angle:-1.370000,distense:211.000000,rcs:12.000000
