timestame:1622082578.681000000,objid:1,type:0,xpos:0.000000,ypos:0.000000,xspeed:-4.750000,yspeed:-1.700000,angle:-9.340000,distense:67.800000,rcs:22.000000
timestame:1622082578.681000000,objid:2,type:0,xpos:0.000000,ypos:0.000000,xspeed:4.370000,yspeed:0.080000,angle:-1.350000,distense:40.800000,rcs:39.000000
timestame:1622082578.681000000,objid:3,type:0,xpos:0.000000,ypos:0.000000,xspeed:-4.440000,yspeed:-2.920000,angle:-16.020000,distense:59.000000,rcs:29.000000
timestame:1622082578.681000000,objid:5,type:0,xpos:0.000000,ypos:0.000000,xspeed:-5.250000,yspeed:-2.290000,angle:-13.250000,distense:62.600000,rcs:25.000000
