timestame:1622082596.923000000,objid:0,type:0,xpos:0.000000,ypos:0.000000,xspeed:-1.850000,yspeed:3.060000,angle:1.520000,distense:121.800000,rcs:9.000000
timestame:1622082596.923000000,objid:1,type:0,xpos:0.000000,ypos:0.000000,xspeed:1.640000,yspeed:1.030000,angle:0.950000,distense:120.400000,rcs:15.000000
