timestame:1622082569.824000000,objid:0,type:0,xpos:0.000000,ypos:0.000000,xspeed:-7.220000,yspeed:0.530000,angle:-1.560000,distense:101.800000,rcs:26.000000
timestame:1622082569.824000000,objid:2,type:0,xpos:0.000000,ypos:0.000000,xspeed:-7.160000,yspeed:0.690000,angle:-2.780000,distense:111.800000,rcs:16.000000
timestame:1622082569.824000000,objid:3,type:0,xpos:0.000000,ypos:0.000000,xspeed:3.600000,yspeed:0.150000,angle:-2.570000,distense:23.600000,rcs:40.000000
