timestame:1622082604.986000000,objid:1,type:0,xpos:0.000000,ypos:0.000000,xspeed:4.950000,yspeed:-0.100000,angle:0.390000,distense:156.000000,rcs:21.000000
timestame:1622082604.986000000,objid:2,type:0,xpos:0.000000,ypos:0.000000,xspeed:4.820000,yspeed:1.070000,angle:0.700000,distense:160.400000,rcs:23.000000
