timestame:1622082563.447000000,objid:0,type:0,xpos:0.000000,ypos:0.000000,xspeed:-8.990000,yspeed:-0.490000,angle:-2.790000,distense:148.800000,rcs:7.000000
timestame:1622082563.447000000,objid:2,type:0,xpos:0.000000,ypos:0.000000,xspeed:-6.370000,yspeed:-0.670000,angle:-1.950000,distense:163.800000,rcs:8.000000
timestame:1622082563.447000000,objid:3,type:0,xpos:0.000000,ypos:0.000000,xspeed:-8.090000,yspeed:-1.850000,angle:-2.980000,distense:157.200000,rcs:9.000000
