timestame:1622082530.688000000,objid:2,type:0,xpos:0.000000,ypos:0.000000,xspeed:13.250000,yspeed:0.070000,angle:0.020000,distense:143.600000,rcs:27.000000
timestame:1622082530.688000000,objid:9,type:0,xpos:0.000000,ypos:0.000000,xspeed:-4.970000,yspeed:-0.010000,angle:-2.310000,distense:175.600000,rcs:18.000000
