timestame:1622082529.812000000,objid:2,type:0,xpos:0.000000,ypos:0.000000,xspeed:13.180000,yspeed:0.080000,angle:0.000000,distense:131.600000,rcs:25.000000
timestame:1622082529.812000000,objid:9,type:0,xpos:0.000000,ypos:0.000000,xspeed:-4.880000,yspeed:-0.050000,angle:-2.300000,distense:180.000000,rcs:11.000000
