timestame:1622082551.250000000,objid:0,type:0,xpos:0.000000,ypos:0.000000,xspeed:-1.170000,yspeed:0.000000,angle:-2.420000,distense:108.400000,rcs:18.000000
timestame:1622082551.250000000,objid:9,type:0,xpos:0.000000,ypos:0.000000,xspeed:-1.900000,yspeed:0.900000,angle:-2.750000,distense:102.400000,rcs:18.000000
