timestame:1622082512.188000000,objid:0,type:0,xpos:0.000000,ypos:0.000000,xspeed:-2.970000,yspeed:0.050000,angle:-3.230000,distense:77.800000,rcs:20.000000
timestame:1622082512.188000000,objid:1,type:0,xpos:0.000000,ypos:0.000000,xspeed:-6.050000,yspeed:-1.020000,angle:-3.590000,distense:126.000000,rcs:8.000000
