timestame:1622082568.942000000,objid:0,type:0,xpos:0.000000,ypos:0.000000,xspeed:-7.430000,yspeed:0.560000,angle:-1.690000,distense:107.600000,rcs:26.000000
timestame:1622082568.942000000,objid:2,type:0,xpos:0.000000,ypos:0.000000,xspeed:-7.230000,yspeed:0.260000,angle:-3.100000,distense:118.000000,rcs:14.000000
timestame:1622082568.942000000,objid:3,type:0,xpos:0.000000,ypos:0.000000,xspeed:3.980000,yspeed:-0.020000,angle:-3.480000,distense:21.000000,rcs:42.000000
