timestame:1622082530.311000000,objid:2,type:0,xpos:0.000000,ypos:0.000000,xspeed:13.260000,yspeed:0.110000,angle:0.050000,distense:138.800000,rcs:24.000000
timestame:1622082530.311000000,objid:9,type:0,xpos:0.000000,ypos:0.000000,xspeed:-4.780000,yspeed:0.100000,angle:-2.180000,distense:177.600000,rcs:11.000000
