timestame:1622082563.319000000,objid:0,type:0,xpos:0.000000,ypos:0.000000,xspeed:-9.130000,yspeed:-0.480000,angle:-2.750000,distense:149.800000,rcs:21.000000
timestame:1622082563.319000000,objid:2,type:0,xpos:0.000000,ypos:0.000000,xspeed:-8.770000,yspeed:-3.850000,angle:-2.080000,distense:164.200000,rcs:11.000000
timestame:1622082563.319000000,objid:3,type:0,xpos:0.000000,ypos:0.000000,xspeed:-8.090000,yspeed:-1.850000,angle:-2.880000,distense:158.000000,rcs:9.000000
