timestame:1622082559.497000000,objid:0,type:0,xpos:0.000000,ypos:0.000000,xspeed:-10.130000,yspeed:-0.640000,angle:-1.620000,distense:186.000000,rcs:13.000000
timestame:1622082559.497000000,objid:2,type:0,xpos:0.000000,ypos:0.000000,xspeed:-10.200000,yspeed:0.000000,angle:-1.470000,distense:194.200000,rcs:5.000000
