timestame:1622082571.127000000,objid:0,type:0,xpos:0.000000,ypos:0.000000,xspeed:-6.920000,yspeed:0.290000,angle:-1.670000,distense:93.200000,rcs:21.000000
timestame:1622082571.127000000,objid:3,type:0,xpos:0.000000,ypos:0.000000,xspeed:3.160000,yspeed:0.110000,angle:-2.000000,distense:27.200000,rcs:32.000000
timestame:1622082571.127000000,objid:4,type:0,xpos:0.000000,ypos:0.000000,xspeed:-5.940000,yspeed:-2.290000,angle:-2.000000,distense:110.000000,rcs:16.000000
