timestame:1622082581.171000000,objid:1,type:0,xpos:0.000000,ypos:0.000000,xspeed:-4.010000,yspeed:-2.880000,angle:-18.000000,distense:60.400000,rcs:35.000000
timestame:1622082581.171000000,objid:2,type:0,xpos:0.000000,ypos:0.000000,xspeed:7.530000,yspeed:0.170000,angle:-0.640000,distense:61.600000,rcs:15.000000
timestame:1622082581.171000000,objid:7,type:0,xpos:0.000000,ypos:0.000000,xspeed:1.460000,yspeed:-0.470000,angle:-18.000000,distense:64.000000,rcs:22.000000
