timestame:1622082529.254000000,objid:2,type:0,xpos:0.000000,ypos:0.000000,xspeed:13.000000,yspeed:0.020000,angle:-0.080000,distense:124.000000,rcs:31.000000
timestame:1622082529.254000000,objid:9,type:0,xpos:0.000000,ypos:0.000000,xspeed:-5.140000,yspeed:-0.170000,angle:-2.370000,distense:182.200000,rcs:16.000000
