timestame:1622082570.318000000,objid:0,type:0,xpos:0.000000,ypos:0.000000,xspeed:-6.970000,yspeed:0.510000,angle:-1.480000,distense:98.400000,rcs:20.000000
timestame:1622082570.318000000,objid:2,type:0,xpos:0.000000,ypos:0.000000,xspeed:-6.960000,yspeed:0.810000,angle:-2.540000,distense:108.400000,rcs:16.000000
timestame:1622082570.318000000,objid:3,type:0,xpos:0.000000,ypos:0.000000,xspeed:3.330000,yspeed:0.080000,angle:-2.450000,distense:25.000000,rcs:33.000000
