timestame:1622082535.257000000,objid:2,type:0,xpos:0.000000,ypos:0.000000,xspeed:14.280000,yspeed:0.170000,angle:0.140000,distense:207.800000,rcs:11.000000
timestame:1622082535.257000000,objid:9,type:0,xpos:0.000000,ypos:0.000000,xspeed:-4.580000,yspeed:-0.130000,angle:-2.780000,distense:154.000000,rcs:17.000000
