timestame:1622082548.320000000,objid:0,type:0,xpos:0.000000,ypos:0.000000,xspeed:4.160000,yspeed:-5.420000,angle:-16.050000,distense:55.400000,rcs:16.000000
timestame:1622082548.320000000,objid:9,type:0,xpos:0.000000,ypos:0.000000,xspeed:-3.320000,yspeed:-0.100000,angle:-4.390000,distense:108.000000,rcs:22.000000
