timestame:1622082576.436000000,objid:0,type:0,xpos:0.000000,ypos:0.000000,xspeed:-6.000000,yspeed:-1.920000,angle:-9.480000,distense:62.000000,rcs:20.000000
timestame:1622082576.436000000,objid:1,type:0,xpos:0.000000,ypos:0.000000,xspeed:-5.220000,yspeed:-1.440000,angle:-5.270000,distense:77.600000,rcs:23.000000
timestame:1622082576.436000000,objid:2,type:0,xpos:0.000000,ypos:0.000000,xspeed:2.300000,yspeed:0.140000,angle:-2.180000,distense:30.000000,rcs:36.000000
timestame:1622082576.436000000,objid:3,type:0,xpos:0.000000,ypos:0.000000,xspeed:-6.030000,yspeed:-2.780000,angle:-8.530000,distense:66.800000,rcs:25.000000
