timestame:1622082572.881000000,objid:0,type:0,xpos:0.000000,ypos:0.000000,xspeed:-6.040000,yspeed:0.000000,angle:-2.060000,distense:83.600000,rcs:23.000000
timestame:1622082572.881000000,objid:4,type:0,xpos:0.000000,ypos:0.000000,xspeed:-8.220000,yspeed:0.660000,angle:-1.210000,distense:95.200000,rcs:22.000000
