timestame:1622082603.238000000,objid:0,type:0,xpos:0.000000,ypos:0.000000,xspeed:5.420000,yspeed:0.430000,angle:4.650000,distense:28.800000,rcs:32.000000
timestame:1622082603.238000000,objid:1,type:0,xpos:0.000000,ypos:0.000000,xspeed:4.500000,yspeed:0.000000,angle:0.550000,distense:146.400000,rcs:29.000000
timestame:1622082603.238000000,objid:2,type:0,xpos:0.000000,ypos:0.000000,xspeed:4.820000,yspeed:3.390000,angle:0.850000,distense:151.400000,rcs:23.000000
