timestame:1622082579.867000000,objid:1,type:0,xpos:0.000000,ypos:0.000000,xspeed:-4.370000,yspeed:-2.000000,angle:-12.520000,distense:63.600000,rcs:23.000000
timestame:1622082579.867000000,objid:2,type:0,xpos:0.000000,ypos:0.000000,xspeed:5.700000,yspeed:0.060000,angle:-1.070000,distense:49.400000,rcs:33.000000
timestame:1622082579.867000000,objid:5,type:0,xpos:0.000000,ypos:0.000000,xspeed:-3.440000,yspeed:-2.850000,angle:-17.260000,distense:61.200000,rcs:29.000000
timestame:1622082579.867000000,objid:6,type:0,xpos:0.000000,ypos:0.000000,xspeed:1.070000,yspeed:-3.770000,angle:-18.000000,distense:61.600000,rcs:14.000000
