timestame:1622082573.191000000,objid:0,type:0,xpos:0.000000,ypos:0.000000,xspeed:-6.190000,yspeed:-0.150000,angle:-2.360000,distense:81.200000,rcs:24.000000
timestame:1622082573.191000000,objid:4,type:0,xpos:0.000000,ypos:0.000000,xspeed:-7.810000,yspeed:0.570000,angle:-1.190000,distense:93.000000,rcs:19.000000
