timestame:1622082563.943000000,objid:0,type:0,xpos:0.000000,ypos:0.000000,xspeed:-8.640000,yspeed:-0.340000,angle:-2.790000,distense:144.800000,rcs:18.000000
timestame:1622082563.943000000,objid:2,type:0,xpos:0.000000,ypos:0.000000,xspeed:-6.890000,yspeed:-1.050000,angle:-2.120000,distense:160.000000,rcs:9.000000
timestame:1622082563.943000000,objid:3,type:0,xpos:0.000000,ypos:0.000000,xspeed:-6.940000,yspeed:-0.680000,angle:-2.940000,distense:153.600000,rcs:10.000000
