timestame:1622082511.927000000,objid:0,type:0,xpos:0.000000,ypos:0.000000,xspeed:-3.180000,yspeed:0.010000,angle:-3.290000,distense:78.400000,rcs:15.000000
timestame:1622082511.927000000,objid:1,type:0,xpos:0.000000,ypos:0.000000,xspeed:-7.380000,yspeed:-0.690000,angle:-3.260000,distense:127.200000,rcs:8.000000
