timestame:1622082527.195000000,objid:2,type:0,xpos:0.000000,ypos:0.000000,xspeed:11.970000,yspeed:0.070000,angle:-0.120000,distense:95.800000,rcs:37.000000
timestame:1622082527.195000000,objid:9,type:0,xpos:0.000000,ypos:0.000000,xspeed:-5.110000,yspeed:-0.290000,angle:-2.190000,distense:193.200000,rcs:15.000000
