timestame:1622082521.046000000,objid:0,type:0,xpos:0.000000,ypos:0.000000,xspeed:-6.070000,yspeed:-0.170000,angle:-6.420000,distense:47.800000,rcs:16.000000
timestame:1622082521.046000000,objid:1,type:0,xpos:0.000000,ypos:0.000000,xspeed:-3.670000,yspeed:5.060000,angle:7.590000,distense:66.400000,rcs:19.000000
timestame:1622082521.046000000,objid:2,type:0,xpos:0.000000,ypos:0.000000,xspeed:9.950000,yspeed:-0.090000,angle:-0.770000,distense:27.000000,rcs:46.000000
