timestame:1622082461.319000000,objid:0,type:0,xpos:0.000000,ypos:0.000000,xspeed:14.240000,yspeed:-0.050000,angle:-0.800000,distense:107.000000,rcs:20.000000
timestame:1622082461.319000000,objid:1,type:0,xpos:0.000000,ypos:0.000000,xspeed:-6.140000,yspeed:-0.070000,angle:-8.200000,distense:38.600000,rcs:29.000000
