timestame:1622082578.746000000,objid:1,type:0,xpos:0.000000,ypos:0.000000,xspeed:-4.750000,yspeed:-1.700000,angle:-9.460000,distense:67.600000,rcs:22.000000
timestame:1622082578.746000000,objid:2,type:0,xpos:0.000000,ypos:0.000000,xspeed:4.430000,yspeed:0.080000,angle:-1.330000,distense:41.200000,rcs:35.000000
timestame:1622082578.746000000,objid:3,type:0,xpos:0.000000,ypos:0.000000,xspeed:-4.440000,yspeed:-2.920000,angle:-16.250000,distense:58.800000,rcs:29.000000
timestame:1622082578.746000000,objid:5,type:0,xpos:0.000000,ypos:0.000000,xspeed:-5.160000,yspeed:-2.260000,angle:-13.390000,distense:62.400000,rcs:23.000000
