timestame:1622082467.060000000,objid:0,type:0,xpos:0.000000,ypos:0.000000,xspeed:19.890000,yspeed:-0.060000,angle:-0.440000,distense:219.200000,rcs:8.000000
timestame:1622082467.060000000,objid:1,type:0,xpos:0.000000,ypos:0.000000,xspeed:16.760000,yspeed:-0.780000,angle:-2.420000,distense:32.000000,rcs:35.000000
