timestame:1622082533.816000000,objid:2,type:0,xpos:0.000000,ypos:0.000000,xspeed:13.800000,yspeed:0.070000,angle:0.020000,distense:186.600000,rcs:18.000000
timestame:1622082533.816000000,objid:9,type:0,xpos:0.000000,ypos:0.000000,xspeed:-4.750000,yspeed:-0.160000,angle:-2.650000,distense:160.400000,rcs:12.000000
