timestame:1622082456.559000000,objid:0,type:0,xpos:0.000000,ypos:0.000000,xspeed:7.290000,yspeed:-0.150000,angle:-1.890000,distense:43.000000,rcs:35.000000
timestame:1622082456.559000000,objid:1,type:0,xpos:0.000000,ypos:0.000000,xspeed:-3.010000,yspeed:0.090000,angle:-3.970000,distense:67.800000,rcs:20.000000
