timestame:1622082567.131000000,objid:0,type:0,xpos:0.000000,ypos:0.000000,xspeed:-7.730000,yspeed:0.460000,angle:-2.150000,distense:120.800000,rcs:16.000000
timestame:1622082567.131000000,objid:2,type:0,xpos:0.000000,ypos:0.000000,xspeed:-6.880000,yspeed:0.520000,angle:-2.980000,distense:131.200000,rcs:11.000000
