timestame:1622082501.549000000,objid:0,type:0,xpos:0.000000,ypos:0.000000,xspeed:-1.470000,yspeed:-3.150000,angle:8.600000,distense:52.400000,rcs:18.000000
timestame:1622082501.549000000,objid:1,type:0,xpos:0.000000,ypos:0.000000,xspeed:-2.990000,yspeed:-0.220000,angle:-3.050000,distense:122.000000,rcs:9.000000
