timestame:1622082596.737000000,objid:0,type:0,xpos:0.000000,ypos:0.000000,xspeed:-1.850000,yspeed:3.060000,angle:1.250000,distense:122.200000,rcs:9.000000
timestame:1622082596.737000000,objid:1,type:0,xpos:0.000000,ypos:0.000000,xspeed:1.680000,yspeed:1.080000,angle:0.920000,distense:120.200000,rcs:14.000000
