timestame:1622082571.636000000,objid:0,type:0,xpos:0.000000,ypos:0.000000,xspeed:-6.390000,yspeed:0.260000,angle:-1.640000,distense:90.600000,rcs:21.000000
timestame:1622082571.636000000,objid:4,type:0,xpos:0.000000,ypos:0.000000,xspeed:-6.790000,yspeed:0.470000,angle:-1.570000,distense:106.000000,rcs:12.000000
