timestame:1622082547.817000000,objid:0,type:0,xpos:0.000000,ypos:0.000000,xspeed:4.190000,yspeed:-5.370000,angle:-13.940000,distense:52.800000,rcs:18.000000
timestame:1622082547.817000000,objid:9,type:0,xpos:0.000000,ypos:0.000000,xspeed:-3.470000,yspeed:-0.170000,angle:-4.400000,distense:109.200000,rcs:21.000000
