timestame:1622082578.997000000,objid:1,type:0,xpos:0.000000,ypos:0.000000,xspeed:-4.650000,yspeed:-1.730000,angle:-9.990000,distense:66.800000,rcs:30.000000
timestame:1622082578.997000000,objid:2,type:0,xpos:0.000000,ypos:0.000000,xspeed:4.710000,yspeed:0.060000,angle:-1.300000,distense:42.800000,rcs:33.000000
timestame:1622082578.997000000,objid:3,type:0,xpos:0.000000,ypos:0.000000,xspeed:-4.270000,yspeed:-2.920000,angle:-17.100000,distense:58.200000,rcs:25.000000
timestame:1622082578.997000000,objid:5,type:0,xpos:0.000000,ypos:0.000000,xspeed:-4.350000,yspeed:-1.980000,angle:-13.570000,distense:62.400000,rcs:29.000000
