timestame:1622082579.619000000,objid:1,type:0,xpos:0.000000,ypos:0.000000,xspeed:-4.510000,yspeed:-1.990000,angle:-11.920000,distense:64.400000,rcs:28.000000
timestame:1622082579.619000000,objid:2,type:0,xpos:0.000000,ypos:0.000000,xspeed:5.480000,yspeed:0.060000,angle:-1.110000,distense:47.600000,rcs:32.000000
timestame:1622082579.619000000,objid:5,type:0,xpos:0.000000,ypos:0.000000,xspeed:-3.710000,yspeed:-2.990000,angle:-16.710000,distense:61.400000,rcs:26.000000
