timestame:1622082511.803000000,objid:0,type:0,xpos:0.000000,ypos:0.000000,xspeed:-3.260000,yspeed:-0.030000,angle:-3.340000,distense:78.600000,rcs:15.000000
timestame:1622082511.803000000,objid:1,type:0,xpos:0.000000,ypos:0.000000,xspeed:-10.660000,yspeed:-1.330000,angle:-3.320000,distense:126.800000,rcs:7.000000
