timestame:1622082570.442000000,objid:0,type:0,xpos:0.000000,ypos:0.000000,xspeed:-6.980000,yspeed:0.470000,angle:-1.500000,distense:97.600000,rcs:27.000000
timestame:1622082570.442000000,objid:2,type:0,xpos:0.000000,ypos:0.000000,xspeed:-6.960000,yspeed:0.810000,angle:-2.510000,distense:107.600000,rcs:16.000000
timestame:1622082570.442000000,objid:3,type:0,xpos:0.000000,ypos:0.000000,xspeed:3.330000,yspeed:0.080000,angle:-2.390000,distense:25.400000,rcs:33.000000
timestame:1622082570.442000000,objid:4,type:0,xpos:0.000000,ypos:0.000000,xspeed:-6.710000,yspeed:0.000000,angle:-1.380000,distense:114.400000,rcs:14.000000
