timestame:1622082460.377000000,objid:0,type:0,xpos:0.000000,ypos:0.000000,xspeed:12.900000,yspeed:-0.010000,angle:-0.870000,distense:91.200000,rcs:21.000000
timestame:1622082460.377000000,objid:1,type:0,xpos:0.000000,ypos:0.000000,xspeed:-5.800000,yspeed:-0.110000,angle:-7.050000,distense:45.000000,rcs:30.000000
