timestame:1622082457.988000000,objid:0,type:0,xpos:0.000000,ypos:0.000000,xspeed:9.410000,yspeed:-0.100000,angle:-1.490000,distense:58.600000,rcs:30.000000
timestame:1622082457.988000000,objid:1,type:0,xpos:0.000000,ypos:0.000000,xspeed:-4.340000,yspeed:-0.210000,angle:-5.100000,distense:60.000000,rcs:20.000000
