timestame:1622082455.805000000,objid:0,type:0,xpos:0.000000,ypos:0.000000,xspeed:6.470000,yspeed:-0.200000,angle:-2.100000,distense:36.400000,rcs:33.000000
timestame:1622082455.805000000,objid:1,type:0,xpos:0.000000,ypos:0.000000,xspeed:-2.290000,yspeed:-0.160000,angle:-4.080000,distense:71.000000,rcs:14.000000
