timestame:1622082503.169000000,objid:0,type:0,xpos:0.000000,ypos:0.000000,xspeed:-2.000000,yspeed:-3.130000,angle:3.420000,distense:48.000000,rcs:15.000000
timestame:1622082503.169000000,objid:1,type:0,xpos:0.000000,ypos:0.000000,xspeed:-3.520000,yspeed:0.390000,angle:-2.500000,distense:116.000000,rcs:12.000000
