timestame:1622082598.666000000,objid:0,type:0,xpos:0.000000,ypos:0.000000,xspeed:4.810000,yspeed:-0.900000,angle:0.470000,distense:133.000000,rcs:10.000000
timestame:1622082598.666000000,objid:1,type:0,xpos:0.000000,ypos:0.000000,xspeed:2.610000,yspeed:0.560000,angle:1.020000,distense:125.800000,rcs:31.000000
