timestame:1622082570.941000000,objid:0,type:0,xpos:0.000000,ypos:0.000000,xspeed:-6.970000,yspeed:0.360000,angle:-1.590000,distense:94.200000,rcs:24.000000
timestame:1622082570.941000000,objid:3,type:0,xpos:0.000000,ypos:0.000000,xspeed:3.160000,yspeed:0.110000,angle:-2.080000,distense:26.600000,rcs:32.000000
timestame:1622082570.941000000,objid:4,type:0,xpos:0.000000,ypos:0.000000,xspeed:-5.680000,yspeed:-1.880000,angle:-1.710000,distense:111.000000,rcs:13.000000
