timestame:1622082522.688000000,objid:0,type:0,xpos:0.000000,ypos:0.000000,xspeed:-10.030000,yspeed:-4.170000,angle:15.130000,distense:59.000000,rcs:15.000000
timestame:1622082522.688000000,objid:2,type:0,xpos:0.000000,ypos:0.000000,xspeed:10.080000,yspeed:-0.090000,angle:-0.700000,distense:44.000000,rcs:42.000000
timestame:1622082522.688000000,objid:9,type:0,xpos:0.000000,ypos:0.000000,xspeed:-2.410000,yspeed:0.040000,angle:-1.530000,distense:217.400000,rcs:11.000000
