timestame:1622082598.979000000,objid:0,type:0,xpos:0.000000,ypos:0.000000,xspeed:4.810000,yspeed:-0.900000,angle:0.350000,distense:134.400000,rcs:10.000000
timestame:1622082598.979000000,objid:1,type:0,xpos:0.000000,ypos:0.000000,xspeed:2.840000,yspeed:0.400000,angle:0.890000,distense:127.200000,rcs:27.000000
