timestame:1622082548.445000000,objid:0,type:0,xpos:0.000000,ypos:0.000000,xspeed:4.190000,yspeed:-5.400000,angle:-16.520000,distense:56.200000,rcs:17.000000
timestame:1622082548.445000000,objid:9,type:0,xpos:0.000000,ypos:0.000000,xspeed:-3.330000,yspeed:-0.030000,angle:-4.340000,distense:107.400000,rcs:20.000000
