timestame:1622082531.688000000,objid:2,type:0,xpos:0.000000,ypos:0.000000,xspeed:13.280000,yspeed:0.000000,angle:-0.030000,distense:156.400000,rcs:28.000000
timestame:1622082531.688000000,objid:9,type:0,xpos:0.000000,ypos:0.000000,xspeed:-5.210000,yspeed:0.020000,angle:-2.360000,distense:170.200000,rcs:17.000000
