timestame:1622082572.505000000,objid:0,type:0,xpos:0.000000,ypos:0.000000,xspeed:-6.310000,yspeed:0.090000,angle:-1.910000,distense:85.200000,rcs:28.000000
timestame:1622082572.505000000,objid:4,type:0,xpos:0.000000,ypos:0.000000,xspeed:-8.610000,yspeed:0.880000,angle:-1.150000,distense:97.800000,rcs:18.000000
