timestame:1622082597.612000000,objid:0,type:0,xpos:0.000000,ypos:0.000000,xspeed:6.750000,yspeed:-1.910000,angle:0.890000,distense:128.200000,rcs:28.000000
timestame:1622082597.612000000,objid:1,type:0,xpos:0.000000,ypos:0.000000,xspeed:1.890000,yspeed:0.820000,angle:1.000000,distense:122.200000,rcs:36.000000
