timestame:1622082536.259000000,objid:2,type:0,xpos:0.000000,ypos:0.000000,xspeed:14.480000,yspeed:0.290000,angle:0.280000,distense:222.800000,rcs:5.000000
timestame:1622082536.259000000,objid:9,type:0,xpos:0.000000,ypos:0.000000,xspeed:-4.370000,yspeed:-0.200000,angle:-2.960000,distense:150.000000,rcs:13.000000
