timestame:1622082597.859000000,objid:0,type:0,xpos:0.000000,ypos:0.000000,xspeed:6.750000,yspeed:-1.910000,angle:0.670000,distense:129.800000,rcs:28.000000
timestame:1622082597.859000000,objid:1,type:0,xpos:0.000000,ypos:0.000000,xspeed:2.080000,yspeed:0.790000,angle:1.050000,distense:123.000000,rcs:38.000000
