timestame:1622082528.311000000,objid:2,type:0,xpos:0.000000,ypos:0.000000,xspeed:12.610000,yspeed:0.030000,angle:-0.100000,distense:111.000000,rcs:21.000000
timestame:1622082528.311000000,objid:9,type:0,xpos:0.000000,ypos:0.000000,xspeed:-5.280000,yspeed:-0.250000,angle:-2.320000,distense:187.000000,rcs:21.000000
