timestame:1622082526.626000000,objid:2,type:0,xpos:0.000000,ypos:0.000000,xspeed:11.630000,yspeed:0.070000,angle:-0.150000,distense:88.800000,rcs:38.000000
timestame:1622082526.626000000,objid:9,type:0,xpos:0.000000,ypos:0.000000,xspeed:-5.380000,yspeed:-0.250000,angle:-2.090000,distense:195.400000,rcs:14.000000
