timestame:1622082501.362000000,objid:0,type:0,xpos:0.000000,ypos:0.000000,xspeed:-1.500000,yspeed:-2.960000,angle:9.610000,distense:52.800000,rcs:19.000000
timestame:1622082501.362000000,objid:1,type:0,xpos:0.000000,ypos:0.000000,xspeed:-3.040000,yspeed:-0.100000,angle:-2.920000,distense:122.800000,rcs:11.000000
