timestame:1622082592.803000000,objid:1,type:0,xpos:0.000000,ypos:0.000000,xspeed:1.890000,yspeed:1.520000,angle:-0.940000,distense:113.400000,rcs:17.000000
timestame:1622082592.803000000,objid:2,type:0,xpos:0.000000,ypos:0.000000,xspeed:16.920000,yspeed:-0.010000,angle:-0.280000,distense:229.600000,rcs:4.000000
