timestame:1622082564.627000000,objid:0,type:0,xpos:0.000000,ypos:0.000000,xspeed:-8.460000,yspeed:-0.060000,angle:-2.620000,distense:139.600000,rcs:14.000000
timestame:1622082564.627000000,objid:2,type:0,xpos:0.000000,ypos:0.000000,xspeed:-7.210000,yspeed:0.100000,angle:-1.960000,distense:155.200000,rcs:8.000000
timestame:1622082564.627000000,objid:3,type:0,xpos:0.000000,ypos:0.000000,xspeed:-6.480000,yspeed:-0.260000,angle:-2.950000,distense:149.600000,rcs:8.000000
