timestame:1622082535.939000000,objid:2,type:0,xpos:0.000000,ypos:0.000000,xspeed:14.450000,yspeed:0.240000,angle:0.230000,distense:218.400000,rcs:12.000000
timestame:1622082535.939000000,objid:9,type:0,xpos:0.000000,ypos:0.000000,xspeed:-4.470000,yspeed:-0.070000,angle:-2.800000,distense:151.000000,rcs:9.000000
