timestame:1622082524.381000000,objid:2,type:0,xpos:0.000000,ypos:0.000000,xspeed:10.450000,yspeed:0.030000,angle:-0.360000,distense:61.800000,rcs:42.000000
timestame:1622082524.381000000,objid:9,type:0,xpos:0.000000,ypos:0.000000,xspeed:-5.460000,yspeed:-0.970000,angle:-2.230000,distense:207.400000,rcs:10.000000
