timestame:1622082521.501000000,objid:0,type:0,xpos:0.000000,ypos:0.000000,xspeed:-6.090000,yspeed:-0.170000,angle:-6.950000,distense:44.800000,rcs:31.000000
timestame:1622082521.501000000,objid:1,type:0,xpos:0.000000,ypos:0.000000,xspeed:-3.390000,yspeed:4.730000,angle:9.540000,distense:65.200000,rcs:19.000000
timestame:1622082521.501000000,objid:2,type:0,xpos:0.000000,ypos:0.000000,xspeed:9.740000,yspeed:0.060000,angle:-0.470000,distense:31.400000,rcs:43.000000
timestame:1622082521.501000000,objid:3,type:0,xpos:0.000000,ypos:0.000000,xspeed:-1.950000,yspeed:10.150000,angle:9.800000,distense:66.200000,rcs:19.000000
