timestame:1622082510.239000000,objid:0,type:0,xpos:0.000000,ypos:0.000000,xspeed:-3.960000,yspeed:-0.040000,angle:-3.210000,distense:83.000000,rcs:15.000000
timestame:1622082510.239000000,objid:1,type:0,xpos:0.000000,ypos:0.000000,xspeed:-6.430000,yspeed:-3.080000,angle:-2.410000,distense:143.800000,rcs:9.000000
