timestame:1622082574.874000000,objid:0,type:0,xpos:0.000000,ypos:0.000000,xspeed:-6.470000,yspeed:-1.120000,angle:-5.250000,distense:70.200000,rcs:21.000000
timestame:1622082574.874000000,objid:1,type:0,xpos:0.000000,ypos:0.000000,xspeed:-6.790000,yspeed:-2.050000,angle:-3.980000,distense:86.200000,rcs:24.000000
timestame:1622082574.874000000,objid:4,type:0,xpos:0.000000,ypos:0.000000,xspeed:-7.630000,yspeed:-0.080000,angle:-2.030000,distense:80.600000,rcs:24.000000
