timestame:1622082520.675000000,objid:0,type:0,xpos:0.000000,ypos:0.000000,xspeed:-5.980000,yspeed:-0.250000,angle:-6.190000,distense:50.200000,rcs:23.000000
timestame:1622082520.675000000,objid:1,type:0,xpos:0.000000,ypos:0.000000,xspeed:-3.660000,yspeed:5.790000,angle:6.110000,distense:67.400000,rcs:15.000000
timestame:1622082520.675000000,objid:2,type:0,xpos:0.000000,ypos:0.000000,xspeed:9.940000,yspeed:-0.380000,angle:-1.030000,distense:23.400000,rcs:53.000000
