timestame:1622082530.559000000,objid:2,type:0,xpos:0.000000,ypos:0.000000,xspeed:13.230000,yspeed:0.090000,angle:0.040000,distense:142.000000,rcs:32.000000
timestame:1622082530.559000000,objid:9,type:0,xpos:0.000000,ypos:0.000000,xspeed:-4.910000,yspeed:0.020000,angle:-2.280000,distense:176.200000,rcs:19.000000
