timestame:1622082520.922000000,objid:0,type:0,xpos:0.000000,ypos:0.000000,xspeed:-6.160000,yspeed:-0.220000,angle:-6.420000,distense:48.400000,rcs:19.000000
timestame:1622082520.922000000,objid:1,type:0,xpos:0.000000,ypos:0.000000,xspeed:-3.670000,yspeed:5.200000,angle:7.090000,distense:66.600000,rcs:15.000000
timestame:1622082520.922000000,objid:2,type:0,xpos:0.000000,ypos:0.000000,xspeed:9.870000,yspeed:-0.140000,angle:-0.840000,distense:25.600000,rcs:53.000000
