timestame:1622082532.127000000,objid:2,type:0,xpos:0.000000,ypos:0.000000,xspeed:13.350000,yspeed:0.000000,angle:-0.030000,distense:162.800000,rcs:22.000000
timestame:1622082532.127000000,objid:9,type:0,xpos:0.000000,ypos:0.000000,xspeed:-5.010000,yspeed:0.030000,angle:-2.370000,distense:168.000000,rcs:10.000000
