timestame:1622082561.437000000,objid:0,type:0,xpos:0.000000,ypos:0.000000,xspeed:-10.230000,yspeed:-0.700000,angle:-2.340000,distense:165.800000,rcs:4.000000
timestame:1622082561.437000000,objid:3,type:0,xpos:0.000000,ypos:0.000000,xspeed:-9.330000,yspeed:0.000000,angle:-1.230000,distense:179.400000,rcs:9.000000
