timestame:1622082557.753000000,objid:2,type:0,xpos:0.000000,ypos:0.000000,xspeed:-11.630000,yspeed:-4.260000,angle:-2.360000,distense:202.800000,rcs:11.000000
timestame:1622082557.753000000,objid:3,type:0,xpos:0.000000,ypos:0.000000,xspeed:1.910000,yspeed:2.530000,angle:-1.120000,distense:110.600000,rcs:22.000000
