timestame:1622082549.813000000,objid:0,type:0,xpos:0.000000,ypos:0.000000,xspeed:3.280000,yspeed:-6.240000,angle:-18.000000,distense:63.000000,rcs:19.000000
timestame:1622082549.813000000,objid:9,type:0,xpos:0.000000,ypos:0.000000,xspeed:-2.830000,yspeed:0.300000,angle:-3.960000,distense:104.200000,rcs:17.000000
