timestame:1622082605.240000000,objid:1,type:0,xpos:0.000000,ypos:0.000000,xspeed:4.950000,yspeed:-0.100000,angle:0.370000,distense:157.200000,rcs:21.000000
timestame:1622082605.240000000,objid:2,type:0,xpos:0.000000,ypos:0.000000,xspeed:5.270000,yspeed:0.640000,angle:0.690000,distense:162.000000,rcs:27.000000
