timestame:1622082528.187000000,objid:2,type:0,xpos:0.000000,ypos:0.000000,xspeed:12.570000,yspeed:0.090000,angle:-0.030000,distense:109.400000,rcs:23.000000
timestame:1622082528.187000000,objid:9,type:0,xpos:0.000000,ypos:0.000000,xspeed:-5.240000,yspeed:-0.230000,angle:-2.280000,distense:187.800000,rcs:22.000000
