timestame:1622082598.293000000,objid:0,type:0,xpos:0.000000,ypos:0.000000,xspeed:4.370000,yspeed:-1.230000,angle:0.530000,distense:131.000000,rcs:21.000000
timestame:1622082598.293000000,objid:1,type:0,xpos:0.000000,ypos:0.000000,xspeed:2.290000,yspeed:0.690000,angle:1.070000,distense:124.400000,rcs:33.000000
