timestame:1622082533.316000000,objid:2,type:0,xpos:0.000000,ypos:0.000000,xspeed:13.640000,yspeed:-0.030000,angle:-0.070000,distense:179.600000,rcs:17.000000
timestame:1622082533.316000000,objid:9,type:0,xpos:0.000000,ypos:0.000000,xspeed:-4.620000,yspeed:0.060000,angle:-2.380000,distense:163.000000,rcs:18.000000
