timestame:1622082598.231000000,objid:0,type:0,xpos:0.000000,ypos:0.000000,xspeed:4.370000,yspeed:-1.230000,angle:0.570000,distense:130.800000,rcs:21.000000
timestame:1622082598.231000000,objid:1,type:0,xpos:0.000000,ypos:0.000000,xspeed:2.250000,yspeed:0.710000,angle:1.070000,distense:124.200000,rcs:20.000000
