timestame:1622082535.567000000,objid:2,type:0,xpos:0.000000,ypos:0.000000,xspeed:14.290000,yspeed:0.180000,angle:0.160000,distense:212.000000,rcs:12.000000
timestame:1622082535.567000000,objid:9,type:0,xpos:0.000000,ypos:0.000000,xspeed:-4.510000,yspeed:-0.070000,angle:-2.760000,distense:152.800000,rcs:13.000000
