timestame:1622082568.126000000,objid:0,type:0,xpos:0.000000,ypos:0.000000,xspeed:-7.590000,yspeed:0.590000,angle:-1.830000,distense:113.600000,rcs:20.000000
timestame:1622082568.126000000,objid:2,type:0,xpos:0.000000,ypos:0.000000,xspeed:-7.200000,yspeed:0.480000,angle:-2.940000,distense:124.000000,rcs:7.000000
timestame:1622082568.126000000,objid:3,type:0,xpos:0.000000,ypos:0.000000,xspeed:4.320000,yspeed:0.080000,angle:-3.970000,distense:17.800000,rcs:38.000000
