timestame:1622082523.495000000,objid:2,type:0,xpos:0.000000,ypos:0.000000,xspeed:10.210000,yspeed:-0.080000,angle:-0.640000,distense:52.000000,rcs:48.000000
timestame:1622082523.495000000,objid:9,type:0,xpos:0.000000,ypos:0.000000,xspeed:-4.310000,yspeed:-0.870000,angle:-1.900000,distense:213.200000,rcs:12.000000
