timestame:1622082461.005000000,objid:0,type:0,xpos:0.000000,ypos:0.000000,xspeed:13.900000,yspeed:-0.050000,angle:-0.830000,distense:102.000000,rcs:24.000000
timestame:1622082461.005000000,objid:1,type:0,xpos:0.000000,ypos:0.000000,xspeed:-6.140000,yspeed:-0.070000,angle:-7.810000,distense:40.400000,rcs:29.000000
