timestame:1622082527.505000000,objid:2,type:0,xpos:0.000000,ypos:0.000000,xspeed:12.160000,yspeed:0.070000,angle:-0.090000,distense:100.400000,rcs:38.000000
timestame:1622082527.505000000,objid:9,type:0,xpos:0.000000,ypos:0.000000,xspeed:-5.010000,yspeed:-0.270000,angle:-2.220000,distense:191.600000,rcs:15.000000
