timestame:1622082560.689000000,objid:0,type:0,xpos:0.000000,ypos:0.000000,xspeed:-10.420000,yspeed:-0.750000,angle:-2.070000,distense:173.600000,rcs:8.000000
timestame:1622082560.689000000,objid:2,type:0,xpos:0.000000,ypos:0.000000,xspeed:5.890000,yspeed:0.490000,angle:-1.090000,distense:193.000000,rcs:4.000000
