timestame:1622082502.045000000,objid:0,type:0,xpos:0.000000,ypos:0.000000,xspeed:-1.660000,yspeed:-3.070000,angle:7.300000,distense:51.200000,rcs:25.000000
timestame:1622082502.045000000,objid:1,type:0,xpos:0.000000,ypos:0.000000,xspeed:-3.030000,yspeed:0.080000,angle:-2.820000,distense:120.600000,rcs:12.000000
