timestame:1622082533.249000000,objid:2,type:0,xpos:0.000000,ypos:0.000000,xspeed:13.620000,yspeed:-0.020000,angle:-0.060000,distense:178.800000,rcs:14.000000
timestame:1622082533.249000000,objid:9,type:0,xpos:0.000000,ypos:0.000000,xspeed:-4.650000,yspeed:0.070000,angle:-2.370000,distense:163.200000,rcs:13.000000
