timestame:1622082575.317000000,objid:0,type:0,xpos:0.000000,ypos:0.000000,xspeed:-6.490000,yspeed:-1.240000,angle:-6.090000,distense:67.600000,rcs:23.000000
timestame:1622082575.317000000,objid:1,type:0,xpos:0.000000,ypos:0.000000,xspeed:-7.110000,yspeed:0.260000,angle:-3.520000,distense:82.800000,rcs:20.000000
timestame:1622082575.317000000,objid:4,type:0,xpos:0.000000,ypos:0.000000,xspeed:-7.640000,yspeed:-0.240000,angle:-2.430000,distense:77.400000,rcs:23.000000
