timestame:1622082580.424000000,objid:1,type:0,xpos:0.000000,ypos:0.000000,xspeed:-4.190000,yspeed:-2.420000,angle:-14.690000,distense:62.200000,rcs:21.000000
timestame:1622082580.424000000,objid:2,type:0,xpos:0.000000,ypos:0.000000,xspeed:6.360000,yspeed:0.010000,angle:-1.040000,distense:53.800000,rcs:37.000000
timestame:1622082580.424000000,objid:5,type:0,xpos:0.000000,ypos:0.000000,xspeed:-3.210000,yspeed:-2.700000,angle:-18.000000,distense:60.200000,rcs:18.000000
