timestame:1622082570.693000000,objid:0,type:0,xpos:0.000000,ypos:0.000000,xspeed:-6.970000,yspeed:0.380000,angle:-1.580000,distense:96.000000,rcs:24.000000
timestame:1622082570.693000000,objid:3,type:0,xpos:0.000000,ypos:0.000000,xspeed:3.160000,yspeed:0.110000,angle:-2.210000,distense:26.000000,rcs:32.000000
timestame:1622082570.693000000,objid:4,type:0,xpos:0.000000,ypos:0.000000,xspeed:-6.860000,yspeed:-1.400000,angle:-1.440000,distense:112.200000,rcs:12.000000
