timestame:1622082589.121000000,objid:0,type:0,xpos:0.000000,ypos:0.000000,xspeed:-2.370000,yspeed:2.420000,angle:-3.990000,distense:109.600000,rcs:20.000000
timestame:1622082589.121000000,objid:2,type:0,xpos:0.000000,ypos:0.000000,xspeed:14.650000,yspeed:-0.020000,angle:-0.400000,distense:165.600000,rcs:12.000000
