timestame:1622082567.751000000,objid:0,type:0,xpos:0.000000,ypos:0.000000,xspeed:-7.580000,yspeed:0.670000,angle:-1.810000,distense:116.400000,rcs:25.000000
timestame:1622082567.751000000,objid:2,type:0,xpos:0.000000,ypos:0.000000,xspeed:-7.980000,yspeed:0.370000,angle:-3.010000,distense:126.200000,rcs:14.000000
