timestame:1622082579.059000000,objid:1,type:0,xpos:0.000000,ypos:0.000000,xspeed:-4.730000,yspeed:-1.750000,angle:-10.180000,distense:66.400000,rcs:27.000000
timestame:1622082579.059000000,objid:2,type:0,xpos:0.000000,ypos:0.000000,xspeed:4.710000,yspeed:0.060000,angle:-1.290000,distense:43.000000,rcs:33.000000
timestame:1622082579.059000000,objid:3,type:0,xpos:0.000000,ypos:0.000000,xspeed:-4.270000,yspeed:-2.920000,angle:-17.340000,distense:58.000000,rcs:25.000000
timestame:1622082579.059000000,objid:5,type:0,xpos:0.000000,ypos:0.000000,xspeed:-4.210000,yspeed:-2.220000,angle:-13.960000,distense:62.400000,rcs:30.000000
