timestame:1622082533.189000000,objid:2,type:0,xpos:0.000000,ypos:0.000000,xspeed:13.610000,yspeed:-0.010000,angle:-0.050000,distense:178.000000,rcs:20.000000
timestame:1622082533.189000000,objid:9,type:0,xpos:0.000000,ypos:0.000000,xspeed:-4.660000,yspeed:0.090000,angle:-2.350000,distense:163.400000,rcs:15.000000
