timestame:1622082579.681000000,objid:1,type:0,xpos:0.000000,ypos:0.000000,xspeed:-4.430000,yspeed:-2.020000,angle:-12.100000,distense:64.200000,rcs:28.000000
timestame:1622082579.681000000,objid:2,type:0,xpos:0.000000,ypos:0.000000,xspeed:5.540000,yspeed:0.040000,angle:-1.150000,distense:48.000000,rcs:29.000000
timestame:1622082579.681000000,objid:4,type:0,xpos:0.000000,ypos:0.000000,xspeed:-4.670000,yspeed:0.000000,angle:-18.000000,distense:48.200000,rcs:21.000000
timestame:1622082579.681000000,objid:5,type:0,xpos:0.000000,ypos:0.000000,xspeed:-3.640000,yspeed:-2.930000,angle:-16.820000,distense:61.400000,rcs:27.000000
