timestame:1622082502.611000000,objid:0,type:0,xpos:0.000000,ypos:0.000000,xspeed:-1.910000,yspeed:-3.170000,angle:5.440000,distense:49.600000,rcs:23.000000
timestame:1622082502.611000000,objid:1,type:0,xpos:0.000000,ypos:0.000000,xspeed:-3.170000,yspeed:0.100000,angle:-2.820000,distense:118.600000,rcs:14.000000
