timestame:1622082455.681000000,objid:0,type:0,xpos:0.000000,ypos:0.000000,xspeed:6.470000,yspeed:-0.200000,angle:-2.110000,distense:35.600000,rcs:33.000000
timestame:1622082455.681000000,objid:1,type:0,xpos:0.000000,ypos:0.000000,xspeed:-2.040000,yspeed:-0.180000,angle:-4.050000,distense:71.600000,rcs:22.000000
