timestame:1622082521.688000000,objid:0,type:0,xpos:0.000000,ypos:0.000000,xspeed:-6.090000,yspeed:-0.170000,angle:-7.160000,distense:43.800000,rcs:31.000000
timestame:1622082521.688000000,objid:2,type:0,xpos:0.000000,ypos:0.000000,xspeed:9.870000,yspeed:0.100000,angle:-0.360000,distense:33.400000,rcs:36.000000
timestame:1622082521.688000000,objid:3,type:0,xpos:0.000000,ypos:0.000000,xspeed:-2.940000,yspeed:8.310000,angle:11.000000,distense:65.600000,rcs:17.000000
