timestame:1622082592.741000000,objid:1,type:0,xpos:0.000000,ypos:0.000000,xspeed:2.240000,yspeed:1.690000,angle:-0.930000,distense:113.600000,rcs:20.000000
timestame:1622082592.741000000,objid:2,type:0,xpos:0.000000,ypos:0.000000,xspeed:16.920000,yspeed:-0.010000,angle:-0.280000,distense:227.600000,rcs:4.000000
