timestame:1622082551.506000000,objid:0,type:0,xpos:0.000000,ypos:0.000000,xspeed:-1.020000,yspeed:3.250000,angle:-2.270000,distense:108.200000,rcs:14.000000
timestame:1622082551.506000000,objid:9,type:0,xpos:0.000000,ypos:0.000000,xspeed:-1.780000,yspeed:1.120000,angle:-2.340000,distense:102.200000,rcs:20.000000
