timestame:1622082510.039000000,objid:0,type:0,xpos:0.000000,ypos:0.000000,xspeed:-4.050000,yspeed:-0.130000,angle:-3.280000,distense:83.600000,rcs:17.000000
timestame:1622082510.039000000,objid:1,type:0,xpos:0.000000,ypos:0.000000,xspeed:-9.040000,yspeed:0.000000,angle:-2.280000,distense:144.800000,rcs:9.000000
