timestame:1622082596.799000000,objid:0,type:0,xpos:0.000000,ypos:0.000000,xspeed:-1.850000,yspeed:3.060000,angle:1.340000,distense:122.000000,rcs:9.000000
timestame:1622082596.799000000,objid:1,type:0,xpos:0.000000,ypos:0.000000,xspeed:1.670000,yspeed:1.060000,angle:0.920000,distense:120.400000,rcs:17.000000
