timestame:1622082461.698000000,objid:0,type:0,xpos:0.000000,ypos:0.000000,xspeed:14.690000,yspeed:-0.100000,angle:-0.820000,distense:113.000000,rcs:19.000000
timestame:1622082461.698000000,objid:1,type:0,xpos:0.000000,ypos:0.000000,xspeed:-6.270000,yspeed:-0.050000,angle:-8.730000,distense:36.200000,rcs:30.000000
