timestame:1622082535.195000000,objid:2,type:0,xpos:0.000000,ypos:0.000000,xspeed:14.300000,yspeed:0.160000,angle:0.120000,distense:206.800000,rcs:13.000000
timestame:1622082535.195000000,objid:9,type:0,xpos:0.000000,ypos:0.000000,xspeed:-4.560000,yspeed:-0.130000,angle:-2.770000,distense:154.400000,rcs:19.000000
