timestame:1622082532.189000000,objid:2,type:0,xpos:0.000000,ypos:0.000000,xspeed:13.380000,yspeed:0.010000,angle:-0.020000,distense:163.800000,rcs:20.000000
timestame:1622082532.189000000,objid:9,type:0,xpos:0.000000,ypos:0.000000,xspeed:-5.030000,yspeed:0.010000,angle:-2.390000,distense:167.800000,rcs:17.000000
