timestame:1622082526.497000000,objid:2,type:0,xpos:0.000000,ypos:0.000000,xspeed:11.580000,yspeed:0.070000,angle:-0.150000,distense:87.200000,rcs:35.000000
timestame:1622082526.497000000,objid:9,type:0,xpos:0.000000,ypos:0.000000,xspeed:-5.380000,yspeed:-0.200000,angle:-2.040000,distense:196.200000,rcs:13.000000
