timestame:1622082565.381000000,objid:0,type:0,xpos:0.000000,ypos:0.000000,xspeed:-8.050000,yspeed:0.100000,angle:-2.540000,distense:133.800000,rcs:21.000000
timestame:1622082565.381000000,objid:4,type:0,xpos:0.000000,ypos:0.000000,xspeed:1.100000,yspeed:-0.570000,angle:-4.330000,distense:117.800000,rcs:18.000000
