timestame:1622082533.060000000,objid:2,type:0,xpos:0.000000,ypos:0.000000,xspeed:13.600000,yspeed:-0.040000,angle:-0.080000,distense:176.200000,rcs:12.000000
timestame:1622082533.060000000,objid:9,type:0,xpos:0.000000,ypos:0.000000,xspeed:-4.770000,yspeed:0.070000,angle:-2.370000,distense:163.800000,rcs:15.000000
