timestame:1622082461.381000000,objid:0,type:0,xpos:0.000000,ypos:0.000000,xspeed:14.330000,yspeed:-0.040000,angle:-0.780000,distense:108.000000,rcs:23.000000
timestame:1622082461.381000000,objid:1,type:0,xpos:0.000000,ypos:0.000000,xspeed:-6.140000,yspeed:-0.070000,angle:-8.290000,distense:38.400000,rcs:29.000000
