timestame:1622082568.375000000,objid:0,type:0,xpos:0.000000,ypos:0.000000,xspeed:-7.520000,yspeed:0.620000,angle:-1.750000,distense:112.000000,rcs:16.000000
timestame:1622082568.375000000,objid:2,type:0,xpos:0.000000,ypos:0.000000,xspeed:-7.590000,yspeed:0.420000,angle:-2.980000,distense:122.000000,rcs:10.000000
timestame:1622082568.375000000,objid:3,type:0,xpos:0.000000,ypos:0.000000,xspeed:3.800000,yspeed:-0.040000,angle:-3.920000,distense:18.600000,rcs:39.000000
