timestame:1622082603.423000000,objid:0,type:0,xpos:0.000000,ypos:0.000000,xspeed:5.290000,yspeed:0.380000,angle:4.600000,distense:30.000000,rcs:32.000000
timestame:1622082603.423000000,objid:1,type:0,xpos:0.000000,ypos:0.000000,xspeed:4.600000,yspeed:-0.020000,angle:0.520000,distense:147.800000,rcs:31.000000
timestame:1622082603.423000000,objid:2,type:0,xpos:0.000000,ypos:0.000000,xspeed:4.820000,yspeed:3.390000,angle:1.140000,distense:152.600000,rcs:23.000000
