timestame:1622082533.940000000,objid:2,type:0,xpos:0.000000,ypos:0.000000,xspeed:13.850000,yspeed:0.060000,angle:0.020000,distense:188.200000,rcs:20.000000
timestame:1622082533.940000000,objid:9,type:0,xpos:0.000000,ypos:0.000000,xspeed:-4.790000,yspeed:-0.100000,angle:-2.610000,distense:159.800000,rcs:12.000000
