timestame:1622082467.248000000,objid:0,type:0,xpos:0.000000,ypos:0.000000,xspeed:19.900000,yspeed:-0.060000,angle:-0.440000,distense:222.800000,rcs:1.000000
timestame:1622082467.248000000,objid:1,type:0,xpos:0.000000,ypos:0.000000,xspeed:17.380000,yspeed:0.320000,angle:-1.890000,distense:35.200000,rcs:37.000000
