timestame:1622082526.063000000,objid:2,type:0,xpos:0.000000,ypos:0.000000,xspeed:11.420000,yspeed:0.060000,angle:-0.190000,distense:82.200000,rcs:33.000000
timestame:1622082526.063000000,objid:9,type:0,xpos:0.000000,ypos:0.000000,xspeed:-5.380000,yspeed:-0.170000,angle:-1.970000,distense:198.400000,rcs:14.000000
