timestame:1622082457.122000000,objid:0,type:0,xpos:0.000000,ypos:0.000000,xspeed:8.130000,yspeed:-0.060000,angle:-1.630000,distense:48.400000,rcs:26.000000
timestame:1622082457.122000000,objid:1,type:0,xpos:0.000000,ypos:0.000000,xspeed:-3.560000,yspeed:-0.050000,angle:-4.340000,distense:65.000000,rcs:19.000000
