timestame:1622082591.803000000,objid:1,type:0,xpos:0.000000,ypos:0.000000,xspeed:1.780000,yspeed:-0.300000,angle:-2.140000,distense:111.400000,rcs:18.000000
timestame:1622082591.803000000,objid:2,type:0,xpos:0.000000,ypos:0.000000,xspeed:16.650000,yspeed:-0.050000,angle:-0.330000,distense:212.000000,rcs:5.000000
