timestame:1622082576.936000000,objid:0,type:0,xpos:0.000000,ypos:0.000000,xspeed:-5.750000,yspeed:-2.260000,angle:-11.410000,distense:59.800000,rcs:24.000000
timestame:1622082576.936000000,objid:1,type:0,xpos:0.000000,ypos:0.000000,xspeed:-5.300000,yspeed:-1.690000,angle:-6.280000,distense:75.200000,rcs:22.000000
timestame:1622082576.936000000,objid:2,type:0,xpos:0.000000,ypos:0.000000,xspeed:2.530000,yspeed:0.140000,angle:-1.980000,distense:31.400000,rcs:32.000000
timestame:1622082576.936000000,objid:3,type:0,xpos:0.000000,ypos:0.000000,xspeed:-5.240000,yspeed:-2.490000,angle:-9.630000,distense:65.000000,rcs:26.000000
