timestame:1622082456.059000000,objid:0,type:0,xpos:0.000000,ypos:0.000000,xspeed:6.840000,yspeed:-0.200000,angle:-2.060000,distense:38.400000,rcs:36.000000
timestame:1622082456.059000000,objid:1,type:0,xpos:0.000000,ypos:0.000000,xspeed:-2.540000,yspeed:-0.010000,angle:-3.980000,distense:70.000000,rcs:18.000000
