timestame:1622082602.922000000,objid:0,type:0,xpos:0.000000,ypos:0.000000,xspeed:6.240000,yspeed:1.630000,angle:5.040000,distense:27.600000,rcs:31.000000
timestame:1622082602.922000000,objid:1,type:0,xpos:0.000000,ypos:0.000000,xspeed:4.390000,yspeed:0.000000,angle:0.550000,distense:145.000000,rcs:29.000000
timestame:1622082602.922000000,objid:2,type:0,xpos:0.000000,ypos:0.000000,xspeed:1.440000,yspeed:1.230000,angle:0.440000,distense:149.600000,rcs:27.000000
