timestame:1622082602.798000000,objid:0,type:0,xpos:0.000000,ypos:0.000000,xspeed:5.730000,yspeed:3.580000,angle:5.160000,distense:26.600000,rcs:31.000000
timestame:1622082602.798000000,objid:1,type:0,xpos:0.000000,ypos:0.000000,xspeed:4.380000,yspeed:0.000000,angle:0.560000,distense:144.400000,rcs:26.000000
