timestame:1622082529.998000000,objid:2,type:0,xpos:0.000000,ypos:0.000000,xspeed:13.210000,yspeed:0.040000,angle:-0.030000,distense:134.000000,rcs:28.000000
timestame:1622082529.998000000,objid:9,type:0,xpos:0.000000,ypos:0.000000,xspeed:-5.020000,yspeed:-0.020000,angle:-2.290000,distense:179.000000,rcs:12.000000
