timestame:1622082560.623000000,objid:0,type:0,xpos:0.000000,ypos:0.000000,xspeed:-10.330000,yspeed:-0.780000,angle:-2.060000,distense:174.200000,rcs:13.000000
timestame:1622082560.623000000,objid:2,type:0,xpos:0.000000,ypos:0.000000,xspeed:5.890000,yspeed:0.490000,angle:-1.100000,distense:192.600000,rcs:4.000000
