timestame:1622082581.557000000,objid:1,type:0,xpos:0.000000,ypos:0.000000,xspeed:-3.880000,yspeed:-3.190000,angle:-18.000000,distense:59.800000,rcs:42.000000
timestame:1622082581.557000000,objid:2,type:0,xpos:0.000000,ypos:0.000000,xspeed:7.970000,yspeed:0.080000,angle:-0.700000,distense:65.200000,rcs:32.000000
timestame:1622082581.557000000,objid:7,type:0,xpos:0.000000,ypos:0.000000,xspeed:1.370000,yspeed:-0.590000,angle:-18.000000,distense:64.400000,rcs:30.000000
