timestame:1622082563.881000000,objid:0,type:0,xpos:0.000000,ypos:0.000000,xspeed:-8.680000,yspeed:-0.340000,angle:-2.780000,distense:145.200000,rcs:18.000000
timestame:1622082563.881000000,objid:2,type:0,xpos:0.000000,ypos:0.000000,xspeed:-7.150000,yspeed:-0.470000,angle:-1.980000,distense:160.400000,rcs:7.000000
timestame:1622082563.881000000,objid:3,type:0,xpos:0.000000,ypos:0.000000,xspeed:-7.250000,yspeed:-1.080000,angle:-3.070000,distense:153.800000,rcs:9.000000
