timestame:1622082532.251000000,objid:2,type:0,xpos:0.000000,ypos:0.000000,xspeed:13.370000,yspeed:-0.030000,angle:-0.060000,distense:164.600000,rcs:21.000000
timestame:1622082532.251000000,objid:9,type:0,xpos:0.000000,ypos:0.000000,xspeed:-5.030000,yspeed:0.010000,angle:-2.390000,distense:167.400000,rcs:17.000000
