timestame:1622082530.750000000,objid:2,type:0,xpos:0.000000,ypos:0.000000,xspeed:13.220000,yspeed:0.080000,angle:0.030000,distense:144.400000,rcs:18.000000
timestame:1622082530.750000000,objid:9,type:0,xpos:0.000000,ypos:0.000000,xspeed:-5.010000,yspeed:0.000000,angle:-2.310000,distense:175.200000,rcs:15.000000
