timestame:1622082604.798000000,objid:0,type:0,xpos:0.000000,ypos:0.000000,xspeed:4.970000,yspeed:0.630000,angle:5.130000,distense:36.600000,rcs:30.000000
timestame:1622082604.798000000,objid:1,type:0,xpos:0.000000,ypos:0.000000,xspeed:4.900000,yspeed:-0.070000,angle:0.430000,distense:154.600000,rcs:23.000000
timestame:1622082604.798000000,objid:2,type:0,xpos:0.000000,ypos:0.000000,xspeed:3.340000,yspeed:-1.020000,angle:0.510000,distense:159.000000,rcs:24.000000
