timestame:1622082548.382000000,objid:0,type:0,xpos:0.000000,ypos:0.000000,xspeed:4.190000,yspeed:-5.400000,angle:-16.270000,distense:55.800000,rcs:17.000000
timestame:1622082548.382000000,objid:9,type:0,xpos:0.000000,ypos:0.000000,xspeed:-3.310000,yspeed:-0.060000,angle:-4.360000,distense:107.800000,rcs:17.000000
