timestame:1622082588.493000000,objid:0,type:0,xpos:0.000000,ypos:0.000000,xspeed:-3.740000,yspeed:0.260000,angle:-4.980000,distense:111.000000,rcs:18.000000
timestame:1622082588.493000000,objid:2,type:0,xpos:0.000000,ypos:0.000000,xspeed:14.220000,yspeed:0.050000,angle:-0.360000,distense:156.000000,rcs:18.000000
