timestame:1622082571.698000000,objid:0,type:0,xpos:0.000000,ypos:0.000000,xspeed:-6.440000,yspeed:0.230000,angle:-1.670000,distense:90.200000,rcs:27.000000
timestame:1622082571.698000000,objid:4,type:0,xpos:0.000000,ypos:0.000000,xspeed:-6.790000,yspeed:0.180000,angle:-1.680000,distense:105.600000,rcs:18.000000
