timestame:1622082564.005000000,objid:0,type:0,xpos:0.000000,ypos:0.000000,xspeed:-8.620000,yspeed:-0.310000,angle:-2.770000,distense:144.400000,rcs:20.000000
timestame:1622082564.005000000,objid:2,type:0,xpos:0.000000,ypos:0.000000,xspeed:-6.890000,yspeed:-1.050000,angle:-2.150000,distense:159.600000,rcs:9.000000
timestame:1622082564.005000000,objid:3,type:0,xpos:0.000000,ypos:0.000000,xspeed:-6.940000,yspeed:-0.680000,angle:-2.970000,distense:153.200000,rcs:10.000000
