timestame:1622082534.002000000,objid:2,type:0,xpos:0.000000,ypos:0.000000,xspeed:13.980000,yspeed:0.060000,angle:0.010000,distense:189.400000,rcs:4.000000
timestame:1622082534.002000000,objid:9,type:0,xpos:0.000000,ypos:0.000000,xspeed:-4.790000,yspeed:-0.110000,angle:-2.630000,distense:159.600000,rcs:15.000000
