timestame:1622082597.299000000,objid:0,type:0,xpos:0.000000,ypos:0.000000,xspeed:4.640000,yspeed:1.210000,angle:1.500000,distense:125.400000,rcs:17.000000
timestame:1622082597.299000000,objid:1,type:0,xpos:0.000000,ypos:0.000000,xspeed:1.740000,yspeed:0.870000,angle:0.920000,distense:121.200000,rcs:24.000000
