timestame:1622082522.375000000,objid:0,type:0,xpos:0.000000,ypos:0.000000,xspeed:-10.030000,yspeed:-4.170000,angle:15.590000,distense:63.000000,rcs:15.000000
timestame:1622082522.375000000,objid:2,type:0,xpos:0.000000,ypos:0.000000,xspeed:10.010000,yspeed:-0.220000,angle:-0.960000,distense:40.200000,rcs:49.000000
timestame:1622082522.375000000,objid:3,type:0,xpos:0.000000,ypos:0.000000,xspeed:-1.800000,yspeed:7.540000,angle:15.270000,distense:66.000000,rcs:17.000000
timestame:1622082522.375000000,objid:9,type:0,xpos:0.000000,ypos:0.000000,xspeed:-3.200000,yspeed:-1.610000,angle:-1.670000,distense:218.000000,rcs:7.000000
