timestame:1622082581.433000000,objid:1,type:0,xpos:0.000000,ypos:0.000000,xspeed:-3.910000,yspeed:-3.100000,angle:-18.000000,distense:60.000000,rcs:39.000000
timestame:1622082581.433000000,objid:2,type:0,xpos:0.000000,ypos:0.000000,xspeed:7.850000,yspeed:0.100000,angle:-0.700000,distense:64.000000,rcs:28.000000
timestame:1622082581.433000000,objid:7,type:0,xpos:0.000000,ypos:0.000000,xspeed:1.470000,yspeed:-0.560000,angle:-18.000000,distense:64.400000,rcs:25.000000
