timestame:1622082459.817000000,objid:0,type:0,xpos:0.000000,ypos:0.000000,xspeed:12.050000,yspeed:0.010000,angle:-0.940000,distense:83.000000,rcs:25.000000
timestame:1622082459.817000000,objid:1,type:0,xpos:0.000000,ypos:0.000000,xspeed:-5.750000,yspeed:-0.180000,angle:-6.640000,distense:48.200000,rcs:13.000000
