timestame:1622082529.192000000,objid:2,type:0,xpos:0.000000,ypos:0.000000,xspeed:12.990000,yspeed:0.010000,angle:-0.090000,distense:123.200000,rcs:25.000000
timestame:1622082529.192000000,objid:9,type:0,xpos:0.000000,ypos:0.000000,xspeed:-5.230000,yspeed:-0.170000,angle:-2.370000,distense:182.400000,rcs:14.000000
