timestame:1622082606.109000000,objid:1,type:0,xpos:0.000000,ypos:0.000000,xspeed:5.220000,yspeed:-0.010000,angle:0.430000,distense:162.000000,rcs:29.000000
timestame:1622082606.109000000,objid:2,type:0,xpos:0.000000,ypos:0.000000,xspeed:5.210000,yspeed:0.700000,angle:0.880000,distense:166.400000,rcs:25.000000
