timestame:1622082567.317000000,objid:0,type:0,xpos:0.000000,ypos:0.000000,xspeed:-7.750000,yspeed:0.480000,angle:-2.120000,distense:119.200000,rcs:19.000000
timestame:1622082567.317000000,objid:2,type:0,xpos:0.000000,ypos:0.000000,xspeed:-7.740000,yspeed:0.880000,angle:-2.890000,distense:129.600000,rcs:12.000000
