timestame:1622082557.252000000,objid:0,type:0,xpos:0.000000,ypos:0.000000,xspeed:23.430000,yspeed:-3.660000,angle:-2.050000,distense:124.200000,rcs:20.000000
timestame:1622082557.252000000,objid:2,type:0,xpos:0.000000,ypos:0.000000,xspeed:-11.230000,yspeed:-6.230000,angle:-1.970000,distense:208.400000,rcs:10.000000
