timestame:1622082576.812000000,objid:0,type:0,xpos:0.000000,ypos:0.000000,xspeed:-5.820000,yspeed:-2.190000,angle:-10.930000,distense:60.400000,rcs:25.000000
timestame:1622082576.812000000,objid:1,type:0,xpos:0.000000,ypos:0.000000,xspeed:-5.150000,yspeed:-1.500000,angle:-5.860000,distense:76.000000,rcs:27.000000
timestame:1622082576.812000000,objid:2,type:0,xpos:0.000000,ypos:0.000000,xspeed:2.530000,yspeed:0.140000,angle:-2.030000,distense:31.200000,rcs:32.000000
timestame:1622082576.812000000,objid:3,type:0,xpos:0.000000,ypos:0.000000,xspeed:-5.250000,yspeed:-2.430000,angle:-9.230000,distense:65.600000,rcs:23.000000
