timestame:1622082510.925000000,objid:0,type:0,xpos:0.000000,ypos:0.000000,xspeed:-3.630000,yspeed:0.050000,angle:-3.170000,distense:80.800000,rcs:20.000000
timestame:1622082510.925000000,objid:1,type:0,xpos:0.000000,ypos:0.000000,xspeed:-14.350000,yspeed:-0.140000,angle:-2.930000,distense:135.200000,rcs:8.000000
