timestame:1622082544.689000000,objid:0,type:0,xpos:0.000000,ypos:0.000000,xspeed:7.340000,yspeed:-1.350000,angle:-3.130000,distense:32.600000,rcs:33.000000
timestame:1622082544.689000000,objid:9,type:0,xpos:0.000000,ypos:0.000000,xspeed:-3.560000,yspeed:0.050000,angle:-3.650000,distense:120.200000,rcs:17.000000
