timestame:1622082562.376000000,objid:0,type:0,xpos:0.000000,ypos:0.000000,xspeed:-9.790000,yspeed:-0.460000,angle:-2.440000,distense:157.600000,rcs:13.000000
timestame:1622082562.376000000,objid:3,type:0,xpos:0.000000,ypos:0.000000,xspeed:-13.070000,yspeed:-3.170000,angle:-2.320000,distense:165.200000,rcs:8.000000
timestame:1622082562.376000000,objid:4,type:0,xpos:0.000000,ypos:0.000000,xspeed:-1.090000,yspeed:-4.050000,angle:-3.580000,distense:115.000000,rcs:16.000000
