timestame:1622082529.874000000,objid:2,type:0,xpos:0.000000,ypos:0.000000,xspeed:13.210000,yspeed:0.040000,angle:-0.040000,distense:132.400000,rcs:19.000000
timestame:1622082529.874000000,objid:9,type:0,xpos:0.000000,ypos:0.000000,xspeed:-4.920000,yspeed:-0.030000,angle:-2.290000,distense:179.800000,rcs:12.000000
