timestame:1622082525.939000000,objid:2,type:0,xpos:0.000000,ypos:0.000000,xspeed:11.390000,yspeed:0.060000,angle:-0.220000,distense:80.600000,rcs:34.000000
timestame:1622082525.939000000,objid:9,type:0,xpos:0.000000,ypos:0.000000,xspeed:-5.390000,yspeed:-0.190000,angle:-1.970000,distense:199.000000,rcs:12.000000
