timestame:1622082502.487000000,objid:0,type:0,xpos:0.000000,ypos:0.000000,xspeed:-1.800000,yspeed:-2.960000,angle:6.210000,distense:50.000000,rcs:17.000000
timestame:1622082502.487000000,objid:1,type:0,xpos:0.000000,ypos:0.000000,xspeed:-3.030000,yspeed:0.080000,angle:-2.840000,distense:119.200000,rcs:12.000000
