timestame:1622082529.440000000,objid:2,type:0,xpos:0.000000,ypos:0.000000,xspeed:13.070000,yspeed:0.080000,angle:-0.010000,distense:126.600000,rcs:20.000000
timestame:1622082529.440000000,objid:9,type:0,xpos:0.000000,ypos:0.000000,xspeed:-4.920000,yspeed:-0.130000,angle:-2.350000,distense:181.800000,rcs:14.000000
