timestame:1622082528.249000000,objid:2,type:0,xpos:0.000000,ypos:0.000000,xspeed:12.580000,yspeed:0.030000,angle:-0.100000,distense:110.200000,rcs:18.000000
timestame:1622082528.249000000,objid:9,type:0,xpos:0.000000,ypos:0.000000,xspeed:-5.270000,yspeed:-0.230000,angle:-2.300000,distense:187.400000,rcs:21.000000
