timestame:1619471406.892000000,objid:4,type:0,xpos:0.000000,ypos:0.000000,xspeed:3.430000,yspeed:8.470000,angle:12.230000,distense:40.800000,rcs:26.000000
timestame:1619471406.892000000,objid:5,type:0,xpos:0.000000,ypos:0.000000,xspeed:-15.260000,yspeed:-4.110000,angle:6.850000,distense:146.800000,rcs:9.000000
timestame:1619471406.892000000,objid:7,type:0,xpos:0.000000,ypos:0.000000,xspeed:-1.450000,yspeed:-3.630000,angle:-3.760000,distense:42.600000,rcs:18.000000
timestame:1619471406.892000000,objid:9,type:0,xpos:0.000000,ypos:0.000000,xspeed:-1.200000,yspeed:6.390000,angle:11.640000,distense:40.400000,rcs:6.000000
