timestame:1619471154.257000000,objid:0,type:0,xpos:0.000000,ypos:0.000000,xspeed:-1.520000,yspeed:-4.150000,angle:-7.090000,distense:60.800000,rcs:6.000000
timestame:1619471154.257000000,objid:1,type:0,xpos:0.000000,ypos:0.000000,xspeed:-7.080000,yspeed:-5.660000,angle:2.750000,distense:70.200000,rcs:6.000000
timestame:1619471154.257000000,objid:4,type:0,xpos:0.000000,ypos:0.000000,xspeed:-21.420000,yspeed:-15.010000,angle:-13.810000,distense:78.800000,rcs:12.000000
timestame:1619471154.257000000,objid:8,type:0,xpos:0.000000,ypos:0.000000,xspeed:7.210000,yspeed:2.450000,angle:-16.290000,distense:18.000000,rcs:13.000000
