timestame:1619470571.368000000,objid:1,type:0,xpos:0.000000,ypos:0.000000,xspeed:3.160000,yspeed:3.350000,angle:-9.110000,distense:45.000000,rcs:6.000000
timestame:1619470571.368000000,objid:3,type:0,xpos:0.000000,ypos:0.000000,xspeed:15.310000,yspeed:0.250000,angle:1.090000,distense:218.200000,rcs:16.000000
