timestame:1619470664.553000000,objid:0,type:0,xpos:0.000000,ypos:0.000000,xspeed:-1.330000,yspeed:0.100000,angle:-9.720000,distense:93.800000,rcs:12.000000
timestame:1619470664.553000000,objid:1,type:0,xpos:0.000000,ypos:0.000000,xspeed:3.150000,yspeed:-4.440000,angle:-18.000000,distense:54.600000,rcs:9.000000
timestame:1619470664.553000000,objid:3,type:0,xpos:0.000000,ypos:0.000000,xspeed:-1.570000,yspeed:-0.050000,angle:-7.990000,distense:105.200000,rcs:12.000000
