timestame:1619470444.437000000,objid:1,type:0,xpos:0.000000,ypos:0.000000,xspeed:17.290000,yspeed:0.230000,angle:1.610000,distense:134.200000,rcs:6.000000
timestame:1619470444.437000000,objid:2,type:0,xpos:0.000000,ypos:0.000000,xspeed:4.130000,yspeed:-0.020000,angle:8.000000,distense:92.800000,rcs:20.000000
