timestame:1619470888.117000000,objid:2,type:0,xpos:0.000000,ypos:0.000000,xspeed:-1.060000,yspeed:-2.660000,angle:-18.000000,distense:36.000000,rcs:31.000000
timestame:1619470888.117000000,objid:3,type:0,xpos:0.000000,ypos:0.000000,xspeed:-2.090000,yspeed:-2.970000,angle:-18.000000,distense:33.600000,rcs:13.000000
timestame:1619470888.117000000,objid:10,type:0,xpos:0.000000,ypos:0.000000,xspeed:-2.660000,yspeed:1.350000,angle:-3.190000,distense:38.000000,rcs:21.000000
timestame:1619470888.117000000,objid:19,type:0,xpos:0.000000,ypos:0.000000,xspeed:-1.210000,yspeed:-3.290000,angle:-18.000000,distense:35.800000,rcs:29.000000
