timestame:1619470225.165000000,objid:7,type:0,xpos:0.000000,ypos:0.000000,xspeed:1.650000,yspeed:0.700000,angle:-9.940000,distense:50.600000,rcs:12.000000
timestame:1619470225.165000000,objid:9,type:0,xpos:0.000000,ypos:0.000000,xspeed:-2.060000,yspeed:6.410000,angle:17.390000,distense:38.200000,rcs:6.000000
