timestame:1619471088.935000000,objid:0,type:0,xpos:0.000000,ypos:0.000000,xspeed:9.520000,yspeed:0.430000,angle:1.870000,distense:81.600000,rcs:27.000000
timestame:1619471088.935000000,objid:1,type:0,xpos:0.000000,ypos:0.000000,xspeed:8.890000,yspeed:0.780000,angle:8.280000,distense:33.800000,rcs:20.000000
timestame:1619471088.935000000,objid:2,type:0,xpos:0.000000,ypos:0.000000,xspeed:5.070000,yspeed:-0.190000,angle:2.010000,distense:35.600000,rcs:39.000000
timestame:1619471088.935000000,objid:4,type:0,xpos:0.000000,ypos:0.000000,xspeed:-22.250000,yspeed:-0.840000,angle:-10.740000,distense:71.600000,rcs:16.000000
