timestame:1619469754.850000000,objid:2,type:0,xpos:0.000000,ypos:0.000000,xspeed:-7.900000,yspeed:0.140000,angle:-4.000000,distense:14.600000,rcs:9.000000
timestame:1619469754.850000000,objid:3,type:0,xpos:0.000000,ypos:0.000000,xspeed:7.170000,yspeed:0.880000,angle:-17.770000,distense:24.400000,rcs:37.000000
timestame:1619469754.850000000,objid:4,type:0,xpos:0.000000,ypos:0.000000,xspeed:-13.240000,yspeed:-0.670000,angle:-17.290000,distense:9.000000,rcs:6.000000
timestame:1619469754.850000000,objid:5,type:0,xpos:0.000000,ypos:0.000000,xspeed:6.390000,yspeed:0.680000,angle:20.010000,distense:26.600000,rcs:24.000000
