timestame:1619470142.154000000,objid:0,type:0,xpos:0.000000,ypos:0.000000,xspeed:5.130000,yspeed:0.430000,angle:22.760000,distense:22.400000,rcs:29.000000
timestame:1619470142.154000000,objid:1,type:0,xpos:0.000000,ypos:0.000000,xspeed:1.650000,yspeed:-0.010000,angle:14.960000,distense:28.600000,rcs:15.000000
