timestame:1619471368.068000000,objid:1,type:0,xpos:0.000000,ypos:0.000000,xspeed:7.820000,yspeed:0.100000,angle:3.150000,distense:125.000000,rcs:18.000000
timestame:1619471368.068000000,objid:7,type:0,xpos:0.000000,ypos:0.000000,xspeed:11.650000,yspeed:0.160000,angle:1.490000,distense:165.800000,rcs:16.000000
