timestame:1619469698.014000000,objid:2,type:0,xpos:0.000000,ypos:0.000000,xspeed:-2.380000,yspeed:-3.370000,angle:-18.000000,distense:42.600000,rcs:24.000000
timestame:1619469698.014000000,objid:5,type:0,xpos:0.000000,ypos:0.000000,xspeed:-8.780000,yspeed:-7.440000,angle:-18.000000,distense:42.200000,rcs:29.000000
timestame:1619469698.014000000,objid:7,type:0,xpos:0.000000,ypos:0.000000,xspeed:4.450000,yspeed:8.340000,angle:9.090000,distense:110.800000,rcs:6.000000
