timestame:1619471038.944000000,objid:0,type:0,xpos:0.000000,ypos:0.000000,xspeed:-2.800000,yspeed:-11.030000,angle:13.810000,distense:44.400000,rcs:32.000000
timestame:1619471038.944000000,objid:1,type:0,xpos:0.000000,ypos:0.000000,xspeed:-1.300000,yspeed:-3.800000,angle:7.410000,distense:43.600000,rcs:37.000000
timestame:1619471038.944000000,objid:2,type:0,xpos:0.000000,ypos:0.000000,xspeed:-2.310000,yspeed:-2.080000,angle:-18.000000,distense:38.800000,rcs:19.000000
timestame:1619471038.944000000,objid:3,type:0,xpos:0.000000,ypos:0.000000,xspeed:1.260000,yspeed:-3.460000,angle:12.570000,distense:48.400000,rcs:20.000000
