timestame:1619469640.903000000,objid:1,type:0,xpos:0.000000,ypos:0.000000,xspeed:3.460000,yspeed:2.780000,angle:-11.190000,distense:39.400000,rcs:9.000000
timestame:1619469640.903000000,objid:6,type:0,xpos:0.000000,ypos:0.000000,xspeed:11.970000,yspeed:0.300000,angle:8.530000,distense:23.800000,rcs:31.000000
timestame:1619469640.903000000,objid:7,type:0,xpos:0.000000,ypos:0.000000,xspeed:14.900000,yspeed:0.010000,angle:2.170000,distense:69.200000,rcs:16.000000
timestame:1619469640.903000000,objid:13,type:0,xpos:0.000000,ypos:0.000000,xspeed:15.460000,yspeed:0.520000,angle:2.530000,distense:58.800000,rcs:25.000000
