timestame:1619470565.678000000,objid:0,type:0,xpos:0.000000,ypos:0.000000,xspeed:6.730000,yspeed:2.210000,angle:20.400000,distense:30.600000,rcs:28.000000
timestame:1619470565.678000000,objid:2,type:0,xpos:0.000000,ypos:0.000000,xspeed:-13.120000,yspeed:0.000000,angle:-14.850000,distense:21.000000,rcs:27.000000
timestame:1619470565.678000000,objid:3,type:0,xpos:0.000000,ypos:0.000000,xspeed:12.620000,yspeed:0.230000,angle:1.470000,distense:128.600000,rcs:24.000000
