timestame:1619470887.803000000,objid:2,type:0,xpos:0.000000,ypos:0.000000,xspeed:-1.050000,yspeed:-2.660000,angle:-18.000000,distense:36.000000,rcs:24.000000
timestame:1619470887.803000000,objid:3,type:0,xpos:0.000000,ypos:0.000000,xspeed:-2.150000,yspeed:-3.140000,angle:-18.000000,distense:33.800000,rcs:9.000000
timestame:1619470887.803000000,objid:10,type:0,xpos:0.000000,ypos:0.000000,xspeed:-4.360000,yspeed:11.660000,angle:-1.420000,distense:38.400000,rcs:15.000000
timestame:1619470887.803000000,objid:19,type:0,xpos:0.000000,ypos:0.000000,xspeed:-1.080000,yspeed:-3.380000,angle:-17.910000,distense:36.000000,rcs:30.000000
