timestame:1619471261.421000000,objid:2,type:0,xpos:0.000000,ypos:0.000000,xspeed:12.510000,yspeed:0.230000,angle:3.920000,distense:92.000000,rcs:33.000000
timestame:1619471261.421000000,objid:6,type:0,xpos:0.000000,ypos:0.000000,xspeed:12.560000,yspeed:-0.140000,angle:3.580000,distense:104.200000,rcs:18.000000
timestame:1619471261.421000000,objid:10,type:0,xpos:0.000000,ypos:0.000000,xspeed:12.430000,yspeed:0.520000,angle:4.800000,distense:79.800000,rcs:20.000000
