timestame:1619470277.063000000,objid:1,type:0,xpos:0.000000,ypos:0.000000,xspeed:-10.280000,yspeed:0.170000,angle:-5.280000,distense:92.800000,rcs:13.000000
timestame:1619470277.063000000,objid:2,type:0,xpos:0.000000,ypos:0.000000,xspeed:-1.980000,yspeed:0.190000,angle:-6.930000,distense:88.800000,rcs:16.000000
timestame:1619470277.063000000,objid:11,type:0,xpos:0.000000,ypos:0.000000,xspeed:-2.070000,yspeed:-0.090000,angle:-9.500000,distense:74.200000,rcs:20.000000
timestame:1619470277.063000000,objid:22,type:0,xpos:0.000000,ypos:0.000000,xspeed:-1.570000,yspeed:-0.070000,angle:-8.150000,distense:82.400000,rcs:18.000000
