timestame:1619469788.380000000,objid:1,type:0,xpos:0.000000,ypos:0.000000,xspeed:-16.220000,yspeed:-0.390000,angle:-12.810000,distense:70.800000,rcs:27.000000
timestame:1619469788.380000000,objid:4,type:0,xpos:0.000000,ypos:0.000000,xspeed:-16.640000,yspeed:-0.780000,angle:-16.260000,distense:62.000000,rcs:20.000000
timestame:1619469788.380000000,objid:10,type:0,xpos:0.000000,ypos:0.000000,xspeed:17.040000,yspeed:0.340000,angle:1.210000,distense:222.600000,rcs:16.000000
