timestame:1619471432.298000000,objid:0,type:0,xpos:0.000000,ypos:0.000000,xspeed:-2.240000,yspeed:11.010000,angle:-18.000000,distense:54.000000,rcs:16.000000
timestame:1619471432.298000000,objid:2,type:0,xpos:0.000000,ypos:0.000000,xspeed:1.310000,yspeed:-5.640000,angle:8.540000,distense:42.000000,rcs:22.000000
timestame:1619471432.298000000,objid:6,type:0,xpos:0.000000,ypos:0.000000,xspeed:-10.670000,yspeed:3.020000,angle:-6.900000,distense:90.400000,rcs:25.000000
timestame:1619471432.298000000,objid:15,type:0,xpos:0.000000,ypos:0.000000,xspeed:-3.120000,yspeed:-0.130000,angle:-6.650000,distense:94.800000,rcs:25.000000
