timestame:1619470499.604000000,objid:2,type:0,xpos:0.000000,ypos:0.000000,xspeed:-1.330000,yspeed:-1.740000,angle:-18.000000,distense:39.000000,rcs:30.000000
timestame:1619470499.604000000,objid:4,type:0,xpos:0.000000,ypos:0.000000,xspeed:2.790000,yspeed:-3.020000,angle:14.160000,distense:45.400000,rcs:19.000000
timestame:1619470499.604000000,objid:7,type:0,xpos:0.000000,ypos:0.000000,xspeed:-1.680000,yspeed:-2.290000,angle:-18.000000,distense:45.400000,rcs:6.000000
