timestame:1619470974.006000000,objid:0,type:0,xpos:0.000000,ypos:0.000000,xspeed:6.300000,yspeed:0.090000,angle:3.750000,distense:106.600000,rcs:22.000000
timestame:1619470974.006000000,objid:2,type:0,xpos:0.000000,ypos:0.000000,xspeed:1.430000,yspeed:3.880000,angle:-3.260000,distense:46.200000,rcs:9.000000
timestame:1619470974.006000000,objid:3,type:0,xpos:0.000000,ypos:0.000000,xspeed:6.750000,yspeed:-0.610000,angle:2.300000,distense:115.600000,rcs:9.000000
timestame:1619470974.006000000,objid:9,type:0,xpos:0.000000,ypos:0.000000,xspeed:2.520000,yspeed:3.060000,angle:-11.050000,distense:39.800000,rcs:6.000000
