timestame:1619470714.524000000,objid:0,type:0,xpos:0.000000,ypos:0.000000,xspeed:1.920000,yspeed:4.320000,angle:-4.360000,distense:49.400000,rcs:6.000000
timestame:1619470714.524000000,objid:3,type:0,xpos:0.000000,ypos:0.000000,xspeed:4.490000,yspeed:2.930000,angle:-14.110000,distense:37.600000,rcs:19.000000
