timestame:1619469634.560000000,objid:1,type:0,xpos:0.000000,ypos:0.000000,xspeed:1.100000,yspeed:-0.130000,angle:18.670000,distense:21.600000,rcs:29.000000
timestame:1619469634.560000000,objid:3,type:0,xpos:0.000000,ypos:0.000000,xspeed:-6.430000,yspeed:2.650000,angle:-3.710000,distense:51.800000,rcs:20.000000
timestame:1619469634.560000000,objid:4,type:0,xpos:0.000000,ypos:0.000000,xspeed:2.660000,yspeed:1.020000,angle:-14.850000,distense:25.600000,rcs:18.000000
