timestame:1619471125.107000000,objid:0,type:0,xpos:0.000000,ypos:0.000000,xspeed:-1.720000,yspeed:3.320000,angle:18.570000,distense:40.000000,rcs:21.000000
timestame:1619471125.107000000,objid:2,type:0,xpos:0.000000,ypos:0.000000,xspeed:-1.480000,yspeed:5.520000,angle:22.700000,distense:40.000000,rcs:32.000000
