timestame:1619469555.508000000,objid:2,type:0,xpos:0.000000,ypos:0.000000,xspeed:-1.410000,yspeed:4.880000,angle:-18.000000,distense:39.800000,rcs:24.000000
timestame:1619469555.508000000,objid:3,type:0,xpos:0.000000,ypos:0.000000,xspeed:-1.740000,yspeed:5.970000,angle:-12.700000,distense:44.400000,rcs:12.000000
timestame:1619469555.508000000,objid:4,type:0,xpos:0.000000,ypos:0.000000,xspeed:-2.400000,yspeed:6.830000,angle:-7.130000,distense:42.800000,rcs:25.000000
