timestame:1619470082.083000000,objid:4,type:0,xpos:0.000000,ypos:0.000000,xspeed:2.580000,yspeed:-8.880000,angle:-3.600000,distense:51.800000,rcs:19.000000
timestame:1619470082.083000000,objid:5,type:0,xpos:0.000000,ypos:0.000000,xspeed:2.340000,yspeed:-8.040000,angle:-0.810000,distense:50.600000,rcs:24.000000
