timestame:1619471040.492000000,objid:2,type:0,xpos:0.000000,ypos:0.000000,xspeed:-1.830000,yspeed:-1.260000,angle:-18.000000,distense:37.200000,rcs:16.000000
timestame:1619471040.492000000,objid:6,type:0,xpos:0.000000,ypos:0.000000,xspeed:-4.080000,yspeed:-6.100000,angle:-18.000000,distense:38.800000,rcs:30.000000
