timestame:1619471499.722000000,objid:0,type:0,xpos:0.000000,ypos:0.000000,xspeed:7.940000,yspeed:0.180000,angle:1.840000,distense:95.600000,rcs:30.000000
timestame:1619471499.722000000,objid:3,type:0,xpos:0.000000,ypos:0.000000,xspeed:7.900000,yspeed:0.060000,angle:3.280000,distense:125.000000,rcs:20.000000
timestame:1619471499.722000000,objid:10,type:0,xpos:0.000000,ypos:0.000000,xspeed:7.170000,yspeed:0.270000,angle:5.300000,distense:83.800000,rcs:20.000000
