timestame:1619470886.179000000,objid:0,type:0,xpos:0.000000,ypos:0.000000,xspeed:-2.940000,yspeed:9.930000,angle:-10.400000,distense:39.000000,rcs:6.000000
timestame:1619470886.179000000,objid:3,type:0,xpos:0.000000,ypos:0.000000,xspeed:-2.110000,yspeed:-3.580000,angle:-18.000000,distense:34.600000,rcs:36.000000
timestame:1619470886.179000000,objid:6,type:0,xpos:0.000000,ypos:0.000000,xspeed:7.710000,yspeed:1.430000,angle:-10.300000,distense:46.600000,rcs:20.000000
