timestame:1619470473.857000000,objid:1,type:0,xpos:0.000000,ypos:0.000000,xspeed:-11.870000,yspeed:-0.750000,angle:-4.580000,distense:149.000000,rcs:12.000000
timestame:1619470473.857000000,objid:2,type:0,xpos:0.000000,ypos:0.000000,xspeed:1.360000,yspeed:-1.690000,angle:13.930000,distense:71.000000,rcs:9.000000
