timestame:1619471039.255000000,objid:1,type:0,xpos:0.000000,ypos:0.000000,xspeed:-1.420000,yspeed:-3.110000,angle:6.570000,distense:42.800000,rcs:41.000000
timestame:1619471039.255000000,objid:2,type:0,xpos:0.000000,ypos:0.000000,xspeed:-2.270000,yspeed:-1.890000,angle:-18.000000,distense:38.400000,rcs:16.000000
timestame:1619471039.255000000,objid:3,type:0,xpos:0.000000,ypos:0.000000,xspeed:1.260000,yspeed:-3.460000,angle:11.280000,distense:48.400000,rcs:20.000000
