timestame:1619470372.234000000,objid:1,type:0,xpos:0.000000,ypos:0.000000,xspeed:-1.660000,yspeed:-3.830000,angle:-18.000000,distense:42.200000,rcs:6.000000
timestame:1619470372.234000000,objid:6,type:0,xpos:0.000000,ypos:0.000000,xspeed:-1.580000,yspeed:0.220000,angle:-18.000000,distense:34.200000,rcs:13.000000
timestame:1619470372.234000000,objid:10,type:0,xpos:0.000000,ypos:0.000000,xspeed:-4.920000,yspeed:-2.200000,angle:-18.000000,distense:36.400000,rcs:15.000000
timestame:1619470372.234000000,objid:14,type:0,xpos:0.000000,ypos:0.000000,xspeed:-1.950000,yspeed:-0.220000,angle:-18.000000,distense:32.200000,rcs:15.000000
