timestame:1619471367.255000000,objid:1,type:0,xpos:0.000000,ypos:0.000000,xspeed:7.670000,yspeed:-0.070000,angle:3.120000,distense:118.000000,rcs:25.000000
timestame:1619471367.255000000,objid:2,type:0,xpos:0.000000,ypos:0.000000,xspeed:8.140000,yspeed:-0.040000,angle:3.070000,distense:124.200000,rcs:12.000000
timestame:1619471367.255000000,objid:7,type:0,xpos:0.000000,ypos:0.000000,xspeed:11.720000,yspeed:0.250000,angle:1.600000,distense:156.000000,rcs:12.000000
