timestame:1619470964.307000000,objid:0,type:0,xpos:0.000000,ypos:0.000000,xspeed:3.880000,yspeed:0.100000,angle:6.250000,distense:53.200000,rcs:38.000000
timestame:1619470964.307000000,objid:6,type:0,xpos:0.000000,ypos:0.000000,xspeed:10.490000,yspeed:0.510000,angle:2.030000,distense:106.400000,rcs:31.000000
timestame:1619470964.307000000,objid:12,type:0,xpos:0.000000,ypos:0.000000,xspeed:3.040000,yspeed:0.050000,angle:5.050000,distense:61.600000,rcs:23.000000
