timestame:1619469704.882000000,objid:1,type:0,xpos:0.000000,ypos:0.000000,xspeed:-1.510000,yspeed:-3.260000,angle:-18.000000,distense:41.200000,rcs:24.000000
timestame:1619469704.882000000,objid:6,type:0,xpos:0.000000,ypos:0.000000,xspeed:-1.200000,yspeed:-0.830000,angle:-18.000000,distense:38.200000,rcs:16.000000
timestame:1619469704.882000000,objid:14,type:0,xpos:0.000000,ypos:0.000000,xspeed:-3.040000,yspeed:-2.870000,angle:-18.000000,distense:39.000000,rcs:15.000000
