timestame:1619471096.395000000,objid:2,type:0,xpos:0.000000,ypos:0.000000,xspeed:8.080000,yspeed:-0.150000,angle:1.250000,distense:90.800000,rcs:37.000000
timestame:1619471096.395000000,objid:3,type:0,xpos:0.000000,ypos:0.000000,xspeed:-13.040000,yspeed:2.410000,angle:-9.260000,distense:75.400000,rcs:22.000000
