timestame:1619471451.738000000,objid:3,type:0,xpos:0.000000,ypos:0.000000,xspeed:-2.270000,yspeed:-0.200000,angle:-6.590000,distense:101.400000,rcs:9.000000
timestame:1619471451.738000000,objid:11,type:0,xpos:0.000000,ypos:0.000000,xspeed:-1.630000,yspeed:0.470000,angle:-7.290000,distense:93.600000,rcs:13.000000
timestame:1619471451.738000000,objid:13,type:0,xpos:0.000000,ypos:0.000000,xspeed:-3.810000,yspeed:-0.200000,angle:21.690000,distense:35.400000,rcs:13.000000
