timestame:1619471406.455000000,objid:5,type:0,xpos:0.000000,ypos:0.000000,xspeed:-15.260000,yspeed:-4.110000,angle:7.210000,distense:153.400000,rcs:9.000000
timestame:1619471406.455000000,objid:6,type:0,xpos:0.000000,ypos:0.000000,xspeed:-1.470000,yspeed:8.170000,angle:5.440000,distense:40.600000,rcs:13.000000
