timestame:1619470293.468000000,objid:0,type:0,xpos:0.000000,ypos:0.000000,xspeed:1.110000,yspeed:0.040000,angle:5.730000,distense:19.400000,rcs:30.000000
timestame:1619470293.468000000,objid:1,type:0,xpos:0.000000,ypos:0.000000,xspeed:-1.710000,yspeed:-0.410000,angle:4.690000,distense:10.200000,rcs:9.000000
timestame:1619470293.468000000,objid:2,type:0,xpos:0.000000,ypos:0.000000,xspeed:-12.220000,yspeed:-0.590000,angle:-18.000000,distense:31.600000,rcs:15.000000
timestame:1619470293.468000000,objid:5,type:0,xpos:0.000000,ypos:0.000000,xspeed:2.080000,yspeed:-2.740000,angle:1.190000,distense:17.000000,rcs:9.000000
