timestame:1619470738.591000000,objid:0,type:0,xpos:0.000000,ypos:0.000000,xspeed:-16.510000,yspeed:-1.190000,angle:-5.210000,distense:137.800000,rcs:6.000000
timestame:1619470738.591000000,objid:1,type:0,xpos:0.000000,ypos:0.000000,xspeed:11.900000,yspeed:-0.220000,angle:0.940000,distense:129.400000,rcs:6.000000
timestame:1619470738.591000000,objid:3,type:0,xpos:0.000000,ypos:0.000000,xspeed:2.750000,yspeed:-6.700000,angle:-15.520000,distense:47.000000,rcs:16.000000
timestame:1619470738.591000000,objid:6,type:0,xpos:0.000000,ypos:0.000000,xspeed:12.140000,yspeed:0.120000,angle:1.430000,distense:119.400000,rcs:33.000000
