timestame:1619470942.647000000,objid:1,type:0,xpos:0.000000,ypos:0.000000,xspeed:-5.170000,yspeed:1.140000,angle:-14.260000,distense:53.600000,rcs:13.000000
timestame:1619470942.647000000,objid:5,type:0,xpos:0.000000,ypos:0.000000,xspeed:-6.090000,yspeed:-0.820000,angle:-18.000000,distense:56.800000,rcs:20.000000
timestame:1619470942.647000000,objid:7,type:0,xpos:0.000000,ypos:0.000000,xspeed:-8.370000,yspeed:1.790000,angle:-18.000000,distense:52.000000,rcs:18.000000
