timestame:1619469951.584000000,objid:4,type:0,xpos:0.000000,ypos:0.000000,xspeed:1.200000,yspeed:-4.130000,angle:-3.500000,distense:55.600000,rcs:28.000000
timestame:1619469951.584000000,objid:5,type:0,xpos:0.000000,ypos:0.000000,xspeed:-1.370000,yspeed:6.660000,angle:16.370000,distense:39.800000,rcs:6.000000
