timestame:1619470991.410000000,objid:3,type:0,xpos:0.000000,ypos:0.000000,xspeed:5.290000,yspeed:-0.130000,angle:6.790000,distense:109.000000,rcs:6.000000
timestame:1619470991.410000000,objid:4,type:0,xpos:0.000000,ypos:0.000000,xspeed:-13.550000,yspeed:-0.690000,angle:-18.000000,distense:38.600000,rcs:18.000000
