timestame:1619470278.605000000,objid:1,type:0,xpos:0.000000,ypos:0.000000,xspeed:-10.210000,yspeed:-0.060000,angle:-6.570000,distense:77.000000,rcs:15.000000
timestame:1619470278.605000000,objid:3,type:0,xpos:0.000000,ypos:0.000000,xspeed:-2.380000,yspeed:0.180000,angle:-8.890000,distense:76.000000,rcs:20.000000
timestame:1619470278.605000000,objid:11,type:0,xpos:0.000000,ypos:0.000000,xspeed:-2.810000,yspeed:-0.290000,angle:-10.930000,distense:69.200000,rcs:24.000000
