timestame:1619470745.544000000,objid:0,type:0,xpos:0.000000,ypos:0.000000,xspeed:-2.830000,yspeed:-0.400000,angle:-8.790000,distense:83.000000,rcs:19.000000
timestame:1619470745.544000000,objid:6,type:0,xpos:0.000000,ypos:0.000000,xspeed:12.560000,yspeed:0.480000,angle:1.400000,distense:206.600000,rcs:15.000000
