timestame:1619470615.872000000,objid:0,type:0,xpos:0.000000,ypos:0.000000,xspeed:2.100000,yspeed:-10.010000,angle:-18.000000,distense:65.400000,rcs:9.000000
timestame:1619470615.872000000,objid:10,type:0,xpos:0.000000,ypos:0.000000,xspeed:-1.170000,yspeed:5.340000,angle:15.490000,distense:40.600000,rcs:9.000000
