timestame:1619470031.267000000,objid:1,type:0,xpos:0.000000,ypos:0.000000,xspeed:6.170000,yspeed:0.370000,angle:2.550000,distense:41.800000,rcs:34.000000
timestame:1619470031.267000000,objid:4,type:0,xpos:0.000000,ypos:0.000000,xspeed:10.910000,yspeed:0.070000,angle:1.960000,distense:70.000000,rcs:26.000000
timestame:1619470031.267000000,objid:7,type:0,xpos:0.000000,ypos:0.000000,xspeed:1.430000,yspeed:-1.980000,angle:6.920000,distense:20.800000,rcs:22.000000
