timestame:1619471498.793000000,objid:0,type:0,xpos:0.000000,ypos:0.000000,xspeed:7.640000,yspeed:0.030000,angle:1.740000,distense:87.400000,rcs:30.000000
timestame:1619471498.793000000,objid:3,type:0,xpos:0.000000,ypos:0.000000,xspeed:7.530000,yspeed:0.020000,angle:3.440000,distense:117.000000,rcs:13.000000
timestame:1619471498.793000000,objid:5,type:0,xpos:0.000000,ypos:0.000000,xspeed:6.490000,yspeed:-0.060000,angle:1.380000,distense:92.800000,rcs:19.000000
timestame:1619471498.793000000,objid:10,type:0,xpos:0.000000,ypos:0.000000,xspeed:6.990000,yspeed:0.400000,angle:5.740000,distense:76.600000,rcs:22.000000
