timestame:1619469945.882000000,objid:2,type:0,xpos:0.000000,ypos:0.000000,xspeed:1.130000,yspeed:-1.900000,angle:-7.640000,distense:49.600000,rcs:22.000000
timestame:1619469945.882000000,objid:3,type:0,xpos:0.000000,ypos:0.000000,xspeed:2.160000,yspeed:-0.040000,angle:-0.160000,distense:16.000000,rcs:20.000000
