timestame:1619470362.732000000,objid:1,type:0,xpos:0.000000,ypos:0.000000,xspeed:-1.600000,yspeed:-1.980000,angle:-18.000000,distense:39.000000,rcs:6.000000
timestame:1619470362.732000000,objid:3,type:0,xpos:0.000000,ypos:0.000000,xspeed:-25.930000,yspeed:-13.770000,angle:20.630000,distense:41.600000,rcs:27.000000
timestame:1619470362.732000000,objid:4,type:0,xpos:0.000000,ypos:0.000000,xspeed:-1.220000,yspeed:7.530000,angle:-7.920000,distense:44.600000,rcs:6.000000
timestame:1619470362.732000000,objid:11,type:0,xpos:0.000000,ypos:0.000000,xspeed:-2.030000,yspeed:6.140000,angle:13.160000,distense:39.600000,rcs:25.000000
