timestame:1619471253.193000000,objid:1,type:0,xpos:0.000000,ypos:0.000000,xspeed:2.840000,yspeed:3.000000,angle:4.120000,distense:81.200000,rcs:12.000000
timestame:1619471253.193000000,objid:3,type:0,xpos:0.000000,ypos:0.000000,xspeed:-16.680000,yspeed:-0.270000,angle:-6.340000,distense:129.600000,rcs:15.000000
