timestame:1619470879.154000000,objid:3,type:0,xpos:0.000000,ypos:0.000000,xspeed:-2.030000,yspeed:-3.750000,angle:-15.860000,distense:35.200000,rcs:30.000000
timestame:1619470879.154000000,objid:9,type:0,xpos:0.000000,ypos:0.000000,xspeed:1.230000,yspeed:-1.090000,angle:-4.390000,distense:24.200000,rcs:20.000000
timestame:1619470879.154000000,objid:14,type:0,xpos:0.000000,ypos:0.000000,xspeed:-5.670000,yspeed:-0.100000,angle:-8.210000,distense:88.000000,rcs:13.000000
