timestame:1619470078.732000000,objid:0,type:0,xpos:0.000000,ypos:0.000000,xspeed:-2.190000,yspeed:7.160000,angle:4.420000,distense:54.000000,rcs:6.000000
timestame:1619470078.732000000,objid:2,type:0,xpos:0.000000,ypos:0.000000,xspeed:2.320000,yspeed:-0.650000,angle:-0.400000,distense:19.000000,rcs:24.000000
timestame:1619470078.732000000,objid:4,type:0,xpos:0.000000,ypos:0.000000,xspeed:-6.370000,yspeed:6.920000,angle:-6.980000,distense:50.000000,rcs:13.000000
