timestame:1619471084.156000000,objid:4,type:0,xpos:0.000000,ypos:0.000000,xspeed:4.280000,yspeed:0.170000,angle:1.560000,distense:37.000000,rcs:35.000000
timestame:1619471084.156000000,objid:10,type:0,xpos:0.000000,ypos:0.000000,xspeed:5.900000,yspeed:0.480000,angle:2.280000,distense:54.000000,rcs:6.000000
timestame:1619471084.156000000,objid:11,type:0,xpos:0.000000,ypos:0.000000,xspeed:1.280000,yspeed:-0.070000,angle:2.200000,distense:15.400000,rcs:45.000000
