timestame:1619471006.748000000,objid:2,type:0,xpos:0.000000,ypos:0.000000,xspeed:-6.410000,yspeed:0.790000,angle:-8.280000,distense:106.400000,rcs:18.000000
timestame:1619471006.748000000,objid:5,type:0,xpos:0.000000,ypos:0.000000,xspeed:3.920000,yspeed:-1.610000,angle:-13.640000,distense:47.400000,rcs:22.000000
timestame:1619471006.748000000,objid:7,type:0,xpos:0.000000,ypos:0.000000,xspeed:-2.500000,yspeed:8.520000,angle:-17.520000,distense:45.000000,rcs:6.000000
timestame:1619471006.748000000,objid:9,type:0,xpos:0.000000,ypos:0.000000,xspeed:-7.700000,yspeed:1.740000,angle:-8.180000,distense:108.200000,rcs:20.000000
