timestame:1619470593.055000000,objid:0,type:0,xpos:0.000000,ypos:0.000000,xspeed:-14.650000,yspeed:-0.610000,angle:-18.000000,distense:33.000000,rcs:13.000000
timestame:1619470593.055000000,objid:5,type:0,xpos:0.000000,ypos:0.000000,xspeed:9.420000,yspeed:1.770000,angle:-16.430000,distense:24.000000,rcs:21.000000
timestame:1619470593.055000000,objid:6,type:0,xpos:0.000000,ypos:0.000000,xspeed:5.810000,yspeed:1.750000,angle:20.240000,distense:23.200000,rcs:19.000000
