timestame:1619469929.723000000,objid:1,type:0,xpos:0.000000,ypos:0.000000,xspeed:7.660000,yspeed:0.170000,angle:1.420000,distense:195.600000,rcs:22.000000
timestame:1619469929.723000000,objid:8,type:0,xpos:0.000000,ypos:0.000000,xspeed:7.600000,yspeed:0.020000,angle:1.100000,distense:189.000000,rcs:27.000000
