timestame:1619471438.821000000,objid:6,type:0,xpos:0.000000,ypos:0.000000,xspeed:5.940000,yspeed:0.650000,angle:-7.000000,distense:90.000000,rcs:12.000000
timestame:1619471438.821000000,objid:8,type:0,xpos:0.000000,ypos:0.000000,xspeed:-3.040000,yspeed:-1.790000,angle:-18.000000,distense:30.800000,rcs:13.000000
timestame:1619471438.821000000,objid:10,type:0,xpos:0.000000,ypos:0.000000,xspeed:-1.080000,yspeed:-12.180000,angle:-18.000000,distense:42.600000,rcs:9.000000
