timestame:1619470030.403000000,objid:1,type:0,xpos:0.000000,ypos:0.000000,xspeed:5.350000,yspeed:0.560000,angle:2.820000,distense:35.000000,rcs:39.000000
timestame:1619470030.403000000,objid:4,type:0,xpos:0.000000,ypos:0.000000,xspeed:9.160000,yspeed:-0.120000,angle:2.170000,distense:59.600000,rcs:32.000000
timestame:1619470030.403000000,objid:5,type:0,xpos:0.000000,ypos:0.000000,xspeed:2.320000,yspeed:-0.360000,angle:-18.000000,distense:56.000000,rcs:9.000000
