timestame:1619470460.847000000,objid:0,type:0,xpos:0.000000,ypos:0.000000,xspeed:-16.600000,yspeed:-1.710000,angle:-7.710000,distense:93.800000,rcs:21.000000
timestame:1619470460.847000000,objid:2,type:0,xpos:0.000000,ypos:0.000000,xspeed:5.920000,yspeed:-0.090000,angle:3.190000,distense:180.200000,rcs:12.000000
