timestame:1619470597.527000000,objid:1,type:0,xpos:0.000000,ypos:0.000000,xspeed:4.820000,yspeed:3.600000,angle:-12.420000,distense:40.200000,rcs:9.000000
timestame:1619470597.527000000,objid:5,type:0,xpos:0.000000,ypos:0.000000,xspeed:4.400000,yspeed:4.400000,angle:-9.030000,distense:51.200000,rcs:6.000000
