timestame:1619470976.110000000,objid:0,type:0,xpos:0.000000,ypos:0.000000,xspeed:6.830000,yspeed:-0.060000,angle:3.170000,distense:121.200000,rcs:28.000000
timestame:1619470976.110000000,objid:3,type:0,xpos:0.000000,ypos:0.000000,xspeed:7.230000,yspeed:-0.070000,angle:2.250000,distense:131.400000,rcs:6.000000
timestame:1619470976.110000000,objid:5,type:0,xpos:0.000000,ypos:0.000000,xspeed:-18.760000,yspeed:1.040000,angle:-6.750000,distense:122.200000,rcs:13.000000
timestame:1619470976.110000000,objid:9,type:0,xpos:0.000000,ypos:0.000000,xspeed:1.490000,yspeed:3.980000,angle:-3.150000,distense:46.800000,rcs:6.000000
