timestame:1619470617.802000000,objid:0,type:0,xpos:0.000000,ypos:0.000000,xspeed:-27.980000,yspeed:0.000000,angle:-9.650000,distense:94.600000,rcs:19.000000
timestame:1619470617.802000000,objid:2,type:0,xpos:0.000000,ypos:0.000000,xspeed:-13.050000,yspeed:2.580000,angle:-8.440000,distense:104.200000,rcs:20.000000
