timestame:1619469998.014000000,objid:0,type:0,xpos:0.000000,ypos:0.000000,xspeed:-3.290000,yspeed:-10.160000,angle:14.360000,distense:41.400000,rcs:32.000000
timestame:1619469998.014000000,objid:10,type:0,xpos:0.000000,ypos:0.000000,xspeed:-1.040000,yspeed:-3.220000,angle:-18.000000,distense:37.400000,rcs:20.000000
timestame:1619469998.014000000,objid:11,type:0,xpos:0.000000,ypos:0.000000,xspeed:-1.120000,yspeed:-0.510000,angle:-18.000000,distense:33.600000,rcs:19.000000
timestame:1619469998.014000000,objid:15,type:0,xpos:0.000000,ypos:0.000000,xspeed:-1.090000,yspeed:-1.880000,angle:-18.000000,distense:35.600000,rcs:16.000000
