timestame:1619469699.757000000,objid:2,type:0,xpos:0.000000,ypos:0.000000,xspeed:-1.900000,yspeed:-2.050000,angle:-18.000000,distense:41.000000,rcs:15.000000
timestame:1619469699.757000000,objid:5,type:0,xpos:0.000000,ypos:0.000000,xspeed:-3.910000,yspeed:-2.150000,angle:-18.000000,distense:37.800000,rcs:9.000000
timestame:1619469699.757000000,objid:6,type:0,xpos:0.000000,ypos:0.000000,xspeed:4.610000,yspeed:-5.870000,angle:-11.080000,distense:77.600000,rcs:6.000000
timestame:1619469699.757000000,objid:8,type:0,xpos:0.000000,ypos:0.000000,xspeed:3.010000,yspeed:5.230000,angle:-5.050000,distense:47.000000,rcs:13.000000
