timestame:1619470145.821000000,objid:0,type:0,xpos:0.000000,ypos:0.000000,xspeed:3.440000,yspeed:1.880000,angle:22.680000,distense:36.400000,rcs:6.000000
timestame:1619470145.821000000,objid:1,type:0,xpos:0.000000,ypos:0.000000,xspeed:6.760000,yspeed:1.580000,angle:21.550000,distense:22.200000,rcs:25.000000
timestame:1619470145.821000000,objid:2,type:0,xpos:0.000000,ypos:0.000000,xspeed:5.940000,yspeed:2.510000,angle:20.260000,distense:33.000000,rcs:18.000000
