timestame:1619471562.407000000,objid:0,type:0,xpos:0.000000,ypos:0.000000,xspeed:-4.400000,yspeed:-2.940000,angle:-18.000000,distense:29.400000,rcs:6.000000
timestame:1619471562.407000000,objid:3,type:0,xpos:0.000000,ypos:0.000000,xspeed:-1.930000,yspeed:-3.060000,angle:-18.000000,distense:34.000000,rcs:13.000000
timestame:1619471562.407000000,objid:5,type:0,xpos:0.000000,ypos:0.000000,xspeed:-3.740000,yspeed:-1.610000,angle:-18.000000,distense:31.400000,rcs:15.000000
timestame:1619471562.407000000,objid:10,type:0,xpos:0.000000,ypos:0.000000,xspeed:2.560000,yspeed:2.860000,angle:-17.360000,distense:60.800000,rcs:15.000000
