timestame:1619471518.115000000,objid:7,type:0,xpos:0.000000,ypos:0.000000,xspeed:16.180000,yspeed:0.200000,angle:1.490000,distense:182.800000,rcs:16.000000
timestame:1619471518.115000000,objid:10,type:0,xpos:0.000000,ypos:0.000000,xspeed:16.180000,yspeed:0.120000,angle:1.320000,distense:172.400000,rcs:26.000000
