timestame:1619469912.989000000,objid:0,type:0,xpos:0.000000,ypos:0.000000,xspeed:-6.020000,yspeed:2.640000,angle:-18.000000,distense:38.800000,rcs:6.000000
timestame:1619469912.989000000,objid:1,type:0,xpos:0.000000,ypos:0.000000,xspeed:4.670000,yspeed:0.020000,angle:1.710000,distense:89.400000,rcs:18.000000
timestame:1619469912.989000000,objid:2,type:0,xpos:0.000000,ypos:0.000000,xspeed:11.690000,yspeed:0.220000,angle:2.670000,distense:166.000000,rcs:19.000000
timestame:1619469912.989000000,objid:8,type:0,xpos:0.000000,ypos:0.000000,xspeed:4.700000,yspeed:0.080000,angle:2.150000,distense:82.600000,rcs:26.000000
