timestame:1619470943.387000000,objid:1,type:0,xpos:0.000000,ypos:0.000000,xspeed:-5.700000,yspeed:0.970000,angle:-15.130000,distense:48.800000,rcs:12.000000
timestame:1619470943.387000000,objid:5,type:0,xpos:0.000000,ypos:0.000000,xspeed:-6.500000,yspeed:-0.480000,angle:-18.000000,distense:52.200000,rcs:22.000000
timestame:1619470943.387000000,objid:7,type:0,xpos:0.000000,ypos:0.000000,xspeed:-6.180000,yspeed:-0.950000,angle:-18.000000,distense:49.000000,rcs:6.000000
