timestame:1619469624.178000000,objid:1,type:0,xpos:0.000000,ypos:0.000000,xspeed:-4.300000,yspeed:-0.300000,angle:-18.000000,distense:53.400000,rcs:12.000000
timestame:1619469624.178000000,objid:2,type:0,xpos:0.000000,ypos:0.000000,xspeed:-3.900000,yspeed:-0.270000,angle:-15.120000,distense:66.800000,rcs:13.000000
timestame:1619469624.178000000,objid:4,type:0,xpos:0.000000,ypos:0.000000,xspeed:-13.550000,yspeed:-0.480000,angle:-13.120000,distense:54.600000,rcs:9.000000
