timestame:1619470448.357000000,objid:0,type:0,xpos:0.000000,ypos:0.000000,xspeed:18.970000,yspeed:-1.330000,angle:0.920000,distense:208.400000,rcs:9.000000
timestame:1619470448.357000000,objid:1,type:0,xpos:0.000000,ypos:0.000000,xspeed:-4.520000,yspeed:-1.350000,angle:5.150000,distense:174.200000,rcs:6.000000
timestame:1619470448.357000000,objid:2,type:0,xpos:0.000000,ypos:0.000000,xspeed:4.770000,yspeed:-0.210000,angle:6.150000,distense:111.200000,rcs:21.000000
