timestame:1619471315.915000000,objid:1,type:0,xpos:0.000000,ypos:0.000000,xspeed:-14.260000,yspeed:-0.570000,angle:-4.860000,distense:138.600000,rcs:16.000000
timestame:1619471315.915000000,objid:2,type:0,xpos:0.000000,ypos:0.000000,xspeed:-1.960000,yspeed:5.580000,angle:-8.250000,distense:37.800000,rcs:6.000000
