timestame:1619470928.726000000,objid:3,type:0,xpos:0.000000,ypos:0.000000,xspeed:-7.940000,yspeed:-0.400000,angle:-10.120000,distense:92.000000,rcs:9.000000
timestame:1619470928.726000000,objid:5,type:0,xpos:0.000000,ypos:0.000000,xspeed:-2.210000,yspeed:0.300000,angle:16.380000,distense:12.400000,rcs:9.000000
