timestame:1619471296.776000000,objid:2,type:0,xpos:0.000000,ypos:0.000000,xspeed:-2.130000,yspeed:5.740000,angle:-15.160000,distense:43.000000,rcs:13.000000
timestame:1619471296.776000000,objid:6,type:0,xpos:0.000000,ypos:0.000000,xspeed:2.550000,yspeed:3.830000,angle:-8.070000,distense:42.600000,rcs:9.000000
timestame:1619471296.776000000,objid:8,type:0,xpos:0.000000,ypos:0.000000,xspeed:-2.130000,yspeed:7.720000,angle:-15.430000,distense:43.200000,rcs:6.000000
