timestame:1619469559.903000000,objid:2,type:0,xpos:0.000000,ypos:0.000000,xspeed:-1.050000,yspeed:4.320000,angle:10.530000,distense:34.000000,rcs:9.000000
timestame:1619469559.903000000,objid:3,type:0,xpos:0.000000,ypos:0.000000,xspeed:-1.010000,yspeed:5.480000,angle:16.940000,distense:35.000000,rcs:6.000000
timestame:1619469559.903000000,objid:13,type:0,xpos:0.000000,ypos:0.000000,xspeed:2.090000,yspeed:-9.170000,angle:-18.000000,distense:63.200000,rcs:6.000000
timestame:1619469559.903000000,objid:14,type:0,xpos:0.000000,ypos:0.000000,xspeed:-1.400000,yspeed:8.940000,angle:-1.230000,distense:50.600000,rcs:6.000000
