timestame:1619471002.716000000,objid:1,type:0,xpos:0.000000,ypos:0.000000,xspeed:-13.700000,yspeed:-0.450000,angle:-5.430000,distense:146.400000,rcs:12.000000
timestame:1619471002.716000000,objid:3,type:0,xpos:0.000000,ypos:0.000000,xspeed:1.580000,yspeed:-2.800000,angle:-14.880000,distense:46.800000,rcs:15.000000
timestame:1619471002.716000000,objid:4,type:0,xpos:0.000000,ypos:0.000000,xspeed:1.930000,yspeed:0.070000,angle:-0.470000,distense:16.400000,rcs:26.000000
