timestame:1619470425.008000000,objid:2,type:0,xpos:0.000000,ypos:0.000000,xspeed:1.720000,yspeed:-0.140000,angle:-14.930000,distense:28.800000,rcs:19.000000
timestame:1619470425.008000000,objid:7,type:0,xpos:0.000000,ypos:0.000000,xspeed:13.400000,yspeed:14.180000,angle:-17.210000,distense:78.000000,rcs:6.000000
timestame:1619470425.008000000,objid:8,type:0,xpos:0.000000,ypos:0.000000,xspeed:2.990000,yspeed:3.990000,angle:-8.810000,distense:43.600000,rcs:6.000000
