timestame:1619471227.155000000,objid:0,type:0,xpos:0.000000,ypos:0.000000,xspeed:5.790000,yspeed:0.200000,angle:2.060000,distense:77.200000,rcs:18.000000
timestame:1619471227.155000000,objid:1,type:0,xpos:0.000000,ypos:0.000000,xspeed:5.180000,yspeed:-2.840000,angle:-12.730000,distense:49.800000,rcs:12.000000
timestame:1619471227.155000000,objid:9,type:0,xpos:0.000000,ypos:0.000000,xspeed:5.480000,yspeed:0.040000,angle:2.160000,distense:67.000000,rcs:35.000000
