timestame:1619471043.771000000,objid:1,type:0,xpos:0.000000,ypos:0.000000,xspeed:-1.110000,yspeed:-2.460000,angle:-12.250000,distense:39.400000,rcs:24.000000
timestame:1619471043.771000000,objid:2,type:0,xpos:0.000000,ypos:0.000000,xspeed:-2.580000,yspeed:-0.600000,angle:-18.000000,distense:30.400000,rcs:15.000000
timestame:1619471043.771000000,objid:14,type:0,xpos:0.000000,ypos:0.000000,xspeed:16.890000,yspeed:0.000000,angle:-16.790000,distense:55.800000,rcs:20.000000
timestame:1619471043.771000000,objid:16,type:0,xpos:0.000000,ypos:0.000000,xspeed:-1.300000,yspeed:0.830000,angle:-18.000000,distense:32.600000,rcs:18.000000
