timestame:1619471230.559000000,objid:0,type:0,xpos:0.000000,ypos:0.000000,xspeed:6.420000,yspeed:0.120000,angle:2.090000,distense:98.600000,rcs:12.000000
timestame:1619471230.559000000,objid:1,type:0,xpos:0.000000,ypos:0.000000,xspeed:3.060000,yspeed:-5.300000,angle:-18.000000,distense:65.800000,rcs:6.000000
timestame:1619471230.559000000,objid:9,type:0,xpos:0.000000,ypos:0.000000,xspeed:6.670000,yspeed:0.120000,angle:2.000000,distense:90.400000,rcs:35.000000
