timestame:1619469919.922000000,objid:1,type:0,xpos:0.000000,ypos:0.000000,xspeed:5.750000,yspeed:-0.110000,angle:1.200000,distense:129.000000,rcs:16.000000
timestame:1619469919.922000000,objid:8,type:0,xpos:0.000000,ypos:0.000000,xspeed:5.770000,yspeed:0.110000,angle:1.530000,distense:122.400000,rcs:29.000000
