timestame:1619470014.005000000,objid:0,type:0,xpos:0.000000,ypos:0.000000,xspeed:-1.950000,yspeed:-1.660000,angle:-18.000000,distense:32.400000,rcs:15.000000
timestame:1619470014.005000000,objid:1,type:0,xpos:0.000000,ypos:0.000000,xspeed:-1.530000,yspeed:-6.020000,angle:14.770000,distense:41.200000,rcs:34.000000
timestame:1619470014.005000000,objid:8,type:0,xpos:0.000000,ypos:0.000000,xspeed:-2.390000,yspeed:-2.060000,angle:-1.660000,distense:58.600000,rcs:9.000000
