timestame:1619470038.882000000,objid:0,type:0,xpos:0.000000,ypos:0.000000,xspeed:1.940000,yspeed:0.600000,angle:10.590000,distense:30.800000,rcs:6.000000
timestame:1619470038.882000000,objid:1,type:0,xpos:0.000000,ypos:0.000000,xspeed:10.890000,yspeed:-0.010000,angle:1.490000,distense:118.600000,rcs:19.000000
timestame:1619470038.882000000,objid:3,type:0,xpos:0.000000,ypos:0.000000,xspeed:12.500000,yspeed:0.340000,angle:2.240000,distense:89.600000,rcs:29.000000
timestame:1619470038.882000000,objid:5,type:0,xpos:0.000000,ypos:0.000000,xspeed:3.710000,yspeed:0.490000,angle:9.420000,distense:28.600000,rcs:33.000000
