timestame:1619469946.376000000,objid:2,type:0,xpos:0.000000,ypos:0.000000,xspeed:1.150000,yspeed:-2.040000,angle:-9.040000,distense:49.400000,rcs:18.000000
timestame:1619469946.376000000,objid:3,type:0,xpos:0.000000,ypos:0.000000,xspeed:2.020000,yspeed:0.270000,angle:0.700000,distense:17.000000,rcs:26.000000
