timestame:1619470665.481000000,objid:0,type:0,xpos:0.000000,ypos:0.000000,xspeed:-1.140000,yspeed:0.180000,angle:-9.610000,distense:92.800000,rcs:19.000000
timestame:1619470665.481000000,objid:1,type:0,xpos:0.000000,ypos:0.000000,xspeed:-1.050000,yspeed:-3.820000,angle:-7.810000,distense:109.200000,rcs:12.000000
timestame:1619470665.481000000,objid:3,type:0,xpos:0.000000,ypos:0.000000,xspeed:-1.670000,yspeed:-0.170000,angle:-8.310000,distense:103.400000,rcs:6.000000
