timestame:1619469568.262000000,objid:2,type:0,xpos:0.000000,ypos:0.000000,xspeed:-1.340000,yspeed:-3.780000,angle:-9.230000,distense:36.600000,rcs:33.000000
timestame:1619469568.262000000,objid:8,type:0,xpos:0.000000,ypos:0.000000,xspeed:3.390000,yspeed:-7.090000,angle:-4.180000,distense:62.600000,rcs:6.000000
timestame:1619469568.262000000,objid:11,type:0,xpos:0.000000,ypos:0.000000,xspeed:-2.580000,yspeed:-5.360000,angle:-18.000000,distense:34.000000,rcs:28.000000
