timestame:1619471364.259000000,objid:1,type:0,xpos:0.000000,ypos:0.000000,xspeed:4.110000,yspeed:0.490000,angle:4.320000,distense:95.600000,rcs:16.000000
timestame:1619471364.259000000,objid:2,type:0,xpos:0.000000,ypos:0.000000,xspeed:6.820000,yspeed:-0.290000,angle:3.800000,distense:99.000000,rcs:6.000000
timestame:1619471364.259000000,objid:4,type:0,xpos:0.000000,ypos:0.000000,xspeed:6.590000,yspeed:0.030000,angle:4.770000,distense:92.400000,rcs:23.000000
timestame:1619471364.259000000,objid:7,type:0,xpos:0.000000,ypos:0.000000,xspeed:10.730000,yspeed:0.190000,angle:1.560000,distense:120.000000,rcs:18.000000
