timestame:1619470499.419000000,objid:2,type:0,xpos:0.000000,ypos:0.000000,xspeed:-1.290000,yspeed:-1.830000,angle:-18.000000,distense:39.200000,rcs:29.000000
timestame:1619470499.419000000,objid:4,type:0,xpos:0.000000,ypos:0.000000,xspeed:3.550000,yspeed:-3.740000,angle:14.650000,distense:45.400000,rcs:23.000000
timestame:1619470499.419000000,objid:7,type:0,xpos:0.000000,ypos:0.000000,xspeed:-1.720000,yspeed:-1.990000,angle:-18.000000,distense:45.400000,rcs:15.000000
