timestame:1619471422.923000000,objid:1,type:0,xpos:0.000000,ypos:0.000000,xspeed:-5.300000,yspeed:-0.850000,angle:-7.570000,distense:110.800000,rcs:9.000000
timestame:1619471422.923000000,objid:9,type:0,xpos:0.000000,ypos:0.000000,xspeed:-5.850000,yspeed:0.070000,angle:-4.980000,distense:126.600000,rcs:20.000000
timestame:1619471422.923000000,objid:12,type:0,xpos:0.000000,ypos:0.000000,xspeed:-4.900000,yspeed:-0.160000,angle:-8.990000,distense:101.800000,rcs:16.000000
