timestame:1619470790.089000000,objid:0,type:0,xpos:0.000000,ypos:0.000000,xspeed:1.840000,yspeed:0.080000,angle:1.290000,distense:17.600000,rcs:24.000000
timestame:1619470790.089000000,objid:2,type:0,xpos:0.000000,ypos:0.000000,xspeed:-7.270000,yspeed:-3.630000,angle:-2.250000,distense:49.400000,rcs:6.000000
