timestame:1619470762.770000000,objid:0,type:0,xpos:0.000000,ypos:0.000000,xspeed:-3.520000,yspeed:-3.310000,angle:-18.000000,distense:32.000000,rcs:6.000000
timestame:1619470762.770000000,objid:1,type:0,xpos:0.000000,ypos:0.000000,xspeed:-1.740000,yspeed:-2.250000,angle:-18.000000,distense:35.800000,rcs:13.000000
timestame:1619470762.770000000,objid:4,type:0,xpos:0.000000,ypos:0.000000,xspeed:-2.300000,yspeed:-2.190000,angle:-18.000000,distense:34.200000,rcs:27.000000
timestame:1619470762.770000000,objid:9,type:0,xpos:0.000000,ypos:0.000000,xspeed:5.340000,yspeed:0.390000,angle:2.210000,distense:24.200000,rcs:33.000000
