timestame:1619469698.137000000,objid:2,type:0,xpos:0.000000,ypos:0.000000,xspeed:-2.450000,yspeed:-3.440000,angle:-18.000000,distense:42.400000,rcs:19.000000
timestame:1619469698.137000000,objid:5,type:0,xpos:0.000000,ypos:0.000000,xspeed:-8.780000,yspeed:-7.440000,angle:-18.000000,distense:41.600000,rcs:29.000000
timestame:1619469698.137000000,objid:7,type:0,xpos:0.000000,ypos:0.000000,xspeed:4.450000,yspeed:8.340000,angle:9.550000,distense:111.600000,rcs:6.000000
timestame:1619469698.137000000,objid:13,type:0,xpos:0.000000,ypos:0.000000,xspeed:-15.140000,yspeed:0.400000,angle:-13.820000,distense:41.400000,rcs:28.000000
