timestame:1619470057.932000000,objid:0,type:0,xpos:0.000000,ypos:0.000000,xspeed:-12.660000,yspeed:1.170000,angle:-3.860000,distense:104.800000,rcs:18.000000
timestame:1619470057.932000000,objid:5,type:0,xpos:0.000000,ypos:0.000000,xspeed:9.420000,yspeed:0.320000,angle:2.760000,distense:166.200000,rcs:25.000000
