timestame:1619469684.882000000,objid:1,type:0,xpos:0.000000,ypos:0.000000,xspeed:-1.500000,yspeed:3.600000,angle:-15.230000,distense:50.000000,rcs:9.000000
timestame:1619469684.882000000,objid:2,type:0,xpos:0.000000,ypos:0.000000,xspeed:-1.720000,yspeed:5.290000,angle:-18.000000,distense:49.600000,rcs:9.000000
timestame:1619469684.882000000,objid:3,type:0,xpos:0.000000,ypos:0.000000,xspeed:-1.950000,yspeed:0.120000,angle:19.830000,distense:49.200000,rcs:15.000000
timestame:1619469684.882000000,objid:4,type:0,xpos:0.000000,ypos:0.000000,xspeed:-2.260000,yspeed:6.690000,angle:-18.000000,distense:50.800000,rcs:15.000000
