timestame:1619471559.196000000,objid:3,type:0,xpos:0.000000,ypos:0.000000,xspeed:-1.920000,yspeed:1.370000,angle:-0.010000,distense:38.000000,rcs:25.000000
timestame:1619471559.196000000,objid:7,type:0,xpos:0.000000,ypos:0.000000,xspeed:-2.410000,yspeed:-1.480000,angle:-18.000000,distense:31.800000,rcs:13.000000
timestame:1619471559.196000000,objid:12,type:0,xpos:0.000000,ypos:0.000000,xspeed:2.500000,yspeed:2.330000,angle:-13.400000,distense:37.200000,rcs:22.000000
timestame:1619471559.196000000,objid:13,type:0,xpos:0.000000,ypos:0.000000,xspeed:-1.120000,yspeed:-0.170000,angle:1.560000,distense:44.600000,rcs:12.000000
