timestame:1619471211.415000000,objid:4,type:0,xpos:0.000000,ypos:0.000000,xspeed:-8.760000,yspeed:-0.380000,angle:-18.000000,distense:44.800000,rcs:15.000000
timestame:1619471211.415000000,objid:5,type:0,xpos:0.000000,ypos:0.000000,xspeed:-6.370000,yspeed:-0.520000,angle:-18.000000,distense:42.800000,rcs:9.000000
