timestame:1619470194.307000000,objid:1,type:0,xpos:0.000000,ypos:0.000000,xspeed:1.640000,yspeed:1.060000,angle:6.390000,distense:141.000000,rcs:21.000000
timestame:1619470194.307000000,objid:2,type:0,xpos:0.000000,ypos:0.000000,xspeed:-2.730000,yspeed:11.260000,angle:-6.360000,distense:44.200000,rcs:6.000000
timestame:1619470194.307000000,objid:4,type:0,xpos:0.000000,ypos:0.000000,xspeed:-3.820000,yspeed:7.740000,angle:6.950000,distense:152.600000,rcs:6.000000
