timestame:1619471150.267000000,objid:1,type:0,xpos:0.000000,ypos:0.000000,xspeed:-1.260000,yspeed:5.980000,angle:-11.610000,distense:42.400000,rcs:6.000000
timestame:1619471150.267000000,objid:2,type:0,xpos:0.000000,ypos:0.000000,xspeed:-2.250000,yspeed:3.460000,angle:-12.710000,distense:43.000000,rcs:19.000000
timestame:1619471150.267000000,objid:3,type:0,xpos:0.000000,ypos:0.000000,xspeed:11.410000,yspeed:-4.960000,angle:-17.690000,distense:53.600000,rcs:13.000000
