timestame:1619470042.234000000,objid:1,type:0,xpos:0.000000,ypos:0.000000,xspeed:12.700000,yspeed:-0.030000,angle:1.100000,distense:161.600000,rcs:9.000000
timestame:1619470042.234000000,objid:3,type:0,xpos:0.000000,ypos:0.000000,xspeed:13.610000,yspeed:0.110000,angle:1.470000,distense:135.800000,rcs:13.000000
timestame:1619470042.234000000,objid:4,type:0,xpos:0.000000,ypos:0.000000,xspeed:8.200000,yspeed:-0.680000,angle:4.090000,distense:57.600000,rcs:6.000000
timestame:1619470042.234000000,objid:5,type:0,xpos:0.000000,ypos:0.000000,xspeed:4.570000,yspeed:0.080000,angle:6.050000,distense:43.400000,rcs:35.000000
