timestame:1619470286.708000000,objid:2,type:0,xpos:0.000000,ypos:0.000000,xspeed:-12.850000,yspeed:-0.250000,angle:-8.060000,distense:108.800000,rcs:20.000000
timestame:1619470286.708000000,objid:5,type:0,xpos:0.000000,ypos:0.000000,xspeed:-5.580000,yspeed:-0.400000,angle:-18.000000,distense:44.000000,rcs:24.000000
timestame:1619470286.708000000,objid:7,type:0,xpos:0.000000,ypos:0.000000,xspeed:-5.110000,yspeed:-0.320000,angle:-18.000000,distense:39.400000,rcs:26.000000
timestame:1619470286.708000000,objid:11,type:0,xpos:0.000000,ypos:0.000000,xspeed:-5.340000,yspeed:-0.220000,angle:-18.000000,distense:33.200000,rcs:19.000000
