timestame:1619471254.117000000,objid:1,type:0,xpos:0.000000,ypos:0.000000,xspeed:3.680000,yspeed:2.610000,angle:5.150000,distense:86.000000,rcs:15.000000
timestame:1619471254.117000000,objid:3,type:0,xpos:0.000000,ypos:0.000000,xspeed:-16.140000,yspeed:-0.300000,angle:-7.300000,distense:114.800000,rcs:13.000000
