timestame:1619470610.737000000,objid:3,type:0,xpos:0.000000,ypos:0.000000,xspeed:4.110000,yspeed:5.790000,angle:-15.360000,distense:33.000000,rcs:13.000000
timestame:1619470610.737000000,objid:4,type:0,xpos:0.000000,ypos:0.000000,xspeed:2.690000,yspeed:-9.960000,angle:-17.130000,distense:29.200000,rcs:16.000000
