timestame:1619470840.804000000,objid:3,type:0,xpos:0.000000,ypos:0.000000,xspeed:2.660000,yspeed:2.620000,angle:-11.000000,distense:42.200000,rcs:6.000000
timestame:1619470840.804000000,objid:7,type:0,xpos:0.000000,ypos:0.000000,xspeed:13.350000,yspeed:0.440000,angle:2.410000,distense:214.800000,rcs:16.000000
