timestame:1619470464.441000000,objid:0,type:0,xpos:0.000000,ypos:0.000000,xspeed:-13.610000,yspeed:-0.680000,angle:-17.100000,distense:46.600000,rcs:22.000000
timestame:1619470464.441000000,objid:2,type:0,xpos:0.000000,ypos:0.000000,xspeed:5.860000,yspeed:-0.050000,angle:2.940000,distense:201.600000,rcs:9.000000
