timestame:1619470216.369000000,objid:2,type:0,xpos:0.000000,ypos:0.000000,xspeed:-4.820000,yspeed:5.130000,angle:1.870000,distense:40.000000,rcs:15.000000
timestame:1619470216.369000000,objid:7,type:0,xpos:0.000000,ypos:0.000000,xspeed:-2.430000,yspeed:6.580000,angle:-1.000000,distense:41.200000,rcs:6.000000
timestame:1619470216.369000000,objid:13,type:0,xpos:0.000000,ypos:0.000000,xspeed:-7.540000,yspeed:-12.500000,angle:-18.000000,distense:50.600000,rcs:6.000000
