timestame:1619470839.689000000,objid:2,type:0,xpos:0.000000,ypos:0.000000,xspeed:3.870000,yspeed:2.260000,angle:-16.580000,distense:40.000000,rcs:19.000000
timestame:1619470839.689000000,objid:3,type:0,xpos:0.000000,ypos:0.000000,xspeed:2.880000,yspeed:1.930000,angle:-13.730000,distense:37.800000,rcs:22.000000
timestame:1619470839.689000000,objid:7,type:0,xpos:0.000000,ypos:0.000000,xspeed:13.160000,yspeed:0.300000,angle:2.360000,distense:199.400000,rcs:24.000000
