timestame:1619469645.176000000,objid:2,type:0,xpos:0.000000,ypos:0.000000,xspeed:12.750000,yspeed:0.820000,angle:5.520000,distense:67.400000,rcs:31.000000
timestame:1619469645.176000000,objid:6,type:0,xpos:0.000000,ypos:0.000000,xspeed:12.210000,yspeed:0.560000,angle:5.140000,distense:76.800000,rcs:16.000000
timestame:1619469645.176000000,objid:13,type:0,xpos:0.000000,ypos:0.000000,xspeed:15.100000,yspeed:0.490000,angle:2.190000,distense:122.600000,rcs:35.000000
timestame:1619469645.176000000,objid:14,type:0,xpos:0.000000,ypos:0.000000,xspeed:12.720000,yspeed:0.390000,angle:5.790000,distense:64.200000,rcs:29.000000
