timestame:1619470464.318000000,objid:0,type:0,xpos:0.000000,ypos:0.000000,xspeed:-13.700000,yspeed:-0.610000,angle:-16.350000,distense:48.000000,rcs:22.000000
timestame:1619470464.318000000,objid:2,type:0,xpos:0.000000,ypos:0.000000,xspeed:5.890000,yspeed:0.000000,angle:2.980000,distense:201.000000,rcs:9.000000
