timestame:1619471532.275000000,objid:4,type:0,xpos:0.000000,ypos:0.000000,xspeed:-13.630000,yspeed:0.400000,angle:-2.600000,distense:192.000000,rcs:12.000000
timestame:1619471532.275000000,objid:6,type:0,xpos:0.000000,ypos:0.000000,xspeed:1.310000,yspeed:4.880000,angle:10.210000,distense:42.200000,rcs:19.000000
timestame:1619471532.275000000,objid:7,type:0,xpos:0.000000,ypos:0.000000,xspeed:4.960000,yspeed:-6.260000,angle:13.160000,distense:53.600000,rcs:19.000000
timestame:1619471532.275000000,objid:10,type:0,xpos:0.000000,ypos:0.000000,xspeed:-15.980000,yspeed:0.870000,angle:-2.730000,distense:198.600000,rcs:13.000000
