timestame:1619470535.285000000,objid:0,type:0,xpos:0.000000,ypos:0.000000,xspeed:5.690000,yspeed:1.230000,angle:16.770000,distense:29.200000,rcs:26.000000
timestame:1619470535.285000000,objid:1,type:0,xpos:0.000000,ypos:0.000000,xspeed:-13.860000,yspeed:-14.720000,angle:-18.000000,distense:39.000000,rcs:6.000000
