timestame:1619470496.502000000,objid:0,type:0,xpos:0.000000,ypos:0.000000,xspeed:-4.820000,yspeed:-6.040000,angle:21.550000,distense:43.800000,rcs:28.000000
timestame:1619470496.502000000,objid:2,type:0,xpos:0.000000,ypos:0.000000,xspeed:-1.640000,yspeed:-6.080000,angle:-12.470000,distense:41.200000,rcs:42.000000
timestame:1619470496.502000000,objid:6,type:0,xpos:0.000000,ypos:0.000000,xspeed:-1.250000,yspeed:5.570000,angle:-12.100000,distense:46.400000,rcs:19.000000
timestame:1619470496.502000000,objid:7,type:0,xpos:0.000000,ypos:0.000000,xspeed:-4.630000,yspeed:7.200000,angle:-10.720000,distense:48.800000,rcs:12.000000
