timestame:1619471138.296000000,objid:0,type:0,xpos:0.000000,ypos:0.000000,xspeed:-1.350000,yspeed:3.020000,angle:-11.070000,distense:41.800000,rcs:12.000000
timestame:1619471138.296000000,objid:4,type:0,xpos:0.000000,ypos:0.000000,xspeed:2.870000,yspeed:-0.700000,angle:7.640000,distense:46.800000,rcs:6.000000
timestame:1619471138.296000000,objid:9,type:0,xpos:0.000000,ypos:0.000000,xspeed:4.710000,yspeed:1.510000,angle:7.180000,distense:43.400000,rcs:29.000000
