timestame:1619470101.704000000,objid:1,type:0,xpos:0.000000,ypos:0.000000,xspeed:22.720000,yspeed:0.000000,angle:-5.680000,distense:56.600000,rcs:12.000000
timestame:1619470101.704000000,objid:5,type:0,xpos:0.000000,ypos:0.000000,xspeed:4.230000,yspeed:3.170000,angle:-15.590000,distense:42.200000,rcs:6.000000
timestame:1619470101.704000000,objid:9,type:0,xpos:0.000000,ypos:0.000000,xspeed:2.350000,yspeed:-10.760000,angle:-3.200000,distense:50.800000,rcs:6.000000
timestame:1619470101.704000000,objid:11,type:0,xpos:0.000000,ypos:0.000000,xspeed:3.450000,yspeed:0.630000,angle:11.560000,distense:15.400000,rcs:30.000000
