timestame:1619469556.935000000,objid:4,type:0,xpos:0.000000,ypos:0.000000,xspeed:-1.530000,yspeed:6.470000,angle:4.790000,distense:41.200000,rcs:13.000000
timestame:1619469556.935000000,objid:5,type:0,xpos:0.000000,ypos:0.000000,xspeed:-2.320000,yspeed:7.550000,angle:10.440000,distense:40.400000,rcs:30.000000
timestame:1619469556.935000000,objid:10,type:0,xpos:0.000000,ypos:0.000000,xspeed:1.040000,yspeed:-5.240000,angle:1.150000,distense:50.200000,rcs:20.000000
