timestame:1619471533.446000000,objid:2,type:0,xpos:0.000000,ypos:0.000000,xspeed:-14.980000,yspeed:-5.840000,angle:-3.690000,distense:172.400000,rcs:13.000000
timestame:1619471533.446000000,objid:4,type:0,xpos:0.000000,ypos:0.000000,xspeed:-12.970000,yspeed:-2.050000,angle:-3.790000,distense:176.400000,rcs:13.000000
timestame:1619471533.446000000,objid:6,type:0,xpos:0.000000,ypos:0.000000,xspeed:2.500000,yspeed:2.870000,angle:12.870000,distense:46.400000,rcs:31.000000
timestame:1619471533.446000000,objid:10,type:0,xpos:0.000000,ypos:0.000000,xspeed:-13.390000,yspeed:-0.770000,angle:-3.740000,distense:183.600000,rcs:6.000000
