timestame:1619469712.393000000,objid:1,type:0,xpos:0.000000,ypos:0.000000,xspeed:-4.010000,yspeed:-1.690000,angle:-18.000000,distense:29.800000,rcs:6.000000
timestame:1619469712.393000000,objid:3,type:0,xpos:0.000000,ypos:0.000000,xspeed:12.350000,yspeed:-1.410000,angle:2.070000,distense:122.200000,rcs:13.000000
timestame:1619469712.393000000,objid:4,type:0,xpos:0.000000,ypos:0.000000,xspeed:-5.050000,yspeed:-2.270000,angle:-18.000000,distense:27.800000,rcs:6.000000
timestame:1619469712.393000000,objid:6,type:0,xpos:0.000000,ypos:0.000000,xspeed:-1.350000,yspeed:6.220000,angle:-5.010000,distense:38.600000,rcs:21.000000
