timestame:1619469752.492000000,objid:1,type:0,xpos:0.000000,ypos:0.000000,xspeed:5.400000,yspeed:2.490000,angle:21.570000,distense:34.600000,rcs:13.000000
timestame:1619469752.492000000,objid:2,type:0,xpos:0.000000,ypos:0.000000,xspeed:30.850000,yspeed:-19.580000,angle:22.320000,distense:51.400000,rcs:6.000000
