timestame:1619470042.917000000,objid:1,type:0,xpos:0.000000,ypos:0.000000,xspeed:13.020000,yspeed:0.000000,angle:1.060000,distense:171.600000,rcs:6.000000
timestame:1619470042.917000000,objid:3,type:0,xpos:0.000000,ypos:0.000000,xspeed:13.700000,yspeed:0.070000,angle:1.360000,distense:145.800000,rcs:15.000000
timestame:1619470042.917000000,objid:4,type:0,xpos:0.000000,ypos:0.000000,xspeed:8.390000,yspeed:0.330000,angle:4.310000,distense:63.800000,rcs:6.000000
timestame:1619470042.917000000,objid:5,type:0,xpos:0.000000,ypos:0.000000,xspeed:4.820000,yspeed:0.210000,angle:5.910000,distense:47.400000,rcs:38.000000
