timestame:1619470059.113000000,objid:0,type:0,xpos:0.000000,ypos:0.000000,xspeed:-12.810000,yspeed:0.380000,angle:-4.540000,distense:90.000000,rcs:19.000000
timestame:1619470059.113000000,objid:5,type:0,xpos:0.000000,ypos:0.000000,xspeed:9.390000,yspeed:0.370000,angle:2.780000,distense:176.800000,rcs:15.000000
