timestame:1619470565.986000000,objid:0,type:0,xpos:0.000000,ypos:0.000000,xspeed:6.510000,yspeed:2.210000,angle:20.420000,distense:32.400000,rcs:24.000000
timestame:1619470565.986000000,objid:2,type:0,xpos:0.000000,ypos:0.000000,xspeed:-9.550000,yspeed:-4.330000,angle:-16.000000,distense:17.600000,rcs:26.000000
timestame:1619470565.986000000,objid:3,type:0,xpos:0.000000,ypos:0.000000,xspeed:13.060000,yspeed:0.170000,angle:1.380000,distense:133.200000,rcs:15.000000
