timestame:1619469712.332000000,objid:1,type:0,xpos:0.000000,ypos:0.000000,xspeed:-4.010000,yspeed:-1.690000,angle:-18.000000,distense:30.000000,rcs:6.000000
timestame:1619469712.332000000,objid:3,type:0,xpos:0.000000,ypos:0.000000,xspeed:12.250000,yspeed:-1.450000,angle:2.140000,distense:120.600000,rcs:9.000000
timestame:1619469712.332000000,objid:4,type:0,xpos:0.000000,ypos:0.000000,xspeed:-5.360000,yspeed:-2.450000,angle:-18.000000,distense:27.800000,rcs:9.000000
timestame:1619469712.332000000,objid:6,type:0,xpos:0.000000,ypos:0.000000,xspeed:-1.450000,yspeed:6.310000,angle:-5.940000,distense:38.600000,rcs:25.000000
