timestame:1619470929.413000000,objid:5,type:0,xpos:0.000000,ypos:0.000000,xspeed:-1.040000,yspeed:-0.400000,angle:14.560000,distense:12.200000,rcs:27.000000
timestame:1619470929.413000000,objid:6,type:0,xpos:0.000000,ypos:0.000000,xspeed:-23.900000,yspeed:0.000000,angle:-11.070000,distense:82.200000,rcs:19.000000
