timestame:1619471056.843000000,objid:10,type:0,xpos:0.000000,ypos:0.000000,xspeed:-2.510000,yspeed:-2.240000,angle:-18.000000,distense:32.200000,rcs:19.000000
timestame:1619471056.843000000,objid:13,type:0,xpos:0.000000,ypos:0.000000,xspeed:1.440000,yspeed:-7.770000,angle:-10.090000,distense:63.400000,rcs:16.000000
timestame:1619471056.843000000,objid:14,type:0,xpos:0.000000,ypos:0.000000,xspeed:-1.900000,yspeed:-2.870000,angle:-18.000000,distense:35.200000,rcs:16.000000
