timestame:1619469529.113000000,objid:1,type:0,xpos:0.000000,ypos:0.000000,xspeed:1.890000,yspeed:-3.530000,angle:-18.000000,distense:67.000000,rcs:20.000000
timestame:1619469529.113000000,objid:2,type:0,xpos:0.000000,ypos:0.000000,xspeed:2.770000,yspeed:-3.480000,angle:-18.000000,distense:68.000000,rcs:9.000000
timestame:1619469529.113000000,objid:4,type:0,xpos:0.000000,ypos:0.000000,xspeed:2.270000,yspeed:-3.410000,angle:-18.000000,distense:71.800000,rcs:9.000000
timestame:1619469529.113000000,objid:11,type:0,xpos:0.000000,ypos:0.000000,xspeed:1.240000,yspeed:-4.600000,angle:-18.000000,distense:77.600000,rcs:6.000000
