timestame:1619469537.692000000,objid:4,type:0,xpos:0.000000,ypos:0.000000,xspeed:16.970000,yspeed:0.330000,angle:1.750000,distense:125.200000,rcs:6.000000
timestame:1619469537.692000000,objid:7,type:0,xpos:0.000000,ypos:0.000000,xspeed:17.070000,yspeed:0.240000,angle:1.370000,distense:132.800000,rcs:9.000000
