timestame:1619469620.624000000,objid:1,type:0,xpos:0.000000,ypos:0.000000,xspeed:-2.580000,yspeed:0.140000,angle:-13.800000,distense:68.400000,rcs:23.000000
timestame:1619469620.624000000,objid:2,type:0,xpos:0.000000,ypos:0.000000,xspeed:-4.650000,yspeed:-1.150000,angle:-12.270000,distense:79.600000,rcs:22.000000
timestame:1619469620.624000000,objid:4,type:0,xpos:0.000000,ypos:0.000000,xspeed:-15.850000,yspeed:0.590000,angle:-5.640000,distense:102.000000,rcs:13.000000
timestame:1619469620.624000000,objid:5,type:0,xpos:0.000000,ypos:0.000000,xspeed:-7.700000,yspeed:0.060000,angle:-12.820000,distense:163.200000,rcs:6.000000
