timestame:1619470164.944000000,objid:3,type:0,xpos:0.000000,ypos:0.000000,xspeed:6.130000,yspeed:0.360000,angle:7.030000,distense:51.600000,rcs:28.000000
timestame:1619470164.944000000,objid:6,type:0,xpos:0.000000,ypos:0.000000,xspeed:1.880000,yspeed:0.250000,angle:1.750000,distense:23.800000,rcs:32.000000
