timestame:1619470702.067000000,objid:0,type:0,xpos:0.000000,ypos:0.000000,xspeed:4.660000,yspeed:2.380000,angle:20.010000,distense:28.000000,rcs:27.000000
timestame:1619470702.067000000,objid:1,type:0,xpos:0.000000,ypos:0.000000,xspeed:10.000000,yspeed:-0.060000,angle:3.260000,distense:117.600000,rcs:16.000000
timestame:1619470702.067000000,objid:2,type:0,xpos:0.000000,ypos:0.000000,xspeed:-8.840000,yspeed:0.020000,angle:-12.750000,distense:87.600000,rcs:16.000000
