timestame:1619469707.737000000,objid:3,type:0,xpos:0.000000,ypos:0.000000,xspeed:8.440000,yspeed:0.000000,angle:10.990000,distense:67.400000,rcs:9.000000
timestame:1619469707.737000000,objid:5,type:0,xpos:0.000000,ypos:0.000000,xspeed:-1.840000,yspeed:-0.850000,angle:-18.000000,distense:36.600000,rcs:23.000000
timestame:1619469707.737000000,objid:6,type:0,xpos:0.000000,ypos:0.000000,xspeed:-3.270000,yspeed:-1.390000,angle:-18.000000,distense:32.400000,rcs:15.000000
timestame:1619469707.737000000,objid:8,type:0,xpos:0.000000,ypos:0.000000,xspeed:2.530000,yspeed:-4.420000,angle:-15.330000,distense:40.800000,rcs:31.000000
