timestame:1619469889.594000000,objid:2,type:0,xpos:0.000000,ypos:0.000000,xspeed:-3.650000,yspeed:-0.170000,angle:-13.180000,distense:58.400000,rcs:24.000000
timestame:1619469889.594000000,objid:5,type:0,xpos:0.000000,ypos:0.000000,xspeed:-2.780000,yspeed:-0.210000,angle:-17.180000,distense:59.200000,rcs:21.000000
timestame:1619469889.594000000,objid:16,type:0,xpos:0.000000,ypos:0.000000,xspeed:-3.530000,yspeed:-0.260000,angle:-10.940000,distense:69.200000,rcs:22.000000
