timestame:1619469588.117000000,objid:1,type:0,xpos:0.000000,ypos:0.000000,xspeed:-1.220000,yspeed:-2.010000,angle:-11.450000,distense:84.800000,rcs:22.000000
timestame:1619469588.117000000,objid:6,type:0,xpos:0.000000,ypos:0.000000,xspeed:-1.050000,yspeed:0.580000,angle:-9.230000,distense:94.200000,rcs:13.000000
