timestame:1619471432.421000000,objid:0,type:0,xpos:0.000000,ypos:0.000000,xspeed:-2.490000,yspeed:10.430000,angle:-18.000000,distense:53.200000,rcs:6.000000
timestame:1619471432.421000000,objid:2,type:0,xpos:0.000000,ypos:0.000000,xspeed:1.310000,yspeed:-5.470000,angle:7.690000,distense:42.000000,rcs:20.000000
timestame:1619471432.421000000,objid:6,type:0,xpos:0.000000,ypos:0.000000,xspeed:-10.670000,yspeed:3.020000,angle:-6.760000,distense:89.200000,rcs:25.000000
timestame:1619471432.421000000,objid:15,type:0,xpos:0.000000,ypos:0.000000,xspeed:-3.170000,yspeed:-0.160000,angle:-6.720000,distense:94.400000,rcs:26.000000
