timestame:1619471229.687000000,objid:0,type:0,xpos:0.000000,ypos:0.000000,xspeed:6.280000,yspeed:0.430000,angle:2.430000,distense:93.000000,rcs:9.000000
timestame:1619471229.687000000,objid:1,type:0,xpos:0.000000,ypos:0.000000,xspeed:3.540000,yspeed:-4.860000,angle:-18.000000,distense:62.000000,rcs:15.000000
timestame:1619471229.687000000,objid:9,type:0,xpos:0.000000,ypos:0.000000,xspeed:6.480000,yspeed:0.140000,angle:2.070000,distense:84.400000,rcs:38.000000
