timestame:1619470481.763000000,objid:1,type:0,xpos:0.000000,ypos:0.000000,xspeed:-4.890000,yspeed:-0.050000,angle:-7.350000,distense:90.800000,rcs:20.000000
timestame:1619470481.763000000,objid:2,type:0,xpos:0.000000,ypos:0.000000,xspeed:1.680000,yspeed:-0.170000,angle:11.060000,distense:82.200000,rcs:6.000000
timestame:1619470481.763000000,objid:6,type:0,xpos:0.000000,ypos:0.000000,xspeed:-7.110000,yspeed:-2.230000,angle:-7.070000,distense:96.400000,rcs:15.000000
