timestame:1619470493.947000000,objid:2,type:0,xpos:0.000000,ypos:0.000000,xspeed:1.090000,yspeed:-5.200000,angle:10.000000,distense:56.200000,rcs:19.000000
timestame:1619470493.947000000,objid:3,type:0,xpos:0.000000,ypos:0.000000,xspeed:1.370000,yspeed:-3.840000,angle:4.950000,distense:45.600000,rcs:27.000000
