timestame:1619471136.684000000,objid:4,type:0,xpos:0.000000,ypos:0.000000,xspeed:3.630000,yspeed:-1.500000,angle:10.100000,distense:42.600000,rcs:32.000000
timestame:1619471136.684000000,objid:6,type:0,xpos:0.000000,ypos:0.000000,xspeed:-2.360000,yspeed:-0.140000,angle:17.170000,distense:48.600000,rcs:25.000000
