timestame:1619471062.257000000,objid:0,type:0,xpos:0.000000,ypos:0.000000,xspeed:-7.650000,yspeed:1.000000,angle:-4.690000,distense:129.000000,rcs:12.000000
timestame:1619471062.257000000,objid:8,type:0,xpos:0.000000,ypos:0.000000,xspeed:-1.230000,yspeed:3.140000,angle:-0.350000,distense:35.200000,rcs:19.000000
timestame:1619471062.257000000,objid:9,type:0,xpos:0.000000,ypos:0.000000,xspeed:-1.670000,yspeed:-0.280000,angle:-9.750000,distense:76.800000,rcs:18.000000
