timestame:1619471408.136000000,objid:1,type:0,xpos:0.000000,ypos:0.000000,xspeed:-1.170000,yspeed:0.000000,angle:-5.110000,distense:42.200000,rcs:40.000000
timestame:1619471408.136000000,objid:5,type:0,xpos:0.000000,ypos:0.000000,xspeed:-1.310000,yspeed:8.980000,angle:-12.450000,distense:42.600000,rcs:6.000000
timestame:1619471408.136000000,objid:7,type:0,xpos:0.000000,ypos:0.000000,xspeed:-1.410000,yspeed:-2.890000,angle:-8.820000,distense:41.400000,rcs:27.000000
timestame:1619471408.136000000,objid:12,type:0,xpos:0.000000,ypos:0.000000,xspeed:-10.120000,yspeed:1.340000,angle:-3.360000,distense:204.800000,rcs:15.000000
