timestame:1619471259.257000000,objid:2,type:0,xpos:0.000000,ypos:0.000000,xspeed:12.230000,yspeed:0.610000,angle:5.480000,distense:64.800000,rcs:38.000000
timestame:1619471259.257000000,objid:3,type:0,xpos:0.000000,ypos:0.000000,xspeed:-14.870000,yspeed:-0.560000,angle:-18.000000,distense:42.200000,rcs:21.000000
timestame:1619471259.257000000,objid:6,type:0,xpos:0.000000,ypos:0.000000,xspeed:12.330000,yspeed:0.120000,angle:5.220000,distense:77.000000,rcs:22.000000
timestame:1619471259.257000000,objid:10,type:0,xpos:0.000000,ypos:0.000000,xspeed:12.290000,yspeed:0.600000,angle:5.980000,distense:53.000000,rcs:29.000000
