timestame:1619469625.358000000,objid:1,type:0,xpos:0.000000,ypos:0.000000,xspeed:-4.510000,yspeed:-0.200000,angle:-18.000000,distense:48.400000,rcs:19.000000
timestame:1619469625.358000000,objid:2,type:0,xpos:0.000000,ypos:0.000000,xspeed:-4.300000,yspeed:0.100000,angle:-15.970000,distense:61.400000,rcs:15.000000
timestame:1619469625.358000000,objid:4,type:0,xpos:0.000000,ypos:0.000000,xspeed:-12.930000,yspeed:-0.500000,angle:-18.000000,distense:41.200000,rcs:15.000000
timestame:1619469625.358000000,objid:5,type:0,xpos:0.000000,ypos:0.000000,xspeed:-1.640000,yspeed:1.800000,angle:-12.650000,distense:70.400000,rcs:12.000000
