timestame:1619469625.112000000,objid:1,type:0,xpos:0.000000,ypos:0.000000,xspeed:-4.470000,yspeed:-0.240000,angle:-18.000000,distense:49.400000,rcs:28.000000
timestame:1619469625.112000000,objid:2,type:0,xpos:0.000000,ypos:0.000000,xspeed:-4.340000,yspeed:-0.010000,angle:-15.920000,distense:62.200000,rcs:19.000000
timestame:1619469625.112000000,objid:4,type:0,xpos:0.000000,ypos:0.000000,xspeed:-13.040000,yspeed:-0.450000,angle:-16.830000,distense:44.000000,rcs:22.000000
timestame:1619469625.112000000,objid:5,type:0,xpos:0.000000,ypos:0.000000,xspeed:-1.640000,yspeed:1.800000,angle:-12.920000,distense:70.800000,rcs:12.000000
