timestame:1619470228.960000000,objid:2,type:0,xpos:0.000000,ypos:0.000000,xspeed:-1.390000,yspeed:-2.950000,angle:-14.280000,distense:41.200000,rcs:28.000000
timestame:1619470228.960000000,objid:8,type:0,xpos:0.000000,ypos:0.000000,xspeed:-1.940000,yspeed:-2.630000,angle:-18.000000,distense:39.200000,rcs:9.000000
timestame:1619470228.960000000,objid:11,type:0,xpos:0.000000,ypos:0.000000,xspeed:-9.620000,yspeed:-3.920000,angle:-4.180000,distense:176.200000,rcs:13.000000
