timestame:1619469930.525000000,objid:0,type:0,xpos:0.000000,ypos:0.000000,xspeed:-3.880000,yspeed:2.310000,angle:-18.000000,distense:40.200000,rcs:9.000000
timestame:1619469930.525000000,objid:1,type:0,xpos:0.000000,ypos:0.000000,xspeed:7.980000,yspeed:0.290000,angle:1.520000,distense:202.800000,rcs:6.000000
timestame:1619469930.525000000,objid:8,type:0,xpos:0.000000,ypos:0.000000,xspeed:7.850000,yspeed:0.150000,angle:1.190000,distense:196.000000,rcs:28.000000
