timestame:1619469918.936000000,objid:1,type:0,xpos:0.000000,ypos:0.000000,xspeed:5.790000,yspeed:0.010000,angle:1.410000,distense:123.600000,rcs:19.000000
timestame:1619469918.936000000,objid:8,type:0,xpos:0.000000,ypos:0.000000,xspeed:5.770000,yspeed:0.080000,angle:1.520000,distense:116.800000,rcs:30.000000
