timestame:1619469565.292000000,objid:5,type:0,xpos:0.000000,ypos:0.000000,xspeed:-1.660000,yspeed:1.290000,angle:-8.480000,distense:50.000000,rcs:6.000000
timestame:1619469565.292000000,objid:6,type:0,xpos:0.000000,ypos:0.000000,xspeed:-11.080000,yspeed:0.000000,angle:-3.470000,distense:210.200000,rcs:12.000000
timestame:1619469565.292000000,objid:8,type:0,xpos:0.000000,ypos:0.000000,xspeed:-7.100000,yspeed:0.280000,angle:20.090000,distense:41.800000,rcs:22.000000
