timestame:1619469822.112000000,objid:1,type:0,xpos:0.000000,ypos:0.000000,xspeed:1.290000,yspeed:-7.070000,angle:-18.000000,distense:66.600000,rcs:6.000000
timestame:1619469822.112000000,objid:4,type:0,xpos:0.000000,ypos:0.000000,xspeed:-1.840000,yspeed:9.860000,angle:-8.910000,distense:42.800000,rcs:6.000000
timestame:1619469822.112000000,objid:11,type:0,xpos:0.000000,ypos:0.000000,xspeed:-4.740000,yspeed:0.260000,angle:-5.940000,distense:138.400000,rcs:13.000000
