timestame:1619471255.172000000,objid:0,type:0,xpos:0.000000,ypos:0.000000,xspeed:13.340000,yspeed:5.820000,angle:18.430000,distense:20.200000,rcs:23.000000
timestame:1619471255.172000000,objid:1,type:0,xpos:0.000000,ypos:0.000000,xspeed:4.480000,yspeed:2.540000,angle:6.400000,distense:92.000000,rcs:9.000000
timestame:1619471255.172000000,objid:3,type:0,xpos:0.000000,ypos:0.000000,xspeed:-15.890000,yspeed:-0.480000,angle:-8.920000,distense:99.200000,rcs:12.000000
timestame:1619471255.172000000,objid:4,type:0,xpos:0.000000,ypos:0.000000,xspeed:10.880000,yspeed:-0.840000,angle:9.710000,distense:18.400000,rcs:28.000000
