timestame:1619470832.203000000,objid:0,type:0,xpos:0.000000,ypos:0.000000,xspeed:5.010000,yspeed:-5.450000,angle:2.900000,distense:107.800000,rcs:23.000000
timestame:1619470832.203000000,objid:1,type:0,xpos:0.000000,ypos:0.000000,xspeed:9.560000,yspeed:0.110000,angle:2.950000,distense:115.400000,rcs:12.000000
timestame:1619470832.203000000,objid:3,type:0,xpos:0.000000,ypos:0.000000,xspeed:8.840000,yspeed:0.010000,angle:3.540000,distense:106.800000,rcs:21.000000
timestame:1619470832.203000000,objid:6,type:0,xpos:0.000000,ypos:0.000000,xspeed:12.470000,yspeed:-0.030000,angle:1.210000,distense:148.400000,rcs:12.000000
