timestame:1619469773.648000000,objid:1,type:0,xpos:0.000000,ypos:0.000000,xspeed:3.860000,yspeed:1.990000,angle:-15.710000,distense:31.600000,rcs:20.000000
timestame:1619469773.648000000,objid:7,type:0,xpos:0.000000,ypos:0.000000,xspeed:3.320000,yspeed:3.100000,angle:-11.820000,distense:41.400000,rcs:22.000000
