timestame:1619470649.560000000,objid:4,type:0,xpos:0.000000,ypos:0.000000,xspeed:-2.230000,yspeed:-2.510000,angle:-18.000000,distense:38.400000,rcs:19.000000
timestame:1619470649.560000000,objid:8,type:0,xpos:0.000000,ypos:0.000000,xspeed:-1.400000,yspeed:-6.490000,angle:-14.670000,distense:41.600000,rcs:30.000000
timestame:1619470649.560000000,objid:9,type:0,xpos:0.000000,ypos:0.000000,xspeed:-1.750000,yspeed:-3.360000,angle:-18.000000,distense:40.000000,rcs:29.000000
