timestame:1619470051.163000000,objid:0,type:0,xpos:0.000000,ypos:0.000000,xspeed:7.140000,yspeed:-0.050000,angle:3.310000,distense:113.800000,rcs:9.000000
timestame:1619470051.163000000,objid:5,type:0,xpos:0.000000,ypos:0.000000,xspeed:7.190000,yspeed:0.070000,angle:3.740000,distense:104.200000,rcs:27.000000
