timestame:1619470735.557000000,objid:1,type:0,xpos:0.000000,ypos:0.000000,xspeed:12.070000,yspeed:-0.200000,angle:1.580000,distense:93.200000,rcs:15.000000
timestame:1619470735.557000000,objid:6,type:0,xpos:0.000000,ypos:0.000000,xspeed:12.030000,yspeed:0.190000,angle:1.920000,distense:82.200000,rcs:30.000000
