timestame:1619471038.755000000,objid:1,type:0,xpos:0.000000,ypos:0.000000,xspeed:-2.820000,yspeed:-1.290000,angle:9.720000,distense:43.400000,rcs:37.000000
timestame:1619471038.755000000,objid:2,type:0,xpos:0.000000,ypos:0.000000,xspeed:-2.060000,yspeed:-2.070000,angle:-18.000000,distense:39.400000,rcs:15.000000
timestame:1619471038.755000000,objid:3,type:0,xpos:0.000000,ypos:0.000000,xspeed:1.270000,yspeed:-3.390000,angle:13.720000,distense:48.200000,rcs:15.000000
