timestame:1619469784.412000000,objid:2,type:0,xpos:0.000000,ypos:0.000000,xspeed:16.970000,yspeed:-0.130000,angle:0.930000,distense:168.000000,rcs:13.000000
timestame:1619469784.412000000,objid:4,type:0,xpos:0.000000,ypos:0.000000,xspeed:-17.550000,yspeed:-0.360000,angle:-6.800000,distense:126.400000,rcs:12.000000
timestame:1619469784.412000000,objid:5,type:0,xpos:0.000000,ypos:0.000000,xspeed:1.600000,yspeed:3.520000,angle:-1.690000,distense:47.800000,rcs:6.000000
timestame:1619469784.412000000,objid:10,type:0,xpos:0.000000,ypos:0.000000,xspeed:16.680000,yspeed:0.240000,angle:1.280000,distense:155.000000,rcs:26.000000
