timestame:1619470061.668000000,objid:1,type:0,xpos:0.000000,ypos:0.000000,xspeed:-20.850000,yspeed:-0.560000,angle:-5.390000,distense:138.000000,rcs:9.000000
timestame:1619470061.668000000,objid:2,type:0,xpos:0.000000,ypos:0.000000,xspeed:-9.160000,yspeed:-0.340000,angle:-6.270000,distense:71.600000,rcs:23.000000
timestame:1619470061.668000000,objid:4,type:0,xpos:0.000000,ypos:0.000000,xspeed:-5.300000,yspeed:-1.440000,angle:-7.150000,distense:69.600000,rcs:23.000000
timestame:1619470061.668000000,objid:5,type:0,xpos:0.000000,ypos:0.000000,xspeed:9.980000,yspeed:0.470000,angle:2.850000,distense:203.000000,rcs:25.000000
