timestame:1619470493.886000000,objid:2,type:0,xpos:0.000000,ypos:0.000000,xspeed:1.120000,yspeed:-5.230000,angle:10.250000,distense:56.200000,rcs:12.000000
timestame:1619470493.886000000,objid:3,type:0,xpos:0.000000,ypos:0.000000,xspeed:1.370000,yspeed:-3.840000,angle:5.250000,distense:45.600000,rcs:27.000000
