timestame:1619470112.983000000,objid:3,type:0,xpos:0.000000,ypos:0.000000,xspeed:24.770000,yspeed:7.020000,angle:20.230000,distense:43.000000,rcs:31.000000
timestame:1619470112.983000000,objid:7,type:0,xpos:0.000000,ypos:0.000000,xspeed:6.300000,yspeed:1.590000,angle:21.850000,distense:33.400000,rcs:25.000000
