timestame:1619469485.244000000,objid:1,type:0,xpos:0.000000,ypos:0.000000,xspeed:-4.740000,yspeed:-0.560000,angle:-12.980000,distense:70.800000,rcs:22.000000
timestame:1619469485.244000000,objid:3,type:0,xpos:0.000000,ypos:0.000000,xspeed:1.870000,yspeed:0.210000,angle:11.750000,distense:18.200000,rcs:30.000000
timestame:1619469485.244000000,objid:7,type:0,xpos:0.000000,ypos:0.000000,xspeed:-2.350000,yspeed:-0.040000,angle:-10.840000,distense:85.600000,rcs:20.000000
timestame:1619469485.244000000,objid:11,type:0,xpos:0.000000,ypos:0.000000,xspeed:-1.220000,yspeed:-0.540000,angle:-9.250000,distense:80.800000,rcs:13.000000
