timestame:1619471077.778000000,objid:1,type:0,xpos:0.000000,ypos:0.000000,xspeed:-6.400000,yspeed:-0.300000,angle:-18.000000,distense:53.400000,rcs:26.000000
timestame:1619471077.778000000,objid:3,type:0,xpos:0.000000,ypos:0.000000,xspeed:-9.360000,yspeed:-0.230000,angle:-11.740000,distense:59.800000,rcs:20.000000
timestame:1619471077.778000000,objid:5,type:0,xpos:0.000000,ypos:0.000000,xspeed:-10.110000,yspeed:-0.610000,angle:-18.000000,distense:38.400000,rcs:19.000000
timestame:1619471077.778000000,objid:6,type:0,xpos:0.000000,ypos:0.000000,xspeed:-5.940000,yspeed:-0.650000,angle:-18.000000,distense:48.200000,rcs:9.000000
