timestame:1619471236.215000000,objid:0,type:0,xpos:0.000000,ypos:0.000000,xspeed:8.130000,yspeed:0.060000,angle:1.350000,distense:143.600000,rcs:9.000000
timestame:1619471236.215000000,objid:9,type:0,xpos:0.000000,ypos:0.000000,xspeed:7.890000,yspeed:0.070000,angle:1.430000,distense:133.200000,rcs:18.000000
