timestame:1619471182.562000000,objid:8,type:0,xpos:0.000000,ypos:0.000000,xspeed:4.410000,yspeed:2.370000,angle:-9.040000,distense:43.600000,rcs:9.000000
timestame:1619471182.562000000,objid:10,type:0,xpos:0.000000,ypos:0.000000,xspeed:-6.090000,yspeed:1.110000,angle:-7.060000,distense:116.200000,rcs:15.000000
timestame:1619471182.562000000,objid:13,type:0,xpos:0.000000,ypos:0.000000,xspeed:-3.600000,yspeed:-0.080000,angle:-10.350000,distense:87.800000,rcs:19.000000
timestame:1619471182.562000000,objid:16,type:0,xpos:0.000000,ypos:0.000000,xspeed:1.710000,yspeed:4.020000,angle:-4.270000,distense:44.200000,rcs:6.000000
