timestame:1619470104.985000000,objid:1,type:0,xpos:0.000000,ypos:0.000000,xspeed:8.090000,yspeed:2.710000,angle:-16.750000,distense:24.600000,rcs:37.000000
timestame:1619470104.985000000,objid:6,type:0,xpos:0.000000,ypos:0.000000,xspeed:-2.640000,yspeed:-0.140000,angle:16.320000,distense:25.000000,rcs:9.000000
timestame:1619470104.985000000,objid:9,type:0,xpos:0.000000,ypos:0.000000,xspeed:3.780000,yspeed:1.790000,angle:-17.900000,distense:23.400000,rcs:26.000000
timestame:1619470104.985000000,objid:11,type:0,xpos:0.000000,ypos:0.000000,xspeed:1.910000,yspeed:0.560000,angle:13.920000,distense:21.400000,rcs:6.000000
