timestame:1619469641.027000000,objid:1,type:0,xpos:0.000000,ypos:0.000000,xspeed:3.410000,yspeed:2.920000,angle:-10.710000,distense:40.000000,rcs:12.000000
timestame:1619469641.027000000,objid:6,type:0,xpos:0.000000,ypos:0.000000,xspeed:12.050000,yspeed:1.050000,angle:9.250000,distense:25.200000,rcs:30.000000
timestame:1619469641.027000000,objid:7,type:0,xpos:0.000000,ypos:0.000000,xspeed:14.980000,yspeed:0.020000,angle:2.120000,distense:71.000000,rcs:12.000000
timestame:1619469641.027000000,objid:13,type:0,xpos:0.000000,ypos:0.000000,xspeed:15.400000,yspeed:0.520000,angle:2.530000,distense:60.600000,rcs:42.000000
