timestame:1619471225.976000000,objid:1,type:0,xpos:0.000000,ypos:0.000000,xspeed:5.660000,yspeed:-1.630000,angle:-8.440000,distense:43.800000,rcs:16.000000
timestame:1619471225.976000000,objid:6,type:0,xpos:0.000000,ypos:0.000000,xspeed:5.120000,yspeed:0.300000,angle:2.600000,distense:78.800000,rcs:6.000000
timestame:1619471225.976000000,objid:9,type:0,xpos:0.000000,ypos:0.000000,xspeed:5.190000,yspeed:0.110000,angle:2.400000,distense:60.400000,rcs:42.000000
