timestame:1619470213.150000000,objid:1,type:0,xpos:0.000000,ypos:0.000000,xspeed:-1.880000,yspeed:8.730000,angle:-10.690000,distense:42.200000,rcs:6.000000
timestame:1619470213.150000000,objid:2,type:0,xpos:0.000000,ypos:0.000000,xspeed:-2.310000,yspeed:8.220000,angle:-7.200000,distense:41.200000,rcs:12.000000
timestame:1619470213.150000000,objid:3,type:0,xpos:0.000000,ypos:0.000000,xspeed:1.230000,yspeed:-3.780000,angle:-13.420000,distense:47.400000,rcs:12.000000
timestame:1619470213.150000000,objid:5,type:0,xpos:0.000000,ypos:0.000000,xspeed:-1.830000,yspeed:-7.640000,angle:-7.920000,distense:48.800000,rcs:15.000000
