timestame:1619470639.524000000,objid:2,type:0,xpos:0.000000,ypos:0.000000,xspeed:-6.550000,yspeed:-0.610000,angle:-4.260000,distense:191.200000,rcs:16.000000
timestame:1619470639.524000000,objid:7,type:0,xpos:0.000000,ypos:0.000000,xspeed:1.790000,yspeed:-11.040000,angle:-18.000000,distense:63.000000,rcs:9.000000
