timestame:1619470643.852000000,objid:2,type:0,xpos:0.000000,ypos:0.000000,xspeed:-6.530000,yspeed:-0.030000,angle:-5.030000,distense:163.400000,rcs:12.000000
timestame:1619470643.852000000,objid:6,type:0,xpos:0.000000,ypos:0.000000,xspeed:3.620000,yspeed:-10.750000,angle:4.230000,distense:48.200000,rcs:32.000000
timestame:1619470643.852000000,objid:8,type:0,xpos:0.000000,ypos:0.000000,xspeed:-3.070000,yspeed:-3.420000,angle:11.080000,distense:87.600000,rcs:13.000000
