timestame:1619471367.067000000,objid:1,type:0,xpos:0.000000,ypos:0.000000,xspeed:7.620000,yspeed:-0.150000,angle:3.090000,distense:116.600000,rcs:24.000000
timestame:1619471367.067000000,objid:2,type:0,xpos:0.000000,ypos:0.000000,xspeed:8.140000,yspeed:-0.040000,angle:3.110000,distense:122.600000,rcs:12.000000
timestame:1619471367.067000000,objid:7,type:0,xpos:0.000000,ypos:0.000000,xspeed:11.710000,yspeed:0.240000,angle:1.600000,distense:154.000000,rcs:20.000000
