timestame:1619471237.083000000,objid:0,type:0,xpos:0.000000,ypos:0.000000,xspeed:8.070000,yspeed:-0.010000,angle:1.220000,distense:150.800000,rcs:6.000000
timestame:1619471237.083000000,objid:9,type:0,xpos:0.000000,ypos:0.000000,xspeed:8.350000,yspeed:-0.020000,angle:1.260000,distense:141.400000,rcs:30.000000
