timestame:1619470946.372000000,objid:1,type:0,xpos:0.000000,ypos:0.000000,xspeed:-7.740000,yspeed:-0.380000,angle:-18.000000,distense:26.800000,rcs:6.000000
timestame:1619470946.372000000,objid:5,type:0,xpos:0.000000,ypos:0.000000,xspeed:-6.530000,yspeed:-0.440000,angle:-18.000000,distense:35.400000,rcs:6.000000
timestame:1619470946.372000000,objid:7,type:0,xpos:0.000000,ypos:0.000000,xspeed:-6.300000,yspeed:-0.260000,angle:-18.000000,distense:33.200000,rcs:6.000000
