timestame:1619470835.182000000,objid:0,type:0,xpos:0.000000,ypos:0.000000,xspeed:19.350000,yspeed:7.870000,angle:21.540000,distense:30.800000,rcs:19.000000
timestame:1619470835.182000000,objid:1,type:0,xpos:0.000000,ypos:0.000000,xspeed:10.640000,yspeed:0.170000,angle:2.450000,distense:147.800000,rcs:12.000000
timestame:1619470835.182000000,objid:6,type:0,xpos:0.000000,ypos:0.000000,xspeed:14.500000,yspeed:0.150000,angle:1.130000,distense:193.600000,rcs:20.000000
timestame:1619470835.182000000,objid:7,type:0,xpos:0.000000,ypos:0.000000,xspeed:11.420000,yspeed:0.870000,angle:2.810000,distense:140.800000,rcs:21.000000
