timestame:1619470490.469000000,objid:5,type:0,xpos:0.000000,ypos:0.000000,xspeed:-2.060000,yspeed:-0.990000,angle:-18.000000,distense:30.000000,rcs:6.000000
timestame:1619470490.469000000,objid:8,type:0,xpos:0.000000,ypos:0.000000,xspeed:1.380000,yspeed:8.530000,angle:-14.590000,distense:48.800000,rcs:16.000000
