timestame:1619470895.772000000,objid:0,type:0,xpos:0.000000,ypos:0.000000,xspeed:-1.200000,yspeed:-1.950000,angle:-14.360000,distense:43.800000,rcs:29.000000
timestame:1619470895.772000000,objid:2,type:0,xpos:0.000000,ypos:0.000000,xspeed:1.860000,yspeed:0.320000,angle:19.720000,distense:30.200000,rcs:37.000000
timestame:1619470895.772000000,objid:21,type:0,xpos:0.000000,ypos:0.000000,xspeed:1.790000,yspeed:0.770000,angle:-17.090000,distense:27.400000,rcs:27.000000
timestame:1619470895.772000000,objid:26,type:0,xpos:0.000000,ypos:0.000000,xspeed:2.520000,yspeed:0.590000,angle:20.390000,distense:38.200000,rcs:9.000000
