timestame:1619470211.604000000,objid:0,type:0,xpos:0.000000,ypos:0.000000,xspeed:1.890000,yspeed:0.200000,angle:6.350000,distense:16.600000,rcs:30.000000
timestame:1619470211.604000000,objid:2,type:0,xpos:0.000000,ypos:0.000000,xspeed:-2.110000,yspeed:6.970000,angle:-18.000000,distense:48.000000,rcs:6.000000
timestame:1619470211.604000000,objid:4,type:0,xpos:0.000000,ypos:0.000000,xspeed:-5.730000,yspeed:4.230000,angle:-1.740000,distense:50.600000,rcs:9.000000
