timestame:1619470487.835000000,objid:2,type:0,xpos:0.000000,ypos:0.000000,xspeed:1.150000,yspeed:-8.490000,angle:-15.730000,distense:68.600000,rcs:15.000000
timestame:1619470487.835000000,objid:4,type:0,xpos:0.000000,ypos:0.000000,xspeed:-1.760000,yspeed:-4.150000,angle:-18.000000,distense:38.400000,rcs:6.000000
timestame:1619470487.835000000,objid:5,type:0,xpos:0.000000,ypos:0.000000,xspeed:-3.600000,yspeed:-2.970000,angle:-18.000000,distense:33.200000,rcs:15.000000
timestame:1619470487.835000000,objid:6,type:0,xpos:0.000000,ypos:0.000000,xspeed:-1.450000,yspeed:-3.380000,angle:-15.150000,distense:38.200000,rcs:32.000000
