timestame:1619469923.527000000,objid:1,type:0,xpos:0.000000,ypos:0.000000,xspeed:5.980000,yspeed:0.180000,angle:1.470000,distense:150.800000,rcs:9.000000
timestame:1619469923.527000000,objid:8,type:0,xpos:0.000000,ypos:0.000000,xspeed:6.050000,yspeed:0.040000,angle:1.350000,distense:143.800000,rcs:20.000000
