timestame:1619470597.400000000,objid:1,type:0,xpos:0.000000,ypos:0.000000,xspeed:4.940000,yspeed:3.570000,angle:-12.760000,distense:39.600000,rcs:24.000000
timestame:1619470597.400000000,objid:5,type:0,xpos:0.000000,ypos:0.000000,xspeed:4.400000,yspeed:4.400000,angle:-9.220000,distense:50.400000,rcs:6.000000
