timestame:1619471449.132000000,objid:3,type:0,xpos:0.000000,ypos:0.000000,xspeed:-3.260000,yspeed:-0.060000,angle:-5.960000,distense:106.600000,rcs:15.000000
timestame:1619471449.132000000,objid:11,type:0,xpos:0.000000,ypos:0.000000,xspeed:-2.750000,yspeed:-0.590000,angle:-8.480000,distense:97.200000,rcs:13.000000
timestame:1619471449.132000000,objid:13,type:0,xpos:0.000000,ypos:0.000000,xspeed:-3.410000,yspeed:-0.010000,angle:17.270000,distense:45.400000,rcs:19.000000
