timestame:1619470945.502000000,objid:1,type:0,xpos:0.000000,ypos:0.000000,xspeed:-7.500000,yspeed:-0.210000,angle:-18.000000,distense:33.000000,rcs:12.000000
timestame:1619470945.502000000,objid:5,type:0,xpos:0.000000,ypos:0.000000,xspeed:-6.450000,yspeed:-0.370000,angle:-18.000000,distense:40.400000,rcs:13.000000
timestame:1619470945.502000000,objid:7,type:0,xpos:0.000000,ypos:0.000000,xspeed:-6.010000,yspeed:-0.240000,angle:-18.000000,distense:38.200000,rcs:9.000000
