timestame:1619470704.867000000,objid:0,type:0,xpos:0.000000,ypos:0.000000,xspeed:3.440000,yspeed:3.500000,angle:-13.170000,distense:40.600000,rcs:9.000000
timestame:1619470704.867000000,objid:1,type:0,xpos:0.000000,ypos:0.000000,xspeed:11.310000,yspeed:0.010000,angle:2.540000,distense:150.000000,rcs:6.000000
timestame:1619470704.867000000,objid:2,type:0,xpos:0.000000,ypos:0.000000,xspeed:-7.480000,yspeed:-1.300000,angle:-18.000000,distense:68.800000,rcs:9.000000
