timestame:1619470664.183000000,objid:0,type:0,xpos:0.000000,ypos:0.000000,xspeed:-1.470000,yspeed:0.100000,angle:-9.710000,distense:94.000000,rcs:20.000000
timestame:1619470664.183000000,objid:1,type:0,xpos:0.000000,ypos:0.000000,xspeed:3.110000,yspeed:-5.880000,angle:-18.000000,distense:53.000000,rcs:13.000000
timestame:1619470664.183000000,objid:3,type:0,xpos:0.000000,ypos:0.000000,xspeed:-1.530000,yspeed:-0.040000,angle:-7.930000,distense:105.600000,rcs:12.000000
