timestame:1619470743.865000000,objid:5,type:0,xpos:0.000000,ypos:0.000000,xspeed:-1.190000,yspeed:8.220000,angle:-14.220000,distense:39.400000,rcs:12.000000
timestame:1619470743.865000000,objid:6,type:0,xpos:0.000000,ypos:0.000000,xspeed:12.450000,yspeed:0.190000,angle:1.130000,distense:185.400000,rcs:22.000000
timestame:1619470743.865000000,objid:8,type:0,xpos:0.000000,ypos:0.000000,xspeed:-7.480000,yspeed:-0.230000,angle:-8.230000,distense:85.000000,rcs:15.000000
timestame:1619470743.865000000,objid:12,type:0,xpos:0.000000,ypos:0.000000,xspeed:-1.050000,yspeed:2.940000,angle:-15.560000,distense:36.800000,rcs:19.000000
