timestame:1619469951.522000000,objid:0,type:0,xpos:0.000000,ypos:0.000000,xspeed:1.360000,yspeed:-1.060000,angle:2.270000,distense:54.400000,rcs:29.000000
timestame:1619469951.522000000,objid:4,type:0,xpos:0.000000,ypos:0.000000,xspeed:1.190000,yspeed:-4.120000,angle:-3.230000,distense:55.400000,rcs:30.000000
timestame:1619469951.522000000,objid:5,type:0,xpos:0.000000,ypos:0.000000,xspeed:-1.370000,yspeed:6.660000,angle:15.780000,distense:39.800000,rcs:6.000000
timestame:1619469951.522000000,objid:13,type:0,xpos:0.000000,ypos:0.000000,xspeed:-1.170000,yspeed:0.000000,angle:21.660000,distense:45.400000,rcs:26.000000
