timestame:1619471227.088000000,objid:0,type:0,xpos:0.000000,ypos:0.000000,xspeed:6.150000,yspeed:0.410000,angle:2.130000,distense:77.000000,rcs:19.000000
timestame:1619471227.088000000,objid:1,type:0,xpos:0.000000,ypos:0.000000,xspeed:5.160000,yspeed:-2.820000,angle:-12.590000,distense:49.400000,rcs:20.000000
timestame:1619471227.088000000,objid:9,type:0,xpos:0.000000,ypos:0.000000,xspeed:5.490000,yspeed:0.020000,angle:2.140000,distense:66.800000,rcs:32.000000
