timestame:1619471022.067000000,objid:0,type:0,xpos:0.000000,ypos:0.000000,xspeed:-1.480000,yspeed:-3.100000,angle:-6.060000,distense:38.000000,rcs:39.000000
timestame:1619471022.067000000,objid:1,type:0,xpos:0.000000,ypos:0.000000,xspeed:1.870000,yspeed:4.380000,angle:-18.000000,distense:49.200000,rcs:9.000000
timestame:1619471022.067000000,objid:2,type:0,xpos:0.000000,ypos:0.000000,xspeed:-5.610000,yspeed:-3.150000,angle:-18.000000,distense:26.400000,rcs:9.000000
timestame:1619471022.067000000,objid:6,type:0,xpos:0.000000,ypos:0.000000,xspeed:-1.880000,yspeed:-5.050000,angle:-18.000000,distense:35.600000,rcs:19.000000
