timestame:1619470913.367000000,objid:0,type:0,xpos:0.000000,ypos:0.000000,xspeed:5.550000,yspeed:2.910000,angle:-17.780000,distense:31.800000,rcs:25.000000
timestame:1619470913.367000000,objid:4,type:0,xpos:0.000000,ypos:0.000000,xspeed:15.340000,yspeed:15.220000,angle:-8.310000,distense:50.800000,rcs:6.000000
timestame:1619470913.367000000,objid:7,type:0,xpos:0.000000,ypos:0.000000,xspeed:4.450000,yspeed:2.620000,angle:-16.950000,distense:43.600000,rcs:12.000000
timestame:1619470913.367000000,objid:10,type:0,xpos:0.000000,ypos:0.000000,xspeed:5.680000,yspeed:1.600000,angle:21.790000,distense:37.400000,rcs:12.000000
