timestame:1619469581.821000000,objid:1,type:0,xpos:0.000000,ypos:0.000000,xspeed:-5.270000,yspeed:-0.280000,angle:-9.090000,distense:98.800000,rcs:13.000000
timestame:1619469581.821000000,objid:5,type:0,xpos:0.000000,ypos:0.000000,xspeed:-5.630000,yspeed:-0.090000,angle:-10.850000,distense:84.800000,rcs:21.000000
