timestame:1619471036.585000000,objid:2,type:0,xpos:0.000000,ypos:0.000000,xspeed:-1.740000,yspeed:-3.420000,angle:-15.610000,distense:42.400000,rcs:13.000000
timestame:1619471036.585000000,objid:3,type:0,xpos:0.000000,ypos:0.000000,xspeed:1.730000,yspeed:-3.150000,angle:-17.920000,distense:48.200000,rcs:24.000000
timestame:1619471036.585000000,objid:7,type:0,xpos:0.000000,ypos:0.000000,xspeed:-1.660000,yspeed:-7.370000,angle:-8.900000,distense:76.000000,rcs:6.000000
timestame:1619471036.585000000,objid:8,type:0,xpos:0.000000,ypos:0.000000,xspeed:-2.280000,yspeed:-0.670000,angle:-18.000000,distense:31.600000,rcs:6.000000
