timestame:1619470048.369000000,objid:0,type:0,xpos:0.000000,ypos:0.000000,xspeed:6.750000,yspeed:0.200000,angle:4.260000,distense:93.600000,rcs:13.000000
timestame:1619470048.369000000,objid:5,type:0,xpos:0.000000,ypos:0.000000,xspeed:6.770000,yspeed:-0.040000,angle:4.290000,distense:84.000000,rcs:22.000000
