timestame:1619470683.035000000,objid:0,type:0,xpos:0.000000,ypos:0.000000,xspeed:-3.620000,yspeed:0.000000,angle:-16.250000,distense:59.800000,rcs:20.000000
timestame:1619470683.035000000,objid:2,type:0,xpos:0.000000,ypos:0.000000,xspeed:-1.860000,yspeed:-0.260000,angle:-12.650000,distense:72.200000,rcs:19.000000
timestame:1619470683.035000000,objid:5,type:0,xpos:0.000000,ypos:0.000000,xspeed:5.820000,yspeed:0.000000,angle:20.950000,distense:21.800000,rcs:9.000000
timestame:1619470683.035000000,objid:7,type:0,xpos:0.000000,ypos:0.000000,xspeed:-6.730000,yspeed:0.140000,angle:-13.170000,distense:68.800000,rcs:19.000000
