timestame:1619470212.097000000,objid:0,type:0,xpos:0.000000,ypos:0.000000,xspeed:1.470000,yspeed:0.160000,angle:6.390000,distense:16.600000,rcs:27.000000
timestame:1619470212.097000000,objid:2,type:0,xpos:0.000000,ypos:0.000000,xspeed:-2.190000,yspeed:7.840000,angle:-18.000000,distense:45.600000,rcs:12.000000
timestame:1619470212.097000000,objid:4,type:0,xpos:0.000000,ypos:0.000000,xspeed:-1.240000,yspeed:-2.400000,angle:-3.910000,distense:49.600000,rcs:13.000000
