timestame:1619470565.308000000,objid:0,type:0,xpos:0.000000,ypos:0.000000,xspeed:6.490000,yspeed:1.970000,angle:20.320000,distense:27.600000,rcs:22.000000
timestame:1619470565.308000000,objid:1,type:0,xpos:0.000000,ypos:0.000000,xspeed:7.280000,yspeed:-0.670000,angle:2.740000,distense:219.200000,rcs:16.000000
timestame:1619470565.308000000,objid:3,type:0,xpos:0.000000,ypos:0.000000,xspeed:12.290000,yspeed:0.200000,angle:1.470000,distense:123.400000,rcs:13.000000
