timestame:1619470775.727000000,objid:0,type:0,xpos:0.000000,ypos:0.000000,xspeed:18.380000,yspeed:7.540000,angle:1.580000,distense:185.400000,rcs:13.000000
timestame:1619470775.727000000,objid:1,type:0,xpos:0.000000,ypos:0.000000,xspeed:-7.590000,yspeed:-1.100000,angle:-8.310000,distense:107.400000,rcs:15.000000
