timestame:1619470594.357000000,objid:5,type:0,xpos:0.000000,ypos:0.000000,xspeed:7.870000,yspeed:2.460000,angle:-17.850000,distense:33.600000,rcs:35.000000
timestame:1619470594.357000000,objid:6,type:0,xpos:0.000000,ypos:0.000000,xspeed:5.870000,yspeed:1.810000,angle:19.600000,distense:31.400000,rcs:19.000000
