timestame:1619469485.873000000,objid:1,type:0,xpos:0.000000,ypos:0.000000,xspeed:-2.980000,yspeed:-1.050000,angle:-13.850000,distense:70.000000,rcs:22.000000
timestame:1619469485.873000000,objid:3,type:0,xpos:0.000000,ypos:0.000000,xspeed:1.700000,yspeed:0.100000,angle:11.080000,distense:19.000000,rcs:34.000000
timestame:1619469485.873000000,objid:7,type:0,xpos:0.000000,ypos:0.000000,xspeed:-2.550000,yspeed:-0.080000,angle:-11.170000,distense:83.800000,rcs:19.000000
timestame:1619469485.873000000,objid:11,type:0,xpos:0.000000,ypos:0.000000,xspeed:-1.160000,yspeed:-0.210000,angle:-9.140000,distense:80.200000,rcs:6.000000
