timestame:1619470505.077000000,objid:1,type:0,xpos:0.000000,ypos:0.000000,xspeed:1.750000,yspeed:-0.360000,angle:-7.390000,distense:41.600000,rcs:24.000000
timestame:1619470505.077000000,objid:3,type:0,xpos:0.000000,ypos:0.000000,xspeed:-1.600000,yspeed:-1.900000,angle:-18.000000,distense:36.400000,rcs:13.000000
timestame:1619470505.077000000,objid:6,type:0,xpos:0.000000,ypos:0.000000,xspeed:-2.240000,yspeed:-0.660000,angle:-18.000000,distense:28.000000,rcs:6.000000
timestame:1619470505.077000000,objid:7,type:0,xpos:0.000000,ypos:0.000000,xspeed:-1.080000,yspeed:0.040000,angle:-8.500000,distense:47.400000,rcs:16.000000
