timestame:1619470638.282000000,objid:4,type:0,xpos:0.000000,ypos:0.000000,xspeed:-7.140000,yspeed:2.850000,angle:-2.800000,distense:199.600000,rcs:9.000000
timestame:1619470638.282000000,objid:5,type:0,xpos:0.000000,ypos:0.000000,xspeed:3.040000,yspeed:2.780000,angle:-9.870000,distense:33.000000,rcs:12.000000
timestame:1619470638.282000000,objid:6,type:0,xpos:0.000000,ypos:0.000000,xspeed:2.750000,yspeed:-10.950000,angle:-12.000000,distense:54.600000,rcs:6.000000
timestame:1619470638.282000000,objid:8,type:0,xpos:0.000000,ypos:0.000000,xspeed:2.600000,yspeed:-7.520000,angle:-11.130000,distense:54.600000,rcs:6.000000
