timestame:1619470792.435000000,objid:5,type:0,xpos:0.000000,ypos:0.000000,xspeed:4.400000,yspeed:-3.820000,angle:-18.000000,distense:49.800000,rcs:6.000000
timestame:1619470792.435000000,objid:7,type:0,xpos:0.000000,ypos:0.000000,xspeed:4.530000,yspeed:1.660000,angle:13.140000,distense:51.000000,rcs:24.000000
timestame:1619470792.435000000,objid:8,type:0,xpos:0.000000,ypos:0.000000,xspeed:-2.630000,yspeed:0.000000,angle:-12.720000,distense:46.400000,rcs:23.000000
