timestame:1619471452.849000000,objid:3,type:0,xpos:0.000000,ypos:0.000000,xspeed:-1.930000,yspeed:-0.180000,angle:-6.760000,distense:99.800000,rcs:16.000000
timestame:1619471452.849000000,objid:11,type:0,xpos:0.000000,ypos:0.000000,xspeed:-1.300000,yspeed:0.300000,angle:-7.350000,distense:92.600000,rcs:6.000000
timestame:1619471452.849000000,objid:13,type:0,xpos:0.000000,ypos:0.000000,xspeed:-4.010000,yspeed:-0.130000,angle:-16.270000,distense:31.200000,rcs:9.000000
