timestame:1619469705.635000000,objid:1,type:0,xpos:0.000000,ypos:0.000000,xspeed:-1.360000,yspeed:-3.250000,angle:-18.000000,distense:41.800000,rcs:6.000000
timestame:1619469705.635000000,objid:5,type:0,xpos:0.000000,ypos:0.000000,xspeed:-5.240000,yspeed:2.880000,angle:-13.180000,distense:56.000000,rcs:20.000000
timestame:1619469705.635000000,objid:6,type:0,xpos:0.000000,ypos:0.000000,xspeed:-1.540000,yspeed:-0.820000,angle:-18.000000,distense:37.000000,rcs:13.000000
timestame:1619469705.635000000,objid:14,type:0,xpos:0.000000,ypos:0.000000,xspeed:-2.620000,yspeed:-2.480000,angle:-18.000000,distense:38.200000,rcs:26.000000
