timestame:1619469576.018000000,objid:2,type:0,xpos:0.000000,ypos:0.000000,xspeed:2.310000,yspeed:-10.380000,angle:-18.000000,distense:57.800000,rcs:6.000000
timestame:1619469576.018000000,objid:3,type:0,xpos:0.000000,ypos:0.000000,xspeed:-7.220000,yspeed:-0.070000,angle:-7.150000,distense:121.000000,rcs:13.000000
timestame:1619469576.018000000,objid:5,type:0,xpos:0.000000,ypos:0.000000,xspeed:-6.990000,yspeed:-0.150000,angle:-7.320000,distense:118.000000,rcs:20.000000
timestame:1619469576.018000000,objid:6,type:0,xpos:0.000000,ypos:0.000000,xspeed:-3.600000,yspeed:0.150000,angle:-6.690000,distense:134.600000,rcs:6.000000
