timestame:1619470448.605000000,objid:0,type:0,xpos:0.000000,ypos:0.000000,xspeed:18.630000,yspeed:0.580000,angle:1.250000,distense:212.600000,rcs:6.000000
timestame:1619470448.605000000,objid:1,type:0,xpos:0.000000,ypos:0.000000,xspeed:-5.540000,yspeed:-2.380000,angle:4.920000,distense:172.400000,rcs:6.000000
timestame:1619470448.605000000,objid:2,type:0,xpos:0.000000,ypos:0.000000,xspeed:4.720000,yspeed:-0.200000,angle:6.080000,distense:112.400000,rcs:16.000000
