timestame:1619470977.970000000,objid:0,type:0,xpos:0.000000,ypos:0.000000,xspeed:7.010000,yspeed:-0.220000,angle:2.570000,distense:134.400000,rcs:13.000000
timestame:1619470977.970000000,objid:2,type:0,xpos:0.000000,ypos:0.000000,xspeed:-17.390000,yspeed:-1.660000,angle:-3.650000,distense:173.200000,rcs:18.000000
timestame:1619470977.970000000,objid:3,type:0,xpos:0.000000,ypos:0.000000,xspeed:7.070000,yspeed:0.130000,angle:2.300000,distense:144.200000,rcs:6.000000
timestame:1619470977.970000000,objid:5,type:0,xpos:0.000000,ypos:0.000000,xspeed:-18.960000,yspeed:0.000000,angle:-10.100000,distense:87.200000,rcs:15.000000
