timestame:1619470565.432000000,objid:0,type:0,xpos:0.000000,ypos:0.000000,xspeed:6.680000,yspeed:2.460000,angle:20.900000,distense:28.800000,rcs:6.000000
timestame:1619470565.432000000,objid:3,type:0,xpos:0.000000,ypos:0.000000,xspeed:12.340000,yspeed:0.190000,angle:1.450000,distense:125.000000,rcs:26.000000
