timestame:1619470773.492000000,objid:0,type:0,xpos:0.000000,ypos:0.000000,xspeed:-9.400000,yspeed:-0.120000,angle:-6.990000,distense:121.200000,rcs:20.000000
timestame:1619470773.492000000,objid:2,type:0,xpos:0.000000,ypos:0.000000,xspeed:19.480000,yspeed:0.720000,angle:1.470000,distense:144.400000,rcs:9.000000
