timestame:1619471439.132000000,objid:1,type:0,xpos:0.000000,ypos:0.000000,xspeed:-1.100000,yspeed:-5.540000,angle:-7.290000,distense:39.400000,rcs:39.000000
timestame:1619471439.132000000,objid:6,type:0,xpos:0.000000,ypos:0.000000,xspeed:5.890000,yspeed:0.650000,angle:-6.750000,distense:91.800000,rcs:9.000000
timestame:1619471439.132000000,objid:8,type:0,xpos:0.000000,ypos:0.000000,xspeed:-4.000000,yspeed:-2.240000,angle:-18.000000,distense:29.400000,rcs:9.000000
