timestame:1619470462.334000000,objid:0,type:0,xpos:0.000000,ypos:0.000000,xspeed:-15.020000,yspeed:-0.630000,angle:-9.760000,distense:72.800000,rcs:24.000000
timestame:1619470462.334000000,objid:2,type:0,xpos:0.000000,ypos:0.000000,xspeed:6.030000,yspeed:0.170000,angle:3.270000,distense:189.200000,rcs:12.000000
