timestame:1619469635.563000000,objid:2,type:0,xpos:0.000000,ypos:0.000000,xspeed:3.100000,yspeed:0.730000,angle:20.670000,distense:22.000000,rcs:30.000000
timestame:1619469635.563000000,objid:3,type:0,xpos:0.000000,ypos:0.000000,xspeed:-5.510000,yspeed:3.090000,angle:0.110000,distense:47.200000,rcs:21.000000
timestame:1619469635.563000000,objid:4,type:0,xpos:0.000000,ypos:0.000000,xspeed:4.070000,yspeed:0.450000,angle:22.180000,distense:30.200000,rcs:9.000000
timestame:1619469635.563000000,objid:5,type:0,xpos:0.000000,ypos:0.000000,xspeed:3.790000,yspeed:2.210000,angle:20.160000,distense:26.000000,rcs:33.000000
