timestame:1619470642.862000000,objid:2,type:0,xpos:0.000000,ypos:0.000000,xspeed:-6.500000,yspeed:0.140000,angle:-4.710000,distense:169.600000,rcs:9.000000
timestame:1619470642.862000000,objid:5,type:0,xpos:0.000000,ypos:0.000000,xspeed:-1.570000,yspeed:5.640000,angle:-8.160000,distense:44.200000,rcs:12.000000
timestame:1619470642.862000000,objid:6,type:0,xpos:0.000000,ypos:0.000000,xspeed:4.600000,yspeed:-7.920000,angle:18.140000,distense:47.200000,rcs:28.000000
timestame:1619470642.862000000,objid:13,type:0,xpos:0.000000,ypos:0.000000,xspeed:-2.180000,yspeed:8.280000,angle:-1.370000,distense:42.200000,rcs:21.000000
