timestame:1619471236.023000000,objid:0,type:0,xpos:0.000000,ypos:0.000000,xspeed:8.140000,yspeed:0.080000,angle:1.390000,distense:142.000000,rcs:12.000000
timestame:1619471236.023000000,objid:9,type:0,xpos:0.000000,ypos:0.000000,xspeed:7.870000,yspeed:0.120000,angle:1.490000,distense:131.800000,rcs:15.000000
