timestame:1619470887.178000000,objid:3,type:0,xpos:0.000000,ypos:0.000000,xspeed:-2.160000,yspeed:-3.450000,angle:-18.000000,distense:34.000000,rcs:18.000000
timestame:1619470887.178000000,objid:19,type:0,xpos:0.000000,ypos:0.000000,xspeed:-1.010000,yspeed:-3.610000,angle:-15.020000,distense:36.400000,rcs:31.000000
