timestame:1619471232.480000000,objid:0,type:0,xpos:0.000000,ypos:0.000000,xspeed:6.930000,yspeed:-0.110000,angle:1.580000,distense:112.400000,rcs:6.000000
timestame:1619471232.480000000,objid:9,type:0,xpos:0.000000,ypos:0.000000,xspeed:6.900000,yspeed:-0.040000,angle:1.560000,distense:103.800000,rcs:30.000000
