timestame:1619470699.712000000,objid:1,type:0,xpos:0.000000,ypos:0.000000,xspeed:8.600000,yspeed:0.230000,angle:4.300000,distense:93.200000,rcs:21.000000
timestame:1619470699.712000000,objid:2,type:0,xpos:0.000000,ypos:0.000000,xspeed:-8.410000,yspeed:10.160000,angle:-8.720000,distense:107.800000,rcs:9.000000
