timestame:1619470979.403000000,objid:0,type:0,xpos:0.000000,ypos:0.000000,xspeed:7.290000,yspeed:-0.170000,angle:2.280000,distense:145.200000,rcs:20.000000
timestame:1619470979.403000000,objid:1,type:0,xpos:0.000000,ypos:0.000000,xspeed:-16.840000,yspeed:-1.700000,angle:-4.130000,distense:151.800000,rcs:15.000000
timestame:1619470979.403000000,objid:2,type:0,xpos:0.000000,ypos:0.000000,xspeed:-16.010000,yspeed:-1.180000,angle:-4.660000,distense:151.200000,rcs:19.000000
