timestame:1619470490.092000000,objid:5,type:0,xpos:0.000000,ypos:0.000000,xspeed:-2.170000,yspeed:-1.270000,angle:-18.000000,distense:30.600000,rcs:6.000000
timestame:1619470490.092000000,objid:6,type:0,xpos:0.000000,ypos:0.000000,xspeed:-3.480000,yspeed:-4.330000,angle:-18.000000,distense:34.000000,rcs:19.000000
