timestame:1619471091.433000000,objid:1,type:0,xpos:0.000000,ypos:0.000000,xspeed:11.110000,yspeed:0.270000,angle:5.000000,distense:62.600000,rcs:19.000000
timestame:1619471091.433000000,objid:2,type:0,xpos:0.000000,ypos:0.000000,xspeed:6.360000,yspeed:0.330000,angle:2.340000,distense:51.400000,rcs:44.000000
timestame:1619471091.433000000,objid:4,type:0,xpos:0.000000,ypos:0.000000,xspeed:-22.140000,yspeed:-1.150000,angle:-18.000000,distense:23.000000,rcs:6.000000
timestame:1619471091.433000000,objid:5,type:0,xpos:0.000000,ypos:0.000000,xspeed:11.960000,yspeed:1.160000,angle:2.200000,distense:113.600000,rcs:16.000000
