timestame:1619471037.399000000,objid:2,type:0,xpos:0.000000,ypos:0.000000,xspeed:-1.810000,yspeed:-2.700000,angle:-18.000000,distense:41.400000,rcs:28.000000
timestame:1619471037.399000000,objid:3,type:0,xpos:0.000000,ypos:0.000000,xspeed:1.600000,yspeed:-3.300000,angle:19.220000,distense:48.200000,rcs:29.000000
timestame:1619471037.399000000,objid:7,type:0,xpos:0.000000,ypos:0.000000,xspeed:-1.720000,yspeed:-7.160000,angle:-13.410000,distense:75.600000,rcs:6.000000
