timestame:1619470136.075000000,objid:3,type:0,xpos:0.000000,ypos:0.000000,xspeed:-3.660000,yspeed:-0.930000,angle:-18.000000,distense:23.200000,rcs:6.000000
timestame:1619470136.075000000,objid:7,type:0,xpos:0.000000,ypos:0.000000,xspeed:-4.720000,yspeed:-0.150000,angle:-9.370000,distense:77.800000,rcs:9.000000
timestame:1619470136.075000000,objid:8,type:0,xpos:0.000000,ypos:0.000000,xspeed:3.430000,yspeed:3.480000,angle:-9.560000,distense:40.200000,rcs:6.000000
