timestame:1619470496.933000000,objid:2,type:0,xpos:0.000000,ypos:0.000000,xspeed:-1.100000,yspeed:-5.500000,angle:-15.280000,distense:41.600000,rcs:38.000000
timestame:1619470496.933000000,objid:6,type:0,xpos:0.000000,ypos:0.000000,xspeed:-1.400000,yspeed:4.700000,angle:-9.800000,distense:47.000000,rcs:21.000000
timestame:1619470496.933000000,objid:7,type:0,xpos:0.000000,ypos:0.000000,xspeed:-2.010000,yspeed:-4.290000,angle:-12.760000,distense:48.400000,rcs:12.000000
