timestame:1619470561.647000000,objid:0,type:0,xpos:0.000000,ypos:0.000000,xspeed:5.470000,yspeed:-0.460000,angle:2.510000,distense:200.400000,rcs:6.000000
timestame:1619470561.647000000,objid:1,type:0,xpos:0.000000,ypos:0.000000,xspeed:5.820000,yspeed:-0.240000,angle:4.090000,distense:192.000000,rcs:22.000000
timestame:1619470561.647000000,objid:2,type:0,xpos:0.000000,ypos:0.000000,xspeed:10.960000,yspeed:0.330000,angle:3.070000,distense:208.800000,rcs:13.000000
timestame:1619470561.647000000,objid:3,type:0,xpos:0.000000,ypos:0.000000,xspeed:9.490000,yspeed:0.340000,angle:1.990000,distense:78.600000,rcs:36.000000
