timestame:1619470791.629000000,objid:0,type:0,xpos:0.000000,ypos:0.000000,xspeed:1.350000,yspeed:0.150000,angle:2.030000,distense:19.400000,rcs:26.000000
timestame:1619470791.629000000,objid:2,type:0,xpos:0.000000,ypos:0.000000,xspeed:1.390000,yspeed:-7.790000,angle:22.520000,distense:46.800000,rcs:26.000000
timestame:1619470791.629000000,objid:5,type:0,xpos:0.000000,ypos:0.000000,xspeed:6.990000,yspeed:0.000000,angle:-18.000000,distense:46.200000,rcs:6.000000
