timestame:1619470147.264000000,objid:0,type:0,xpos:0.000000,ypos:0.000000,xspeed:2.080000,yspeed:2.560000,angle:-13.570000,distense:39.400000,rcs:16.000000
timestame:1619470147.264000000,objid:1,type:0,xpos:0.000000,ypos:0.000000,xspeed:2.530000,yspeed:0.860000,angle:22.380000,distense:25.200000,rcs:19.000000
timestame:1619470147.264000000,objid:2,type:0,xpos:0.000000,ypos:0.000000,xspeed:2.940000,yspeed:2.030000,angle:22.520000,distense:36.400000,rcs:6.000000
timestame:1619470147.264000000,objid:3,type:0,xpos:0.000000,ypos:0.000000,xspeed:-1.080000,yspeed:-0.170000,angle:-10.220000,distense:74.000000,rcs:15.000000
