timestame:1619469534.713000000,objid:4,type:0,xpos:0.000000,ypos:0.000000,xspeed:16.430000,yspeed:0.670000,angle:2.410000,distense:74.200000,rcs:33.000000
timestame:1619469534.713000000,objid:7,type:0,xpos:0.000000,ypos:0.000000,xspeed:16.550000,yspeed:0.590000,angle:1.930000,distense:82.200000,rcs:20.000000
