timestame:1619471006.185000000,objid:2,type:0,xpos:0.000000,ypos:0.000000,xspeed:-9.350000,yspeed:-1.640000,angle:-8.520000,distense:109.600000,rcs:16.000000
timestame:1619471006.185000000,objid:6,type:0,xpos:0.000000,ypos:0.000000,xspeed:9.500000,yspeed:8.830000,angle:-3.590000,distense:126.200000,rcs:6.000000
timestame:1619471006.185000000,objid:7,type:0,xpos:0.000000,ypos:0.000000,xspeed:-2.540000,yspeed:5.580000,angle:-18.000000,distense:48.200000,rcs:6.000000
timestame:1619471006.185000000,objid:9,type:0,xpos:0.000000,ypos:0.000000,xspeed:-6.200000,yspeed:-5.340000,angle:-7.640000,distense:112.400000,rcs:20.000000
