timestame:1619470644.226000000,objid:2,type:0,xpos:0.000000,ypos:0.000000,xspeed:-6.440000,yspeed:-0.070000,angle:-5.140000,distense:161.200000,rcs:19.000000
timestame:1619470644.226000000,objid:5,type:0,xpos:0.000000,ypos:0.000000,xspeed:7.110000,yspeed:0.650000,angle:20.190000,distense:50.800000,rcs:6.000000
timestame:1619470644.226000000,objid:6,type:0,xpos:0.000000,ypos:0.000000,xspeed:3.620000,yspeed:-10.750000,angle:-0.350000,distense:49.400000,rcs:32.000000
timestame:1619470644.226000000,objid:8,type:0,xpos:0.000000,ypos:0.000000,xspeed:-2.090000,yspeed:-4.830000,angle:9.630000,distense:86.800000,rcs:15.000000
