timestame:1619469621.552000000,objid:1,type:0,xpos:0.000000,ypos:0.000000,xspeed:-3.080000,yspeed:0.190000,angle:-14.370000,distense:65.000000,rcs:22.000000
timestame:1619469621.552000000,objid:2,type:0,xpos:0.000000,ypos:0.000000,xspeed:-3.840000,yspeed:-0.440000,angle:-12.860000,distense:76.600000,rcs:25.000000
timestame:1619469621.552000000,objid:4,type:0,xpos:0.000000,ypos:0.000000,xspeed:-15.550000,yspeed:0.120000,angle:-6.970000,distense:88.600000,rcs:6.000000
