timestame:1619470790.828000000,objid:0,type:0,xpos:0.000000,ypos:0.000000,xspeed:1.720000,yspeed:0.150000,angle:1.740000,distense:18.800000,rcs:36.000000
timestame:1619470790.828000000,objid:1,type:0,xpos:0.000000,ypos:0.000000,xspeed:2.500000,yspeed:-10.300000,angle:-16.140000,distense:47.000000,rcs:25.000000
timestame:1619470790.828000000,objid:2,type:0,xpos:0.000000,ypos:0.000000,xspeed:1.780000,yspeed:-8.540000,angle:-12.150000,distense:48.600000,rcs:18.000000
