timestame:1619470945.256000000,objid:1,type:0,xpos:0.000000,ypos:0.000000,xspeed:-7.430000,yspeed:-0.170000,angle:-18.000000,distense:34.600000,rcs:18.000000
timestame:1619470945.256000000,objid:5,type:0,xpos:0.000000,ypos:0.000000,xspeed:-6.270000,yspeed:-0.320000,angle:-18.000000,distense:42.000000,rcs:6.000000
timestame:1619470945.256000000,objid:7,type:0,xpos:0.000000,ypos:0.000000,xspeed:-5.940000,yspeed:-0.320000,angle:-18.000000,distense:39.600000,rcs:9.000000
