timestame:1619470765.737000000,objid:3,type:0,xpos:0.000000,ypos:0.000000,xspeed:2.070000,yspeed:-3.380000,angle:-18.000000,distense:73.200000,rcs:9.000000
timestame:1619470765.737000000,objid:4,type:0,xpos:0.000000,ypos:0.000000,xspeed:-2.370000,yspeed:-1.210000,angle:-18.000000,distense:30.200000,rcs:6.000000
timestame:1619470765.737000000,objid:5,type:0,xpos:0.000000,ypos:0.000000,xspeed:-1.980000,yspeed:-2.050000,angle:-18.000000,distense:34.200000,rcs:6.000000
timestame:1619470765.737000000,objid:9,type:0,xpos:0.000000,ypos:0.000000,xspeed:5.900000,yspeed:0.380000,angle:2.810000,distense:41.400000,rcs:25.000000
