timestame:1619471367.317000000,objid:1,type:0,xpos:0.000000,ypos:0.000000,xspeed:7.690000,yspeed:-0.060000,angle:3.120000,distense:118.600000,rcs:24.000000
timestame:1619471367.317000000,objid:2,type:0,xpos:0.000000,ypos:0.000000,xspeed:8.140000,yspeed:-0.040000,angle:3.060000,distense:124.600000,rcs:12.000000
timestame:1619471367.317000000,objid:7,type:0,xpos:0.000000,ypos:0.000000,xspeed:11.700000,yspeed:0.230000,angle:1.590000,distense:156.800000,rcs:15.000000
