timestame:1619470214.636000000,objid:7,type:0,xpos:0.000000,ypos:0.000000,xspeed:-3.020000,yspeed:7.520000,angle:-14.930000,distense:46.600000,rcs:12.000000
timestame:1619470214.636000000,objid:9,type:0,xpos:0.000000,ypos:0.000000,xspeed:-1.350000,yspeed:10.040000,angle:14.690000,distense:39.200000,rcs:22.000000
