timestame:1619470016.354000000,objid:1,type:0,xpos:0.000000,ypos:0.000000,xspeed:-1.010000,yspeed:-2.470000,angle:8.720000,distense:38.000000,rcs:9.000000
timestame:1619470016.354000000,objid:5,type:0,xpos:0.000000,ypos:0.000000,xspeed:-1.360000,yspeed:-2.110000,angle:-18.000000,distense:35.400000,rcs:22.000000
timestame:1619470016.354000000,objid:14,type:0,xpos:0.000000,ypos:0.000000,xspeed:-1.670000,yspeed:-1.570000,angle:-18.000000,distense:32.800000,rcs:24.000000
