timestame:1619470748.715000000,objid:0,type:0,xpos:0.000000,ypos:0.000000,xspeed:-1.170000,yspeed:0.000000,angle:-6.860000,distense:40.800000,rcs:26.000000
timestame:1619470748.715000000,objid:4,type:0,xpos:0.000000,ypos:0.000000,xspeed:-6.580000,yspeed:0.600000,angle:-18.000000,distense:35.400000,rcs:9.000000
