timestame:1619471439.255000000,objid:1,type:0,xpos:0.000000,ypos:0.000000,xspeed:-1.080000,yspeed:-5.410000,angle:-8.050000,distense:39.400000,rcs:42.000000
timestame:1619471439.255000000,objid:6,type:0,xpos:0.000000,ypos:0.000000,xspeed:5.890000,yspeed:0.650000,angle:-6.650000,distense:92.400000,rcs:9.000000
timestame:1619471439.255000000,objid:8,type:0,xpos:0.000000,ypos:0.000000,xspeed:-4.080000,yspeed:-2.220000,angle:-18.000000,distense:29.000000,rcs:9.000000
