timestame:1619470138.749000000,objid:0,type:0,xpos:0.000000,ypos:0.000000,xspeed:-5.950000,yspeed:-0.390000,angle:12.590000,distense:33.400000,rcs:20.000000
timestame:1619470138.749000000,objid:7,type:0,xpos:0.000000,ypos:0.000000,xspeed:-2.150000,yspeed:-0.200000,angle:-10.430000,distense:73.600000,rcs:6.000000
