timestame:1619470181.883000000,objid:1,type:0,xpos:0.000000,ypos:0.000000,xspeed:13.240000,yspeed:0.020000,angle:1.380000,distense:168.400000,rcs:25.000000
timestame:1619470181.883000000,objid:3,type:0,xpos:0.000000,ypos:0.000000,xspeed:-25.320000,yspeed:-1.290000,angle:-3.500000,distense:138.200000,rcs:12.000000
timestame:1619470181.883000000,objid:8,type:0,xpos:0.000000,ypos:0.000000,xspeed:8.990000,yspeed:0.400000,angle:4.060000,distense:107.400000,rcs:13.000000
timestame:1619470181.883000000,objid:11,type:0,xpos:0.000000,ypos:0.000000,xspeed:8.290000,yspeed:0.290000,angle:4.980000,distense:96.200000,rcs:31.000000
