timestame:1619470027.256000000,objid:1,type:0,xpos:0.000000,ypos:0.000000,xspeed:4.100000,yspeed:1.010000,angle:1.200000,distense:18.000000,rcs:28.000000
timestame:1619470027.256000000,objid:2,type:0,xpos:0.000000,ypos:0.000000,xspeed:5.840000,yspeed:0.440000,angle:2.640000,distense:32.800000,rcs:39.000000
