timestame:1619470765.305000000,objid:0,type:0,xpos:0.000000,ypos:0.000000,xspeed:-4.590000,yspeed:-3.710000,angle:-18.000000,distense:33.800000,rcs:9.000000
timestame:1619470765.305000000,objid:4,type:0,xpos:0.000000,ypos:0.000000,xspeed:-2.430000,yspeed:-1.380000,angle:-18.000000,distense:30.800000,rcs:9.000000
timestame:1619470765.305000000,objid:5,type:0,xpos:0.000000,ypos:0.000000,xspeed:-1.810000,yspeed:-1.930000,angle:-18.000000,distense:34.600000,rcs:9.000000
timestame:1619470765.305000000,objid:9,type:0,xpos:0.000000,ypos:0.000000,xspeed:5.660000,yspeed:0.320000,angle:2.670000,distense:38.600000,rcs:33.000000
