timestame:1619470568.579000000,objid:1,type:0,xpos:0.000000,ypos:0.000000,xspeed:4.190000,yspeed:2.530000,angle:-15.100000,distense:33.000000,rcs:24.000000
timestame:1619470568.579000000,objid:3,type:0,xpos:0.000000,ypos:0.000000,xspeed:15.380000,yspeed:0.100000,angle:1.060000,distense:175.800000,rcs:28.000000
timestame:1619470568.579000000,objid:8,type:0,xpos:0.000000,ypos:0.000000,xspeed:3.330000,yspeed:4.080000,angle:-8.240000,distense:46.600000,rcs:6.000000
