timestame:1619470294.339000000,objid:0,type:0,xpos:0.000000,ypos:0.000000,xspeed:1.670000,yspeed:0.080000,angle:5.510000,distense:21.600000,rcs:27.000000
timestame:1619470294.339000000,objid:1,type:0,xpos:0.000000,ypos:0.000000,xspeed:-1.430000,yspeed:-0.260000,angle:3.890000,distense:9.200000,rcs:31.000000
timestame:1619470294.339000000,objid:2,type:0,xpos:0.000000,ypos:0.000000,xspeed:-12.170000,yspeed:-0.750000,angle:-18.000000,distense:24.600000,rcs:6.000000
timestame:1619470294.339000000,objid:5,type:0,xpos:0.000000,ypos:0.000000,xspeed:2.330000,yspeed:0.620000,angle:2.570000,distense:19.000000,rcs:27.000000
