timestame:1619470437.797000000,objid:1,type:0,xpos:0.000000,ypos:0.000000,xspeed:13.180000,yspeed:0.930000,angle:2.730000,distense:25.400000,rcs:34.000000
timestame:1619470437.797000000,objid:2,type:0,xpos:0.000000,ypos:0.000000,xspeed:3.820000,yspeed:0.060000,angle:11.470000,distense:66.800000,rcs:24.000000
