timestame:1619469892.009000000,objid:2,type:0,xpos:0.000000,ypos:0.000000,xspeed:-4.440000,yspeed:-0.310000,angle:-17.040000,distense:47.400000,rcs:26.000000
timestame:1619469892.009000000,objid:5,type:0,xpos:0.000000,ypos:0.000000,xspeed:-2.910000,yspeed:-0.260000,angle:-18.000000,distense:52.400000,rcs:18.000000
timestame:1619469892.009000000,objid:11,type:0,xpos:0.000000,ypos:0.000000,xspeed:1.740000,yspeed:0.000000,angle:11.990000,distense:30.200000,rcs:16.000000
timestame:1619469892.009000000,objid:16,type:0,xpos:0.000000,ypos:0.000000,xspeed:-3.740000,yspeed:-0.360000,angle:-13.190000,distense:60.000000,rcs:21.000000
