timestame:1619470772.306000000,objid:0,type:0,xpos:0.000000,ypos:0.000000,xspeed:-10.070000,yspeed:-0.150000,angle:-6.460000,distense:131.400000,rcs:9.000000
timestame:1619470772.306000000,objid:1,type:0,xpos:0.000000,ypos:0.000000,xspeed:13.790000,yspeed:0.090000,angle:1.520000,distense:120.800000,rcs:13.000000
timestame:1619470772.306000000,objid:3,type:0,xpos:0.000000,ypos:0.000000,xspeed:-8.130000,yspeed:0.630000,angle:-18.000000,distense:49.800000,rcs:6.000000
