timestame:1619469640.655000000,objid:1,type:0,xpos:0.000000,ypos:0.000000,xspeed:3.520000,yspeed:2.660000,angle:-11.730000,distense:38.400000,rcs:12.000000
timestame:1619469640.655000000,objid:6,type:0,xpos:0.000000,ypos:0.000000,xspeed:12.100000,yspeed:0.250000,angle:9.450000,distense:21.000000,rcs:29.000000
timestame:1619469640.655000000,objid:7,type:0,xpos:0.000000,ypos:0.000000,xspeed:14.900000,yspeed:0.130000,angle:2.440000,distense:65.600000,rcs:6.000000
timestame:1619469640.655000000,objid:13,type:0,xpos:0.000000,ypos:0.000000,xspeed:15.480000,yspeed:0.470000,angle:2.510000,distense:55.200000,rcs:43.000000
