timestame:1619471421.433000000,objid:3,type:0,xpos:0.000000,ypos:0.000000,xspeed:-2.310000,yspeed:-2.820000,angle:-18.000000,distense:43.200000,rcs:6.000000
timestame:1619471421.433000000,objid:9,type:0,xpos:0.000000,ypos:0.000000,xspeed:-6.570000,yspeed:0.130000,angle:-4.770000,distense:134.000000,rcs:16.000000
timestame:1619471421.433000000,objid:12,type:0,xpos:0.000000,ypos:0.000000,xspeed:-5.320000,yspeed:-0.180000,angle:-8.350000,distense:108.200000,rcs:20.000000
timestame:1619471421.433000000,objid:13,type:0,xpos:0.000000,ypos:0.000000,xspeed:-1.100000,yspeed:-0.090000,angle:10.670000,distense:75.400000,rcs:9.000000
