timestame:1619470561.339000000,objid:0,type:0,xpos:0.000000,ypos:0.000000,xspeed:5.300000,yspeed:-0.420000,angle:2.610000,distense:198.400000,rcs:9.000000
timestame:1619470561.339000000,objid:1,type:0,xpos:0.000000,ypos:0.000000,xspeed:5.630000,yspeed:-0.220000,angle:4.170000,distense:190.000000,rcs:16.000000
timestame:1619470561.339000000,objid:3,type:0,xpos:0.000000,ypos:0.000000,xspeed:9.140000,yspeed:0.240000,angle:1.880000,distense:75.200000,rcs:35.000000
