timestame:1619470831.400000000,objid:1,type:0,xpos:0.000000,ypos:0.000000,xspeed:9.240000,yspeed:0.150000,angle:3.180000,distense:107.400000,rcs:13.000000
timestame:1619470831.400000000,objid:2,type:0,xpos:0.000000,ypos:0.000000,xspeed:7.450000,yspeed:-0.120000,angle:2.870000,distense:110.800000,rcs:13.000000
timestame:1619470831.400000000,objid:3,type:0,xpos:0.000000,ypos:0.000000,xspeed:8.670000,yspeed:0.020000,angle:3.790000,distense:99.600000,rcs:19.000000
timestame:1619470831.400000000,objid:6,type:0,xpos:0.000000,ypos:0.000000,xspeed:11.580000,yspeed:-0.040000,angle:1.300000,distense:137.400000,rcs:12.000000
