timestame:1619469855.297000000,objid:0,type:0,xpos:0.000000,ypos:0.000000,xspeed:3.520000,yspeed:-4.000000,angle:-1.450000,distense:52.800000,rcs:6.000000
timestame:1619469855.297000000,objid:4,type:0,xpos:0.000000,ypos:0.000000,xspeed:-9.280000,yspeed:2.190000,angle:-4.840000,distense:46.000000,rcs:31.000000
timestame:1619469855.297000000,objid:8,type:0,xpos:0.000000,ypos:0.000000,xspeed:17.190000,yspeed:0.000000,angle:-4.450000,distense:72.400000,rcs:16.000000
timestame:1619469855.297000000,objid:10,type:0,xpos:0.000000,ypos:0.000000,xspeed:-11.250000,yspeed:-0.240000,angle:-4.900000,distense:137.200000,rcs:18.000000
