timestame:1619471262.972000000,objid:2,type:0,xpos:0.000000,ypos:0.000000,xspeed:12.760000,yspeed:0.070000,angle:3.150000,distense:112.200000,rcs:28.000000
timestame:1619471262.972000000,objid:6,type:0,xpos:0.000000,ypos:0.000000,xspeed:12.670000,yspeed:-0.070000,angle:2.960000,distense:124.200000,rcs:15.000000
timestame:1619471262.972000000,objid:10,type:0,xpos:0.000000,ypos:0.000000,xspeed:12.680000,yspeed:0.130000,angle:3.610000,distense:99.800000,rcs:31.000000
