timestame:1619471154.319000000,objid:0,type:0,xpos:0.000000,ypos:0.000000,xspeed:-1.520000,yspeed:-4.150000,angle:-7.580000,distense:60.600000,rcs:6.000000
timestame:1619471154.319000000,objid:1,type:0,xpos:0.000000,ypos:0.000000,xspeed:-7.010000,yspeed:-5.640000,angle:2.250000,distense:69.400000,rcs:13.000000
timestame:1619471154.319000000,objid:4,type:0,xpos:0.000000,ypos:0.000000,xspeed:-21.420000,yspeed:-15.010000,angle:-15.570000,distense:76.800000,rcs:12.000000
timestame:1619471154.319000000,objid:8,type:0,xpos:0.000000,ypos:0.000000,xspeed:7.300000,yspeed:2.220000,angle:-16.910000,distense:18.800000,rcs:26.000000
