timestame:1619470790.766000000,objid:0,type:0,xpos:0.000000,ypos:0.000000,xspeed:1.730000,yspeed:0.170000,angle:1.760000,distense:18.600000,rcs:34.000000
timestame:1619470790.766000000,objid:1,type:0,xpos:0.000000,ypos:0.000000,xspeed:4.130000,yspeed:-14.080000,angle:-15.930000,distense:47.400000,rcs:9.000000
timestame:1619470790.766000000,objid:2,type:0,xpos:0.000000,ypos:0.000000,xspeed:1.590000,yspeed:-8.610000,angle:-10.940000,distense:48.800000,rcs:22.000000
