timestame:1619470012.895000000,objid:0,type:0,xpos:0.000000,ypos:0.000000,xspeed:-1.950000,yspeed:-1.810000,angle:-18.000000,distense:33.600000,rcs:24.000000
timestame:1619470012.895000000,objid:2,type:0,xpos:0.000000,ypos:0.000000,xspeed:-10.710000,yspeed:-2.360000,angle:-2.100000,distense:33.400000,rcs:6.000000
timestame:1619470012.895000000,objid:9,type:0,xpos:0.000000,ypos:0.000000,xspeed:1.980000,yspeed:-1.870000,angle:-4.940000,distense:50.000000,rcs:12.000000
timestame:1619470012.895000000,objid:11,type:0,xpos:0.000000,ypos:0.000000,xspeed:-1.990000,yspeed:-9.130000,angle:14.540000,distense:40.600000,rcs:26.000000
