timestame:1619471311.440000000,objid:0,type:0,xpos:0.000000,ypos:0.000000,xspeed:3.130000,yspeed:1.420000,angle:20.490000,distense:40.800000,rcs:9.000000
timestame:1619471311.440000000,objid:2,type:0,xpos:0.000000,ypos:0.000000,xspeed:3.230000,yspeed:2.590000,angle:-14.990000,distense:40.600000,rcs:12.000000
timestame:1619471311.440000000,objid:3,type:0,xpos:0.000000,ypos:0.000000,xspeed:3.520000,yspeed:1.940000,angle:-16.720000,distense:33.600000,rcs:22.000000
timestame:1619471311.440000000,objid:4,type:0,xpos:0.000000,ypos:0.000000,xspeed:-1.170000,yspeed:5.400000,angle:-5.370000,distense:38.400000,rcs:21.000000
