timestame:1619471408.259000000,objid:1,type:0,xpos:0.000000,ypos:0.000000,xspeed:-2.620000,yspeed:-5.990000,angle:-6.390000,distense:41.800000,rcs:43.000000
timestame:1619471408.259000000,objid:5,type:0,xpos:0.000000,ypos:0.000000,xspeed:-1.350000,yspeed:9.050000,angle:-11.010000,distense:43.000000,rcs:6.000000
timestame:1619471408.259000000,objid:7,type:0,xpos:0.000000,ypos:0.000000,xspeed:-1.410000,yspeed:-2.890000,angle:-9.330000,distense:41.200000,rcs:27.000000
timestame:1619471408.259000000,objid:12,type:0,xpos:0.000000,ypos:0.000000,xspeed:-11.140000,yspeed:2.630000,angle:-3.220000,distense:203.200000,rcs:12.000000
