timestame:1619470236.883000000,objid:3,type:0,xpos:0.000000,ypos:0.000000,xspeed:-1.390000,yspeed:-3.510000,angle:-17.890000,distense:41.400000,rcs:19.000000
timestame:1619470236.883000000,objid:9,type:0,xpos:0.000000,ypos:0.000000,xspeed:-1.170000,yspeed:-2.410000,angle:-18.000000,distense:38.800000,rcs:20.000000
timestame:1619470236.883000000,objid:11,type:0,xpos:0.000000,ypos:0.000000,xspeed:-5.130000,yspeed:0.030000,angle:-4.950000,distense:126.400000,rcs:12.000000
timestame:1619470236.883000000,objid:14,type:0,xpos:0.000000,ypos:0.000000,xspeed:1.030000,yspeed:0.070000,angle:-18.000000,distense:35.600000,rcs:20.000000
