timestame:1619469657.891000000,objid:7,type:0,xpos:0.000000,ypos:0.000000,xspeed:24.660000,yspeed:0.410000,angle:1.010000,distense:207.800000,rcs:16.000000
timestame:1619469657.891000000,objid:8,type:0,xpos:0.000000,ypos:0.000000,xspeed:2.120000,yspeed:3.210000,angle:-9.120000,distense:40.400000,rcs:6.000000
