timestame:1619471033.855000000,objid:0,type:0,xpos:0.000000,ypos:0.000000,xspeed:-1.540000,yspeed:-1.450000,angle:-18.000000,distense:39.000000,rcs:16.000000
timestame:1619471033.855000000,objid:6,type:0,xpos:0.000000,ypos:0.000000,xspeed:3.470000,yspeed:3.450000,angle:-10.530000,distense:40.000000,rcs:6.000000
timestame:1619471033.855000000,objid:8,type:0,xpos:0.000000,ypos:0.000000,xspeed:-2.160000,yspeed:-0.880000,angle:-18.000000,distense:35.600000,rcs:15.000000
timestame:1619471033.855000000,objid:14,type:0,xpos:0.000000,ypos:0.000000,xspeed:-1.940000,yspeed:-3.350000,angle:6.730000,distense:43.400000,rcs:41.000000
