timestame:1619470168.909000000,objid:0,type:0,xpos:0.000000,ypos:0.000000,xspeed:6.730000,yspeed:0.310000,angle:2.270000,distense:50.800000,rcs:28.000000
timestame:1619470168.909000000,objid:1,type:0,xpos:0.000000,ypos:0.000000,xspeed:10.310000,yspeed:0.020000,angle:1.590000,distense:19.200000,rcs:33.000000
timestame:1619470168.909000000,objid:2,type:0,xpos:0.000000,ypos:0.000000,xspeed:25.050000,yspeed:0.000000,angle:17.810000,distense:23.400000,rcs:6.000000
timestame:1619470168.909000000,objid:3,type:0,xpos:0.000000,ypos:0.000000,xspeed:8.510000,yspeed:0.110000,angle:5.000000,distense:84.600000,rcs:21.000000
