timestame:1619469685.637000000,objid:2,type:0,xpos:0.000000,ypos:0.000000,xspeed:-1.600000,yspeed:5.450000,angle:-18.000000,distense:47.200000,rcs:12.000000
timestame:1619469685.637000000,objid:4,type:0,xpos:0.000000,ypos:0.000000,xspeed:-1.990000,yspeed:8.120000,angle:-12.320000,distense:47.800000,rcs:16.000000
timestame:1619469685.637000000,objid:5,type:0,xpos:0.000000,ypos:0.000000,xspeed:1.280000,yspeed:-4.580000,angle:12.790000,distense:48.800000,rcs:34.000000
timestame:1619469685.637000000,objid:6,type:0,xpos:0.000000,ypos:0.000000,xspeed:-2.960000,yspeed:4.640000,angle:-16.090000,distense:45.800000,rcs:13.000000
