timestame:1619470708.529000000,objid:1,type:0,xpos:0.000000,ypos:0.000000,xspeed:12.570000,yspeed:0.250000,angle:2.190000,distense:196.000000,rcs:13.000000
timestame:1619470708.529000000,objid:2,type:0,xpos:0.000000,ypos:0.000000,xspeed:3.620000,yspeed:0.530000,angle:-17.580000,distense:20.800000,rcs:26.000000
timestame:1619470708.529000000,objid:3,type:0,xpos:0.000000,ypos:0.000000,xspeed:19.110000,yspeed:13.600000,angle:-16.850000,distense:36.000000,rcs:18.000000
timestame:1619470708.529000000,objid:7,type:0,xpos:0.000000,ypos:0.000000,xspeed:10.700000,yspeed:7.030000,angle:-11.990000,distense:19.400000,rcs:15.000000
