timestame:1619471006.379000000,objid:2,type:0,xpos:0.000000,ypos:0.000000,xspeed:-7.060000,yspeed:3.060000,angle:-8.150000,distense:108.600000,rcs:18.000000
timestame:1619471006.379000000,objid:7,type:0,xpos:0.000000,ypos:0.000000,xspeed:-2.610000,yspeed:7.510000,angle:-18.000000,distense:47.000000,rcs:15.000000
timestame:1619471006.379000000,objid:9,type:0,xpos:0.000000,ypos:0.000000,xspeed:-7.320000,yspeed:-6.910000,angle:-8.400000,distense:111.200000,rcs:18.000000
