timestame:1619470974.749000000,objid:0,type:0,xpos:0.000000,ypos:0.000000,xspeed:6.460000,yspeed:0.100000,angle:3.610000,distense:111.800000,rcs:24.000000
timestame:1619470974.749000000,objid:3,type:0,xpos:0.000000,ypos:0.000000,xspeed:7.240000,yspeed:-0.240000,angle:2.320000,distense:121.800000,rcs:6.000000
timestame:1619470974.749000000,objid:9,type:0,xpos:0.000000,ypos:0.000000,xspeed:2.070000,yspeed:3.390000,angle:-8.170000,distense:42.200000,rcs:9.000000
