timestame:1619470637.027000000,objid:2,type:0,xpos:0.000000,ypos:0.000000,xspeed:3.500000,yspeed:-7.560000,angle:-0.870000,distense:51.400000,rcs:20.000000
timestame:1619470637.027000000,objid:3,type:0,xpos:0.000000,ypos:0.000000,xspeed:4.260000,yspeed:-14.170000,angle:-0.080000,distense:50.800000,rcs:6.000000
timestame:1619470637.027000000,objid:4,type:0,xpos:0.000000,ypos:0.000000,xspeed:-6.160000,yspeed:8.660000,angle:-3.460000,distense:209.000000,rcs:13.000000
timestame:1619470637.027000000,objid:6,type:0,xpos:0.000000,ypos:0.000000,xspeed:3.250000,yspeed:-10.200000,angle:2.620000,distense:50.400000,rcs:32.000000
