timestame:1619469527.193000000,objid:2,type:0,xpos:0.000000,ypos:0.000000,xspeed:2.520000,yspeed:-3.580000,angle:-18.000000,distense:60.600000,rcs:31.000000
timestame:1619469527.193000000,objid:3,type:0,xpos:0.000000,ypos:0.000000,xspeed:-2.190000,yspeed:0.450000,angle:-18.000000,distense:59.000000,rcs:6.000000
timestame:1619469527.193000000,objid:11,type:0,xpos:0.000000,ypos:0.000000,xspeed:1.590000,yspeed:-4.800000,angle:-18.000000,distense:71.200000,rcs:12.000000
