timestame:1619471041.173000000,objid:2,type:0,xpos:0.000000,ypos:0.000000,xspeed:-2.280000,yspeed:-1.220000,angle:-18.000000,distense:35.600000,rcs:15.000000
timestame:1619471041.173000000,objid:6,type:0,xpos:0.000000,ypos:0.000000,xspeed:-3.880000,yspeed:-5.310000,angle:-18.000000,distense:38.200000,rcs:20.000000
timestame:1619471041.173000000,objid:7,type:0,xpos:0.000000,ypos:0.000000,xspeed:2.230000,yspeed:-2.030000,angle:-17.490000,distense:40.000000,rcs:28.000000
timestame:1619471041.173000000,objid:10,type:0,xpos:0.000000,ypos:0.000000,xspeed:-3.540000,yspeed:-10.950000,angle:-18.000000,distense:39.800000,rcs:21.000000
