timestame:1619469657.829000000,objid:7,type:0,xpos:0.000000,ypos:0.000000,xspeed:24.630000,yspeed:0.390000,angle:1.000000,distense:206.200000,rcs:13.000000
timestame:1619469657.829000000,objid:8,type:0,xpos:0.000000,ypos:0.000000,xspeed:2.070000,yspeed:3.310000,angle:-8.990000,distense:40.200000,rcs:12.000000
