timestame:1619469482.256000000,objid:1,type:0,xpos:0.000000,ypos:0.000000,xspeed:-4.340000,yspeed:-2.730000,angle:-11.600000,distense:82.000000,rcs:19.000000
timestame:1619469482.256000000,objid:3,type:0,xpos:0.000000,ypos:0.000000,xspeed:4.350000,yspeed:-0.740000,angle:12.990000,distense:12.400000,rcs:22.000000
timestame:1619469482.256000000,objid:7,type:0,xpos:0.000000,ypos:0.000000,xspeed:-1.870000,yspeed:-0.290000,angle:-10.160000,distense:92.600000,rcs:12.000000
