timestame:1619469658.198000000,objid:7,type:0,xpos:0.000000,ypos:0.000000,xspeed:24.840000,yspeed:0.470000,angle:1.060000,distense:215.600000,rcs:6.000000
timestame:1619469658.198000000,objid:8,type:0,xpos:0.000000,ypos:0.000000,xspeed:1.910000,yspeed:3.270000,angle:-8.010000,distense:41.000000,rcs:9.000000
