timestame:1619470448.667000000,objid:0,type:0,xpos:0.000000,ypos:0.000000,xspeed:18.630000,yspeed:0.580000,angle:1.260000,distense:213.800000,rcs:6.000000
timestame:1619470448.667000000,objid:1,type:0,xpos:0.000000,ypos:0.000000,xspeed:-5.540000,yspeed:-2.380000,angle:4.880000,distense:172.200000,rcs:6.000000
timestame:1619470448.667000000,objid:2,type:0,xpos:0.000000,ypos:0.000000,xspeed:4.730000,yspeed:-0.210000,angle:6.050000,distense:112.600000,rcs:24.000000
