timestame:1619470568.210000000,objid:1,type:0,xpos:0.000000,ypos:0.000000,xspeed:4.180000,yspeed:2.570000,angle:-15.380000,distense:30.800000,rcs:18.000000
timestame:1619470568.210000000,objid:3,type:0,xpos:0.000000,ypos:0.000000,xspeed:15.210000,yspeed:0.090000,angle:1.080000,distense:169.000000,rcs:27.000000
timestame:1619470568.210000000,objid:8,type:0,xpos:0.000000,ypos:0.000000,xspeed:3.610000,yspeed:4.350000,angle:-9.120000,distense:45.000000,rcs:12.000000
