timestame:1619470078.424000000,objid:0,type:0,xpos:0.000000,ypos:0.000000,xspeed:-2.190000,yspeed:7.160000,angle:2.280000,distense:53.000000,rcs:6.000000
timestame:1619470078.424000000,objid:2,type:0,xpos:0.000000,ypos:0.000000,xspeed:3.380000,yspeed:-1.610000,angle:-0.320000,distense:18.800000,rcs:20.000000
timestame:1619470078.424000000,objid:4,type:0,xpos:0.000000,ypos:0.000000,xspeed:-6.500000,yspeed:11.750000,angle:-8.990000,distense:51.000000,rcs:13.000000
