timestame:1619469774.145000000,objid:1,type:0,xpos:0.000000,ypos:0.000000,xspeed:3.790000,yspeed:2.170000,angle:-14.950000,distense:33.600000,rcs:9.000000
timestame:1619469774.145000000,objid:3,type:0,xpos:0.000000,ypos:0.000000,xspeed:4.890000,yspeed:-3.620000,angle:18.770000,distense:17.400000,rcs:20.000000
timestame:1619469774.145000000,objid:7,type:0,xpos:0.000000,ypos:0.000000,xspeed:3.110000,yspeed:3.340000,angle:-10.280000,distense:43.400000,rcs:6.000000
