timestame:1619470212.776000000,objid:1,type:0,xpos:0.000000,ypos:0.000000,xspeed:-3.070000,yspeed:8.260000,angle:-15.590000,distense:43.400000,rcs:16.000000
timestame:1619470212.776000000,objid:2,type:0,xpos:0.000000,ypos:0.000000,xspeed:-2.200000,yspeed:8.020000,angle:-11.910000,distense:42.800000,rcs:13.000000
timestame:1619470212.776000000,objid:3,type:0,xpos:0.000000,ypos:0.000000,xspeed:2.530000,yspeed:-7.650000,angle:-12.610000,distense:47.800000,rcs:15.000000
