timestame:1619469562.437000000,objid:3,type:0,xpos:0.000000,ypos:0.000000,xspeed:1.560000,yspeed:-1.750000,angle:5.940000,distense:44.000000,rcs:32.000000
timestame:1619469562.437000000,objid:4,type:0,xpos:0.000000,ypos:0.000000,xspeed:3.730000,yspeed:-6.570000,angle:-13.040000,distense:45.400000,rcs:25.000000
