timestame:1619471460.005000000,objid:1,type:0,xpos:0.000000,ypos:0.000000,xspeed:-8.510000,yspeed:-8.370000,angle:-4.640000,distense:130.000000,rcs:12.000000
timestame:1619471460.005000000,objid:3,type:0,xpos:0.000000,ypos:0.000000,xspeed:-8.250000,yspeed:-6.480000,angle:-4.570000,distense:199.200000,rcs:12.000000
