timestame:1619470859.395000000,objid:0,type:0,xpos:0.000000,ypos:0.000000,xspeed:6.030000,yspeed:3.730000,angle:-16.530000,distense:39.000000,rcs:6.000000
timestame:1619470859.395000000,objid:1,type:0,xpos:0.000000,ypos:0.000000,xspeed:3.320000,yspeed:-0.080000,angle:-13.300000,distense:39.400000,rcs:9.000000
