timestame:1619471026.966000000,objid:0,type:0,xpos:0.000000,ypos:0.000000,xspeed:-2.950000,yspeed:-3.230000,angle:-18.000000,distense:31.400000,rcs:6.000000
timestame:1619471026.966000000,objid:2,type:0,xpos:0.000000,ypos:0.000000,xspeed:6.080000,yspeed:0.170000,angle:-17.440000,distense:18.800000,rcs:15.000000
timestame:1619471026.966000000,objid:3,type:0,xpos:0.000000,ypos:0.000000,xspeed:-3.690000,yspeed:-2.460000,angle:-18.000000,distense:28.800000,rcs:6.000000
timestame:1619471026.966000000,objid:8,type:0,xpos:0.000000,ypos:0.000000,xspeed:-1.890000,yspeed:5.550000,angle:-13.120000,distense:40.600000,rcs:6.000000
