timestame:1619469841.317000000,objid:4,type:0,xpos:0.000000,ypos:0.000000,xspeed:16.890000,yspeed:0.000000,angle:11.010000,distense:46.800000,rcs:23.000000
timestame:1619469841.317000000,objid:15,type:0,xpos:0.000000,ypos:0.000000,xspeed:2.720000,yspeed:0.200000,angle:15.060000,distense:26.200000,rcs:15.000000
timestame:1619469841.317000000,objid:16,type:0,xpos:0.000000,ypos:0.000000,xspeed:2.050000,yspeed:0.400000,angle:12.690000,distense:14.800000,rcs:32.000000
timestame:1619469841.317000000,objid:20,type:0,xpos:0.000000,ypos:0.000000,xspeed:-1.790000,yspeed:0.290000,angle:-9.690000,distense:90.000000,rcs:20.000000
