timestame:1619471520.408000000,objid:7,type:0,xpos:0.000000,ypos:0.000000,xspeed:16.710000,yspeed:0.240000,angle:1.390000,distense:222.600000,rcs:25.000000
timestame:1619471520.408000000,objid:10,type:0,xpos:0.000000,ypos:0.000000,xspeed:16.620000,yspeed:0.280000,angle:1.350000,distense:211.800000,rcs:28.000000
