timestame:1619469622.235000000,objid:1,type:0,xpos:0.000000,ypos:0.000000,xspeed:-3.560000,yspeed:0.030000,angle:-15.320000,distense:62.000000,rcs:22.000000
timestame:1619469622.235000000,objid:2,type:0,xpos:0.000000,ypos:0.000000,xspeed:-3.940000,yspeed:-0.180000,angle:-13.260000,distense:73.800000,rcs:25.000000
timestame:1619469622.235000000,objid:4,type:0,xpos:0.000000,ypos:0.000000,xspeed:-15.200000,yspeed:0.080000,angle:-7.870000,distense:78.400000,rcs:26.000000
