timestame:1619471410.805000000,objid:2,type:0,xpos:0.000000,ypos:0.000000,xspeed:-4.090000,yspeed:-1.850000,angle:-18.000000,distense:39.000000,rcs:29.000000
timestame:1619471410.805000000,objid:4,type:0,xpos:0.000000,ypos:0.000000,xspeed:-1.590000,yspeed:-0.180000,angle:-1.190000,distense:41.800000,rcs:25.000000
timestame:1619471410.805000000,objid:7,type:0,xpos:0.000000,ypos:0.000000,xspeed:-2.450000,yspeed:-3.090000,angle:-18.000000,distense:37.000000,rcs:20.000000
timestame:1619471410.805000000,objid:12,type:0,xpos:0.000000,ypos:0.000000,xspeed:-9.320000,yspeed:-0.300000,angle:-4.340000,distense:180.000000,rcs:13.000000
