timestame:1619470756.727000000,objid:2,type:0,xpos:0.000000,ypos:0.000000,xspeed:-1.780000,yspeed:-0.940000,angle:-18.000000,distense:32.200000,rcs:12.000000
timestame:1619470756.727000000,objid:10,type:0,xpos:0.000000,ypos:0.000000,xspeed:-3.230000,yspeed:-0.530000,angle:-18.000000,distense:27.600000,rcs:13.000000
timestame:1619470756.727000000,objid:11,type:0,xpos:0.000000,ypos:0.000000,xspeed:-2.860000,yspeed:-0.080000,angle:-18.000000,distense:25.800000,rcs:12.000000
