timestame:1619470475.095000000,objid:1,type:0,xpos:0.000000,ypos:0.000000,xspeed:-11.340000,yspeed:-0.300000,angle:-4.900000,distense:136.000000,rcs:15.000000
timestame:1619470475.095000000,objid:2,type:0,xpos:0.000000,ypos:0.000000,xspeed:1.180000,yspeed:-0.530000,angle:13.920000,distense:72.200000,rcs:6.000000
