timestame:1619470128.807000000,objid:2,type:0,xpos:0.000000,ypos:0.000000,xspeed:10.480000,yspeed:8.260000,angle:17.600000,distense:34.400000,rcs:12.000000
timestame:1619470128.807000000,objid:7,type:0,xpos:0.000000,ypos:0.000000,xspeed:-9.860000,yspeed:0.420000,angle:-4.670000,distense:122.400000,rcs:13.000000
timestame:1619470128.807000000,objid:9,type:0,xpos:0.000000,ypos:0.000000,xspeed:5.330000,yspeed:0.780000,angle:22.680000,distense:22.800000,rcs:22.000000
