timestame:1619471095.655000000,objid:0,type:0,xpos:0.000000,ypos:0.000000,xspeed:-36.720000,yspeed:0.000000,angle:-8.780000,distense:84.800000,rcs:13.000000
timestame:1619471095.655000000,objid:2,type:0,xpos:0.000000,ypos:0.000000,xspeed:7.780000,yspeed:-0.040000,angle:1.550000,distense:84.400000,rcs:39.000000
