timestame:1619470463.082000000,objid:0,type:0,xpos:0.000000,ypos:0.000000,xspeed:-14.350000,yspeed:-0.640000,angle:-11.590000,distense:63.600000,rcs:24.000000
timestame:1619470463.082000000,objid:2,type:0,xpos:0.000000,ypos:0.000000,xspeed:6.090000,yspeed:0.070000,angle:3.150000,distense:193.800000,rcs:15.000000
