timestame:1619471364.635000000,objid:1,type:0,xpos:0.000000,ypos:0.000000,xspeed:4.270000,yspeed:-0.270000,angle:4.040000,distense:97.000000,rcs:12.000000
timestame:1619471364.635000000,objid:2,type:0,xpos:0.000000,ypos:0.000000,xspeed:7.060000,yspeed:-0.220000,angle:3.690000,distense:102.400000,rcs:20.000000
timestame:1619471364.635000000,objid:4,type:0,xpos:0.000000,ypos:0.000000,xspeed:6.670000,yspeed:0.110000,angle:4.740000,distense:95.400000,rcs:6.000000
timestame:1619471364.635000000,objid:7,type:0,xpos:0.000000,ypos:0.000000,xspeed:10.980000,yspeed:0.320000,angle:1.680000,distense:125.000000,rcs:24.000000
