timestame:1619470044.401000000,objid:0,type:0,xpos:0.000000,ypos:0.000000,xspeed:4.870000,yspeed:0.030000,angle:5.360000,distense:66.000000,rcs:12.000000
timestame:1619470044.401000000,objid:1,type:0,xpos:0.000000,ypos:0.000000,xspeed:13.300000,yspeed:-0.010000,angle:0.950000,distense:191.200000,rcs:6.000000
timestame:1619470044.401000000,objid:3,type:0,xpos:0.000000,ypos:0.000000,xspeed:14.140000,yspeed:0.160000,angle:1.330000,distense:166.800000,rcs:18.000000
timestame:1619470044.401000000,objid:5,type:0,xpos:0.000000,ypos:0.000000,xspeed:5.640000,yspeed:0.550000,angle:6.220000,distense:56.400000,rcs:40.000000
