timestame:1619469996.335000000,objid:11,type:0,xpos:0.000000,ypos:0.000000,xspeed:-1.270000,yspeed:-1.010000,angle:-18.000000,distense:34.800000,rcs:15.000000
timestame:1619469996.335000000,objid:15,type:0,xpos:0.000000,ypos:0.000000,xspeed:-1.490000,yspeed:-2.620000,angle:-18.000000,distense:35.600000,rcs:32.000000
timestame:1619469996.335000000,objid:24,type:0,xpos:0.000000,ypos:0.000000,xspeed:1.630000,yspeed:3.530000,angle:-6.180000,distense:42.000000,rcs:6.000000
