timestame:1619470491.965000000,objid:0,type:0,xpos:0.000000,ypos:0.000000,xspeed:1.560000,yspeed:-4.670000,angle:12.060000,distense:45.800000,rcs:29.000000
timestame:1619470491.965000000,objid:2,type:0,xpos:0.000000,ypos:0.000000,xspeed:1.460000,yspeed:-5.700000,angle:20.390000,distense:56.800000,rcs:20.000000
