timestame:1619469787.701000000,objid:1,type:0,xpos:0.000000,ypos:0.000000,xspeed:-16.050000,yspeed:0.010000,angle:-10.520000,distense:81.400000,rcs:25.000000
timestame:1619469787.701000000,objid:2,type:0,xpos:0.000000,ypos:0.000000,xspeed:16.920000,yspeed:0.290000,angle:1.070000,distense:223.600000,rcs:12.000000
timestame:1619469787.701000000,objid:4,type:0,xpos:0.000000,ypos:0.000000,xspeed:-16.810000,yspeed:-0.640000,angle:-13.330000,distense:72.000000,rcs:13.000000
timestame:1619469787.701000000,objid:10,type:0,xpos:0.000000,ypos:0.000000,xspeed:17.110000,yspeed:0.260000,angle:1.150000,distense:211.600000,rcs:30.000000
