timestame:1619469531.721000000,objid:1,type:0,xpos:0.000000,ypos:0.000000,xspeed:1.770000,yspeed:-4.780000,angle:-18.000000,distense:77.600000,rcs:12.000000
timestame:1619469531.721000000,objid:4,type:0,xpos:0.000000,ypos:0.000000,xspeed:15.770000,yspeed:2.670000,angle:2.760000,distense:24.800000,rcs:40.000000
timestame:1619469531.721000000,objid:7,type:0,xpos:0.000000,ypos:0.000000,xspeed:17.630000,yspeed:-0.080000,angle:1.170000,distense:32.800000,rcs:38.000000
