timestame:1619469879.614000000,objid:6,type:0,xpos:0.000000,ypos:0.000000,xspeed:-4.520000,yspeed:-2.710000,angle:-18.000000,distense:33.200000,rcs:21.000000
timestame:1619469879.614000000,objid:15,type:0,xpos:0.000000,ypos:0.000000,xspeed:-1.020000,yspeed:-4.320000,angle:-7.230000,distense:41.400000,rcs:28.000000
