timestame:1619469932.457000000,objid:0,type:0,xpos:0.000000,ypos:0.000000,xspeed:-1.030000,yspeed:2.800000,angle:-17.330000,distense:37.400000,rcs:12.000000
timestame:1619469932.457000000,objid:1,type:0,xpos:0.000000,ypos:0.000000,xspeed:8.290000,yspeed:0.360000,angle:1.620000,distense:219.200000,rcs:12.000000
timestame:1619469932.457000000,objid:8,type:0,xpos:0.000000,ypos:0.000000,xspeed:8.380000,yspeed:0.520000,angle:1.560000,distense:212.600000,rcs:26.000000
