timestame:1619470535.096000000,objid:0,type:0,xpos:0.000000,ypos:0.000000,xspeed:5.610000,yspeed:1.240000,angle:17.070000,distense:27.600000,rcs:25.000000
timestame:1619470535.096000000,objid:1,type:0,xpos:0.000000,ypos:0.000000,xspeed:-13.860000,yspeed:-14.720000,angle:3.150000,distense:32.800000,rcs:6.000000
