timestame:1619470053.452000000,objid:0,type:0,xpos:0.000000,ypos:0.000000,xspeed:7.730000,yspeed:-0.110000,angle:2.640000,distense:132.000000,rcs:6.000000
timestame:1619470053.452000000,objid:5,type:0,xpos:0.000000,ypos:0.000000,xspeed:8.180000,yspeed:0.010000,angle:3.160000,distense:123.400000,rcs:24.000000
