timestame:1619469929.785000000,objid:1,type:0,xpos:0.000000,ypos:0.000000,xspeed:7.700000,yspeed:0.180000,angle:1.430000,distense:196.200000,rcs:13.000000
timestame:1619469929.785000000,objid:8,type:0,xpos:0.000000,ypos:0.000000,xspeed:7.640000,yspeed:0.010000,angle:1.100000,distense:189.400000,rcs:23.000000
