timestame:1619469821.429000000,objid:1,type:0,xpos:0.000000,ypos:0.000000,xspeed:1.210000,yspeed:-6.780000,angle:-18.000000,distense:63.200000,rcs:15.000000
timestame:1619469821.429000000,objid:4,type:0,xpos:0.000000,ypos:0.000000,xspeed:-1.670000,yspeed:11.660000,angle:-17.480000,distense:41.000000,rcs:13.000000
timestame:1619469821.429000000,objid:11,type:0,xpos:0.000000,ypos:0.000000,xspeed:-5.240000,yspeed:-0.360000,angle:-6.090000,distense:141.600000,rcs:15.000000
timestame:1619469821.429000000,objid:16,type:0,xpos:0.000000,ypos:0.000000,xspeed:-2.810000,yspeed:9.650000,angle:20.760000,distense:44.600000,rcs:15.000000
