timestame:1619471559.565000000,objid:3,type:0,xpos:0.000000,ypos:0.000000,xspeed:-1.840000,yspeed:-2.570000,angle:-3.100000,distense:37.400000,rcs:27.000000
timestame:1619471559.565000000,objid:6,type:0,xpos:0.000000,ypos:0.000000,xspeed:12.590000,yspeed:-5.120000,angle:-18.000000,distense:40.600000,rcs:15.000000
timestame:1619471559.565000000,objid:7,type:0,xpos:0.000000,ypos:0.000000,xspeed:-2.470000,yspeed:-1.310000,angle:-18.000000,distense:31.200000,rcs:13.000000
timestame:1619471559.565000000,objid:12,type:0,xpos:0.000000,ypos:0.000000,xspeed:2.570000,yspeed:2.340000,angle:-12.970000,distense:38.400000,rcs:9.000000
