timestame:1619471266.127000000,objid:0,type:0,xpos:0.000000,ypos:0.000000,xspeed:13.010000,yspeed:0.450000,angle:2.690000,distense:178.200000,rcs:6.000000
timestame:1619471266.127000000,objid:2,type:0,xpos:0.000000,ypos:0.000000,xspeed:13.180000,yspeed:0.100000,angle:2.430000,distense:154.200000,rcs:20.000000
timestame:1619471266.127000000,objid:6,type:0,xpos:0.000000,ypos:0.000000,xspeed:13.160000,yspeed:-0.010000,angle:2.200000,distense:166.200000,rcs:12.000000
timestame:1619471266.127000000,objid:10,type:0,xpos:0.000000,ypos:0.000000,xspeed:13.220000,yspeed:0.010000,angle:2.420000,distense:141.800000,rcs:19.000000
