timestame:1619470106.037000000,objid:1,type:0,xpos:0.000000,ypos:0.000000,xspeed:6.450000,yspeed:0.360000,angle:19.710000,distense:31.000000,rcs:29.000000
timestame:1619470106.037000000,objid:3,type:0,xpos:0.000000,ypos:0.000000,xspeed:5.530000,yspeed:0.000000,angle:22.620000,distense:39.800000,rcs:9.000000
timestame:1619470106.037000000,objid:9,type:0,xpos:0.000000,ypos:0.000000,xspeed:4.020000,yspeed:2.460000,angle:-15.700000,distense:28.800000,rcs:27.000000
