timestame:1619469969.809000000,objid:0,type:0,xpos:0.000000,ypos:0.000000,xspeed:-2.450000,yspeed:-4.660000,angle:-15.720000,distense:35.600000,rcs:25.000000
timestame:1619469969.809000000,objid:14,type:0,xpos:0.000000,ypos:0.000000,xspeed:-2.190000,yspeed:-3.090000,angle:-18.000000,distense:34.800000,rcs:24.000000
timestame:1619469969.809000000,objid:16,type:0,xpos:0.000000,ypos:0.000000,xspeed:-4.340000,yspeed:-8.190000,angle:-18.000000,distense:39.600000,rcs:6.000000
timestame:1619469969.809000000,objid:19,type:0,xpos:0.000000,ypos:0.000000,xspeed:-2.640000,yspeed:-1.440000,angle:-18.000000,distense:28.000000,rcs:9.000000
