timestame:1619471252.515000000,objid:1,type:0,xpos:0.000000,ypos:0.000000,xspeed:2.430000,yspeed:3.040000,angle:2.820000,distense:78.600000,rcs:9.000000
timestame:1619471252.515000000,objid:3,type:0,xpos:0.000000,ypos:0.000000,xspeed:-17.020000,yspeed:-0.470000,angle:-5.920000,distense:140.200000,rcs:12.000000
