timestame:1619470462.580000000,objid:0,type:0,xpos:0.000000,ypos:0.000000,xspeed:-14.800000,yspeed:-0.700000,angle:-10.430000,distense:69.600000,rcs:24.000000
timestame:1619470462.580000000,objid:2,type:0,xpos:0.000000,ypos:0.000000,xspeed:6.040000,yspeed:0.180000,angle:3.270000,distense:190.800000,rcs:15.000000
