timestame:1619470683.470000000,objid:0,type:0,xpos:0.000000,ypos:0.000000,xspeed:-3.850000,yspeed:-0.130000,angle:-17.070000,distense:57.800000,rcs:27.000000
timestame:1619470683.470000000,objid:2,type:0,xpos:0.000000,ypos:0.000000,xspeed:-1.850000,yspeed:-0.320000,angle:-12.950000,distense:71.600000,rcs:23.000000
timestame:1619470683.470000000,objid:5,type:0,xpos:0.000000,ypos:0.000000,xspeed:4.370000,yspeed:-0.460000,angle:18.520000,distense:23.000000,rcs:12.000000
timestame:1619470683.470000000,objid:7,type:0,xpos:0.000000,ypos:0.000000,xspeed:-6.920000,yspeed:0.140000,angle:-13.740000,distense:65.800000,rcs:24.000000
