timestame:1619469562.623000000,objid:3,type:0,xpos:0.000000,ypos:0.000000,xspeed:1.130000,yspeed:-1.840000,angle:5.470000,distense:43.800000,rcs:33.000000
timestame:1619469562.623000000,objid:4,type:0,xpos:0.000000,ypos:0.000000,xspeed:7.930000,yspeed:-12.280000,angle:-16.260000,distense:46.000000,rcs:18.000000
timestame:1619469562.623000000,objid:14,type:0,xpos:0.000000,ypos:0.000000,xspeed:35.830000,yspeed:0.000000,angle:-16.690000,distense:57.200000,rcs:19.000000
