timestame:1619471448.012000000,objid:3,type:0,xpos:0.000000,ypos:0.000000,xspeed:-3.430000,yspeed:-0.050000,angle:-5.760000,distense:109.600000,rcs:12.000000
timestame:1619471448.012000000,objid:11,type:0,xpos:0.000000,ypos:0.000000,xspeed:-3.000000,yspeed:-0.680000,angle:-7.940000,distense:99.800000,rcs:20.000000
timestame:1619471448.012000000,objid:13,type:0,xpos:0.000000,ypos:0.000000,xspeed:-3.020000,yspeed:0.000000,angle:15.780000,distense:49.400000,rcs:16.000000
