timestame:1619469914.099000000,objid:0,type:0,xpos:0.000000,ypos:0.000000,xspeed:-6.370000,yspeed:1.850000,angle:-18.000000,distense:31.600000,rcs:6.000000
timestame:1619469914.099000000,objid:1,type:0,xpos:0.000000,ypos:0.000000,xspeed:4.990000,yspeed:0.090000,angle:1.720000,distense:95.600000,rcs:19.000000
timestame:1619469914.099000000,objid:2,type:0,xpos:0.000000,ypos:0.000000,xspeed:12.490000,yspeed:0.270000,angle:2.550000,distense:181.200000,rcs:18.000000
timestame:1619469914.099000000,objid:8,type:0,xpos:0.000000,ypos:0.000000,xspeed:4.900000,yspeed:-0.110000,angle:1.750000,distense:88.600000,rcs:29.000000
