timestame:1619471086.399000000,objid:0,type:0,xpos:0.000000,ypos:0.000000,xspeed:8.460000,yspeed:0.400000,angle:1.570000,distense:57.200000,rcs:28.000000
timestame:1619471086.399000000,objid:4,type:0,xpos:0.000000,ypos:0.000000,xspeed:-24.350000,yspeed:2.320000,angle:-4.370000,distense:128.200000,rcs:6.000000
timestame:1619471086.399000000,objid:11,type:0,xpos:0.000000,ypos:0.000000,xspeed:2.620000,yspeed:0.120000,angle:2.510000,distense:22.000000,rcs:41.000000
