timestame:1619470190.419000000,objid:1,type:0,xpos:0.000000,ypos:0.000000,xspeed:4.850000,yspeed:2.750000,angle:4.770000,distense:134.000000,rcs:27.000000
timestame:1619470190.419000000,objid:2,type:0,xpos:0.000000,ypos:0.000000,xspeed:-5.860000,yspeed:3.500000,angle:-1.170000,distense:48.600000,rcs:36.000000
timestame:1619470190.419000000,objid:7,type:0,xpos:0.000000,ypos:0.000000,xspeed:3.510000,yspeed:0.480000,angle:6.120000,distense:139.400000,rcs:12.000000
