timestame:1619470129.121000000,objid:7,type:0,xpos:0.000000,ypos:0.000000,xspeed:-9.680000,yspeed:0.160000,angle:-4.960000,distense:119.800000,rcs:16.000000
timestame:1619470129.121000000,objid:8,type:0,xpos:0.000000,ypos:0.000000,xspeed:-4.670000,yspeed:0.000000,angle:16.080000,distense:25.600000,rcs:13.000000
timestame:1619470129.121000000,objid:9,type:0,xpos:0.000000,ypos:0.000000,xspeed:5.870000,yspeed:1.380000,angle:22.420000,distense:25.200000,rcs:30.000000
