timestame:1619469931.584000000,objid:0,type:0,xpos:0.000000,ypos:0.000000,xspeed:-1.520000,yspeed:1.980000,angle:-18.000000,distense:38.800000,rcs:6.000000
timestame:1619469931.584000000,objid:1,type:0,xpos:0.000000,ypos:0.000000,xspeed:8.220000,yspeed:0.260000,angle:1.510000,distense:211.600000,rcs:9.000000
timestame:1619469931.584000000,objid:8,type:0,xpos:0.000000,ypos:0.000000,xspeed:8.130000,yspeed:0.320000,angle:1.350000,distense:204.600000,rcs:28.000000
