timestame:1619470768.768000000,objid:0,type:0,xpos:0.000000,ypos:0.000000,xspeed:-12.230000,yspeed:-1.140000,angle:-5.310000,distense:166.800000,rcs:16.000000
timestame:1619470768.768000000,objid:1,type:0,xpos:0.000000,ypos:0.000000,xspeed:10.840000,yspeed:0.520000,angle:2.430000,distense:72.200000,rcs:32.000000
timestame:1619470768.768000000,objid:2,type:0,xpos:0.000000,ypos:0.000000,xspeed:-21.710000,yspeed:-2.280000,angle:-4.480000,distense:161.400000,rcs:13.000000
