timestame:1619470691.036000000,objid:0,type:0,xpos:0.000000,ypos:0.000000,xspeed:-4.940000,yspeed:-0.210000,angle:-18.000000,distense:26.200000,rcs:6.000000
timestame:1619470691.036000000,objid:1,type:0,xpos:0.000000,ypos:0.000000,xspeed:2.740000,yspeed:0.050000,angle:7.930000,distense:31.400000,rcs:27.000000
timestame:1619470691.036000000,objid:3,type:0,xpos:0.000000,ypos:0.000000,xspeed:-6.370000,yspeed:-1.520000,angle:-18.000000,distense:36.200000,rcs:15.000000
timestame:1619470691.036000000,objid:8,type:0,xpos:0.000000,ypos:0.000000,xspeed:-6.180000,yspeed:-0.520000,angle:-18.000000,distense:28.000000,rcs:6.000000
