timestame:1619470839.258000000,objid:2,type:0,xpos:0.000000,ypos:0.000000,xspeed:3.900000,yspeed:2.360000,angle:-16.740000,distense:38.200000,rcs:20.000000
timestame:1619470839.258000000,objid:3,type:0,xpos:0.000000,ypos:0.000000,xspeed:2.790000,yspeed:1.690000,angle:-14.310000,distense:36.200000,rcs:19.000000
timestame:1619470839.258000000,objid:7,type:0,xpos:0.000000,ypos:0.000000,xspeed:13.080000,yspeed:0.320000,angle:2.410000,distense:193.800000,rcs:26.000000
