timestame:1619470696.553000000,objid:0,type:0,xpos:0.000000,ypos:0.000000,xspeed:1.010000,yspeed:4.410000,angle:-1.760000,distense:53.400000,rcs:6.000000
timestame:1619470696.553000000,objid:1,type:0,xpos:0.000000,ypos:0.000000,xspeed:6.640000,yspeed:0.400000,angle:5.400000,distense:65.200000,rcs:20.000000
