timestame:1619471026.412000000,objid:0,type:0,xpos:0.000000,ypos:0.000000,xspeed:-2.850000,yspeed:-3.240000,angle:-18.000000,distense:31.800000,rcs:9.000000
timestame:1619471026.412000000,objid:3,type:0,xpos:0.000000,ypos:0.000000,xspeed:-3.760000,yspeed:-2.700000,angle:-18.000000,distense:29.600000,rcs:12.000000
timestame:1619471026.412000000,objid:8,type:0,xpos:0.000000,ypos:0.000000,xspeed:-2.510000,yspeed:3.010000,angle:22.270000,distense:39.600000,rcs:15.000000
