timestame:1619471558.208000000,objid:7,type:0,xpos:0.000000,ypos:0.000000,xspeed:-2.940000,yspeed:-1.810000,angle:-18.000000,distense:32.400000,rcs:12.000000
timestame:1619471558.208000000,objid:12,type:0,xpos:0.000000,ypos:0.000000,xspeed:2.730000,yspeed:1.870000,angle:-15.620000,distense:34.000000,rcs:16.000000
timestame:1619471558.208000000,objid:15,type:0,xpos:0.000000,ypos:0.000000,xspeed:2.920000,yspeed:-2.310000,angle:-5.840000,distense:51.000000,rcs:13.000000
timestame:1619471558.208000000,objid:17,type:0,xpos:0.000000,ypos:0.000000,xspeed:2.830000,yspeed:-4.660000,angle:17.970000,distense:32.800000,rcs:20.000000
