timestame:1619471268.544000000,objid:0,type:0,xpos:0.000000,ypos:0.000000,xspeed:13.620000,yspeed:0.270000,angle:2.360000,distense:211.400000,rcs:6.000000
timestame:1619471268.544000000,objid:2,type:0,xpos:0.000000,ypos:0.000000,xspeed:13.650000,yspeed:0.090000,angle:2.050000,distense:187.200000,rcs:13.000000
timestame:1619471268.544000000,objid:6,type:0,xpos:0.000000,ypos:0.000000,xspeed:13.500000,yspeed:0.100000,angle:1.980000,distense:199.000000,rcs:6.000000
timestame:1619471268.544000000,objid:10,type:0,xpos:0.000000,ypos:0.000000,xspeed:13.590000,yspeed:0.000000,angle:1.980000,distense:174.600000,rcs:18.000000
