timestame:1619471223.504000000,objid:0,type:0,xpos:0.000000,ypos:0.000000,xspeed:2.310000,yspeed:0.360000,angle:1.920000,distense:60.000000,rcs:6.000000
timestame:1619471223.504000000,objid:1,type:0,xpos:0.000000,ypos:0.000000,xspeed:5.980000,yspeed:-0.430000,angle:-5.570000,distense:29.400000,rcs:31.000000
timestame:1619471223.504000000,objid:6,type:0,xpos:0.000000,ypos:0.000000,xspeed:4.480000,yspeed:0.300000,angle:2.460000,distense:65.800000,rcs:6.000000
timestame:1619471223.504000000,objid:9,type:0,xpos:0.000000,ypos:0.000000,xspeed:4.460000,yspeed:0.320000,angle:3.110000,distense:47.000000,rcs:46.000000
