timestame:1619471227.647000000,objid:0,type:0,xpos:0.000000,ypos:0.000000,xspeed:5.020000,yspeed:0.410000,angle:2.210000,distense:79.600000,rcs:12.000000
timestame:1619471227.647000000,objid:1,type:0,xpos:0.000000,ypos:0.000000,xspeed:4.790000,yspeed:-3.390000,angle:-15.060000,distense:52.400000,rcs:13.000000
timestame:1619471227.647000000,objid:9,type:0,xpos:0.000000,ypos:0.000000,xspeed:5.710000,yspeed:0.060000,angle:2.110000,distense:70.600000,rcs:41.000000
