timestame:1619470140.665000000,objid:0,type:0,xpos:0.000000,ypos:0.000000,xspeed:-6.810000,yspeed:-0.430000,angle:20.400000,distense:19.600000,rcs:6.000000
timestame:1619470140.665000000,objid:1,type:0,xpos:0.000000,ypos:0.000000,xspeed:-2.060000,yspeed:-0.210000,angle:16.260000,distense:25.000000,rcs:20.000000
