timestame:1619471319.458000000,objid:1,type:0,xpos:0.000000,ypos:0.000000,xspeed:-7.740000,yspeed:-1.090000,angle:-6.290000,distense:104.800000,rcs:15.000000
timestame:1619471319.458000000,objid:3,type:0,xpos:0.000000,ypos:0.000000,xspeed:-14.790000,yspeed:-1.010000,angle:-3.250000,distense:192.600000,rcs:6.000000
