timestame:1619471027.902000000,objid:2,type:0,xpos:0.000000,ypos:0.000000,xspeed:5.950000,yspeed:0.540000,angle:19.360000,distense:24.200000,rcs:24.000000
timestame:1619471027.902000000,objid:5,type:0,xpos:0.000000,ypos:0.000000,xspeed:5.050000,yspeed:0.800000,angle:-15.790000,distense:21.600000,rcs:30.000000
