timestame:1619470644.037000000,objid:2,type:0,xpos:0.000000,ypos:0.000000,xspeed:-6.470000,yspeed:-0.060000,angle:-5.090000,distense:162.200000,rcs:15.000000
timestame:1619470644.037000000,objid:5,type:0,xpos:0.000000,ypos:0.000000,xspeed:3.970000,yspeed:8.610000,angle:22.080000,distense:49.200000,rcs:9.000000
timestame:1619470644.037000000,objid:6,type:0,xpos:0.000000,ypos:0.000000,xspeed:3.620000,yspeed:-10.750000,angle:1.910000,distense:48.800000,rcs:32.000000
timestame:1619470644.037000000,objid:8,type:0,xpos:0.000000,ypos:0.000000,xspeed:-1.810000,yspeed:-5.060000,angle:10.080000,distense:87.600000,rcs:12.000000
