timestame:1619471147.604000000,objid:1,type:0,xpos:0.000000,ypos:0.000000,xspeed:-1.180000,yspeed:6.050000,angle:-15.660000,distense:41.000000,rcs:9.000000
timestame:1619471147.604000000,objid:4,type:0,xpos:0.000000,ypos:0.000000,xspeed:1.220000,yspeed:4.050000,angle:-16.900000,distense:48.000000,rcs:18.000000
timestame:1619471147.604000000,objid:5,type:0,xpos:0.000000,ypos:0.000000,xspeed:-1.360000,yspeed:7.080000,angle:4.940000,distense:41.000000,rcs:28.000000
timestame:1619471147.604000000,objid:9,type:0,xpos:0.000000,ypos:0.000000,xspeed:-1.670000,yspeed:6.000000,angle:-0.400000,distense:41.400000,rcs:20.000000
