timestame:1619470276.874000000,objid:1,type:0,xpos:0.000000,ypos:0.000000,xspeed:-10.270000,yspeed:0.140000,angle:-5.230000,distense:94.600000,rcs:18.000000
timestame:1619470276.874000000,objid:2,type:0,xpos:0.000000,ypos:0.000000,xspeed:-1.880000,yspeed:0.230000,angle:-6.850000,distense:89.400000,rcs:12.000000
timestame:1619470276.874000000,objid:11,type:0,xpos:0.000000,ypos:0.000000,xspeed:-1.880000,yspeed:-0.140000,angle:-9.470000,distense:75.000000,rcs:26.000000
timestame:1619470276.874000000,objid:22,type:0,xpos:0.000000,ypos:0.000000,xspeed:-1.500000,yspeed:-0.100000,angle:-8.140000,distense:82.800000,rcs:15.000000
