timestame:1619471369.495000000,objid:1,type:0,xpos:0.000000,ypos:0.000000,xspeed:8.220000,yspeed:-0.080000,angle:2.690000,distense:137.200000,rcs:15.000000
timestame:1619471369.495000000,objid:7,type:0,xpos:0.000000,ypos:0.000000,xspeed:11.150000,yspeed:0.260000,angle:1.560000,distense:181.200000,rcs:19.000000
