timestame:1619470059.500000000,objid:0,type:0,xpos:0.000000,ypos:0.000000,xspeed:-12.360000,yspeed:0.110000,angle:-5.000000,distense:85.400000,rcs:23.000000
timestame:1619470059.500000000,objid:3,type:0,xpos:0.000000,ypos:0.000000,xspeed:-17.220000,yspeed:2.260000,angle:-3.790000,distense:178.600000,rcs:13.000000
timestame:1619470059.500000000,objid:5,type:0,xpos:0.000000,ypos:0.000000,xspeed:9.460000,yspeed:0.410000,angle:2.800000,distense:181.000000,rcs:27.000000
