timestame:1619470767.285000000,objid:0,type:0,xpos:0.000000,ypos:0.000000,xspeed:-11.640000,yspeed:-3.710000,angle:-4.770000,distense:185.000000,rcs:12.000000
timestame:1619470767.285000000,objid:9,type:0,xpos:0.000000,ypos:0.000000,xspeed:7.200000,yspeed:0.220000,angle:2.390000,distense:54.200000,rcs:26.000000
