timestame:1619470768.460000000,objid:0,type:0,xpos:0.000000,ypos:0.000000,xspeed:-12.020000,yspeed:-1.380000,angle:-5.180000,distense:170.600000,rcs:12.000000
timestame:1619470768.460000000,objid:1,type:0,xpos:0.000000,ypos:0.000000,xspeed:10.770000,yspeed:0.640000,angle:2.490000,distense:68.800000,rcs:30.000000
timestame:1619470768.460000000,objid:2,type:0,xpos:0.000000,ypos:0.000000,xspeed:-11.370000,yspeed:0.000000,angle:-4.140000,distense:168.000000,rcs:6.000000
