timestame:1619471464.164000000,objid:0,type:0,xpos:0.000000,ypos:0.000000,xspeed:-3.830000,yspeed:-6.750000,angle:-12.060000,distense:82.600000,rcs:22.000000
timestame:1619471464.164000000,objid:1,type:0,xpos:0.000000,ypos:0.000000,xspeed:-4.730000,yspeed:-0.400000,angle:-6.220000,distense:108.600000,rcs:15.000000
timestame:1619471464.164000000,objid:3,type:0,xpos:0.000000,ypos:0.000000,xspeed:-6.790000,yspeed:-0.420000,angle:-5.440000,distense:170.000000,rcs:9.000000
