timestame:1619471236.404000000,objid:0,type:0,xpos:0.000000,ypos:0.000000,xspeed:8.240000,yspeed:0.030000,angle:1.310000,distense:145.200000,rcs:9.000000
timestame:1619471236.404000000,objid:9,type:0,xpos:0.000000,ypos:0.000000,xspeed:8.010000,yspeed:0.050000,angle:1.400000,distense:134.800000,rcs:22.000000
