timestame:1619471123.748000000,objid:0,type:0,xpos:0.000000,ypos:0.000000,xspeed:-3.380000,yspeed:5.380000,angle:11.420000,distense:40.800000,rcs:25.000000
timestame:1619471123.748000000,objid:1,type:0,xpos:0.000000,ypos:0.000000,xspeed:-5.110000,yspeed:4.810000,angle:8.180000,distense:41.400000,rcs:20.000000
