timestame:1619470061.730000000,objid:1,type:0,xpos:0.000000,ypos:0.000000,xspeed:-20.940000,yspeed:-0.940000,angle:-5.620000,distense:136.600000,rcs:6.000000
timestame:1619470061.730000000,objid:2,type:0,xpos:0.000000,ypos:0.000000,xspeed:-8.870000,yspeed:-1.700000,angle:-6.990000,distense:71.400000,rcs:6.000000
timestame:1619470061.730000000,objid:4,type:0,xpos:0.000000,ypos:0.000000,xspeed:-5.300000,yspeed:-1.440000,angle:-7.250000,distense:69.200000,rcs:23.000000
timestame:1619470061.730000000,objid:5,type:0,xpos:0.000000,ypos:0.000000,xspeed:10.000000,yspeed:0.440000,angle:2.820000,distense:203.600000,rcs:20.000000
