timestame:1619470691.415000000,objid:1,type:0,xpos:0.000000,ypos:0.000000,xspeed:3.110000,yspeed:0.020000,angle:7.430000,distense:33.200000,rcs:29.000000
timestame:1619470691.415000000,objid:2,type:0,xpos:0.000000,ypos:0.000000,xspeed:-1.800000,yspeed:-0.170000,angle:-18.000000,distense:39.000000,rcs:13.000000
timestame:1619470691.415000000,objid:3,type:0,xpos:0.000000,ypos:0.000000,xspeed:-9.740000,yspeed:0.130000,angle:-18.000000,distense:32.000000,rcs:6.000000
timestame:1619470691.415000000,objid:8,type:0,xpos:0.000000,ypos:0.000000,xspeed:-3.290000,yspeed:0.060000,angle:-18.000000,distense:27.400000,rcs:6.000000
