timestame:1619470768.275000000,objid:0,type:0,xpos:0.000000,ypos:0.000000,xspeed:-11.840000,yspeed:-1.550000,angle:-5.100000,distense:173.000000,rcs:12.000000
timestame:1619470768.275000000,objid:1,type:0,xpos:0.000000,ypos:0.000000,xspeed:10.500000,yspeed:0.830000,angle:2.560000,distense:66.800000,rcs:29.000000
