timestame:1619470222.191000000,objid:8,type:0,xpos:0.000000,ypos:0.000000,xspeed:-2.480000,yspeed:11.680000,angle:-15.110000,distense:44.000000,rcs:13.000000
timestame:1619470222.191000000,objid:11,type:0,xpos:0.000000,ypos:0.000000,xspeed:-2.130000,yspeed:6.600000,angle:-13.140000,distense:43.200000,rcs:13.000000
