timestame:1619470128.745000000,objid:2,type:0,xpos:0.000000,ypos:0.000000,xspeed:10.480000,yspeed:8.260000,angle:17.120000,distense:33.800000,rcs:12.000000
timestame:1619470128.745000000,objid:7,type:0,xpos:0.000000,ypos:0.000000,xspeed:-9.910000,yspeed:0.500000,angle:-4.600000,distense:122.800000,rcs:6.000000
timestame:1619470128.745000000,objid:9,type:0,xpos:0.000000,ypos:0.000000,xspeed:5.330000,yspeed:0.680000,angle:22.740000,distense:22.600000,rcs:22.000000
