timestame:1619471077.532000000,objid:1,type:0,xpos:0.000000,ypos:0.000000,xspeed:-6.680000,yspeed:0.000000,angle:-17.710000,distense:54.600000,rcs:21.000000
timestame:1619471077.532000000,objid:3,type:0,xpos:0.000000,ypos:0.000000,xspeed:-9.250000,yspeed:-0.140000,angle:-11.080000,distense:62.200000,rcs:24.000000
timestame:1619471077.532000000,objid:5,type:0,xpos:0.000000,ypos:0.000000,xspeed:-10.050000,yspeed:-0.490000,angle:-18.000000,distense:40.800000,rcs:22.000000
timestame:1619471077.532000000,objid:6,type:0,xpos:0.000000,ypos:0.000000,xspeed:-5.780000,yspeed:-0.600000,angle:-18.000000,distense:49.600000,rcs:20.000000
