timestame:1619471371.003000000,objid:1,type:0,xpos:0.000000,ypos:0.000000,xspeed:8.650000,yspeed:-0.130000,angle:2.360000,distense:150.600000,rcs:6.000000
timestame:1619471371.003000000,objid:7,type:0,xpos:0.000000,ypos:0.000000,xspeed:10.660000,yspeed:0.200000,angle:1.510000,distense:196.600000,rcs:16.000000
