timestame:1619471224.927000000,objid:1,type:0,xpos:0.000000,ypos:0.000000,xspeed:5.970000,yspeed:-0.660000,angle:-5.670000,distense:37.800000,rcs:24.000000
timestame:1619471224.927000000,objid:6,type:0,xpos:0.000000,ypos:0.000000,xspeed:4.870000,yspeed:0.260000,angle:2.530000,distense:72.800000,rcs:9.000000
timestame:1619471224.927000000,objid:9,type:0,xpos:0.000000,ypos:0.000000,xspeed:4.980000,yspeed:0.100000,angle:2.530000,distense:54.400000,rcs:46.000000
