timestame:1619469634.498000000,objid:1,type:0,xpos:0.000000,ypos:0.000000,xspeed:1.800000,yspeed:-0.540000,angle:18.060000,distense:22.000000,rcs:32.000000
timestame:1619469634.498000000,objid:3,type:0,xpos:0.000000,ypos:0.000000,xspeed:-6.450000,yspeed:2.600000,angle:-3.920000,distense:52.200000,rcs:26.000000
timestame:1619469634.498000000,objid:4,type:0,xpos:0.000000,ypos:0.000000,xspeed:2.660000,yspeed:1.020000,angle:-14.810000,distense:25.600000,rcs:18.000000
