timestame:1619471375.965000000,objid:0,type:0,xpos:0.000000,ypos:0.000000,xspeed:11.380000,yspeed:2.640000,angle:2.780000,distense:207.800000,rcs:9.000000
timestame:1619471375.965000000,objid:1,type:0,xpos:0.000000,ypos:0.000000,xspeed:10.140000,yspeed:0.210000,angle:2.230000,distense:199.800000,rcs:25.000000
