timestame:1619471462.305000000,objid:1,type:0,xpos:0.000000,ypos:0.000000,xspeed:-6.180000,yspeed:-0.790000,angle:-5.680000,distense:116.200000,rcs:16.000000
timestame:1619471462.305000000,objid:3,type:0,xpos:0.000000,ypos:0.000000,xspeed:-7.310000,yspeed:-1.320000,angle:-5.260000,distense:182.200000,rcs:12.000000
