timestame:1619469631.138000000,objid:1,type:0,xpos:0.000000,ypos:0.000000,xspeed:-4.210000,yspeed:0.010000,angle:-18.000000,distense:26.400000,rcs:6.000000
timestame:1619469631.138000000,objid:2,type:0,xpos:0.000000,ypos:0.000000,xspeed:-6.330000,yspeed:-0.680000,angle:-18.000000,distense:32.200000,rcs:6.000000
timestame:1619469631.138000000,objid:6,type:0,xpos:0.000000,ypos:0.000000,xspeed:-10.130000,yspeed:-0.080000,angle:-6.230000,distense:74.800000,rcs:20.000000
timestame:1619469631.138000000,objid:7,type:0,xpos:0.000000,ypos:0.000000,xspeed:-6.440000,yspeed:-0.420000,angle:-18.000000,distense:36.200000,rcs:13.000000
