timestame:1619469555.696000000,objid:2,type:0,xpos:0.000000,ypos:0.000000,xspeed:-1.350000,yspeed:4.870000,angle:-18.000000,distense:39.400000,rcs:27.000000
timestame:1619469555.696000000,objid:3,type:0,xpos:0.000000,ypos:0.000000,xspeed:-1.740000,yspeed:5.970000,angle:-11.420000,distense:43.800000,rcs:12.000000
timestame:1619469555.696000000,objid:4,type:0,xpos:0.000000,ypos:0.000000,xspeed:-2.040000,yspeed:5.830000,angle:-6.830000,distense:42.800000,rcs:13.000000
timestame:1619469555.696000000,objid:10,type:0,xpos:0.000000,ypos:0.000000,xspeed:4.160000,yspeed:-4.220000,angle:8.520000,distense:50.200000,rcs:33.000000
