timestame:1619471222.825000000,objid:0,type:0,xpos:0.000000,ypos:0.000000,xspeed:1.890000,yspeed:0.300000,angle:1.660000,distense:57.800000,rcs:12.000000
timestame:1619471222.825000000,objid:1,type:0,xpos:0.000000,ypos:0.000000,xspeed:5.490000,yspeed:-3.160000,angle:-6.640000,distense:25.000000,rcs:20.000000
timestame:1619471222.825000000,objid:6,type:0,xpos:0.000000,ypos:0.000000,xspeed:4.240000,yspeed:0.230000,angle:2.310000,distense:62.200000,rcs:9.000000
timestame:1619471222.825000000,objid:9,type:0,xpos:0.000000,ypos:0.000000,xspeed:4.230000,yspeed:0.360000,angle:3.080000,distense:43.400000,rcs:46.000000
