timestame:1619470873.557000000,objid:1,type:0,xpos:0.000000,ypos:0.000000,xspeed:-9.850000,yspeed:-1.560000,angle:-5.910000,distense:124.400000,rcs:9.000000
timestame:1619470873.557000000,objid:4,type:0,xpos:0.000000,ypos:0.000000,xspeed:3.490000,yspeed:-0.010000,angle:0.600000,distense:20.600000,rcs:34.000000
timestame:1619470873.557000000,objid:11,type:0,xpos:0.000000,ypos:0.000000,xspeed:7.650000,yspeed:0.180000,angle:0.530000,distense:35.200000,rcs:16.000000
