timestame:1619470165.625000000,objid:0,type:0,xpos:0.000000,ypos:0.000000,xspeed:3.800000,yspeed:-2.000000,angle:1.940000,distense:29.000000,rcs:32.000000
timestame:1619470165.625000000,objid:3,type:0,xpos:0.000000,ypos:0.000000,xspeed:6.410000,yspeed:0.420000,angle:6.790000,distense:56.400000,rcs:31.000000
timestame:1619470165.625000000,objid:6,type:0,xpos:0.000000,ypos:0.000000,xspeed:2.200000,yspeed:0.090000,angle:1.330000,distense:25.800000,rcs:6.000000
