timestame:1619470617.678000000,objid:0,type:0,xpos:0.000000,ypos:0.000000,xspeed:-27.980000,yspeed:0.000000,angle:-9.320000,distense:97.800000,rcs:19.000000
timestame:1619470617.678000000,objid:2,type:0,xpos:0.000000,ypos:0.000000,xspeed:-9.040000,yspeed:0.000000,angle:-8.480000,distense:106.400000,rcs:20.000000
