timestame:1619470440.900000000,objid:1,type:0,xpos:0.000000,ypos:0.000000,xspeed:14.990000,yspeed:0.630000,angle:2.440000,distense:72.600000,rcs:26.000000
timestame:1619470440.900000000,objid:2,type:0,xpos:0.000000,ypos:0.000000,xspeed:3.830000,yspeed:0.000000,angle:9.650000,distense:78.600000,rcs:18.000000
