timestame:1619470499.727000000,objid:2,type:0,xpos:0.000000,ypos:0.000000,xspeed:-1.260000,yspeed:-1.540000,angle:-18.000000,distense:38.800000,rcs:24.000000
timestame:1619470499.727000000,objid:4,type:0,xpos:0.000000,ypos:0.000000,xspeed:2.500000,yspeed:-3.240000,angle:13.550000,distense:45.600000,rcs:26.000000
timestame:1619470499.727000000,objid:7,type:0,xpos:0.000000,ypos:0.000000,xspeed:-1.730000,yspeed:-2.490000,angle:-18.000000,distense:45.400000,rcs:6.000000
