timestame:1619470983.400000000,objid:0,type:0,xpos:0.000000,ypos:0.000000,xspeed:8.300000,yspeed:0.270000,angle:2.350000,distense:178.600000,rcs:26.000000
timestame:1619470983.400000000,objid:1,type:0,xpos:0.000000,ypos:0.000000,xspeed:-15.460000,yspeed:-0.230000,angle:-7.080000,distense:91.600000,rcs:24.000000
timestame:1619470983.400000000,objid:3,type:0,xpos:0.000000,ypos:0.000000,xspeed:3.640000,yspeed:-2.820000,angle:12.300000,distense:69.000000,rcs:13.000000
