timestame:1619469712.640000000,objid:1,type:0,xpos:0.000000,ypos:0.000000,xspeed:-4.180000,yspeed:-1.750000,angle:-18.000000,distense:29.200000,rcs:6.000000
timestame:1619469712.640000000,objid:3,type:0,xpos:0.000000,ypos:0.000000,xspeed:12.500000,yspeed:-1.410000,angle:1.870000,distense:125.400000,rcs:16.000000
timestame:1619469712.640000000,objid:4,type:0,xpos:0.000000,ypos:0.000000,xspeed:-5.050000,yspeed:-2.270000,angle:-18.000000,distense:27.600000,rcs:6.000000
timestame:1619469712.640000000,objid:6,type:0,xpos:0.000000,ypos:0.000000,xspeed:-1.410000,yspeed:6.430000,angle:-2.360000,distense:38.000000,rcs:18.000000
