timestame:1619470012.458000000,objid:0,type:0,xpos:0.000000,ypos:0.000000,xspeed:-2.050000,yspeed:-1.890000,angle:-18.000000,distense:34.000000,rcs:21.000000
timestame:1619470012.458000000,objid:1,type:0,xpos:0.000000,ypos:0.000000,xspeed:-1.690000,yspeed:2.850000,angle:-7.700000,distense:46.800000,rcs:13.000000
timestame:1619470012.458000000,objid:2,type:0,xpos:0.000000,ypos:0.000000,xspeed:-10.710000,yspeed:-2.360000,angle:-5.220000,distense:37.600000,rcs:6.000000
timestame:1619470012.458000000,objid:9,type:0,xpos:0.000000,ypos:0.000000,xspeed:4.430000,yspeed:-0.190000,angle:-4.010000,distense:49.600000,rcs:13.000000
