timestame:1619470595.595000000,objid:1,type:0,xpos:0.000000,ypos:0.000000,xspeed:6.780000,yspeed:0.860000,angle:22.920000,distense:29.600000,rcs:19.000000
timestame:1619470595.595000000,objid:5,type:0,xpos:0.000000,ypos:0.000000,xspeed:6.200000,yspeed:3.050000,angle:-15.860000,distense:41.000000,rcs:24.000000
timestame:1619470595.595000000,objid:6,type:0,xpos:0.000000,ypos:0.000000,xspeed:5.740000,yspeed:2.690000,angle:21.930000,distense:39.400000,rcs:6.000000
