timestame:1619471028.530000000,objid:2,type:0,xpos:0.000000,ypos:0.000000,xspeed:5.580000,yspeed:0.770000,angle:18.520000,distense:27.200000,rcs:19.000000
timestame:1619471028.530000000,objid:3,type:0,xpos:0.000000,ypos:0.000000,xspeed:4.360000,yspeed:0.750000,angle:-13.650000,distense:19.000000,rcs:13.000000
timestame:1619471028.530000000,objid:5,type:0,xpos:0.000000,ypos:0.000000,xspeed:5.110000,yspeed:0.690000,angle:22.840000,distense:24.600000,rcs:31.000000
timestame:1619471028.530000000,objid:7,type:0,xpos:0.000000,ypos:0.000000,xspeed:-20.110000,yspeed:0.000000,angle:-6.530000,distense:45.400000,rcs:13.000000
