timestame:1619470461.217000000,objid:0,type:0,xpos:0.000000,ypos:0.000000,xspeed:-16.110000,yspeed:-1.240000,angle:-8.050000,distense:88.600000,rcs:16.000000
timestame:1619470461.217000000,objid:2,type:0,xpos:0.000000,ypos:0.000000,xspeed:5.910000,yspeed:-0.030000,angle:3.200000,distense:182.200000,rcs:6.000000
