timestame:1619471372.242000000,objid:1,type:0,xpos:0.000000,ypos:0.000000,xspeed:9.020000,yspeed:0.030000,angle:2.320000,distense:162.000000,rcs:13.000000
timestame:1619471372.242000000,objid:7,type:0,xpos:0.000000,ypos:0.000000,xspeed:10.230000,yspeed:0.170000,angle:1.470000,distense:208.400000,rcs:18.000000
