timestame:1619469683.831000000,objid:2,type:0,xpos:0.000000,ypos:0.000000,xspeed:-4.860000,yspeed:4.340000,angle:-18.000000,distense:52.800000,rcs:16.000000
timestame:1619469683.831000000,objid:4,type:0,xpos:0.000000,ypos:0.000000,xspeed:-4.670000,yspeed:0.000000,angle:-18.000000,distense:55.800000,rcs:19.000000
