timestame:1619470667.280000000,objid:3,type:0,xpos:0.000000,ypos:0.000000,xspeed:-1.170000,yspeed:-0.200000,angle:-8.540000,distense:102.200000,rcs:9.000000
timestame:1619470667.280000000,objid:5,type:0,xpos:0.000000,ypos:0.000000,xspeed:6.140000,yspeed:0.580000,angle:21.360000,distense:19.200000,rcs:22.000000
