timestame:1619471366.073000000,objid:1,type:0,xpos:0.000000,ypos:0.000000,xspeed:7.250000,yspeed:-0.530000,angle:3.120000,distense:108.400000,rcs:29.000000
timestame:1619471366.073000000,objid:2,type:0,xpos:0.000000,ypos:0.000000,xspeed:7.560000,yspeed:-0.090000,angle:3.350000,distense:113.600000,rcs:13.000000
timestame:1619471366.073000000,objid:7,type:0,xpos:0.000000,ypos:0.000000,xspeed:11.540000,yspeed:0.390000,angle:1.760000,distense:141.600000,rcs:23.000000
