timestame:1619470733.883000000,objid:1,type:0,xpos:0.000000,ypos:0.000000,xspeed:12.100000,yspeed:0.430000,angle:2.970000,distense:73.000000,rcs:15.000000
timestame:1619470733.883000000,objid:6,type:0,xpos:0.000000,ypos:0.000000,xspeed:12.470000,yspeed:0.560000,angle:2.540000,distense:62.400000,rcs:33.000000
