timestame:1619470113.107000000,objid:3,type:0,xpos:0.000000,ypos:0.000000,xspeed:24.950000,yspeed:8.560000,angle:20.410000,distense:46.200000,rcs:16.000000
timestame:1619470113.107000000,objid:7,type:0,xpos:0.000000,ypos:0.000000,xspeed:6.050000,yspeed:1.830000,angle:22.450000,distense:34.000000,rcs:28.000000
