timestame:1619470424.017000000,objid:0,type:0,xpos:0.000000,ypos:0.000000,xspeed:-1.340000,yspeed:3.230000,angle:18.300000,distense:38.600000,rcs:6.000000
timestame:1619470424.017000000,objid:4,type:0,xpos:0.000000,ypos:0.000000,xspeed:-3.150000,yspeed:2.370000,angle:-13.390000,distense:42.200000,rcs:9.000000
timestame:1619470424.017000000,objid:8,type:0,xpos:0.000000,ypos:0.000000,xspeed:3.500000,yspeed:3.670000,angle:-12.450000,distense:39.400000,rcs:9.000000
