timestame:1619471253.317000000,objid:1,type:0,xpos:0.000000,ypos:0.000000,xspeed:2.930000,yspeed:2.900000,angle:4.200000,distense:81.600000,rcs:16.000000
timestame:1619471253.317000000,objid:3,type:0,xpos:0.000000,ypos:0.000000,xspeed:-16.630000,yspeed:-0.140000,angle:-6.320000,distense:127.600000,rcs:9.000000
