timestame:1619469930.155000000,objid:1,type:0,xpos:0.000000,ypos:0.000000,xspeed:7.870000,yspeed:0.240000,angle:1.470000,distense:199.800000,rcs:12.000000
timestame:1619469930.155000000,objid:8,type:0,xpos:0.000000,ypos:0.000000,xspeed:7.780000,yspeed:0.070000,angle:1.130000,distense:193.000000,rcs:26.000000
