timestame:1619470592.865000000,objid:0,type:0,xpos:0.000000,ypos:0.000000,xspeed:-14.680000,yspeed:-0.600000,angle:-18.000000,distense:36.200000,rcs:16.000000
timestame:1619470592.865000000,objid:2,type:0,xpos:0.000000,ypos:0.000000,xspeed:34.790000,yspeed:-7.020000,angle:-9.930000,distense:43.800000,rcs:6.000000
timestame:1619470592.865000000,objid:5,type:0,xpos:0.000000,ypos:0.000000,xspeed:9.200000,yspeed:3.010000,angle:-14.340000,distense:21.800000,rcs:27.000000
timestame:1619470592.865000000,objid:6,type:0,xpos:0.000000,ypos:0.000000,xspeed:7.030000,yspeed:2.440000,angle:20.260000,distense:22.200000,rcs:25.000000
