timestame:1619469617.383000000,objid:1,type:0,xpos:0.000000,ypos:0.000000,xspeed:-1.080000,yspeed:0.330000,angle:-12.520000,distense:76.600000,rcs:20.000000
timestame:1619469617.383000000,objid:2,type:0,xpos:0.000000,ypos:0.000000,xspeed:10.170000,yspeed:2.010000,angle:-9.280000,distense:92.000000,rcs:15.000000
timestame:1619469617.383000000,objid:4,type:0,xpos:0.000000,ypos:0.000000,xspeed:-18.070000,yspeed:0.000000,angle:-4.770000,distense:155.400000,rcs:15.000000
