timestame:1619470738.837000000,objid:0,type:0,xpos:0.000000,ypos:0.000000,xspeed:-16.390000,yspeed:-0.840000,angle:-5.290000,distense:134.000000,rcs:18.000000
timestame:1619470738.837000000,objid:1,type:0,xpos:0.000000,ypos:0.000000,xspeed:12.040000,yspeed:-0.100000,angle:1.030000,distense:132.600000,rcs:6.000000
timestame:1619470738.837000000,objid:3,type:0,xpos:0.000000,ypos:0.000000,xspeed:2.700000,yspeed:-3.010000,angle:-15.820000,distense:47.400000,rcs:15.000000
timestame:1619470738.837000000,objid:6,type:0,xpos:0.000000,ypos:0.000000,xspeed:12.220000,yspeed:0.140000,angle:1.430000,distense:122.600000,rcs:33.000000
