timestame:1619470478.952000000,objid:0,type:0,xpos:0.000000,ypos:0.000000,xspeed:-7.540000,yspeed:-0.360000,angle:-6.510000,distense:103.000000,rcs:20.000000
timestame:1619470478.952000000,objid:2,type:0,xpos:0.000000,ypos:0.000000,xspeed:1.630000,yspeed:-0.380000,angle:12.250000,distense:77.400000,rcs:6.000000
