timestame:1619471233.599000000,objid:0,type:0,xpos:0.000000,ypos:0.000000,xspeed:7.670000,yspeed:-0.010000,angle:1.530000,distense:122.200000,rcs:12.000000
timestame:1619471233.599000000,objid:9,type:0,xpos:0.000000,ypos:0.000000,xspeed:7.140000,yspeed:0.110000,angle:1.620000,distense:112.400000,rcs:26.000000
