timestame:1619470087.174000000,objid:5,type:0,xpos:0.000000,ypos:0.000000,xspeed:1.850000,yspeed:-7.870000,angle:-18.000000,distense:62.200000,rcs:9.000000
timestame:1619470087.174000000,objid:6,type:0,xpos:0.000000,ypos:0.000000,xspeed:1.660000,yspeed:-5.230000,angle:7.990000,distense:49.600000,rcs:6.000000
