timestame:1619470275.762000000,objid:1,type:0,xpos:0.000000,ypos:0.000000,xspeed:-10.450000,yspeed:-0.070000,angle:-5.030000,distense:105.400000,rcs:9.000000
timestame:1619470275.762000000,objid:2,type:0,xpos:0.000000,ypos:0.000000,xspeed:-1.250000,yspeed:0.360000,angle:-6.700000,distense:92.200000,rcs:6.000000
timestame:1619470275.762000000,objid:11,type:0,xpos:0.000000,ypos:0.000000,xspeed:-1.200000,yspeed:-0.190000,angle:-9.040000,distense:78.000000,rcs:15.000000
timestame:1619470275.762000000,objid:22,type:0,xpos:0.000000,ypos:0.000000,xspeed:-1.270000,yspeed:-0.100000,angle:-7.910000,distense:84.600000,rcs:18.000000
