timestame:1619470256.235000000,objid:3,type:0,xpos:0.000000,ypos:0.000000,xspeed:-5.590000,yspeed:-1.140000,angle:-1.190000,distense:38.800000,rcs:6.000000
timestame:1619470256.235000000,objid:4,type:0,xpos:0.000000,ypos:0.000000,xspeed:4.070000,yspeed:2.900000,angle:-12.070000,distense:39.000000,rcs:12.000000
timestame:1619470256.235000000,objid:8,type:0,xpos:0.000000,ypos:0.000000,xspeed:1.310000,yspeed:2.830000,angle:-8.110000,distense:46.000000,rcs:6.000000
