timestame:1619471223.565000000,objid:0,type:0,xpos:0.000000,ypos:0.000000,xspeed:2.310000,yspeed:0.360000,angle:1.940000,distense:60.200000,rcs:6.000000
timestame:1619471223.565000000,objid:1,type:0,xpos:0.000000,ypos:0.000000,xspeed:5.970000,yspeed:-0.450000,angle:-5.600000,distense:29.800000,rcs:26.000000
timestame:1619471223.565000000,objid:6,type:0,xpos:0.000000,ypos:0.000000,xspeed:4.520000,yspeed:0.280000,angle:2.430000,distense:66.000000,rcs:9.000000
timestame:1619471223.565000000,objid:9,type:0,xpos:0.000000,ypos:0.000000,xspeed:4.470000,yspeed:0.280000,angle:3.050000,distense:47.200000,rcs:48.000000
