timestame:1619470990.975000000,objid:3,type:0,xpos:0.000000,ypos:0.000000,xspeed:5.230000,yspeed:-0.170000,angle:6.920000,distense:106.600000,rcs:6.000000
timestame:1619470990.975000000,objid:4,type:0,xpos:0.000000,ypos:0.000000,xspeed:-13.550000,yspeed:-0.540000,angle:-18.000000,distense:43.600000,rcs:22.000000
