timestame:1619471087.077000000,objid:0,type:0,xpos:0.000000,ypos:0.000000,xspeed:8.410000,yspeed:0.380000,angle:1.630000,distense:63.000000,rcs:34.000000
timestame:1619471087.077000000,objid:4,type:0,xpos:0.000000,ypos:0.000000,xspeed:-23.320000,yspeed:-0.610000,angle:-5.930000,distense:111.800000,rcs:12.000000
timestame:1619471087.077000000,objid:11,type:0,xpos:0.000000,ypos:0.000000,xspeed:3.200000,yspeed:0.170000,angle:2.610000,distense:25.200000,rcs:36.000000
