timestame:1619470103.497000000,objid:3,type:0,xpos:0.000000,ypos:0.000000,xspeed:2.550000,yspeed:-13.380000,angle:-18.000000,distense:62.800000,rcs:6.000000
timestame:1619470103.497000000,objid:5,type:0,xpos:0.000000,ypos:0.000000,xspeed:11.250000,yspeed:10.850000,angle:-14.060000,distense:19.000000,rcs:9.000000
timestame:1619470103.497000000,objid:7,type:0,xpos:0.000000,ypos:0.000000,xspeed:-8.960000,yspeed:0.400000,angle:16.310000,distense:27.400000,rcs:15.000000
timestame:1619470103.497000000,objid:11,type:0,xpos:0.000000,ypos:0.000000,xspeed:2.390000,yspeed:0.500000,angle:12.520000,distense:19.000000,rcs:25.000000
