timestame:1619471321.882000000,objid:1,type:0,xpos:0.000000,ypos:0.000000,xspeed:-6.570000,yspeed:-0.570000,angle:-7.910000,distense:89.800000,rcs:16.000000
timestame:1619471321.882000000,objid:3,type:0,xpos:0.000000,ypos:0.000000,xspeed:-12.790000,yspeed:-0.190000,angle:-3.910000,distense:160.800000,rcs:13.000000
timestame:1619471321.882000000,objid:4,type:0,xpos:0.000000,ypos:0.000000,xspeed:-1.810000,yspeed:-7.020000,angle:1.290000,distense:40.800000,rcs:29.000000
