timestame:1619470745.795000000,objid:0,type:0,xpos:0.000000,ypos:0.000000,xspeed:-2.540000,yspeed:-0.450000,angle:-8.930000,distense:82.800000,rcs:16.000000
timestame:1619470745.795000000,objid:6,type:0,xpos:0.000000,ypos:0.000000,xspeed:12.600000,yspeed:0.450000,angle:1.390000,distense:209.600000,rcs:23.000000
