timestame:1619471563.152000000,objid:3,type:0,xpos:0.000000,ypos:0.000000,xspeed:-2.150000,yspeed:-2.570000,angle:-18.000000,distense:32.800000,rcs:25.000000
timestame:1619471563.152000000,objid:5,type:0,xpos:0.000000,ypos:0.000000,xspeed:-2.990000,yspeed:-0.410000,angle:-18.000000,distense:29.800000,rcs:20.000000
timestame:1619471563.152000000,objid:6,type:0,xpos:0.000000,ypos:0.000000,xspeed:7.590000,yspeed:-7.110000,angle:-18.000000,distense:63.800000,rcs:6.000000
timestame:1619471563.152000000,objid:10,type:0,xpos:0.000000,ypos:0.000000,xspeed:2.260000,yspeed:2.860000,angle:-15.190000,distense:61.400000,rcs:16.000000
