timestame:1619470374.768000000,objid:0,type:0,xpos:0.000000,ypos:0.000000,xspeed:8.010000,yspeed:4.130000,angle:11.820000,distense:57.000000,rcs:6.000000
timestame:1619470374.768000000,objid:1,type:0,xpos:0.000000,ypos:0.000000,xspeed:-1.530000,yspeed:-3.610000,angle:-17.430000,distense:38.000000,rcs:32.000000
timestame:1619470374.768000000,objid:10,type:0,xpos:0.000000,ypos:0.000000,xspeed:-5.720000,yspeed:-1.780000,angle:-18.000000,distense:27.800000,rcs:6.000000
timestame:1619470374.768000000,objid:18,type:0,xpos:0.000000,ypos:0.000000,xspeed:-7.350000,yspeed:-0.220000,angle:-7.190000,distense:93.800000,rcs:12.000000
