timestame:1619471148.472000000,objid:4,type:0,xpos:0.000000,ypos:0.000000,xspeed:-13.920000,yspeed:8.010000,angle:0.680000,distense:40.200000,rcs:9.000000
timestame:1619471148.472000000,objid:5,type:0,xpos:0.000000,ypos:0.000000,xspeed:-1.220000,yspeed:6.180000,angle:11.330000,distense:40.600000,rcs:27.000000
timestame:1619471148.472000000,objid:9,type:0,xpos:0.000000,ypos:0.000000,xspeed:-1.640000,yspeed:6.020000,angle:6.830000,distense:40.400000,rcs:15.000000
