timestame:1619470795.162000000,objid:3,type:0,xpos:0.000000,ypos:0.000000,xspeed:2.900000,yspeed:2.870000,angle:11.900000,distense:45.400000,rcs:13.000000
timestame:1619470795.162000000,objid:5,type:0,xpos:0.000000,ypos:0.000000,xspeed:3.290000,yspeed:-8.550000,angle:-18.000000,distense:59.000000,rcs:15.000000
