timestame:1619471098.745000000,objid:0,type:0,xpos:0.000000,ypos:0.000000,xspeed:-15.740000,yspeed:0.000000,angle:-18.000000,distense:38.400000,rcs:22.000000
timestame:1619471098.745000000,objid:2,type:0,xpos:0.000000,ypos:0.000000,xspeed:9.330000,yspeed:0.080000,angle:1.230000,distense:113.600000,rcs:29.000000
timestame:1619471098.745000000,objid:3,type:0,xpos:0.000000,ypos:0.000000,xspeed:-17.840000,yspeed:-1.180000,angle:-18.000000,distense:36.000000,rcs:25.000000
