timestame:1619470125.334000000,objid:3,type:0,xpos:0.000000,ypos:0.000000,xspeed:-7.540000,yspeed:-0.830000,angle:13.080000,distense:34.000000,rcs:6.000000
timestame:1619470125.334000000,objid:4,type:0,xpos:0.000000,ypos:0.000000,xspeed:4.190000,yspeed:1.790000,angle:-17.550000,distense:34.000000,rcs:20.000000
timestame:1619470125.334000000,objid:6,type:0,xpos:0.000000,ypos:0.000000,xspeed:3.920000,yspeed:3.410000,angle:-12.870000,distense:40.000000,rcs:16.000000
