timestame:1619470799.944000000,objid:2,type:0,xpos:0.000000,ypos:0.000000,xspeed:-3.080000,yspeed:16.020000,angle:-13.430000,distense:39.600000,rcs:22.000000
timestame:1619470799.944000000,objid:7,type:0,xpos:0.000000,ypos:0.000000,xspeed:7.370000,yspeed:-1.470000,angle:12.890000,distense:53.400000,rcs:6.000000
timestame:1619470799.944000000,objid:8,type:0,xpos:0.000000,ypos:0.000000,xspeed:-1.090000,yspeed:-5.260000,angle:-18.000000,distense:42.800000,rcs:12.000000
