timestame:1619471089.132000000,objid:0,type:0,xpos:0.000000,ypos:0.000000,xspeed:9.700000,yspeed:0.420000,angle:1.860000,distense:83.800000,rcs:26.000000
timestame:1619471089.132000000,objid:1,type:0,xpos:0.000000,ypos:0.000000,xspeed:9.140000,yspeed:0.840000,angle:8.150000,distense:36.000000,rcs:20.000000
timestame:1619471089.132000000,objid:2,type:0,xpos:0.000000,ypos:0.000000,xspeed:4.780000,yspeed:0.180000,angle:2.180000,distense:36.200000,rcs:39.000000
timestame:1619471089.132000000,objid:4,type:0,xpos:0.000000,ypos:0.000000,xspeed:-22.150000,yspeed:-0.910000,angle:-11.600000,distense:67.800000,rcs:20.000000
