timestame:1619471139.535000000,objid:7,type:0,xpos:0.000000,ypos:0.000000,xspeed:-1.310000,yspeed:-8.730000,angle:-4.180000,distense:39.800000,rcs:30.000000
timestame:1619471139.535000000,objid:11,type:0,xpos:0.000000,ypos:0.000000,xspeed:16.310000,yspeed:0.000000,angle:-18.000000,distense:55.600000,rcs:9.000000
