timestame:1619469635.245000000,objid:2,type:0,xpos:0.000000,ypos:0.000000,xspeed:4.370000,yspeed:0.000000,angle:20.520000,distense:20.800000,rcs:28.000000
timestame:1619469635.245000000,objid:3,type:0,xpos:0.000000,ypos:0.000000,xspeed:-5.850000,yspeed:2.820000,angle:-1.600000,distense:48.600000,rcs:24.000000
timestame:1619469635.245000000,objid:4,type:0,xpos:0.000000,ypos:0.000000,xspeed:3.850000,yspeed:-0.550000,angle:21.860000,distense:28.400000,rcs:34.000000
