timestame:1619471004.441000000,objid:1,type:0,xpos:0.000000,ypos:0.000000,xspeed:-12.980000,yspeed:-0.690000,angle:-7.070000,distense:124.600000,rcs:18.000000
timestame:1619471004.441000000,objid:4,type:0,xpos:0.000000,ypos:0.000000,xspeed:1.110000,yspeed:0.150000,angle:0.720000,distense:17.800000,rcs:13.000000
timestame:1619471004.441000000,objid:7,type:0,xpos:0.000000,ypos:0.000000,xspeed:17.770000,yspeed:0.000000,angle:8.100000,distense:173.000000,rcs:12.000000
