timestame:1619469976.394000000,objid:2,type:0,xpos:0.000000,ypos:0.000000,xspeed:-1.470000,yspeed:-1.090000,angle:-18.000000,distense:32.000000,rcs:9.000000
timestame:1619469976.394000000,objid:4,type:0,xpos:0.000000,ypos:0.000000,xspeed:2.260000,yspeed:-2.840000,angle:5.800000,distense:44.400000,rcs:21.000000
timestame:1619469976.394000000,objid:6,type:0,xpos:0.000000,ypos:0.000000,xspeed:-1.850000,yspeed:-2.480000,angle:-18.000000,distense:34.200000,rcs:27.000000
timestame:1619469976.394000000,objid:7,type:0,xpos:0.000000,ypos:0.000000,xspeed:-3.860000,yspeed:-4.390000,angle:-18.000000,distense:34.800000,rcs:21.000000
