timestame:1619469761.008000000,objid:1,type:0,xpos:0.000000,ypos:0.000000,xspeed:1.490000,yspeed:5.740000,angle:-1.970000,distense:45.800000,rcs:12.000000
timestame:1619469761.008000000,objid:2,type:0,xpos:0.000000,ypos:0.000000,xspeed:39.760000,yspeed:-4.160000,angle:-6.010000,distense:40.600000,rcs:6.000000
