timestame:1619470930.347000000,objid:3,type:0,xpos:0.000000,ypos:0.000000,xspeed:-1.590000,yspeed:-0.060000,angle:1.600000,distense:19.200000,rcs:27.000000
timestame:1619470930.347000000,objid:7,type:0,xpos:0.000000,ypos:0.000000,xspeed:-1.920000,yspeed:0.050000,angle:-10.010000,distense:89.800000,rcs:13.000000
