timestame:1619470792.184000000,objid:0,type:0,xpos:0.000000,ypos:0.000000,xspeed:1.060000,yspeed:0.130000,angle:2.160000,distense:19.400000,rcs:21.000000
timestame:1619470792.184000000,objid:5,type:0,xpos:0.000000,ypos:0.000000,xspeed:3.590000,yspeed:-2.500000,angle:-18.000000,distense:47.800000,rcs:6.000000
timestame:1619470792.184000000,objid:7,type:0,xpos:0.000000,ypos:0.000000,xspeed:3.920000,yspeed:-3.490000,angle:12.170000,distense:49.400000,rcs:29.000000
