timestame:1619469930.340000000,objid:0,type:0,xpos:0.000000,ypos:0.000000,xspeed:-4.410000,yspeed:1.030000,angle:-18.000000,distense:41.000000,rcs:6.000000
timestame:1619469930.340000000,objid:1,type:0,xpos:0.000000,ypos:0.000000,xspeed:7.900000,yspeed:0.270000,angle:1.500000,distense:201.200000,rcs:12.000000
timestame:1619469930.340000000,objid:8,type:0,xpos:0.000000,ypos:0.000000,xspeed:7.810000,yspeed:0.120000,angle:1.170000,distense:194.400000,rcs:26.000000
