timestame:1619470659.907000000,objid:2,type:0,xpos:0.000000,ypos:0.000000,xspeed:4.220000,yspeed:2.700000,angle:-16.460000,distense:38.200000,rcs:12.000000
timestame:1619470659.907000000,objid:3,type:0,xpos:0.000000,ypos:0.000000,xspeed:-2.160000,yspeed:-0.100000,angle:-7.240000,distense:111.800000,rcs:16.000000
timestame:1619470659.907000000,objid:7,type:0,xpos:0.000000,ypos:0.000000,xspeed:-2.530000,yspeed:-0.390000,angle:-18.000000,distense:26.000000,rcs:6.000000
