timestame:1619469572.058000000,objid:1,type:0,xpos:0.000000,ypos:0.000000,xspeed:-6.710000,yspeed:-3.400000,angle:-18.000000,distense:33.000000,rcs:6.000000
timestame:1619469572.058000000,objid:3,type:0,xpos:0.000000,ypos:0.000000,xspeed:-9.000000,yspeed:1.070000,angle:-5.380000,distense:150.000000,rcs:9.000000
timestame:1619469572.058000000,objid:5,type:0,xpos:0.000000,ypos:0.000000,xspeed:-9.390000,yspeed:-1.340000,angle:-6.150000,distense:146.400000,rcs:12.000000
timestame:1619469572.058000000,objid:8,type:0,xpos:0.000000,ypos:0.000000,xspeed:-2.100000,yspeed:-1.810000,angle:-18.000000,distense:37.400000,rcs:23.000000
