timestame:1619470167.425000000,objid:0,type:0,xpos:0.000000,ypos:0.000000,xspeed:5.640000,yspeed:0.190000,angle:2.130000,distense:39.400000,rcs:30.000000
timestame:1619470167.425000000,objid:3,type:0,xpos:0.000000,ypos:0.000000,xspeed:7.370000,yspeed:0.380000,angle:6.050000,distense:70.600000,rcs:26.000000
