timestame:1619470170.396000000,objid:0,type:0,xpos:0.000000,ypos:0.000000,xspeed:7.820000,yspeed:0.400000,angle:2.480000,distense:63.800000,rcs:20.000000
timestame:1619470170.396000000,objid:1,type:0,xpos:0.000000,ypos:0.000000,xspeed:10.190000,yspeed:0.660000,angle:2.840000,distense:34.400000,rcs:39.000000
timestame:1619470170.396000000,objid:3,type:0,xpos:0.000000,ypos:0.000000,xspeed:9.690000,yspeed:0.050000,angle:4.210000,distense:100.400000,rcs:25.000000
timestame:1619470170.396000000,objid:4,type:0,xpos:0.000000,ypos:0.000000,xspeed:4.690000,yspeed:0.600000,angle:20.730000,distense:22.800000,rcs:26.000000
