timestame:1619471314.667000000,objid:1,type:0,xpos:0.000000,ypos:0.000000,xspeed:-15.170000,yspeed:-1.090000,angle:-4.320000,distense:155.600000,rcs:15.000000
timestame:1619471314.667000000,objid:2,type:0,xpos:0.000000,ypos:0.000000,xspeed:-3.520000,yspeed:9.890000,angle:-17.880000,distense:36.600000,rcs:12.000000
timestame:1619471314.667000000,objid:4,type:0,xpos:0.000000,ypos:0.000000,xspeed:-1.420000,yspeed:5.530000,angle:21.580000,distense:36.600000,rcs:6.000000
