timestame:1619471218.919000000,objid:6,type:0,xpos:0.000000,ypos:0.000000,xspeed:2.920000,yspeed:0.430000,angle:1.870000,distense:45.400000,rcs:16.000000
timestame:1619471218.919000000,objid:9,type:0,xpos:0.000000,ypos:0.000000,xspeed:3.060000,yspeed:0.160000,angle:2.370000,distense:26.400000,rcs:40.000000
timestame:1619471218.919000000,objid:10,type:0,xpos:0.000000,ypos:0.000000,xspeed:3.010000,yspeed:0.170000,angle:0.170000,distense:35.600000,rcs:24.000000
