timestame:1619471460.685000000,objid:1,type:0,xpos:0.000000,ypos:0.000000,xspeed:-7.160000,yspeed:-1.930000,angle:-5.020000,distense:125.400000,rcs:12.000000
timestame:1619471460.685000000,objid:3,type:0,xpos:0.000000,ypos:0.000000,xspeed:-8.010000,yspeed:-2.510000,angle:-4.610000,distense:193.600000,rcs:13.000000
