timestame:1619470016.794000000,objid:0,type:0,xpos:0.000000,ypos:0.000000,xspeed:-1.030000,yspeed:-3.590000,angle:-18.000000,distense:29.000000,rcs:19.000000
timestame:1619470016.794000000,objid:5,type:0,xpos:0.000000,ypos:0.000000,xspeed:-1.210000,yspeed:-1.980000,angle:-18.000000,distense:35.400000,rcs:9.000000
timestame:1619470016.794000000,objid:7,type:0,xpos:0.000000,ypos:0.000000,xspeed:1.640000,yspeed:1.230000,angle:-18.000000,distense:31.200000,rcs:20.000000
timestame:1619470016.794000000,objid:14,type:0,xpos:0.000000,ypos:0.000000,xspeed:-1.760000,yspeed:-1.570000,angle:-18.000000,distense:32.400000,rcs:12.000000
