timestame:1619471519.418000000,objid:7,type:0,xpos:0.000000,ypos:0.000000,xspeed:16.650000,yspeed:0.250000,angle:1.440000,distense:205.400000,rcs:12.000000
timestame:1619471519.418000000,objid:10,type:0,xpos:0.000000,ypos:0.000000,xspeed:16.590000,yspeed:0.300000,angle:1.390000,distense:194.800000,rcs:31.000000
