timestame:1619471036.713000000,objid:2,type:0,xpos:0.000000,ypos:0.000000,xspeed:-1.740000,yspeed:-3.420000,angle:-16.220000,distense:42.200000,rcs:13.000000
timestame:1619471036.713000000,objid:3,type:0,xpos:0.000000,ypos:0.000000,xspeed:1.750000,yspeed:-3.050000,angle:22.650000,distense:48.400000,rcs:23.000000
timestame:1619471036.713000000,objid:7,type:0,xpos:0.000000,ypos:0.000000,xspeed:-1.670000,yspeed:-7.410000,angle:-9.620000,distense:76.000000,rcs:6.000000
timestame:1619471036.713000000,objid:8,type:0,xpos:0.000000,ypos:0.000000,xspeed:-2.280000,yspeed:-0.670000,angle:-18.000000,distense:31.400000,rcs:6.000000
