timestame:1619471498.362000000,objid:0,type:0,xpos:0.000000,ypos:0.000000,xspeed:7.520000,yspeed:0.100000,angle:1.900000,distense:84.000000,rcs:27.000000
timestame:1619471498.362000000,objid:3,type:0,xpos:0.000000,ypos:0.000000,xspeed:7.300000,yspeed:0.030000,angle:3.560000,distense:113.400000,rcs:20.000000
timestame:1619471498.362000000,objid:5,type:0,xpos:0.000000,ypos:0.000000,xspeed:6.490000,yspeed:-0.060000,angle:1.440000,distense:90.200000,rcs:19.000000
timestame:1619471498.362000000,objid:10,type:0,xpos:0.000000,ypos:0.000000,xspeed:6.850000,yspeed:0.490000,angle:5.960000,distense:73.400000,rcs:25.000000
