timestame:1619469854.558000000,objid:0,type:0,xpos:0.000000,ypos:0.000000,xspeed:3.630000,yspeed:-3.800000,angle:1.940000,distense:50.400000,rcs:29.000000
timestame:1619469854.558000000,objid:4,type:0,xpos:0.000000,ypos:0.000000,xspeed:7.110000,yspeed:9.580000,angle:-13.170000,distense:51.400000,rcs:13.000000
timestame:1619469854.558000000,objid:10,type:0,xpos:0.000000,ypos:0.000000,xspeed:-11.530000,yspeed:-0.100000,angle:-4.490000,distense:144.800000,rcs:13.000000
