timestame:1619469567.455000000,objid:2,type:0,xpos:0.000000,ypos:0.000000,xspeed:-1.090000,yspeed:-4.080000,angle:-5.030000,distense:37.600000,rcs:28.000000
timestame:1619469567.455000000,objid:5,type:0,xpos:0.000000,ypos:0.000000,xspeed:-1.390000,yspeed:-2.420000,angle:-15.320000,distense:48.600000,rcs:6.000000
timestame:1619469567.455000000,objid:8,type:0,xpos:0.000000,ypos:0.000000,xspeed:3.950000,yspeed:-5.530000,angle:0.970000,distense:60.000000,rcs:6.000000
timestame:1619469567.455000000,objid:11,type:0,xpos:0.000000,ypos:0.000000,xspeed:-1.940000,yspeed:-4.880000,angle:-11.300000,distense:35.400000,rcs:30.000000
