timestame:1619470692.224000000,objid:1,type:0,xpos:0.000000,ypos:0.000000,xspeed:3.690000,yspeed:-0.020000,angle:6.690000,distense:37.000000,rcs:27.000000
timestame:1619470692.224000000,objid:2,type:0,xpos:0.000000,ypos:0.000000,xspeed:-2.700000,yspeed:-0.110000,angle:-18.000000,distense:36.600000,rcs:6.000000
timestame:1619470692.224000000,objid:3,type:0,xpos:0.000000,ypos:0.000000,xspeed:-8.860000,yspeed:-0.790000,angle:-18.000000,distense:27.400000,rcs:6.000000
timestame:1619470692.224000000,objid:4,type:0,xpos:0.000000,ypos:0.000000,xspeed:-3.780000,yspeed:-2.020000,angle:-18.000000,distense:33.600000,rcs:6.000000
