timestame:1619469927.860000000,objid:1,type:0,xpos:0.000000,ypos:0.000000,xspeed:6.910000,yspeed:0.070000,angle:1.380000,distense:180.600000,rcs:12.000000
timestame:1619469927.860000000,objid:8,type:0,xpos:0.000000,ypos:0.000000,xspeed:7.120000,yspeed:0.090000,angle:1.250000,distense:174.200000,rcs:24.000000
