timestame:1619470689.614000000,objid:0,type:0,xpos:0.000000,ypos:0.000000,xspeed:-5.050000,yspeed:-0.370000,angle:-18.000000,distense:31.200000,rcs:6.000000
timestame:1619470689.614000000,objid:1,type:0,xpos:0.000000,ypos:0.000000,xspeed:1.860000,yspeed:0.070000,angle:9.080000,distense:26.400000,rcs:20.000000
timestame:1619470689.614000000,objid:2,type:0,xpos:0.000000,ypos:0.000000,xspeed:-9.630000,yspeed:-0.450000,angle:-18.000000,distense:28.400000,rcs:6.000000
timestame:1619470689.614000000,objid:4,type:0,xpos:0.000000,ypos:0.000000,xspeed:-31.550000,yspeed:-2.460000,angle:-18.000000,distense:26.400000,rcs:9.000000
