timestame:1619470124.285000000,objid:1,type:0,xpos:0.000000,ypos:0.000000,xspeed:3.450000,yspeed:3.630000,angle:-17.270000,distense:36.400000,rcs:13.000000
timestame:1619470124.285000000,objid:3,type:0,xpos:0.000000,ypos:0.000000,xspeed:-5.430000,yspeed:9.300000,angle:13.100000,distense:42.200000,rcs:12.000000
timestame:1619470124.285000000,objid:4,type:0,xpos:0.000000,ypos:0.000000,xspeed:3.880000,yspeed:1.070000,angle:22.640000,distense:28.800000,rcs:24.000000
timestame:1619470124.285000000,objid:6,type:0,xpos:0.000000,ypos:0.000000,xspeed:4.360000,yspeed:2.710000,angle:-16.150000,distense:35.000000,rcs:33.000000
