timestame:1619470769.137000000,objid:0,type:0,xpos:0.000000,ypos:0.000000,xspeed:-11.810000,yspeed:-0.580000,angle:-5.210000,distense:163.000000,rcs:12.000000
timestame:1619470769.137000000,objid:1,type:0,xpos:0.000000,ypos:0.000000,xspeed:11.140000,yspeed:0.250000,angle:2.180000,distense:76.600000,rcs:20.000000
timestame:1619470769.137000000,objid:2,type:0,xpos:0.000000,ypos:0.000000,xspeed:-8.970000,yspeed:-8.750000,angle:-5.240000,distense:159.600000,rcs:12.000000
