timestame:1619470800.993000000,objid:2,type:0,xpos:0.000000,ypos:0.000000,xspeed:-9.130000,yspeed:-0.710000,angle:-9.520000,distense:30.200000,rcs:6.000000
timestame:1619470800.993000000,objid:4,type:0,xpos:0.000000,ypos:0.000000,xspeed:-1.760000,yspeed:-2.610000,angle:-11.920000,distense:43.000000,rcs:27.000000
timestame:1619470800.993000000,objid:15,type:0,xpos:0.000000,ypos:0.000000,xspeed:-1.370000,yspeed:-1.660000,angle:-18.000000,distense:37.000000,rcs:9.000000
