timestame:1619469707.058000000,objid:6,type:0,xpos:0.000000,ypos:0.000000,xspeed:-2.230000,yspeed:-0.890000,angle:-18.000000,distense:34.400000,rcs:25.000000
timestame:1619469707.058000000,objid:10,type:0,xpos:0.000000,ypos:0.000000,xspeed:-3.130000,yspeed:-5.090000,angle:-18.000000,distense:38.600000,rcs:9.000000
timestame:1619469707.058000000,objid:14,type:0,xpos:0.000000,ypos:0.000000,xspeed:-2.910000,yspeed:-2.340000,angle:-18.000000,distense:36.000000,rcs:26.000000
