timestame:1619470111.194000000,objid:2,type:0,xpos:0.000000,ypos:0.000000,xspeed:4.910000,yspeed:-3.090000,angle:18.180000,distense:23.400000,rcs:26.000000
timestame:1619470111.194000000,objid:5,type:0,xpos:0.000000,ypos:0.000000,xspeed:3.330000,yspeed:3.590000,angle:-9.010000,distense:42.600000,rcs:6.000000
timestame:1619470111.194000000,objid:6,type:0,xpos:0.000000,ypos:0.000000,xspeed:-7.150000,yspeed:-0.950000,angle:18.400000,distense:21.400000,rcs:6.000000
timestame:1619470111.194000000,objid:7,type:0,xpos:0.000000,ypos:0.000000,xspeed:7.210000,yspeed:-0.390000,angle:-15.710000,distense:22.600000,rcs:38.000000
