timestame:1619471447.202000000,objid:3,type:0,xpos:0.000000,ypos:0.000000,xspeed:-3.350000,yspeed:-0.080000,angle:-5.610000,distense:112.600000,rcs:13.000000
timestame:1619471447.202000000,objid:11,type:0,xpos:0.000000,ypos:0.000000,xspeed:-3.180000,yspeed:-0.610000,angle:-7.380000,distense:102.000000,rcs:12.000000
timestame:1619471447.202000000,objid:13,type:0,xpos:0.000000,ypos:0.000000,xspeed:-2.760000,yspeed:0.020000,angle:14.900000,distense:52.200000,rcs:12.000000
