timestame:1619471314.790000000,objid:1,type:0,xpos:0.000000,ypos:0.000000,xspeed:-15.200000,yspeed:-1.140000,angle:-4.450000,distense:153.800000,rcs:12.000000
timestame:1619471314.790000000,objid:2,type:0,xpos:0.000000,ypos:0.000000,xspeed:-3.390000,yspeed:6.290000,angle:-17.740000,distense:36.400000,rcs:20.000000
timestame:1619471314.790000000,objid:4,type:0,xpos:0.000000,ypos:0.000000,xspeed:-1.420000,yspeed:5.530000,angle:22.640000,distense:36.600000,rcs:6.000000
