timestame:1619471450.059000000,objid:3,type:0,xpos:0.000000,ypos:0.000000,xspeed:-2.810000,yspeed:-0.080000,angle:-6.130000,distense:104.400000,rcs:18.000000
timestame:1619471450.059000000,objid:11,type:0,xpos:0.000000,ypos:0.000000,xspeed:-2.280000,yspeed:-0.240000,angle:-8.340000,distense:95.600000,rcs:9.000000
timestame:1619471450.059000000,objid:13,type:0,xpos:0.000000,ypos:0.000000,xspeed:-3.510000,yspeed:0.040000,angle:18.930000,distense:42.000000,rcs:16.000000
