timestame:1619469631.325000000,objid:1,type:0,xpos:0.000000,ypos:0.000000,xspeed:-4.210000,yspeed:0.010000,angle:-18.000000,distense:25.800000,rcs:6.000000
timestame:1619469631.325000000,objid:2,type:0,xpos:0.000000,ypos:0.000000,xspeed:-6.410000,yspeed:-0.630000,angle:-18.000000,distense:31.200000,rcs:6.000000
timestame:1619469631.325000000,objid:6,type:0,xpos:0.000000,ypos:0.000000,xspeed:-10.060000,yspeed:-0.190000,angle:-6.570000,distense:73.000000,rcs:6.000000
timestame:1619469631.325000000,objid:7,type:0,xpos:0.000000,ypos:0.000000,xspeed:-6.560000,yspeed:-0.500000,angle:-18.000000,distense:35.200000,rcs:15.000000
