timestame:1619471402.900000000,objid:6,type:0,xpos:0.000000,ypos:0.000000,xspeed:8.180000,yspeed:3.660000,angle:-10.070000,distense:55.200000,rcs:6.000000
timestame:1619471402.900000000,objid:8,type:0,xpos:0.000000,ypos:0.000000,xspeed:3.280000,yspeed:-6.320000,angle:22.150000,distense:106.200000,rcs:13.000000
timestame:1619471402.900000000,objid:11,type:0,xpos:0.000000,ypos:0.000000,xspeed:4.540000,yspeed:1.010000,angle:-7.970000,distense:49.400000,rcs:6.000000
