timestame:1619470443.258000000,objid:1,type:0,xpos:0.000000,ypos:0.000000,xspeed:16.530000,yspeed:0.300000,angle:1.850000,distense:112.400000,rcs:22.000000
timestame:1619470443.258000000,objid:2,type:0,xpos:0.000000,ypos:0.000000,xspeed:3.980000,yspeed:-0.150000,angle:8.350000,distense:87.800000,rcs:23.000000
