timestame:1619469555.138000000,objid:2,type:0,xpos:0.000000,ypos:0.000000,xspeed:-1.460000,yspeed:4.660000,angle:-18.000000,distense:41.000000,rcs:21.000000
timestame:1619469555.138000000,objid:3,type:0,xpos:0.000000,ypos:0.000000,xspeed:-1.620000,yspeed:5.750000,angle:-15.330000,distense:45.800000,rcs:19.000000
timestame:1619469555.138000000,objid:4,type:0,xpos:0.000000,ypos:0.000000,xspeed:-2.260000,yspeed:7.560000,angle:-9.600000,distense:44.200000,rcs:24.000000
