timestame:1619470939.924000000,objid:1,type:0,xpos:0.000000,ypos:0.000000,xspeed:-2.550000,yspeed:0.970000,angle:-12.830000,distense:69.200000,rcs:21.000000
timestame:1619470939.924000000,objid:5,type:0,xpos:0.000000,ypos:0.000000,xspeed:-4.670000,yspeed:0.000000,angle:-13.580000,distense:72.000000,rcs:20.000000
timestame:1619470939.924000000,objid:10,type:0,xpos:0.000000,ypos:0.000000,xspeed:-3.820000,yspeed:0.280000,angle:-10.380000,distense:69.600000,rcs:20.000000
