timestame:1619470973.944000000,objid:0,type:0,xpos:0.000000,ypos:0.000000,xspeed:6.280000,yspeed:0.090000,angle:3.760000,distense:106.200000,rcs:28.000000
timestame:1619470973.944000000,objid:2,type:0,xpos:0.000000,ypos:0.000000,xspeed:1.430000,yspeed:3.880000,angle:-3.420000,distense:46.000000,rcs:9.000000
timestame:1619470973.944000000,objid:3,type:0,xpos:0.000000,ypos:0.000000,xspeed:6.750000,yspeed:-0.610000,angle:2.320000,distense:115.200000,rcs:9.000000
timestame:1619470973.944000000,objid:9,type:0,xpos:0.000000,ypos:0.000000,xspeed:2.520000,yspeed:2.930000,angle:-11.420000,distense:39.400000,rcs:18.000000
