timestame:1619470792.245000000,objid:0,type:0,xpos:0.000000,ypos:0.000000,xspeed:1.060000,yspeed:0.130000,angle:2.160000,distense:19.400000,rcs:24.000000
timestame:1619470792.245000000,objid:5,type:0,xpos:0.000000,ypos:0.000000,xspeed:3.850000,yspeed:-3.660000,angle:-18.000000,distense:48.400000,rcs:6.000000
timestame:1619470792.245000000,objid:7,type:0,xpos:0.000000,ypos:0.000000,xspeed:6.220000,yspeed:3.770000,angle:13.290000,distense:50.600000,rcs:27.000000
