timestame:1619471367.502000000,objid:1,type:0,xpos:0.000000,ypos:0.000000,xspeed:7.760000,yspeed:0.050000,angle:3.200000,distense:120.200000,rcs:20.000000
timestame:1619471367.502000000,objid:2,type:0,xpos:0.000000,ypos:0.000000,xspeed:8.140000,yspeed:-0.040000,angle:3.020000,distense:126.000000,rcs:12.000000
timestame:1619471367.502000000,objid:7,type:0,xpos:0.000000,ypos:0.000000,xspeed:11.680000,yspeed:0.220000,angle:1.570000,distense:158.800000,rcs:20.000000
