timestame:1619470485.044000000,objid:1,type:0,xpos:0.000000,ypos:0.000000,xspeed:-3.330000,yspeed:-0.210000,angle:-8.870000,distense:81.000000,rcs:13.000000
timestame:1619470485.044000000,objid:2,type:0,xpos:0.000000,ypos:0.000000,xspeed:2.180000,yspeed:-6.400000,angle:5.310000,distense:63.200000,rcs:18.000000
timestame:1619470485.044000000,objid:5,type:0,xpos:0.000000,ypos:0.000000,xspeed:-2.320000,yspeed:-4.350000,angle:-13.840000,distense:60.200000,rcs:6.000000
