timestame:1619470457.989000000,objid:0,type:0,xpos:0.000000,ypos:0.000000,xspeed:-19.820000,yspeed:0.000000,angle:-5.060000,distense:143.800000,rcs:9.000000
timestame:1619470457.989000000,objid:2,type:0,xpos:0.000000,ypos:0.000000,xspeed:5.610000,yspeed:-0.090000,angle:3.630000,distense:162.800000,rcs:18.000000
