timestame:1619470700.759000000,objid:1,type:0,xpos:0.000000,ypos:0.000000,xspeed:9.270000,yspeed:0.180000,angle:3.940000,distense:103.600000,rcs:6.000000
timestame:1619470700.759000000,objid:2,type:0,xpos:0.000000,ypos:0.000000,xspeed:-9.020000,yspeed:0.990000,angle:-10.750000,distense:98.800000,rcs:13.000000
