timestame:1619471434.349000000,objid:0,type:0,xpos:0.000000,ypos:0.000000,xspeed:-4.430000,yspeed:6.130000,angle:5.890000,distense:41.200000,rcs:33.000000
timestame:1619471434.349000000,objid:2,type:0,xpos:0.000000,ypos:0.000000,xspeed:1.720000,yspeed:-2.930000,angle:-0.530000,distense:45.800000,rcs:6.000000
timestame:1619471434.349000000,objid:5,type:0,xpos:0.000000,ypos:0.000000,xspeed:-1.440000,yspeed:-5.740000,angle:-11.650000,distense:38.800000,rcs:21.000000
timestame:1619471434.349000000,objid:16,type:0,xpos:0.000000,ypos:0.000000,xspeed:-1.890000,yspeed:0.180000,angle:-7.270000,distense:87.600000,rcs:20.000000
