timestame:1619470774.980000000,objid:1,type:0,xpos:0.000000,ypos:0.000000,xspeed:-10.790000,yspeed:-3.620000,angle:-7.830000,distense:112.400000,rcs:15.000000
timestame:1619470774.980000000,objid:2,type:0,xpos:0.000000,ypos:0.000000,xspeed:17.730000,yspeed:0.400000,angle:1.430000,distense:169.400000,rcs:9.000000
