timestame:1619470563.255000000,objid:1,type:0,xpos:0.000000,ypos:0.000000,xspeed:6.750000,yspeed:-0.500000,angle:3.420000,distense:204.000000,rcs:6.000000
timestame:1619470563.255000000,objid:2,type:0,xpos:0.000000,ypos:0.000000,xspeed:-12.710000,yspeed:-2.710000,angle:-13.570000,distense:16.400000,rcs:15.000000
timestame:1619470563.255000000,objid:3,type:0,xpos:0.000000,ypos:0.000000,xspeed:10.570000,yspeed:0.140000,angle:1.600000,distense:97.000000,rcs:31.000000
timestame:1619470563.255000000,objid:5,type:0,xpos:0.000000,ypos:0.000000,xspeed:7.600000,yspeed:-4.840000,angle:1.800000,distense:215.000000,rcs:6.000000
