timestame:1619470880.389000000,objid:3,type:0,xpos:0.000000,ypos:0.000000,xspeed:-1.790000,yspeed:-3.180000,angle:-18.000000,distense:34.400000,rcs:19.000000
timestame:1619470880.389000000,objid:4,type:0,xpos:0.000000,ypos:0.000000,xspeed:-22.500000,yspeed:-8.710000,angle:-18.000000,distense:20.600000,rcs:21.000000
timestame:1619470880.389000000,objid:23,type:0,xpos:0.000000,ypos:0.000000,xspeed:-2.710000,yspeed:-4.090000,angle:-18.000000,distense:50.000000,rcs:9.000000
