timestame:1619471293.663000000,objid:0,type:0,xpos:0.000000,ypos:0.000000,xspeed:2.450000,yspeed:3.160000,angle:-15.050000,distense:36.800000,rcs:15.000000
timestame:1619471293.663000000,objid:1,type:0,xpos:0.000000,ypos:0.000000,xspeed:-2.670000,yspeed:11.960000,angle:-6.540000,distense:46.000000,rcs:21.000000
timestame:1619471293.663000000,objid:3,type:0,xpos:0.000000,ypos:0.000000,xspeed:19.610000,yspeed:18.520000,angle:-9.400000,distense:49.800000,rcs:6.000000
timestame:1619471293.663000000,objid:6,type:0,xpos:0.000000,ypos:0.000000,xspeed:3.660000,yspeed:0.070000,angle:21.830000,distense:30.000000,rcs:15.000000
