timestame:1619471077.655000000,objid:1,type:0,xpos:0.000000,ypos:0.000000,xspeed:-6.460000,yspeed:-0.160000,angle:-18.000000,distense:54.000000,rcs:25.000000
timestame:1619471077.655000000,objid:3,type:0,xpos:0.000000,ypos:0.000000,xspeed:-9.230000,yspeed:-0.140000,angle:-11.290000,distense:61.000000,rcs:20.000000
timestame:1619471077.655000000,objid:5,type:0,xpos:0.000000,ypos:0.000000,xspeed:-10.110000,yspeed:-0.560000,angle:-18.000000,distense:39.600000,rcs:20.000000
timestame:1619471077.655000000,objid:6,type:0,xpos:0.000000,ypos:0.000000,xspeed:-5.840000,yspeed:-0.590000,angle:-18.000000,distense:49.000000,rcs:22.000000
