timestame:1619469758.456000000,objid:1,type:0,xpos:0.000000,ypos:0.000000,xspeed:3.500000,yspeed:5.240000,angle:-11.380000,distense:55.800000,rcs:6.000000
timestame:1619469758.456000000,objid:2,type:0,xpos:0.000000,ypos:0.000000,xspeed:5.000000,yspeed:2.730000,angle:-17.800000,distense:33.600000,rcs:22.000000
timestame:1619469758.456000000,objid:3,type:0,xpos:0.000000,ypos:0.000000,xspeed:5.170000,yspeed:2.510000,angle:-17.300000,distense:44.600000,rcs:6.000000
timestame:1619469758.456000000,objid:6,type:0,xpos:0.000000,ypos:0.000000,xspeed:1.890000,yspeed:5.730000,angle:16.070000,distense:31.400000,rcs:6.000000
