timestame:1619469927.799000000,objid:1,type:0,xpos:0.000000,ypos:0.000000,xspeed:6.910000,yspeed:0.070000,angle:1.380000,distense:180.200000,rcs:12.000000
timestame:1619469927.799000000,objid:8,type:0,xpos:0.000000,ypos:0.000000,xspeed:7.110000,yspeed:0.100000,angle:1.260000,distense:173.800000,rcs:21.000000
