timestame:1619471083.537000000,objid:4,type:0,xpos:0.000000,ypos:0.000000,xspeed:3.700000,yspeed:0.280000,angle:1.760000,distense:33.600000,rcs:32.000000
timestame:1619471083.537000000,objid:10,type:0,xpos:0.000000,ypos:0.000000,xspeed:5.960000,yspeed:0.500000,angle:2.160000,distense:50.600000,rcs:6.000000
