timestame:1619471224.865000000,objid:1,type:0,xpos:0.000000,ypos:0.000000,xspeed:5.990000,yspeed:-0.590000,angle:-5.520000,distense:37.400000,rcs:26.000000
timestame:1619471224.865000000,objid:6,type:0,xpos:0.000000,ypos:0.000000,xspeed:4.780000,yspeed:0.280000,angle:2.570000,distense:72.400000,rcs:12.000000
timestame:1619471224.865000000,objid:9,type:0,xpos:0.000000,ypos:0.000000,xspeed:4.950000,yspeed:0.140000,angle:2.600000,distense:54.000000,rcs:40.000000
