timestame:1619470057.619000000,objid:0,type:0,xpos:0.000000,ypos:0.000000,xspeed:-12.610000,yspeed:1.760000,angle:-3.750000,distense:109.400000,rcs:13.000000
timestame:1619470057.619000000,objid:5,type:0,xpos:0.000000,ypos:0.000000,xspeed:9.370000,yspeed:0.210000,angle:2.690000,distense:162.800000,rcs:24.000000
