timestame:1619470329.241000000,objid:0,type:0,xpos:0.000000,ypos:0.000000,xspeed:15.990000,yspeed:-0.310000,angle:0.670000,distense:164.600000,rcs:26.000000
timestame:1619470329.241000000,objid:2,type:0,xpos:0.000000,ypos:0.000000,xspeed:9.390000,yspeed:0.190000,angle:0.940000,distense:193.800000,rcs:24.000000
timestame:1619470329.241000000,objid:3,type:0,xpos:0.000000,ypos:0.000000,xspeed:14.290000,yspeed:0.260000,angle:2.360000,distense:217.000000,rcs:23.000000
timestame:1619470329.241000000,objid:5,type:0,xpos:0.000000,ypos:0.000000,xspeed:9.330000,yspeed:0.260000,angle:1.280000,distense:208.600000,rcs:9.000000
