timestame:1619470667.470000000,objid:2,type:0,xpos:0.000000,ypos:0.000000,xspeed:2.780000,yspeed:5.380000,angle:-9.020000,distense:97.800000,rcs:12.000000
timestame:1619470667.470000000,objid:3,type:0,xpos:0.000000,ypos:0.000000,xspeed:-1.050000,yspeed:-0.260000,angle:-8.620000,distense:102.200000,rcs:9.000000
timestame:1619470667.470000000,objid:4,type:0,xpos:0.000000,ypos:0.000000,xspeed:11.060000,yspeed:16.240000,angle:-10.340000,distense:20.000000,rcs:24.000000
timestame:1619470667.470000000,objid:5,type:0,xpos:0.000000,ypos:0.000000,xspeed:6.140000,yspeed:0.660000,angle:20.620000,distense:20.200000,rcs:27.000000
