timestame:1619469562.746000000,objid:3,type:0,xpos:0.000000,ypos:0.000000,xspeed:1.160000,yspeed:-2.130000,angle:4.850000,distense:43.800000,rcs:31.000000
timestame:1619469562.746000000,objid:4,type:0,xpos:0.000000,ypos:0.000000,xspeed:7.050000,yspeed:-10.810000,angle:-17.820000,distense:46.200000,rcs:19.000000
timestame:1619469562.746000000,objid:14,type:0,xpos:0.000000,ypos:0.000000,xspeed:32.090000,yspeed:-15.090000,angle:20.920000,distense:59.400000,rcs:6.000000
