timestame:1619469929.539000000,objid:1,type:0,xpos:0.000000,ypos:0.000000,xspeed:7.580000,yspeed:0.150000,angle:1.400000,distense:194.200000,rcs:13.000000
timestame:1619469929.539000000,objid:8,type:0,xpos:0.000000,ypos:0.000000,xspeed:7.540000,yspeed:-0.010000,angle:1.080000,distense:187.400000,rcs:23.000000
