timestame:1619470873.872000000,objid:4,type:0,xpos:0.000000,ypos:0.000000,xspeed:3.370000,yspeed:0.050000,angle:0.730000,distense:21.400000,rcs:38.000000
timestame:1619470873.872000000,objid:7,type:0,xpos:0.000000,ypos:0.000000,xspeed:4.250000,yspeed:3.000000,angle:-18.000000,distense:56.400000,rcs:13.000000
timestame:1619470873.872000000,objid:9,type:0,xpos:0.000000,ypos:0.000000,xspeed:1.260000,yspeed:2.450000,angle:2.430000,distense:17.400000,rcs:43.000000
timestame:1619470873.872000000,objid:11,type:0,xpos:0.000000,ypos:0.000000,xspeed:6.480000,yspeed:-0.440000,angle:0.100000,distense:36.600000,rcs:23.000000
