timestame:1619470701.882000000,objid:0,type:0,xpos:0.000000,ypos:0.000000,xspeed:4.780000,yspeed:2.320000,angle:19.640000,distense:27.200000,rcs:26.000000
timestame:1619470701.882000000,objid:1,type:0,xpos:0.000000,ypos:0.000000,xspeed:9.860000,yspeed:-0.020000,angle:3.360000,distense:115.600000,rcs:12.000000
timestame:1619470701.882000000,objid:2,type:0,xpos:0.000000,ypos:0.000000,xspeed:-8.830000,yspeed:0.100000,angle:-12.430000,distense:89.200000,rcs:12.000000
