timestame:1619470220.710000000,objid:2,type:0,xpos:0.000000,ypos:0.000000,xspeed:3.780000,yspeed:11.970000,angle:-17.520000,distense:47.400000,rcs:6.000000
timestame:1619470220.710000000,objid:6,type:0,xpos:0.000000,ypos:0.000000,xspeed:-3.240000,yspeed:3.580000,angle:-18.000000,distense:50.600000,rcs:6.000000
timestame:1619470220.710000000,objid:7,type:0,xpos:0.000000,ypos:0.000000,xspeed:-2.380000,yspeed:9.480000,angle:-13.200000,distense:41.600000,rcs:6.000000
timestame:1619470220.710000000,objid:8,type:0,xpos:0.000000,ypos:0.000000,xspeed:20.390000,yspeed:0.000000,angle:15.890000,distense:61.800000,rcs:6.000000
