timestame:1619471099.180000000,objid:0,type:0,xpos:0.000000,ypos:0.000000,xspeed:-15.930000,yspeed:-0.010000,angle:-18.000000,distense:32.400000,rcs:13.000000
timestame:1619471099.180000000,objid:1,type:0,xpos:0.000000,ypos:0.000000,xspeed:-22.350000,yspeed:-2.180000,angle:-18.000000,distense:28.800000,rcs:13.000000
timestame:1619471099.180000000,objid:2,type:0,xpos:0.000000,ypos:0.000000,xspeed:9.510000,yspeed:0.080000,angle:1.210000,distense:117.800000,rcs:30.000000
timestame:1619471099.180000000,objid:3,type:0,xpos:0.000000,ypos:0.000000,xspeed:-17.840000,yspeed:-1.180000,angle:-18.000000,distense:29.400000,rcs:25.000000
