timestame:1619471261.298000000,objid:2,type:0,xpos:0.000000,ypos:0.000000,xspeed:12.520000,yspeed:0.250000,angle:4.000000,distense:90.600000,rcs:34.000000
timestame:1619471261.298000000,objid:6,type:0,xpos:0.000000,ypos:0.000000,xspeed:12.530000,yspeed:-0.130000,angle:3.650000,distense:102.600000,rcs:18.000000
timestame:1619471261.298000000,objid:10,type:0,xpos:0.000000,ypos:0.000000,xspeed:12.400000,yspeed:0.570000,angle:4.910000,distense:78.200000,rcs:28.000000
