timestame:1619470047.806000000,objid:0,type:0,xpos:0.000000,ypos:0.000000,xspeed:6.670000,yspeed:0.290000,angle:4.460000,distense:89.800000,rcs:12.000000
timestame:1619470047.806000000,objid:3,type:0,xpos:0.000000,ypos:0.000000,xspeed:14.900000,yspeed:0.270000,angle:1.250000,distense:218.000000,rcs:9.000000
timestame:1619470047.806000000,objid:5,type:0,xpos:0.000000,ypos:0.000000,xspeed:6.790000,yspeed:0.180000,angle:4.760000,distense:80.400000,rcs:26.000000
