timestame:1619470332.026000000,objid:0,type:0,xpos:0.000000,ypos:0.000000,xspeed:16.520000,yspeed:-0.310000,angle:0.240000,distense:211.600000,rcs:25.000000
timestame:1619470332.026000000,objid:4,type:0,xpos:0.000000,ypos:0.000000,xspeed:-1.330000,yspeed:0.720000,angle:15.860000,distense:65.600000,rcs:13.000000
