timestame:1619470926.070000000,objid:3,type:0,xpos:0.000000,ypos:0.000000,xspeed:-9.470000,yspeed:-0.530000,angle:-7.850000,distense:112.200000,rcs:20.000000
timestame:1619470926.070000000,objid:4,type:0,xpos:0.000000,ypos:0.000000,xspeed:3.360000,yspeed:11.190000,angle:15.660000,distense:13.600000,rcs:12.000000
