timestame:1619470440.715000000,objid:1,type:0,xpos:0.000000,ypos:0.000000,xspeed:14.920000,yspeed:0.640000,angle:2.460000,distense:69.800000,rcs:25.000000
timestame:1619470440.715000000,objid:2,type:0,xpos:0.000000,ypos:0.000000,xspeed:3.770000,yspeed:-0.020000,angle:9.720000,distense:77.800000,rcs:23.000000
