timestame:1619469706.997000000,objid:6,type:0,xpos:0.000000,ypos:0.000000,xspeed:-2.170000,yspeed:-0.850000,angle:-18.000000,distense:34.400000,rcs:23.000000
timestame:1619469706.997000000,objid:10,type:0,xpos:0.000000,ypos:0.000000,xspeed:-3.030000,yspeed:-5.520000,angle:-18.000000,distense:38.800000,rcs:28.000000
timestame:1619469706.997000000,objid:14,type:0,xpos:0.000000,ypos:0.000000,xspeed:-2.910000,yspeed:-2.340000,angle:-18.000000,distense:36.000000,rcs:26.000000
