timestame:1619470331.841000000,objid:0,type:0,xpos:0.000000,ypos:0.000000,xspeed:16.480000,yspeed:-0.300000,angle:0.260000,distense:208.600000,rcs:23.000000
timestame:1619470331.841000000,objid:2,type:0,xpos:0.000000,ypos:0.000000,xspeed:9.990000,yspeed:0.410000,angle:1.220000,distense:220.800000,rcs:6.000000
timestame:1619470331.841000000,objid:4,type:0,xpos:0.000000,ypos:0.000000,xspeed:-1.250000,yspeed:0.820000,angle:15.780000,distense:66.000000,rcs:6.000000
