timestame:1619471269.409000000,objid:2,type:0,xpos:0.000000,ypos:0.000000,xspeed:13.840000,yspeed:0.110000,angle:1.970000,distense:200.000000,rcs:12.000000
timestame:1619471269.409000000,objid:5,type:0,xpos:0.000000,ypos:0.000000,xspeed:-1.070000,yspeed:-4.990000,angle:-16.980000,distense:49.800000,rcs:16.000000
timestame:1619471269.409000000,objid:6,type:0,xpos:0.000000,ypos:0.000000,xspeed:13.660000,yspeed:0.090000,angle:1.880000,distense:211.400000,rcs:9.000000
timestame:1619471269.409000000,objid:10,type:0,xpos:0.000000,ypos:0.000000,xspeed:13.810000,yspeed:0.080000,angle:1.930000,distense:187.400000,rcs:36.000000
