timestame:1619470165.687000000,objid:0,type:0,xpos:0.000000,ypos:0.000000,xspeed:2.890000,yspeed:-2.210000,angle:1.630000,distense:28.800000,rcs:27.000000
timestame:1619470165.687000000,objid:3,type:0,xpos:0.000000,ypos:0.000000,xspeed:6.430000,yspeed:0.450000,angle:6.830000,distense:56.800000,rcs:28.000000
timestame:1619470165.687000000,objid:6,type:0,xpos:0.000000,ypos:0.000000,xspeed:2.200000,yspeed:0.090000,angle:1.340000,distense:26.000000,rcs:6.000000
