timestame:1619470288.568000000,objid:2,type:0,xpos:0.000000,ypos:0.000000,xspeed:-12.310000,yspeed:-0.160000,angle:-10.130000,distense:86.800000,rcs:25.000000
timestame:1619470288.568000000,objid:5,type:0,xpos:0.000000,ypos:0.000000,xspeed:-5.680000,yspeed:-0.400000,angle:-18.000000,distense:34.400000,rcs:28.000000
timestame:1619470288.568000000,objid:7,type:0,xpos:0.000000,ypos:0.000000,xspeed:-5.640000,yspeed:-0.520000,angle:-18.000000,distense:30.200000,rcs:23.000000
timestame:1619470288.568000000,objid:11,type:0,xpos:0.000000,ypos:0.000000,xspeed:-5.610000,yspeed:-0.270000,angle:-18.000000,distense:24.600000,rcs:6.000000
