timestame:1619470448.106000000,objid:0,type:0,xpos:0.000000,ypos:0.000000,xspeed:19.120000,yspeed:-2.290000,angle:0.880000,distense:203.800000,rcs:13.000000
timestame:1619470448.106000000,objid:1,type:0,xpos:0.000000,ypos:0.000000,xspeed:-4.520000,yspeed:-1.350000,angle:5.220000,distense:175.200000,rcs:6.000000
timestame:1619470448.106000000,objid:2,type:0,xpos:0.000000,ypos:0.000000,xspeed:4.670000,yspeed:-0.220000,angle:6.250000,distense:110.000000,rcs:13.000000
