timestame:1619470236.574000000,objid:3,type:0,xpos:0.000000,ypos:0.000000,xspeed:-1.120000,yspeed:-3.620000,angle:-16.070000,distense:42.000000,rcs:32.000000
timestame:1619470236.574000000,objid:9,type:0,xpos:0.000000,ypos:0.000000,xspeed:-1.470000,yspeed:-2.670000,angle:-18.000000,distense:38.400000,rcs:31.000000
timestame:1619470236.574000000,objid:11,type:0,xpos:0.000000,ypos:0.000000,xspeed:-5.300000,yspeed:-0.040000,angle:-4.970000,distense:128.000000,rcs:16.000000
timestame:1619470236.574000000,objid:20,type:0,xpos:0.000000,ypos:0.000000,xspeed:-2.010000,yspeed:4.260000,angle:-3.220000,distense:139.200000,rcs:9.000000
