timestame:1619470024.944000000,objid:2,type:0,xpos:0.000000,ypos:0.000000,xspeed:-2.760000,yspeed:-2.240000,angle:-18.000000,distense:31.400000,rcs:15.000000
timestame:1619470024.944000000,objid:7,type:0,xpos:0.000000,ypos:0.000000,xspeed:-14.250000,yspeed:-0.080000,angle:-18.000000,distense:30.400000,rcs:15.000000
timestame:1619470024.944000000,objid:9,type:0,xpos:0.000000,ypos:0.000000,xspeed:-1.460000,yspeed:-0.610000,angle:-18.000000,distense:29.400000,rcs:18.000000
timestame:1619470024.944000000,objid:15,type:0,xpos:0.000000,ypos:0.000000,xspeed:-2.160000,yspeed:-0.370000,angle:-18.000000,distense:27.800000,rcs:6.000000
