timestame:1619470964.994000000,objid:0,type:0,xpos:0.000000,ypos:0.000000,xspeed:4.010000,yspeed:0.230000,angle:6.260000,distense:56.200000,rcs:31.000000
timestame:1619470964.994000000,objid:1,type:0,xpos:0.000000,ypos:0.000000,xspeed:12.520000,yspeed:-0.950000,angle:0.890000,distense:135.600000,rcs:12.000000
timestame:1619470964.994000000,objid:6,type:0,xpos:0.000000,ypos:0.000000,xspeed:10.640000,yspeed:0.490000,angle:2.040000,distense:113.800000,rcs:37.000000
timestame:1619470964.994000000,objid:12,type:0,xpos:0.000000,ypos:0.000000,xspeed:3.010000,yspeed:-0.060000,angle:4.700000,distense:63.600000,rcs:25.000000
