timestame:1619471163.055000000,objid:3,type:0,xpos:0.000000,ypos:0.000000,xspeed:4.830000,yspeed:3.850000,angle:-15.370000,distense:37.600000,rcs:9.000000
timestame:1619471163.055000000,objid:5,type:0,xpos:0.000000,ypos:0.000000,xspeed:3.090000,yspeed:5.720000,angle:-7.220000,distense:45.000000,rcs:6.000000
timestame:1619471163.055000000,objid:8,type:0,xpos:0.000000,ypos:0.000000,xspeed:4.410000,yspeed:3.550000,angle:-13.550000,distense:40.600000,rcs:21.000000
