timestame:1619471211.908000000,objid:4,type:0,xpos:0.000000,ypos:0.000000,xspeed:-8.380000,yspeed:0.390000,angle:-18.000000,distense:41.200000,rcs:20.000000
timestame:1619471211.908000000,objid:5,type:0,xpos:0.000000,ypos:0.000000,xspeed:-6.750000,yspeed:-0.250000,angle:-18.000000,distense:39.200000,rcs:18.000000
timestame:1619471211.908000000,objid:6,type:0,xpos:0.000000,ypos:0.000000,xspeed:21.220000,yspeed:-3.980000,angle:15.050000,distense:26.600000,rcs:12.000000
