timestame:1619470858.897000000,objid:0,type:0,xpos:0.000000,ypos:0.000000,xspeed:6.380000,yspeed:3.720000,angle:-17.590000,distense:36.200000,rcs:16.000000
timestame:1619470858.897000000,objid:1,type:0,xpos:0.000000,ypos:0.000000,xspeed:5.820000,yspeed:0.000000,angle:-12.250000,distense:38.400000,rcs:6.000000
