timestame:1619470216.738000000,objid:6,type:0,xpos:0.000000,ypos:0.000000,xspeed:-6.370000,yspeed:0.110000,angle:-18.000000,distense:47.800000,rcs:6.000000
timestame:1619470216.738000000,objid:7,type:0,xpos:0.000000,ypos:0.000000,xspeed:-2.430000,yspeed:6.580000,angle:2.350000,distense:40.200000,rcs:6.000000
timestame:1619470216.738000000,objid:8,type:0,xpos:0.000000,ypos:0.000000,xspeed:-1.750000,yspeed:0.000000,angle:5.600000,distense:39.600000,rcs:24.000000
timestame:1619470216.738000000,objid:13,type:0,xpos:0.000000,ypos:0.000000,xspeed:-5.460000,yspeed:-6.970000,angle:-18.000000,distense:50.200000,rcs:12.000000
