timestame:1619471028.468000000,objid:2,type:0,xpos:0.000000,ypos:0.000000,xspeed:5.540000,yspeed:0.650000,angle:18.420000,distense:26.800000,rcs:23.000000
timestame:1619471028.468000000,objid:3,type:0,xpos:0.000000,ypos:0.000000,xspeed:4.490000,yspeed:0.870000,angle:-13.390000,distense:18.800000,rcs:12.000000
timestame:1619471028.468000000,objid:5,type:0,xpos:0.000000,ypos:0.000000,xspeed:5.100000,yspeed:0.680000,angle:-17.930000,distense:24.400000,rcs:32.000000
timestame:1619471028.468000000,objid:7,type:0,xpos:0.000000,ypos:0.000000,xspeed:-20.110000,yspeed:0.000000,angle:-7.370000,distense:46.400000,rcs:13.000000
