timestame:1619470046.873000000,objid:0,type:0,xpos:0.000000,ypos:0.000000,xspeed:6.630000,yspeed:0.330000,angle:4.630000,distense:83.800000,rcs:9.000000
timestame:1619470046.873000000,objid:3,type:0,xpos:0.000000,ypos:0.000000,xspeed:14.740000,yspeed:0.220000,angle:1.230000,distense:204.400000,rcs:12.000000
timestame:1619470046.873000000,objid:5,type:0,xpos:0.000000,ypos:0.000000,xspeed:6.650000,yspeed:0.320000,angle:5.210000,distense:74.000000,rcs:31.000000
