timestame:1619469697.275000000,objid:1,type:0,xpos:0.000000,ypos:0.000000,xspeed:-3.820000,yspeed:11.550000,angle:-16.530000,distense:45.800000,rcs:32.000000
timestame:1619469697.275000000,objid:2,type:0,xpos:0.000000,ypos:0.000000,xspeed:-1.510000,yspeed:-2.600000,angle:-15.520000,distense:44.200000,rcs:22.000000
timestame:1619469697.275000000,objid:3,type:0,xpos:0.000000,ypos:0.000000,xspeed:-1.090000,yspeed:-2.370000,angle:-2.330000,distense:45.000000,rcs:9.000000
timestame:1619469697.275000000,objid:10,type:0,xpos:0.000000,ypos:0.000000,xspeed:-2.390000,yspeed:7.710000,angle:-10.100000,distense:43.000000,rcs:6.000000
