timestame:1619469486.306000000,objid:1,type:0,xpos:0.000000,ypos:0.000000,xspeed:-3.340000,yspeed:-0.570000,angle:-14.160000,distense:68.200000,rcs:20.000000
timestame:1619469486.306000000,objid:3,type:0,xpos:0.000000,ypos:0.000000,xspeed:1.570000,yspeed:0.050000,angle:10.680000,distense:19.400000,rcs:31.000000
timestame:1619469486.306000000,objid:7,type:0,xpos:0.000000,ypos:0.000000,xspeed:-2.710000,yspeed:-0.060000,angle:-11.360000,distense:82.400000,rcs:16.000000
timestame:1619469486.306000000,objid:12,type:0,xpos:0.000000,ypos:0.000000,xspeed:-1.210000,yspeed:-0.280000,angle:-5.810000,distense:101.200000,rcs:12.000000
