timestame:1619469763.067000000,objid:1,type:0,xpos:0.000000,ypos:0.000000,xspeed:-20.980000,yspeed:0.000000,angle:-3.590000,distense:159.000000,rcs:6.000000
timestame:1619469763.067000000,objid:3,type:0,xpos:0.000000,ypos:0.000000,xspeed:4.930000,yspeed:0.940000,angle:18.900000,distense:25.800000,rcs:24.000000
timestame:1619469763.067000000,objid:5,type:0,xpos:0.000000,ypos:0.000000,xspeed:-18.020000,yspeed:-0.210000,angle:-16.670000,distense:59.400000,rcs:18.000000
timestame:1619469763.067000000,objid:6,type:0,xpos:0.000000,ypos:0.000000,xspeed:2.180000,yspeed:0.110000,angle:-16.810000,distense:19.200000,rcs:16.000000
