timestame:1619470477.770000000,objid:0,type:0,xpos:0.000000,ypos:0.000000,xspeed:-9.030000,yspeed:-0.580000,angle:-5.910000,distense:111.000000,rcs:23.000000
timestame:1619470477.770000000,objid:2,type:0,xpos:0.000000,ypos:0.000000,xspeed:1.350000,yspeed:-0.390000,angle:12.930000,distense:75.400000,rcs:6.000000
