timestame:1619470667.408000000,objid:2,type:0,xpos:0.000000,ypos:0.000000,xspeed:1.500000,yspeed:-1.820000,angle:-9.620000,distense:97.600000,rcs:12.000000
timestame:1619470667.408000000,objid:3,type:0,xpos:0.000000,ypos:0.000000,xspeed:-1.120000,yspeed:-0.290000,angle:-8.670000,distense:102.000000,rcs:9.000000
timestame:1619470667.408000000,objid:4,type:0,xpos:0.000000,ypos:0.000000,xspeed:5.530000,yspeed:0.000000,angle:-12.200000,distense:18.000000,rcs:23.000000
timestame:1619470667.408000000,objid:5,type:0,xpos:0.000000,ypos:0.000000,xspeed:6.770000,yspeed:1.470000,angle:21.040000,distense:20.200000,rcs:25.000000
