timestame:1619470031.713000000,objid:1,type:0,xpos:0.000000,ypos:0.000000,xspeed:6.530000,yspeed:0.310000,angle:2.420000,distense:45.200000,rcs:32.000000
timestame:1619470031.713000000,objid:4,type:0,xpos:0.000000,ypos:0.000000,xspeed:11.250000,yspeed:0.160000,angle:1.950000,distense:75.200000,rcs:15.000000
timestame:1619470031.713000000,objid:7,type:0,xpos:0.000000,ypos:0.000000,xspeed:1.740000,yspeed:-1.390000,angle:6.160000,distense:21.800000,rcs:29.000000
