timestame:1619470871.146000000,objid:1,type:0,xpos:0.000000,ypos:0.000000,xspeed:-13.650000,yspeed:2.420000,angle:-3.710000,distense:148.200000,rcs:9.000000
timestame:1619470871.146000000,objid:3,type:0,xpos:0.000000,ypos:0.000000,xspeed:16.890000,yspeed:0.000000,angle:-4.270000,distense:53.200000,rcs:6.000000
timestame:1619470871.146000000,objid:4,type:0,xpos:0.000000,ypos:0.000000,xspeed:4.590000,yspeed:0.430000,angle:1.960000,distense:12.200000,rcs:27.000000
