timestame:1619469997.022000000,objid:9,type:0,xpos:0.000000,ypos:0.000000,xspeed:2.530000,yspeed:-3.360000,angle:20.810000,distense:45.600000,rcs:24.000000
timestame:1619469997.022000000,objid:10,type:0,xpos:0.000000,ypos:0.000000,xspeed:-1.120000,yspeed:-3.710000,angle:-18.000000,distense:37.200000,rcs:16.000000
timestame:1619469997.022000000,objid:11,type:0,xpos:0.000000,ypos:0.000000,xspeed:-1.540000,yspeed:-1.270000,angle:-18.000000,distense:34.000000,rcs:6.000000
timestame:1619469997.022000000,objid:15,type:0,xpos:0.000000,ypos:0.000000,xspeed:-1.330000,yspeed:-2.580000,angle:-18.000000,distense:35.600000,rcs:28.000000
