timestame:1619469534.213000000,objid:4,type:0,xpos:0.000000,ypos:0.000000,xspeed:16.440000,yspeed:0.650000,angle:2.400000,distense:66.400000,rcs:19.000000
timestame:1619469534.213000000,objid:7,type:0,xpos:0.000000,ypos:0.000000,xspeed:16.590000,yspeed:0.670000,angle:2.000000,distense:74.200000,rcs:23.000000
