timestame:1619469929.102000000,objid:1,type:0,xpos:0.000000,ypos:0.000000,xspeed:7.420000,yspeed:0.180000,angle:1.440000,distense:190.200000,rcs:12.000000
timestame:1619469929.102000000,objid:8,type:0,xpos:0.000000,ypos:0.000000,xspeed:7.520000,yspeed:-0.020000,angle:1.110000,distense:183.800000,rcs:20.000000
