timestame:1619471450.122000000,objid:3,type:0,xpos:0.000000,ypos:0.000000,xspeed:-2.820000,yspeed:-0.100000,angle:-6.170000,distense:104.200000,rcs:19.000000
timestame:1619471450.122000000,objid:11,type:0,xpos:0.000000,ypos:0.000000,xspeed:-2.280000,yspeed:-0.240000,angle:-8.360000,distense:95.600000,rcs:9.000000
timestame:1619471450.122000000,objid:13,type:0,xpos:0.000000,ypos:0.000000,xspeed:-3.580000,yspeed:0.060000,angle:19.110000,distense:41.800000,rcs:6.000000
