timestame:1619470447.734000000,objid:0,type:0,xpos:0.000000,ypos:0.000000,xspeed:19.030000,yspeed:-2.860000,angle:1.140000,distense:195.800000,rcs:9.000000
timestame:1619470447.734000000,objid:1,type:0,xpos:0.000000,ypos:0.000000,xspeed:-6.250000,yspeed:3.130000,angle:5.430000,distense:176.800000,rcs:6.000000
timestame:1619470447.734000000,objid:2,type:0,xpos:0.000000,ypos:0.000000,xspeed:4.590000,yspeed:-0.220000,angle:6.420000,distense:107.800000,rcs:18.000000
