timestame:1619470774.857000000,objid:1,type:0,xpos:0.000000,ypos:0.000000,xspeed:-9.030000,yspeed:1.120000,angle:-7.160000,distense:113.800000,rcs:20.000000
timestame:1619470774.857000000,objid:2,type:0,xpos:0.000000,ypos:0.000000,xspeed:17.730000,yspeed:0.400000,angle:1.430000,distense:167.400000,rcs:9.000000
