timestame:1619470171.197000000,objid:0,type:0,xpos:0.000000,ypos:0.000000,xspeed:8.440000,yspeed:0.310000,angle:2.320000,distense:71.400000,rcs:25.000000
timestame:1619470171.197000000,objid:1,type:0,xpos:0.000000,ypos:0.000000,xspeed:10.040000,yspeed:0.530000,angle:2.740000,distense:42.000000,rcs:34.000000
timestame:1619470171.197000000,objid:3,type:0,xpos:0.000000,ypos:0.000000,xspeed:10.470000,yspeed:0.010000,angle:3.830000,distense:109.800000,rcs:22.000000
timestame:1619470171.197000000,objid:4,type:0,xpos:0.000000,ypos:0.000000,xspeed:4.700000,yspeed:0.980000,angle:19.820000,distense:26.600000,rcs:20.000000
