timestame:1619470877.174000000,objid:4,type:0,xpos:0.000000,ypos:0.000000,xspeed:2.740000,yspeed:0.460000,angle:2.840000,distense:30.400000,rcs:6.000000
timestame:1619470877.174000000,objid:9,type:0,xpos:0.000000,ypos:0.000000,xspeed:1.000000,yspeed:0.130000,angle:3.740000,distense:21.000000,rcs:16.000000
timestame:1619470877.174000000,objid:12,type:0,xpos:0.000000,ypos:0.000000,xspeed:1.350000,yspeed:-4.200000,angle:-6.440000,distense:52.400000,rcs:12.000000
timestame:1619470877.174000000,objid:14,type:0,xpos:0.000000,ypos:0.000000,xspeed:-6.300000,yspeed:-0.530000,angle:-7.420000,distense:99.000000,rcs:9.000000
