timestame:1619471028.153000000,objid:2,type:0,xpos:0.000000,ypos:0.000000,xspeed:5.680000,yspeed:0.630000,angle:19.010000,distense:25.200000,rcs:27.000000
timestame:1619471028.153000000,objid:3,type:0,xpos:0.000000,ypos:0.000000,xspeed:4.660000,yspeed:0.000000,angle:-12.560000,distense:17.400000,rcs:18.000000
timestame:1619471028.153000000,objid:5,type:0,xpos:0.000000,ypos:0.000000,xspeed:5.020000,yspeed:0.710000,angle:-16.780000,distense:22.800000,rcs:35.000000
