timestame:1619470917.217000000,objid:0,type:0,xpos:0.000000,ypos:0.000000,xspeed:2.060000,yspeed:4.870000,angle:-2.090000,distense:48.400000,rcs:6.000000
timestame:1619470917.217000000,objid:3,type:0,xpos:0.000000,ypos:0.000000,xspeed:1.010000,yspeed:1.640000,angle:-3.050000,distense:44.600000,rcs:12.000000
