timestame:1619471228.139000000,objid:0,type:0,xpos:0.000000,ypos:0.000000,xspeed:5.520000,yspeed:0.240000,angle:2.150000,distense:82.600000,rcs:9.000000
timestame:1619471228.139000000,objid:1,type:0,xpos:0.000000,ypos:0.000000,xspeed:4.500000,yspeed:-3.860000,angle:-17.160000,distense:54.600000,rcs:21.000000
timestame:1619471228.139000000,objid:9,type:0,xpos:0.000000,ypos:0.000000,xspeed:5.940000,yspeed:0.160000,angle:2.200000,distense:73.800000,rcs:38.000000
