timestame:1619470607.887000000,objid:1,type:0,xpos:0.000000,ypos:0.000000,xspeed:-2.720000,yspeed:-0.390000,angle:-12.700000,distense:50.400000,rcs:12.000000
timestame:1619470607.887000000,objid:2,type:0,xpos:0.000000,ypos:0.000000,xspeed:8.750000,yspeed:5.680000,angle:-15.710000,distense:18.000000,rcs:12.000000
