timestame:1619469788.319000000,objid:1,type:0,xpos:0.000000,ypos:0.000000,xspeed:-16.140000,yspeed:-0.370000,angle:-12.570000,distense:72.000000,rcs:26.000000
timestame:1619469788.319000000,objid:4,type:0,xpos:0.000000,ypos:0.000000,xspeed:-16.640000,yspeed:-0.820000,angle:-16.040000,distense:62.800000,rcs:20.000000
timestame:1619469788.319000000,objid:10,type:0,xpos:0.000000,ypos:0.000000,xspeed:17.040000,yspeed:0.340000,angle:1.210000,distense:221.600000,rcs:16.000000
