timestame:1619470044.775000000,objid:0,type:0,xpos:0.000000,ypos:0.000000,xspeed:5.810000,yspeed:-0.410000,angle:4.760000,distense:69.000000,rcs:19.000000
timestame:1619470044.775000000,objid:3,type:0,xpos:0.000000,ypos:0.000000,xspeed:14.230000,yspeed:0.150000,angle:1.300000,distense:173.000000,rcs:13.000000
timestame:1619470044.775000000,objid:5,type:0,xpos:0.000000,ypos:0.000000,xspeed:5.780000,yspeed:0.490000,angle:6.060000,distense:59.200000,rcs:30.000000
