timestame:1619471518.492000000,objid:7,type:0,xpos:0.000000,ypos:0.000000,xspeed:16.280000,yspeed:0.190000,angle:1.450000,distense:189.000000,rcs:13.000000
timestame:1619471518.492000000,objid:10,type:0,xpos:0.000000,ypos:0.000000,xspeed:16.200000,yspeed:0.170000,angle:1.340000,distense:178.200000,rcs:28.000000
