timestame:1619470423.955000000,objid:0,type:0,xpos:0.000000,ypos:0.000000,xspeed:-1.280000,yspeed:3.200000,angle:17.880000,distense:38.600000,rcs:9.000000
timestame:1619470423.955000000,objid:4,type:0,xpos:0.000000,ypos:0.000000,xspeed:-3.150000,yspeed:2.370000,angle:-13.670000,distense:42.200000,rcs:9.000000
timestame:1619470423.955000000,objid:8,type:0,xpos:0.000000,ypos:0.000000,xspeed:3.560000,yspeed:3.580000,angle:-12.830000,distense:39.200000,rcs:9.000000
