timestame:1619469854.372000000,objid:0,type:0,xpos:0.000000,ypos:0.000000,xspeed:3.630000,yspeed:-3.800000,angle:2.750000,distense:49.800000,rcs:29.000000
timestame:1619469854.372000000,objid:4,type:0,xpos:0.000000,ypos:0.000000,xspeed:17.480000,yspeed:0.000000,angle:-14.370000,distense:50.200000,rcs:13.000000
timestame:1619469854.372000000,objid:10,type:0,xpos:0.000000,ypos:0.000000,xspeed:-11.560000,yspeed:-0.070000,angle:-4.390000,distense:146.800000,rcs:13.000000
