timestame:1619470365.402000000,objid:0,type:0,xpos:0.000000,ypos:0.000000,xspeed:2.330000,yspeed:6.700000,angle:1.660000,distense:45.600000,rcs:40.000000
timestame:1619470365.402000000,objid:3,type:0,xpos:0.000000,ypos:0.000000,xspeed:2.360000,yspeed:1.090000,angle:-7.850000,distense:44.000000,rcs:37.000000
