timestame:1619470343.937000000,objid:4,type:0,xpos:0.000000,ypos:0.000000,xspeed:-1.750000,yspeed:0.000000,angle:20.670000,distense:42.600000,rcs:28.000000
timestame:1619470343.937000000,objid:6,type:0,xpos:0.000000,ypos:0.000000,xspeed:-1.880000,yspeed:4.770000,angle:-14.790000,distense:35.400000,rcs:13.000000
