timestame:1619470788.026000000,objid:1,type:0,xpos:0.000000,ypos:0.000000,xspeed:-3.820000,yspeed:-1.860000,angle:-18.000000,distense:27.600000,rcs:12.000000
timestame:1619470788.026000000,objid:2,type:0,xpos:0.000000,ypos:0.000000,xspeed:-3.840000,yspeed:-2.480000,angle:-18.000000,distense:29.800000,rcs:12.000000
timestame:1619470788.026000000,objid:6,type:0,xpos:0.000000,ypos:0.000000,xspeed:-3.540000,yspeed:-1.280000,angle:-18.000000,distense:26.800000,rcs:13.000000
timestame:1619470788.026000000,objid:11,type:0,xpos:0.000000,ypos:0.000000,xspeed:-4.140000,yspeed:-0.520000,angle:-18.000000,distense:24.200000,rcs:6.000000
