timestame:1619471218.857000000,objid:4,type:0,xpos:0.000000,ypos:0.000000,xspeed:1.390000,yspeed:3.740000,angle:-2.330000,distense:46.200000,rcs:6.000000
timestame:1619471218.857000000,objid:6,type:0,xpos:0.000000,ypos:0.000000,xspeed:2.890000,yspeed:0.320000,angle:1.630000,distense:45.200000,rcs:18.000000
timestame:1619471218.857000000,objid:9,type:0,xpos:0.000000,ypos:0.000000,xspeed:3.000000,yspeed:0.030000,angle:1.980000,distense:26.000000,rcs:40.000000
timestame:1619471218.857000000,objid:10,type:0,xpos:0.000000,ypos:0.000000,xspeed:2.970000,yspeed:0.120000,angle:0.030000,distense:35.400000,rcs:22.000000
