timestame:1619470945.810000000,objid:1,type:0,xpos:0.000000,ypos:0.000000,xspeed:-7.550000,yspeed:-0.170000,angle:-18.000000,distense:30.800000,rcs:6.000000
timestame:1619470945.810000000,objid:5,type:0,xpos:0.000000,ypos:0.000000,xspeed:-6.470000,yspeed:-0.400000,angle:-18.000000,distense:38.800000,rcs:6.000000
timestame:1619470945.810000000,objid:7,type:0,xpos:0.000000,ypos:0.000000,xspeed:-6.260000,yspeed:-0.450000,angle:-18.000000,distense:36.400000,rcs:6.000000
