timestame:1619470964.184000000,objid:0,type:0,xpos:0.000000,ypos:0.000000,xspeed:3.890000,yspeed:0.120000,angle:6.320000,distense:52.800000,rcs:34.000000
timestame:1619470964.184000000,objid:6,type:0,xpos:0.000000,ypos:0.000000,xspeed:10.390000,yspeed:0.510000,angle:2.030000,distense:105.000000,rcs:35.000000
timestame:1619470964.184000000,objid:12,type:0,xpos:0.000000,ypos:0.000000,xspeed:2.970000,yspeed:0.020000,angle:5.040000,distense:61.200000,rcs:23.000000
