timestame:1619470932.688000000,objid:0,type:0,xpos:0.000000,ypos:0.000000,xspeed:-1.110000,yspeed:-1.090000,angle:-3.940000,distense:14.400000,rcs:22.000000
timestame:1619470932.688000000,objid:7,type:0,xpos:0.000000,ypos:0.000000,xspeed:-2.770000,yspeed:-0.150000,angle:-11.110000,distense:82.800000,rcs:15.000000
