timestame:1619469690.935000000,objid:2,type:0,xpos:0.000000,ypos:0.000000,xspeed:1.440000,yspeed:-7.710000,angle:-6.190000,distense:59.200000,rcs:25.000000
timestame:1619469690.935000000,objid:3,type:0,xpos:0.000000,ypos:0.000000,xspeed:4.560000,yspeed:-1.920000,angle:-13.900000,distense:48.800000,rcs:13.000000
timestame:1619469690.935000000,objid:4,type:0,xpos:0.000000,ypos:0.000000,xspeed:2.030000,yspeed:-5.380000,angle:22.180000,distense:46.800000,rcs:18.000000
timestame:1619469690.935000000,objid:13,type:0,xpos:0.000000,ypos:0.000000,xspeed:-1.770000,yspeed:6.760000,angle:7.610000,distense:34.800000,rcs:22.000000
