timestame:1619470440.469000000,objid:1,type:0,xpos:0.000000,ypos:0.000000,xspeed:14.920000,yspeed:0.620000,angle:2.440000,distense:65.200000,rcs:22.000000
timestame:1619470440.469000000,objid:2,type:0,xpos:0.000000,ypos:0.000000,xspeed:3.760000,yspeed:-0.050000,angle:9.840000,distense:76.600000,rcs:24.000000
