timestame:1619471531.349000000,objid:2,type:0,xpos:0.000000,ypos:0.000000,xspeed:-15.430000,yspeed:3.440000,angle:10.800000,distense:35.800000,rcs:20.000000
timestame:1619471531.349000000,objid:4,type:0,xpos:0.000000,ypos:0.000000,xspeed:-15.640000,yspeed:2.000000,angle:-2.790000,distense:203.400000,rcs:15.000000
