timestame:1619471254.675000000,objid:0,type:0,xpos:0.000000,ypos:0.000000,xspeed:11.360000,yspeed:0.000000,angle:12.860000,distense:12.600000,rcs:21.000000
timestame:1619471254.675000000,objid:1,type:0,xpos:0.000000,ypos:0.000000,xspeed:4.060000,yspeed:2.760000,angle:6.110000,distense:89.000000,rcs:12.000000
timestame:1619471254.675000000,objid:3,type:0,xpos:0.000000,ypos:0.000000,xspeed:-15.970000,yspeed:-0.430000,angle:-8.130000,distense:106.600000,rcs:13.000000
