timestame:1619471243.394000000,objid:0,type:0,xpos:0.000000,ypos:0.000000,xspeed:-2.500000,yspeed:2.500000,angle:-18.000000,distense:74.600000,rcs:18.000000
timestame:1619471243.394000000,objid:9,type:0,xpos:0.000000,ypos:0.000000,xspeed:10.090000,yspeed:0.220000,angle:1.280000,distense:204.600000,rcs:19.000000
