timestame:1619470831.338000000,objid:1,type:0,xpos:0.000000,ypos:0.000000,xspeed:9.200000,yspeed:0.200000,angle:3.250000,distense:106.800000,rcs:13.000000
timestame:1619470831.338000000,objid:2,type:0,xpos:0.000000,ypos:0.000000,xspeed:7.450000,yspeed:-0.120000,angle:2.890000,distense:110.400000,rcs:13.000000
timestame:1619470831.338000000,objid:3,type:0,xpos:0.000000,ypos:0.000000,xspeed:8.630000,yspeed:0.000000,angle:3.790000,distense:99.000000,rcs:21.000000
timestame:1619470831.338000000,objid:6,type:0,xpos:0.000000,ypos:0.000000,xspeed:11.580000,yspeed:-0.040000,angle:1.310000,distense:136.600000,rcs:12.000000
