timestame:1619470597.650000000,objid:1,type:0,xpos:0.000000,ypos:0.000000,xspeed:4.560000,yspeed:3.780000,angle:-11.630000,distense:40.600000,rcs:24.000000
timestame:1619470597.650000000,objid:5,type:0,xpos:0.000000,ypos:0.000000,xspeed:4.400000,yspeed:4.400000,angle:-8.850000,distense:51.800000,rcs:6.000000
