timestame:1619471165.472000000,objid:0,type:0,xpos:0.000000,ypos:0.000000,xspeed:-10.250000,yspeed:1.210000,angle:-3.210000,distense:152.800000,rcs:13.000000
timestame:1619471165.472000000,objid:2,type:0,xpos:0.000000,ypos:0.000000,xspeed:-9.860000,yspeed:5.240000,angle:-3.060000,distense:156.200000,rcs:13.000000
timestame:1619471165.472000000,objid:3,type:0,xpos:0.000000,ypos:0.000000,xspeed:2.360000,yspeed:5.350000,angle:-3.420000,distense:48.400000,rcs:6.000000
