timestame:1619470221.695000000,objid:8,type:0,xpos:0.000000,ypos:0.000000,xspeed:-4.670000,yspeed:0.000000,angle:-18.000000,distense:46.800000,rcs:9.000000
timestame:1619470221.695000000,objid:11,type:0,xpos:0.000000,ypos:0.000000,xspeed:-1.650000,yspeed:7.220000,angle:-16.340000,distense:45.200000,rcs:12.000000
