timestame:1619470437.982000000,objid:1,type:0,xpos:0.000000,ypos:0.000000,xspeed:13.390000,yspeed:0.460000,angle:2.320000,distense:28.000000,rcs:36.000000
timestame:1619470437.982000000,objid:2,type:0,xpos:0.000000,ypos:0.000000,xspeed:3.850000,yspeed:0.100000,angle:11.420000,distense:67.600000,rcs:21.000000
