timestame:1619469759.518000000,objid:2,type:0,xpos:0.000000,ypos:0.000000,xspeed:4.660000,yspeed:3.370000,angle:-14.790000,distense:39.600000,rcs:18.000000
timestame:1619469759.518000000,objid:7,type:0,xpos:0.000000,ypos:0.000000,xspeed:8.590000,yspeed:5.080000,angle:-9.810000,distense:54.200000,rcs:6.000000
