timestame:1619470975.306000000,objid:0,type:0,xpos:0.000000,ypos:0.000000,xspeed:6.600000,yspeed:0.050000,angle:3.450000,distense:115.600000,rcs:20.000000
timestame:1619470975.306000000,objid:3,type:0,xpos:0.000000,ypos:0.000000,xspeed:7.140000,yspeed:-0.010000,angle:2.420000,distense:125.600000,rcs:9.000000
timestame:1619470975.306000000,objid:5,type:0,xpos:0.000000,ypos:0.000000,xspeed:-18.320000,yspeed:3.310000,angle:-6.080000,distense:137.000000,rcs:13.000000
timestame:1619470975.306000000,objid:9,type:0,xpos:0.000000,ypos:0.000000,xspeed:1.950000,yspeed:3.570000,angle:-6.400000,distense:44.200000,rcs:9.000000
