timestame:1619469763.255000000,objid:1,type:0,xpos:0.000000,ypos:0.000000,xspeed:-22.650000,yspeed:-2.280000,angle:-3.760000,distense:154.800000,rcs:13.000000
timestame:1619469763.255000000,objid:3,type:0,xpos:0.000000,ypos:0.000000,xspeed:4.800000,yspeed:0.980000,angle:18.860000,distense:26.400000,rcs:21.000000
timestame:1619469763.255000000,objid:5,type:0,xpos:0.000000,ypos:0.000000,xspeed:-17.990000,yspeed:-0.190000,angle:-17.620000,distense:56.400000,rcs:16.000000
timestame:1619469763.255000000,objid:6,type:0,xpos:0.000000,ypos:0.000000,xspeed:2.140000,yspeed:-0.030000,angle:-17.550000,distense:19.400000,rcs:15.000000
