timestame:1619471321.755000000,objid:1,type:0,xpos:0.000000,ypos:0.000000,xspeed:-6.570000,yspeed:-0.570000,angle:-7.800000,distense:90.600000,rcs:16.000000
timestame:1619471321.755000000,objid:3,type:0,xpos:0.000000,ypos:0.000000,xspeed:-12.800000,yspeed:-0.190000,angle:-3.870000,distense:162.400000,rcs:13.000000
timestame:1619471321.755000000,objid:4,type:0,xpos:0.000000,ypos:0.000000,xspeed:-1.720000,yspeed:-7.310000,angle:2.280000,distense:41.200000,rcs:30.000000
