timestame:1619471320.882000000,objid:0,type:0,xpos:0.000000,ypos:0.000000,xspeed:1.020000,yspeed:-9.940000,angle:14.780000,distense:48.000000,rcs:30.000000
timestame:1619471320.882000000,objid:1,type:0,xpos:0.000000,ypos:0.000000,xspeed:-7.020000,yspeed:-0.550000,angle:-7.050000,distense:95.800000,rcs:16.000000
timestame:1619471320.882000000,objid:3,type:0,xpos:0.000000,ypos:0.000000,xspeed:-13.590000,yspeed:-0.340000,angle:-3.620000,distense:173.200000,rcs:9.000000
