timestame:1619469878.067000000,objid:3,type:0,xpos:0.000000,ypos:0.000000,xspeed:-4.580000,yspeed:-0.440000,angle:-18.000000,distense:30.000000,rcs:13.000000
timestame:1619469878.067000000,objid:9,type:0,xpos:0.000000,ypos:0.000000,xspeed:-6.050000,yspeed:-7.460000,angle:-7.910000,distense:58.800000,rcs:6.000000
timestame:1619469878.067000000,objid:10,type:0,xpos:0.000000,ypos:0.000000,xspeed:8.690000,yspeed:-3.500000,angle:-2.560000,distense:43.800000,rcs:33.000000
timestame:1619469878.067000000,objid:11,type:0,xpos:0.000000,ypos:0.000000,xspeed:-2.730000,yspeed:-5.450000,angle:-11.600000,distense:71.800000,rcs:15.000000
