timestame:1619470293.283000000,objid:0,type:0,xpos:0.000000,ypos:0.000000,xspeed:1.050000,yspeed:0.060000,angle:5.850000,distense:19.000000,rcs:31.000000
timestame:1619470293.283000000,objid:1,type:0,xpos:0.000000,ypos:0.000000,xspeed:-1.520000,yspeed:0.180000,angle:6.630000,distense:10.600000,rcs:12.000000
timestame:1619470293.283000000,objid:2,type:0,xpos:0.000000,ypos:0.000000,xspeed:-12.300000,yspeed:-0.610000,angle:-18.000000,distense:33.200000,rcs:26.000000
