timestame:1619469914.967000000,objid:1,type:0,xpos:0.000000,ypos:0.000000,xspeed:5.190000,yspeed:-0.010000,angle:1.520000,distense:100.200000,rcs:22.000000
timestame:1619469914.967000000,objid:2,type:0,xpos:0.000000,ypos:0.000000,xspeed:12.970000,yspeed:0.340000,angle:2.530000,distense:193.000000,rcs:26.000000
timestame:1619469914.967000000,objid:8,type:0,xpos:0.000000,ypos:0.000000,xspeed:5.170000,yspeed:-0.080000,angle:1.640000,distense:93.200000,rcs:29.000000
