timestame:1619469923.212000000,objid:1,type:0,xpos:0.000000,ypos:0.000000,xspeed:5.960000,yspeed:0.300000,angle:1.580000,distense:149.000000,rcs:12.000000
timestame:1619469923.212000000,objid:8,type:0,xpos:0.000000,ypos:0.000000,xspeed:5.990000,yspeed:0.070000,angle:1.390000,distense:142.000000,rcs:29.000000
