timestame:1619469587.682000000,objid:1,type:0,xpos:0.000000,ypos:0.000000,xspeed:-2.510000,yspeed:-2.530000,angle:-10.920000,distense:85.000000,rcs:21.000000
timestame:1619469587.682000000,objid:6,type:0,xpos:0.000000,ypos:0.000000,xspeed:-1.960000,yspeed:0.520000,angle:-9.420000,distense:94.200000,rcs:15.000000
