timestame:1619471220.225000000,objid:0,type:0,xpos:0.000000,ypos:0.000000,xspeed:2.640000,yspeed:-0.700000,angle:0.330000,distense:53.400000,rcs:9.000000
timestame:1619471220.225000000,objid:6,type:0,xpos:0.000000,ypos:0.000000,xspeed:3.540000,yspeed:0.440000,angle:2.650000,distense:50.800000,rcs:20.000000
timestame:1619471220.225000000,objid:9,type:0,xpos:0.000000,ypos:0.000000,xspeed:3.710000,yspeed:0.200000,angle:2.670000,distense:32.200000,rcs:45.000000
timestame:1619471220.225000000,objid:10,type:0,xpos:0.000000,ypos:0.000000,xspeed:3.600000,yspeed:0.380000,angle:1.170000,distense:41.200000,rcs:13.000000
