timestame:1619471091.176000000,objid:1,type:0,xpos:0.000000,ypos:0.000000,xspeed:10.880000,yspeed:0.310000,angle:5.260000,distense:59.600000,rcs:20.000000
timestame:1619471091.176000000,objid:2,type:0,xpos:0.000000,ypos:0.000000,xspeed:6.210000,yspeed:0.310000,angle:2.280000,distense:49.600000,rcs:48.000000
timestame:1619471091.176000000,objid:4,type:0,xpos:0.000000,ypos:0.000000,xspeed:-21.960000,yspeed:-0.910000,angle:-18.000000,distense:27.000000,rcs:12.000000
timestame:1619471091.176000000,objid:5,type:0,xpos:0.000000,ypos:0.000000,xspeed:11.680000,yspeed:0.740000,angle:1.940000,distense:110.400000,rcs:12.000000
