timestame:1619469577.013000000,objid:1,type:0,xpos:0.000000,ypos:0.000000,xspeed:-6.410000,yspeed:0.000000,angle:-6.140000,distense:125.200000,rcs:12.000000
timestame:1619469577.013000000,objid:3,type:0,xpos:0.000000,ypos:0.000000,xspeed:-6.910000,yspeed:-0.130000,angle:-7.670000,distense:114.400000,rcs:20.000000
timestame:1619469577.013000000,objid:5,type:0,xpos:0.000000,ypos:0.000000,xspeed:-6.720000,yspeed:-0.230000,angle:-7.940000,distense:111.600000,rcs:15.000000
