timestame:1619470364.714000000,objid:0,type:0,xpos:0.000000,ypos:0.000000,xspeed:4.410000,yspeed:1.770000,angle:-3.670000,distense:44.400000,rcs:41.000000
timestame:1619470364.714000000,objid:1,type:0,xpos:0.000000,ypos:0.000000,xspeed:-1.240000,yspeed:8.990000,angle:-5.870000,distense:44.200000,rcs:6.000000
