timestame:1619469930.031000000,objid:1,type:0,xpos:0.000000,ypos:0.000000,xspeed:7.860000,yspeed:0.250000,angle:1.480000,distense:198.800000,rcs:9.000000
timestame:1619469930.031000000,objid:8,type:0,xpos:0.000000,ypos:0.000000,xspeed:7.740000,yspeed:0.080000,angle:1.140000,distense:192.000000,rcs:13.000000
