timestame:1619470437.612000000,objid:1,type:0,xpos:0.000000,ypos:0.000000,xspeed:12.950000,yspeed:2.800000,angle:3.670000,distense:23.000000,rcs:18.000000
timestame:1619470437.612000000,objid:2,type:0,xpos:0.000000,ypos:0.000000,xspeed:3.830000,yspeed:0.010000,angle:11.490000,distense:66.200000,rcs:21.000000
