timestame:1619470082.335000000,objid:4,type:0,xpos:0.000000,ypos:0.000000,xspeed:2.350000,yspeed:-8.830000,angle:-5.850000,distense:52.200000,rcs:21.000000
timestame:1619470082.335000000,objid:5,type:0,xpos:0.000000,ypos:0.000000,xspeed:2.270000,yspeed:-8.500000,angle:-3.230000,distense:51.200000,rcs:25.000000
timestame:1619470082.335000000,objid:7,type:0,xpos:0.000000,ypos:0.000000,xspeed:1.870000,yspeed:-6.380000,angle:-7.680000,distense:47.800000,rcs:6.000000
