timestame:1619470012.833000000,objid:0,type:0,xpos:0.000000,ypos:0.000000,xspeed:-2.010000,yspeed:-1.920000,angle:-18.000000,distense:33.600000,rcs:15.000000
timestame:1619470012.833000000,objid:2,type:0,xpos:0.000000,ypos:0.000000,xspeed:-10.710000,yspeed:-2.360000,angle:-2.600000,distense:34.000000,rcs:6.000000
timestame:1619470012.833000000,objid:9,type:0,xpos:0.000000,ypos:0.000000,xspeed:2.130000,yspeed:-1.290000,angle:-4.560000,distense:50.000000,rcs:9.000000
timestame:1619470012.833000000,objid:11,type:0,xpos:0.000000,ypos:0.000000,xspeed:-2.200000,yspeed:-8.250000,angle:15.420000,distense:41.000000,rcs:28.000000
