timestame:1619470222.811000000,objid:6,type:0,xpos:0.000000,ypos:0.000000,xspeed:22.980000,yspeed:11.970000,angle:16.190000,distense:55.200000,rcs:15.000000
timestame:1619470222.811000000,objid:8,type:0,xpos:0.000000,ypos:0.000000,xspeed:-2.350000,yspeed:7.790000,angle:-10.150000,distense:41.600000,rcs:19.000000
timestame:1619470222.811000000,objid:11,type:0,xpos:0.000000,ypos:0.000000,xspeed:-2.020000,yspeed:6.750000,angle:-7.310000,distense:41.000000,rcs:13.000000
