timestame:1619470043.354000000,objid:1,type:0,xpos:0.000000,ypos:0.000000,xspeed:13.170000,yspeed:0.080000,angle:1.100000,distense:177.400000,rcs:6.000000
timestame:1619470043.354000000,objid:3,type:0,xpos:0.000000,ypos:0.000000,xspeed:13.860000,yspeed:0.120000,angle:1.360000,distense:152.000000,rcs:19.000000
timestame:1619470043.354000000,objid:4,type:0,xpos:0.000000,ypos:0.000000,xspeed:8.240000,yspeed:0.440000,angle:4.310000,distense:67.200000,rcs:6.000000
timestame:1619470043.354000000,objid:5,type:0,xpos:0.000000,ypos:0.000000,xspeed:5.060000,yspeed:0.360000,angle:6.050000,distense:49.800000,rcs:37.000000
