timestame:1619470992.838000000,objid:3,type:0,xpos:0.000000,ypos:0.000000,xspeed:5.420000,yspeed:-0.110000,angle:6.250000,distense:116.800000,rcs:6.000000
timestame:1619470992.838000000,objid:4,type:0,xpos:0.000000,ypos:0.000000,xspeed:-13.400000,yspeed:-0.290000,angle:-18.000000,distense:22.200000,rcs:6.000000
