timestame:1619470511.296000000,objid:1,type:0,xpos:0.000000,ypos:0.000000,xspeed:-3.100000,yspeed:-3.630000,angle:4.280000,distense:43.400000,rcs:39.000000
timestame:1619470511.296000000,objid:8,type:0,xpos:0.000000,ypos:0.000000,xspeed:-4.630000,yspeed:-2.920000,angle:5.310000,distense:70.200000,rcs:26.000000
timestame:1619470511.296000000,objid:10,type:0,xpos:0.000000,ypos:0.000000,xspeed:2.910000,yspeed:-0.220000,angle:-0.140000,distense:14.800000,rcs:15.000000
timestame:1619470511.296000000,objid:11,type:0,xpos:0.000000,ypos:0.000000,xspeed:-1.270000,yspeed:7.120000,angle:-10.860000,distense:40.800000,rcs:9.000000
