timestame:1619469637.120000000,objid:1,type:0,xpos:0.000000,ypos:0.000000,xspeed:3.440000,yspeed:1.840000,angle:-15.070000,distense:22.600000,rcs:25.000000
timestame:1619469637.120000000,objid:3,type:0,xpos:0.000000,ypos:0.000000,xspeed:-4.380000,yspeed:4.640000,angle:11.750000,distense:42.400000,rcs:20.000000
timestame:1619469637.120000000,objid:4,type:0,xpos:0.000000,ypos:0.000000,xspeed:3.230000,yspeed:2.630000,angle:-13.450000,distense:36.400000,rcs:13.000000
timestame:1619469637.120000000,objid:8,type:0,xpos:0.000000,ypos:0.000000,xspeed:4.210000,yspeed:4.700000,angle:21.810000,distense:23.600000,rcs:23.000000
