timestame:1619471399.485000000,objid:0,type:0,xpos:0.000000,ypos:0.000000,xspeed:-4.100000,yspeed:-2.180000,angle:-6.200000,distense:44.400000,rcs:9.000000
timestame:1619471399.485000000,objid:1,type:0,xpos:0.000000,ypos:0.000000,xspeed:-1.660000,yspeed:1.240000,angle:-7.840000,distense:49.000000,rcs:19.000000
