timestame:1619470141.532000000,objid:1,type:0,xpos:0.000000,ypos:0.000000,xspeed:1.820000,yspeed:0.330000,angle:15.850000,distense:27.800000,rcs:15.000000
timestame:1619470141.532000000,objid:2,type:0,xpos:0.000000,ypos:0.000000,xspeed:9.250000,yspeed:17.350000,angle:-2.840000,distense:24.600000,rcs:6.000000
timestame:1619470141.532000000,objid:3,type:0,xpos:0.000000,ypos:0.000000,xspeed:8.380000,yspeed:7.700000,angle:-16.290000,distense:41.400000,rcs:6.000000
