timestame:1619469486.058000000,objid:1,type:0,xpos:0.000000,ypos:0.000000,xspeed:-3.220000,yspeed:-0.920000,angle:-14.070000,distense:69.200000,rcs:22.000000
timestame:1619469486.058000000,objid:3,type:0,xpos:0.000000,ypos:0.000000,xspeed:1.670000,yspeed:0.100000,angle:10.980000,distense:19.200000,rcs:32.000000
timestame:1619469486.058000000,objid:7,type:0,xpos:0.000000,ypos:0.000000,xspeed:-2.710000,yspeed:-0.040000,angle:-11.240000,distense:83.000000,rcs:18.000000
