timestame:1619470963.994000000,objid:0,type:0,xpos:0.000000,ypos:0.000000,xspeed:3.760000,yspeed:0.210000,angle:6.580000,distense:51.600000,rcs:31.000000
timestame:1619470963.994000000,objid:6,type:0,xpos:0.000000,ypos:0.000000,xspeed:10.300000,yspeed:0.530000,angle:2.030000,distense:102.400000,rcs:34.000000
timestame:1619470963.994000000,objid:12,type:0,xpos:0.000000,ypos:0.000000,xspeed:3.040000,yspeed:0.030000,angle:5.090000,distense:60.600000,rcs:27.000000
