timestame:1619469647.156000000,objid:2,type:0,xpos:0.000000,ypos:0.000000,xspeed:12.770000,yspeed:0.610000,angle:4.800000,distense:92.800000,rcs:28.000000
timestame:1619469647.156000000,objid:13,type:0,xpos:0.000000,ypos:0.000000,xspeed:15.170000,yspeed:0.700000,angle:2.400000,distense:152.800000,rcs:37.000000
timestame:1619469647.156000000,objid:14,type:0,xpos:0.000000,ypos:0.000000,xspeed:12.890000,yspeed:0.400000,angle:4.650000,distense:90.000000,rcs:26.000000
