timestame:1619470941.594000000,objid:1,type:0,xpos:0.000000,ypos:0.000000,xspeed:-4.880000,yspeed:0.260000,angle:-15.070000,distense:60.000000,rcs:21.000000
timestame:1619470941.594000000,objid:5,type:0,xpos:0.000000,ypos:0.000000,xspeed:-6.260000,yspeed:-0.180000,angle:-15.530000,distense:62.800000,rcs:20.000000
timestame:1619470941.594000000,objid:10,type:0,xpos:0.000000,ypos:0.000000,xspeed:-4.500000,yspeed:0.400000,angle:-11.110000,distense:61.600000,rcs:16.000000
