timestame:1619470059.242000000,objid:0,type:0,xpos:0.000000,ypos:0.000000,xspeed:-12.700000,yspeed:0.250000,angle:-4.700000,distense:88.800000,rcs:19.000000
timestame:1619470059.242000000,objid:5,type:0,xpos:0.000000,ypos:0.000000,xspeed:9.420000,yspeed:0.370000,angle:2.770000,distense:178.000000,rcs:31.000000
