timestame:1619470838.642000000,objid:2,type:0,xpos:0.000000,ypos:0.000000,xspeed:4.160000,yspeed:2.270000,angle:-17.670000,distense:35.800000,rcs:16.000000
timestame:1619470838.642000000,objid:3,type:0,xpos:0.000000,ypos:0.000000,xspeed:2.590000,yspeed:1.520000,angle:-14.660000,distense:33.800000,rcs:20.000000
timestame:1619470838.642000000,objid:4,type:0,xpos:0.000000,ypos:0.000000,xspeed:1.140000,yspeed:5.610000,angle:-2.470000,distense:45.800000,rcs:12.000000
timestame:1619470838.642000000,objid:7,type:0,xpos:0.000000,ypos:0.000000,xspeed:13.090000,yspeed:0.400000,angle:2.510000,distense:186.000000,rcs:26.000000
