timestame:1619470221.264000000,objid:6,type:0,xpos:0.000000,ypos:0.000000,xspeed:-3.050000,yspeed:3.790000,angle:-18.000000,distense:48.400000,rcs:6.000000
timestame:1619470221.264000000,objid:7,type:0,xpos:0.000000,ypos:0.000000,xspeed:-2.400000,yspeed:9.610000,angle:-6.200000,distense:43.200000,rcs:9.000000
timestame:1619470221.264000000,objid:11,type:0,xpos:0.000000,ypos:0.000000,xspeed:-4.510000,yspeed:5.910000,angle:-18.000000,distense:46.200000,rcs:9.000000
