timestame:1619471446.212000000,objid:3,type:0,xpos:0.000000,ypos:0.000000,xspeed:-3.960000,yspeed:-0.630000,angle:-5.920000,distense:115.200000,rcs:18.000000
timestame:1619471446.212000000,objid:11,type:0,xpos:0.000000,ypos:0.000000,xspeed:-3.440000,yspeed:-0.280000,angle:-6.550000,distense:104.400000,rcs:20.000000
timestame:1619471446.212000000,objid:13,type:0,xpos:0.000000,ypos:0.000000,xspeed:-2.430000,yspeed:-0.060000,angle:13.950000,distense:55.200000,rcs:15.000000
