timestame:1619471498.917000000,objid:0,type:0,xpos:0.000000,ypos:0.000000,xspeed:7.670000,yspeed:0.050000,angle:1.760000,distense:88.400000,rcs:29.000000
timestame:1619471498.917000000,objid:3,type:0,xpos:0.000000,ypos:0.000000,xspeed:7.530000,yspeed:-0.010000,angle:3.390000,distense:117.800000,rcs:13.000000
timestame:1619471498.917000000,objid:5,type:0,xpos:0.000000,ypos:0.000000,xspeed:6.490000,yspeed:-0.060000,angle:1.370000,distense:93.600000,rcs:19.000000
timestame:1619471498.917000000,objid:10,type:0,xpos:0.000000,ypos:0.000000,xspeed:7.030000,yspeed:0.400000,angle:5.700000,distense:77.600000,rcs:24.000000
