timestame:1619470286.400000000,objid:2,type:0,xpos:0.000000,ypos:0.000000,xspeed:-13.050000,yspeed:-0.240000,angle:-7.770000,distense:112.200000,rcs:20.000000
timestame:1619470286.400000000,objid:5,type:0,xpos:0.000000,ypos:0.000000,xspeed:-5.550000,yspeed:-0.360000,angle:-17.960000,distense:45.600000,rcs:25.000000
timestame:1619470286.400000000,objid:7,type:0,xpos:0.000000,ypos:0.000000,xspeed:-5.140000,yspeed:-0.390000,angle:-18.000000,distense:40.800000,rcs:26.000000
timestame:1619470286.400000000,objid:11,type:0,xpos:0.000000,ypos:0.000000,xspeed:-5.320000,yspeed:-0.280000,angle:-18.000000,distense:34.600000,rcs:23.000000
