timestame:1619470941.224000000,objid:1,type:0,xpos:0.000000,ypos:0.000000,xspeed:-4.710000,yspeed:-0.120000,angle:-15.110000,distense:62.000000,rcs:18.000000
timestame:1619470941.224000000,objid:5,type:0,xpos:0.000000,ypos:0.000000,xspeed:-5.600000,yspeed:0.160000,angle:-14.770000,distense:65.200000,rcs:21.000000
timestame:1619470941.224000000,objid:10,type:0,xpos:0.000000,ypos:0.000000,xspeed:-4.360000,yspeed:0.290000,angle:-11.100000,distense:63.400000,rcs:20.000000
