timestame:1619471225.176000000,objid:1,type:0,xpos:0.000000,ypos:0.000000,xspeed:5.830000,yspeed:-0.920000,angle:-6.320000,distense:39.000000,rcs:20.000000
timestame:1619471225.176000000,objid:6,type:0,xpos:0.000000,ypos:0.000000,xspeed:4.940000,yspeed:0.240000,angle:2.510000,distense:74.200000,rcs:6.000000
timestame:1619471225.176000000,objid:9,type:0,xpos:0.000000,ypos:0.000000,xspeed:5.050000,yspeed:0.120000,angle:2.530000,distense:55.800000,rcs:41.000000
