timestame:1619469619.007000000,objid:1,type:0,xpos:0.000000,ypos:0.000000,xspeed:-1.910000,yspeed:0.170000,angle:-12.940000,distense:73.200000,rcs:22.000000
timestame:1619469619.007000000,objid:3,type:0,xpos:0.000000,ypos:0.000000,xspeed:-1.470000,yspeed:-0.090000,angle:-10.820000,distense:86.800000,rcs:26.000000
timestame:1619469619.007000000,objid:4,type:0,xpos:0.000000,ypos:0.000000,xspeed:-17.230000,yspeed:1.560000,angle:-4.550000,distense:126.600000,rcs:12.000000
