timestame:1619471211.662000000,objid:4,type:0,xpos:0.000000,ypos:0.000000,xspeed:-8.760000,yspeed:0.420000,angle:-18.000000,distense:42.800000,rcs:15.000000
timestame:1619471211.662000000,objid:5,type:0,xpos:0.000000,ypos:0.000000,xspeed:-6.500000,yspeed:-0.340000,angle:-18.000000,distense:41.000000,rcs:16.000000
timestame:1619471211.662000000,objid:6,type:0,xpos:0.000000,ypos:0.000000,xspeed:22.560000,yspeed:-9.220000,angle:18.620000,distense:22.400000,rcs:19.000000
