timestame:1619470952.694000000,objid:0,type:0,xpos:0.000000,ypos:0.000000,xspeed:5.150000,yspeed:-0.180000,angle:0.620000,distense:35.200000,rcs:44.000000
timestame:1619470952.694000000,objid:10,type:0,xpos:0.000000,ypos:0.000000,xspeed:3.980000,yspeed:-0.320000,angle:1.930000,distense:20.000000,rcs:29.000000
