timestame:1619471293.914000000,objid:0,type:0,xpos:0.000000,ypos:0.000000,xspeed:2.620000,yspeed:3.730000,angle:-13.740000,distense:38.200000,rcs:18.000000
timestame:1619471293.914000000,objid:1,type:0,xpos:0.000000,ypos:0.000000,xspeed:-2.490000,yspeed:11.480000,angle:-3.770000,distense:45.400000,rcs:23.000000
timestame:1619471293.914000000,objid:3,type:0,xpos:0.000000,ypos:0.000000,xspeed:19.610000,yspeed:18.520000,angle:-8.050000,distense:56.200000,rcs:6.000000
timestame:1619471293.914000000,objid:6,type:0,xpos:0.000000,ypos:0.000000,xspeed:3.480000,yspeed:0.830000,angle:22.350000,distense:31.000000,rcs:22.000000
