timestame:1619471076.838000000,objid:0,type:0,xpos:0.000000,ypos:0.000000,xspeed:-9.720000,yspeed:-0.360000,angle:-18.000000,distense:26.600000,rcs:6.000000
timestame:1619471076.838000000,objid:3,type:0,xpos:0.000000,ypos:0.000000,xspeed:-9.080000,yspeed:-0.260000,angle:-10.050000,distense:69.000000,rcs:20.000000
timestame:1619471076.838000000,objid:5,type:0,xpos:0.000000,ypos:0.000000,xspeed:-9.960000,yspeed:-0.250000,angle:-16.030000,distense:47.600000,rcs:20.000000
timestame:1619471076.838000000,objid:6,type:0,xpos:0.000000,ypos:0.000000,xspeed:-5.470000,yspeed:-0.450000,angle:-18.000000,distense:53.800000,rcs:23.000000
