timestame:1619470438.665000000,objid:1,type:0,xpos:0.000000,ypos:0.000000,xspeed:13.640000,yspeed:0.670000,angle:2.560000,distense:37.200000,rcs:19.000000
timestame:1619470438.665000000,objid:2,type:0,xpos:0.000000,ypos:0.000000,xspeed:3.770000,yspeed:0.040000,angle:10.990000,distense:70.000000,rcs:20.000000
