timestame:1619469539.306000000,objid:4,type:0,xpos:0.000000,ypos:0.000000,xspeed:17.410000,yspeed:0.210000,angle:1.480000,distense:153.800000,rcs:21.000000
timestame:1619469539.306000000,objid:7,type:0,xpos:0.000000,ypos:0.000000,xspeed:17.210000,yspeed:0.130000,angle:1.150000,distense:160.800000,rcs:9.000000
