timestame:1619470154.766000000,objid:3,type:0,xpos:0.000000,ypos:0.000000,xspeed:-5.040000,yspeed:-0.410000,angle:-18.000000,distense:43.400000,rcs:18.000000
timestame:1619470154.766000000,objid:5,type:0,xpos:0.000000,ypos:0.000000,xspeed:3.960000,yspeed:3.000000,angle:-15.330000,distense:35.400000,rcs:9.000000
timestame:1619470154.766000000,objid:7,type:0,xpos:0.000000,ypos:0.000000,xspeed:-15.130000,yspeed:-0.760000,angle:-8.110000,distense:110.200000,rcs:13.000000
timestame:1619470154.766000000,objid:13,type:0,xpos:0.000000,ypos:0.000000,xspeed:-14.990000,yspeed:-0.500000,angle:-7.660000,distense:115.200000,rcs:13.000000
