timestame:1619470660.278000000,objid:0,type:0,xpos:0.000000,ypos:0.000000,xspeed:-1.630000,yspeed:-1.860000,angle:-9.220000,distense:100.600000,rcs:12.000000
timestame:1619470660.278000000,objid:1,type:0,xpos:0.000000,ypos:0.000000,xspeed:-15.160000,yspeed:0.000000,angle:-8.260000,distense:35.000000,rcs:16.000000
timestame:1619470660.278000000,objid:2,type:0,xpos:0.000000,ypos:0.000000,xspeed:4.120000,yspeed:2.730000,angle:-15.930000,distense:39.800000,rcs:12.000000
timestame:1619470660.278000000,objid:3,type:0,xpos:0.000000,ypos:0.000000,xspeed:-2.200000,yspeed:0.130000,angle:-7.210000,distense:111.000000,rcs:12.000000
