timestame:1619470977.908000000,objid:0,type:0,xpos:0.000000,ypos:0.000000,xspeed:7.010000,yspeed:-0.210000,angle:2.590000,distense:134.000000,rcs:20.000000
timestame:1619470977.908000000,objid:2,type:0,xpos:0.000000,ypos:0.000000,xspeed:-17.590000,yspeed:-1.690000,angle:-3.610000,distense:174.000000,rcs:13.000000
timestame:1619470977.908000000,objid:3,type:0,xpos:0.000000,ypos:0.000000,xspeed:7.070000,yspeed:0.130000,angle:2.300000,distense:143.800000,rcs:6.000000
timestame:1619470977.908000000,objid:5,type:0,xpos:0.000000,ypos:0.000000,xspeed:-19.000000,yspeed:0.040000,angle:-9.920000,distense:88.200000,rcs:16.000000
