timestame:1619471236.652000000,objid:0,type:0,xpos:0.000000,ypos:0.000000,xspeed:8.170000,yspeed:-0.030000,angle:1.240000,distense:147.400000,rcs:6.000000
timestame:1619471236.652000000,objid:9,type:0,xpos:0.000000,ypos:0.000000,xspeed:8.190000,yspeed:0.000000,angle:1.320000,distense:137.600000,rcs:13.000000
