timestame:1619471041.235000000,objid:2,type:0,xpos:0.000000,ypos:0.000000,xspeed:-2.370000,yspeed:-1.210000,angle:-18.000000,distense:35.400000,rcs:13.000000
timestame:1619471041.235000000,objid:6,type:0,xpos:0.000000,ypos:0.000000,xspeed:-3.880000,yspeed:-5.310000,angle:-18.000000,distense:38.000000,rcs:20.000000
timestame:1619471041.235000000,objid:7,type:0,xpos:0.000000,ypos:0.000000,xspeed:2.060000,yspeed:-2.220000,angle:-17.710000,distense:40.200000,rcs:30.000000
timestame:1619471041.235000000,objid:10,type:0,xpos:0.000000,ypos:0.000000,xspeed:-3.540000,yspeed:-10.950000,angle:-18.000000,distense:39.800000,rcs:21.000000
