timestame:1619471312.872000000,objid:1,type:0,xpos:0.000000,ypos:0.000000,xspeed:-16.030000,yspeed:0.000000,angle:-2.960000,distense:182.400000,rcs:18.000000
timestame:1619471312.872000000,objid:2,type:0,xpos:0.000000,ypos:0.000000,xspeed:1.850000,yspeed:3.830000,angle:-8.000000,distense:45.000000,rcs:6.000000
timestame:1619471312.872000000,objid:3,type:0,xpos:0.000000,ypos:0.000000,xspeed:3.210000,yspeed:3.310000,angle:-12.010000,distense:40.200000,rcs:19.000000
timestame:1619471312.872000000,objid:4,type:0,xpos:0.000000,ypos:0.000000,xspeed:-1.080000,yspeed:4.990000,angle:4.800000,distense:37.000000,rcs:20.000000
