timestame:1619471062.937000000,objid:0,type:0,xpos:0.000000,ypos:0.000000,xspeed:-7.370000,yspeed:0.300000,angle:-5.010000,distense:124.400000,rcs:6.000000
timestame:1619471062.937000000,objid:3,type:0,xpos:0.000000,ypos:0.000000,xspeed:-12.510000,yspeed:-3.780000,angle:-2.550000,distense:174.400000,rcs:9.000000
timestame:1619471062.937000000,objid:8,type:0,xpos:0.000000,ypos:0.000000,xspeed:-1.180000,yspeed:3.200000,angle:3.240000,distense:34.600000,rcs:19.000000
timestame:1619471062.937000000,objid:9,type:0,xpos:0.000000,ypos:0.000000,xspeed:-1.630000,yspeed:-0.160000,angle:-9.800000,distense:75.800000,rcs:24.000000
