timestame:1619470758.978000000,objid:0,type:0,xpos:0.000000,ypos:0.000000,xspeed:-6.210000,yspeed:-8.770000,angle:-13.690000,distense:36.600000,rcs:37.000000
timestame:1619470758.978000000,objid:1,type:0,xpos:0.000000,ypos:0.000000,xspeed:-1.460000,yspeed:-3.190000,angle:-17.060000,distense:38.000000,rcs:26.000000
timestame:1619470758.978000000,objid:5,type:0,xpos:0.000000,ypos:0.000000,xspeed:7.480000,yspeed:0.090000,angle:-0.980000,distense:43.400000,rcs:32.000000
