timestame:1619470288.821000000,objid:2,type:0,xpos:0.000000,ypos:0.000000,xspeed:-12.240000,yspeed:-0.160000,angle:-10.480000,distense:84.000000,rcs:25.000000
timestame:1619470288.821000000,objid:5,type:0,xpos:0.000000,ypos:0.000000,xspeed:-5.720000,yspeed:-0.460000,angle:-18.000000,distense:33.200000,rcs:28.000000
timestame:1619470288.821000000,objid:7,type:0,xpos:0.000000,ypos:0.000000,xspeed:-5.820000,yspeed:-0.590000,angle:-18.000000,distense:28.800000,rcs:21.000000
timestame:1619470288.821000000,objid:11,type:0,xpos:0.000000,ypos:0.000000,xspeed:-5.740000,yspeed:-0.320000,angle:-18.000000,distense:23.400000,rcs:6.000000
