timestame:1619470362.917000000,objid:3,type:0,xpos:0.000000,ypos:0.000000,xspeed:-25.930000,yspeed:-13.770000,angle:19.570000,distense:36.400000,rcs:27.000000
timestame:1619470362.917000000,objid:4,type:0,xpos:0.000000,ypos:0.000000,xspeed:-1.220000,yspeed:7.530000,angle:-6.330000,distense:45.200000,rcs:6.000000
timestame:1619470362.917000000,objid:5,type:0,xpos:0.000000,ypos:0.000000,xspeed:-1.170000,yspeed:0.000000,angle:17.090000,distense:44.800000,rcs:16.000000
timestame:1619470362.917000000,objid:11,type:0,xpos:0.000000,ypos:0.000000,xspeed:-1.500000,yspeed:5.730000,angle:14.220000,distense:40.000000,rcs:20.000000
