timestame:1619469528.743000000,objid:1,type:0,xpos:0.000000,ypos:0.000000,xspeed:1.690000,yspeed:-3.060000,angle:-18.000000,distense:65.400000,rcs:28.000000
timestame:1619469528.743000000,objid:2,type:0,xpos:0.000000,ypos:0.000000,xspeed:2.770000,yspeed:-3.480000,angle:-18.000000,distense:66.600000,rcs:9.000000
timestame:1619469528.743000000,objid:4,type:0,xpos:0.000000,ypos:0.000000,xspeed:1.850000,yspeed:-6.060000,angle:-18.000000,distense:70.600000,rcs:13.000000
timestame:1619469528.743000000,objid:11,type:0,xpos:0.000000,ypos:0.000000,xspeed:1.340000,yspeed:-4.660000,angle:-18.000000,distense:76.400000,rcs:6.000000
