timestame:1619470769.199000000,objid:0,type:0,xpos:0.000000,ypos:0.000000,xspeed:-11.670000,yspeed:-0.510000,angle:-5.190000,distense:162.400000,rcs:18.000000
timestame:1619470769.199000000,objid:1,type:0,xpos:0.000000,ypos:0.000000,xspeed:11.140000,yspeed:0.250000,angle:2.170000,distense:77.200000,rcs:28.000000
timestame:1619470769.199000000,objid:2,type:0,xpos:0.000000,ypos:0.000000,xspeed:-8.970000,yspeed:-8.750000,angle:-5.450000,distense:159.200000,rcs:12.000000
