timestame:1619469622.050000000,objid:1,type:0,xpos:0.000000,ypos:0.000000,xspeed:-3.430000,yspeed:0.130000,angle:-14.930000,distense:63.000000,rcs:22.000000
timestame:1619469622.050000000,objid:2,type:0,xpos:0.000000,ypos:0.000000,xspeed:-3.980000,yspeed:-0.130000,angle:-13.020000,distense:74.600000,rcs:20.000000
timestame:1619469622.050000000,objid:4,type:0,xpos:0.000000,ypos:0.000000,xspeed:-15.360000,yspeed:0.160000,angle:-7.450000,distense:81.600000,rcs:21.000000
