timestame:1619470504.892000000,objid:1,type:0,xpos:0.000000,ypos:0.000000,xspeed:1.750000,yspeed:-0.360000,angle:-7.360000,distense:41.200000,rcs:24.000000
timestame:1619470504.892000000,objid:3,type:0,xpos:0.000000,ypos:0.000000,xspeed:-1.690000,yspeed:-2.140000,angle:-18.000000,distense:36.600000,rcs:6.000000
timestame:1619470504.892000000,objid:6,type:0,xpos:0.000000,ypos:0.000000,xspeed:-2.240000,yspeed:-0.660000,angle:-18.000000,distense:28.200000,rcs:6.000000
timestame:1619470504.892000000,objid:7,type:0,xpos:0.000000,ypos:0.000000,xspeed:-1.080000,yspeed:-0.210000,angle:-8.830000,distense:47.400000,rcs:6.000000
