timestame:1619469791.286000000,objid:1,type:0,xpos:0.000000,ypos:0.000000,xspeed:-16.230000,yspeed:-0.810000,angle:-18.000000,distense:28.000000,rcs:6.000000
timestame:1619469791.286000000,objid:3,type:0,xpos:0.000000,ypos:0.000000,xspeed:12.550000,yspeed:1.760000,angle:-18.000000,distense:48.000000,rcs:26.000000
