timestame:1619470202.038000000,objid:0,type:0,xpos:0.000000,ypos:0.000000,xspeed:1.290000,yspeed:-2.520000,angle:5.330000,distense:141.400000,rcs:24.000000
timestame:1619470202.038000000,objid:1,type:0,xpos:0.000000,ypos:0.000000,xspeed:2.270000,yspeed:0.130000,angle:6.240000,distense:160.600000,rcs:6.000000
timestame:1619470202.038000000,objid:2,type:0,xpos:0.000000,ypos:0.000000,xspeed:1.460000,yspeed:0.840000,angle:5.230000,distense:157.000000,rcs:12.000000
