timestame:1619469578.623000000,objid:1,type:0,xpos:0.000000,ypos:0.000000,xspeed:-5.910000,yspeed:-1.340000,angle:-7.830000,distense:115.600000,rcs:13.000000
timestame:1619469578.623000000,objid:3,type:0,xpos:0.000000,ypos:0.000000,xspeed:-6.370000,yspeed:-0.260000,angle:-8.730000,distense:105.000000,rcs:16.000000
timestame:1619469578.623000000,objid:5,type:0,xpos:0.000000,ypos:0.000000,xspeed:-6.390000,yspeed:-0.290000,angle:-8.990000,distense:101.800000,rcs:15.000000
