timestame:1619470839.073000000,objid:2,type:0,xpos:0.000000,ypos:0.000000,xspeed:3.900000,yspeed:2.360000,angle:-16.890000,distense:37.400000,rcs:20.000000
timestame:1619470839.073000000,objid:3,type:0,xpos:0.000000,ypos:0.000000,xspeed:2.730000,yspeed:1.560000,angle:-14.580000,distense:35.400000,rcs:19.000000
timestame:1619470839.073000000,objid:7,type:0,xpos:0.000000,ypos:0.000000,xspeed:13.070000,yspeed:0.330000,angle:2.420000,distense:191.400000,rcs:24.000000
