timestame:1619470457.804000000,objid:0,type:0,xpos:0.000000,ypos:0.000000,xspeed:-19.820000,yspeed:0.000000,angle:-4.940000,distense:147.400000,rcs:9.000000
timestame:1619470457.804000000,objid:2,type:0,xpos:0.000000,ypos:0.000000,xspeed:5.550000,yspeed:-0.120000,angle:3.630000,distense:161.800000,rcs:6.000000
