timestame:1619470028.244000000,objid:1,type:0,xpos:0.000000,ypos:0.000000,xspeed:4.960000,yspeed:0.490000,angle:1.510000,distense:23.400000,rcs:30.000000
timestame:1619470028.244000000,objid:2,type:0,xpos:0.000000,ypos:0.000000,xspeed:6.090000,yspeed:0.240000,angle:2.330000,distense:39.000000,rcs:34.000000
