timestame:1619469707.552000000,objid:6,type:0,xpos:0.000000,ypos:0.000000,xspeed:-2.930000,yspeed:-1.240000,angle:-18.000000,distense:33.000000,rcs:19.000000
timestame:1619469707.552000000,objid:8,type:0,xpos:0.000000,ypos:0.000000,xspeed:13.560000,yspeed:-1.150000,angle:-13.290000,distense:42.200000,rcs:37.000000
timestame:1619469707.552000000,objid:10,type:0,xpos:0.000000,ypos:0.000000,xspeed:-3.180000,yspeed:-5.360000,angle:-18.000000,distense:38.200000,rcs:12.000000
