timestame:1619469625.296000000,objid:1,type:0,xpos:0.000000,ypos:0.000000,xspeed:-4.490000,yspeed:-0.140000,angle:-18.000000,distense:48.600000,rcs:16.000000
timestame:1619469625.296000000,objid:2,type:0,xpos:0.000000,ypos:0.000000,xspeed:-4.340000,yspeed:0.070000,angle:-15.980000,distense:61.600000,rcs:20.000000
timestame:1619469625.296000000,objid:4,type:0,xpos:0.000000,ypos:0.000000,xspeed:-12.940000,yspeed:-0.470000,angle:-17.830000,distense:42.000000,rcs:21.000000
timestame:1619469625.296000000,objid:5,type:0,xpos:0.000000,ypos:0.000000,xspeed:-1.640000,yspeed:1.800000,angle:-12.710000,distense:70.400000,rcs:12.000000
