timestame:1619470071.902000000,objid:3,type:0,xpos:0.000000,ypos:0.000000,xspeed:-1.550000,yspeed:2.750000,angle:14.460000,distense:48.800000,rcs:37.000000
timestame:1619470071.902000000,objid:4,type:0,xpos:0.000000,ypos:0.000000,xspeed:-1.540000,yspeed:2.650000,angle:18.560000,distense:44.000000,rcs:22.000000
timestame:1619470071.902000000,objid:8,type:0,xpos:0.000000,ypos:0.000000,xspeed:2.400000,yspeed:2.450000,angle:-12.370000,distense:37.200000,rcs:18.000000
