timestame:1619469657.952000000,objid:7,type:0,xpos:0.000000,ypos:0.000000,xspeed:24.710000,yspeed:0.430000,angle:1.020000,distense:209.400000,rcs:9.000000
timestame:1619469657.952000000,objid:8,type:0,xpos:0.000000,ypos:0.000000,xspeed:2.070000,yspeed:3.250000,angle:-8.830000,distense:40.400000,rcs:12.000000
