timestame:1619471449.443000000,objid:3,type:0,xpos:0.000000,ypos:0.000000,xspeed:-3.240000,yspeed:-0.150000,angle:-6.140000,distense:105.600000,rcs:9.000000
timestame:1619471449.443000000,objid:11,type:0,xpos:0.000000,ypos:0.000000,xspeed:-2.650000,yspeed:-0.430000,angle:-8.410000,distense:96.600000,rcs:16.000000
timestame:1619471449.443000000,objid:13,type:0,xpos:0.000000,ypos:0.000000,xspeed:-3.490000,yspeed:0.070000,angle:17.930000,distense:44.200000,rcs:12.000000
