timestame:1619470595.844000000,objid:1,type:0,xpos:0.000000,ypos:0.000000,xspeed:6.500000,yspeed:1.560000,angle:-17.710000,distense:31.000000,rcs:22.000000
timestame:1619470595.844000000,objid:5,type:0,xpos:0.000000,ypos:0.000000,xspeed:5.860000,yspeed:3.240000,angle:-15.080000,distense:42.200000,rcs:19.000000
