timestame:1619469485.183000000,objid:1,type:0,xpos:0.000000,ypos:0.000000,xspeed:-4.740000,yspeed:-0.560000,angle:-12.900000,distense:71.000000,rcs:22.000000
timestame:1619469485.183000000,objid:3,type:0,xpos:0.000000,ypos:0.000000,xspeed:1.960000,yspeed:0.220000,angle:11.720000,distense:18.400000,rcs:33.000000
timestame:1619469485.183000000,objid:7,type:0,xpos:0.000000,ypos:0.000000,xspeed:-2.300000,yspeed:-0.040000,angle:-10.820000,distense:85.800000,rcs:21.000000
timestame:1619469485.183000000,objid:11,type:0,xpos:0.000000,ypos:0.000000,xspeed:-1.220000,yspeed:-0.540000,angle:-9.220000,distense:80.800000,rcs:13.000000
