timestame:1619470237.134000000,objid:3,type:0,xpos:0.000000,ypos:0.000000,xspeed:-1.650000,yspeed:-3.780000,angle:-18.000000,distense:41.000000,rcs:33.000000
timestame:1619470237.134000000,objid:9,type:0,xpos:0.000000,ypos:0.000000,xspeed:-1.050000,yspeed:-2.280000,angle:-18.000000,distense:38.800000,rcs:30.000000
timestame:1619470237.134000000,objid:11,type:0,xpos:0.000000,ypos:0.000000,xspeed:-4.930000,yspeed:0.070000,angle:-4.930000,distense:125.600000,rcs:15.000000
