timestame:1619470164.385000000,objid:3,type:0,xpos:0.000000,ypos:0.000000,xspeed:5.750000,yspeed:0.500000,angle:7.600000,distense:47.400000,rcs:32.000000
timestame:1619470164.385000000,objid:6,type:0,xpos:0.000000,ypos:0.000000,xspeed:1.290000,yspeed:0.310000,angle:1.660000,distense:21.800000,rcs:28.000000
