timestame:1619470147.071000000,objid:0,type:0,xpos:0.000000,ypos:0.000000,xspeed:2.240000,yspeed:2.460000,angle:-14.290000,distense:39.200000,rcs:13.000000
timestame:1619470147.071000000,objid:1,type:0,xpos:0.000000,ypos:0.000000,xspeed:2.560000,yspeed:1.080000,angle:22.870000,distense:24.800000,rcs:20.000000
timestame:1619470147.071000000,objid:2,type:0,xpos:0.000000,ypos:0.000000,xspeed:3.030000,yspeed:1.770000,angle:21.930000,distense:35.800000,rcs:6.000000
