timestame:1619469931.707000000,objid:0,type:0,xpos:0.000000,ypos:0.000000,xspeed:-1.320000,yspeed:2.290000,angle:-18.000000,distense:38.600000,rcs:16.000000
timestame:1619469931.707000000,objid:1,type:0,xpos:0.000000,ypos:0.000000,xspeed:8.270000,yspeed:0.360000,angle:1.590000,distense:213.200000,rcs:12.000000
timestame:1619469931.707000000,objid:8,type:0,xpos:0.000000,ypos:0.000000,xspeed:8.190000,yspeed:0.360000,angle:1.380000,distense:206.200000,rcs:25.000000
