timestame:1619470082.022000000,objid:4,type:0,xpos:0.000000,ypos:0.000000,xspeed:2.710000,yspeed:-9.030000,angle:-3.160000,distense:51.800000,rcs:12.000000
timestame:1619470082.022000000,objid:5,type:0,xpos:0.000000,ypos:0.000000,xspeed:1.700000,yspeed:-8.970000,angle:-0.520000,distense:50.200000,rcs:23.000000
