timestame:1619469478.971000000,objid:4,type:0,xpos:0.000000,ypos:0.000000,xspeed:-1.070000,yspeed:0.700000,angle:-7.530000,distense:210.400000,rcs:15.000000
timestame:1619469478.971000000,objid:6,type:0,xpos:0.000000,ypos:0.000000,xspeed:-1.040000,yspeed:-0.080000,angle:-7.280000,distense:98.200000,rcs:16.000000
