timestame:1619471211.102000000,objid:3,type:0,xpos:0.000000,ypos:0.000000,xspeed:-6.070000,yspeed:-0.020000,angle:-18.000000,distense:28.800000,rcs:6.000000
timestame:1619471211.102000000,objid:4,type:0,xpos:0.000000,ypos:0.000000,xspeed:-9.430000,yspeed:-0.530000,angle:-18.000000,distense:47.000000,rcs:21.000000
timestame:1619471211.102000000,objid:5,type:0,xpos:0.000000,ypos:0.000000,xspeed:-6.360000,yspeed:-0.630000,angle:-18.000000,distense:44.400000,rcs:18.000000
