timestame:1619469618.883000000,objid:1,type:0,xpos:0.000000,ypos:0.000000,xspeed:-1.820000,yspeed:0.210000,angle:-12.840000,distense:73.600000,rcs:20.000000
timestame:1619469618.883000000,objid:3,type:0,xpos:0.000000,ypos:0.000000,xspeed:-1.410000,yspeed:-0.090000,angle:-10.770000,distense:87.200000,rcs:16.000000
timestame:1619469618.883000000,objid:4,type:0,xpos:0.000000,ypos:0.000000,xspeed:-17.390000,yspeed:1.660000,angle:-4.510000,distense:128.600000,rcs:6.000000
