timestame:1619471219.352000000,objid:6,type:0,xpos:0.000000,ypos:0.000000,xspeed:3.060000,yspeed:0.790000,angle:2.840000,distense:47.000000,rcs:13.000000
timestame:1619471219.352000000,objid:9,type:0,xpos:0.000000,ypos:0.000000,xspeed:3.300000,yspeed:0.420000,angle:3.230000,distense:28.200000,rcs:39.000000
timestame:1619471219.352000000,objid:10,type:0,xpos:0.000000,ypos:0.000000,xspeed:3.350000,yspeed:0.170000,angle:0.280000,distense:37.600000,rcs:6.000000
