timestame:1619471087.263000000,objid:0,type:0,xpos:0.000000,ypos:0.000000,xspeed:8.480000,yspeed:0.400000,angle:1.680000,distense:64.800000,rcs:31.000000
timestame:1619471087.263000000,objid:1,type:0,xpos:0.000000,ypos:0.000000,xspeed:9.030000,yspeed:0.000000,angle:11.120000,distense:19.000000,rcs:9.000000
timestame:1619471087.263000000,objid:4,type:0,xpos:0.000000,ypos:0.000000,xspeed:-23.320000,yspeed:-0.870000,angle:-6.360000,distense:107.600000,rcs:16.000000
timestame:1619471087.263000000,objid:11,type:0,xpos:0.000000,ypos:0.000000,xspeed:3.300000,yspeed:0.070000,angle:2.290000,distense:26.000000,rcs:41.000000
