timestame:1619470466.424000000,objid:0,type:0,xpos:0.000000,ypos:0.000000,xspeed:-13.270000,yspeed:-0.790000,angle:-18.000000,distense:24.000000,rcs:13.000000
timestame:1619470466.424000000,objid:1,type:0,xpos:0.000000,ypos:0.000000,xspeed:-13.180000,yspeed:-1.720000,angle:-18.000000,distense:26.200000,rcs:6.000000
timestame:1619470466.424000000,objid:2,type:0,xpos:0.000000,ypos:0.000000,xspeed:5.800000,yspeed:0.340000,angle:3.200000,distense:213.000000,rcs:12.000000
