timestame:1619471320.386000000,objid:0,type:0,xpos:0.000000,ypos:0.000000,xspeed:1.680000,yspeed:-9.390000,angle:20.330000,distense:49.400000,rcs:22.000000
timestame:1619471320.386000000,objid:1,type:0,xpos:0.000000,ypos:0.000000,xspeed:-7.310000,yspeed:-0.540000,angle:-6.680000,distense:98.600000,rcs:20.000000
timestame:1619471320.386000000,objid:3,type:0,xpos:0.000000,ypos:0.000000,xspeed:-14.820000,yspeed:-0.300000,angle:-3.440000,distense:179.200000,rcs:6.000000
timestame:1619471320.386000000,objid:4,type:0,xpos:0.000000,ypos:0.000000,xspeed:-16.470000,yspeed:-3.460000,angle:-3.300000,distense:184.800000,rcs:6.000000
