timestame:1619471091.305000000,objid:1,type:0,xpos:0.000000,ypos:0.000000,xspeed:10.970000,yspeed:0.290000,angle:5.120000,distense:61.000000,rcs:19.000000
timestame:1619471091.305000000,objid:2,type:0,xpos:0.000000,ypos:0.000000,xspeed:6.280000,yspeed:0.330000,angle:2.320000,distense:50.400000,rcs:44.000000
timestame:1619471091.305000000,objid:4,type:0,xpos:0.000000,ypos:0.000000,xspeed:-21.960000,yspeed:-0.910000,angle:-18.000000,distense:25.000000,rcs:12.000000
timestame:1619471091.305000000,objid:5,type:0,xpos:0.000000,ypos:0.000000,xspeed:11.840000,yspeed:1.510000,angle:2.320000,distense:112.000000,rcs:12.000000
