timestame:1619471409.312000000,objid:4,type:0,xpos:0.000000,ypos:0.000000,xspeed:-1.350000,yspeed:-4.880000,angle:-3.080000,distense:44.600000,rcs:34.000000
timestame:1619471409.312000000,objid:7,type:0,xpos:0.000000,ypos:0.000000,xspeed:-1.870000,yspeed:-3.220000,angle:-15.170000,distense:39.600000,rcs:27.000000
timestame:1619471409.312000000,objid:12,type:0,xpos:0.000000,ypos:0.000000,xspeed:-9.690000,yspeed:-1.480000,angle:-4.230000,distense:193.800000,rcs:13.000000
