timestame:1619469685.006000000,objid:1,type:0,xpos:0.000000,ypos:0.000000,xspeed:-2.860000,yspeed:3.940000,angle:-14.120000,distense:49.400000,rcs:12.000000
timestame:1619469685.006000000,objid:2,type:0,xpos:0.000000,ypos:0.000000,xspeed:-1.650000,yspeed:5.370000,angle:-18.000000,distense:49.400000,rcs:12.000000
timestame:1619469685.006000000,objid:3,type:0,xpos:0.000000,ypos:0.000000,xspeed:-1.380000,yspeed:2.590000,angle:20.690000,distense:49.400000,rcs:18.000000
timestame:1619469685.006000000,objid:4,type:0,xpos:0.000000,ypos:0.000000,xspeed:-2.720000,yspeed:6.910000,angle:-18.000000,distense:49.800000,rcs:13.000000
