timestame:1619470002.660000000,objid:2,type:0,xpos:0.000000,ypos:0.000000,xspeed:-4.990000,yspeed:-7.160000,angle:-18.000000,distense:36.200000,rcs:18.000000
timestame:1619470002.660000000,objid:6,type:0,xpos:0.000000,ypos:0.000000,xspeed:1.580000,yspeed:-0.570000,angle:-18.000000,distense:40.200000,rcs:24.000000
timestame:1619470002.660000000,objid:11,type:0,xpos:0.000000,ypos:0.000000,xspeed:-1.700000,yspeed:-0.480000,angle:-18.000000,distense:28.600000,rcs:6.000000
timestame:1619470002.660000000,objid:19,type:0,xpos:0.000000,ypos:0.000000,xspeed:1.460000,yspeed:-0.080000,angle:11.300000,distense:14.200000,rcs:26.000000
