timestame:1619470703.807000000,objid:0,type:0,xpos:0.000000,ypos:0.000000,xspeed:3.950000,yspeed:2.680000,angle:-17.350000,distense:35.800000,rcs:12.000000
timestame:1619470703.807000000,objid:1,type:0,xpos:0.000000,ypos:0.000000,xspeed:10.880000,yspeed:-0.030000,angle:2.750000,distense:137.200000,rcs:12.000000
timestame:1619470703.807000000,objid:2,type:0,xpos:0.000000,ypos:0.000000,xspeed:-8.070000,yspeed:-0.500000,angle:-16.030000,distense:75.000000,rcs:15.000000
