timestame:1619470081.526000000,objid:0,type:0,xpos:0.000000,ypos:0.000000,xspeed:1.160000,yspeed:-5.410000,angle:7.230000,distense:49.400000,rcs:9.000000
timestame:1619470081.526000000,objid:4,type:0,xpos:0.000000,ypos:0.000000,xspeed:2.810000,yspeed:-9.350000,angle:2.050000,distense:50.200000,rcs:31.000000
timestame:1619470081.526000000,objid:7,type:0,xpos:0.000000,ypos:0.000000,xspeed:-3.140000,yspeed:6.800000,angle:-0.880000,distense:50.600000,rcs:6.000000
