timestame:1619471078.705000000,objid:1,type:0,xpos:0.000000,ypos:0.000000,xspeed:-7.030000,yspeed:-0.460000,angle:-18.000000,distense:47.200000,rcs:26.000000
timestame:1619471078.705000000,objid:3,type:0,xpos:0.000000,ypos:0.000000,xspeed:-9.460000,yspeed:-0.330000,angle:-14.080000,distense:51.400000,rcs:13.000000
timestame:1619471078.705000000,objid:5,type:0,xpos:0.000000,ypos:0.000000,xspeed:-10.220000,yspeed:-0.510000,angle:-18.000000,distense:30.200000,rcs:12.000000
timestame:1619471078.705000000,objid:6,type:0,xpos:0.000000,ypos:0.000000,xspeed:-5.510000,yspeed:-0.340000,angle:-18.000000,distense:44.200000,rcs:23.000000
