timestame:1619471022.683000000,objid:0,type:0,xpos:0.000000,ypos:0.000000,xspeed:-2.000000,yspeed:-3.530000,angle:-10.160000,distense:36.600000,rcs:31.000000
timestame:1619471022.683000000,objid:6,type:0,xpos:0.000000,ypos:0.000000,xspeed:-2.040000,yspeed:-4.830000,angle:-18.000000,distense:35.000000,rcs:25.000000
timestame:1619471022.683000000,objid:10,type:0,xpos:0.000000,ypos:0.000000,xspeed:8.220000,yspeed:-2.720000,angle:-18.000000,distense:57.600000,rcs:6.000000
timestame:1619471022.683000000,objid:15,type:0,xpos:0.000000,ypos:0.000000,xspeed:-1.860000,yspeed:11.560000,angle:-13.860000,distense:45.800000,rcs:6.000000
