timestame:1619470288.753000000,objid:2,type:0,xpos:0.000000,ypos:0.000000,xspeed:-12.240000,yspeed:-0.160000,angle:-10.380000,distense:84.800000,rcs:25.000000
timestame:1619470288.753000000,objid:5,type:0,xpos:0.000000,ypos:0.000000,xspeed:-5.740000,yspeed:-0.460000,angle:-18.000000,distense:33.400000,rcs:25.000000
timestame:1619470288.753000000,objid:7,type:0,xpos:0.000000,ypos:0.000000,xspeed:-5.860000,yspeed:-0.660000,angle:-18.000000,distense:29.000000,rcs:20.000000
timestame:1619470288.753000000,objid:11,type:0,xpos:0.000000,ypos:0.000000,xspeed:-5.740000,yspeed:-0.320000,angle:-18.000000,distense:23.600000,rcs:6.000000
