timestame:1619469684.695000000,objid:1,type:0,xpos:0.000000,ypos:0.000000,xspeed:-2.040000,yspeed:6.900000,angle:-15.370000,distense:50.000000,rcs:12.000000
timestame:1619469684.695000000,objid:2,type:0,xpos:0.000000,ypos:0.000000,xspeed:-1.610000,yspeed:4.580000,angle:-18.000000,distense:50.800000,rcs:6.000000
timestame:1619469684.695000000,objid:3,type:0,xpos:0.000000,ypos:0.000000,xspeed:-1.170000,yspeed:0.000000,angle:19.740000,distense:49.600000,rcs:26.000000
timestame:1619469684.695000000,objid:4,type:0,xpos:0.000000,ypos:0.000000,xspeed:-2.540000,yspeed:6.500000,angle:-18.000000,distense:51.400000,rcs:9.000000
