timestame:1619471048.347000000,objid:0,type:0,xpos:0.000000,ypos:0.000000,xspeed:-3.190000,yspeed:-2.590000,angle:-18.000000,distense:32.200000,rcs:16.000000
timestame:1619471048.347000000,objid:3,type:0,xpos:0.000000,ypos:0.000000,xspeed:-2.450000,yspeed:-3.250000,angle:-18.000000,distense:34.800000,rcs:27.000000
timestame:1619471048.347000000,objid:7,type:0,xpos:0.000000,ypos:0.000000,xspeed:-2.150000,yspeed:-0.610000,angle:-18.000000,distense:30.200000,rcs:6.000000
timestame:1619471048.347000000,objid:10,type:0,xpos:0.000000,ypos:0.000000,xspeed:-2.140000,yspeed:-4.220000,angle:-3.020000,distense:62.800000,rcs:9.000000
