timestame:1619471068.827000000,objid:0,type:0,xpos:0.000000,ypos:0.000000,xspeed:-5.660000,yspeed:-0.280000,angle:-7.710000,distense:90.200000,rcs:16.000000
timestame:1619471068.827000000,objid:3,type:0,xpos:0.000000,ypos:0.000000,xspeed:-6.830000,yspeed:-0.120000,angle:-4.980000,distense:132.800000,rcs:9.000000
timestame:1619471068.827000000,objid:5,type:0,xpos:0.000000,ypos:0.000000,xspeed:-11.150000,yspeed:-0.310000,angle:-7.010000,distense:122.200000,rcs:16.000000
timestame:1619471068.827000000,objid:9,type:0,xpos:0.000000,ypos:0.000000,xspeed:-2.950000,yspeed:-0.260000,angle:-13.050000,distense:61.800000,rcs:18.000000
