timestame:1619469531.534000000,objid:1,type:0,xpos:0.000000,ypos:0.000000,xspeed:1.760000,yspeed:-4.620000,angle:-18.000000,distense:76.600000,rcs:12.000000
timestame:1619469531.534000000,objid:4,type:0,xpos:0.000000,ypos:0.000000,xspeed:16.300000,yspeed:1.050000,angle:1.230000,distense:22.000000,rcs:37.000000
timestame:1619469531.534000000,objid:7,type:0,xpos:0.000000,ypos:0.000000,xspeed:17.420000,yspeed:0.490000,angle:1.760000,distense:29.600000,rcs:39.000000
