timestame:1619470193.444000000,objid:0,type:0,xpos:0.000000,ypos:0.000000,xspeed:-4.170000,yspeed:7.200000,angle:-16.150000,distense:41.200000,rcs:20.000000
timestame:1619470193.444000000,objid:1,type:0,xpos:0.000000,ypos:0.000000,xspeed:1.800000,yspeed:1.330000,angle:6.320000,distense:139.800000,rcs:15.000000
timestame:1619470193.444000000,objid:2,type:0,xpos:0.000000,ypos:0.000000,xspeed:-4.640000,yspeed:5.730000,angle:-14.800000,distense:39.200000,rcs:9.000000
timestame:1619470193.444000000,objid:6,type:0,xpos:0.000000,ypos:0.000000,xspeed:2.780000,yspeed:-5.390000,angle:-16.840000,distense:42.800000,rcs:16.000000
