timestame:1619470438.234000000,objid:1,type:0,xpos:0.000000,ypos:0.000000,xspeed:13.270000,yspeed:0.500000,angle:2.340000,distense:31.000000,rcs:26.000000
timestame:1619470438.234000000,objid:2,type:0,xpos:0.000000,ypos:0.000000,xspeed:3.850000,yspeed:0.060000,angle:11.230000,distense:68.600000,rcs:23.000000
