timestame:1619470565.247000000,objid:0,type:0,xpos:0.000000,ypos:0.000000,xspeed:6.460000,yspeed:1.910000,angle:20.300000,distense:27.200000,rcs:26.000000
timestame:1619470565.247000000,objid:1,type:0,xpos:0.000000,ypos:0.000000,xspeed:7.280000,yspeed:-0.670000,angle:2.750000,distense:218.800000,rcs:16.000000
timestame:1619470565.247000000,objid:3,type:0,xpos:0.000000,ypos:0.000000,xspeed:12.250000,yspeed:0.210000,angle:1.480000,distense:122.600000,rcs:23.000000
