timestame:1619471039.132000000,objid:0,type:0,xpos:0.000000,ypos:0.000000,xspeed:-1.570000,yspeed:-10.650000,angle:11.480000,distense:44.000000,rcs:35.000000
timestame:1619471039.132000000,objid:1,type:0,xpos:0.000000,ypos:0.000000,xspeed:-1.660000,yspeed:-3.860000,angle:6.520000,distense:42.800000,rcs:39.000000
timestame:1619471039.132000000,objid:2,type:0,xpos:0.000000,ypos:0.000000,xspeed:-2.440000,yspeed:-2.150000,angle:-18.000000,distense:38.400000,rcs:18.000000
timestame:1619471039.132000000,objid:3,type:0,xpos:0.000000,ypos:0.000000,xspeed:1.260000,yspeed:-3.460000,angle:11.790000,distense:48.400000,rcs:20.000000
