timestame:1619471451.615000000,objid:3,type:0,xpos:0.000000,ypos:0.000000,xspeed:-2.240000,yspeed:-0.180000,angle:-6.520000,distense:101.800000,rcs:9.000000
timestame:1619471451.615000000,objid:11,type:0,xpos:0.000000,ypos:0.000000,xspeed:-1.720000,yspeed:0.460000,angle:-7.340000,distense:93.600000,rcs:9.000000
timestame:1619471451.615000000,objid:13,type:0,xpos:0.000000,ypos:0.000000,xspeed:-3.880000,yspeed:-0.210000,angle:21.510000,distense:35.800000,rcs:22.000000
