timestame:1619471264.394000000,objid:2,type:0,xpos:0.000000,ypos:0.000000,xspeed:12.910000,yspeed:0.080000,angle:2.760000,distense:131.000000,rcs:24.000000
timestame:1619471264.394000000,objid:6,type:0,xpos:0.000000,ypos:0.000000,xspeed:12.930000,yspeed:-0.060000,angle:2.520000,distense:143.000000,rcs:15.000000
timestame:1619471264.394000000,objid:10,type:0,xpos:0.000000,ypos:0.000000,xspeed:12.830000,yspeed:-0.050000,angle:2.880000,distense:118.400000,rcs:24.000000
