timestame:1619470795.532000000,objid:3,type:0,xpos:0.000000,ypos:0.000000,xspeed:2.940000,yspeed:1.880000,angle:12.020000,distense:46.600000,rcs:13.000000
timestame:1619470795.532000000,objid:5,type:0,xpos:0.000000,ypos:0.000000,xspeed:2.610000,yspeed:-10.230000,angle:-18.000000,distense:61.000000,rcs:15.000000
timestame:1619470795.532000000,objid:12,type:0,xpos:0.000000,ypos:0.000000,xspeed:1.650000,yspeed:-11.180000,angle:-18.000000,distense:57.600000,rcs:13.000000
