timestame:1619469855.793000000,objid:4,type:0,xpos:0.000000,ypos:0.000000,xspeed:-9.140000,yspeed:3.900000,angle:1.560000,distense:43.800000,rcs:6.000000
timestame:1619469855.793000000,objid:5,type:0,xpos:0.000000,ypos:0.000000,xspeed:-1.690000,yspeed:-4.260000,angle:-7.670000,distense:61.600000,rcs:12.000000
timestame:1619469855.793000000,objid:10,type:0,xpos:0.000000,ypos:0.000000,xspeed:-10.970000,yspeed:-0.130000,angle:-5.030000,distense:131.600000,rcs:12.000000
