timestame:1619469929.662000000,objid:1,type:0,xpos:0.000000,ypos:0.000000,xspeed:7.640000,yspeed:0.150000,angle:1.400000,distense:195.200000,rcs:15.000000
timestame:1619469929.662000000,objid:8,type:0,xpos:0.000000,ypos:0.000000,xspeed:7.590000,yspeed:0.030000,angle:1.120000,distense:188.400000,rcs:29.000000
