timestame:1619470192.888000000,objid:0,type:0,xpos:0.000000,ypos:0.000000,xspeed:-4.070000,yspeed:6.960000,angle:18.340000,distense:42.000000,rcs:13.000000
timestame:1619470192.888000000,objid:1,type:0,xpos:0.000000,ypos:0.000000,xspeed:2.010000,yspeed:1.250000,angle:6.000000,distense:139.000000,rcs:27.000000
timestame:1619470192.888000000,objid:2,type:0,xpos:0.000000,ypos:0.000000,xspeed:-4.780000,yspeed:5.570000,angle:20.420000,distense:39.800000,rcs:20.000000
