timestame:1619471135.575000000,objid:0,type:0,xpos:0.000000,ypos:0.000000,xspeed:-1.480000,yspeed:5.120000,angle:19.610000,distense:40.600000,rcs:15.000000
timestame:1619471135.575000000,objid:5,type:0,xpos:0.000000,ypos:0.000000,xspeed:16.890000,yspeed:0.000000,angle:18.140000,distense:49.000000,rcs:26.000000
timestame:1619471135.575000000,objid:7,type:0,xpos:0.000000,ypos:0.000000,xspeed:-21.570000,yspeed:-13.770000,angle:9.270000,distense:28.200000,rcs:9.000000
