timestame:1619471251.648000000,objid:1,type:0,xpos:0.000000,ypos:0.000000,xspeed:1.880000,yspeed:2.930000,angle:0.890000,distense:75.800000,rcs:18.000000
timestame:1619471251.648000000,objid:3,type:0,xpos:0.000000,ypos:0.000000,xspeed:-17.490000,yspeed:-0.490000,angle:-5.230000,distense:154.000000,rcs:9.000000
