timestame:1619470942.155000000,objid:1,type:0,xpos:0.000000,ypos:0.000000,xspeed:-4.960000,yspeed:0.930000,angle:-14.410000,distense:57.000000,rcs:20.000000
timestame:1619470942.155000000,objid:5,type:0,xpos:0.000000,ypos:0.000000,xspeed:-6.040000,yspeed:-0.470000,angle:-16.730000,distense:59.800000,rcs:21.000000
timestame:1619470942.155000000,objid:10,type:0,xpos:0.000000,ypos:0.000000,xspeed:-4.500000,yspeed:0.400000,angle:-11.360000,distense:59.000000,rcs:16.000000
