timestame:1619470951.954000000,objid:0,type:0,xpos:0.000000,ypos:0.000000,xspeed:5.440000,yspeed:-0.290000,angle:0.760000,distense:31.800000,rcs:44.000000
timestame:1619470951.954000000,objid:7,type:0,xpos:0.000000,ypos:0.000000,xspeed:4.260000,yspeed:-6.320000,angle:-6.970000,distense:43.000000,rcs:12.000000
timestame:1619470951.954000000,objid:10,type:0,xpos:0.000000,ypos:0.000000,xspeed:3.490000,yspeed:0.000000,angle:3.520000,distense:16.800000,rcs:32.000000
