timestame:1619471086.090000000,objid:0,type:0,xpos:0.000000,ypos:0.000000,xspeed:8.360000,yspeed:0.360000,angle:1.470000,distense:54.400000,rcs:33.000000
timestame:1619471086.090000000,objid:4,type:0,xpos:0.000000,ypos:0.000000,xspeed:-25.550000,yspeed:0.820000,angle:-4.520000,distense:135.200000,rcs:9.000000
timestame:1619471086.090000000,objid:11,type:0,xpos:0.000000,ypos:0.000000,xspeed:2.300000,yspeed:0.140000,angle:2.640000,distense:20.600000,rcs:42.000000
