timestame:1619470017.412000000,objid:0,type:0,xpos:0.000000,ypos:0.000000,xspeed:-4.190000,yspeed:-1.870000,angle:-18.000000,distense:27.000000,rcs:13.000000
timestame:1619470017.412000000,objid:4,type:0,xpos:0.000000,ypos:0.000000,xspeed:-6.200000,yspeed:-0.900000,angle:5.630000,distense:41.400000,rcs:6.000000
timestame:1619470017.412000000,objid:14,type:0,xpos:0.000000,ypos:0.000000,xspeed:-1.810000,yspeed:-1.430000,angle:-18.000000,distense:31.600000,rcs:6.000000
