timestame:1619470779.633000000,objid:2,type:0,xpos:0.000000,ypos:0.000000,xspeed:1.940000,yspeed:-4.340000,angle:4.210000,distense:43.200000,rcs:34.000000
timestame:1619470779.633000000,objid:4,type:0,xpos:0.000000,ypos:0.000000,xspeed:-2.090000,yspeed:-0.650000,angle:-1.870000,distense:46.000000,rcs:6.000000
timestame:1619470779.633000000,objid:13,type:0,xpos:0.000000,ypos:0.000000,xspeed:-40.210000,yspeed:0.260000,angle:17.120000,distense:39.200000,rcs:32.000000
