timestame:1619470691.661000000,objid:1,type:0,xpos:0.000000,ypos:0.000000,xspeed:3.350000,yspeed:0.080000,angle:7.350000,distense:34.400000,rcs:27.000000
timestame:1619470691.661000000,objid:2,type:0,xpos:0.000000,ypos:0.000000,xspeed:-2.190000,yspeed:-0.140000,angle:-18.000000,distense:38.200000,rcs:15.000000
timestame:1619470691.661000000,objid:3,type:0,xpos:0.000000,ypos:0.000000,xspeed:-9.320000,yspeed:-0.710000,angle:-18.000000,distense:30.600000,rcs:12.000000
timestame:1619470691.661000000,objid:8,type:0,xpos:0.000000,ypos:0.000000,xspeed:-1.070000,yspeed:1.090000,angle:-18.000000,distense:27.400000,rcs:6.000000
