timestame:1619471229.933000000,objid:0,type:0,xpos:0.000000,ypos:0.000000,xspeed:6.340000,yspeed:0.360000,angle:2.360000,distense:94.600000,rcs:9.000000
timestame:1619471229.933000000,objid:1,type:0,xpos:0.000000,ypos:0.000000,xspeed:3.290000,yspeed:-5.120000,angle:-18.000000,distense:62.800000,rcs:12.000000
timestame:1619471229.933000000,objid:9,type:0,xpos:0.000000,ypos:0.000000,xspeed:6.530000,yspeed:0.170000,angle:2.100000,distense:86.200000,rcs:32.000000
