timestame:1619470280.459000000,objid:1,type:0,xpos:0.000000,ypos:0.000000,xspeed:-8.960000,yspeed:0.100000,angle:-8.010000,distense:61.400000,rcs:27.000000
timestame:1619470280.459000000,objid:2,type:0,xpos:0.000000,ypos:0.000000,xspeed:-13.810000,yspeed:-1.660000,angle:-4.250000,distense:191.400000,rcs:15.000000
timestame:1619470280.459000000,objid:3,type:0,xpos:0.000000,ypos:0.000000,xspeed:-2.780000,yspeed:-0.290000,angle:-10.340000,distense:70.200000,rcs:30.000000
timestame:1619470280.459000000,objid:11,type:0,xpos:0.000000,ypos:0.000000,xspeed:-3.310000,yspeed:-0.190000,angle:-12.310000,distense:62.600000,rcs:18.000000
