timestame:1619471371.257000000,objid:1,type:0,xpos:0.000000,ypos:0.000000,xspeed:8.720000,yspeed:-0.080000,angle:2.360000,distense:152.800000,rcs:15.000000
timestame:1619471371.257000000,objid:7,type:0,xpos:0.000000,ypos:0.000000,xspeed:10.590000,yspeed:0.250000,angle:1.540000,distense:199.000000,rcs:12.000000
