timestame:1619470296.385000000,objid:0,type:0,xpos:0.000000,ypos:0.000000,xspeed:2.780000,yspeed:0.250000,angle:5.190000,distense:28.000000,rcs:9.000000
timestame:1619470296.385000000,objid:2,type:0,xpos:0.000000,ypos:0.000000,xspeed:6.460000,yspeed:0.160000,angle:1.850000,distense:39.600000,rcs:9.000000
timestame:1619470296.385000000,objid:3,type:0,xpos:0.000000,ypos:0.000000,xspeed:3.020000,yspeed:0.050000,angle:3.300000,distense:17.000000,rcs:42.000000
timestame:1619470296.385000000,objid:5,type:0,xpos:0.000000,ypos:0.000000,xspeed:4.070000,yspeed:0.040000,angle:1.770000,distense:28.000000,rcs:37.000000
