timestame:1619470031.528000000,objid:1,type:0,xpos:0.000000,ypos:0.000000,xspeed:6.370000,yspeed:0.320000,angle:2.450000,distense:43.800000,rcs:35.000000
timestame:1619470031.528000000,objid:4,type:0,xpos:0.000000,ypos:0.000000,xspeed:11.110000,yspeed:0.180000,angle:2.000000,distense:73.000000,rcs:29.000000
timestame:1619470031.528000000,objid:7,type:0,xpos:0.000000,ypos:0.000000,xspeed:1.700000,yspeed:-1.650000,angle:6.350000,distense:21.600000,rcs:22.000000
