timestame:1619471152.200000000,objid:0,type:0,xpos:0.000000,ypos:0.000000,xspeed:-1.160000,yspeed:7.070000,angle:11.900000,distense:39.800000,rcs:22.000000
timestame:1619471152.200000000,objid:1,type:0,xpos:0.000000,ypos:0.000000,xspeed:-8.180000,yspeed:-3.560000,angle:10.400000,distense:85.600000,rcs:15.000000
timestame:1619471152.200000000,objid:7,type:0,xpos:0.000000,ypos:0.000000,xspeed:-1.020000,yspeed:6.440000,angle:6.740000,distense:40.400000,rcs:6.000000
