timestame:1619470073.946000000,objid:4,type:0,xpos:0.000000,ypos:0.000000,xspeed:-1.370000,yspeed:2.080000,angle:-16.240000,distense:42.800000,rcs:21.000000
timestame:1619470073.946000000,objid:8,type:0,xpos:0.000000,ypos:0.000000,xspeed:1.450000,yspeed:3.080000,angle:-6.050000,distense:42.800000,rcs:6.000000
