timestame:1619471062.506000000,objid:0,type:0,xpos:0.000000,ypos:0.000000,xspeed:-7.460000,yspeed:1.350000,angle:-4.470000,distense:127.400000,rcs:6.000000
timestame:1619471062.506000000,objid:8,type:0,xpos:0.000000,ypos:0.000000,xspeed:-1.220000,yspeed:3.160000,angle:0.930000,distense:35.000000,rcs:22.000000
timestame:1619471062.506000000,objid:9,type:0,xpos:0.000000,ypos:0.000000,xspeed:-1.610000,yspeed:-0.250000,angle:-9.800000,distense:76.400000,rcs:12.000000
