timestame:1619469930.464000000,objid:0,type:0,xpos:0.000000,ypos:0.000000,xspeed:-3.880000,yspeed:2.310000,angle:-18.000000,distense:40.400000,rcs:9.000000
timestame:1619469930.464000000,objid:1,type:0,xpos:0.000000,ypos:0.000000,xspeed:7.980000,yspeed:0.290000,angle:1.520000,distense:202.400000,rcs:6.000000
timestame:1619469930.464000000,objid:8,type:0,xpos:0.000000,ypos:0.000000,xspeed:7.850000,yspeed:0.120000,angle:1.170000,distense:195.400000,rcs:22.000000
