timestame:1619469910.382000000,objid:1,type:0,xpos:0.000000,ypos:0.000000,xspeed:4.100000,yspeed:-0.130000,angle:1.830000,distense:77.000000,rcs:23.000000
timestame:1619469910.382000000,objid:2,type:0,xpos:0.000000,ypos:0.000000,xspeed:10.010000,yspeed:0.020000,angle:2.950000,distense:134.800000,rcs:13.000000
timestame:1619469910.382000000,objid:8,type:0,xpos:0.000000,ypos:0.000000,xspeed:4.110000,yspeed:0.180000,angle:2.450000,distense:70.400000,rcs:27.000000
