timestame:1619470279.037000000,objid:1,type:0,xpos:0.000000,ypos:0.000000,xspeed:-10.070000,yspeed:-0.030000,angle:-6.890000,distense:73.000000,rcs:12.000000
timestame:1619470279.037000000,objid:3,type:0,xpos:0.000000,ypos:0.000000,xspeed:-3.150000,yspeed:-0.110000,angle:-9.320000,distense:74.000000,rcs:22.000000
timestame:1619470279.037000000,objid:11,type:0,xpos:0.000000,ypos:0.000000,xspeed:-2.930000,yspeed:-0.300000,angle:-11.290000,distense:67.800000,rcs:27.000000
