timestame:1619470492.837000000,objid:2,type:0,xpos:0.000000,ypos:0.000000,xspeed:1.500000,yspeed:-5.740000,angle:15.310000,distense:56.600000,rcs:25.000000
timestame:1619470492.837000000,objid:3,type:0,xpos:0.000000,ypos:0.000000,xspeed:1.720000,yspeed:-4.630000,angle:10.200000,distense:44.800000,rcs:34.000000
