timestame:1619470078.363000000,objid:0,type:0,xpos:0.000000,ypos:0.000000,xspeed:-2.190000,yspeed:7.160000,angle:1.850000,distense:52.800000,rcs:6.000000
timestame:1619470078.363000000,objid:2,type:0,xpos:0.000000,ypos:0.000000,xspeed:3.320000,yspeed:-1.650000,angle:-0.050000,distense:18.600000,rcs:20.000000
timestame:1619470078.363000000,objid:4,type:0,xpos:0.000000,ypos:0.000000,xspeed:-5.160000,yspeed:8.770000,angle:-10.680000,distense:51.000000,rcs:13.000000
