timestame:1619471235.217000000,objid:0,type:0,xpos:0.000000,ypos:0.000000,xspeed:8.020000,yspeed:-0.070000,angle:1.280000,distense:135.600000,rcs:12.000000
timestame:1619471235.217000000,objid:9,type:0,xpos:0.000000,ypos:0.000000,xspeed:7.680000,yspeed:0.130000,angle:1.540000,distense:125.400000,rcs:26.000000
