timestame:1619469685.322000000,objid:1,type:0,xpos:0.000000,ypos:0.000000,xspeed:-2.860000,yspeed:3.940000,angle:-12.440000,distense:49.200000,rcs:12.000000
timestame:1619469685.322000000,objid:2,type:0,xpos:0.000000,ypos:0.000000,xspeed:-1.720000,yspeed:5.610000,angle:-18.000000,distense:48.000000,rcs:9.000000
timestame:1619469685.322000000,objid:4,type:0,xpos:0.000000,ypos:0.000000,xspeed:-1.930000,yspeed:7.430000,angle:-15.600000,distense:49.200000,rcs:9.000000
timestame:1619469685.322000000,objid:5,type:0,xpos:0.000000,ypos:0.000000,xspeed:1.020000,yspeed:-8.130000,angle:13.980000,distense:48.600000,rcs:31.000000
