timestame:1619471221.712000000,objid:0,type:0,xpos:0.000000,ypos:0.000000,xspeed:1.270000,yspeed:0.120000,angle:1.160000,distense:55.000000,rcs:9.000000
timestame:1619471221.712000000,objid:6,type:0,xpos:0.000000,ypos:0.000000,xspeed:3.880000,yspeed:0.040000,angle:2.030000,distense:57.000000,rcs:9.000000
timestame:1619471221.712000000,objid:9,type:0,xpos:0.000000,ypos:0.000000,xspeed:3.890000,yspeed:0.180000,angle:2.660000,distense:38.200000,rcs:38.000000
timestame:1619471221.712000000,objid:10,type:0,xpos:0.000000,ypos:0.000000,xspeed:3.840000,yspeed:0.250000,angle:1.490000,distense:47.200000,rcs:12.000000
