timestame:1619469873.152000000,objid:0,type:0,xpos:0.000000,ypos:0.000000,xspeed:-3.050000,yspeed:-0.390000,angle:-18.000000,distense:27.000000,rcs:6.000000
timestame:1619469873.152000000,objid:8,type:0,xpos:0.000000,ypos:0.000000,xspeed:-3.430000,yspeed:-0.590000,angle:-18.000000,distense:24.800000,rcs:6.000000
timestame:1619469873.152000000,objid:11,type:0,xpos:0.000000,ypos:0.000000,xspeed:3.200000,yspeed:0.000000,angle:-8.210000,distense:48.800000,rcs:9.000000
timestame:1619469873.152000000,objid:13,type:0,xpos:0.000000,ypos:0.000000,xspeed:-2.330000,yspeed:-0.620000,angle:-18.000000,distense:30.000000,rcs:6.000000
