timestame:1619470908.955000000,objid:0,type:0,xpos:0.000000,ypos:0.000000,xspeed:29.030000,yspeed:18.170000,angle:21.750000,distense:28.400000,rcs:6.000000
timestame:1619470908.955000000,objid:3,type:0,xpos:0.000000,ypos:0.000000,xspeed:-6.570000,yspeed:16.930000,angle:-15.750000,distense:34.800000,rcs:6.000000
timestame:1619470908.955000000,objid:10,type:0,xpos:0.000000,ypos:0.000000,xspeed:-1.340000,yspeed:-0.820000,angle:-18.000000,distense:35.000000,rcs:26.000000
timestame:1619470908.955000000,objid:16,type:0,xpos:0.000000,ypos:0.000000,xspeed:-4.010000,yspeed:-1.490000,angle:-18.000000,distense:29.200000,rcs:6.000000
