timestame:1619469926.812000000,objid:1,type:0,xpos:0.000000,ypos:0.000000,xspeed:6.750000,yspeed:0.220000,angle:1.520000,distense:173.400000,rcs:9.000000
timestame:1619469926.812000000,objid:8,type:0,xpos:0.000000,ypos:0.000000,xspeed:6.840000,yspeed:0.120000,angle:1.310000,distense:166.600000,rcs:20.000000
