timestame:1619470561.585000000,objid:0,type:0,xpos:0.000000,ypos:0.000000,xspeed:5.400000,yspeed:-0.440000,angle:2.540000,distense:199.800000,rcs:6.000000
timestame:1619470561.585000000,objid:1,type:0,xpos:0.000000,ypos:0.000000,xspeed:5.780000,yspeed:-0.230000,angle:4.110000,distense:191.600000,rcs:16.000000
timestame:1619470561.585000000,objid:2,type:0,xpos:0.000000,ypos:0.000000,xspeed:5.320000,yspeed:2.270000,angle:3.130000,distense:207.200000,rcs:13.000000
timestame:1619470561.585000000,objid:3,type:0,xpos:0.000000,ypos:0.000000,xspeed:9.420000,yspeed:0.340000,angle:2.000000,distense:78.000000,rcs:29.000000
