timestame:1619470486.964000000,objid:2,type:0,xpos:0.000000,ypos:0.000000,xspeed:1.600000,yspeed:-7.810000,angle:-8.700000,distense:66.400000,rcs:12.000000
timestame:1619470486.964000000,objid:4,type:0,xpos:0.000000,ypos:0.000000,xspeed:-1.610000,yspeed:-4.410000,angle:-18.000000,distense:38.800000,rcs:20.000000
timestame:1619470486.964000000,objid:5,type:0,xpos:0.000000,ypos:0.000000,xspeed:-2.270000,yspeed:-0.590000,angle:-18.000000,distense:35.400000,rcs:9.000000
