timestame:1619470229.330000000,objid:2,type:0,xpos:0.000000,ypos:0.000000,xspeed:-1.440000,yspeed:-2.980000,angle:-15.980000,distense:41.000000,rcs:25.000000
timestame:1619470229.330000000,objid:8,type:0,xpos:0.000000,ypos:0.000000,xspeed:-2.010000,yspeed:-2.680000,angle:-18.000000,distense:38.800000,rcs:21.000000
timestame:1619470229.330000000,objid:11,type:0,xpos:0.000000,ypos:0.000000,xspeed:-9.050000,yspeed:-2.600000,angle:-4.140000,distense:173.400000,rcs:12.000000
