timestame:1619470007.240000000,objid:2,type:0,xpos:0.000000,ypos:0.000000,xspeed:-3.140000,yspeed:-4.490000,angle:-18.000000,distense:33.600000,rcs:24.000000
timestame:1619470007.240000000,objid:8,type:0,xpos:0.000000,ypos:0.000000,xspeed:-3.760000,yspeed:-2.120000,angle:-18.000000,distense:31.200000,rcs:6.000000
timestame:1619470007.240000000,objid:9,type:0,xpos:0.000000,ypos:0.000000,xspeed:-2.080000,yspeed:-2.900000,angle:-18.000000,distense:34.200000,rcs:16.000000
timestame:1619470007.240000000,objid:11,type:0,xpos:0.000000,ypos:0.000000,xspeed:-2.950000,yspeed:-2.470000,angle:-18.000000,distense:31.800000,rcs:12.000000
