timestame:1619469647.649000000,objid:2,type:0,xpos:0.000000,ypos:0.000000,xspeed:12.840000,yspeed:0.400000,angle:4.400000,distense:99.800000,rcs:24.000000
timestame:1619469647.649000000,objid:13,type:0,xpos:0.000000,ypos:0.000000,xspeed:15.280000,yspeed:0.690000,angle:2.400000,distense:161.200000,rcs:39.000000
timestame:1619469647.649000000,objid:14,type:0,xpos:0.000000,ypos:0.000000,xspeed:12.940000,yspeed:0.370000,angle:4.400000,distense:97.000000,rcs:26.000000
