timestame:1619471039.440000000,objid:1,type:0,xpos:0.000000,ypos:0.000000,xspeed:-1.600000,yspeed:-3.880000,angle:5.120000,distense:42.400000,rcs:29.000000
timestame:1619471039.440000000,objid:2,type:0,xpos:0.000000,ypos:0.000000,xspeed:-2.160000,yspeed:-1.740000,angle:-18.000000,distense:38.200000,rcs:19.000000
timestame:1619471039.440000000,objid:6,type:0,xpos:0.000000,ypos:0.000000,xspeed:-4.740000,yspeed:2.890000,angle:-12.530000,distense:40.200000,rcs:24.000000
