timestame:1619470642.924000000,objid:2,type:0,xpos:0.000000,ypos:0.000000,xspeed:-6.500000,yspeed:0.140000,angle:-4.710000,distense:169.200000,rcs:9.000000
timestame:1619470642.924000000,objid:5,type:0,xpos:0.000000,ypos:0.000000,xspeed:-1.570000,yspeed:5.640000,angle:-7.750000,distense:44.200000,rcs:12.000000
timestame:1619470642.924000000,objid:6,type:0,xpos:0.000000,ypos:0.000000,xspeed:6.200000,yspeed:-9.580000,angle:16.680000,distense:47.800000,rcs:26.000000
timestame:1619470642.924000000,objid:13,type:0,xpos:0.000000,ypos:0.000000,xspeed:-2.290000,yspeed:8.420000,angle:-0.560000,distense:42.000000,rcs:21.000000
