timestame:1619471367.882000000,objid:1,type:0,xpos:0.000000,ypos:0.000000,xspeed:7.840000,yspeed:0.060000,angle:3.130000,distense:123.600000,rcs:20.000000
timestame:1619471367.882000000,objid:7,type:0,xpos:0.000000,ypos:0.000000,xspeed:11.690000,yspeed:0.160000,angle:1.500000,distense:163.800000,rcs:22.000000
