timestame:1619470061.545000000,objid:1,type:0,xpos:0.000000,ypos:0.000000,xspeed:-20.870000,yspeed:0.060000,angle:-5.030000,distense:140.400000,rcs:13.000000
timestame:1619470061.545000000,objid:2,type:0,xpos:0.000000,ypos:0.000000,xspeed:-8.500000,yspeed:-0.220000,angle:-6.060000,distense:73.200000,rcs:26.000000
timestame:1619470061.545000000,objid:4,type:0,xpos:0.000000,ypos:0.000000,xspeed:-5.580000,yspeed:-1.720000,angle:-7.000000,distense:70.200000,rcs:26.000000
timestame:1619470061.545000000,objid:5,type:0,xpos:0.000000,ypos:0.000000,xspeed:9.940000,yspeed:0.450000,angle:2.840000,distense:201.600000,rcs:22.000000
