timestame:1619471306.715000000,objid:0,type:0,xpos:0.000000,ypos:0.000000,xspeed:2.850000,yspeed:0.820000,angle:20.700000,distense:23.200000,rcs:22.000000
timestame:1619471306.715000000,objid:1,type:0,xpos:0.000000,ypos:0.000000,xspeed:-7.040000,yspeed:2.220000,angle:-18.000000,distense:30.000000,rcs:9.000000
timestame:1619471306.715000000,objid:2,type:0,xpos:0.000000,ypos:0.000000,xspeed:4.770000,yspeed:-0.740000,angle:-17.840000,distense:21.800000,rcs:20.000000
