timestame:1619470461.032000000,objid:0,type:0,xpos:0.000000,ypos:0.000000,xspeed:-16.390000,yspeed:-1.460000,angle:-7.890000,distense:91.000000,rcs:19.000000
timestame:1619470461.032000000,objid:2,type:0,xpos:0.000000,ypos:0.000000,xspeed:5.860000,yspeed:0.010000,angle:3.250000,distense:181.000000,rcs:12.000000
