timestame:1619471146.675000000,objid:1,type:0,xpos:0.000000,ypos:0.000000,xspeed:-1.560000,yspeed:6.390000,angle:17.700000,distense:39.600000,rcs:6.000000
timestame:1619471146.675000000,objid:4,type:0,xpos:0.000000,ypos:0.000000,xspeed:-1.340000,yspeed:5.760000,angle:11.880000,distense:40.200000,rcs:6.000000
timestame:1619471146.675000000,objid:5,type:0,xpos:0.000000,ypos:0.000000,xspeed:1.530000,yspeed:4.930000,angle:-4.820000,distense:43.400000,rcs:9.000000
timestame:1619471146.675000000,objid:9,type:0,xpos:0.000000,ypos:0.000000,xspeed:-1.640000,yspeed:5.050000,angle:-9.250000,distense:43.400000,rcs:18.000000
