timestame:1619469874.721000000,objid:0,type:0,xpos:0.000000,ypos:0.000000,xspeed:-3.000000,yspeed:-0.410000,angle:-18.000000,distense:24.000000,rcs:6.000000
timestame:1619469874.721000000,objid:17,type:0,xpos:0.000000,ypos:0.000000,xspeed:3.960000,yspeed:-3.260000,angle:9.760000,distense:67.800000,rcs:9.000000
