timestame:1619470441.645000000,objid:1,type:0,xpos:0.000000,ypos:0.000000,xspeed:15.410000,yspeed:0.580000,angle:2.340000,distense:84.400000,rcs:26.000000
timestame:1619470441.645000000,objid:2,type:0,xpos:0.000000,ypos:0.000000,xspeed:3.790000,yspeed:0.040000,angle:9.410000,distense:81.200000,rcs:22.000000
