timestame:1619471265.942000000,objid:0,type:0,xpos:0.000000,ypos:0.000000,xspeed:12.890000,yspeed:0.570000,angle:2.750000,distense:175.800000,rcs:6.000000
timestame:1619471265.942000000,objid:2,type:0,xpos:0.000000,ypos:0.000000,xspeed:13.150000,yspeed:0.120000,angle:2.470000,distense:151.800000,rcs:21.000000
timestame:1619471265.942000000,objid:6,type:0,xpos:0.000000,ypos:0.000000,xspeed:13.120000,yspeed:0.050000,angle:2.290000,distense:163.800000,rcs:9.000000
timestame:1619471265.942000000,objid:10,type:0,xpos:0.000000,ypos:0.000000,xspeed:13.140000,yspeed:-0.080000,angle:2.380000,distense:139.200000,rcs:22.000000
