timestame:1619471407.454000000,objid:5,type:0,xpos:0.000000,ypos:0.000000,xspeed:1.220000,yspeed:-3.100000,angle:18.780000,distense:41.200000,rcs:18.000000
timestame:1619471407.454000000,objid:11,type:0,xpos:0.000000,ypos:0.000000,xspeed:-13.820000,yspeed:-9.740000,angle:0.560000,distense:139.000000,rcs:6.000000
