timestame:1619469580.507000000,objid:1,type:0,xpos:0.000000,ypos:0.000000,xspeed:-6.040000,yspeed:-0.410000,angle:-8.570000,distense:104.200000,rcs:16.000000
timestame:1619469580.507000000,objid:5,type:0,xpos:0.000000,ypos:0.000000,xspeed:-5.980000,yspeed:-0.250000,angle:-10.230000,distense:91.200000,rcs:16.000000
