timestame:1619470016.292000000,objid:0,type:0,xpos:0.000000,ypos:0.000000,xspeed:-1.870000,yspeed:-1.050000,angle:-18.000000,distense:29.600000,rcs:6.000000
timestame:1619470016.292000000,objid:1,type:0,xpos:0.000000,ypos:0.000000,xspeed:-1.010000,yspeed:-2.470000,angle:8.930000,distense:38.000000,rcs:9.000000
timestame:1619470016.292000000,objid:5,type:0,xpos:0.000000,ypos:0.000000,xspeed:-1.370000,yspeed:-2.060000,angle:-18.000000,distense:35.400000,rcs:13.000000
timestame:1619470016.292000000,objid:14,type:0,xpos:0.000000,ypos:0.000000,xspeed:-1.670000,yspeed:-1.570000,angle:-18.000000,distense:33.000000,rcs:24.000000
