timestame:1619469762.882000000,objid:3,type:0,xpos:0.000000,ypos:0.000000,xspeed:4.960000,yspeed:0.830000,angle:18.890000,distense:24.800000,rcs:19.000000
timestame:1619469762.882000000,objid:5,type:0,xpos:0.000000,ypos:0.000000,xspeed:-18.100000,yspeed:-0.180000,angle:-15.780000,distense:62.400000,rcs:21.000000
timestame:1619469762.882000000,objid:6,type:0,xpos:0.000000,ypos:0.000000,xspeed:2.440000,yspeed:0.390000,angle:-16.170000,distense:19.000000,rcs:16.000000
