timestame:1619469774.268000000,objid:1,type:0,xpos:0.000000,ypos:0.000000,xspeed:3.770000,yspeed:2.190000,angle:-14.810000,distense:34.200000,rcs:6.000000
timestame:1619469774.268000000,objid:3,type:0,xpos:0.000000,ypos:0.000000,xspeed:3.050000,yspeed:-0.450000,angle:20.820000,distense:17.200000,rcs:15.000000
timestame:1619469774.268000000,objid:7,type:0,xpos:0.000000,ypos:0.000000,xspeed:3.110000,yspeed:3.340000,angle:-10.070000,distense:43.800000,rcs:6.000000
