timestame:1619469534.583000000,objid:4,type:0,xpos:0.000000,ypos:0.000000,xspeed:16.430000,yspeed:0.620000,angle:2.340000,distense:72.400000,rcs:32.000000
timestame:1619469534.583000000,objid:7,type:0,xpos:0.000000,ypos:0.000000,xspeed:16.610000,yspeed:0.630000,angle:1.970000,distense:80.200000,rcs:19.000000
