timestame:1619469577.383000000,objid:1,type:0,xpos:0.000000,ypos:0.000000,xspeed:-6.080000,yspeed:-3.740000,angle:-6.920000,distense:122.800000,rcs:13.000000
timestame:1619469577.383000000,objid:3,type:0,xpos:0.000000,ypos:0.000000,xspeed:-6.640000,yspeed:-0.160000,angle:-7.870000,distense:112.600000,rcs:16.000000
timestame:1619469577.383000000,objid:5,type:0,xpos:0.000000,ypos:0.000000,xspeed:-6.640000,yspeed:-0.220000,angle:-8.120000,distense:109.400000,rcs:15.000000
