timestame:1619470966.732000000,objid:0,type:0,xpos:0.000000,ypos:0.000000,xspeed:4.400000,yspeed:0.080000,angle:5.450000,distense:64.400000,rcs:32.000000
timestame:1619470966.732000000,objid:1,type:0,xpos:0.000000,ypos:0.000000,xspeed:13.380000,yspeed:-0.150000,angle:0.780000,distense:159.000000,rcs:20.000000
timestame:1619470966.732000000,objid:6,type:0,xpos:0.000000,ypos:0.000000,xspeed:11.340000,yspeed:0.420000,angle:1.990000,distense:134.200000,rcs:22.000000
timestame:1619470966.732000000,objid:7,type:0,xpos:0.000000,ypos:0.000000,xspeed:6.600000,yspeed:1.770000,angle:21.590000,distense:22.600000,rcs:27.000000
