timestame:1619469534.152000000,objid:4,type:0,xpos:0.000000,ypos:0.000000,xspeed:16.350000,yspeed:0.710000,angle:2.490000,distense:65.200000,rcs:32.000000
timestame:1619469534.152000000,objid:7,type:0,xpos:0.000000,ypos:0.000000,xspeed:16.620000,yspeed:0.690000,angle:2.020000,distense:73.400000,rcs:24.000000
