timestame:1619469633.383000000,objid:3,type:0,xpos:0.000000,ypos:0.000000,xspeed:-5.820000,yspeed:0.510000,angle:-6.450000,distense:60.000000,rcs:16.000000
timestame:1619469633.383000000,objid:4,type:0,xpos:0.000000,ypos:0.000000,xspeed:6.190000,yspeed:9.900000,angle:-17.970000,distense:22.600000,rcs:13.000000
timestame:1619469633.383000000,objid:6,type:0,xpos:0.000000,ypos:0.000000,xspeed:-9.010000,yspeed:0.020000,angle:-8.310000,distense:56.000000,rcs:19.000000
