timestame:1619469876.952000000,objid:3,type:0,xpos:0.000000,ypos:0.000000,xspeed:-4.790000,yspeed:1.330000,angle:-18.000000,distense:33.800000,rcs:18.000000
timestame:1619469876.952000000,objid:6,type:0,xpos:0.000000,ypos:0.000000,xspeed:-2.070000,yspeed:-0.570000,angle:-18.000000,distense:37.400000,rcs:6.000000
timestame:1619469876.952000000,objid:10,type:0,xpos:0.000000,ypos:0.000000,xspeed:14.670000,yspeed:8.430000,angle:-11.400000,distense:44.600000,rcs:6.000000
