timestame:1619469948.665000000,objid:3,type:0,xpos:0.000000,ypos:0.000000,xspeed:1.010000,yspeed:0.060000,angle:0.890000,distense:18.600000,rcs:23.000000
timestame:1619469948.665000000,objid:4,type:0,xpos:0.000000,ypos:0.000000,xspeed:1.770000,yspeed:-5.160000,angle:9.260000,distense:52.800000,rcs:25.000000
timestame:1619469948.665000000,objid:5,type:0,xpos:0.000000,ypos:0.000000,xspeed:3.350000,yspeed:-6.390000,angle:15.000000,distense:46.800000,rcs:18.000000
timestame:1619469948.665000000,objid:8,type:0,xpos:0.000000,ypos:0.000000,xspeed:-2.040000,yspeed:7.120000,angle:-18.000000,distense:47.000000,rcs:13.000000
