timestame:1619469715.182000000,objid:1,type:0,xpos:0.000000,ypos:0.000000,xspeed:-2.010000,yspeed:7.500000,angle:-12.460000,distense:37.800000,rcs:9.000000
timestame:1619469715.182000000,objid:3,type:0,xpos:0.000000,ypos:0.000000,xspeed:14.210000,yspeed:-1.020000,angle:0.730000,distense:162.400000,rcs:9.000000
