timestame:1619470237.257000000,objid:3,type:0,xpos:0.000000,ypos:0.000000,xspeed:-1.630000,yspeed:-3.700000,angle:-18.000000,distense:41.000000,rcs:16.000000
timestame:1619470237.257000000,objid:11,type:0,xpos:0.000000,ypos:0.000000,xspeed:-4.900000,yspeed:0.100000,angle:-4.910000,distense:124.800000,rcs:15.000000
timestame:1619470237.257000000,objid:14,type:0,xpos:0.000000,ypos:0.000000,xspeed:3.120000,yspeed:3.870000,angle:-18.000000,distense:36.400000,rcs:18.000000
