timestame:1619470103.374000000,objid:3,type:0,xpos:0.000000,ypos:0.000000,xspeed:2.610000,yspeed:-13.210000,angle:-18.000000,distense:61.800000,rcs:12.000000
timestame:1619470103.374000000,objid:7,type:0,xpos:0.000000,ypos:0.000000,xspeed:-9.080000,yspeed:0.420000,angle:15.650000,distense:28.400000,rcs:20.000000
timestame:1619470103.374000000,objid:11,type:0,xpos:0.000000,ypos:0.000000,xspeed:2.420000,yspeed:0.540000,angle:12.650000,distense:18.800000,rcs:29.000000
