timestame:1619471266.743000000,objid:0,type:0,xpos:0.000000,ypos:0.000000,xspeed:13.360000,yspeed:0.260000,angle:2.530000,distense:186.600000,rcs:6.000000
timestame:1619471266.743000000,objid:2,type:0,xpos:0.000000,ypos:0.000000,xspeed:13.300000,yspeed:0.110000,angle:2.340000,distense:162.400000,rcs:25.000000
timestame:1619471266.743000000,objid:6,type:0,xpos:0.000000,ypos:0.000000,xspeed:13.270000,yspeed:0.120000,angle:2.230000,distense:174.400000,rcs:6.000000
timestame:1619471266.743000000,objid:10,type:0,xpos:0.000000,ypos:0.000000,xspeed:13.320000,yspeed:0.040000,angle:2.320000,distense:150.000000,rcs:25.000000
