timestame:1619470920.615000000,objid:2,type:0,xpos:0.000000,ypos:0.000000,xspeed:1.000000,yspeed:-0.390000,angle:11.140000,distense:13.000000,rcs:25.000000
timestame:1619470920.615000000,objid:3,type:0,xpos:0.000000,ypos:0.000000,xspeed:-12.540000,yspeed:0.380000,angle:-4.060000,distense:166.600000,rcs:6.000000
