timestame:1619471320.078000000,objid:1,type:0,xpos:0.000000,ypos:0.000000,xspeed:-7.080000,yspeed:-0.570000,angle:-6.450000,distense:101.000000,rcs:12.000000
timestame:1619471320.078000000,objid:3,type:0,xpos:0.000000,ypos:0.000000,xspeed:-15.280000,yspeed:0.050000,angle:-3.260000,distense:183.400000,rcs:6.000000
timestame:1619471320.078000000,objid:4,type:0,xpos:0.000000,ypos:0.000000,xspeed:-16.470000,yspeed:-3.460000,angle:-2.910000,distense:189.600000,rcs:6.000000
