timestame:1619469852.507000000,objid:0,type:0,xpos:0.000000,ypos:0.000000,xspeed:-3.230000,yspeed:-3.420000,angle:-18.000000,distense:32.200000,rcs:9.000000
timestame:1619469852.507000000,objid:4,type:0,xpos:0.000000,ypos:0.000000,xspeed:-2.710000,yspeed:-1.790000,angle:-18.000000,distense:29.600000,rcs:6.000000
timestame:1619469852.507000000,objid:10,type:0,xpos:0.000000,ypos:0.000000,xspeed:-13.000000,yspeed:-5.860000,angle:-4.530000,distense:168.000000,rcs:9.000000
timestame:1619469852.507000000,objid:14,type:0,xpos:0.000000,ypos:0.000000,xspeed:-2.130000,yspeed:6.070000,angle:-7.370000,distense:42.800000,rcs:9.000000
