timestame:1619470735.238000000,objid:1,type:0,xpos:0.000000,ypos:0.000000,xspeed:12.100000,yspeed:-0.210000,angle:1.670000,distense:89.600000,rcs:15.000000
timestame:1619470735.238000000,objid:6,type:0,xpos:0.000000,ypos:0.000000,xspeed:12.130000,yspeed:0.280000,angle:2.100000,distense:78.800000,rcs:36.000000
