timestame:1619469646.287000000,objid:2,type:0,xpos:0.000000,ypos:0.000000,xspeed:12.810000,yspeed:0.930000,angle:5.350000,distense:82.200000,rcs:26.000000
timestame:1619469646.287000000,objid:13,type:0,xpos:0.000000,ypos:0.000000,xspeed:15.140000,yspeed:0.650000,angle:2.330000,distense:140.000000,rcs:28.000000
timestame:1619469646.287000000,objid:14,type:0,xpos:0.000000,ypos:0.000000,xspeed:12.870000,yspeed:0.420000,angle:5.070000,distense:79.200000,rcs:23.000000
