timestame:1619470046.254000000,objid:0,type:0,xpos:0.000000,ypos:0.000000,xspeed:6.650000,yspeed:0.010000,angle:4.370000,distense:79.400000,rcs:18.000000
timestame:1619470046.254000000,objid:3,type:0,xpos:0.000000,ypos:0.000000,xspeed:14.600000,yspeed:0.110000,angle:1.180000,distense:194.400000,rcs:12.000000
timestame:1619470046.254000000,objid:5,type:0,xpos:0.000000,ypos:0.000000,xspeed:6.460000,yspeed:0.400000,angle:5.480000,distense:69.400000,rcs:28.000000
