timestame:1619471123.686000000,objid:0,type:0,xpos:0.000000,ypos:0.000000,xspeed:-3.210000,yspeed:0.000000,angle:10.680000,distense:40.800000,rcs:13.000000
timestame:1619471123.686000000,objid:1,type:0,xpos:0.000000,ypos:0.000000,xspeed:-5.190000,yspeed:4.810000,angle:7.760000,distense:41.600000,rcs:26.000000
