timestame:1619471075.470000000,objid:0,type:0,xpos:0.000000,ypos:0.000000,xspeed:-9.450000,yspeed:-0.430000,angle:-18.000000,distense:38.800000,rcs:12.000000
timestame:1619471075.470000000,objid:3,type:0,xpos:0.000000,ypos:0.000000,xspeed:-8.410000,yspeed:-0.050000,angle:-7.990000,distense:82.000000,rcs:20.000000
timestame:1619471075.470000000,objid:5,type:0,xpos:0.000000,ypos:0.000000,xspeed:-9.300000,yspeed:-0.050000,angle:-11.760000,distense:61.600000,rcs:22.000000
timestame:1619471075.470000000,objid:6,type:0,xpos:0.000000,ypos:0.000000,xspeed:-5.080000,yspeed:-0.280000,angle:-15.680000,distense:61.200000,rcs:24.000000
