timestame:1619469684.447000000,objid:2,type:0,xpos:0.000000,ypos:0.000000,xspeed:-1.450000,yspeed:5.060000,angle:-18.000000,distense:51.600000,rcs:12.000000
timestame:1619469684.447000000,objid:4,type:0,xpos:0.000000,ypos:0.000000,xspeed:-1.180000,yspeed:7.000000,angle:-18.000000,distense:53.200000,rcs:16.000000
