timestame:1619470136.506000000,objid:7,type:0,xpos:0.000000,ypos:0.000000,xspeed:-4.390000,yspeed:-0.160000,angle:-9.630000,distense:76.200000,rcs:15.000000
timestame:1619470136.506000000,objid:8,type:0,xpos:0.000000,ypos:0.000000,xspeed:3.270000,yspeed:3.650000,angle:-8.150000,distense:42.400000,rcs:6.000000
