timestame:1619470039.508000000,objid:0,type:0,xpos:0.000000,ypos:0.000000,xspeed:1.930000,yspeed:0.670000,angle:11.020000,distense:32.200000,rcs:20.000000
timestame:1619470039.508000000,objid:1,type:0,xpos:0.000000,ypos:0.000000,xspeed:11.260000,yspeed:-0.010000,angle:1.390000,distense:126.600000,rcs:13.000000
timestame:1619470039.508000000,objid:3,type:0,xpos:0.000000,ypos:0.000000,xspeed:12.790000,yspeed:0.160000,angle:1.910000,distense:98.600000,rcs:26.000000
timestame:1619470039.508000000,objid:5,type:0,xpos:0.000000,ypos:0.000000,xspeed:3.720000,yspeed:0.050000,angle:7.720000,distense:31.000000,rcs:37.000000
