timestame:1619470876.665000000,objid:4,type:0,xpos:0.000000,ypos:0.000000,xspeed:2.700000,yspeed:0.270000,angle:2.110000,distense:29.000000,rcs:9.000000
timestame:1619470876.665000000,objid:11,type:0,xpos:0.000000,ypos:0.000000,xspeed:-4.120000,yspeed:-3.390000,angle:12.470000,distense:39.800000,rcs:29.000000
timestame:1619470876.665000000,objid:12,type:0,xpos:0.000000,ypos:0.000000,xspeed:1.940000,yspeed:-2.800000,angle:-3.700000,distense:51.800000,rcs:12.000000
timestame:1619470876.665000000,objid:14,type:0,xpos:0.000000,ypos:0.000000,xspeed:-6.670000,yspeed:-0.660000,angle:-7.150000,distense:101.800000,rcs:12.000000
