timestame:1619470941.097000000,objid:1,type:0,xpos:0.000000,ypos:0.000000,xspeed:-4.710000,yspeed:-0.120000,angle:-14.970000,distense:62.600000,rcs:18.000000
timestame:1619470941.097000000,objid:5,type:0,xpos:0.000000,ypos:0.000000,xspeed:-5.350000,yspeed:0.840000,angle:-14.380000,distense:65.800000,rcs:22.000000
timestame:1619470941.097000000,objid:10,type:0,xpos:0.000000,ypos:0.000000,xspeed:-4.250000,yspeed:0.280000,angle:-11.020000,distense:64.000000,rcs:20.000000
