timestame:1619471305.727000000,objid:0,type:0,xpos:0.000000,ypos:0.000000,xspeed:4.970000,yspeed:-0.140000,angle:19.570000,distense:21.200000,rcs:12.000000
timestame:1619471305.727000000,objid:1,type:0,xpos:0.000000,ypos:0.000000,xspeed:-7.880000,yspeed:4.320000,angle:-18.000000,distense:36.400000,rcs:12.000000
