timestame:1619470777.033000000,objid:0,type:0,xpos:0.000000,ypos:0.000000,xspeed:19.980000,yspeed:1.410000,angle:1.500000,distense:211.600000,rcs:9.000000
timestame:1619470777.033000000,objid:1,type:0,xpos:0.000000,ypos:0.000000,xspeed:-7.400000,yspeed:-0.940000,angle:-9.810000,distense:98.200000,rcs:20.000000
timestame:1619470777.033000000,objid:3,type:0,xpos:0.000000,ypos:0.000000,xspeed:4.960000,yspeed:0.110000,angle:-10.650000,distense:49.600000,rcs:20.000000
timestame:1619470777.033000000,objid:4,type:0,xpos:0.000000,ypos:0.000000,xspeed:12.080000,yspeed:-6.640000,angle:-6.210000,distense:52.000000,rcs:13.000000
