timestame:1619471447.700000000,objid:3,type:0,xpos:0.000000,ypos:0.000000,xspeed:-3.370000,yspeed:-0.070000,angle:-5.720000,distense:110.800000,rcs:20.000000
timestame:1619471447.700000000,objid:11,type:0,xpos:0.000000,ypos:0.000000,xspeed:-3.090000,yspeed:-0.630000,angle:-7.720000,distense:100.600000,rcs:13.000000
timestame:1619471447.700000000,objid:13,type:0,xpos:0.000000,ypos:0.000000,xspeed:-2.990000,yspeed:0.040000,angle:15.550000,distense:50.400000,rcs:12.000000
