timestame:1619470275.392000000,objid:1,type:0,xpos:0.000000,ypos:0.000000,xspeed:-10.530000,yspeed:-0.110000,angle:-4.870000,distense:109.600000,rcs:9.000000
timestame:1619470275.392000000,objid:2,type:0,xpos:0.000000,ypos:0.000000,xspeed:-1.030000,yspeed:0.370000,angle:-6.710000,distense:93.000000,rcs:6.000000
