timestame:1619470228.775000000,objid:2,type:0,xpos:0.000000,ypos:0.000000,xspeed:-1.370000,yspeed:-3.150000,angle:-13.780000,distense:41.400000,rcs:29.000000
timestame:1619470228.775000000,objid:8,type:0,xpos:0.000000,ypos:0.000000,xspeed:-1.820000,yspeed:-2.630000,angle:-18.000000,distense:39.600000,rcs:25.000000
timestame:1619470228.775000000,objid:11,type:0,xpos:0.000000,ypos:0.000000,xspeed:-10.250000,yspeed:-5.460000,angle:-4.300000,distense:177.400000,rcs:9.000000
