timestame:1619470478.764000000,objid:0,type:0,xpos:0.000000,ypos:0.000000,xspeed:-7.470000,yspeed:-0.270000,angle:-6.310000,distense:104.400000,rcs:22.000000
timestame:1619470478.764000000,objid:2,type:0,xpos:0.000000,ypos:0.000000,xspeed:1.490000,yspeed:-0.410000,angle:12.340000,distense:77.000000,rcs:6.000000
