timestame:1619470763.263000000,objid:0,type:0,xpos:0.000000,ypos:0.000000,xspeed:-4.110000,yspeed:-3.570000,angle:-18.000000,distense:31.600000,rcs:6.000000
timestame:1619470763.263000000,objid:1,type:0,xpos:0.000000,ypos:0.000000,xspeed:-1.770000,yspeed:-2.110000,angle:-18.000000,distense:35.400000,rcs:6.000000
timestame:1619470763.263000000,objid:4,type:0,xpos:0.000000,ypos:0.000000,xspeed:-2.260000,yspeed:-1.840000,angle:-18.000000,distense:33.400000,rcs:24.000000
timestame:1619470763.263000000,objid:9,type:0,xpos:0.000000,ypos:0.000000,xspeed:4.960000,yspeed:0.080000,angle:1.850000,distense:26.400000,rcs:28.000000
