timestame:1619470164.509000000,objid:3,type:0,xpos:0.000000,ypos:0.000000,xspeed:5.830000,yspeed:0.480000,angle:7.480000,distense:48.600000,rcs:39.000000
timestame:1619470164.509000000,objid:6,type:0,xpos:0.000000,ypos:0.000000,xspeed:1.500000,yspeed:0.300000,angle:1.720000,distense:22.400000,rcs:30.000000
