timestame:1619470735.988000000,objid:0,type:0,xpos:0.000000,ypos:0.000000,xspeed:-20.400000,yspeed:0.000000,angle:-3.370000,distense:184.400000,rcs:12.000000
timestame:1619470735.988000000,objid:1,type:0,xpos:0.000000,ypos:0.000000,xspeed:12.050000,yspeed:-0.220000,angle:1.430000,distense:98.200000,rcs:6.000000
timestame:1619470735.988000000,objid:6,type:0,xpos:0.000000,ypos:0.000000,xspeed:12.050000,yspeed:0.170000,angle:1.830000,distense:87.400000,rcs:40.000000
