timestame:1619471451.055000000,objid:3,type:0,xpos:0.000000,ypos:0.000000,xspeed:-2.440000,yspeed:-0.230000,angle:-6.480000,distense:102.600000,rcs:18.000000
timestame:1619471451.055000000,objid:11,type:0,xpos:0.000000,ypos:0.000000,xspeed:-1.850000,yspeed:0.300000,angle:-7.620000,distense:94.400000,rcs:12.000000
timestame:1619471451.055000000,objid:13,type:0,xpos:0.000000,ypos:0.000000,xspeed:-3.660000,yspeed:-0.130000,angle:20.350000,distense:38.400000,rcs:15.000000
