timestame:1619471365.322000000,objid:1,type:0,xpos:0.000000,ypos:0.000000,xspeed:6.370000,yspeed:-0.830000,angle:3.360000,distense:102.400000,rcs:20.000000
timestame:1619471365.322000000,objid:2,type:0,xpos:0.000000,ypos:0.000000,xspeed:7.470000,yspeed:-0.180000,angle:3.470000,distense:108.000000,rcs:19.000000
timestame:1619471365.322000000,objid:4,type:0,xpos:0.000000,ypos:0.000000,xspeed:6.710000,yspeed:0.150000,angle:4.620000,distense:99.800000,rcs:6.000000
timestame:1619471365.322000000,objid:7,type:0,xpos:0.000000,ypos:0.000000,xspeed:11.300000,yspeed:0.380000,angle:1.740000,distense:133.000000,rcs:22.000000
