timestame:1619470013.572000000,objid:0,type:0,xpos:0.000000,ypos:0.000000,xspeed:-1.710000,yspeed:-1.470000,angle:-18.000000,distense:33.000000,rcs:15.000000
timestame:1619470013.572000000,objid:1,type:0,xpos:0.000000,ypos:0.000000,xspeed:-1.180000,yspeed:1.270000,angle:18.420000,distense:42.800000,rcs:31.000000
timestame:1619470013.572000000,objid:8,type:0,xpos:0.000000,ypos:0.000000,xspeed:3.230000,yspeed:-5.940000,angle:-0.630000,distense:60.400000,rcs:9.000000
