timestame:1619470128.437000000,objid:2,type:0,xpos:0.000000,ypos:0.000000,xspeed:14.530000,yspeed:5.780000,angle:13.680000,distense:30.800000,rcs:19.000000
timestame:1619470128.437000000,objid:6,type:0,xpos:0.000000,ypos:0.000000,xspeed:-23.900000,yspeed:0.000000,angle:-16.900000,distense:17.400000,rcs:16.000000
timestame:1619470128.437000000,objid:7,type:0,xpos:0.000000,ypos:0.000000,xspeed:-10.140000,yspeed:0.780000,angle:-4.390000,distense:125.600000,rcs:9.000000
timestame:1619470128.437000000,objid:9,type:0,xpos:0.000000,ypos:0.000000,xspeed:5.460000,yspeed:1.720000,angle:-16.220000,distense:21.000000,rcs:13.000000
