timestame:1619471063.863000000,objid:0,type:0,xpos:0.000000,ypos:0.000000,xspeed:-7.050000,yspeed:0.670000,angle:-4.730000,distense:117.800000,rcs:18.000000
timestame:1619471063.863000000,objid:3,type:0,xpos:0.000000,ypos:0.000000,xspeed:-8.490000,yspeed:-4.520000,angle:-4.330000,distense:166.800000,rcs:9.000000
timestame:1619471063.863000000,objid:9,type:0,xpos:0.000000,ypos:0.000000,xspeed:-1.640000,yspeed:-0.060000,angle:-9.930000,distense:74.200000,rcs:21.000000
