timestame:1619471406.083000000,objid:5,type:0,xpos:0.000000,ypos:0.000000,xspeed:-17.170000,yspeed:-1.210000,angle:8.000000,distense:159.400000,rcs:6.000000
timestame:1619471406.083000000,objid:10,type:0,xpos:0.000000,ypos:0.000000,xspeed:-1.260000,yspeed:-0.450000,angle:-14.970000,distense:45.000000,rcs:6.000000
