timestame:1619470700.328000000,objid:1,type:0,xpos:0.000000,ypos:0.000000,xspeed:8.910000,yspeed:0.240000,angle:4.140000,distense:99.000000,rcs:13.000000
timestame:1619470700.328000000,objid:2,type:0,xpos:0.000000,ypos:0.000000,xspeed:-8.960000,yspeed:1.920000,angle:-10.170000,distense:102.600000,rcs:18.000000
