timestame:1619469526.445000000,objid:2,type:0,xpos:0.000000,ypos:0.000000,xspeed:2.870000,yspeed:-2.990000,angle:-15.940000,distense:58.000000,rcs:30.000000
timestame:1619469526.445000000,objid:3,type:0,xpos:0.000000,ypos:0.000000,xspeed:-1.320000,yspeed:-0.270000,angle:-18.000000,distense:61.400000,rcs:19.000000
timestame:1619469526.445000000,objid:7,type:0,xpos:0.000000,ypos:0.000000,xspeed:4.440000,yspeed:-1.140000,angle:-7.770000,distense:61.000000,rcs:6.000000
timestame:1619469526.445000000,objid:11,type:0,xpos:0.000000,ypos:0.000000,xspeed:1.820000,yspeed:-4.900000,angle:-18.000000,distense:68.800000,rcs:12.000000
