timestame:1619469657.078000000,objid:1,type:0,xpos:0.000000,ypos:0.000000,xspeed:2.530000,yspeed:3.640000,angle:-5.560000,distense:44.000000,rcs:6.000000
timestame:1619469657.078000000,objid:7,type:0,xpos:0.000000,ypos:0.000000,xspeed:24.240000,yspeed:0.350000,angle:0.980000,distense:188.000000,rcs:18.000000
timestame:1619469657.078000000,objid:8,type:0,xpos:0.000000,ypos:0.000000,xspeed:2.940000,yspeed:2.580000,angle:-13.010000,distense:38.200000,rcs:13.000000
