timestame:1619471563.275000000,objid:3,type:0,xpos:0.000000,ypos:0.000000,xspeed:-2.230000,yspeed:-2.610000,angle:-18.000000,distense:32.600000,rcs:13.000000
timestame:1619471563.275000000,objid:5,type:0,xpos:0.000000,ypos:0.000000,xspeed:-2.890000,yspeed:-0.300000,angle:-18.000000,distense:29.600000,rcs:21.000000
timestame:1619471563.275000000,objid:6,type:0,xpos:0.000000,ypos:0.000000,xspeed:7.590000,yspeed:-7.110000,angle:-18.000000,distense:64.800000,rcs:6.000000
timestame:1619471563.275000000,objid:10,type:0,xpos:0.000000,ypos:0.000000,xspeed:2.230000,yspeed:2.920000,angle:-14.730000,distense:61.600000,rcs:16.000000
