timestame:1619470110.634000000,objid:4,type:0,xpos:0.000000,ypos:0.000000,xspeed:23.000000,yspeed:-1.410000,angle:-17.860000,distense:23.200000,rcs:13.000000
timestame:1619470110.634000000,objid:5,type:0,xpos:0.000000,ypos:0.000000,xspeed:3.160000,yspeed:3.720000,angle:-9.760000,distense:39.600000,rcs:15.000000
timestame:1619470110.634000000,objid:6,type:0,xpos:0.000000,ypos:0.000000,xspeed:-7.420000,yspeed:-0.920000,angle:16.590000,distense:25.400000,rcs:6.000000
