timestame:1619470831.277000000,objid:1,type:0,xpos:0.000000,ypos:0.000000,xspeed:9.180000,yspeed:0.220000,angle:3.280000,distense:106.200000,rcs:20.000000
timestame:1619470831.277000000,objid:2,type:0,xpos:0.000000,ypos:0.000000,xspeed:7.360000,yspeed:-0.110000,angle:2.910000,distense:109.800000,rcs:18.000000
timestame:1619470831.277000000,objid:3,type:0,xpos:0.000000,ypos:0.000000,xspeed:8.600000,yspeed:0.020000,angle:3.840000,distense:98.400000,rcs:21.000000
timestame:1619470831.277000000,objid:6,type:0,xpos:0.000000,ypos:0.000000,xspeed:11.520000,yspeed:-0.020000,angle:1.340000,distense:135.800000,rcs:16.000000
