timestame:1619470443.883000000,objid:1,type:0,xpos:0.000000,ypos:0.000000,xspeed:17.000000,yspeed:0.210000,angle:1.660000,distense:123.400000,rcs:13.000000
timestame:1619470443.883000000,objid:2,type:0,xpos:0.000000,ypos:0.000000,xspeed:3.890000,yspeed:-0.060000,angle:8.220000,distense:90.000000,rcs:12.000000
