timestame:1619469692.192000000,objid:2,type:0,xpos:0.000000,ypos:0.000000,xspeed:1.460000,yspeed:-7.690000,angle:-14.720000,distense:62.800000,rcs:15.000000
timestame:1619469692.192000000,objid:3,type:0,xpos:0.000000,ypos:0.000000,xspeed:1.160000,yspeed:-2.440000,angle:-17.350000,distense:47.800000,rcs:6.000000
timestame:1619469692.192000000,objid:4,type:0,xpos:0.000000,ypos:0.000000,xspeed:1.220000,yspeed:-5.400000,angle:13.720000,distense:45.600000,rcs:29.000000
timestame:1619469692.192000000,objid:13,type:0,xpos:0.000000,ypos:0.000000,xspeed:-1.620000,yspeed:6.760000,angle:21.920000,distense:35.200000,rcs:6.000000
