timestame:1619470217.245000000,objid:6,type:0,xpos:0.000000,ypos:0.000000,xspeed:-1.710000,yspeed:0.230000,angle:-18.000000,distense:48.200000,rcs:9.000000
timestame:1619470217.245000000,objid:8,type:0,xpos:0.000000,ypos:0.000000,xspeed:-1.200000,yspeed:9.680000,angle:13.740000,distense:40.000000,rcs:33.000000
timestame:1619470217.245000000,objid:14,type:0,xpos:0.000000,ypos:0.000000,xspeed:-3.390000,yspeed:7.570000,angle:-12.170000,distense:45.400000,rcs:18.000000
