timestame:1619470644.534000000,objid:2,type:0,xpos:0.000000,ypos:0.000000,xspeed:-6.370000,yspeed:-0.130000,angle:-5.270000,distense:159.400000,rcs:15.000000
timestame:1619470644.534000000,objid:5,type:0,xpos:0.000000,ypos:0.000000,xspeed:5.150000,yspeed:0.960000,angle:19.950000,distense:52.000000,rcs:6.000000
timestame:1619470644.534000000,objid:8,type:0,xpos:0.000000,ypos:0.000000,xspeed:-1.890000,yspeed:-2.560000,angle:9.850000,distense:86.400000,rcs:24.000000
