timestame:1619470086.743000000,objid:6,type:0,xpos:0.000000,ypos:0.000000,xspeed:1.810000,yspeed:-5.240000,angle:10.940000,distense:49.400000,rcs:6.000000
timestame:1619470086.743000000,objid:13,type:0,xpos:0.000000,ypos:0.000000,xspeed:5.530000,yspeed:-6.680000,angle:3.330000,distense:44.600000,rcs:6.000000
timestame:1619470086.743000000,objid:16,type:0,xpos:0.000000,ypos:0.000000,xspeed:-2.640000,yspeed:2.400000,angle:-6.570000,distense:49.400000,rcs:9.000000
timestame:1619470086.743000000,objid:17,type:0,xpos:0.000000,ypos:0.000000,xspeed:3.570000,yspeed:1.640000,angle:-11.430000,distense:59.600000,rcs:12.000000
