timestame:1619469954.006000000,objid:6,type:0,xpos:0.000000,ypos:0.000000,xspeed:4.720000,yspeed:-6.050000,angle:-4.220000,distense:45.200000,rcs:12.000000
timestame:1619469954.006000000,objid:10,type:0,xpos:0.000000,ypos:0.000000,xspeed:-4.410000,yspeed:9.150000,angle:-2.590000,distense:37.800000,rcs:6.000000
timestame:1619469954.006000000,objid:14,type:0,xpos:0.000000,ypos:0.000000,xspeed:-3.600000,yspeed:9.170000,angle:1.750000,distense:37.000000,rcs:16.000000
timestame:1619469954.006000000,objid:15,type:0,xpos:0.000000,ypos:0.000000,xspeed:4.710000,yspeed:6.500000,angle:20.920000,distense:17.400000,rcs:12.000000
