timestame:1619471562.284000000,objid:0,type:0,xpos:0.000000,ypos:0.000000,xspeed:-4.400000,yspeed:-2.940000,angle:-18.000000,distense:29.600000,rcs:6.000000
timestame:1619471562.284000000,objid:3,type:0,xpos:0.000000,ypos:0.000000,xspeed:-1.980000,yspeed:-3.240000,angle:-18.000000,distense:34.200000,rcs:20.000000
timestame:1619471562.284000000,objid:5,type:0,xpos:0.000000,ypos:0.000000,xspeed:-4.340000,yspeed:-2.330000,angle:-18.000000,distense:31.400000,rcs:9.000000
timestame:1619471562.284000000,objid:10,type:0,xpos:0.000000,ypos:0.000000,xspeed:2.600000,yspeed:2.960000,angle:-17.600000,distense:60.600000,rcs:20.000000
