timestame:1619471080.252000000,objid:1,type:0,xpos:0.000000,ypos:0.000000,xspeed:-7.270000,yspeed:-0.370000,angle:-18.000000,distense:37.000000,rcs:20.000000
timestame:1619471080.252000000,objid:6,type:0,xpos:0.000000,ypos:0.000000,xspeed:-6.110000,yspeed:-0.180000,angle:-18.000000,distense:35.200000,rcs:21.000000
timestame:1619471080.252000000,objid:7,type:0,xpos:0.000000,ypos:0.000000,xspeed:-11.800000,yspeed:0.380000,angle:-18.000000,distense:32.600000,rcs:16.000000
timestame:1619471080.252000000,objid:10,type:0,xpos:0.000000,ypos:0.000000,xspeed:6.810000,yspeed:0.800000,angle:0.840000,distense:31.200000,rcs:12.000000
