timestame:1619470521.605000000,objid:0,type:0,xpos:0.000000,ypos:0.000000,xspeed:2.620000,yspeed:0.000000,angle:-12.670000,distense:44.000000,rcs:12.000000
timestame:1619470521.605000000,objid:3,type:0,xpos:0.000000,ypos:0.000000,xspeed:-1.800000,yspeed:6.760000,angle:20.430000,distense:43.400000,rcs:6.000000
timestame:1619470521.605000000,objid:4,type:0,xpos:0.000000,ypos:0.000000,xspeed:-1.800000,yspeed:5.780000,angle:-17.970000,distense:43.000000,rcs:6.000000
