timestame:1619470330.419000000,objid:0,type:0,xpos:0.000000,ypos:0.000000,xspeed:16.390000,yspeed:-0.460000,angle:0.320000,distense:184.800000,rcs:28.000000
timestame:1619470330.419000000,objid:2,type:0,xpos:0.000000,ypos:0.000000,xspeed:9.920000,yspeed:0.400000,angle:1.140000,distense:206.400000,rcs:21.000000
timestame:1619470330.419000000,objid:4,type:0,xpos:0.000000,ypos:0.000000,xspeed:-1.520000,yspeed:0.440000,angle:14.180000,distense:67.000000,rcs:6.000000
