timestame:1619470946.118000000,objid:1,type:0,xpos:0.000000,ypos:0.000000,xspeed:-7.620000,yspeed:-0.240000,angle:-18.000000,distense:28.400000,rcs:9.000000
timestame:1619470946.118000000,objid:5,type:0,xpos:0.000000,ypos:0.000000,xspeed:-6.610000,yspeed:-0.450000,angle:-18.000000,distense:36.600000,rcs:6.000000
timestame:1619470946.118000000,objid:7,type:0,xpos:0.000000,ypos:0.000000,xspeed:-6.300000,yspeed:-0.260000,angle:-18.000000,distense:34.400000,rcs:6.000000
