timestame:1619471463.917000000,objid:0,type:0,xpos:0.000000,ypos:0.000000,xspeed:-3.620000,yspeed:-10.660000,angle:-11.460000,distense:83.400000,rcs:18.000000
timestame:1619471463.917000000,objid:1,type:0,xpos:0.000000,ypos:0.000000,xspeed:-4.930000,yspeed:-0.520000,angle:-6.270000,distense:109.400000,rcs:18.000000
timestame:1619471463.917000000,objid:3,type:0,xpos:0.000000,ypos:0.000000,xspeed:-6.920000,yspeed:-0.620000,angle:-5.540000,distense:171.400000,rcs:18.000000
