timestame:1619470733.508000000,objid:1,type:0,xpos:0.000000,ypos:0.000000,xspeed:12.210000,yspeed:0.560000,angle:3.180000,distense:68.800000,rcs:19.000000
timestame:1619470733.508000000,objid:6,type:0,xpos:0.000000,ypos:0.000000,xspeed:12.440000,yspeed:0.610000,angle:2.610000,distense:58.000000,rcs:35.000000
