timestame:1619470533.295000000,objid:1,type:0,xpos:0.000000,ypos:0.000000,xspeed:-9.490000,yspeed:0.550000,angle:-7.660000,distense:105.200000,rcs:12.000000
timestame:1619470533.295000000,objid:2,type:0,xpos:0.000000,ypos:0.000000,xspeed:-7.950000,yspeed:-4.590000,angle:-7.470000,distense:119.000000,rcs:16.000000
timestame:1619470533.295000000,objid:3,type:0,xpos:0.000000,ypos:0.000000,xspeed:-4.280000,yspeed:-6.390000,angle:-8.200000,distense:110.400000,rcs:9.000000
