timestame:1619469854.681000000,objid:0,type:0,xpos:0.000000,ypos:0.000000,xspeed:3.540000,yspeed:-4.100000,angle:1.090000,distense:50.800000,rcs:12.000000
timestame:1619469854.681000000,objid:4,type:0,xpos:0.000000,ypos:0.000000,xspeed:-1.010000,yspeed:13.120000,angle:-10.420000,distense:50.800000,rcs:12.000000
timestame:1619469854.681000000,objid:10,type:0,xpos:0.000000,ypos:0.000000,xspeed:-11.530000,yspeed:-0.080000,angle:-4.510000,distense:143.400000,rcs:12.000000
