timestame:1619470982.472000000,objid:0,type:0,xpos:0.000000,ypos:0.000000,xspeed:8.050000,yspeed:0.210000,angle:2.330000,distense:170.200000,rcs:24.000000
timestame:1619470982.472000000,objid:1,type:0,xpos:0.000000,ypos:0.000000,xspeed:-15.600000,yspeed:-0.250000,angle:-6.030000,distense:106.200000,rcs:27.000000
timestame:1619470982.472000000,objid:2,type:0,xpos:0.000000,ypos:0.000000,xspeed:-15.660000,yspeed:-3.750000,angle:-3.800000,distense:156.600000,rcs:9.000000
timestame:1619470982.472000000,objid:3,type:0,xpos:0.000000,ypos:0.000000,xspeed:3.170000,yspeed:-2.970000,angle:15.250000,distense:65.600000,rcs:18.000000
