timestame:1619469631.882000000,objid:2,type:0,xpos:0.000000,ypos:0.000000,xspeed:-6.320000,yspeed:-0.460000,angle:-18.000000,distense:28.800000,rcs:6.000000
timestame:1619469631.882000000,objid:6,type:0,xpos:0.000000,ypos:0.000000,xspeed:-9.720000,yspeed:-0.180000,angle:-7.070000,distense:68.400000,rcs:18.000000
timestame:1619469631.882000000,objid:7,type:0,xpos:0.000000,ypos:0.000000,xspeed:-6.860000,yspeed:-0.560000,angle:-18.000000,distense:31.800000,rcs:13.000000
