timestame:1619471407.762000000,objid:5,type:0,xpos:0.000000,ypos:0.000000,xspeed:-1.080000,yspeed:6.380000,angle:22.510000,distense:41.200000,rcs:20.000000
timestame:1619471407.762000000,objid:7,type:0,xpos:0.000000,ypos:0.000000,xspeed:-1.250000,yspeed:-3.030000,angle:-7.160000,distense:42.000000,rcs:31.000000
timestame:1619471407.762000000,objid:11,type:0,xpos:0.000000,ypos:0.000000,xspeed:-13.700000,yspeed:-11.300000,angle:-1.030000,distense:134.800000,rcs:6.000000
timestame:1619471407.762000000,objid:12,type:0,xpos:0.000000,ypos:0.000000,xspeed:-10.200000,yspeed:0.000000,angle:-3.440000,distense:209.000000,rcs:12.000000
