timestame:1619471520.593000000,objid:7,type:0,xpos:0.000000,ypos:0.000000,xspeed:16.710000,yspeed:0.240000,angle:1.380000,distense:225.600000,rcs:25.000000
timestame:1619471520.593000000,objid:10,type:0,xpos:0.000000,ypos:0.000000,xspeed:16.670000,yspeed:0.340000,angle:1.400000,distense:214.800000,rcs:25.000000
