timestame:1619470193.998000000,objid:1,type:0,xpos:0.000000,ypos:0.000000,xspeed:1.640000,yspeed:1.060000,angle:6.280000,distense:140.400000,rcs:21.000000
timestame:1619470193.998000000,objid:4,type:0,xpos:0.000000,ypos:0.000000,xspeed:-3.820000,yspeed:7.740000,angle:6.040000,distense:153.400000,rcs:6.000000
