timestame:1619470190.050000000,objid:2,type:0,xpos:0.000000,ypos:0.000000,xspeed:-5.870000,yspeed:3.430000,angle:-2.840000,distense:51.000000,rcs:28.000000
timestame:1619470190.050000000,objid:7,type:0,xpos:0.000000,ypos:0.000000,xspeed:3.660000,yspeed:0.460000,angle:6.070000,distense:138.000000,rcs:16.000000
