timestame:1619470074.632000000,objid:3,type:0,xpos:0.000000,ypos:0.000000,xspeed:-1.230000,yspeed:2.110000,angle:21.420000,distense:47.800000,rcs:22.000000
timestame:1619470074.632000000,objid:4,type:0,xpos:0.000000,ypos:0.000000,xspeed:-1.210000,yspeed:1.930000,angle:-14.640000,distense:42.800000,rcs:20.000000
timestame:1619470074.632000000,objid:8,type:0,xpos:0.000000,ypos:0.000000,xspeed:1.320000,yspeed:3.130000,angle:-4.300000,distense:44.600000,rcs:6.000000
