timestame:1619470791.382000000,objid:0,type:0,xpos:0.000000,ypos:0.000000,xspeed:1.460000,yspeed:0.140000,angle:1.900000,distense:19.200000,rcs:35.000000
timestame:1619470791.382000000,objid:2,type:0,xpos:0.000000,ypos:0.000000,xspeed:1.290000,yspeed:-7.740000,angle:-16.080000,distense:47.200000,rcs:21.000000
