timestame:1619470779.757000000,objid:2,type:0,xpos:0.000000,ypos:0.000000,xspeed:1.940000,yspeed:-4.340000,angle:3.510000,distense:43.400000,rcs:34.000000
timestame:1619470779.757000000,objid:4,type:0,xpos:0.000000,ypos:0.000000,xspeed:-2.020000,yspeed:-0.810000,angle:-1.990000,distense:45.600000,rcs:9.000000
timestame:1619470779.757000000,objid:13,type:0,xpos:0.000000,ypos:0.000000,xspeed:-40.210000,yspeed:0.260000,angle:19.510000,distense:34.600000,rcs:32.000000
