timestame:1619469699.067000000,objid:2,type:0,xpos:0.000000,ypos:0.000000,xspeed:-1.880000,yspeed:-2.460000,angle:-18.000000,distense:42.000000,rcs:21.000000
timestame:1619469699.067000000,objid:5,type:0,xpos:0.000000,ypos:0.000000,xspeed:-4.900000,yspeed:-3.250000,angle:-18.000000,distense:39.200000,rcs:15.000000
timestame:1619469699.067000000,objid:8,type:0,xpos:0.000000,ypos:0.000000,xspeed:4.700000,yspeed:8.270000,angle:-8.180000,distense:46.200000,rcs:18.000000
