timestame:1619471036.215000000,objid:2,type:0,xpos:0.000000,ypos:0.000000,xspeed:-1.680000,yspeed:-4.340000,angle:-14.490000,distense:42.800000,rcs:9.000000
timestame:1619471036.215000000,objid:3,type:0,xpos:0.000000,ypos:0.000000,xspeed:1.730000,yspeed:-3.380000,angle:-16.670000,distense:48.000000,rcs:19.000000
timestame:1619471036.215000000,objid:7,type:0,xpos:0.000000,ypos:0.000000,xspeed:-1.800000,yspeed:-8.600000,angle:-7.810000,distense:76.200000,rcs:6.000000
timestame:1619471036.215000000,objid:8,type:0,xpos:0.000000,ypos:0.000000,xspeed:-2.280000,yspeed:-0.670000,angle:-18.000000,distense:32.000000,rcs:6.000000
