timestame:1619471461.737000000,objid:1,type:0,xpos:0.000000,ypos:0.000000,xspeed:-6.280000,yspeed:-1.280000,angle:-5.650000,distense:119.800000,rcs:15.000000
timestame:1619471461.737000000,objid:3,type:0,xpos:0.000000,ypos:0.000000,xspeed:-7.580000,yspeed:-1.820000,angle:-5.180000,distense:186.200000,rcs:12.000000
