timestame:1619471233.660000000,objid:0,type:0,xpos:0.000000,ypos:0.000000,xspeed:7.720000,yspeed:0.010000,angle:1.540000,distense:122.800000,rcs:9.000000
timestame:1619471233.660000000,objid:9,type:0,xpos:0.000000,ypos:0.000000,xspeed:7.150000,yspeed:0.100000,angle:1.610000,distense:112.800000,rcs:29.000000
