timestame:1619470757.225000000,objid:2,type:0,xpos:0.000000,ypos:0.000000,xspeed:-2.300000,yspeed:-1.090000,angle:-18.000000,distense:30.800000,rcs:9.000000
timestame:1619470757.225000000,objid:3,type:0,xpos:0.000000,ypos:0.000000,xspeed:1.190000,yspeed:-5.520000,angle:-1.940000,distense:46.400000,rcs:22.000000
timestame:1619470757.225000000,objid:10,type:0,xpos:0.000000,ypos:0.000000,xspeed:-3.190000,yspeed:-0.590000,angle:-18.000000,distense:26.600000,rcs:9.000000
timestame:1619470757.225000000,objid:11,type:0,xpos:0.000000,ypos:0.000000,xspeed:-2.460000,yspeed:0.160000,angle:-18.000000,distense:25.000000,rcs:9.000000
