timestame:1619469484.254000000,objid:3,type:0,xpos:0.000000,ypos:0.000000,xspeed:2.840000,yspeed:0.310000,angle:12.000000,distense:17.600000,rcs:31.000000
timestame:1619469484.254000000,objid:7,type:0,xpos:0.000000,ypos:0.000000,xspeed:-1.980000,yspeed:0.050000,angle:-10.370000,distense:88.400000,rcs:18.000000
timestame:1619469484.254000000,objid:9,type:0,xpos:0.000000,ypos:0.000000,xspeed:1.510000,yspeed:-0.860000,angle:-7.900000,distense:105.000000,rcs:9.000000
timestame:1619469484.254000000,objid:11,type:0,xpos:0.000000,ypos:0.000000,xspeed:-1.180000,yspeed:-0.750000,angle:-8.810000,distense:82.000000,rcs:23.000000
