timestame:1619469559.534000000,objid:2,type:0,xpos:0.000000,ypos:0.000000,xspeed:-1.030000,yspeed:4.510000,angle:7.830000,distense:34.200000,rcs:9.000000
timestame:1619469559.534000000,objid:13,type:0,xpos:0.000000,ypos:0.000000,xspeed:1.910000,yspeed:-9.200000,angle:-18.000000,distense:60.600000,rcs:9.000000
timestame:1619469559.534000000,objid:14,type:0,xpos:0.000000,ypos:0.000000,xspeed:-3.290000,yspeed:10.470000,angle:-3.780000,distense:48.200000,rcs:12.000000
