timestame:1619470028.121000000,objid:1,type:0,xpos:0.000000,ypos:0.000000,xspeed:4.950000,yspeed:0.520000,angle:1.480000,distense:22.800000,rcs:32.000000
timestame:1619470028.121000000,objid:2,type:0,xpos:0.000000,ypos:0.000000,xspeed:6.120000,yspeed:0.260000,angle:2.360000,distense:38.200000,rcs:35.000000
