timestame:1619470013.511000000,objid:0,type:0,xpos:0.000000,ypos:0.000000,xspeed:-1.700000,yspeed:-1.470000,angle:-18.000000,distense:33.200000,rcs:19.000000
timestame:1619470013.511000000,objid:1,type:0,xpos:0.000000,ypos:0.000000,xspeed:-1.460000,yspeed:0.000000,angle:18.250000,distense:42.800000,rcs:31.000000
timestame:1619470013.511000000,objid:8,type:0,xpos:0.000000,ypos:0.000000,xspeed:3.230000,yspeed:-5.940000,angle:-0.290000,distense:60.200000,rcs:9.000000
