timestame:1619470535.035000000,objid:0,type:0,xpos:0.000000,ypos:0.000000,xspeed:5.630000,yspeed:0.950000,angle:16.530000,distense:27.200000,rcs:27.000000
timestame:1619470535.035000000,objid:1,type:0,xpos:0.000000,ypos:0.000000,xspeed:-13.860000,yspeed:-14.720000,angle:1.390000,distense:31.200000,rcs:6.000000
