timestame:1619470074.262000000,objid:4,type:0,xpos:0.000000,ypos:0.000000,xspeed:-1.200000,yspeed:1.910000,angle:-15.800000,distense:42.800000,rcs:21.000000
timestame:1619470074.262000000,objid:8,type:0,xpos:0.000000,ypos:0.000000,xspeed:1.390000,yspeed:3.110000,angle:-5.230000,distense:43.600000,rcs:6.000000
