timestame:1619470765.922000000,objid:3,type:0,xpos:0.000000,ypos:0.000000,xspeed:1.010000,yspeed:-3.590000,angle:-18.000000,distense:73.200000,rcs:6.000000
timestame:1619470765.922000000,objid:4,type:0,xpos:0.000000,ypos:0.000000,xspeed:-2.370000,yspeed:-1.250000,angle:-18.000000,distense:30.000000,rcs:6.000000
timestame:1619470765.922000000,objid:5,type:0,xpos:0.000000,ypos:0.000000,xspeed:-1.980000,yspeed:-2.050000,angle:-18.000000,distense:34.000000,rcs:6.000000
timestame:1619470765.922000000,objid:9,type:0,xpos:0.000000,ypos:0.000000,xspeed:6.030000,yspeed:0.350000,angle:2.750000,distense:42.800000,rcs:34.000000
