timestame:1619470027.813000000,objid:1,type:0,xpos:0.000000,ypos:0.000000,xspeed:4.790000,yspeed:0.410000,angle:0.940000,distense:21.200000,rcs:30.000000
timestame:1619470027.813000000,objid:2,type:0,xpos:0.000000,ypos:0.000000,xspeed:6.080000,yspeed:0.270000,angle:2.370000,distense:36.400000,rcs:40.000000
