timestame:1619470279.222000000,objid:1,type:0,xpos:0.000000,ypos:0.000000,xspeed:-9.990000,yspeed:-0.060000,angle:-7.110000,distense:71.400000,rcs:18.000000
timestame:1619470279.222000000,objid:2,type:0,xpos:0.000000,ypos:0.000000,xspeed:-13.990000,yspeed:0.000000,angle:-3.250000,distense:208.400000,rcs:20.000000
timestame:1619470279.222000000,objid:3,type:0,xpos:0.000000,ypos:0.000000,xspeed:-3.470000,yspeed:-0.370000,angle:-9.710000,distense:73.200000,rcs:22.000000
timestame:1619470279.222000000,objid:11,type:0,xpos:0.000000,ypos:0.000000,xspeed:-3.080000,yspeed:-0.240000,angle:-11.370000,distense:67.000000,rcs:26.000000
