timestame:1619469486.181000000,objid:1,type:0,xpos:0.000000,ypos:0.000000,xspeed:-3.340000,yspeed:-0.570000,angle:-14.020000,distense:68.600000,rcs:20.000000
timestame:1619469486.181000000,objid:3,type:0,xpos:0.000000,ypos:0.000000,xspeed:1.610000,yspeed:0.080000,angle:10.850000,distense:19.400000,rcs:33.000000
timestame:1619469486.181000000,objid:7,type:0,xpos:0.000000,ypos:0.000000,xspeed:-2.720000,yspeed:-0.060000,angle:-11.310000,distense:82.600000,rcs:18.000000
