timestame:1619469694.358000000,objid:1,type:0,xpos:0.000000,ypos:0.000000,xspeed:-1.560000,yspeed:6.680000,angle:0.560000,distense:41.800000,rcs:29.000000
timestame:1619469694.358000000,objid:6,type:0,xpos:0.000000,ypos:0.000000,xspeed:1.780000,yspeed:-4.500000,angle:15.050000,distense:47.400000,rcs:20.000000
timestame:1619469694.358000000,objid:7,type:0,xpos:0.000000,ypos:0.000000,xspeed:-1.270000,yspeed:9.100000,angle:-3.080000,distense:43.000000,rcs:23.000000
timestame:1619469694.358000000,objid:8,type:0,xpos:0.000000,ypos:0.000000,xspeed:1.940000,yspeed:-7.500000,angle:-18.000000,distense:72.600000,rcs:12.000000
