timestame:1619470751.010000000,objid:8,type:0,xpos:0.000000,ypos:0.000000,xspeed:3.190000,yspeed:-7.690000,angle:22.270000,distense:46.800000,rcs:29.000000
timestame:1619470751.010000000,objid:13,type:0,xpos:0.000000,ypos:0.000000,xspeed:-4.810000,yspeed:-1.240000,angle:-18.000000,distense:31.600000,rcs:9.000000
