timestame:1619470700.883000000,objid:1,type:0,xpos:0.000000,ypos:0.000000,xspeed:9.370000,yspeed:0.150000,angle:3.850000,distense:105.400000,rcs:13.000000
timestame:1619470700.883000000,objid:2,type:0,xpos:0.000000,ypos:0.000000,xspeed:-8.950000,yspeed:0.870000,angle:-10.910000,distense:97.200000,rcs:19.000000
