timestame:1619469752.053000000,objid:1,type:0,xpos:0.000000,ypos:0.000000,xspeed:5.440000,yspeed:2.180000,angle:20.730000,distense:32.200000,rcs:9.000000
timestame:1619469752.053000000,objid:2,type:0,xpos:0.000000,ypos:0.000000,xspeed:24.470000,yspeed:0.000000,angle:18.050000,distense:35.800000,rcs:9.000000
