timestame:1619470645.405000000,objid:2,type:0,xpos:0.000000,ypos:0.000000,xspeed:-6.230000,yspeed:-0.160000,angle:-5.540000,distense:154.000000,rcs:13.000000
timestame:1619470645.405000000,objid:5,type:0,xpos:0.000000,ypos:0.000000,xspeed:-1.750000,yspeed:0.000000,angle:-13.870000,distense:47.400000,rcs:16.000000
timestame:1619470645.405000000,objid:8,type:0,xpos:0.000000,ypos:0.000000,xspeed:-1.890000,yspeed:-4.030000,angle:7.090000,distense:84.200000,rcs:15.000000
timestame:1619470645.405000000,objid:9,type:0,xpos:0.000000,ypos:0.000000,xspeed:-1.510000,yspeed:10.770000,angle:-8.350000,distense:44.200000,rcs:6.000000
