timestame:1619470103.435000000,objid:3,type:0,xpos:0.000000,ypos:0.000000,xspeed:2.610000,yspeed:-13.280000,angle:-18.000000,distense:62.400000,rcs:13.000000
timestame:1619470103.435000000,objid:5,type:0,xpos:0.000000,ypos:0.000000,xspeed:5.820000,yspeed:0.000000,angle:-14.940000,distense:17.200000,rcs:15.000000
timestame:1619470103.435000000,objid:7,type:0,xpos:0.000000,ypos:0.000000,xspeed:-8.980000,yspeed:0.800000,angle:16.360000,distense:28.000000,rcs:15.000000
timestame:1619470103.435000000,objid:11,type:0,xpos:0.000000,ypos:0.000000,xspeed:2.450000,yspeed:0.590000,angle:12.820000,distense:19.000000,rcs:9.000000
