timestame:1619471089.261000000,objid:0,type:0,xpos:0.000000,ypos:0.000000,xspeed:9.860000,yspeed:0.430000,angle:1.880000,distense:85.200000,rcs:26.000000
timestame:1619471089.261000000,objid:1,type:0,xpos:0.000000,ypos:0.000000,xspeed:9.230000,yspeed:0.750000,angle:7.870000,distense:37.200000,rcs:25.000000
timestame:1619471089.261000000,objid:2,type:0,xpos:0.000000,ypos:0.000000,xspeed:5.010000,yspeed:0.390000,angle:2.350000,distense:37.000000,rcs:43.000000
timestame:1619471089.261000000,objid:4,type:0,xpos:0.000000,ypos:0.000000,xspeed:-22.020000,yspeed:-0.900000,angle:-12.090000,distense:65.600000,rcs:12.000000
