timestame:1619470732.893000000,objid:1,type:0,xpos:0.000000,ypos:0.000000,xspeed:12.280000,yspeed:0.530000,angle:3.200000,distense:61.600000,rcs:19.000000
timestame:1619470732.893000000,objid:6,type:0,xpos:0.000000,ypos:0.000000,xspeed:12.510000,yspeed:0.540000,angle:2.450000,distense:50.600000,rcs:41.000000
