timestame:1619470146.322000000,objid:0,type:0,xpos:0.000000,ypos:0.000000,xspeed:2.940000,yspeed:1.970000,angle:-17.160000,distense:37.400000,rcs:6.000000
timestame:1619470146.322000000,objid:1,type:0,xpos:0.000000,ypos:0.000000,xspeed:4.660000,yspeed:3.030000,angle:-17.510000,distense:24.200000,rcs:21.000000
timestame:1619470146.322000000,objid:2,type:0,xpos:0.000000,ypos:0.000000,xspeed:3.530000,yspeed:1.610000,angle:20.770000,distense:33.600000,rcs:13.000000
timestame:1619470146.322000000,objid:3,type:0,xpos:0.000000,ypos:0.000000,xspeed:-1.030000,yspeed:-0.070000,angle:-9.930000,distense:74.800000,rcs:20.000000
