timestame:1619470112.552000000,objid:2,type:0,xpos:0.000000,ypos:0.000000,xspeed:6.470000,yspeed:2.110000,angle:18.350000,distense:32.800000,rcs:21.000000
timestame:1619470112.552000000,objid:3,type:0,xpos:0.000000,ypos:0.000000,xspeed:25.010000,yspeed:5.600000,angle:21.260000,distense:32.200000,rcs:15.000000
timestame:1619470112.552000000,objid:7,type:0,xpos:0.000000,ypos:0.000000,xspeed:6.730000,yspeed:1.290000,angle:21.660000,distense:31.200000,rcs:37.000000
