timestame:1619470795.224000000,objid:3,type:0,xpos:0.000000,ypos:0.000000,xspeed:2.900000,yspeed:2.870000,angle:12.070000,distense:45.600000,rcs:13.000000
timestame:1619470795.224000000,objid:5,type:0,xpos:0.000000,ypos:0.000000,xspeed:2.580000,yspeed:-7.620000,angle:-18.000000,distense:58.800000,rcs:9.000000
timestame:1619470795.224000000,objid:12,type:0,xpos:0.000000,ypos:0.000000,xspeed:1.060000,yspeed:-12.710000,angle:-16.240000,distense:56.000000,rcs:18.000000
