timestame:1619469684.385000000,objid:1,type:0,xpos:0.000000,ypos:0.000000,xspeed:2.170000,yspeed:12.970000,angle:-17.930000,distense:50.400000,rcs:12.000000
timestame:1619469684.385000000,objid:2,type:0,xpos:0.000000,ypos:0.000000,xspeed:-1.560000,yspeed:5.600000,angle:-18.000000,distense:51.400000,rcs:6.000000
timestame:1619469684.385000000,objid:4,type:0,xpos:0.000000,ypos:0.000000,xspeed:-1.280000,yspeed:8.070000,angle:-18.000000,distense:53.200000,rcs:18.000000
