timestame:1619471048.473000000,objid:0,type:0,xpos:0.000000,ypos:0.000000,xspeed:-3.200000,yspeed:-2.500000,angle:-18.000000,distense:31.800000,rcs:21.000000
timestame:1619471048.473000000,objid:3,type:0,xpos:0.000000,ypos:0.000000,xspeed:-2.540000,yspeed:-3.150000,angle:-18.000000,distense:34.400000,rcs:25.000000
timestame:1619471048.473000000,objid:7,type:0,xpos:0.000000,ypos:0.000000,xspeed:-2.200000,yspeed:-0.690000,angle:-18.000000,distense:30.000000,rcs:6.000000
timestame:1619471048.473000000,objid:10,type:0,xpos:0.000000,ypos:0.000000,xspeed:-2.140000,yspeed:-4.220000,angle:-3.500000,distense:62.600000,rcs:9.000000
