timestame:1619470071.776000000,objid:3,type:0,xpos:0.000000,ypos:0.000000,xspeed:-1.500000,yspeed:2.830000,angle:14.150000,distense:49.000000,rcs:33.000000
timestame:1619470071.776000000,objid:4,type:0,xpos:0.000000,ypos:0.000000,xspeed:-1.540000,yspeed:2.650000,angle:18.090000,distense:44.000000,rcs:22.000000
timestame:1619470071.776000000,objid:8,type:0,xpos:0.000000,ypos:0.000000,xspeed:2.480000,yspeed:2.400000,angle:-12.750000,distense:36.800000,rcs:18.000000
