timestame:1619469821.490000000,objid:1,type:0,xpos:0.000000,ypos:0.000000,xspeed:1.250000,yspeed:-6.700000,angle:-18.000000,distense:63.400000,rcs:13.000000
timestame:1619469821.490000000,objid:4,type:0,xpos:0.000000,ypos:0.000000,xspeed:-1.940000,yspeed:11.810000,angle:-16.340000,distense:41.000000,rcs:6.000000
timestame:1619469821.490000000,objid:11,type:0,xpos:0.000000,ypos:0.000000,xspeed:-5.300000,yspeed:-0.340000,angle:-6.110000,distense:141.200000,rcs:9.000000
timestame:1619469821.490000000,objid:16,type:0,xpos:0.000000,ypos:0.000000,xspeed:-2.810000,yspeed:9.650000,angle:21.540000,distense:44.600000,rcs:15.000000
