timestame:1619469762.568000000,objid:3,type:0,xpos:0.000000,ypos:0.000000,xspeed:5.030000,yspeed:0.810000,angle:19.370000,distense:23.400000,rcs:25.000000
timestame:1619469762.568000000,objid:5,type:0,xpos:0.000000,ypos:0.000000,xspeed:-18.380000,yspeed:-0.230000,angle:-14.600000,distense:67.400000,rcs:12.000000
timestame:1619469762.568000000,objid:6,type:0,xpos:0.000000,ypos:0.000000,xspeed:3.340000,yspeed:1.470000,angle:-15.140000,distense:19.000000,rcs:16.000000
