timestame:1619470424.823000000,objid:2,type:0,xpos:0.000000,ypos:0.000000,xspeed:1.590000,yspeed:-0.250000,angle:-14.690000,distense:28.200000,rcs:15.000000
timestame:1619470424.823000000,objid:7,type:0,xpos:0.000000,ypos:0.000000,xspeed:13.400000,yspeed:14.180000,angle:-18.000000,distense:76.600000,rcs:6.000000
timestame:1619470424.823000000,objid:8,type:0,xpos:0.000000,ypos:0.000000,xspeed:3.050000,yspeed:3.990000,angle:-9.320000,distense:43.000000,rcs:6.000000
