timestame:1619470871.581000000,objid:1,type:0,xpos:0.000000,ypos:0.000000,xspeed:-13.650000,yspeed:2.420000,angle:-3.420000,distense:141.600000,rcs:9.000000
timestame:1619470871.581000000,objid:3,type:0,xpos:0.000000,ypos:0.000000,xspeed:2.660000,yspeed:-10.400000,angle:-8.380000,distense:51.400000,rcs:6.000000
timestame:1619470871.581000000,objid:4,type:0,xpos:0.000000,ypos:0.000000,xspeed:4.340000,yspeed:0.740000,angle:2.870000,distense:14.200000,rcs:32.000000
