timestame:1619471232.357000000,objid:0,type:0,xpos:0.000000,ypos:0.000000,xspeed:6.930000,yspeed:-0.110000,angle:1.600000,distense:111.600000,rcs:6.000000
timestame:1619471232.357000000,objid:9,type:0,xpos:0.000000,ypos:0.000000,xspeed:6.910000,yspeed:-0.030000,angle:1.580000,distense:103.000000,rcs:31.000000
