timestame:1619470182.252000000,objid:1,type:0,xpos:0.000000,ypos:0.000000,xspeed:13.350000,yspeed:-0.030000,angle:1.290000,distense:173.400000,rcs:18.000000
timestame:1619470182.252000000,objid:3,type:0,xpos:0.000000,ypos:0.000000,xspeed:-16.030000,yspeed:2.670000,angle:-3.170000,distense:133.600000,rcs:6.000000
timestame:1619470182.252000000,objid:8,type:0,xpos:0.000000,ypos:0.000000,xspeed:8.720000,yspeed:0.510000,angle:4.180000,distense:110.000000,rcs:13.000000
timestame:1619470182.252000000,objid:11,type:0,xpos:0.000000,ypos:0.000000,xspeed:7.990000,yspeed:0.240000,angle:4.850000,distense:98.600000,rcs:35.000000
