timestame:1619470568.333000000,objid:1,type:0,xpos:0.000000,ypos:0.000000,xspeed:4.220000,yspeed:2.570000,angle:-15.310000,distense:31.600000,rcs:22.000000
timestame:1619470568.333000000,objid:3,type:0,xpos:0.000000,ypos:0.000000,xspeed:15.260000,yspeed:0.080000,angle:1.060000,distense:170.800000,rcs:27.000000
timestame:1619470568.333000000,objid:8,type:0,xpos:0.000000,ypos:0.000000,xspeed:3.610000,yspeed:4.350000,angle:-8.850000,distense:45.600000,rcs:12.000000
