timestame:1619470377.193000000,objid:1,type:0,xpos:0.000000,ypos:0.000000,xspeed:-2.280000,yspeed:-2.250000,angle:-18.000000,distense:34.600000,rcs:12.000000
timestame:1619470377.193000000,objid:5,type:0,xpos:0.000000,ypos:0.000000,xspeed:-2.880000,yspeed:-2.340000,angle:-18.000000,distense:35.600000,rcs:19.000000
timestame:1619470377.193000000,objid:8,type:0,xpos:0.000000,ypos:0.000000,xspeed:1.260000,yspeed:-5.850000,angle:-8.790000,distense:66.600000,rcs:15.000000
timestame:1619470377.193000000,objid:18,type:0,xpos:0.000000,ypos:0.000000,xspeed:-5.230000,yspeed:-0.360000,angle:-8.960000,distense:80.800000,rcs:13.000000
