timestame:1619471251.525000000,objid:1,type:0,xpos:0.000000,ypos:0.000000,xspeed:1.740000,yspeed:2.900000,angle:0.600000,distense:75.400000,rcs:16.000000
timestame:1619471251.525000000,objid:3,type:0,xpos:0.000000,ypos:0.000000,xspeed:-17.500000,yspeed:-1.540000,angle:-5.480000,distense:156.200000,rcs:15.000000
