timestame:1619470440.284000000,objid:1,type:0,xpos:0.000000,ypos:0.000000,xspeed:14.890000,yspeed:0.690000,angle:2.540000,distense:62.600000,rcs:29.000000
timestame:1619470440.284000000,objid:2,type:0,xpos:0.000000,ypos:0.000000,xspeed:3.770000,yspeed:-0.090000,angle:9.870000,distense:76.000000,rcs:9.000000
