timestame:1619471451.984000000,objid:3,type:0,xpos:0.000000,ypos:0.000000,xspeed:-2.250000,yspeed:-0.140000,angle:-6.560000,distense:101.000000,rcs:13.000000
timestame:1619471451.984000000,objid:11,type:0,xpos:0.000000,ypos:0.000000,xspeed:-1.450000,yspeed:0.310000,angle:-7.440000,distense:93.600000,rcs:12.000000
timestame:1619471451.984000000,objid:13,type:0,xpos:0.000000,ypos:0.000000,xspeed:-3.860000,yspeed:-0.190000,angle:22.270000,distense:34.600000,rcs:13.000000
