timestame:1619470597.712000000,objid:1,type:0,xpos:0.000000,ypos:0.000000,xspeed:4.510000,yspeed:3.810000,angle:-11.420000,distense:41.000000,rcs:15.000000
timestame:1619470597.712000000,objid:5,type:0,xpos:0.000000,ypos:0.000000,xspeed:4.400000,yspeed:4.400000,angle:-8.750000,distense:52.200000,rcs:6.000000
