timestame:1619470229.638000000,objid:2,type:0,xpos:0.000000,ypos:0.000000,xspeed:-1.430000,yspeed:-3.100000,angle:-17.870000,distense:40.800000,rcs:30.000000
timestame:1619470229.638000000,objid:4,type:0,xpos:0.000000,ypos:0.000000,xspeed:17.190000,yspeed:0.000000,angle:-13.610000,distense:47.400000,rcs:25.000000
timestame:1619470229.638000000,objid:8,type:0,xpos:0.000000,ypos:0.000000,xspeed:-2.070000,yspeed:-2.570000,angle:-18.000000,distense:38.400000,rcs:16.000000
timestame:1619470229.638000000,objid:11,type:0,xpos:0.000000,ypos:0.000000,xspeed:-8.910000,yspeed:-2.120000,angle:-4.270000,distense:170.200000,rcs:16.000000
