timestame:1619470045.145000000,objid:0,type:0,xpos:0.000000,ypos:0.000000,xspeed:6.300000,yspeed:-0.480000,angle:4.390000,distense:71.800000,rcs:16.000000
timestame:1619470045.145000000,objid:3,type:0,xpos:0.000000,ypos:0.000000,xspeed:14.260000,yspeed:0.100000,angle:1.240000,distense:178.200000,rcs:15.000000
timestame:1619470045.145000000,objid:5,type:0,xpos:0.000000,ypos:0.000000,xspeed:6.020000,yspeed:0.390000,angle:5.780000,distense:61.800000,rcs:33.000000
