timestame:1619471098.498000000,objid:2,type:0,xpos:0.000000,ypos:0.000000,xspeed:9.230000,yspeed:0.080000,angle:1.250000,distense:111.200000,rcs:29.000000
timestame:1619471098.498000000,objid:3,type:0,xpos:0.000000,ypos:0.000000,xspeed:-17.730000,yspeed:-1.190000,angle:-18.000000,distense:40.000000,rcs:26.000000
