timestame:1619470732.585000000,objid:0,type:0,xpos:0.000000,ypos:0.000000,xspeed:-13.630000,yspeed:-0.930000,angle:-18.000000,distense:21.800000,rcs:6.000000
timestame:1619470732.585000000,objid:1,type:0,xpos:0.000000,ypos:0.000000,xspeed:12.210000,yspeed:0.670000,angle:3.480000,distense:57.800000,rcs:12.000000
timestame:1619470732.585000000,objid:3,type:0,xpos:0.000000,ypos:0.000000,xspeed:-13.010000,yspeed:-0.560000,angle:-18.000000,distense:20.400000,rcs:6.000000
timestame:1619470732.585000000,objid:6,type:0,xpos:0.000000,ypos:0.000000,xspeed:12.530000,yspeed:0.480000,angle:2.350000,distense:46.800000,rcs:32.000000
