timestame:1619471087.202000000,objid:0,type:0,xpos:0.000000,ypos:0.000000,xspeed:8.450000,yspeed:0.400000,angle:1.670000,distense:64.200000,rcs:33.000000
timestame:1619471087.202000000,objid:4,type:0,xpos:0.000000,ypos:0.000000,xspeed:-23.360000,yspeed:-0.720000,angle:-6.180000,distense:109.000000,rcs:13.000000
timestame:1619471087.202000000,objid:11,type:0,xpos:0.000000,ypos:0.000000,xspeed:3.270000,yspeed:0.100000,angle:2.380000,distense:25.600000,rcs:37.000000
