timestame:1619470772.745000000,objid:0,type:0,xpos:0.000000,ypos:0.000000,xspeed:-9.650000,yspeed:-0.110000,angle:-6.580000,distense:128.200000,rcs:20.000000
timestame:1619470772.745000000,objid:1,type:0,xpos:0.000000,ypos:0.000000,xspeed:13.880000,yspeed:0.130000,angle:1.510000,distense:126.800000,rcs:18.000000
