timestame:1619469924.020000000,objid:1,type:0,xpos:0.000000,ypos:0.000000,xspeed:6.080000,yspeed:0.090000,angle:1.370000,distense:153.800000,rcs:12.000000
timestame:1619469924.020000000,objid:8,type:0,xpos:0.000000,ypos:0.000000,xspeed:6.130000,yspeed:0.060000,angle:1.350000,distense:147.000000,rcs:12.000000
