timestame:1619470227.032000000,objid:8,type:0,xpos:0.000000,ypos:0.000000,xspeed:-1.580000,yspeed:-2.590000,angle:-11.230000,distense:41.800000,rcs:25.000000
timestame:1619470227.032000000,objid:11,type:0,xpos:0.000000,ypos:0.000000,xspeed:-10.490000,yspeed:0.000000,angle:-3.350000,distense:194.400000,rcs:9.000000
