timestame:1619470061.052000000,objid:0,type:0,xpos:0.000000,ypos:0.000000,xspeed:-11.250000,yspeed:-0.060000,angle:-6.350000,distense:69.800000,rcs:20.000000
timestame:1619470061.052000000,objid:1,type:0,xpos:0.000000,ypos:0.000000,xspeed:-20.770000,yspeed:1.580000,angle:-4.330000,distense:151.600000,rcs:9.000000
timestame:1619470061.052000000,objid:2,type:0,xpos:0.000000,ypos:0.000000,xspeed:-6.070000,yspeed:-1.310000,angle:-5.760000,distense:78.400000,rcs:26.000000
timestame:1619470061.052000000,objid:5,type:0,xpos:0.000000,ypos:0.000000,xspeed:9.780000,yspeed:0.560000,angle:2.930000,distense:196.000000,rcs:26.000000
