timestame:1619470141.655000000,objid:0,type:0,xpos:0.000000,ypos:0.000000,xspeed:8.620000,yspeed:6.090000,angle:-15.870000,distense:20.200000,rcs:15.000000
timestame:1619470141.655000000,objid:1,type:0,xpos:0.000000,ypos:0.000000,xspeed:1.660000,yspeed:0.430000,angle:16.050000,distense:27.800000,rcs:15.000000
timestame:1619470141.655000000,objid:2,type:0,xpos:0.000000,ypos:0.000000,xspeed:9.250000,yspeed:17.350000,angle:-0.810000,distense:26.800000,rcs:6.000000
timestame:1619470141.655000000,objid:3,type:0,xpos:0.000000,ypos:0.000000,xspeed:8.380000,yspeed:7.700000,angle:-14.700000,distense:42.000000,rcs:6.000000
