timestame:1619469772.088000000,objid:1,type:0,xpos:0.000000,ypos:0.000000,xspeed:3.670000,yspeed:1.220000,angle:-17.060000,distense:24.400000,rcs:26.000000
timestame:1619469772.088000000,objid:3,type:0,xpos:0.000000,ypos:0.000000,xspeed:3.910000,yspeed:1.250000,angle:21.290000,distense:36.000000,rcs:30.000000
timestame:1619469772.088000000,objid:4,type:0,xpos:0.000000,ypos:0.000000,xspeed:2.140000,yspeed:3.670000,angle:-4.720000,distense:48.000000,rcs:6.000000
timestame:1619469772.088000000,objid:7,type:0,xpos:0.000000,ypos:0.000000,xspeed:3.970000,yspeed:1.470000,angle:-16.230000,distense:34.400000,rcs:20.000000
