timestame:1619470224.919000000,objid:6,type:0,xpos:0.000000,ypos:0.000000,xspeed:2.330000,yspeed:0.000000,angle:12.340000,distense:49.800000,rcs:22.000000
timestame:1619470224.919000000,objid:7,type:0,xpos:0.000000,ypos:0.000000,xspeed:1.680000,yspeed:0.940000,angle:-9.720000,distense:50.400000,rcs:6.000000
timestame:1619470224.919000000,objid:9,type:0,xpos:0.000000,ypos:0.000000,xspeed:-2.430000,yspeed:5.520000,angle:14.400000,distense:37.800000,rcs:6.000000
timestame:1619470224.919000000,objid:11,type:0,xpos:0.000000,ypos:0.000000,xspeed:-1.890000,yspeed:6.440000,angle:12.580000,distense:37.800000,rcs:6.000000
