timestame:1619470531.367000000,objid:0,type:0,xpos:0.000000,ypos:0.000000,xspeed:-14.180000,yspeed:0.930000,angle:-6.290000,distense:119.800000,rcs:6.000000
timestame:1619470531.367000000,objid:1,type:0,xpos:0.000000,ypos:0.000000,xspeed:-13.980000,yspeed:6.260000,angle:-6.820000,distense:122.600000,rcs:9.000000
