timestame:1619471364.136000000,objid:1,type:0,xpos:0.000000,ypos:0.000000,xspeed:7.120000,yspeed:6.270000,angle:4.770000,distense:95.800000,rcs:16.000000
timestame:1619471364.136000000,objid:2,type:0,xpos:0.000000,ypos:0.000000,xspeed:6.760000,yspeed:-0.190000,angle:3.970000,distense:98.200000,rcs:15.000000
timestame:1619471364.136000000,objid:4,type:0,xpos:0.000000,ypos:0.000000,xspeed:6.590000,yspeed:0.030000,angle:4.810000,distense:91.600000,rcs:23.000000
timestame:1619471364.136000000,objid:7,type:0,xpos:0.000000,ypos:0.000000,xspeed:10.630000,yspeed:0.090000,angle:1.460000,distense:118.400000,rcs:25.000000
