timestame:1619470113.045000000,objid:3,type:0,xpos:0.000000,ypos:0.000000,xspeed:24.770000,yspeed:7.020000,angle:20.080000,distense:44.400000,rcs:31.000000
timestame:1619470113.045000000,objid:7,type:0,xpos:0.000000,ypos:0.000000,xspeed:6.170000,yspeed:1.750000,angle:22.240000,distense:33.800000,rcs:32.000000
