timestame:1619470493.639000000,objid:2,type:0,xpos:0.000000,ypos:0.000000,xspeed:1.290000,yspeed:-5.290000,angle:11.390000,distense:56.600000,rcs:16.000000
timestame:1619470493.639000000,objid:3,type:0,xpos:0.000000,ypos:0.000000,xspeed:1.570000,yspeed:-4.100000,angle:6.030000,distense:45.600000,rcs:30.000000
