timestame:1619469531.102000000,objid:1,type:0,xpos:0.000000,ypos:0.000000,xspeed:1.890000,yspeed:-4.570000,angle:-18.000000,distense:75.200000,rcs:12.000000
timestame:1619469531.102000000,objid:3,type:0,xpos:0.000000,ypos:0.000000,xspeed:-1.140000,yspeed:-1.750000,angle:-2.890000,distense:11.400000,rcs:34.000000
timestame:1619469531.102000000,objid:7,type:0,xpos:0.000000,ypos:0.000000,xspeed:14.830000,yspeed:1.180000,angle:1.990000,distense:21.600000,rcs:41.000000
