timestame:1619470570.321000000,objid:1,type:0,xpos:0.000000,ypos:0.000000,xspeed:3.630000,yspeed:3.150000,angle:-11.540000,distense:41.000000,rcs:13.000000
timestame:1619470570.321000000,objid:3,type:0,xpos:0.000000,ypos:0.000000,xspeed:15.400000,yspeed:0.190000,angle:1.050000,distense:202.600000,rcs:20.000000
timestame:1619470570.321000000,objid:5,type:0,xpos:0.000000,ypos:0.000000,xspeed:-1.140000,yspeed:0.570000,angle:-2.630000,distense:41.800000,rcs:9.000000
