timestame:1619470078.301000000,objid:0,type:0,xpos:0.000000,ypos:0.000000,xspeed:-2.190000,yspeed:7.160000,angle:1.410000,distense:52.600000,rcs:6.000000
timestame:1619470078.301000000,objid:2,type:0,xpos:0.000000,ypos:0.000000,xspeed:3.000000,yspeed:-1.180000,angle:0.430000,distense:18.200000,rcs:13.000000
timestame:1619470078.301000000,objid:4,type:0,xpos:0.000000,ypos:0.000000,xspeed:-4.680000,yspeed:5.720000,angle:-11.850000,distense:51.000000,rcs:12.000000
