timestame:1619471089.385000000,objid:0,type:0,xpos:0.000000,ypos:0.000000,xspeed:9.910000,yspeed:0.430000,angle:1.880000,distense:86.400000,rcs:21.000000
timestame:1619471089.385000000,objid:1,type:0,xpos:0.000000,ypos:0.000000,xspeed:9.390000,yspeed:0.730000,angle:7.670000,distense:38.600000,rcs:19.000000
timestame:1619471089.385000000,objid:2,type:0,xpos:0.000000,ypos:0.000000,xspeed:4.800000,yspeed:0.250000,angle:2.270000,distense:37.400000,rcs:42.000000
timestame:1619471089.385000000,objid:4,type:0,xpos:0.000000,ypos:0.000000,xspeed:-22.010000,yspeed:-0.880000,angle:-12.650000,distense:63.000000,rcs:9.000000
