timestame:1619469579.060000000,objid:1,type:0,xpos:0.000000,ypos:0.000000,xspeed:-6.460000,yspeed:-0.890000,angle:-7.980000,distense:112.400000,rcs:9.000000
timestame:1619469579.060000000,objid:3,type:0,xpos:0.000000,ypos:0.000000,xspeed:-6.230000,yspeed:-0.170000,angle:-8.860000,distense:102.600000,rcs:16.000000
timestame:1619469579.060000000,objid:5,type:0,xpos:0.000000,ypos:0.000000,xspeed:-6.300000,yspeed:-0.340000,angle:-9.360000,distense:99.400000,rcs:16.000000
