timestame:1619470080.225000000,objid:0,type:0,xpos:0.000000,ypos:0.000000,xspeed:1.090000,yspeed:-5.610000,angle:15.400000,distense:49.200000,rcs:27.000000
timestame:1619470080.225000000,objid:1,type:0,xpos:0.000000,ypos:0.000000,xspeed:1.060000,yspeed:-5.030000,angle:-13.610000,distense:45.800000,rcs:16.000000
