timestame:1619471294.725000000,objid:0,type:0,xpos:0.000000,ypos:0.000000,xspeed:2.010000,yspeed:4.380000,angle:-9.320000,distense:40.800000,rcs:16.000000
timestame:1619471294.725000000,objid:1,type:0,xpos:0.000000,ypos:0.000000,xspeed:-2.710000,yspeed:11.090000,angle:7.000000,distense:43.200000,rcs:6.000000
timestame:1619471294.725000000,objid:4,type:0,xpos:0.000000,ypos:0.000000,xspeed:-4.960000,yspeed:0.000000,angle:-4.700000,distense:42.000000,rcs:9.000000
timestame:1619471294.725000000,objid:6,type:0,xpos:0.000000,ypos:0.000000,xspeed:3.500000,yspeed:1.900000,angle:-17.000000,distense:34.200000,rcs:22.000000
