timestame:1619471091.053000000,objid:1,type:0,xpos:0.000000,ypos:0.000000,xspeed:10.790000,yspeed:0.350000,angle:5.420000,distense:58.000000,rcs:25.000000
timestame:1619471091.053000000,objid:2,type:0,xpos:0.000000,ypos:0.000000,xspeed:6.160000,yspeed:0.300000,angle:2.260000,distense:48.800000,rcs:43.000000
timestame:1619471091.053000000,objid:4,type:0,xpos:0.000000,ypos:0.000000,xspeed:-21.960000,yspeed:-0.910000,angle:-18.000000,distense:29.200000,rcs:12.000000
timestame:1619471091.053000000,objid:5,type:0,xpos:0.000000,ypos:0.000000,xspeed:11.790000,yspeed:0.930000,angle:1.990000,distense:109.200000,rcs:20.000000
