timestame:1619470042.296000000,objid:1,type:0,xpos:0.000000,ypos:0.000000,xspeed:12.700000,yspeed:-0.030000,angle:1.100000,distense:162.400000,rcs:9.000000
timestame:1619470042.296000000,objid:3,type:0,xpos:0.000000,ypos:0.000000,xspeed:13.630000,yspeed:0.120000,angle:1.480000,distense:136.800000,rcs:18.000000
timestame:1619470042.296000000,objid:4,type:0,xpos:0.000000,ypos:0.000000,xspeed:8.200000,yspeed:-0.680000,angle:4.020000,distense:58.000000,rcs:6.000000
timestame:1619470042.296000000,objid:5,type:0,xpos:0.000000,ypos:0.000000,xspeed:4.580000,yspeed:0.200000,angle:6.270000,distense:43.800000,rcs:31.000000
