timestame:1619471321.067000000,objid:1,type:0,xpos:0.000000,ypos:0.000000,xspeed:-6.860000,yspeed:-0.620000,angle:-7.250000,distense:94.800000,rcs:20.000000
timestame:1619471321.067000000,objid:3,type:0,xpos:0.000000,ypos:0.000000,xspeed:-13.320000,yspeed:0.120000,angle:-3.500000,distense:171.000000,rcs:9.000000
