timestame:1619470792.559000000,objid:5,type:0,xpos:0.000000,ypos:0.000000,xspeed:5.030000,yspeed:-3.430000,angle:-18.000000,distense:50.800000,rcs:6.000000
timestame:1619470792.559000000,objid:7,type:0,xpos:0.000000,ypos:0.000000,xspeed:3.230000,yspeed:0.570000,angle:12.890000,distense:50.600000,rcs:28.000000
timestame:1619470792.559000000,objid:8,type:0,xpos:0.000000,ypos:0.000000,xspeed:1.480000,yspeed:-0.020000,angle:-13.130000,distense:47.200000,rcs:26.000000
