timestame:1619470030.774000000,objid:1,type:0,xpos:0.000000,ypos:0.000000,xspeed:5.700000,yspeed:0.480000,angle:2.720000,distense:37.800000,rcs:33.000000
timestame:1619470030.774000000,objid:4,type:0,xpos:0.000000,ypos:0.000000,xspeed:10.220000,yspeed:0.150000,angle:2.170000,distense:63.600000,rcs:28.000000
timestame:1619470030.774000000,objid:5,type:0,xpos:0.000000,ypos:0.000000,xspeed:1.490000,yspeed:-0.100000,angle:-18.000000,distense:56.200000,rcs:13.000000
