timestame:1619470447.795000000,objid:0,type:0,xpos:0.000000,ypos:0.000000,xspeed:18.980000,yspeed:-2.630000,angle:1.060000,distense:198.200000,rcs:9.000000
timestame:1619470447.795000000,objid:1,type:0,xpos:0.000000,ypos:0.000000,xspeed:-2.930000,yspeed:1.280000,angle:5.430000,distense:177.000000,rcs:6.000000
timestame:1619470447.795000000,objid:2,type:0,xpos:0.000000,ypos:0.000000,xspeed:4.630000,yspeed:-0.200000,angle:6.390000,distense:108.600000,rcs:18.000000
