timestame:1619470007.434000000,objid:2,type:0,xpos:0.000000,ypos:0.000000,xspeed:-1.130000,yspeed:-1.860000,angle:-18.000000,distense:34.000000,rcs:28.000000
timestame:1619470007.434000000,objid:9,type:0,xpos:0.000000,ypos:0.000000,xspeed:-2.130000,yspeed:-2.850000,angle:-18.000000,distense:34.000000,rcs:18.000000
timestame:1619470007.434000000,objid:11,type:0,xpos:0.000000,ypos:0.000000,xspeed:-2.810000,yspeed:-2.120000,angle:-18.000000,distense:31.400000,rcs:13.000000
