timestame:1619469705.132000000,objid:1,type:0,xpos:0.000000,ypos:0.000000,xspeed:-1.370000,yspeed:-3.160000,angle:-18.000000,distense:41.400000,rcs:12.000000
timestame:1619469705.132000000,objid:4,type:0,xpos:0.000000,ypos:0.000000,xspeed:-1.060000,yspeed:-3.350000,angle:-16.580000,distense:42.200000,rcs:23.000000
timestame:1619469705.132000000,objid:6,type:0,xpos:0.000000,ypos:0.000000,xspeed:-1.390000,yspeed:-0.910000,angle:-18.000000,distense:37.800000,rcs:16.000000
timestame:1619469705.132000000,objid:14,type:0,xpos:0.000000,ypos:0.000000,xspeed:-2.840000,yspeed:-2.770000,angle:-18.000000,distense:38.800000,rcs:25.000000
