timestame:1619470487.712000000,objid:2,type:0,xpos:0.000000,ypos:0.000000,xspeed:1.260000,yspeed:-8.360000,angle:-14.710000,distense:68.400000,rcs:12.000000
timestame:1619470487.712000000,objid:4,type:0,xpos:0.000000,ypos:0.000000,xspeed:-1.930000,yspeed:-4.310000,angle:-18.000000,distense:38.200000,rcs:18.000000
timestame:1619470487.712000000,objid:5,type:0,xpos:0.000000,ypos:0.000000,xspeed:-3.280000,yspeed:-2.900000,angle:-18.000000,distense:33.800000,rcs:13.000000
timestame:1619470487.712000000,objid:6,type:0,xpos:0.000000,ypos:0.000000,xspeed:-1.320000,yspeed:-3.150000,angle:-14.020000,distense:38.400000,rcs:32.000000
