timestame:1619470192.518000000,objid:0,type:0,xpos:0.000000,ypos:0.000000,xspeed:-4.290000,yspeed:6.960000,angle:14.610000,distense:42.400000,rcs:25.000000
timestame:1619470192.518000000,objid:1,type:0,xpos:0.000000,ypos:0.000000,xspeed:2.070000,yspeed:1.240000,angle:5.840000,distense:138.400000,rcs:9.000000
timestame:1619470192.518000000,objid:2,type:0,xpos:0.000000,ypos:0.000000,xspeed:-4.920000,yspeed:5.460000,angle:16.840000,distense:40.600000,rcs:25.000000
