timestame:1619471087.325000000,objid:0,type:0,xpos:0.000000,ypos:0.000000,xspeed:8.470000,yspeed:0.390000,angle:1.670000,distense:65.200000,rcs:32.000000
timestame:1619471087.325000000,objid:1,type:0,xpos:0.000000,ypos:0.000000,xspeed:7.880000,yspeed:-6.050000,angle:9.310000,distense:19.200000,rcs:16.000000
timestame:1619471087.325000000,objid:4,type:0,xpos:0.000000,ypos:0.000000,xspeed:-23.440000,yspeed:-1.280000,angle:-6.730000,distense:106.200000,rcs:9.000000
timestame:1619471087.325000000,objid:11,type:0,xpos:0.000000,ypos:0.000000,xspeed:3.320000,yspeed:0.060000,angle:2.230000,distense:26.200000,rcs:44.000000
