timestame:1619471446.643000000,objid:3,type:0,xpos:0.000000,ypos:0.000000,xspeed:-3.620000,yspeed:-0.270000,angle:-5.720000,distense:114.000000,rcs:22.000000
timestame:1619471446.643000000,objid:11,type:0,xpos:0.000000,ypos:0.000000,xspeed:-3.340000,yspeed:-0.460000,angle:-6.910000,distense:103.200000,rcs:15.000000
timestame:1619471446.643000000,objid:13,type:0,xpos:0.000000,ypos:0.000000,xspeed:-2.510000,yspeed:-0.050000,angle:14.260000,distense:54.000000,rcs:16.000000
