timestame:1619470027.010000000,objid:1,type:0,xpos:0.000000,ypos:0.000000,xspeed:4.040000,yspeed:0.990000,angle:0.370000,distense:17.000000,rcs:23.000000
timestame:1619470027.010000000,objid:2,type:0,xpos:0.000000,ypos:0.000000,xspeed:5.980000,yspeed:0.490000,angle:2.620000,distense:31.600000,rcs:39.000000
