timestame:1619470127.882000000,objid:0,type:0,xpos:0.000000,ypos:0.000000,xspeed:-5.450000,yspeed:-0.690000,angle:17.020000,distense:22.800000,rcs:13.000000
timestame:1619470127.882000000,objid:4,type:0,xpos:0.000000,ypos:0.000000,xspeed:3.260000,yspeed:4.160000,angle:-7.940000,distense:47.000000,rcs:6.000000
timestame:1619470127.882000000,objid:5,type:0,xpos:0.000000,ypos:0.000000,xspeed:-6.780000,yspeed:-0.390000,angle:15.350000,distense:25.200000,rcs:16.000000
timestame:1619470127.882000000,objid:7,type:0,xpos:0.000000,ypos:0.000000,xspeed:-10.290000,yspeed:1.740000,angle:-3.930000,distense:130.800000,rcs:6.000000
