timestame:1619469918.255000000,objid:1,type:0,xpos:0.000000,ypos:0.000000,xspeed:5.750000,yspeed:0.160000,angle:1.590000,distense:119.400000,rcs:22.000000
timestame:1619469918.255000000,objid:8,type:0,xpos:0.000000,ypos:0.000000,xspeed:5.770000,yspeed:-0.010000,angle:1.440000,distense:112.600000,rcs:29.000000
