timestame:1619471136.438000000,objid:3,type:0,xpos:0.000000,ypos:0.000000,xspeed:-1.910000,yspeed:-7.200000,angle:12.050000,distense:38.600000,rcs:33.000000
timestame:1619471136.438000000,objid:4,type:0,xpos:0.000000,ypos:0.000000,xspeed:3.630000,yspeed:-1.500000,angle:10.790000,distense:41.800000,rcs:32.000000
