timestame:1619471236.085000000,objid:0,type:0,xpos:0.000000,ypos:0.000000,xspeed:8.130000,yspeed:0.070000,angle:1.380000,distense:142.600000,rcs:9.000000
timestame:1619471236.085000000,objid:9,type:0,xpos:0.000000,ypos:0.000000,xspeed:7.880000,yspeed:0.110000,angle:1.480000,distense:132.200000,rcs:21.000000
