timestame:1619471231.491000000,objid:0,type:0,xpos:0.000000,ypos:0.000000,xspeed:6.720000,yspeed:0.020000,angle:1.870000,distense:105.400000,rcs:12.000000
timestame:1619471231.491000000,objid:1,type:0,xpos:0.000000,ypos:0.000000,xspeed:2.780000,yspeed:-5.470000,angle:-18.000000,distense:70.400000,rcs:6.000000
timestame:1619471231.491000000,objid:9,type:0,xpos:0.000000,ypos:0.000000,xspeed:6.840000,yspeed:-0.040000,angle:1.690000,distense:97.200000,rcs:24.000000
