timestame:1619471154.196000000,objid:0,type:0,xpos:0.000000,ypos:0.000000,xspeed:-1.240000,yspeed:-4.690000,angle:-7.060000,distense:61.000000,rcs:12.000000
timestame:1619471154.196000000,objid:1,type:0,xpos:0.000000,ypos:0.000000,xspeed:-7.100000,yspeed:-5.780000,angle:2.850000,distense:70.600000,rcs:12.000000
timestame:1619471154.196000000,objid:4,type:0,xpos:0.000000,ypos:0.000000,xspeed:-21.420000,yspeed:-15.010000,angle:-12.960000,distense:79.800000,rcs:12.000000
timestame:1619471154.196000000,objid:8,type:0,xpos:0.000000,ypos:0.000000,xspeed:8.100000,yspeed:2.930000,angle:-16.240000,distense:17.800000,rcs:16.000000
