timestame:1619471137.927000000,objid:0,type:0,xpos:0.000000,ypos:0.000000,xspeed:-1.160000,yspeed:2.900000,angle:-13.010000,distense:41.800000,rcs:6.000000
timestame:1619471137.927000000,objid:4,type:0,xpos:0.000000,ypos:0.000000,xspeed:2.870000,yspeed:-0.700000,angle:8.120000,distense:45.800000,rcs:6.000000
timestame:1619471137.927000000,objid:9,type:0,xpos:0.000000,ypos:0.000000,xspeed:6.730000,yspeed:0.380000,angle:5.920000,distense:42.800000,rcs:9.000000
timestame:1619471137.927000000,objid:10,type:0,xpos:0.000000,ypos:0.000000,xspeed:1.440000,yspeed:-7.970000,angle:6.020000,distense:57.800000,rcs:16.000000
