timestame:1619470061.299000000,objid:1,type:0,xpos:0.000000,ypos:0.000000,xspeed:-20.800000,yspeed:0.850000,angle:-4.640000,distense:145.400000,rcs:12.000000
timestame:1619470061.299000000,objid:2,type:0,xpos:0.000000,ypos:0.000000,xspeed:-7.780000,yspeed:-0.240000,angle:-5.830000,distense:75.600000,rcs:22.000000
timestame:1619470061.299000000,objid:4,type:0,xpos:0.000000,ypos:0.000000,xspeed:-6.380000,yspeed:-1.570000,angle:-6.480000,distense:71.000000,rcs:21.000000
timestame:1619470061.299000000,objid:5,type:0,xpos:0.000000,ypos:0.000000,xspeed:9.870000,yspeed:0.530000,angle:2.900000,distense:199.200000,rcs:22.000000
