timestame:1619470059.752000000,objid:0,type:0,xpos:0.000000,ypos:0.000000,xspeed:-12.120000,yspeed:0.100000,angle:-5.140000,distense:82.800000,rcs:22.000000
timestame:1619470059.752000000,objid:1,type:0,xpos:0.000000,ypos:0.000000,xspeed:-17.150000,yspeed:2.250000,angle:-4.930000,distense:178.800000,rcs:12.000000
timestame:1619470059.752000000,objid:3,type:0,xpos:0.000000,ypos:0.000000,xspeed:-17.220000,yspeed:2.260000,angle:-3.700000,distense:174.600000,rcs:13.000000
timestame:1619470059.752000000,objid:5,type:0,xpos:0.000000,ypos:0.000000,xspeed:9.520000,yspeed:0.450000,angle:2.830000,distense:183.400000,rcs:26.000000
