timestame:1619469568.699000000,objid:2,type:0,xpos:0.000000,ypos:0.000000,xspeed:-1.230000,yspeed:-3.440000,angle:-11.150000,distense:36.400000,rcs:37.000000
timestame:1619469568.699000000,objid:3,type:0,xpos:0.000000,ypos:0.000000,xspeed:-1.140000,yspeed:-4.090000,angle:-18.000000,distense:42.000000,rcs:9.000000
timestame:1619469568.699000000,objid:11,type:0,xpos:0.000000,ypos:0.000000,xspeed:-2.830000,yspeed:-5.110000,angle:-18.000000,distense:33.200000,rcs:30.000000
timestame:1619469568.699000000,objid:17,type:0,xpos:0.000000,ypos:0.000000,xspeed:-9.090000,yspeed:-12.850000,angle:-18.000000,distense:40.000000,rcs:9.000000
