timestame:1619470963.680000000,objid:0,type:0,xpos:0.000000,ypos:0.000000,xspeed:3.710000,yspeed:0.160000,angle:6.580000,distense:50.400000,rcs:34.000000
timestame:1619470963.680000000,objid:6,type:0,xpos:0.000000,ypos:0.000000,xspeed:10.220000,yspeed:0.510000,angle:1.990000,distense:99.000000,rcs:31.000000
timestame:1619470963.680000000,objid:12,type:0,xpos:0.000000,ypos:0.000000,xspeed:3.060000,yspeed:0.030000,angle:5.160000,distense:59.800000,rcs:24.000000
