timestame:1619471252.885000000,objid:1,type:0,xpos:0.000000,ypos:0.000000,xspeed:2.670000,yspeed:3.070000,angle:3.610000,distense:80.000000,rcs:6.000000
timestame:1619471252.885000000,objid:3,type:0,xpos:0.000000,ypos:0.000000,xspeed:-16.820000,yspeed:-0.350000,angle:-6.140000,distense:134.400000,rcs:9.000000
