timestame:1619470840.187000000,objid:2,type:0,xpos:0.000000,ypos:0.000000,xspeed:3.860000,yspeed:2.290000,angle:-16.150000,distense:42.400000,rcs:6.000000
timestame:1619470840.187000000,objid:3,type:0,xpos:0.000000,ypos:0.000000,xspeed:2.780000,yspeed:2.360000,angle:-12.270000,distense:40.000000,rcs:16.000000
timestame:1619470840.187000000,objid:7,type:0,xpos:0.000000,ypos:0.000000,xspeed:13.210000,yspeed:0.330000,angle:2.350000,distense:206.600000,rcs:22.000000
