timestame:1619471222.886000000,objid:0,type:0,xpos:0.000000,ypos:0.000000,xspeed:1.980000,yspeed:0.370000,angle:1.780000,distense:58.000000,rcs:9.000000
timestame:1619471222.886000000,objid:1,type:0,xpos:0.000000,ypos:0.000000,xspeed:5.990000,yspeed:-2.590000,angle:-6.600000,distense:25.600000,rcs:22.000000
timestame:1619471222.886000000,objid:6,type:0,xpos:0.000000,ypos:0.000000,xspeed:4.240000,yspeed:0.230000,angle:2.310000,distense:62.400000,rcs:9.000000
timestame:1619471222.886000000,objid:9,type:0,xpos:0.000000,ypos:0.000000,xspeed:4.270000,yspeed:0.340000,angle:3.040000,distense:43.600000,rcs:48.000000
