timestame:1619471002.839000000,objid:1,type:0,xpos:0.000000,ypos:0.000000,xspeed:-13.470000,yspeed:-0.380000,angle:-5.460000,distense:145.000000,rcs:12.000000
timestame:1619471002.839000000,objid:3,type:0,xpos:0.000000,ypos:0.000000,xspeed:1.350000,yspeed:-2.630000,angle:-15.080000,distense:46.600000,rcs:23.000000
timestame:1619471002.839000000,objid:4,type:0,xpos:0.000000,ypos:0.000000,xspeed:1.950000,yspeed:0.220000,angle:-0.070000,distense:16.800000,rcs:26.000000
