timestame:1619469554.082000000,objid:2,type:0,xpos:0.000000,ypos:0.000000,xspeed:-2.260000,yspeed:3.560000,angle:-18.000000,distense:44.200000,rcs:13.000000
timestame:1619469554.082000000,objid:3,type:0,xpos:0.000000,ypos:0.000000,xspeed:-1.540000,yspeed:3.320000,angle:-18.000000,distense:49.800000,rcs:13.000000
