timestame:1619470932.873000000,objid:0,type:0,xpos:0.000000,ypos:0.000000,xspeed:-1.080000,yspeed:-1.070000,angle:-4.630000,distense:14.200000,rcs:22.000000
timestame:1619470932.873000000,objid:7,type:0,xpos:0.000000,ypos:0.000000,xspeed:-2.740000,yspeed:-0.130000,angle:-11.160000,distense:82.400000,rcs:19.000000
