timestame:1619469786.326000000,objid:1,type:0,xpos:0.000000,ypos:0.000000,xspeed:-16.940000,yspeed:0.350000,angle:-8.300000,distense:102.600000,rcs:16.000000
timestame:1619469786.326000000,objid:2,type:0,xpos:0.000000,ypos:0.000000,xspeed:16.610000,yspeed:0.140000,angle:0.980000,distense:199.600000,rcs:9.000000
timestame:1619469786.326000000,objid:4,type:0,xpos:0.000000,ypos:0.000000,xspeed:-17.080000,yspeed:-0.330000,angle:-9.390000,distense:94.200000,rcs:13.000000
timestame:1619469786.326000000,objid:10,type:0,xpos:0.000000,ypos:0.000000,xspeed:16.890000,yspeed:0.200000,angle:1.160000,distense:187.600000,rcs:29.000000
