timestame:1619471296.715000000,objid:2,type:0,xpos:0.000000,ypos:0.000000,xspeed:-2.290000,yspeed:5.590000,angle:-15.690000,distense:42.800000,rcs:24.000000
timestame:1619471296.715000000,objid:6,type:0,xpos:0.000000,ypos:0.000000,xspeed:2.550000,yspeed:3.830000,angle:-8.220000,distense:42.400000,rcs:9.000000
timestame:1619471296.715000000,objid:8,type:0,xpos:0.000000,ypos:0.000000,xspeed:-2.130000,yspeed:7.720000,angle:-16.060000,distense:43.200000,rcs:6.000000
