timestame:1619470330.543000000,objid:0,type:0,xpos:0.000000,ypos:0.000000,xspeed:16.420000,yspeed:-0.480000,angle:0.290000,distense:186.800000,rcs:24.000000
timestame:1619470330.543000000,objid:2,type:0,xpos:0.000000,ypos:0.000000,xspeed:9.940000,yspeed:0.430000,angle:1.170000,distense:207.600000,rcs:15.000000
timestame:1619470330.543000000,objid:4,type:0,xpos:0.000000,ypos:0.000000,xspeed:-1.410000,yspeed:0.950000,angle:14.650000,distense:67.000000,rcs:9.000000
