timestame:1619469704.821000000,objid:1,type:0,xpos:0.000000,ypos:0.000000,xspeed:-1.510000,yspeed:-3.260000,angle:-18.000000,distense:41.200000,rcs:24.000000
timestame:1619469704.821000000,objid:6,type:0,xpos:0.000000,ypos:0.000000,xspeed:-1.070000,yspeed:-0.730000,angle:-18.000000,distense:38.400000,rcs:9.000000
timestame:1619469704.821000000,objid:14,type:0,xpos:0.000000,ypos:0.000000,xspeed:-2.930000,yspeed:-2.670000,angle:-18.000000,distense:39.200000,rcs:26.000000
