timestame:1619470830.903000000,objid:1,type:0,xpos:0.000000,ypos:0.000000,xspeed:8.930000,yspeed:0.120000,angle:3.250000,distense:102.400000,rcs:19.000000
timestame:1619470830.903000000,objid:2,type:0,xpos:0.000000,ypos:0.000000,xspeed:7.290000,yspeed:-0.110000,angle:3.010000,distense:107.000000,rcs:19.000000
timestame:1619470830.903000000,objid:3,type:0,xpos:0.000000,ypos:0.000000,xspeed:8.580000,yspeed:0.090000,angle:4.030000,distense:95.400000,rcs:26.000000
timestame:1619470830.903000000,objid:6,type:0,xpos:0.000000,ypos:0.000000,xspeed:11.250000,yspeed:-0.070000,angle:1.340000,distense:131.200000,rcs:9.000000
