timestame:1619471223.750000000,objid:0,type:0,xpos:0.000000,ypos:0.000000,xspeed:2.260000,yspeed:0.360000,angle:2.000000,distense:60.600000,rcs:6.000000
timestame:1619471223.750000000,objid:1,type:0,xpos:0.000000,ypos:0.000000,xspeed:5.940000,yspeed:-0.140000,angle:-5.030000,distense:30.800000,rcs:27.000000
timestame:1619471223.750000000,objid:6,type:0,xpos:0.000000,ypos:0.000000,xspeed:4.520000,yspeed:0.280000,angle:2.450000,distense:66.800000,rcs:9.000000
timestame:1619471223.750000000,objid:9,type:0,xpos:0.000000,ypos:0.000000,xspeed:4.570000,yspeed:0.240000,angle:2.960000,distense:48.200000,rcs:48.000000
