timestame:1619470748.090000000,objid:4,type:0,xpos:0.000000,ypos:0.000000,xspeed:-6.890000,yspeed:-0.580000,angle:-18.000000,distense:39.200000,rcs:15.000000
timestame:1619470748.090000000,objid:5,type:0,xpos:0.000000,ypos:0.000000,xspeed:-29.830000,yspeed:-4.090000,angle:3.140000,distense:41.000000,rcs:9.000000
