timestame:1619470569.944000000,objid:1,type:0,xpos:0.000000,ypos:0.000000,xspeed:3.890000,yspeed:2.940000,angle:-12.760000,distense:39.200000,rcs:16.000000
timestame:1619470569.944000000,objid:3,type:0,xpos:0.000000,ypos:0.000000,xspeed:15.460000,yspeed:0.150000,angle:1.030000,distense:196.200000,rcs:25.000000
timestame:1619470569.944000000,objid:5,type:0,xpos:0.000000,ypos:0.000000,xspeed:-1.640000,yspeed:3.390000,angle:-2.330000,distense:42.400000,rcs:6.000000
