timestame:1619470139.862000000,objid:0,type:0,xpos:0.000000,ypos:0.000000,xspeed:-6.990000,yspeed:-0.050000,angle:17.730000,distense:24.800000,rcs:18.000000
timestame:1619470139.862000000,objid:2,type:0,xpos:0.000000,ypos:0.000000,xspeed:-25.060000,yspeed:0.000000,angle:15.290000,distense:25.800000,rcs:20.000000
