timestame:1619471230.934000000,objid:0,type:0,xpos:0.000000,ypos:0.000000,xspeed:6.430000,yspeed:0.080000,angle:2.020000,distense:101.000000,rcs:13.000000
timestame:1619471230.934000000,objid:1,type:0,xpos:0.000000,ypos:0.000000,xspeed:2.920000,yspeed:-5.380000,angle:-18.000000,distense:67.400000,rcs:9.000000
timestame:1619471230.934000000,objid:9,type:0,xpos:0.000000,ypos:0.000000,xspeed:6.740000,yspeed:0.070000,angle:1.910000,distense:92.800000,rcs:36.000000
