timestame:1619469823.344000000,objid:2,type:0,xpos:0.000000,ypos:0.000000,xspeed:-1.770000,yspeed:-4.220000,angle:-14.820000,distense:41.000000,rcs:33.000000
timestame:1619469823.344000000,objid:11,type:0,xpos:0.000000,ypos:0.000000,xspeed:-4.070000,yspeed:0.200000,angle:-6.000000,distense:134.200000,rcs:9.000000
