timestame:1619470977.413000000,objid:0,type:0,xpos:0.000000,ypos:0.000000,xspeed:6.880000,yspeed:-0.250000,angle:2.680000,distense:130.400000,rcs:19.000000
timestame:1619470977.413000000,objid:2,type:0,xpos:0.000000,ypos:0.000000,xspeed:-18.130000,yspeed:-1.370000,angle:-3.130000,distense:182.200000,rcs:13.000000
timestame:1619470977.413000000,objid:3,type:0,xpos:0.000000,ypos:0.000000,xspeed:7.100000,yspeed:0.110000,angle:2.310000,distense:140.400000,rcs:6.000000
timestame:1619470977.413000000,objid:5,type:0,xpos:0.000000,ypos:0.000000,xspeed:-19.140000,yspeed:0.050000,angle:-9.030000,distense:97.000000,rcs:18.000000
