timestame:1619470082.769000000,objid:4,type:0,xpos:0.000000,ypos:0.000000,xspeed:2.160000,yspeed:-9.070000,angle:-10.100000,distense:53.400000,rcs:22.000000
timestame:1619470082.769000000,objid:5,type:0,xpos:0.000000,ypos:0.000000,xspeed:2.320000,yspeed:-7.950000,angle:-6.610000,distense:52.400000,rcs:16.000000
timestame:1619470082.769000000,objid:7,type:0,xpos:0.000000,ypos:0.000000,xspeed:1.330000,yspeed:-5.140000,angle:-9.620000,distense:47.000000,rcs:13.000000
