timestame:1619471048.972000000,objid:0,type:0,xpos:0.000000,ypos:0.000000,xspeed:-3.380000,yspeed:-2.030000,angle:-18.000000,distense:30.200000,rcs:23.000000
timestame:1619471048.972000000,objid:3,type:0,xpos:0.000000,ypos:0.000000,xspeed:-2.710000,yspeed:-2.680000,angle:-18.000000,distense:33.200000,rcs:13.000000
timestame:1619471048.972000000,objid:13,type:0,xpos:0.000000,ypos:0.000000,xspeed:-5.720000,yspeed:-1.260000,angle:-18.000000,distense:54.200000,rcs:12.000000
