timestame:1619470007.685000000,objid:9,type:0,xpos:0.000000,ypos:0.000000,xspeed:-2.350000,yspeed:-2.830000,angle:-18.000000,distense:33.600000,rcs:18.000000
timestame:1619470007.685000000,objid:11,type:0,xpos:0.000000,ypos:0.000000,xspeed:-2.910000,yspeed:-2.020000,angle:-18.000000,distense:31.000000,rcs:6.000000
