timestame:1619470024.759000000,objid:2,type:0,xpos:0.000000,ypos:0.000000,xspeed:-2.720000,yspeed:-2.240000,angle:-18.000000,distense:31.800000,rcs:6.000000
timestame:1619470024.759000000,objid:7,type:0,xpos:0.000000,ypos:0.000000,xspeed:-14.240000,yspeed:-0.090000,angle:-18.000000,distense:32.800000,rcs:20.000000
timestame:1619470024.759000000,objid:9,type:0,xpos:0.000000,ypos:0.000000,xspeed:-1.410000,yspeed:-0.510000,angle:-18.000000,distense:29.600000,rcs:19.000000
timestame:1619470024.759000000,objid:15,type:0,xpos:0.000000,ypos:0.000000,xspeed:-2.160000,yspeed:-0.420000,angle:-18.000000,distense:28.000000,rcs:6.000000
