timestame:1619471254.983000000,objid:0,type:0,xpos:0.000000,ypos:0.000000,xspeed:13.910000,yspeed:8.600000,angle:18.970000,distense:17.800000,rcs:20.000000
timestame:1619471254.983000000,objid:1,type:0,xpos:0.000000,ypos:0.000000,xspeed:4.320000,yspeed:2.610000,angle:6.300000,distense:90.800000,rcs:12.000000
timestame:1619471254.983000000,objid:3,type:0,xpos:0.000000,ypos:0.000000,xspeed:-15.890000,yspeed:-0.490000,angle:-8.640000,distense:102.000000,rcs:12.000000
timestame:1619471254.983000000,objid:4,type:0,xpos:0.000000,ypos:0.000000,xspeed:11.650000,yspeed:0.000000,angle:11.340000,distense:16.600000,rcs:23.000000
