timestame:1619470191.220000000,objid:0,type:0,xpos:0.000000,ypos:0.000000,xspeed:-7.230000,yspeed:3.830000,angle:1.580000,distense:46.000000,rcs:30.000000
timestame:1619470191.220000000,objid:1,type:0,xpos:0.000000,ypos:0.000000,xspeed:2.750000,yspeed:3.120000,angle:5.790000,distense:136.000000,rcs:20.000000
timestame:1619470191.220000000,objid:2,type:0,xpos:0.000000,ypos:0.000000,xspeed:-5.610000,yspeed:4.310000,angle:4.250000,distense:44.600000,rcs:25.000000
