timestame:1619469890.579000000,objid:2,type:0,xpos:0.000000,ypos:0.000000,xspeed:-4.040000,yspeed:-0.080000,angle:-14.270000,distense:53.800000,rcs:19.000000
timestame:1619469890.579000000,objid:5,type:0,xpos:0.000000,ypos:0.000000,xspeed:-2.880000,yspeed:-0.070000,angle:-17.980000,distense:56.200000,rcs:25.000000
timestame:1619469890.579000000,objid:16,type:0,xpos:0.000000,ypos:0.000000,xspeed:-3.720000,yspeed:-0.130000,angle:-11.560000,distense:65.200000,rcs:24.000000
