timestame:1619469909.825000000,objid:1,type:0,xpos:0.000000,ypos:0.000000,xspeed:4.120000,yspeed:0.000000,angle:2.100000,distense:74.800000,rcs:22.000000
timestame:1619469909.825000000,objid:2,type:0,xpos:0.000000,ypos:0.000000,xspeed:9.630000,yspeed:0.060000,angle:3.120000,distense:128.800000,rcs:16.000000
timestame:1619469909.825000000,objid:8,type:0,xpos:0.000000,ypos:0.000000,xspeed:4.150000,yspeed:0.220000,angle:2.510000,distense:68.200000,rcs:32.000000
timestame:1619469909.825000000,objid:10,type:0,xpos:0.000000,ypos:0.000000,xspeed:2.100000,yspeed:3.610000,angle:-4.710000,distense:42.800000,rcs:6.000000
