timestame:1619470485.912000000,objid:1,type:0,xpos:0.000000,ypos:0.000000,xspeed:-2.730000,yspeed:-0.290000,angle:-9.250000,distense:79.400000,rcs:13.000000
timestame:1619470485.912000000,objid:2,type:0,xpos:0.000000,ypos:0.000000,xspeed:1.730000,yspeed:-7.460000,angle:-1.520000,distense:64.200000,rcs:27.000000
timestame:1619470485.912000000,objid:4,type:0,xpos:0.000000,ypos:0.000000,xspeed:-1.530000,yspeed:-4.930000,angle:-15.890000,distense:39.200000,rcs:32.000000
