timestame:1619471093.728000000,objid:1,type:0,xpos:0.000000,ypos:0.000000,xspeed:12.660000,yspeed:-0.190000,angle:2.730000,distense:93.800000,rcs:6.000000
timestame:1619471093.728000000,objid:2,type:0,xpos:0.000000,ypos:0.000000,xspeed:7.280000,yspeed:0.170000,angle:2.070000,distense:69.200000,rcs:37.000000
timestame:1619471093.728000000,objid:5,type:0,xpos:0.000000,ypos:0.000000,xspeed:13.310000,yspeed:0.070000,angle:1.370000,distense:145.200000,rcs:6.000000
