timestame:1619471085.285000000,objid:0,type:0,xpos:0.000000,ypos:0.000000,xspeed:9.070000,yspeed:0.260000,angle:1.270000,distense:48.400000,rcs:27.000000
timestame:1619471085.285000000,objid:11,type:0,xpos:0.000000,ypos:0.000000,xspeed:1.730000,yspeed:-0.130000,angle:1.780000,distense:18.000000,rcs:39.000000
