timestame:1619470447.857000000,objid:0,type:0,xpos:0.000000,ypos:0.000000,xspeed:18.980000,yspeed:-2.630000,angle:1.000000,distense:199.200000,rcs:9.000000
timestame:1619470447.857000000,objid:1,type:0,xpos:0.000000,ypos:0.000000,xspeed:-3.880000,yspeed:-0.660000,angle:5.300000,distense:176.400000,rcs:6.000000
timestame:1619470447.857000000,objid:2,type:0,xpos:0.000000,ypos:0.000000,xspeed:4.630000,yspeed:-0.230000,angle:6.330000,distense:108.800000,rcs:15.000000
