timestame:1619470620.531000000,objid:1,type:0,xpos:0.000000,ypos:0.000000,xspeed:-4.460000,yspeed:-0.940000,angle:-10.070000,distense:88.000000,rcs:27.000000
timestame:1619470620.531000000,objid:2,type:0,xpos:0.000000,ypos:0.000000,xspeed:-7.860000,yspeed:0.090000,angle:-10.450000,distense:83.800000,rcs:13.000000
