timestame:1619470058.117000000,objid:0,type:0,xpos:0.000000,ypos:0.000000,xspeed:-13.010000,yspeed:1.080000,angle:-3.890000,distense:102.200000,rcs:22.000000
timestame:1619470058.117000000,objid:5,type:0,xpos:0.000000,ypos:0.000000,xspeed:9.390000,yspeed:0.410000,angle:2.850000,distense:167.800000,rcs:22.000000
