timestame:1619469946.932000000,objid:3,type:0,xpos:0.000000,ypos:0.000000,xspeed:1.800000,yspeed:0.280000,angle:1.220000,distense:17.800000,rcs:18.000000
timestame:1619469946.932000000,objid:4,type:0,xpos:0.000000,ypos:0.000000,xspeed:-5.230000,yspeed:-11.170000,angle:15.780000,distense:50.000000,rcs:18.000000
timestame:1619469946.932000000,objid:5,type:0,xpos:0.000000,ypos:0.000000,xspeed:-6.740000,yspeed:-12.260000,angle:-18.000000,distense:56.200000,rcs:6.000000
