timestame:1619471318.773000000,objid:0,type:0,xpos:0.000000,ypos:0.000000,xspeed:4.100000,yspeed:2.940000,angle:-4.730000,distense:122.600000,rcs:13.000000
timestame:1619471318.773000000,objid:1,type:0,xpos:0.000000,ypos:0.000000,xspeed:-7.740000,yspeed:-4.520000,angle:-6.000000,distense:110.400000,rcs:13.000000
timestame:1619471318.773000000,objid:3,type:0,xpos:0.000000,ypos:0.000000,xspeed:-16.150000,yspeed:0.670000,angle:-2.740000,distense:202.400000,rcs:9.000000
