timestame:1619470049.914000000,objid:0,type:0,xpos:0.000000,ypos:0.000000,xspeed:6.930000,yspeed:0.090000,angle:3.750000,distense:104.600000,rcs:15.000000
timestame:1619470049.914000000,objid:5,type:0,xpos:0.000000,ypos:0.000000,xspeed:6.940000,yspeed:0.070000,angle:4.020000,distense:95.000000,rcs:20.000000
