timestame:1619471518.802000000,objid:7,type:0,xpos:0.000000,ypos:0.000000,xspeed:16.430000,yspeed:0.210000,angle:1.440000,distense:195.000000,rcs:20.000000
timestame:1619471518.802000000,objid:10,type:0,xpos:0.000000,ypos:0.000000,xspeed:16.370000,yspeed:0.240000,angle:1.370000,distense:184.400000,rcs:27.000000
