timestame:1619469692.562000000,objid:2,type:0,xpos:0.000000,ypos:0.000000,xspeed:1.440000,yspeed:-7.560000,angle:-16.770000,distense:64.000000,rcs:9.000000
timestame:1619469692.562000000,objid:3,type:0,xpos:0.000000,ypos:0.000000,xspeed:1.160000,yspeed:-2.460000,angle:22.430000,distense:47.800000,rcs:6.000000
timestame:1619469692.562000000,objid:4,type:0,xpos:0.000000,ypos:0.000000,xspeed:1.090000,yspeed:-4.900000,angle:12.260000,distense:45.600000,rcs:33.000000
timestame:1619469692.562000000,objid:5,type:0,xpos:0.000000,ypos:0.000000,xspeed:-1.030000,yspeed:6.740000,angle:-14.600000,distense:36.600000,rcs:12.000000
