timestame:1619469976.209000000,objid:2,type:0,xpos:0.000000,ypos:0.000000,xspeed:-1.370000,yspeed:-0.980000,angle:-18.000000,distense:32.200000,rcs:23.000000
timestame:1619469976.209000000,objid:4,type:0,xpos:0.000000,ypos:0.000000,xspeed:3.030000,yspeed:-2.460000,angle:6.700000,distense:44.600000,rcs:36.000000
timestame:1619469976.209000000,objid:6,type:0,xpos:0.000000,ypos:0.000000,xspeed:-1.670000,yspeed:-2.360000,angle:-18.000000,distense:34.600000,rcs:20.000000
timestame:1619469976.209000000,objid:7,type:0,xpos:0.000000,ypos:0.000000,xspeed:-3.740000,yspeed:-4.590000,angle:-18.000000,distense:35.200000,rcs:12.000000
