timestame:1619470639.955000000,objid:2,type:0,xpos:0.000000,ypos:0.000000,xspeed:-5.950000,yspeed:-1.710000,angle:-4.670000,distense:189.000000,rcs:16.000000
timestame:1619470639.955000000,objid:6,type:0,xpos:0.000000,ypos:0.000000,xspeed:-1.380000,yspeed:1.780000,angle:-18.000000,distense:49.800000,rcs:6.000000
timestame:1619470639.955000000,objid:7,type:0,xpos:0.000000,ypos:0.000000,xspeed:1.790000,yspeed:-11.040000,angle:-18.000000,distense:65.800000,rcs:9.000000
