timestame:1619470568.086000000,objid:1,type:0,xpos:0.000000,ypos:0.000000,xspeed:4.170000,yspeed:2.780000,angle:-15.100000,distense:30.400000,rcs:16.000000
timestame:1619470568.086000000,objid:3,type:0,xpos:0.000000,ypos:0.000000,xspeed:15.170000,yspeed:0.080000,angle:1.080000,distense:167.000000,rcs:26.000000
timestame:1619470568.086000000,objid:8,type:0,xpos:0.000000,ypos:0.000000,xspeed:4.060000,yspeed:4.240000,angle:-9.890000,distense:44.800000,rcs:6.000000
