timestame:1619471078.025000000,objid:1,type:0,xpos:0.000000,ypos:0.000000,xspeed:-6.920000,yspeed:-0.480000,angle:-18.000000,distense:51.600000,rcs:30.000000
timestame:1619471078.025000000,objid:3,type:0,xpos:0.000000,ypos:0.000000,xspeed:-9.380000,yspeed:-0.230000,angle:-12.250000,distense:57.600000,rcs:28.000000
timestame:1619471078.025000000,objid:5,type:0,xpos:0.000000,ypos:0.000000,xspeed:-10.150000,yspeed:-0.610000,angle:-18.000000,distense:36.200000,rcs:22.000000
timestame:1619471078.025000000,objid:6,type:0,xpos:0.000000,ypos:0.000000,xspeed:-5.940000,yspeed:-0.710000,angle:-18.000000,distense:47.000000,rcs:23.000000
