timestame:1619469785.648000000,objid:1,type:0,xpos:0.000000,ypos:0.000000,xspeed:-18.730000,yspeed:-2.140000,angle:-7.950000,distense:113.400000,rcs:12.000000
timestame:1619469785.648000000,objid:2,type:0,xpos:0.000000,ypos:0.000000,xspeed:16.920000,yspeed:0.040000,angle:0.930000,distense:189.200000,rcs:12.000000
timestame:1619469785.648000000,objid:4,type:0,xpos:0.000000,ypos:0.000000,xspeed:-17.240000,yspeed:-0.320000,angle:-8.320000,distense:105.200000,rcs:9.000000
timestame:1619469785.648000000,objid:10,type:0,xpos:0.000000,ypos:0.000000,xspeed:16.820000,yspeed:0.240000,angle:1.230000,distense:176.400000,rcs:26.000000
