timestame:1619470481.517000000,objid:1,type:0,xpos:0.000000,ypos:0.000000,xspeed:-4.980000,yspeed:0.030000,angle:-7.190000,distense:91.800000,rcs:24.000000
timestame:1619470481.517000000,objid:2,type:0,xpos:0.000000,ypos:0.000000,xspeed:1.700000,yspeed:-0.350000,angle:10.900000,distense:81.800000,rcs:9.000000
timestame:1619470481.517000000,objid:6,type:0,xpos:0.000000,ypos:0.000000,xspeed:-7.110000,yspeed:-2.230000,angle:-6.640000,distense:98.200000,rcs:15.000000
