timestame:1619470766.728000000,objid:0,type:0,xpos:0.000000,ypos:0.000000,xspeed:-12.770000,yspeed:-6.270000,angle:-4.320000,distense:190.800000,rcs:18.000000
timestame:1619470766.728000000,objid:9,type:0,xpos:0.000000,ypos:0.000000,xspeed:6.810000,yspeed:0.280000,angle:2.560000,distense:49.600000,rcs:31.000000
