timestame:1619469691.306000000,objid:2,type:0,xpos:0.000000,ypos:0.000000,xspeed:1.460000,yspeed:-7.520000,angle:-8.450000,distense:60.000000,rcs:27.000000
timestame:1619469691.306000000,objid:3,type:0,xpos:0.000000,ypos:0.000000,xspeed:1.580000,yspeed:-2.050000,angle:-14.490000,distense:48.000000,rcs:19.000000
timestame:1619469691.306000000,objid:4,type:0,xpos:0.000000,ypos:0.000000,xspeed:1.470000,yspeed:-5.710000,angle:19.560000,distense:46.200000,rcs:28.000000
timestame:1619469691.306000000,objid:13,type:0,xpos:0.000000,ypos:0.000000,xspeed:-1.750000,yspeed:6.850000,angle:11.960000,distense:34.800000,rcs:12.000000
