timestame:1619469997.207000000,objid:9,type:0,xpos:0.000000,ypos:0.000000,xspeed:2.260000,yspeed:-3.600000,angle:19.820000,distense:45.600000,rcs:19.000000
timestame:1619469997.207000000,objid:10,type:0,xpos:0.000000,ypos:0.000000,xspeed:-1.130000,yspeed:-3.700000,angle:-18.000000,distense:37.200000,rcs:22.000000
timestame:1619469997.207000000,objid:11,type:0,xpos:0.000000,ypos:0.000000,xspeed:-1.220000,yspeed:-1.100000,angle:-18.000000,distense:34.200000,rcs:9.000000
timestame:1619469997.207000000,objid:15,type:0,xpos:0.000000,ypos:0.000000,xspeed:-1.230000,yspeed:-2.670000,angle:-18.000000,distense:35.800000,rcs:21.000000
