timestame:1619470733.139000000,objid:1,type:0,xpos:0.000000,ypos:0.000000,xspeed:12.260000,yspeed:0.550000,angle:3.210000,distense:64.600000,rcs:12.000000
timestame:1619470733.139000000,objid:6,type:0,xpos:0.000000,ypos:0.000000,xspeed:12.460000,yspeed:0.600000,angle:2.570000,distense:53.600000,rcs:39.000000
