timestame:1619471001.223000000,objid:0,type:0,xpos:0.000000,ypos:0.000000,xspeed:-17.480000,yspeed:-0.060000,angle:-4.800000,distense:163.200000,rcs:19.000000
timestame:1619471001.223000000,objid:1,type:0,xpos:0.000000,ypos:0.000000,xspeed:-14.280000,yspeed:0.000000,angle:-4.390000,distense:166.400000,rcs:18.000000
