timestame:1619470228.028000000,objid:8,type:0,xpos:0.000000,ypos:0.000000,xspeed:-1.770000,yspeed:-2.530000,angle:-15.320000,distense:40.400000,rcs:20.000000
timestame:1619470228.028000000,objid:11,type:0,xpos:0.000000,ypos:0.000000,xspeed:-10.840000,yspeed:1.630000,angle:-2.250000,distense:184.800000,rcs:9.000000
