timestame:1619470081.157000000,objid:0,type:0,xpos:0.000000,ypos:0.000000,xspeed:1.150000,yspeed:-5.350000,angle:9.630000,distense:49.200000,rcs:9.000000
timestame:1619470081.157000000,objid:4,type:0,xpos:0.000000,ypos:0.000000,xspeed:2.950000,yspeed:-7.840000,angle:6.430000,distense:49.600000,rcs:26.000000
