timestame:1619470154.705000000,objid:3,type:0,xpos:0.000000,ypos:0.000000,xspeed:-4.980000,yspeed:-0.420000,angle:-18.000000,distense:43.800000,rcs:20.000000
timestame:1619470154.705000000,objid:5,type:0,xpos:0.000000,ypos:0.000000,xspeed:3.930000,yspeed:2.920000,angle:-15.560000,distense:35.000000,rcs:15.000000
timestame:1619470154.705000000,objid:7,type:0,xpos:0.000000,ypos:0.000000,xspeed:-15.100000,yspeed:-0.730000,angle:-7.980000,distense:111.200000,rcs:16.000000
timestame:1619470154.705000000,objid:13,type:0,xpos:0.000000,ypos:0.000000,xspeed:-14.990000,yspeed:-0.500000,angle:-7.590000,distense:116.000000,rcs:13.000000
