timestame:1619469528.558000000,objid:1,type:0,xpos:0.000000,ypos:0.000000,xspeed:1.590000,yspeed:-2.900000,angle:-18.000000,distense:64.600000,rcs:18.000000
timestame:1619469528.558000000,objid:2,type:0,xpos:0.000000,ypos:0.000000,xspeed:2.640000,yspeed:-3.590000,angle:-18.000000,distense:65.600000,rcs:6.000000
timestame:1619469528.558000000,objid:4,type:0,xpos:0.000000,ypos:0.000000,xspeed:8.120000,yspeed:-4.830000,angle:-18.000000,distense:70.600000,rcs:9.000000
timestame:1619469528.558000000,objid:11,type:0,xpos:0.000000,ypos:0.000000,xspeed:1.340000,yspeed:-4.660000,angle:-18.000000,distense:75.600000,rcs:6.000000
