timestame:1619471519.727000000,objid:7,type:0,xpos:0.000000,ypos:0.000000,xspeed:16.670000,yspeed:0.270000,angle:1.440000,distense:210.400000,rcs:21.000000
timestame:1619471519.727000000,objid:10,type:0,xpos:0.000000,ypos:0.000000,xspeed:16.610000,yspeed:0.300000,angle:1.380000,distense:199.800000,rcs:25.000000
