timestame:1619469626.038000000,objid:1,type:0,xpos:0.000000,ypos:0.000000,xspeed:-4.530000,yspeed:-0.310000,angle:-18.000000,distense:45.400000,rcs:9.000000
timestame:1619469626.038000000,objid:2,type:0,xpos:0.000000,ypos:0.000000,xspeed:-4.380000,yspeed:0.000000,angle:-16.970000,distense:58.200000,rcs:27.000000
timestame:1619469626.038000000,objid:4,type:0,xpos:0.000000,ypos:0.000000,xspeed:-12.510000,yspeed:-0.540000,angle:-18.000000,distense:33.600000,rcs:15.000000
