timestame:1619471090.868000000,objid:1,type:0,xpos:0.000000,ypos:0.000000,xspeed:10.640000,yspeed:0.390000,angle:5.610000,distense:56.000000,rcs:15.000000
timestame:1619471090.868000000,objid:2,type:0,xpos:0.000000,ypos:0.000000,xspeed:6.090000,yspeed:0.180000,angle:2.060000,distense:47.600000,rcs:43.000000
timestame:1619471090.868000000,objid:4,type:0,xpos:0.000000,ypos:0.000000,xspeed:-21.960000,yspeed:-0.910000,angle:-18.000000,distense:32.400000,rcs:12.000000
timestame:1619471090.868000000,objid:5,type:0,xpos:0.000000,ypos:0.000000,xspeed:11.460000,yspeed:1.640000,angle:2.140000,distense:106.800000,rcs:21.000000
