timestame:1619470985.753000000,objid:0,type:0,xpos:0.000000,ypos:0.000000,xspeed:8.820000,yspeed:0.230000,angle:2.220000,distense:199.600000,rcs:30.000000
timestame:1619470985.753000000,objid:1,type:0,xpos:0.000000,ypos:0.000000,xspeed:-15.690000,yspeed:-0.500000,angle:-13.070000,distense:55.800000,rcs:16.000000
timestame:1619470985.753000000,objid:3,type:0,xpos:0.000000,ypos:0.000000,xspeed:4.420000,yspeed:-1.500000,angle:8.800000,distense:79.400000,rcs:6.000000
timestame:1619470985.753000000,objid:4,type:0,xpos:0.000000,ypos:0.000000,xspeed:-13.620000,yspeed:-2.210000,angle:-6.370000,distense:112.400000,rcs:6.000000
