timestame:1619470164.072000000,objid:3,type:0,xpos:0.000000,ypos:0.000000,xspeed:5.540000,yspeed:0.490000,angle:7.740000,distense:45.200000,rcs:29.000000
timestame:1619470164.072000000,objid:6,type:0,xpos:0.000000,ypos:0.000000,xspeed:1.000000,yspeed:0.130000,angle:0.850000,distense:20.800000,rcs:27.000000
