timestame:1619470026.067000000,objid:0,type:0,xpos:0.000000,ypos:0.000000,xspeed:6.780000,yspeed:-0.800000,angle:2.810000,distense:34.800000,rcs:9.000000
timestame:1619470026.067000000,objid:2,type:0,xpos:0.000000,ypos:0.000000,xspeed:6.370000,yspeed:0.660000,angle:2.320000,distense:26.000000,rcs:39.000000
timestame:1619470026.067000000,objid:9,type:0,xpos:0.000000,ypos:0.000000,xspeed:-2.000000,yspeed:-0.890000,angle:-18.000000,distense:28.000000,rcs:6.000000
timestame:1619470026.067000000,objid:15,type:0,xpos:0.000000,ypos:0.000000,xspeed:-2.480000,yspeed:-0.590000,angle:-18.000000,distense:26.200000,rcs:6.000000
