timestame:1619470145.502000000,objid:0,type:0,xpos:0.000000,ypos:0.000000,xspeed:3.560000,yspeed:1.820000,angle:22.260000,distense:35.400000,rcs:15.000000
timestame:1619470145.502000000,objid:2,type:0,xpos:0.000000,ypos:0.000000,xspeed:7.630000,yspeed:3.110000,angle:19.960000,distense:31.800000,rcs:20.000000
