timestame:1619470438.295000000,objid:1,type:0,xpos:0.000000,ypos:0.000000,xspeed:13.380000,yspeed:0.620000,angle:2.480000,distense:32.000000,rcs:35.000000
timestame:1619470438.295000000,objid:2,type:0,xpos:0.000000,ypos:0.000000,xspeed:3.840000,yspeed:0.080000,angle:11.230000,distense:68.800000,rcs:22.000000
