timestame:1619469996.089000000,objid:8,type:0,xpos:0.000000,ypos:0.000000,xspeed:1.120000,yspeed:2.990000,angle:-0.680000,distense:45.200000,rcs:6.000000
timestame:1619469996.089000000,objid:15,type:0,xpos:0.000000,ypos:0.000000,xspeed:-1.410000,yspeed:-2.400000,angle:-18.000000,distense:35.600000,rcs:34.000000
timestame:1619469996.089000000,objid:24,type:0,xpos:0.000000,ypos:0.000000,xspeed:1.680000,yspeed:3.520000,angle:-6.600000,distense:41.600000,rcs:9.000000
