timestame:1619471089.569000000,objid:0,type:0,xpos:0.000000,ypos:0.000000,xspeed:10.080000,yspeed:0.440000,angle:1.890000,distense:88.600000,rcs:22.000000
timestame:1619471089.569000000,objid:1,type:0,xpos:0.000000,ypos:0.000000,xspeed:9.530000,yspeed:0.580000,angle:7.200000,distense:40.600000,rcs:21.000000
timestame:1619471089.569000000,objid:2,type:0,xpos:0.000000,ypos:0.000000,xspeed:5.040000,yspeed:-0.010000,angle:1.970000,distense:38.600000,rcs:47.000000
timestame:1619471089.569000000,objid:4,type:0,xpos:0.000000,ypos:0.000000,xspeed:-21.950000,yspeed:-0.940000,angle:-13.730000,distense:59.200000,rcs:9.000000
