timestame:1619470596.412000000,objid:1,type:0,xpos:0.000000,ypos:0.000000,xspeed:6.110000,yspeed:2.940000,angle:-15.880000,distense:34.600000,rcs:24.000000
timestame:1619470596.412000000,objid:5,type:0,xpos:0.000000,ypos:0.000000,xspeed:5.130000,yspeed:3.980000,angle:-12.380000,distense:45.000000,rcs:22.000000
