timestame:1619470168.350000000,objid:0,type:0,xpos:0.000000,ypos:0.000000,xspeed:6.320000,yspeed:0.230000,angle:2.120000,distense:46.400000,rcs:28.000000
timestame:1619470168.350000000,objid:3,type:0,xpos:0.000000,ypos:0.000000,xspeed:8.060000,yspeed:0.250000,angle:5.460000,distense:79.200000,rcs:32.000000
