timestame:1619470212.530000000,objid:0,type:0,xpos:0.000000,ypos:0.000000,xspeed:1.140000,yspeed:0.090000,angle:6.220000,distense:16.600000,rcs:23.000000
timestame:1619470212.530000000,objid:1,type:0,xpos:0.000000,ypos:0.000000,xspeed:-9.750000,yspeed:15.790000,angle:-17.580000,distense:43.400000,rcs:15.000000
timestame:1619470212.530000000,objid:2,type:0,xpos:0.000000,ypos:0.000000,xspeed:-2.160000,yspeed:8.120000,angle:-14.120000,distense:43.800000,rcs:16.000000
