timestame:1619470223.243000000,objid:6,type:0,xpos:0.000000,ypos:0.000000,xspeed:22.980000,yspeed:11.970000,angle:18.040000,distense:66.000000,rcs:15.000000
timestame:1619470223.243000000,objid:8,type:0,xpos:0.000000,ypos:0.000000,xspeed:-2.070000,yspeed:7.760000,angle:-5.790000,distense:40.600000,rcs:6.000000
timestame:1619470223.243000000,objid:11,type:0,xpos:0.000000,ypos:0.000000,xspeed:-2.200000,yspeed:7.120000,angle:-2.660000,distense:39.600000,rcs:9.000000
