timestame:1619470774.357000000,objid:0,type:0,xpos:0.000000,ypos:0.000000,xspeed:-9.290000,yspeed:-0.160000,angle:-7.570000,distense:113.800000,rcs:18.000000
timestame:1619470774.357000000,objid:2,type:0,xpos:0.000000,ypos:0.000000,xspeed:17.730000,yspeed:0.420000,angle:1.450000,distense:158.800000,rcs:13.000000
