timestame:1619470502.290000000,objid:1,type:0,xpos:0.000000,ypos:0.000000,xspeed:-1.830000,yspeed:-2.030000,angle:-18.000000,distense:37.600000,rcs:28.000000
timestame:1619470502.290000000,objid:2,type:0,xpos:0.000000,ypos:0.000000,xspeed:-1.670000,yspeed:-0.680000,angle:-18.000000,distense:35.000000,rcs:27.000000
timestame:1619470502.290000000,objid:3,type:0,xpos:0.000000,ypos:0.000000,xspeed:-1.140000,yspeed:-3.370000,angle:-10.580000,distense:39.400000,rcs:37.000000
timestame:1619470502.290000000,objid:6,type:0,xpos:0.000000,ypos:0.000000,xspeed:-2.610000,yspeed:-0.570000,angle:-18.000000,distense:31.400000,rcs:6.000000
