timestame:1619470072.400000000,objid:3,type:0,xpos:0.000000,ypos:0.000000,xspeed:-1.540000,yspeed:2.510000,angle:15.660000,distense:48.400000,rcs:31.000000
timestame:1619470072.400000000,objid:4,type:0,xpos:0.000000,ypos:0.000000,xspeed:-1.370000,yspeed:2.360000,angle:19.670000,distense:43.800000,rcs:32.000000
timestame:1619470072.400000000,objid:8,type:0,xpos:0.000000,ypos:0.000000,xspeed:2.360000,yspeed:2.490000,angle:-11.500000,distense:38.800000,rcs:9.000000
