timestame:1619470499.295000000,objid:2,type:0,xpos:0.000000,ypos:0.000000,xspeed:-1.380000,yspeed:-1.880000,angle:-18.000000,distense:39.200000,rcs:27.000000
timestame:1619470499.295000000,objid:4,type:0,xpos:0.000000,ypos:0.000000,xspeed:2.680000,yspeed:-6.970000,angle:14.520000,distense:44.600000,rcs:22.000000
timestame:1619470499.295000000,objid:7,type:0,xpos:0.000000,ypos:0.000000,xspeed:-1.720000,yspeed:-1.990000,angle:-18.000000,distense:45.600000,rcs:15.000000
