timestame:1619471265.320000000,objid:0,type:0,xpos:0.000000,ypos:0.000000,xspeed:12.140000,yspeed:2.990000,angle:3.360000,distense:166.800000,rcs:9.000000
timestame:1619471265.320000000,objid:2,type:0,xpos:0.000000,ypos:0.000000,xspeed:13.050000,yspeed:0.140000,angle:2.620000,distense:143.000000,rcs:24.000000
timestame:1619471265.320000000,objid:6,type:0,xpos:0.000000,ypos:0.000000,xspeed:13.030000,yspeed:-0.040000,angle:2.330000,distense:155.000000,rcs:9.000000
timestame:1619471265.320000000,objid:10,type:0,xpos:0.000000,ypos:0.000000,xspeed:13.000000,yspeed:-0.040000,angle:2.590000,distense:130.400000,rcs:22.000000
