timestame:1619471363.459000000,objid:2,type:0,xpos:0.000000,ypos:0.000000,xspeed:6.690000,yspeed:-0.180000,angle:4.260000,distense:93.600000,rcs:20.000000
timestame:1619471363.459000000,objid:4,type:0,xpos:0.000000,ypos:0.000000,xspeed:6.440000,yspeed:0.080000,angle:5.120000,distense:87.000000,rcs:20.000000
timestame:1619471363.459000000,objid:7,type:0,xpos:0.000000,ypos:0.000000,xspeed:10.260000,yspeed:0.120000,angle:1.560000,distense:110.800000,rcs:24.000000
