timestame:1619470644.160000000,objid:2,type:0,xpos:0.000000,ypos:0.000000,xspeed:-6.450000,yspeed:-0.080000,angle:-5.140000,distense:161.600000,rcs:19.000000
timestame:1619470644.160000000,objid:5,type:0,xpos:0.000000,ypos:0.000000,xspeed:7.110000,yspeed:0.650000,angle:20.320000,distense:50.400000,rcs:6.000000
timestame:1619470644.160000000,objid:6,type:0,xpos:0.000000,ypos:0.000000,xspeed:3.620000,yspeed:-10.750000,angle:0.390000,distense:49.200000,rcs:32.000000
timestame:1619470644.160000000,objid:8,type:0,xpos:0.000000,ypos:0.000000,xspeed:-1.810000,yspeed:-5.060000,angle:9.720000,distense:87.200000,rcs:12.000000
