timestame:1619470962.813000000,objid:0,type:0,xpos:0.000000,ypos:0.000000,xspeed:3.450000,yspeed:0.300000,angle:7.180000,distense:47.000000,rcs:6.000000
timestame:1619470962.813000000,objid:6,type:0,xpos:0.000000,ypos:0.000000,xspeed:9.930000,yspeed:0.450000,angle:1.850000,distense:90.000000,rcs:22.000000
timestame:1619470962.813000000,objid:9,type:0,xpos:0.000000,ypos:0.000000,xspeed:9.700000,yspeed:0.190000,angle:2.280000,distense:108.400000,rcs:9.000000
timestame:1619470962.813000000,objid:12,type:0,xpos:0.000000,ypos:0.000000,xspeed:3.180000,yspeed:0.040000,angle:5.370000,distense:57.400000,rcs:27.000000
