timestame:1619470474.164000000,objid:1,type:0,xpos:0.000000,ypos:0.000000,xspeed:-12.050000,yspeed:-0.580000,angle:-4.660000,distense:145.200000,rcs:9.000000
timestame:1619470474.164000000,objid:2,type:0,xpos:0.000000,ypos:0.000000,xspeed:1.290000,yspeed:-0.810000,angle:14.280000,distense:71.400000,rcs:6.000000
