timestame:1619470497.183000000,objid:6,type:0,xpos:0.000000,ypos:0.000000,xspeed:-1.310000,yspeed:3.350000,angle:-9.230000,distense:46.800000,rcs:16.000000
timestame:1619470497.183000000,objid:7,type:0,xpos:0.000000,ypos:0.000000,xspeed:-1.550000,yspeed:-3.790000,angle:-14.020000,distense:48.200000,rcs:9.000000
