timestame:1619470194.430000000,objid:1,type:0,xpos:0.000000,ypos:0.000000,xspeed:1.640000,yspeed:1.060000,angle:6.430000,distense:141.200000,rcs:21.000000
timestame:1619470194.430000000,objid:2,type:0,xpos:0.000000,ypos:0.000000,xspeed:-6.740000,yspeed:14.620000,angle:-2.680000,distense:44.000000,rcs:6.000000
timestame:1619470194.430000000,objid:4,type:0,xpos:0.000000,ypos:0.000000,xspeed:-3.820000,yspeed:7.740000,angle:7.320000,distense:152.200000,rcs:6.000000
