timestame:1619471042.720000000,objid:2,type:0,xpos:0.000000,ypos:0.000000,xspeed:-2.470000,yspeed:-0.640000,angle:-18.000000,distense:32.400000,rcs:16.000000
timestame:1619471042.720000000,objid:8,type:0,xpos:0.000000,ypos:0.000000,xspeed:2.150000,yspeed:1.400000,angle:-18.000000,distense:38.400000,rcs:19.000000
timestame:1619471042.720000000,objid:9,type:0,xpos:0.000000,ypos:0.000000,xspeed:1.960000,yspeed:-4.100000,angle:-15.510000,distense:47.800000,rcs:26.000000
timestame:1619471042.720000000,objid:16,type:0,xpos:0.000000,ypos:0.000000,xspeed:-1.400000,yspeed:0.020000,angle:-18.000000,distense:34.200000,rcs:21.000000
