timestame:1619469619.755000000,objid:1,type:0,xpos:0.000000,ypos:0.000000,xspeed:-2.170000,yspeed:-0.030000,angle:-13.560000,distense:71.400000,rcs:18.000000
timestame:1619469619.755000000,objid:3,type:0,xpos:0.000000,ypos:0.000000,xspeed:-1.770000,yspeed:-0.040000,angle:-11.020000,distense:85.200000,rcs:19.000000
timestame:1619469619.755000000,objid:4,type:0,xpos:0.000000,ypos:0.000000,xspeed:-16.330000,yspeed:1.250000,angle:-4.700000,distense:115.800000,rcs:20.000000
timestame:1619469619.755000000,objid:5,type:0,xpos:0.000000,ypos:0.000000,xspeed:-7.000000,yspeed:0.000000,angle:-13.580000,distense:170.000000,rcs:9.000000
