timestame:1619470485.727000000,objid:1,type:0,xpos:0.000000,ypos:0.000000,xspeed:-2.910000,yspeed:-0.240000,angle:-9.140000,distense:79.600000,rcs:20.000000
timestame:1619470485.727000000,objid:2,type:0,xpos:0.000000,ypos:0.000000,xspeed:1.900000,yspeed:-7.090000,angle:0.120000,distense:64.200000,rcs:26.000000
timestame:1619470485.727000000,objid:4,type:0,xpos:0.000000,ypos:0.000000,xspeed:-1.320000,yspeed:-5.030000,angle:-14.610000,distense:39.600000,rcs:32.000000
