timestame:1619471265.443000000,objid:0,type:0,xpos:0.000000,ypos:0.000000,xspeed:12.280000,yspeed:2.120000,angle:3.200000,distense:168.400000,rcs:9.000000
timestame:1619471265.443000000,objid:2,type:0,xpos:0.000000,ypos:0.000000,xspeed:13.070000,yspeed:0.130000,angle:2.590000,distense:144.600000,rcs:25.000000
timestame:1619471265.443000000,objid:6,type:0,xpos:0.000000,ypos:0.000000,xspeed:13.060000,yspeed:-0.020000,angle:2.320000,distense:156.600000,rcs:12.000000
timestame:1619471265.443000000,objid:10,type:0,xpos:0.000000,ypos:0.000000,xspeed:13.000000,yspeed:-0.060000,angle:2.540000,distense:132.000000,rcs:26.000000
