timestame:1619470189.680000000,objid:1,type:0,xpos:0.000000,ypos:0.000000,xspeed:1.240000,yspeed:2.830000,angle:-6.230000,distense:44.000000,rcs:6.000000
timestame:1619470189.680000000,objid:2,type:0,xpos:0.000000,ypos:0.000000,xspeed:-5.790000,yspeed:3.640000,angle:-3.860000,distense:53.200000,rcs:33.000000
timestame:1619470189.680000000,objid:7,type:0,xpos:0.000000,ypos:0.000000,xspeed:3.760000,yspeed:0.230000,angle:5.880000,distense:136.800000,rcs:16.000000
timestame:1619470189.680000000,objid:11,type:0,xpos:0.000000,ypos:0.000000,xspeed:4.600000,yspeed:0.200000,angle:4.280000,distense:135.600000,rcs:20.000000
