timestame:1619471097.693000000,objid:2,type:0,xpos:0.000000,ypos:0.000000,xspeed:8.790000,yspeed:0.020000,angle:1.250000,distense:103.200000,rcs:27.000000
timestame:1619471097.693000000,objid:3,type:0,xpos:0.000000,ypos:0.000000,xspeed:-17.710000,yspeed:-1.150000,angle:-14.760000,distense:52.800000,rcs:20.000000
