timestame:1619470663.933000000,objid:0,type:0,xpos:0.000000,ypos:0.000000,xspeed:-1.570000,yspeed:0.160000,angle:-9.650000,distense:94.200000,rcs:15.000000
timestame:1619470663.933000000,objid:1,type:0,xpos:0.000000,ypos:0.000000,xspeed:3.780000,yspeed:0.000000,angle:-18.000000,distense:51.800000,rcs:12.000000
timestame:1619470663.933000000,objid:3,type:0,xpos:0.000000,ypos:0.000000,xspeed:-1.720000,yspeed:-0.050000,angle:-7.940000,distense:105.800000,rcs:13.000000
