timestame:1619469913.422000000,objid:0,type:0,xpos:0.000000,ypos:0.000000,xspeed:-6.190000,yspeed:1.610000,angle:-18.000000,distense:36.000000,rcs:6.000000
timestame:1619469913.422000000,objid:1,type:0,xpos:0.000000,ypos:0.000000,xspeed:4.820000,yspeed:0.010000,angle:1.650000,distense:92.000000,rcs:22.000000
timestame:1619469913.422000000,objid:2,type:0,xpos:0.000000,ypos:0.000000,xspeed:12.050000,yspeed:0.230000,angle:2.600000,distense:172.400000,rcs:18.000000
timestame:1619469913.422000000,objid:8,type:0,xpos:0.000000,ypos:0.000000,xspeed:4.780000,yspeed:-0.010000,angle:1.970000,distense:85.200000,rcs:30.000000
