timestame:1619469912.677000000,objid:0,type:0,xpos:0.000000,ypos:0.000000,xspeed:-6.410000,yspeed:0.000000,angle:-18.000000,distense:40.600000,rcs:16.000000
timestame:1619469912.677000000,objid:1,type:0,xpos:0.000000,ypos:0.000000,xspeed:4.620000,yspeed:0.000000,angle:1.690000,distense:87.800000,rcs:19.000000
timestame:1619469912.677000000,objid:2,type:0,xpos:0.000000,ypos:0.000000,xspeed:11.510000,yspeed:0.260000,angle:2.740000,distense:162.200000,rcs:21.000000
timestame:1619469912.677000000,objid:8,type:0,xpos:0.000000,ypos:0.000000,xspeed:4.540000,yspeed:0.050000,angle:2.150000,distense:81.000000,rcs:26.000000
