timestame:1619469553.835000000,objid:2,type:0,xpos:0.000000,ypos:0.000000,xspeed:-2.390000,yspeed:3.600000,angle:-18.000000,distense:45.000000,rcs:16.000000
timestame:1619469553.835000000,objid:3,type:0,xpos:0.000000,ypos:0.000000,xspeed:-1.300000,yspeed:2.620000,angle:-18.000000,distense:50.600000,rcs:15.000000
