timestame:1619471407.139000000,objid:7,type:0,xpos:0.000000,ypos:0.000000,xspeed:-1.120000,yspeed:-4.000000,angle:-5.160000,distense:42.600000,rcs:33.000000
timestame:1619471407.139000000,objid:9,type:0,xpos:0.000000,ypos:0.000000,xspeed:-1.200000,yspeed:6.390000,angle:13.850000,distense:40.400000,rcs:6.000000
timestame:1619471407.139000000,objid:11,type:0,xpos:0.000000,ypos:0.000000,xspeed:-15.630000,yspeed:-14.500000,angle:1.560000,distense:142.800000,rcs:12.000000
