timestame:1619469788.504000000,objid:1,type:0,xpos:0.000000,ypos:0.000000,xspeed:-16.270000,yspeed:-0.420000,angle:-13.280000,distense:69.000000,rcs:27.000000
timestame:1619469788.504000000,objid:4,type:0,xpos:0.000000,ypos:0.000000,xspeed:-16.630000,yspeed:-0.730000,angle:-16.800000,distense:60.000000,rcs:26.000000
timestame:1619469788.504000000,objid:10,type:0,xpos:0.000000,ypos:0.000000,xspeed:17.040000,yspeed:0.340000,angle:1.210000,distense:224.600000,rcs:16.000000
