timestame:1619469620.809000000,objid:1,type:0,xpos:0.000000,ypos:0.000000,xspeed:-2.490000,yspeed:0.160000,angle:-13.800000,distense:68.200000,rcs:16.000000
timestame:1619469620.809000000,objid:2,type:0,xpos:0.000000,ypos:0.000000,xspeed:-4.770000,yspeed:0.260000,angle:-12.020000,distense:78.600000,rcs:23.000000
timestame:1619469620.809000000,objid:4,type:0,xpos:0.000000,ypos:0.000000,xspeed:-15.740000,yspeed:0.490000,angle:-5.850000,distense:99.400000,rcs:15.000000
timestame:1619469620.809000000,objid:5,type:0,xpos:0.000000,ypos:0.000000,xspeed:-7.700000,yspeed:0.060000,angle:-12.920000,distense:161.800000,rcs:6.000000
