timestame:1619470278.050000000,objid:1,type:0,xpos:0.000000,ypos:0.000000,xspeed:-10.270000,yspeed:0.180000,angle:-5.790000,distense:82.400000,rcs:20.000000
timestame:1619470278.050000000,objid:2,type:0,xpos:0.000000,ypos:0.000000,xspeed:-2.300000,yspeed:0.040000,angle:-7.280000,distense:86.000000,rcs:9.000000
timestame:1619470278.050000000,objid:3,type:0,xpos:0.000000,ypos:0.000000,xspeed:-2.410000,yspeed:0.520000,angle:-8.730000,distense:77.200000,rcs:22.000000
timestame:1619470278.050000000,objid:11,type:0,xpos:0.000000,ypos:0.000000,xspeed:-2.750000,yspeed:-0.370000,angle:-10.660000,distense:70.800000,rcs:28.000000
