timestame:1619470790.520000000,objid:0,type:0,xpos:0.000000,ypos:0.000000,xspeed:1.630000,yspeed:0.180000,angle:1.720000,distense:18.000000,rcs:29.000000
timestame:1619470790.520000000,objid:1,type:0,xpos:0.000000,ypos:0.000000,xspeed:-3.210000,yspeed:0.000000,angle:-10.830000,distense:47.400000,rcs:20.000000
timestame:1619470790.520000000,objid:2,type:0,xpos:0.000000,ypos:0.000000,xspeed:1.030000,yspeed:-7.720000,angle:-8.000000,distense:49.400000,rcs:24.000000
