timestame:1619469854.743000000,objid:0,type:0,xpos:0.000000,ypos:0.000000,xspeed:3.540000,yspeed:-4.100000,angle:0.810000,distense:51.000000,rcs:12.000000
timestame:1619469854.743000000,objid:4,type:0,xpos:0.000000,ypos:0.000000,xspeed:-1.010000,yspeed:13.120000,angle:-9.630000,distense:51.200000,rcs:12.000000
timestame:1619469854.743000000,objid:10,type:0,xpos:0.000000,ypos:0.000000,xspeed:-11.480000,yspeed:-0.060000,angle:-4.520000,distense:142.800000,rcs:19.000000
