timestame:1619470044.462000000,objid:0,type:0,xpos:0.000000,ypos:0.000000,xspeed:4.870000,yspeed:0.030000,angle:5.330000,distense:66.400000,rcs:12.000000
timestame:1619470044.462000000,objid:3,type:0,xpos:0.000000,ypos:0.000000,xspeed:14.170000,yspeed:0.190000,angle:1.350000,distense:167.600000,rcs:20.000000
timestame:1619470044.462000000,objid:5,type:0,xpos:0.000000,ypos:0.000000,xspeed:5.700000,yspeed:0.600000,angle:6.300000,distense:57.000000,rcs:37.000000
