timestame:1619470041.988000000,objid:1,type:0,xpos:0.000000,ypos:0.000000,xspeed:12.560000,yspeed:0.070000,angle:1.220000,distense:158.400000,rcs:6.000000
timestame:1619470041.988000000,objid:3,type:0,xpos:0.000000,ypos:0.000000,xspeed:13.580000,yspeed:0.060000,angle:1.460000,distense:132.600000,rcs:9.000000
timestame:1619470041.988000000,objid:4,type:0,xpos:0.000000,ypos:0.000000,xspeed:8.750000,yspeed:0.350000,angle:4.730000,distense:56.000000,rcs:12.000000
timestame:1619470041.988000000,objid:5,type:0,xpos:0.000000,ypos:0.000000,xspeed:4.430000,yspeed:0.100000,angle:6.250000,distense:42.200000,rcs:36.000000
