timestame:1619471313.118000000,objid:1,type:0,xpos:0.000000,ypos:0.000000,xspeed:-14.530000,yspeed:-5.470000,angle:-3.480000,distense:179.200000,rcs:15.000000
timestame:1619471313.118000000,objid:2,type:0,xpos:0.000000,ypos:0.000000,xspeed:1.820000,yspeed:4.070000,angle:-6.870000,distense:46.000000,rcs:6.000000
timestame:1619471313.118000000,objid:3,type:0,xpos:0.000000,ypos:0.000000,xspeed:3.110000,yspeed:3.610000,angle:-10.830000,distense:41.400000,rcs:15.000000
timestame:1619471313.118000000,objid:4,type:0,xpos:0.000000,ypos:0.000000,xspeed:-1.090000,yspeed:5.110000,angle:6.980000,distense:36.800000,rcs:27.000000
