timestame:1619470167.487000000,objid:0,type:0,xpos:0.000000,ypos:0.000000,xspeed:5.690000,yspeed:0.180000,angle:2.100000,distense:39.800000,rcs:32.000000
timestame:1619470167.487000000,objid:3,type:0,xpos:0.000000,ypos:0.000000,xspeed:7.420000,yspeed:0.390000,angle:6.030000,distense:71.000000,rcs:25.000000
