timestame:1619470594.911000000,objid:1,type:0,xpos:0.000000,ypos:0.000000,xspeed:9.150000,yspeed:6.460000,angle:-15.080000,distense:25.000000,rcs:18.000000
timestame:1619470594.911000000,objid:5,type:0,xpos:0.000000,ypos:0.000000,xspeed:7.160000,yspeed:2.760000,angle:-17.200000,distense:37.000000,rcs:28.000000
timestame:1619470594.911000000,objid:6,type:0,xpos:0.000000,ypos:0.000000,xspeed:5.950000,yspeed:2.650000,angle:21.190000,distense:35.200000,rcs:34.000000
