timestame:1619470943.760000000,objid:1,type:0,xpos:0.000000,ypos:0.000000,xspeed:-6.000000,yspeed:0.700000,angle:-16.210000,distense:46.400000,rcs:16.000000
timestame:1619470943.760000000,objid:5,type:0,xpos:0.000000,ypos:0.000000,xspeed:-6.100000,yspeed:-0.570000,angle:-18.000000,distense:50.600000,rcs:18.000000
timestame:1619470943.760000000,objid:7,type:0,xpos:0.000000,ypos:0.000000,xspeed:-5.820000,yspeed:-0.390000,angle:-18.000000,distense:47.200000,rcs:19.000000
