timestame:1619470882.192000000,objid:3,type:0,xpos:0.000000,ypos:0.000000,xspeed:-1.500000,yspeed:-2.580000,angle:-18.000000,distense:34.200000,rcs:16.000000
timestame:1619470882.192000000,objid:11,type:0,xpos:0.000000,ypos:0.000000,xspeed:-1.830000,yspeed:-10.440000,angle:10.900000,distense:39.400000,rcs:33.000000
timestame:1619470882.192000000,objid:15,type:0,xpos:0.000000,ypos:0.000000,xspeed:-1.400000,yspeed:-3.940000,angle:10.540000,distense:48.000000,rcs:12.000000
timestame:1619470882.192000000,objid:23,type:0,xpos:0.000000,ypos:0.000000,xspeed:-1.050000,yspeed:-0.040000,angle:-18.000000,distense:48.400000,rcs:13.000000
