timestame:1619469921.729000000,objid:1,type:0,xpos:0.000000,ypos:0.000000,xspeed:6.010000,yspeed:0.160000,angle:1.370000,distense:140.000000,rcs:18.000000
timestame:1619469921.729000000,objid:8,type:0,xpos:0.000000,ypos:0.000000,xspeed:5.780000,yspeed:0.110000,angle:1.500000,distense:132.800000,rcs:16.000000
