timestame:1619470028.614000000,objid:1,type:0,xpos:0.000000,ypos:0.000000,xspeed:4.910000,yspeed:0.170000,angle:0.790000,distense:25.200000,rcs:28.000000
timestame:1619470028.614000000,objid:2,type:0,xpos:0.000000,ypos:0.000000,xspeed:6.300000,yspeed:0.270000,angle:2.350000,distense:41.600000,rcs:37.000000
