timestame:1619469526.695000000,objid:2,type:0,xpos:0.000000,ypos:0.000000,xspeed:2.820000,yspeed:-3.210000,angle:-16.860000,distense:59.000000,rcs:26.000000
timestame:1619469526.695000000,objid:3,type:0,xpos:0.000000,ypos:0.000000,xspeed:-1.820000,yspeed:0.190000,angle:-18.000000,distense:60.600000,rcs:9.000000
timestame:1619469526.695000000,objid:11,type:0,xpos:0.000000,ypos:0.000000,xspeed:1.680000,yspeed:-4.830000,angle:-18.000000,distense:69.400000,rcs:13.000000
