timestame:1619469656.705000000,objid:1,type:0,xpos:0.000000,ypos:0.000000,xspeed:2.590000,yspeed:3.650000,angle:-6.340000,distense:42.600000,rcs:6.000000
timestame:1619469656.705000000,objid:7,type:0,xpos:0.000000,ypos:0.000000,xspeed:24.010000,yspeed:0.430000,angle:1.050000,distense:178.800000,rcs:12.000000
timestame:1619469656.705000000,objid:8,type:0,xpos:0.000000,ypos:0.000000,xspeed:3.010000,yspeed:2.570000,angle:-13.550000,distense:37.000000,rcs:20.000000
timestame:1619469656.705000000,objid:14,type:0,xpos:0.000000,ypos:0.000000,xspeed:14.420000,yspeed:0.210000,angle:2.320000,distense:224.600000,rcs:6.000000
