timestame:1619469632.502000000,objid:1,type:0,xpos:0.000000,ypos:0.000000,xspeed:-13.700000,yspeed:0.000000,angle:-13.690000,distense:14.200000,rcs:9.000000
timestame:1619469632.502000000,objid:2,type:0,xpos:0.000000,ypos:0.000000,xspeed:-6.210000,yspeed:-0.380000,angle:-18.000000,distense:26.000000,rcs:6.000000
timestame:1619469632.502000000,objid:6,type:0,xpos:0.000000,ypos:0.000000,xspeed:-9.180000,yspeed:-0.050000,angle:-7.470000,distense:63.200000,rcs:26.000000
timestame:1619469632.502000000,objid:7,type:0,xpos:0.000000,ypos:0.000000,xspeed:-6.940000,yspeed:-0.670000,angle:-18.000000,distense:28.600000,rcs:6.000000
