timestame:1619470964.804000000,objid:0,type:0,xpos:0.000000,ypos:0.000000,xspeed:4.020000,yspeed:0.150000,angle:6.150000,distense:55.400000,rcs:34.000000
timestame:1619470964.804000000,objid:1,type:0,xpos:0.000000,ypos:0.000000,xspeed:11.840000,yspeed:0.960000,angle:1.240000,distense:133.200000,rcs:12.000000
timestame:1619470964.804000000,objid:6,type:0,xpos:0.000000,ypos:0.000000,xspeed:10.600000,yspeed:0.460000,angle:2.000000,distense:111.800000,rcs:26.000000
timestame:1619470964.804000000,objid:12,type:0,xpos:0.000000,ypos:0.000000,xspeed:2.980000,yspeed:-0.060000,angle:4.760000,distense:63.000000,rcs:25.000000
