timestame:1619469561.821000000,objid:2,type:0,xpos:0.000000,ypos:0.000000,xspeed:1.250000,yspeed:-1.660000,angle:-16.120000,distense:45.000000,rcs:24.000000
timestame:1619469561.821000000,objid:3,type:0,xpos:0.000000,ypos:0.000000,xspeed:2.070000,yspeed:1.640000,angle:8.190000,distense:43.400000,rcs:34.000000
timestame:1619469561.821000000,objid:9,type:0,xpos:0.000000,ypos:0.000000,xspeed:-14.910000,yspeed:8.740000,angle:9.580000,distense:103.000000,rcs:9.000000
