timestame:1619470026.825000000,objid:1,type:0,xpos:0.000000,ypos:0.000000,xspeed:3.580000,yspeed:1.440000,angle:0.200000,distense:16.000000,rcs:23.000000
timestame:1619470026.825000000,objid:2,type:0,xpos:0.000000,ypos:0.000000,xspeed:6.020000,yspeed:0.530000,angle:2.610000,distense:30.400000,rcs:38.000000
