timestame:1619470128.994000000,objid:2,type:0,xpos:0.000000,ypos:0.000000,xspeed:10.480000,yspeed:8.260000,angle:18.920000,distense:36.800000,rcs:12.000000
timestame:1619470128.994000000,objid:7,type:0,xpos:0.000000,ypos:0.000000,xspeed:-9.760000,yspeed:0.280000,angle:-4.830000,distense:120.800000,rcs:12.000000
timestame:1619470128.994000000,objid:9,type:0,xpos:0.000000,ypos:0.000000,xspeed:5.750000,yspeed:1.230000,angle:22.530000,distense:24.400000,rcs:27.000000
