timestame:1619469913.607000000,objid:0,type:0,xpos:0.000000,ypos:0.000000,xspeed:-6.340000,yspeed:1.780000,angle:-18.000000,distense:34.600000,rcs:6.000000
timestame:1619469913.607000000,objid:1,type:0,xpos:0.000000,ypos:0.000000,xspeed:4.860000,yspeed:0.090000,angle:1.740000,distense:93.000000,rcs:21.000000
timestame:1619469913.607000000,objid:2,type:0,xpos:0.000000,ypos:0.000000,xspeed:12.170000,yspeed:0.200000,angle:2.550000,distense:174.800000,rcs:21.000000
timestame:1619469913.607000000,objid:8,type:0,xpos:0.000000,ypos:0.000000,xspeed:4.820000,yspeed:0.030000,angle:2.000000,distense:86.000000,rcs:27.000000
