timestame:1619470942.339000000,objid:1,type:0,xpos:0.000000,ypos:0.000000,xspeed:-5.010000,yspeed:1.010000,angle:-14.370000,distense:55.600000,rcs:13.000000
timestame:1619470942.339000000,objid:5,type:0,xpos:0.000000,ypos:0.000000,xspeed:-5.870000,yspeed:-0.540000,angle:-17.250000,distense:58.600000,rcs:18.000000
timestame:1619470942.339000000,objid:7,type:0,xpos:0.000000,ypos:0.000000,xspeed:-11.160000,yspeed:2.980000,angle:-18.000000,distense:54.000000,rcs:13.000000
