timestame:1619471082.239000000,objid:1,type:0,xpos:0.000000,ypos:0.000000,xspeed:-7.560000,yspeed:-0.590000,angle:-18.000000,distense:25.800000,rcs:6.000000
timestame:1619471082.239000000,objid:4,type:0,xpos:0.000000,ypos:0.000000,xspeed:2.740000,yspeed:0.060000,angle:1.130000,distense:27.400000,rcs:41.000000
timestame:1619471082.239000000,objid:6,type:0,xpos:0.000000,ypos:0.000000,xspeed:-6.970000,yspeed:-0.310000,angle:-18.000000,distense:24.400000,rcs:6.000000
timestame:1619471082.239000000,objid:10,type:0,xpos:0.000000,ypos:0.000000,xspeed:5.900000,yspeed:0.430000,angle:1.550000,distense:42.600000,rcs:6.000000
