timestame:1619470535.968000000,objid:0,type:0,xpos:0.000000,ypos:0.000000,xspeed:5.530000,yspeed:1.930000,angle:18.220000,distense:33.000000,rcs:34.000000
timestame:1619470535.968000000,objid:1,type:0,xpos:0.000000,ypos:0.000000,xspeed:23.890000,yspeed:0.000000,angle:17.850000,distense:25.600000,rcs:22.000000
timestame:1619470535.968000000,objid:2,type:0,xpos:0.000000,ypos:0.000000,xspeed:-3.140000,yspeed:1.120000,angle:-10.620000,distense:93.200000,rcs:18.000000
timestame:1619470535.968000000,objid:4,type:0,xpos:0.000000,ypos:0.000000,xspeed:1.400000,yspeed:-0.570000,angle:18.070000,distense:24.800000,rcs:31.000000
