timestame:1619471056.412000000,objid:0,type:0,xpos:0.000000,ypos:0.000000,xspeed:-1.030000,yspeed:-1.840000,angle:-9.320000,distense:37.600000,rcs:33.000000
timestame:1619471056.412000000,objid:10,type:0,xpos:0.000000,ypos:0.000000,xspeed:-3.170000,yspeed:-2.650000,angle:-18.000000,distense:32.000000,rcs:19.000000
timestame:1619471056.412000000,objid:13,type:0,xpos:0.000000,ypos:0.000000,xspeed:1.310000,yspeed:-7.750000,angle:-7.190000,distense:62.200000,rcs:19.000000
timestame:1619471056.412000000,objid:14,type:0,xpos:0.000000,ypos:0.000000,xspeed:-1.800000,yspeed:-2.960000,angle:-18.000000,distense:35.600000,rcs:27.000000
