timestame:1619470014.128000000,objid:0,type:0,xpos:0.000000,ypos:0.000000,xspeed:-2.070000,yspeed:-1.710000,angle:-18.000000,distense:32.200000,rcs:13.000000
timestame:1619470014.128000000,objid:1,type:0,xpos:0.000000,ypos:0.000000,xspeed:-1.530000,yspeed:-4.730000,angle:14.790000,distense:41.000000,rcs:25.000000
timestame:1619470014.128000000,objid:5,type:0,xpos:0.000000,ypos:0.000000,xspeed:-1.030000,yspeed:-1.380000,angle:-12.900000,distense:37.000000,rcs:35.000000
timestame:1619470014.128000000,objid:8,type:0,xpos:0.000000,ypos:0.000000,xspeed:-3.870000,yspeed:0.350000,angle:-1.060000,distense:57.600000,rcs:9.000000
