timestame:1619470223.865000000,objid:8,type:0,xpos:0.000000,ypos:0.000000,xspeed:-2.080000,yspeed:7.800000,angle:0.880000,distense:39.200000,rcs:9.000000
timestame:1619470223.865000000,objid:11,type:0,xpos:0.000000,ypos:0.000000,xspeed:-2.040000,yspeed:6.650000,angle:2.310000,distense:38.600000,rcs:12.000000
