timestame:1619470734.992000000,objid:1,type:0,xpos:0.000000,ypos:0.000000,xspeed:12.100000,yspeed:-0.180000,angle:1.800000,distense:86.800000,rcs:16.000000
timestame:1619470734.992000000,objid:6,type:0,xpos:0.000000,ypos:0.000000,xspeed:12.180000,yspeed:0.340000,angle:2.200000,distense:76.000000,rcs:40.000000
