timestame:1619469877.754000000,objid:3,type:0,xpos:0.000000,ypos:0.000000,xspeed:-5.010000,yspeed:-0.810000,angle:-18.000000,distense:30.800000,rcs:13.000000
timestame:1619469877.754000000,objid:4,type:0,xpos:0.000000,ypos:0.000000,xspeed:-1.090000,yspeed:0.950000,angle:-13.010000,distense:39.200000,rcs:30.000000
timestame:1619469877.754000000,objid:6,type:0,xpos:0.000000,ypos:0.000000,xspeed:-2.320000,yspeed:-0.680000,angle:-18.000000,distense:35.800000,rcs:9.000000
timestame:1619469877.754000000,objid:9,type:0,xpos:0.000000,ypos:0.000000,xspeed:-6.050000,yspeed:-7.460000,angle:-5.580000,distense:60.400000,rcs:6.000000
