timestame:1619470983.461000000,objid:0,type:0,xpos:0.000000,ypos:0.000000,xspeed:8.300000,yspeed:0.270000,angle:2.350000,distense:179.000000,rcs:26.000000
timestame:1619470983.461000000,objid:1,type:0,xpos:0.000000,ypos:0.000000,xspeed:-15.430000,yspeed:-0.230000,angle:-7.150000,distense:90.800000,rcs:27.000000
timestame:1619470983.461000000,objid:3,type:0,xpos:0.000000,ypos:0.000000,xspeed:3.720000,yspeed:-2.850000,angle:12.050000,distense:69.200000,rcs:6.000000
