timestame:1619470639.832000000,objid:2,type:0,xpos:0.000000,ypos:0.000000,xspeed:-5.580000,yspeed:-1.580000,angle:-4.560000,distense:190.000000,rcs:9.000000
timestame:1619470639.832000000,objid:6,type:0,xpos:0.000000,ypos:0.000000,xspeed:-2.940000,yspeed:4.410000,angle:-18.000000,distense:49.400000,rcs:12.000000
timestame:1619470639.832000000,objid:7,type:0,xpos:0.000000,ypos:0.000000,xspeed:1.790000,yspeed:-11.040000,angle:-18.000000,distense:65.000000,rcs:9.000000
