timestame:1619470140.047000000,objid:0,type:0,xpos:0.000000,ypos:0.000000,xspeed:-6.990000,yspeed:-0.050000,angle:18.640000,distense:23.600000,rcs:18.000000
timestame:1619470140.047000000,objid:2,type:0,xpos:0.000000,ypos:0.000000,xspeed:-23.930000,yspeed:-3.340000,angle:16.800000,distense:21.800000,rcs:6.000000
