timestame:1619469773.895000000,objid:1,type:0,xpos:0.000000,ypos:0.000000,xspeed:3.800000,yspeed:2.240000,angle:-14.940000,distense:32.600000,rcs:9.000000
timestame:1619469773.895000000,objid:3,type:0,xpos:0.000000,ypos:0.000000,xspeed:6.110000,yspeed:0.000000,angle:-16.660000,distense:17.200000,rcs:13.000000
timestame:1619469773.895000000,objid:7,type:0,xpos:0.000000,ypos:0.000000,xspeed:3.110000,yspeed:3.360000,angle:-10.660000,distense:42.200000,rcs:20.000000
