timestame:1619471266.435000000,objid:0,type:0,xpos:0.000000,ypos:0.000000,xspeed:13.230000,yspeed:0.600000,angle:2.750000,distense:182.400000,rcs:12.000000
timestame:1619471266.435000000,objid:2,type:0,xpos:0.000000,ypos:0.000000,xspeed:13.240000,yspeed:0.120000,angle:2.400000,distense:158.200000,rcs:23.000000
timestame:1619471266.435000000,objid:6,type:0,xpos:0.000000,ypos:0.000000,xspeed:13.210000,yspeed:0.110000,angle:2.260000,distense:170.200000,rcs:12.000000
timestame:1619471266.435000000,objid:10,type:0,xpos:0.000000,ypos:0.000000,xspeed:13.250000,yspeed:0.030000,angle:2.370000,distense:145.800000,rcs:21.000000
