timestame:1619470734.560000000,objid:1,type:0,xpos:0.000000,ypos:0.000000,xspeed:12.070000,yspeed:0.010000,angle:2.200000,distense:81.600000,rcs:18.000000
timestame:1619470734.560000000,objid:6,type:0,xpos:0.000000,ypos:0.000000,xspeed:12.280000,yspeed:0.430000,angle:2.360000,distense:71.000000,rcs:31.000000
