timestame:1619470192.950000000,objid:0,type:0,xpos:0.000000,ypos:0.000000,xspeed:-4.070000,yspeed:6.960000,angle:18.990000,distense:41.800000,rcs:13.000000
timestame:1619470192.950000000,objid:1,type:0,xpos:0.000000,ypos:0.000000,xspeed:1.990000,yspeed:1.210000,angle:5.990000,distense:139.000000,rcs:34.000000
timestame:1619470192.950000000,objid:2,type:0,xpos:0.000000,ypos:0.000000,xspeed:-4.770000,yspeed:5.650000,angle:21.190000,distense:39.800000,rcs:22.000000
