timestame:1619470276.503000000,objid:1,type:0,xpos:0.000000,ypos:0.000000,xspeed:-10.310000,yspeed:0.220000,angle:-4.970000,distense:98.200000,rcs:13.000000
timestame:1619470276.503000000,objid:2,type:0,xpos:0.000000,ypos:0.000000,xspeed:-1.690000,yspeed:0.170000,angle:-6.910000,distense:90.400000,rcs:9.000000
timestame:1619470276.503000000,objid:11,type:0,xpos:0.000000,ypos:0.000000,xspeed:-1.700000,yspeed:-0.140000,angle:-9.300000,distense:76.000000,rcs:22.000000
timestame:1619470276.503000000,objid:22,type:0,xpos:0.000000,ypos:0.000000,xspeed:-1.310000,yspeed:-0.060000,angle:-7.970000,distense:83.600000,rcs:13.000000
