timestame:1619470170.027000000,objid:0,type:0,xpos:0.000000,ypos:0.000000,xspeed:7.530000,yspeed:0.430000,angle:2.530000,distense:60.400000,rcs:23.000000
timestame:1619470170.027000000,objid:1,type:0,xpos:0.000000,ypos:0.000000,xspeed:10.270000,yspeed:0.700000,angle:2.790000,distense:31.000000,rcs:41.000000
timestame:1619470170.027000000,objid:3,type:0,xpos:0.000000,ypos:0.000000,xspeed:9.340000,yspeed:0.100000,angle:4.450000,distense:96.400000,rcs:15.000000
timestame:1619470170.027000000,objid:4,type:0,xpos:0.000000,ypos:0.000000,xspeed:4.460000,yspeed:1.690000,angle:22.620000,distense:21.200000,rcs:20.000000
