timestame:1619471163.491000000,objid:0,type:0,xpos:0.000000,ypos:0.000000,xspeed:-10.790000,yspeed:0.000000,angle:-4.590000,distense:171.600000,rcs:9.000000
timestame:1619471163.491000000,objid:3,type:0,xpos:0.000000,ypos:0.000000,xspeed:4.100000,yspeed:4.140000,angle:-13.520000,distense:39.400000,rcs:27.000000
timestame:1619471163.491000000,objid:5,type:0,xpos:0.000000,ypos:0.000000,xspeed:2.690000,yspeed:5.750000,angle:-5.210000,distense:47.000000,rcs:6.000000
timestame:1619471163.491000000,objid:8,type:0,xpos:0.000000,ypos:0.000000,xspeed:3.800000,yspeed:3.950000,angle:-11.370000,distense:42.000000,rcs:16.000000
