timestame:1619470639.399000000,objid:2,type:0,xpos:0.000000,ypos:0.000000,xspeed:-8.370000,yspeed:-1.340000,angle:-4.300000,distense:191.400000,rcs:13.000000
timestame:1619470639.399000000,objid:7,type:0,xpos:0.000000,ypos:0.000000,xspeed:1.790000,yspeed:-11.040000,angle:-18.000000,distense:62.200000,rcs:9.000000
