timestame:1619470773.245000000,objid:0,type:0,xpos:0.000000,ypos:0.000000,xspeed:-9.340000,yspeed:-0.100000,angle:-6.790000,distense:124.200000,rcs:19.000000
timestame:1619470773.245000000,objid:2,type:0,xpos:0.000000,ypos:0.000000,xspeed:19.270000,yspeed:-0.420000,angle:1.410000,distense:138.600000,rcs:9.000000
