timestame:1619471038.200000000,objid:0,type:0,xpos:0.000000,ypos:0.000000,xspeed:3.660000,yspeed:-10.880000,angle:-18.000000,distense:49.600000,rcs:28.000000
timestame:1619471038.200000000,objid:2,type:0,xpos:0.000000,ypos:0.000000,xspeed:-1.890000,yspeed:-2.470000,angle:-18.000000,distense:40.600000,rcs:24.000000
timestame:1619471038.200000000,objid:3,type:0,xpos:0.000000,ypos:0.000000,xspeed:1.410000,yspeed:-3.060000,angle:16.500000,distense:48.400000,rcs:22.000000
