timestame:1619470831.026000000,objid:1,type:0,xpos:0.000000,ypos:0.000000,xspeed:9.070000,yspeed:0.160000,angle:3.260000,distense:103.800000,rcs:13.000000
timestame:1619470831.026000000,objid:2,type:0,xpos:0.000000,ypos:0.000000,xspeed:7.360000,yspeed:-0.110000,angle:2.970000,distense:108.000000,rcs:18.000000
timestame:1619470831.026000000,objid:3,type:0,xpos:0.000000,ypos:0.000000,xspeed:8.550000,yspeed:0.090000,angle:3.990000,distense:96.400000,rcs:25.000000
timestame:1619470831.026000000,objid:6,type:0,xpos:0.000000,ypos:0.000000,xspeed:11.310000,yspeed:-0.040000,angle:1.350000,distense:132.600000,rcs:16.000000
