timestame:1619470617.863000000,objid:0,type:0,xpos:0.000000,ypos:0.000000,xspeed:-27.980000,yspeed:0.000000,angle:-9.830000,distense:92.800000,rcs:19.000000
timestame:1619470617.863000000,objid:2,type:0,xpos:0.000000,ypos:0.000000,xspeed:-11.080000,yspeed:2.520000,angle:-8.370000,distense:104.000000,rcs:22.000000
