timestame:1619470439.472000000,objid:1,type:0,xpos:0.000000,ypos:0.000000,xspeed:14.300000,yspeed:0.630000,angle:2.500000,distense:50.000000,rcs:33.000000
timestame:1619470439.472000000,objid:2,type:0,xpos:0.000000,ypos:0.000000,xspeed:3.780000,yspeed:-0.050000,angle:10.380000,distense:73.200000,rcs:23.000000
