timestame:1619471268.174000000,objid:0,type:0,xpos:0.000000,ypos:0.000000,xspeed:13.550000,yspeed:0.220000,angle:2.360000,distense:206.400000,rcs:6.000000
timestame:1619471268.174000000,objid:2,type:0,xpos:0.000000,ypos:0.000000,xspeed:13.570000,yspeed:0.040000,angle:2.060000,distense:182.200000,rcs:12.000000
timestame:1619471268.174000000,objid:6,type:0,xpos:0.000000,ypos:0.000000,xspeed:13.490000,yspeed:0.100000,angle:2.020000,distense:194.000000,rcs:6.000000
timestame:1619471268.174000000,objid:10,type:0,xpos:0.000000,ypos:0.000000,xspeed:13.530000,yspeed:0.080000,angle:2.110000,distense:169.600000,rcs:29.000000
