timestame:1619469872.536000000,objid:0,type:0,xpos:0.000000,ypos:0.000000,xspeed:-2.990000,yspeed:-0.530000,angle:-18.000000,distense:28.400000,rcs:9.000000
timestame:1619469872.536000000,objid:8,type:0,xpos:0.000000,ypos:0.000000,xspeed:-2.930000,yspeed:-0.310000,angle:-18.000000,distense:26.400000,rcs:6.000000
timestame:1619469872.536000000,objid:13,type:0,xpos:0.000000,ypos:0.000000,xspeed:-1.760000,yspeed:-0.420000,angle:-18.000000,distense:31.600000,rcs:15.000000
