timestame:1619470229.453000000,objid:2,type:0,xpos:0.000000,ypos:0.000000,xspeed:-1.440000,yspeed:-2.950000,angle:-16.450000,distense:40.800000,rcs:9.000000
timestame:1619470229.453000000,objid:8,type:0,xpos:0.000000,ypos:0.000000,xspeed:-1.910000,yspeed:-2.560000,angle:-18.000000,distense:38.800000,rcs:29.000000
timestame:1619470229.453000000,objid:11,type:0,xpos:0.000000,ypos:0.000000,xspeed:-9.020000,yspeed:-2.310000,angle:-4.140000,distense:172.200000,rcs:15.000000
