timestame:1619469634.683000000,objid:3,type:0,xpos:0.000000,ypos:0.000000,xspeed:-6.280000,yspeed:2.640000,angle:-3.410000,distense:51.400000,rcs:20.000000
timestame:1619469634.683000000,objid:4,type:0,xpos:0.000000,ypos:0.000000,xspeed:3.290000,yspeed:1.450000,angle:-14.900000,distense:26.400000,rcs:9.000000
