timestame:1619470200.974000000,objid:0,type:0,xpos:0.000000,ypos:0.000000,xspeed:1.140000,yspeed:-9.210000,angle:5.740000,distense:140.200000,rcs:22.000000
timestame:1619470200.974000000,objid:2,type:0,xpos:0.000000,ypos:0.000000,xspeed:1.160000,yspeed:0.000000,angle:4.750000,distense:155.200000,rcs:12.000000
