timestame:1619471139.288000000,objid:3,type:0,xpos:0.000000,ypos:0.000000,xspeed:-2.990000,yspeed:2.810000,angle:-18.000000,distense:34.000000,rcs:15.000000
timestame:1619471139.288000000,objid:9,type:0,xpos:0.000000,ypos:0.000000,xspeed:4.140000,yspeed:1.110000,angle:7.690000,distense:47.600000,rcs:6.000000
timestame:1619471139.288000000,objid:11,type:0,xpos:0.000000,ypos:0.000000,xspeed:16.310000,yspeed:0.000000,angle:-18.000000,distense:51.800000,rcs:9.000000
