timestame:1619469622.983000000,objid:1,type:0,xpos:0.000000,ypos:0.000000,xspeed:-3.880000,yspeed:0.050000,angle:-16.120000,distense:58.800000,rcs:25.000000
timestame:1619469622.983000000,objid:2,type:0,xpos:0.000000,ypos:0.000000,xspeed:-3.820000,yspeed:-0.150000,angle:-13.790000,distense:71.200000,rcs:30.000000
timestame:1619469622.983000000,objid:4,type:0,xpos:0.000000,ypos:0.000000,xspeed:-14.630000,yspeed:-0.200000,angle:-9.540000,distense:68.800000,rcs:19.000000
