timestame:1619470439.349000000,objid:1,type:0,xpos:0.000000,ypos:0.000000,xspeed:14.140000,yspeed:0.670000,angle:2.570000,distense:48.000000,rcs:37.000000
timestame:1619470439.349000000,objid:2,type:0,xpos:0.000000,ypos:0.000000,xspeed:3.830000,yspeed:-0.050000,angle:10.430000,distense:72.800000,rcs:16.000000
