timestame:1619470703.992000000,objid:0,type:0,xpos:0.000000,ypos:0.000000,xspeed:3.930000,yspeed:2.750000,angle:-16.950000,distense:36.600000,rcs:13.000000
timestame:1619470703.992000000,objid:1,type:0,xpos:0.000000,ypos:0.000000,xspeed:10.890000,yspeed:-0.080000,angle:2.660000,distense:139.200000,rcs:9.000000
timestame:1619470703.992000000,objid:2,type:0,xpos:0.000000,ypos:0.000000,xspeed:-7.940000,yspeed:-0.670000,angle:-16.610000,distense:74.000000,rcs:12.000000
