timestame:1619470442.888000000,objid:1,type:0,xpos:0.000000,ypos:0.000000,xspeed:16.360000,yspeed:0.420000,angle:2.030000,distense:106.200000,rcs:20.000000
timestame:1619470442.888000000,objid:2,type:0,xpos:0.000000,ypos:0.000000,xspeed:3.820000,yspeed:-0.180000,angle:8.530000,distense:86.000000,rcs:25.000000
