timestame:1619470592.804000000,objid:0,type:0,xpos:0.000000,ypos:0.000000,xspeed:-14.640000,yspeed:-0.580000,angle:-18.000000,distense:37.000000,rcs:12.000000
timestame:1619470592.804000000,objid:2,type:0,xpos:0.000000,ypos:0.000000,xspeed:34.790000,yspeed:-7.020000,angle:-10.860000,distense:41.000000,rcs:6.000000
timestame:1619470592.804000000,objid:5,type:0,xpos:0.000000,ypos:0.000000,xspeed:8.680000,yspeed:4.470000,angle:-13.140000,distense:21.200000,rcs:25.000000
timestame:1619470592.804000000,objid:6,type:0,xpos:0.000000,ypos:0.000000,xspeed:7.320000,yspeed:1.910000,angle:20.010000,distense:21.800000,rcs:26.000000
