timestame:1619469772.334000000,objid:1,type:0,xpos:0.000000,ypos:0.000000,xspeed:3.610000,yspeed:1.290000,angle:-17.000000,distense:25.400000,rcs:20.000000
timestame:1619469772.334000000,objid:3,type:0,xpos:0.000000,ypos:0.000000,xspeed:4.020000,yspeed:1.230000,angle:21.030000,distense:37.200000,rcs:12.000000
timestame:1619469772.334000000,objid:7,type:0,xpos:0.000000,ypos:0.000000,xspeed:4.040000,yspeed:1.370000,angle:-16.650000,distense:35.400000,rcs:25.000000
