timestame:1619470237.319000000,objid:3,type:0,xpos:0.000000,ypos:0.000000,xspeed:-1.750000,yspeed:-3.730000,angle:-18.000000,distense:40.600000,rcs:27.000000
timestame:1619470237.319000000,objid:11,type:0,xpos:0.000000,ypos:0.000000,xspeed:-4.860000,yspeed:0.090000,angle:-4.920000,distense:124.600000,rcs:22.000000
timestame:1619470237.319000000,objid:14,type:0,xpos:0.000000,ypos:0.000000,xspeed:2.950000,yspeed:3.480000,angle:-18.000000,distense:36.400000,rcs:15.000000
