timestame:1619470002.101000000,objid:6,type:0,xpos:0.000000,ypos:0.000000,xspeed:1.610000,yspeed:-0.730000,angle:-18.000000,distense:39.400000,rcs:21.000000
timestame:1619470002.101000000,objid:11,type:0,xpos:0.000000,ypos:0.000000,xspeed:-1.510000,yspeed:-0.350000,angle:-18.000000,distense:29.000000,rcs:6.000000
timestame:1619470002.101000000,objid:19,type:0,xpos:0.000000,ypos:0.000000,xspeed:1.300000,yspeed:-0.280000,angle:11.680000,distense:13.200000,rcs:23.000000
