timestame:1619470071.591000000,objid:3,type:0,xpos:0.000000,ypos:0.000000,xspeed:-1.590000,yspeed:2.840000,angle:13.350000,distense:49.000000,rcs:35.000000
timestame:1619470071.591000000,objid:4,type:0,xpos:0.000000,ypos:0.000000,xspeed:-1.590000,yspeed:2.770000,angle:17.400000,distense:44.200000,rcs:19.000000
timestame:1619470071.591000000,objid:8,type:0,xpos:0.000000,ypos:0.000000,xspeed:2.620000,yspeed:2.220000,angle:-13.620000,distense:36.200000,rcs:16.000000
