timestame:1619471097.632000000,objid:2,type:0,xpos:0.000000,ypos:0.000000,xspeed:8.740000,yspeed:0.000000,angle:1.230000,distense:102.600000,rcs:22.000000
timestame:1619471097.632000000,objid:3,type:0,xpos:0.000000,ypos:0.000000,xspeed:-17.710000,yspeed:-1.150000,angle:-14.400000,distense:53.800000,rcs:20.000000
