timestame:1619470212.285000000,objid:0,type:0,xpos:0.000000,ypos:0.000000,xspeed:1.330000,yspeed:0.130000,angle:6.300000,distense:16.600000,rcs:25.000000
timestame:1619470212.285000000,objid:2,type:0,xpos:0.000000,ypos:0.000000,xspeed:-2.350000,yspeed:7.840000,angle:-16.680000,distense:44.800000,rcs:18.000000
