timestame:1619470699.215000000,objid:1,type:0,xpos:0.000000,ypos:0.000000,xspeed:8.330000,yspeed:0.270000,angle:4.500000,distense:88.600000,rcs:13.000000
timestame:1619470699.215000000,objid:2,type:0,xpos:0.000000,ypos:0.000000,xspeed:-9.620000,yspeed:0.000000,angle:-10.700000,distense:112.400000,rcs:13.000000
