timestame:1619470594.418000000,objid:5,type:0,xpos:0.000000,ypos:0.000000,xspeed:7.870000,yspeed:2.460000,angle:-17.930000,distense:34.200000,rcs:35.000000
timestame:1619470594.418000000,objid:6,type:0,xpos:0.000000,ypos:0.000000,xspeed:5.930000,yspeed:2.010000,angle:19.880000,distense:31.800000,rcs:34.000000
