timestame:1619470830.349000000,objid:1,type:0,xpos:0.000000,ypos:0.000000,xspeed:8.540000,yspeed:0.090000,angle:3.390000,distense:96.600000,rcs:16.000000
timestame:1619470830.349000000,objid:2,type:0,xpos:0.000000,ypos:0.000000,xspeed:6.810000,yspeed:-0.100000,angle:3.210000,distense:101.800000,rcs:20.000000
timestame:1619470830.349000000,objid:3,type:0,xpos:0.000000,ypos:0.000000,xspeed:8.380000,yspeed:0.170000,angle:4.300000,distense:90.000000,rcs:18.000000
timestame:1619470830.349000000,objid:6,type:0,xpos:0.000000,ypos:0.000000,xspeed:10.740000,yspeed:-0.050000,angle:1.460000,distense:123.600000,rcs:24.000000
