timestame:1619469911.932000000,objid:1,type:0,xpos:0.000000,ypos:0.000000,xspeed:4.400000,yspeed:-0.120000,angle:1.620000,distense:84.200000,rcs:12.000000
timestame:1619469911.932000000,objid:2,type:0,xpos:0.000000,ypos:0.000000,xspeed:10.980000,yspeed:0.120000,angle:2.730000,distense:153.000000,rcs:20.000000
timestame:1619469911.932000000,objid:8,type:0,xpos:0.000000,ypos:0.000000,xspeed:4.370000,yspeed:0.060000,angle:2.210000,distense:77.400000,rcs:32.000000
