timestame:1619469540.481000000,objid:4,type:0,xpos:0.000000,ypos:0.000000,xspeed:17.730000,yspeed:0.070000,angle:1.230000,distense:174.400000,rcs:27.000000
timestame:1619469540.481000000,objid:7,type:0,xpos:0.000000,ypos:0.000000,xspeed:17.580000,yspeed:0.090000,angle:1.030000,distense:181.400000,rcs:6.000000
