timestame:1619471210.237000000,objid:0,type:0,xpos:0.000000,ypos:0.000000,xspeed:-8.250000,yspeed:-1.210000,angle:-18.000000,distense:51.800000,rcs:16.000000
timestame:1619471210.237000000,objid:2,type:0,xpos:0.000000,ypos:0.000000,xspeed:-4.690000,yspeed:-0.550000,angle:-18.000000,distense:35.400000,rcs:9.000000
timestame:1619471210.237000000,objid:3,type:0,xpos:0.000000,ypos:0.000000,xspeed:-1.220000,yspeed:-3.140000,angle:-18.000000,distense:34.200000,rcs:13.000000
timestame:1619471210.237000000,objid:5,type:0,xpos:0.000000,ypos:0.000000,xspeed:-6.110000,yspeed:-0.580000,angle:-18.000000,distense:49.800000,rcs:20.000000
