timestame:1619470212.900000000,objid:1,type:0,xpos:0.000000,ypos:0.000000,xspeed:-1.400000,yspeed:8.720000,angle:-13.920000,distense:43.600000,rcs:19.000000
timestame:1619470212.900000000,objid:2,type:0,xpos:0.000000,ypos:0.000000,xspeed:-2.260000,yspeed:8.280000,angle:-10.320000,distense:42.400000,rcs:22.000000
timestame:1619470212.900000000,objid:3,type:0,xpos:0.000000,ypos:0.000000,xspeed:1.060000,yspeed:-3.890000,angle:-11.890000,distense:47.600000,rcs:15.000000
