timestame:1619470952.755000000,objid:0,type:0,xpos:0.000000,ypos:0.000000,xspeed:5.160000,yspeed:-0.280000,angle:0.390000,distense:35.400000,rcs:41.000000
timestame:1619470952.755000000,objid:10,type:0,xpos:0.000000,ypos:0.000000,xspeed:4.150000,yspeed:-0.440000,angle:1.550000,distense:20.400000,rcs:25.000000
