timestame:1619470460.474000000,objid:0,type:0,xpos:0.000000,ypos:0.000000,xspeed:-17.170000,yspeed:-2.900000,angle:-7.650000,distense:99.200000,rcs:16.000000
timestame:1619470460.474000000,objid:2,type:0,xpos:0.000000,ypos:0.000000,xspeed:5.860000,yspeed:-0.120000,angle:3.210000,distense:178.000000,rcs:13.000000
