timestame:1619469621.804000000,objid:1,type:0,xpos:0.000000,ypos:0.000000,xspeed:-3.310000,yspeed:0.170000,angle:-14.640000,distense:64.000000,rcs:27.000000
timestame:1619469621.804000000,objid:2,type:0,xpos:0.000000,ypos:0.000000,xspeed:-3.990000,yspeed:-0.280000,angle:-12.980000,distense:75.600000,rcs:28.000000
timestame:1619469621.804000000,objid:4,type:0,xpos:0.000000,ypos:0.000000,xspeed:-15.400000,yspeed:0.210000,angle:-7.100000,distense:85.200000,rcs:22.000000
