timestame:1619471225.915000000,objid:1,type:0,xpos:0.000000,ypos:0.000000,xspeed:5.690000,yspeed:-1.600000,angle:-8.300000,distense:43.400000,rcs:19.000000
timestame:1619471225.915000000,objid:6,type:0,xpos:0.000000,ypos:0.000000,xspeed:5.120000,yspeed:0.300000,angle:2.600000,distense:78.400000,rcs:6.000000
timestame:1619471225.915000000,objid:9,type:0,xpos:0.000000,ypos:0.000000,xspeed:5.210000,yspeed:0.110000,angle:2.410000,distense:60.000000,rcs:45.000000
