timestame:1619471433.857000000,objid:2,type:0,xpos:0.000000,ypos:0.000000,xspeed:2.340000,yspeed:-3.570000,angle:0.830000,distense:45.400000,rcs:6.000000
timestame:1619471433.857000000,objid:5,type:0,xpos:0.000000,ypos:0.000000,xspeed:-1.570000,yspeed:-6.140000,angle:-7.810000,distense:39.000000,rcs:36.000000
timestame:1619471433.857000000,objid:14,type:0,xpos:0.000000,ypos:0.000000,xspeed:-2.050000,yspeed:12.070000,angle:1.100000,distense:48.200000,rcs:9.000000
timestame:1619471433.857000000,objid:16,type:0,xpos:0.000000,ypos:0.000000,xspeed:-1.480000,yspeed:0.240000,angle:-7.200000,distense:88.800000,rcs:22.000000
