timestame:1619470236.389000000,objid:8,type:0,xpos:0.000000,ypos:0.000000,xspeed:-2.190000,yspeed:-0.440000,angle:-18.000000,distense:28.200000,rcs:6.000000
timestame:1619470236.389000000,objid:9,type:0,xpos:0.000000,ypos:0.000000,xspeed:-1.700000,yspeed:-2.840000,angle:-18.000000,distense:38.200000,rcs:20.000000
timestame:1619470236.389000000,objid:11,type:0,xpos:0.000000,ypos:0.000000,xspeed:-5.400000,yspeed:0.010000,angle:-4.890000,distense:128.800000,rcs:12.000000
timestame:1619470236.389000000,objid:20,type:0,xpos:0.000000,ypos:0.000000,xspeed:-2.010000,yspeed:4.260000,angle:-3.520000,distense:139.600000,rcs:9.000000
