timestame:1619471519.479000000,objid:7,type:0,xpos:0.000000,ypos:0.000000,xspeed:16.660000,yspeed:0.230000,angle:1.420000,distense:206.400000,rcs:15.000000
timestame:1619471519.479000000,objid:10,type:0,xpos:0.000000,ypos:0.000000,xspeed:16.600000,yspeed:0.320000,angle:1.400000,distense:195.800000,rcs:29.000000
