timestame:1619470771.372000000,objid:0,type:0,xpos:0.000000,ypos:0.000000,xspeed:-10.810000,yspeed:-0.260000,angle:-6.120000,distense:139.800000,rcs:18.000000
timestame:1619470771.372000000,objid:1,type:0,xpos:0.000000,ypos:0.000000,xspeed:12.960000,yspeed:0.160000,angle:1.760000,distense:106.400000,rcs:20.000000
timestame:1619470771.372000000,objid:2,type:0,xpos:0.000000,ypos:0.000000,xspeed:-10.370000,yspeed:0.940000,angle:-6.170000,distense:137.000000,rcs:21.000000
