timestame:1619470087.235000000,objid:5,type:0,xpos:0.000000,ypos:0.000000,xspeed:1.520000,yspeed:-8.940000,angle:-18.000000,distense:62.600000,rcs:15.000000
timestame:1619470087.235000000,objid:6,type:0,xpos:0.000000,ypos:0.000000,xspeed:1.660000,yspeed:-5.230000,angle:7.620000,distense:49.600000,rcs:6.000000
timestame:1619470087.235000000,objid:11,type:0,xpos:0.000000,ypos:0.000000,xspeed:1.740000,yspeed:-7.240000,angle:5.400000,distense:49.200000,rcs:19.000000
