timestame:1619470166.118000000,objid:0,type:0,xpos:0.000000,ypos:0.000000,xspeed:3.880000,yspeed:-0.160000,angle:1.930000,distense:30.800000,rcs:41.000000
timestame:1619470166.118000000,objid:3,type:0,xpos:0.000000,ypos:0.000000,xspeed:6.670000,yspeed:0.480000,angle:6.710000,distense:60.000000,rcs:28.000000
