timestame:1619471292.554000000,objid:0,type:0,xpos:0.000000,ypos:0.000000,xspeed:1.720000,yspeed:-0.050000,angle:22.120000,distense:32.600000,rcs:36.000000
timestame:1619471292.554000000,objid:1,type:0,xpos:0.000000,ypos:0.000000,xspeed:-2.150000,yspeed:10.880000,angle:-18.000000,distense:52.600000,rcs:6.000000
timestame:1619471292.554000000,objid:2,type:0,xpos:0.000000,ypos:0.000000,xspeed:6.310000,yspeed:1.680000,angle:18.650000,distense:37.400000,rcs:9.000000
timestame:1619471292.554000000,objid:5,type:0,xpos:0.000000,ypos:0.000000,xspeed:5.420000,yspeed:-1.100000,angle:19.830000,distense:28.800000,rcs:9.000000
