timestame:1619469918.503000000,objid:1,type:0,xpos:0.000000,ypos:0.000000,xspeed:5.840000,yspeed:0.170000,angle:1.600000,distense:120.800000,rcs:13.000000
timestame:1619469918.503000000,objid:8,type:0,xpos:0.000000,ypos:0.000000,xspeed:5.770000,yspeed:0.130000,angle:1.580000,distense:114.000000,rcs:26.000000
