timestame:1619470445.994000000,objid:1,type:0,xpos:0.000000,ypos:0.000000,xspeed:17.590000,yspeed:0.280000,angle:1.530000,distense:161.000000,rcs:6.000000
timestame:1619470445.994000000,objid:2,type:0,xpos:0.000000,ypos:0.000000,xspeed:4.520000,yspeed:-0.130000,angle:7.210000,distense:100.000000,rcs:22.000000
