timestame:1619469620.685000000,objid:1,type:0,xpos:0.000000,ypos:0.000000,xspeed:-2.490000,yspeed:0.160000,angle:-13.760000,distense:68.400000,rcs:16.000000
timestame:1619469620.685000000,objid:2,type:0,xpos:0.000000,ypos:0.000000,xspeed:-5.180000,yspeed:0.040000,angle:-12.050000,distense:79.000000,rcs:20.000000
timestame:1619469620.685000000,objid:4,type:0,xpos:0.000000,ypos:0.000000,xspeed:-15.810000,yspeed:0.520000,angle:-5.740000,distense:101.200000,rcs:12.000000
timestame:1619469620.685000000,objid:5,type:0,xpos:0.000000,ypos:0.000000,xspeed:-7.700000,yspeed:0.060000,angle:-12.850000,distense:162.600000,rcs:6.000000
