timestame:1619469583.571000000,objid:1,type:0,xpos:0.000000,ypos:0.000000,xspeed:-4.960000,yspeed:-0.150000,angle:-9.860000,distense:91.000000,rcs:18.000000
timestame:1619469583.571000000,objid:2,type:0,xpos:0.000000,ypos:0.000000,xspeed:-1.110000,yspeed:-0.990000,angle:-11.520000,distense:84.000000,rcs:20.000000
