timestame:1619469948.295000000,objid:3,type:0,xpos:0.000000,ypos:0.000000,xspeed:1.090000,yspeed:0.080000,angle:0.960000,distense:18.400000,rcs:23.000000
timestame:1619469948.295000000,objid:5,type:0,xpos:0.000000,ypos:0.000000,xspeed:3.350000,yspeed:-6.390000,angle:18.140000,distense:46.200000,rcs:18.000000
timestame:1619469948.295000000,objid:8,type:0,xpos:0.000000,ypos:0.000000,xspeed:-1.650000,yspeed:8.570000,angle:-18.000000,distense:48.400000,rcs:6.000000
