timestame:1619470425.255000000,objid:2,type:0,xpos:0.000000,ypos:0.000000,xspeed:1.810000,yspeed:-0.200000,angle:-15.610000,distense:29.200000,rcs:13.000000
timestame:1619470425.255000000,objid:7,type:0,xpos:0.000000,ypos:0.000000,xspeed:13.400000,yspeed:14.180000,angle:-14.210000,distense:80.200000,rcs:6.000000
timestame:1619470425.255000000,objid:8,type:0,xpos:0.000000,ypos:0.000000,xspeed:2.990000,yspeed:3.990000,angle:-8.260000,distense:44.800000,rcs:6.000000
