timestame:1619470975.367000000,objid:0,type:0,xpos:0.000000,ypos:0.000000,xspeed:6.640000,yspeed:0.020000,angle:3.410000,distense:116.000000,rcs:19.000000
timestame:1619470975.367000000,objid:3,type:0,xpos:0.000000,ypos:0.000000,xspeed:7.120000,yspeed:0.010000,angle:2.440000,distense:126.000000,rcs:13.000000
timestame:1619470975.367000000,objid:5,type:0,xpos:0.000000,ypos:0.000000,xspeed:-17.570000,yspeed:3.380000,angle:-6.020000,distense:136.200000,rcs:9.000000
timestame:1619470975.367000000,objid:9,type:0,xpos:0.000000,ypos:0.000000,xspeed:1.910000,yspeed:3.590000,angle:-6.180000,distense:44.400000,rcs:9.000000
