timestame:1619469924.143000000,objid:1,type:0,xpos:0.000000,ypos:0.000000,xspeed:6.120000,yspeed:0.110000,angle:1.400000,distense:154.600000,rcs:19.000000
timestame:1619469924.143000000,objid:8,type:0,xpos:0.000000,ypos:0.000000,xspeed:6.130000,yspeed:0.070000,angle:1.360000,distense:147.600000,rcs:15.000000
