timestame:1619469658.630000000,objid:7,type:0,xpos:0.000000,ypos:0.000000,xspeed:24.840000,yspeed:0.510000,angle:1.080000,distense:226.000000,rcs:9.000000
timestame:1619469658.630000000,objid:8,type:0,xpos:0.000000,ypos:0.000000,xspeed:2.000000,yspeed:3.290000,angle:-7.180000,distense:42.600000,rcs:6.000000
