timestame:1619470788.221000000,objid:1,type:0,xpos:0.000000,ypos:0.000000,xspeed:-3.690000,yspeed:-1.650000,angle:-18.000000,distense:27.200000,rcs:15.000000
timestame:1619470788.221000000,objid:2,type:0,xpos:0.000000,ypos:0.000000,xspeed:-3.860000,yspeed:-2.360000,angle:-18.000000,distense:29.200000,rcs:13.000000
timestame:1619470788.221000000,objid:6,type:0,xpos:0.000000,ypos:0.000000,xspeed:-3.760000,yspeed:-1.220000,angle:-18.000000,distense:26.000000,rcs:15.000000
timestame:1619470788.221000000,objid:11,type:0,xpos:0.000000,ypos:0.000000,xspeed:-4.530000,yspeed:-0.850000,angle:-18.000000,distense:23.600000,rcs:6.000000
