timestame:1619469712.948000000,objid:1,type:0,xpos:0.000000,ypos:0.000000,xspeed:-4.180000,yspeed:-1.750000,angle:-18.000000,distense:28.600000,rcs:6.000000
timestame:1619469712.948000000,objid:3,type:0,xpos:0.000000,ypos:0.000000,xspeed:12.660000,yspeed:-1.350000,angle:1.680000,distense:129.400000,rcs:16.000000
timestame:1619469712.948000000,objid:4,type:0,xpos:0.000000,ypos:0.000000,xspeed:-5.050000,yspeed:-2.270000,angle:-18.000000,distense:27.400000,rcs:6.000000
timestame:1619469712.948000000,objid:6,type:0,xpos:0.000000,ypos:0.000000,xspeed:-1.460000,yspeed:6.490000,angle:0.670000,distense:37.600000,rcs:27.000000
