timestame:1619470287.325000000,objid:2,type:0,xpos:0.000000,ypos:0.000000,xspeed:-12.550000,yspeed:-0.130000,angle:-8.500000,distense:101.800000,rcs:19.000000
timestame:1619470287.325000000,objid:5,type:0,xpos:0.000000,ypos:0.000000,xspeed:-5.650000,yspeed:-0.470000,angle:-18.000000,distense:40.800000,rcs:24.000000
timestame:1619470287.325000000,objid:7,type:0,xpos:0.000000,ypos:0.000000,xspeed:-5.400000,yspeed:-0.420000,angle:-18.000000,distense:36.200000,rcs:26.000000
timestame:1619470287.325000000,objid:11,type:0,xpos:0.000000,ypos:0.000000,xspeed:-5.440000,yspeed:-0.320000,angle:-18.000000,distense:30.200000,rcs:16.000000
