timestame:1619470070.842000000,objid:3,type:0,xpos:0.000000,ypos:0.000000,xspeed:-1.790000,yspeed:2.710000,angle:10.620000,distense:49.400000,rcs:37.000000
timestame:1619470070.842000000,objid:4,type:0,xpos:0.000000,ypos:0.000000,xspeed:-1.910000,yspeed:3.040000,angle:15.040000,distense:44.200000,rcs:24.000000
timestame:1619470070.842000000,objid:8,type:0,xpos:0.000000,ypos:0.000000,xspeed:3.040000,yspeed:1.950000,angle:-15.380000,distense:34.200000,rcs:29.000000
