timestame:1619470479.893000000,objid:0,type:0,xpos:0.000000,ypos:0.000000,xspeed:-7.200000,yspeed:-0.360000,angle:-7.110000,distense:97.000000,rcs:23.000000
timestame:1619470479.893000000,objid:1,type:0,xpos:0.000000,ypos:0.000000,xspeed:-8.130000,yspeed:-0.270000,angle:-6.760000,distense:99.400000,rcs:16.000000
timestame:1619470479.893000000,objid:2,type:0,xpos:0.000000,ypos:0.000000,xspeed:1.720000,yspeed:-0.430000,angle:11.610000,distense:79.000000,rcs:6.000000
timestame:1619470479.893000000,objid:4,type:0,xpos:0.000000,ypos:0.000000,xspeed:1.170000,yspeed:-3.600000,angle:-17.230000,distense:46.400000,rcs:20.000000
