timestame:1619471450.373000000,objid:3,type:0,xpos:0.000000,ypos:0.000000,xspeed:-2.780000,yspeed:-0.160000,angle:-6.290000,distense:103.600000,rcs:16.000000
timestame:1619471450.373000000,objid:11,type:0,xpos:0.000000,ypos:0.000000,xspeed:-1.970000,yspeed:0.080000,angle:-7.930000,distense:95.600000,rcs:9.000000
timestame:1619471450.373000000,objid:13,type:0,xpos:0.000000,ypos:0.000000,xspeed:-3.670000,yspeed:0.130000,angle:19.770000,distense:40.800000,rcs:12.000000
