timestame:1619470104.862000000,objid:1,type:0,xpos:0.000000,ypos:0.000000,xspeed:7.080000,yspeed:9.580000,angle:-13.730000,distense:23.600000,rcs:27.000000
timestame:1619470104.862000000,objid:6,type:0,xpos:0.000000,ypos:0.000000,xspeed:-2.640000,yspeed:-0.040000,angle:16.310000,distense:25.400000,rcs:6.000000
timestame:1619470104.862000000,objid:9,type:0,xpos:0.000000,ypos:0.000000,xspeed:3.900000,yspeed:1.570000,angle:22.480000,distense:23.000000,rcs:25.000000
timestame:1619470104.862000000,objid:11,type:0,xpos:0.000000,ypos:0.000000,xspeed:1.910000,yspeed:0.560000,angle:13.890000,distense:21.000000,rcs:6.000000
