timestame:1619469647.341000000,objid:2,type:0,xpos:0.000000,ypos:0.000000,xspeed:12.800000,yspeed:0.560000,angle:4.680000,distense:95.200000,rcs:27.000000
timestame:1619469647.341000000,objid:13,type:0,xpos:0.000000,ypos:0.000000,xspeed:15.190000,yspeed:0.690000,angle:2.390000,distense:155.600000,rcs:41.000000
timestame:1619469647.341000000,objid:14,type:0,xpos:0.000000,ypos:0.000000,xspeed:12.890000,yspeed:0.400000,angle:4.580000,distense:92.400000,rcs:26.000000
