timestame:1619471306.221000000,objid:0,type:0,xpos:0.000000,ypos:0.000000,xspeed:2.620000,yspeed:1.020000,angle:21.440000,distense:21.600000,rcs:16.000000
timestame:1619471306.221000000,objid:1,type:0,xpos:0.000000,ypos:0.000000,xspeed:-6.300000,yspeed:3.070000,angle:-18.000000,distense:33.600000,rcs:12.000000
timestame:1619471306.221000000,objid:2,type:0,xpos:0.000000,ypos:0.000000,xspeed:4.300000,yspeed:-4.030000,angle:-15.570000,distense:19.400000,rcs:15.000000
