timestame:1619469584.129000000,objid:1,type:0,xpos:0.000000,ypos:0.000000,xspeed:-4.900000,yspeed:-0.140000,angle:-10.220000,distense:88.200000,rcs:18.000000
timestame:1619469584.129000000,objid:5,type:0,xpos:0.000000,ypos:0.000000,xspeed:-1.670000,yspeed:4.530000,angle:-6.860000,distense:102.400000,rcs:9.000000
