timestame:1619469788.442000000,objid:1,type:0,xpos:0.000000,ypos:0.000000,xspeed:-16.250000,yspeed:-0.410000,angle:-13.050000,distense:69.800000,rcs:28.000000
timestame:1619469788.442000000,objid:4,type:0,xpos:0.000000,ypos:0.000000,xspeed:-16.630000,yspeed:-0.730000,angle:-16.490000,distense:61.000000,rcs:26.000000
timestame:1619469788.442000000,objid:10,type:0,xpos:0.000000,ypos:0.000000,xspeed:17.040000,yspeed:0.340000,angle:1.210000,distense:223.600000,rcs:16.000000
