timestame:1619470885.748000000,objid:0,type:0,xpos:0.000000,ypos:0.000000,xspeed:-1.870000,yspeed:9.100000,angle:-17.260000,distense:38.600000,rcs:6.000000
timestame:1619470885.748000000,objid:3,type:0,xpos:0.000000,ypos:0.000000,xspeed:-2.350000,yspeed:-3.250000,angle:-18.000000,distense:34.600000,rcs:33.000000
timestame:1619470885.748000000,objid:12,type:0,xpos:0.000000,ypos:0.000000,xspeed:-5.490000,yspeed:-6.030000,angle:-18.000000,distense:63.400000,rcs:12.000000
