timestame:1619471307.965000000,objid:0,type:0,xpos:0.000000,ypos:0.000000,xspeed:3.620000,yspeed:0.550000,angle:17.800000,distense:28.400000,rcs:23.000000
timestame:1619471307.965000000,objid:1,type:0,xpos:0.000000,ypos:0.000000,xspeed:3.160000,yspeed:-2.770000,angle:20.680000,distense:30.600000,rcs:26.000000
timestame:1619471307.965000000,objid:2,type:0,xpos:0.000000,ypos:0.000000,xspeed:4.400000,yspeed:1.260000,angle:22.800000,distense:27.400000,rcs:27.000000
