timestame:1619469534.086000000,objid:4,type:0,xpos:0.000000,ypos:0.000000,xspeed:16.370000,yspeed:0.740000,angle:2.530000,distense:64.400000,rcs:40.000000
timestame:1619469534.086000000,objid:7,type:0,xpos:0.000000,ypos:0.000000,xspeed:16.650000,yspeed:0.710000,angle:2.040000,distense:72.400000,rcs:16.000000
