timestame:1619471318.958000000,objid:0,type:0,xpos:0.000000,ypos:0.000000,xspeed:4.100000,yspeed:2.940000,angle:-4.460000,distense:123.200000,rcs:13.000000
timestame:1619471318.958000000,objid:1,type:0,xpos:0.000000,ypos:0.000000,xspeed:-8.190000,yspeed:-2.620000,angle:-6.090000,distense:108.800000,rcs:18.000000
timestame:1619471318.958000000,objid:3,type:0,xpos:0.000000,ypos:0.000000,xspeed:-12.710000,yspeed:-2.500000,angle:-2.980000,distense:200.600000,rcs:12.000000
