timestame:1619469712.578000000,objid:1,type:0,xpos:0.000000,ypos:0.000000,xspeed:-4.150000,yspeed:-1.750000,angle:-18.000000,distense:29.200000,rcs:6.000000
timestame:1619469712.578000000,objid:3,type:0,xpos:0.000000,ypos:0.000000,xspeed:12.460000,yspeed:-1.420000,angle:1.910000,distense:124.600000,rcs:6.000000
timestame:1619469712.578000000,objid:4,type:0,xpos:0.000000,ypos:0.000000,xspeed:-5.050000,yspeed:-2.270000,angle:-18.000000,distense:27.600000,rcs:6.000000
timestame:1619469712.578000000,objid:6,type:0,xpos:0.000000,ypos:0.000000,xspeed:-1.400000,yspeed:6.390000,angle:-3.030000,distense:38.200000,rcs:24.000000
