timestame:1619471225.299000000,objid:1,type:0,xpos:0.000000,ypos:0.000000,xspeed:5.870000,yspeed:-0.970000,angle:-6.460000,distense:39.800000,rcs:22.000000
timestame:1619471225.299000000,objid:6,type:0,xpos:0.000000,ypos:0.000000,xspeed:5.020000,yspeed:0.260000,angle:2.520000,distense:75.000000,rcs:6.000000
timestame:1619471225.299000000,objid:9,type:0,xpos:0.000000,ypos:0.000000,xspeed:5.080000,yspeed:0.130000,angle:2.540000,distense:56.400000,rcs:44.000000
