timestame:1619470703.746000000,objid:0,type:0,xpos:0.000000,ypos:0.000000,xspeed:3.980000,yspeed:2.640000,angle:-17.550000,distense:35.400000,rcs:6.000000
timestame:1619470703.746000000,objid:1,type:0,xpos:0.000000,ypos:0.000000,xspeed:10.850000,yspeed:-0.020000,angle:2.780000,distense:136.600000,rcs:16.000000
timestame:1619470703.746000000,objid:2,type:0,xpos:0.000000,ypos:0.000000,xspeed:-8.140000,yspeed:-0.480000,angle:-15.900000,distense:75.200000,rcs:6.000000
