timestame:1619470788.092000000,objid:1,type:0,xpos:0.000000,ypos:0.000000,xspeed:-3.700000,yspeed:-1.640000,angle:-18.000000,distense:27.400000,rcs:18.000000
timestame:1619470788.092000000,objid:2,type:0,xpos:0.000000,ypos:0.000000,xspeed:-3.840000,yspeed:-2.480000,angle:-18.000000,distense:29.600000,rcs:12.000000
timestame:1619470788.092000000,objid:6,type:0,xpos:0.000000,ypos:0.000000,xspeed:-3.560000,yspeed:-1.180000,angle:-18.000000,distense:26.600000,rcs:12.000000
timestame:1619470788.092000000,objid:11,type:0,xpos:0.000000,ypos:0.000000,xspeed:-4.430000,yspeed:-0.750000,angle:-18.000000,distense:23.800000,rcs:6.000000
