timestame:1619471086.892000000,objid:0,type:0,xpos:0.000000,ypos:0.000000,xspeed:8.400000,yspeed:0.360000,angle:1.580000,distense:61.600000,rcs:26.000000
timestame:1619471086.892000000,objid:4,type:0,xpos:0.000000,ypos:0.000000,xspeed:-23.290000,yspeed:-1.320000,angle:-5.940000,distense:116.000000,rcs:9.000000
timestame:1619471086.892000000,objid:11,type:0,xpos:0.000000,ypos:0.000000,xspeed:3.040000,yspeed:0.140000,angle:2.550000,distense:24.400000,rcs:45.000000
