timestame:1619471081.988000000,objid:1,type:0,xpos:0.000000,ypos:0.000000,xspeed:-7.560000,yspeed:-0.590000,angle:-18.000000,distense:27.000000,rcs:6.000000
timestame:1619471081.988000000,objid:4,type:0,xpos:0.000000,ypos:0.000000,xspeed:2.630000,yspeed:0.140000,angle:1.360000,distense:26.600000,rcs:39.000000
timestame:1619471081.988000000,objid:6,type:0,xpos:0.000000,ypos:0.000000,xspeed:-7.130000,yspeed:-0.420000,angle:-18.000000,distense:25.200000,rcs:6.000000
timestame:1619471081.988000000,objid:10,type:0,xpos:0.000000,ypos:0.000000,xspeed:5.940000,yspeed:0.380000,angle:1.390000,distense:41.200000,rcs:6.000000
