timestame:1619470965.367000000,objid:0,type:0,xpos:0.000000,ypos:0.000000,xspeed:4.240000,yspeed:0.210000,angle:6.090000,distense:58.000000,rcs:31.000000
timestame:1619470965.367000000,objid:1,type:0,xpos:0.000000,ypos:0.000000,xspeed:12.970000,yspeed:-0.120000,angle:0.980000,distense:140.600000,rcs:16.000000
timestame:1619470965.367000000,objid:6,type:0,xpos:0.000000,ypos:0.000000,xspeed:10.790000,yspeed:0.490000,angle:2.060000,distense:117.800000,rcs:25.000000
timestame:1619470965.367000000,objid:12,type:0,xpos:0.000000,ypos:0.000000,xspeed:3.090000,yspeed:-0.040000,angle:4.630000,distense:64.800000,rcs:24.000000
