timestame:1619469927.737000000,objid:1,type:0,xpos:0.000000,ypos:0.000000,xspeed:6.910000,yspeed:0.070000,angle:1.380000,distense:179.800000,rcs:12.000000
timestame:1619469927.737000000,objid:8,type:0,xpos:0.000000,ypos:0.000000,xspeed:7.080000,yspeed:0.120000,angle:1.280000,distense:173.200000,rcs:28.000000
