timestame:1619471147.850000000,objid:1,type:0,xpos:0.000000,ypos:0.000000,xspeed:-1.180000,yspeed:6.050000,angle:-13.680000,distense:41.400000,rcs:9.000000
timestame:1619471147.850000000,objid:4,type:0,xpos:0.000000,ypos:0.000000,xspeed:-11.580000,yspeed:9.090000,angle:-11.530000,distense:45.000000,rcs:18.000000
timestame:1619471147.850000000,objid:5,type:0,xpos:0.000000,ypos:0.000000,xspeed:-1.310000,yspeed:6.500000,angle:6.500000,distense:40.800000,rcs:27.000000
timestame:1619471147.850000000,objid:9,type:0,xpos:0.000000,ypos:0.000000,xspeed:-1.640000,yspeed:6.020000,angle:1.660000,distense:41.000000,rcs:16.000000
