timestame:1619471025.237000000,objid:0,type:0,xpos:0.000000,ypos:0.000000,xspeed:-2.220000,yspeed:-3.320000,angle:-18.000000,distense:33.600000,rcs:22.000000
timestame:1619471025.237000000,objid:3,type:0,xpos:0.000000,ypos:0.000000,xspeed:-3.830000,yspeed:-6.890000,angle:-18.000000,distense:31.600000,rcs:15.000000
timestame:1619471025.237000000,objid:5,type:0,xpos:0.000000,ypos:0.000000,xspeed:-1.280000,yspeed:4.700000,angle:5.580000,distense:40.600000,rcs:19.000000
timestame:1619471025.237000000,objid:6,type:0,xpos:0.000000,ypos:0.000000,xspeed:-3.860000,yspeed:-4.350000,angle:-18.000000,distense:32.000000,rcs:6.000000
