timestame:1619471252.577000000,objid:1,type:0,xpos:0.000000,ypos:0.000000,xspeed:2.520000,yspeed:3.090000,angle:3.000000,distense:79.000000,rcs:9.000000
timestame:1619471252.577000000,objid:3,type:0,xpos:0.000000,ypos:0.000000,xspeed:-17.050000,yspeed:-0.500000,angle:-6.000000,distense:139.000000,rcs:12.000000
