timestame:1619470111.933000000,objid:2,type:0,xpos:0.000000,ypos:0.000000,xspeed:6.700000,yspeed:1.030000,angle:17.480000,distense:28.800000,rcs:26.000000
timestame:1619470111.933000000,objid:5,type:0,xpos:0.000000,ypos:0.000000,xspeed:3.310000,yspeed:3.680000,angle:-7.650000,distense:46.200000,rcs:6.000000
timestame:1619470111.933000000,objid:7,type:0,xpos:0.000000,ypos:0.000000,xspeed:6.270000,yspeed:1.130000,angle:-17.550000,distense:26.800000,rcs:32.000000
