timestame:1619470488.717000000,objid:5,type:0,xpos:0.000000,ypos:0.000000,xspeed:-4.410000,yspeed:-3.030000,angle:-18.000000,distense:30.800000,rcs:6.000000
timestame:1619470488.717000000,objid:6,type:0,xpos:0.000000,ypos:0.000000,xspeed:-2.400000,yspeed:-4.050000,angle:-18.000000,distense:36.400000,rcs:20.000000
