timestame:1619470191.590000000,objid:0,type:0,xpos:0.000000,ypos:0.000000,xspeed:-5.810000,yspeed:5.880000,angle:4.760000,distense:44.600000,rcs:23.000000
timestame:1619470191.590000000,objid:1,type:0,xpos:0.000000,ypos:0.000000,xspeed:2.240000,yspeed:2.410000,angle:5.890000,distense:136.400000,rcs:16.000000
timestame:1619470191.590000000,objid:2,type:0,xpos:0.000000,ypos:0.000000,xspeed:-5.320000,yspeed:4.740000,angle:7.460000,distense:43.400000,rcs:33.000000
