timestame:1619469759.888000000,objid:1,type:0,xpos:0.000000,ypos:0.000000,xspeed:2.030000,yspeed:2.300000,angle:-9.480000,distense:40.200000,rcs:13.000000
timestame:1619469759.888000000,objid:2,type:0,xpos:0.000000,ypos:0.000000,xspeed:4.660000,yspeed:3.370000,angle:-14.310000,distense:41.600000,rcs:18.000000
