timestame:1619471036.963000000,objid:2,type:0,xpos:0.000000,ypos:0.000000,xspeed:-1.830000,yspeed:-3.080000,angle:-17.060000,distense:42.000000,rcs:9.000000
timestame:1619471036.963000000,objid:3,type:0,xpos:0.000000,ypos:0.000000,xspeed:1.710000,yspeed:-3.400000,angle:21.080000,distense:48.200000,rcs:21.000000
timestame:1619471036.963000000,objid:7,type:0,xpos:0.000000,ypos:0.000000,xspeed:-1.720000,yspeed:-7.160000,angle:-10.740000,distense:75.800000,rcs:6.000000
