timestame:1619469687.512000000,objid:2,type:0,xpos:0.000000,ypos:0.000000,xspeed:-2.090000,yspeed:6.620000,angle:-3.370000,distense:40.200000,rcs:6.000000
timestame:1619469687.512000000,objid:4,type:0,xpos:0.000000,ypos:0.000000,xspeed:-1.930000,yspeed:8.320000,angle:7.900000,distense:43.600000,rcs:26.000000
timestame:1619469687.512000000,objid:6,type:0,xpos:0.000000,ypos:0.000000,xspeed:-2.790000,yspeed:8.300000,angle:5.350000,distense:38.800000,rcs:27.000000
timestame:1619469687.512000000,objid:8,type:0,xpos:0.000000,ypos:0.000000,xspeed:-2.890000,yspeed:9.540000,angle:10.240000,distense:42.800000,rcs:27.000000
