timestame:1619470146.129000000,objid:0,type:0,xpos:0.000000,ypos:0.000000,xspeed:3.110000,yspeed:1.990000,angle:-17.470000,distense:37.000000,rcs:6.000000
timestame:1619470146.129000000,objid:1,type:0,xpos:0.000000,ypos:0.000000,xspeed:5.970000,yspeed:3.390000,angle:22.750000,distense:24.000000,rcs:20.000000
timestame:1619470146.129000000,objid:2,type:0,xpos:0.000000,ypos:0.000000,xspeed:4.480000,yspeed:2.090000,angle:20.690000,distense:33.600000,rcs:20.000000
timestame:1619470146.129000000,objid:3,type:0,xpos:0.000000,ypos:0.000000,xspeed:-1.610000,yspeed:0.830000,angle:-9.790000,distense:74.800000,rcs:15.000000
