timestame:1619471518.053000000,objid:7,type:0,xpos:0.000000,ypos:0.000000,xspeed:16.160000,yspeed:0.210000,angle:1.510000,distense:181.800000,rcs:15.000000
timestame:1619471518.053000000,objid:10,type:0,xpos:0.000000,ypos:0.000000,xspeed:16.180000,yspeed:0.090000,angle:1.300000,distense:171.400000,rcs:31.000000
