timestame:1619471459.565000000,objid:0,type:0,xpos:0.000000,ypos:0.000000,xspeed:-9.940000,yspeed:-0.510000,angle:-5.330000,distense:131.200000,rcs:16.000000
timestame:1619471459.565000000,objid:3,type:0,xpos:0.000000,ypos:0.000000,xspeed:-11.060000,yspeed:-3.510000,angle:-3.610000,distense:201.800000,rcs:6.000000
