timestame:1619470509.994000000,objid:2,type:0,xpos:0.000000,ypos:0.000000,xspeed:-2.030000,yspeed:7.870000,angle:17.450000,distense:38.600000,rcs:18.000000
timestame:1619470509.994000000,objid:4,type:0,xpos:0.000000,ypos:0.000000,xspeed:-1.290000,yspeed:8.600000,angle:12.550000,distense:43.800000,rcs:13.000000
timestame:1619470509.994000000,objid:6,type:0,xpos:0.000000,ypos:0.000000,xspeed:-2.200000,yspeed:8.670000,angle:14.240000,distense:38.800000,rcs:15.000000
timestame:1619470509.994000000,objid:8,type:0,xpos:0.000000,ypos:0.000000,xspeed:-4.910000,yspeed:-1.620000,angle:8.620000,distense:76.800000,rcs:20.000000
