timestame:1619470211.974000000,objid:0,type:0,xpos:0.000000,ypos:0.000000,xspeed:1.580000,yspeed:0.180000,angle:6.410000,distense:16.600000,rcs:28.000000
timestame:1619470211.974000000,objid:2,type:0,xpos:0.000000,ypos:0.000000,xspeed:-1.980000,yspeed:7.650000,angle:-18.000000,distense:46.400000,rcs:16.000000
timestame:1619470211.974000000,objid:4,type:0,xpos:0.000000,ypos:0.000000,xspeed:-2.020000,yspeed:-2.450000,angle:-3.480000,distense:49.600000,rcs:13.000000
