timestame:1619470463.825000000,objid:0,type:0,xpos:0.000000,ypos:0.000000,xspeed:-13.880000,yspeed:-0.630000,angle:-14.210000,distense:54.000000,rcs:19.000000
timestame:1619470463.825000000,objid:2,type:0,xpos:0.000000,ypos:0.000000,xspeed:6.030000,yspeed:0.000000,angle:3.030000,distense:198.400000,rcs:12.000000
