timestame:1619470146.694000000,objid:0,type:0,xpos:0.000000,ypos:0.000000,xspeed:2.570000,yspeed:2.230000,angle:-15.810000,distense:38.200000,rcs:13.000000
timestame:1619470146.694000000,objid:1,type:0,xpos:0.000000,ypos:0.000000,xspeed:3.180000,yspeed:1.650000,angle:-17.750000,distense:24.400000,rcs:9.000000
timestame:1619470146.694000000,objid:2,type:0,xpos:0.000000,ypos:0.000000,xspeed:3.090000,yspeed:1.830000,angle:21.620000,distense:34.400000,rcs:6.000000
