timestame:1619469775.014000000,objid:1,type:0,xpos:0.000000,ypos:0.000000,xspeed:3.280000,yspeed:3.500000,angle:-10.370000,distense:38.000000,rcs:13.000000
timestame:1619469775.014000000,objid:3,type:0,xpos:0.000000,ypos:0.000000,xspeed:3.160000,yspeed:0.870000,angle:21.040000,distense:19.800000,rcs:32.000000
timestame:1619469775.014000000,objid:4,type:0,xpos:0.000000,ypos:0.000000,xspeed:4.010000,yspeed:-5.070000,angle:20.600000,distense:26.600000,rcs:25.000000
timestame:1619469775.014000000,objid:10,type:0,xpos:0.000000,ypos:0.000000,xspeed:12.500000,yspeed:6.360000,angle:-17.610000,distense:46.200000,rcs:9.000000
