timestame:1619470143.333000000,objid:0,type:0,xpos:0.000000,ypos:0.000000,xspeed:4.530000,yspeed:0.410000,angle:19.680000,distense:27.000000,rcs:30.000000
timestame:1619470143.333000000,objid:4,type:0,xpos:0.000000,ypos:0.000000,xspeed:-3.600000,yspeed:1.030000,angle:17.320000,distense:23.600000,rcs:6.000000
