timestame:1619470287.140000000,objid:2,type:0,xpos:0.000000,ypos:0.000000,xspeed:-12.680000,yspeed:-0.130000,angle:-8.330000,distense:103.800000,rcs:18.000000
timestame:1619470287.140000000,objid:5,type:0,xpos:0.000000,ypos:0.000000,xspeed:-5.570000,yspeed:-0.450000,angle:-18.000000,distense:41.800000,rcs:22.000000
timestame:1619470287.140000000,objid:7,type:0,xpos:0.000000,ypos:0.000000,xspeed:-5.280000,yspeed:-0.430000,angle:-18.000000,distense:37.200000,rcs:26.000000
timestame:1619470287.140000000,objid:11,type:0,xpos:0.000000,ypos:0.000000,xspeed:-5.420000,yspeed:-0.270000,angle:-18.000000,distense:31.000000,rcs:16.000000
