timestame:1619469482.072000000,objid:1,type:0,xpos:0.000000,ypos:0.000000,xspeed:-4.200000,yspeed:-0.100000,angle:-11.000000,distense:82.600000,rcs:20.000000
timestame:1619469482.072000000,objid:3,type:0,xpos:0.000000,ypos:0.000000,xspeed:3.600000,yspeed:-2.030000,angle:13.890000,distense:11.400000,rcs:16.000000
timestame:1619469482.072000000,objid:7,type:0,xpos:0.000000,ypos:0.000000,xspeed:-1.630000,yspeed:-0.310000,angle:-10.080000,distense:93.200000,rcs:20.000000
