timestame:1619471447.263000000,objid:3,type:0,xpos:0.000000,ypos:0.000000,xspeed:-3.380000,yspeed:-0.040000,angle:-5.590000,distense:112.400000,rcs:15.000000
timestame:1619471447.263000000,objid:11,type:0,xpos:0.000000,ypos:0.000000,xspeed:-3.170000,yspeed:-0.640000,angle:-7.450000,distense:101.800000,rcs:13.000000
timestame:1619471447.263000000,objid:13,type:0,xpos:0.000000,ypos:0.000000,xspeed:-2.810000,yspeed:0.050000,angle:15.020000,distense:52.000000,rcs:16.000000
