timestame:1619469535.645000000,objid:4,type:0,xpos:0.000000,ypos:0.000000,xspeed:16.510000,yspeed:0.570000,angle:2.240000,distense:90.200000,rcs:31.000000
timestame:1619469535.645000000,objid:7,type:0,xpos:0.000000,ypos:0.000000,xspeed:16.440000,yspeed:0.420000,angle:1.700000,distense:97.800000,rcs:18.000000
