timestame:1619469758.271000000,objid:1,type:0,xpos:0.000000,ypos:0.000000,xspeed:3.570000,yspeed:5.270000,angle:-11.940000,distense:54.800000,rcs:6.000000
timestame:1619469758.271000000,objid:2,type:0,xpos:0.000000,ypos:0.000000,xspeed:5.090000,yspeed:2.800000,angle:-17.910000,distense:32.800000,rcs:18.000000
timestame:1619469758.271000000,objid:3,type:0,xpos:0.000000,ypos:0.000000,xspeed:5.130000,yspeed:2.660000,angle:-17.060000,distense:43.600000,rcs:13.000000
timestame:1619469758.271000000,objid:6,type:0,xpos:0.000000,ypos:0.000000,xspeed:1.340000,yspeed:5.860000,angle:16.510000,distense:30.000000,rcs:6.000000
