timestame:1619470462.395000000,objid:0,type:0,xpos:0.000000,ypos:0.000000,xspeed:-15.020000,yspeed:-0.630000,angle:-9.910000,distense:71.800000,rcs:24.000000
timestame:1619470462.395000000,objid:2,type:0,xpos:0.000000,ypos:0.000000,xspeed:6.050000,yspeed:0.150000,angle:3.260000,distense:189.600000,rcs:20.000000
