timestame:1619469617.695000000,objid:2,type:0,xpos:0.000000,ypos:0.000000,xspeed:14.620000,yspeed:9.590000,angle:-6.440000,distense:96.800000,rcs:6.000000
timestame:1619469617.695000000,objid:4,type:0,xpos:0.000000,ypos:0.000000,xspeed:-19.650000,yspeed:5.540000,angle:-4.260000,distense:149.000000,rcs:15.000000
timestame:1619469617.695000000,objid:6,type:0,xpos:0.000000,ypos:0.000000,xspeed:-2.040000,yspeed:0.000000,angle:-11.830000,distense:79.400000,rcs:23.000000
