timestame:1619470212.468000000,objid:0,type:0,xpos:0.000000,ypos:0.000000,xspeed:1.180000,yspeed:0.100000,angle:6.250000,distense:16.600000,rcs:24.000000
timestame:1619470212.468000000,objid:1,type:0,xpos:0.000000,ypos:0.000000,xspeed:-5.540000,yspeed:0.000000,angle:-18.000000,distense:44.800000,rcs:18.000000
timestame:1619470212.468000000,objid:2,type:0,xpos:0.000000,ypos:0.000000,xspeed:-2.130000,yspeed:7.980000,angle:-14.830000,distense:44.200000,rcs:20.000000
