timestame:1619471258.825000000,objid:2,type:0,xpos:0.000000,ypos:0.000000,xspeed:12.170000,yspeed:0.670000,angle:5.810000,distense:59.600000,rcs:43.000000
timestame:1619471258.825000000,objid:3,type:0,xpos:0.000000,ypos:0.000000,xspeed:-14.820000,yspeed:-0.450000,angle:-18.000000,distense:47.800000,rcs:22.000000
timestame:1619471258.825000000,objid:6,type:0,xpos:0.000000,ypos:0.000000,xspeed:12.270000,yspeed:0.210000,angle:5.650000,distense:71.800000,rcs:16.000000
timestame:1619471258.825000000,objid:10,type:0,xpos:0.000000,ypos:0.000000,xspeed:12.240000,yspeed:0.490000,angle:6.140000,distense:47.600000,rcs:28.000000
