timestame:1619470704.177000000,objid:0,type:0,xpos:0.000000,ypos:0.000000,xspeed:3.770000,yspeed:2.970000,angle:-16.030000,distense:37.200000,rcs:9.000000
timestame:1619470704.177000000,objid:1,type:0,xpos:0.000000,ypos:0.000000,xspeed:10.940000,yspeed:-0.070000,angle:2.620000,distense:141.400000,rcs:12.000000
timestame:1619470704.177000000,objid:2,type:0,xpos:0.000000,ypos:0.000000,xspeed:-7.860000,yspeed:-0.820000,angle:-17.230000,distense:72.800000,rcs:6.000000
