timestame:1619469930.833000000,objid:0,type:0,xpos:0.000000,ypos:0.000000,xspeed:-2.060000,yspeed:0.390000,angle:-18.000000,distense:40.400000,rcs:6.000000
timestame:1619469930.833000000,objid:1,type:0,xpos:0.000000,ypos:0.000000,xspeed:8.030000,yspeed:0.250000,angle:1.490000,distense:204.800000,rcs:15.000000
timestame:1619469930.833000000,objid:8,type:0,xpos:0.000000,ypos:0.000000,xspeed:7.960000,yspeed:0.180000,angle:1.210000,distense:198.000000,rcs:28.000000
