timestame:1619470293.529000000,objid:0,type:0,xpos:0.000000,ypos:0.000000,xspeed:1.160000,yspeed:0.040000,angle:5.690000,distense:19.400000,rcs:30.000000
timestame:1619470293.529000000,objid:1,type:0,xpos:0.000000,ypos:0.000000,xspeed:-1.810000,yspeed:-0.490000,angle:4.300000,distense:10.000000,rcs:13.000000
timestame:1619470293.529000000,objid:2,type:0,xpos:0.000000,ypos:0.000000,xspeed:-12.510000,yspeed:-0.830000,angle:-18.000000,distense:30.800000,rcs:6.000000
timestame:1619470293.529000000,objid:5,type:0,xpos:0.000000,ypos:0.000000,xspeed:1.670000,yspeed:-5.050000,angle:-0.400000,distense:17.000000,rcs:9.000000
