timestame:1619470437.920000000,objid:1,type:0,xpos:0.000000,ypos:0.000000,xspeed:13.530000,yspeed:0.640000,angle:2.490000,distense:27.200000,rcs:35.000000
timestame:1619470437.920000000,objid:2,type:0,xpos:0.000000,ypos:0.000000,xspeed:3.850000,yspeed:0.090000,angle:11.430000,distense:67.400000,rcs:24.000000
