timestame:1619470473.235000000,objid:1,type:0,xpos:0.000000,ypos:0.000000,xspeed:-11.830000,yspeed:0.070000,angle:-3.910000,distense:156.600000,rcs:13.000000
timestame:1619470473.235000000,objid:2,type:0,xpos:0.000000,ypos:0.000000,xspeed:3.620000,yspeed:-4.900000,angle:13.720000,distense:71.000000,rcs:9.000000
