timestame:1619471450.932000000,objid:3,type:0,xpos:0.000000,ypos:0.000000,xspeed:-2.430000,yspeed:-0.200000,angle:-6.410000,distense:103.000000,rcs:19.000000
timestame:1619471450.932000000,objid:11,type:0,xpos:0.000000,ypos:0.000000,xspeed:-1.830000,yspeed:0.310000,angle:-7.600000,distense:94.800000,rcs:9.000000
timestame:1619471450.932000000,objid:13,type:0,xpos:0.000000,ypos:0.000000,xspeed:-3.630000,yspeed:-0.120000,angle:20.150000,distense:38.800000,rcs:16.000000
