timestame:1619469567.765000000,objid:2,type:0,xpos:0.000000,ypos:0.000000,xspeed:-1.160000,yspeed:-3.940000,angle:-6.590000,distense:37.200000,rcs:29.000000
timestame:1619469567.765000000,objid:5,type:0,xpos:0.000000,ypos:0.000000,xspeed:-1.390000,yspeed:-2.420000,angle:-16.270000,distense:48.400000,rcs:6.000000
timestame:1619469567.765000000,objid:8,type:0,xpos:0.000000,ypos:0.000000,xspeed:3.950000,yspeed:-5.530000,angle:-0.590000,distense:61.200000,rcs:6.000000
timestame:1619469567.765000000,objid:11,type:0,xpos:0.000000,ypos:0.000000,xspeed:-2.090000,yspeed:-4.880000,angle:-13.900000,distense:35.000000,rcs:30.000000
