timestame:1619469536.693000000,objid:4,type:0,xpos:0.000000,ypos:0.000000,xspeed:16.660000,yspeed:0.340000,angle:1.840000,distense:107.400000,rcs:24.000000
timestame:1619469536.693000000,objid:7,type:0,xpos:0.000000,ypos:0.000000,xspeed:16.600000,yspeed:0.350000,angle:1.580000,distense:114.800000,rcs:19.000000
