timestame:1619470983.277000000,objid:0,type:0,xpos:0.000000,ypos:0.000000,xspeed:8.290000,yspeed:0.260000,angle:2.340000,distense:177.600000,rcs:31.000000
timestame:1619470983.277000000,objid:1,type:0,xpos:0.000000,ypos:0.000000,xspeed:-15.510000,yspeed:-0.210000,angle:-6.910000,distense:93.400000,rcs:23.000000
timestame:1619470983.277000000,objid:3,type:0,xpos:0.000000,ypos:0.000000,xspeed:3.550000,yspeed:-2.780000,angle:12.750000,distense:68.400000,rcs:9.000000
