timestame:1619469699.573000000,objid:2,type:0,xpos:0.000000,ypos:0.000000,xspeed:-1.920000,yspeed:-2.240000,angle:-18.000000,distense:41.200000,rcs:24.000000
timestame:1619469699.573000000,objid:5,type:0,xpos:0.000000,ypos:0.000000,xspeed:-4.100000,yspeed:-2.160000,angle:-18.000000,distense:38.000000,rcs:6.000000
timestame:1619469699.573000000,objid:6,type:0,xpos:0.000000,ypos:0.000000,xspeed:4.610000,yspeed:-5.870000,angle:-10.430000,distense:76.600000,rcs:6.000000
timestame:1619469699.573000000,objid:8,type:0,xpos:0.000000,ypos:0.000000,xspeed:3.010000,yspeed:5.230000,angle:-6.260000,distense:46.600000,rcs:13.000000
