timestame:1619471263.285000000,objid:2,type:0,xpos:0.000000,ypos:0.000000,xspeed:12.820000,yspeed:0.080000,angle:3.040000,distense:117.000000,rcs:24.000000
timestame:1619471263.285000000,objid:6,type:0,xpos:0.000000,ypos:0.000000,xspeed:12.750000,yspeed:-0.160000,angle:2.730000,distense:128.800000,rcs:15.000000
timestame:1619471263.285000000,objid:10,type:0,xpos:0.000000,ypos:0.000000,xspeed:12.690000,yspeed:0.120000,angle:3.460000,distense:104.400000,rcs:26.000000
