timestame:1619471078.209000000,objid:1,type:0,xpos:0.000000,ypos:0.000000,xspeed:-7.100000,yspeed:-0.540000,angle:-18.000000,distense:50.200000,rcs:29.000000
timestame:1619471078.209000000,objid:3,type:0,xpos:0.000000,ypos:0.000000,xspeed:-9.230000,yspeed:-0.110000,angle:-12.350000,distense:56.200000,rcs:20.000000
timestame:1619471078.209000000,objid:5,type:0,xpos:0.000000,ypos:0.000000,xspeed:-10.130000,yspeed:-0.610000,angle:-18.000000,distense:34.600000,rcs:19.000000
timestame:1619471078.209000000,objid:6,type:0,xpos:0.000000,ypos:0.000000,xspeed:-5.830000,yspeed:-0.590000,angle:-18.000000,distense:46.200000,rcs:27.000000
