timestame:1619469763.005000000,objid:1,type:0,xpos:0.000000,ypos:0.000000,xspeed:-20.980000,yspeed:0.000000,angle:-3.560000,distense:160.200000,rcs:6.000000
timestame:1619469763.005000000,objid:3,type:0,xpos:0.000000,ypos:0.000000,xspeed:4.940000,yspeed:0.900000,angle:18.890000,distense:25.400000,rcs:28.000000
timestame:1619469763.005000000,objid:5,type:0,xpos:0.000000,ypos:0.000000,xspeed:-18.030000,yspeed:-0.160000,angle:-16.320000,distense:60.400000,rcs:15.000000
timestame:1619469763.005000000,objid:6,type:0,xpos:0.000000,ypos:0.000000,xspeed:2.250000,yspeed:0.350000,angle:-16.280000,distense:19.200000,rcs:15.000000
