timestame:1619470032.145000000,objid:1,type:0,xpos:0.000000,ypos:0.000000,xspeed:6.970000,yspeed:0.360000,angle:2.520000,distense:49.000000,rcs:30.000000
timestame:1619470032.145000000,objid:4,type:0,xpos:0.000000,ypos:0.000000,xspeed:11.720000,yspeed:0.210000,angle:1.920000,distense:80.800000,rcs:20.000000
timestame:1619470032.145000000,objid:7,type:0,xpos:0.000000,ypos:0.000000,xspeed:1.530000,yspeed:-0.710000,angle:6.810000,distense:22.200000,rcs:29.000000
