timestame:1619470779.262000000,objid:2,type:0,xpos:0.000000,ypos:0.000000,xspeed:1.490000,yspeed:-5.810000,angle:5.930000,distense:42.400000,rcs:39.000000
timestame:1619470779.262000000,objid:4,type:0,xpos:0.000000,ypos:0.000000,xspeed:-1.730000,yspeed:-1.010000,angle:-2.660000,distense:46.800000,rcs:9.000000
timestame:1619470779.262000000,objid:6,type:0,xpos:0.000000,ypos:0.000000,xspeed:3.010000,yspeed:-1.140000,angle:-14.730000,distense:50.400000,rcs:16.000000
timestame:1619470779.262000000,objid:7,type:0,xpos:0.000000,ypos:0.000000,xspeed:-22.440000,yspeed:0.000000,angle:-11.630000,distense:80.200000,rcs:22.000000
