timestame:1619470477.155000000,objid:0,type:0,xpos:0.000000,ypos:0.000000,xspeed:-8.950000,yspeed:-0.330000,angle:-5.440000,distense:116.400000,rcs:24.000000
timestame:1619470477.155000000,objid:1,type:0,xpos:0.000000,ypos:0.000000,xspeed:-11.310000,yspeed:-0.300000,angle:-6.230000,distense:112.200000,rcs:19.000000
timestame:1619470477.155000000,objid:2,type:0,xpos:0.000000,ypos:0.000000,xspeed:1.170000,yspeed:-0.150000,angle:13.620000,distense:74.400000,rcs:6.000000
