timestame:1619470135.582000000,objid:3,type:0,xpos:0.000000,ypos:0.000000,xspeed:-3.660000,yspeed:-1.060000,angle:-18.000000,distense:24.200000,rcs:6.000000
timestame:1619470135.582000000,objid:6,type:0,xpos:0.000000,ypos:0.000000,xspeed:1.550000,yspeed:3.590000,angle:-2.080000,distense:47.200000,rcs:6.000000
timestame:1619470135.582000000,objid:7,type:0,xpos:0.000000,ypos:0.000000,xspeed:-5.100000,yspeed:-0.190000,angle:-9.200000,distense:79.400000,rcs:12.000000
timestame:1619470135.582000000,objid:8,type:0,xpos:0.000000,ypos:0.000000,xspeed:3.690000,yspeed:3.060000,angle:-11.430000,distense:38.000000,rcs:18.000000
