timestame:1619471265.875000000,objid:0,type:0,xpos:0.000000,ypos:0.000000,xspeed:12.830000,yspeed:0.660000,angle:2.790000,distense:175.000000,rcs:12.000000
timestame:1619471265.875000000,objid:2,type:0,xpos:0.000000,ypos:0.000000,xspeed:13.160000,yspeed:0.120000,angle:2.490000,distense:151.000000,rcs:22.000000
timestame:1619471265.875000000,objid:6,type:0,xpos:0.000000,ypos:0.000000,xspeed:13.090000,yspeed:0.090000,angle:2.340000,distense:162.800000,rcs:6.000000
timestame:1619471265.875000000,objid:10,type:0,xpos:0.000000,ypos:0.000000,xspeed:13.110000,yspeed:-0.070000,angle:2.400000,distense:138.400000,rcs:26.000000
