timestame:1619469913.792000000,objid:0,type:0,xpos:0.000000,ypos:0.000000,xspeed:-6.370000,yspeed:1.850000,angle:-18.000000,distense:33.400000,rcs:6.000000
timestame:1619469913.792000000,objid:1,type:0,xpos:0.000000,ypos:0.000000,xspeed:4.940000,yspeed:0.100000,angle:1.750000,distense:94.000000,rcs:22.000000
timestame:1619469913.792000000,objid:2,type:0,xpos:0.000000,ypos:0.000000,xspeed:12.230000,yspeed:0.200000,angle:2.530000,distense:177.000000,rcs:23.000000
timestame:1619469913.792000000,objid:8,type:0,xpos:0.000000,ypos:0.000000,xspeed:4.830000,yspeed:-0.040000,angle:1.890000,distense:87.000000,rcs:30.000000
