timestame:1619469772.211000000,objid:1,type:0,xpos:0.000000,ypos:0.000000,xspeed:3.600000,yspeed:1.370000,angle:-16.720000,distense:24.800000,rcs:24.000000
timestame:1619469772.211000000,objid:3,type:0,xpos:0.000000,ypos:0.000000,xspeed:4.020000,yspeed:1.230000,angle:21.090000,distense:36.600000,rcs:12.000000
timestame:1619469772.211000000,objid:7,type:0,xpos:0.000000,ypos:0.000000,xspeed:3.990000,yspeed:1.460000,angle:-16.320000,distense:35.000000,rcs:29.000000
