timestame:1619470074.072000000,objid:4,type:0,xpos:0.000000,ypos:0.000000,xspeed:-1.270000,yspeed:1.980000,angle:-16.150000,distense:42.800000,rcs:21.000000
timestame:1619470074.072000000,objid:8,type:0,xpos:0.000000,ypos:0.000000,xspeed:1.450000,yspeed:3.080000,angle:-5.780000,distense:43.200000,rcs:6.000000
