timestame:1619470708.591000000,objid:1,type:0,xpos:0.000000,ypos:0.000000,xspeed:12.600000,yspeed:0.250000,angle:2.190000,distense:196.800000,rcs:13.000000
timestame:1619470708.591000000,objid:2,type:0,xpos:0.000000,ypos:0.000000,xspeed:3.500000,yspeed:0.620000,angle:-17.340000,distense:20.800000,rcs:23.000000
timestame:1619470708.591000000,objid:3,type:0,xpos:0.000000,ypos:0.000000,xspeed:19.110000,yspeed:13.600000,angle:-16.420000,distense:37.400000,rcs:18.000000
timestame:1619470708.591000000,objid:7,type:0,xpos:0.000000,ypos:0.000000,xspeed:9.970000,yspeed:5.930000,angle:-12.460000,distense:19.600000,rcs:22.000000
