timestame:1619469482.322000000,objid:0,type:0,xpos:0.000000,ypos:0.000000,xspeed:-1.010000,yspeed:-0.210000,angle:-11.760000,distense:79.600000,rcs:24.000000
timestame:1619469482.322000000,objid:1,type:0,xpos:0.000000,ypos:0.000000,xspeed:-4.340000,yspeed:-2.730000,angle:-11.750000,distense:81.800000,rcs:19.000000
timestame:1619469482.322000000,objid:3,type:0,xpos:0.000000,ypos:0.000000,xspeed:4.070000,yspeed:-0.160000,angle:13.560000,distense:12.600000,rcs:18.000000
timestame:1619469482.322000000,objid:7,type:0,xpos:0.000000,ypos:0.000000,xspeed:-1.870000,yspeed:-0.200000,angle:-10.120000,distense:92.600000,rcs:13.000000
