timestame:1619469999.009000000,objid:7,type:0,xpos:0.000000,ypos:0.000000,xspeed:-20.330000,yspeed:-16.280000,angle:-18.000000,distense:33.200000,rcs:21.000000
timestame:1619469999.009000000,objid:11,type:0,xpos:0.000000,ypos:0.000000,xspeed:-1.740000,yspeed:-0.960000,angle:-18.000000,distense:32.200000,rcs:13.000000
timestame:1619469999.009000000,objid:15,type:0,xpos:0.000000,ypos:0.000000,xspeed:-1.470000,yspeed:-1.600000,angle:-18.000000,distense:34.400000,rcs:19.000000
timestame:1619469999.009000000,objid:17,type:0,xpos:0.000000,ypos:0.000000,xspeed:1.650000,yspeed:6.100000,angle:-5.530000,distense:54.400000,rcs:9.000000
