timestame:1619470059.562000000,objid:0,type:0,xpos:0.000000,ypos:0.000000,xspeed:-12.280000,yspeed:0.180000,angle:-4.950000,distense:84.800000,rcs:12.000000
timestame:1619470059.562000000,objid:1,type:0,xpos:0.000000,ypos:0.000000,xspeed:-20.980000,yspeed:0.000000,angle:-5.010000,distense:181.400000,rcs:12.000000
timestame:1619470059.562000000,objid:3,type:0,xpos:0.000000,ypos:0.000000,xspeed:-17.220000,yspeed:2.260000,angle:-3.760000,distense:177.600000,rcs:13.000000
timestame:1619470059.562000000,objid:5,type:0,xpos:0.000000,ypos:0.000000,xspeed:9.460000,yspeed:0.420000,angle:2.800000,distense:181.600000,rcs:27.000000
