timestame:1619471315.037000000,objid:1,type:0,xpos:0.000000,ypos:0.000000,xspeed:-15.060000,yspeed:-1.000000,angle:-4.560000,distense:150.400000,rcs:19.000000
timestame:1619471315.037000000,objid:2,type:0,xpos:0.000000,ypos:0.000000,xspeed:-2.460000,yspeed:5.300000,angle:-16.260000,distense:36.600000,rcs:13.000000
timestame:1619471315.037000000,objid:4,type:0,xpos:0.000000,ypos:0.000000,xspeed:-1.420000,yspeed:5.530000,angle:-16.210000,distense:36.800000,rcs:6.000000
