timestame:1619470480.772000000,objid:1,type:0,xpos:0.000000,ypos:0.000000,xspeed:-4.640000,yspeed:0.390000,angle:-6.700000,distense:96.000000,rcs:22.000000
timestame:1619470480.772000000,objid:2,type:0,xpos:0.000000,ypos:0.000000,xspeed:1.710000,yspeed:-0.420000,angle:11.180000,distense:80.400000,rcs:6.000000
timestame:1619470480.772000000,objid:6,type:0,xpos:0.000000,ypos:0.000000,xspeed:-3.410000,yspeed:1.870000,angle:-6.290000,distense:102.200000,rcs:13.000000
