timestame:1619470123.172000000,objid:4,type:0,xpos:0.000000,ypos:0.000000,xspeed:3.340000,yspeed:0.780000,angle:-16.670000,distense:23.800000,rcs:37.000000
timestame:1619470123.172000000,objid:6,type:0,xpos:0.000000,ypos:0.000000,xspeed:5.080000,yspeed:1.960000,angle:21.910000,distense:29.800000,rcs:36.000000
timestame:1619470123.172000000,objid:8,type:0,xpos:0.000000,ypos:0.000000,xspeed:3.930000,yspeed:1.660000,angle:-16.720000,distense:31.200000,rcs:6.000000
