timestame:1619469481.948000000,objid:1,type:0,xpos:0.000000,ypos:0.000000,xspeed:-1.750000,yspeed:0.000000,angle:-10.910000,distense:83.400000,rcs:15.000000
timestame:1619469481.948000000,objid:3,type:0,xpos:0.000000,ypos:0.000000,xspeed:1.840000,yspeed:-5.450000,angle:14.860000,distense:10.800000,rcs:20.000000
timestame:1619469481.948000000,objid:7,type:0,xpos:0.000000,ypos:0.000000,xspeed:-1.800000,yspeed:-0.670000,angle:-10.250000,distense:93.400000,rcs:20.000000
