timestame:1619470182.129000000,objid:1,type:0,xpos:0.000000,ypos:0.000000,xspeed:13.320000,yspeed:0.000000,angle:1.330000,distense:171.800000,rcs:21.000000
timestame:1619470182.129000000,objid:3,type:0,xpos:0.000000,ypos:0.000000,xspeed:-16.030000,yspeed:2.670000,angle:-3.260000,distense:135.400000,rcs:6.000000
timestame:1619470182.129000000,objid:8,type:0,xpos:0.000000,ypos:0.000000,xspeed:8.780000,yspeed:0.480000,angle:4.140000,distense:109.000000,rcs:13.000000
timestame:1619470182.129000000,objid:11,type:0,xpos:0.000000,ypos:0.000000,xspeed:8.090000,yspeed:0.250000,angle:4.880000,distense:97.800000,rcs:25.000000
