timestame:1619470734.868000000,objid:1,type:0,xpos:0.000000,ypos:0.000000,xspeed:12.080000,yspeed:-0.100000,angle:1.950000,distense:85.200000,rcs:18.000000
timestame:1619470734.868000000,objid:6,type:0,xpos:0.000000,ypos:0.000000,xspeed:12.220000,yspeed:0.360000,angle:2.240000,distense:74.600000,rcs:28.000000
