timestame:1619471149.959000000,objid:1,type:0,xpos:0.000000,ypos:0.000000,xspeed:-1.260000,yspeed:5.980000,angle:-14.000000,distense:41.800000,rcs:6.000000
timestame:1619471149.959000000,objid:2,type:0,xpos:0.000000,ypos:0.000000,xspeed:-4.380000,yspeed:0.000000,angle:-14.020000,distense:43.800000,rcs:15.000000
timestame:1619471149.959000000,objid:3,type:0,xpos:0.000000,ypos:0.000000,xspeed:11.410000,yspeed:-4.960000,angle:-17.260000,distense:50.000000,rcs:13.000000
