timestame:1619471537.542000000,objid:2,type:0,xpos:0.000000,ypos:0.000000,xspeed:-11.050000,yspeed:0.090000,angle:-5.160000,distense:126.600000,rcs:9.000000
timestame:1619471537.542000000,objid:9,type:0,xpos:0.000000,ypos:0.000000,xspeed:-11.030000,yspeed:-0.570000,angle:-4.830000,distense:137.800000,rcs:20.000000
timestame:1619471537.542000000,objid:10,type:0,xpos:0.000000,ypos:0.000000,xspeed:-1.940000,yspeed:-3.090000,angle:-17.590000,distense:36.000000,rcs:24.000000
timestame:1619471537.542000000,objid:12,type:0,xpos:0.000000,ypos:0.000000,xspeed:-2.180000,yspeed:-6.580000,angle:-12.460000,distense:37.000000,rcs:38.000000
