timestame:1619471307.032000000,objid:0,type:0,xpos:0.000000,ypos:0.000000,xspeed:3.440000,yspeed:0.600000,angle:19.360000,distense:25.000000,rcs:20.000000
timestame:1619471307.032000000,objid:1,type:0,xpos:0.000000,ypos:0.000000,xspeed:-7.040000,yspeed:2.220000,angle:-18.000000,distense:27.600000,rcs:9.000000
timestame:1619471307.032000000,objid:2,type:0,xpos:0.000000,ypos:0.000000,xspeed:5.000000,yspeed:0.930000,angle:-17.860000,distense:23.600000,rcs:19.000000
