timestame:1619470329.433000000,objid:0,type:0,xpos:0.000000,ypos:0.000000,xspeed:16.120000,yspeed:-0.340000,angle:0.590000,distense:168.600000,rcs:30.000000
timestame:1619470329.433000000,objid:2,type:0,xpos:0.000000,ypos:0.000000,xspeed:9.450000,yspeed:0.210000,angle:0.960000,distense:196.200000,rcs:22.000000
timestame:1619470329.433000000,objid:3,type:0,xpos:0.000000,ypos:0.000000,xspeed:14.210000,yspeed:0.270000,angle:2.350000,distense:220.200000,rcs:6.000000
timestame:1619470329.433000000,objid:5,type:0,xpos:0.000000,ypos:0.000000,xspeed:9.390000,yspeed:0.240000,angle:1.260000,distense:211.000000,rcs:6.000000
