timestame:1619470982.287000000,objid:0,type:0,xpos:0.000000,ypos:0.000000,xspeed:8.000000,yspeed:0.210000,angle:2.330000,distense:168.600000,rcs:23.000000
timestame:1619470982.287000000,objid:1,type:0,xpos:0.000000,ypos:0.000000,xspeed:-15.460000,yspeed:-0.260000,angle:-5.840000,distense:109.200000,rcs:28.000000
timestame:1619470982.287000000,objid:3,type:0,xpos:0.000000,ypos:0.000000,xspeed:3.180000,yspeed:-2.970000,angle:15.820000,distense:65.200000,rcs:12.000000
timestame:1619470982.287000000,objid:5,type:0,xpos:0.000000,ypos:0.000000,xspeed:-17.160000,yspeed:-9.150000,angle:-6.140000,distense:157.400000,rcs:6.000000
