timestame:1619470329.988000000,objid:0,type:0,xpos:0.000000,ypos:0.000000,xspeed:16.240000,yspeed:-0.410000,angle:0.440000,distense:177.600000,rcs:30.000000
timestame:1619470329.988000000,objid:2,type:0,xpos:0.000000,ypos:0.000000,xspeed:9.690000,yspeed:0.310000,angle:1.040000,distense:201.800000,rcs:15.000000
timestame:1619470329.988000000,objid:4,type:0,xpos:0.000000,ypos:0.000000,xspeed:-1.030000,yspeed:-1.100000,angle:13.200000,distense:67.800000,rcs:12.000000
timestame:1619470329.988000000,objid:5,type:0,xpos:0.000000,ypos:0.000000,xspeed:9.400000,yspeed:0.280000,angle:1.300000,distense:216.000000,rcs:9.000000
