timestame:1619471449.005000000,objid:3,type:0,xpos:0.000000,ypos:0.000000,xspeed:-3.250000,yspeed:-0.090000,angle:-5.970000,distense:107.000000,rcs:16.000000
timestame:1619471449.005000000,objid:11,type:0,xpos:0.000000,ypos:0.000000,xspeed:-2.740000,yspeed:-0.600000,angle:-8.420000,distense:97.600000,rcs:19.000000
timestame:1619471449.005000000,objid:13,type:0,xpos:0.000000,ypos:0.000000,xspeed:-3.470000,yspeed:-0.030000,angle:17.130000,distense:45.600000,rcs:6.000000
