timestame:1619470141.969000000,objid:0,type:0,xpos:0.000000,ypos:0.000000,xspeed:4.640000,yspeed:-0.100000,angle:-17.570000,distense:21.200000,rcs:24.000000
timestame:1619470141.969000000,objid:1,type:0,xpos:0.000000,ypos:0.000000,xspeed:1.570000,yspeed:0.110000,angle:15.410000,distense:28.200000,rcs:21.000000
