timestame:1619470473.302000000,objid:1,type:0,xpos:0.000000,ypos:0.000000,xspeed:-11.470000,yspeed:-0.250000,angle:-4.060000,distense:155.600000,rcs:15.000000
timestame:1619470473.302000000,objid:2,type:0,xpos:0.000000,ypos:0.000000,xspeed:2.640000,yspeed:-3.070000,angle:14.210000,distense:70.800000,rcs:12.000000
