timestame:1619471455.467000000,objid:0,type:0,xpos:0.000000,ypos:0.000000,xspeed:-15.310000,yspeed:-2.210000,angle:-3.430000,distense:171.200000,rcs:12.000000
timestame:1619471455.467000000,objid:13,type:0,xpos:0.000000,ypos:0.000000,xspeed:-4.290000,yspeed:-0.070000,angle:-5.280000,distense:21.000000,rcs:6.000000
