timestame:1619470191.282000000,objid:0,type:0,xpos:0.000000,ypos:0.000000,xspeed:-6.440000,yspeed:3.170000,angle:1.660000,distense:45.800000,rcs:23.000000
timestame:1619470191.282000000,objid:1,type:0,xpos:0.000000,ypos:0.000000,xspeed:2.720000,yspeed:2.950000,angle:5.790000,distense:136.000000,rcs:29.000000
timestame:1619470191.282000000,objid:2,type:0,xpos:0.000000,ypos:0.000000,xspeed:-5.560000,yspeed:4.400000,angle:4.790000,distense:44.400000,rcs:32.000000
