timestame:1619469890.210000000,objid:2,type:0,xpos:0.000000,ypos:0.000000,xspeed:-3.810000,yspeed:-0.070000,angle:-13.760000,distense:55.600000,rcs:20.000000
timestame:1619469890.210000000,objid:5,type:0,xpos:0.000000,ypos:0.000000,xspeed:-2.920000,yspeed:-0.150000,angle:-17.790000,distense:57.200000,rcs:12.000000
timestame:1619469890.210000000,objid:16,type:0,xpos:0.000000,ypos:0.000000,xspeed:-3.640000,yspeed:-0.160000,angle:-11.320000,distense:66.600000,rcs:21.000000
