timestame:1619471307.278000000,objid:0,type:0,xpos:0.000000,ypos:0.000000,xspeed:3.610000,yspeed:0.510000,angle:18.670000,distense:26.200000,rcs:22.000000
timestame:1619471307.278000000,objid:2,type:0,xpos:0.000000,ypos:0.000000,xspeed:4.850000,yspeed:1.460000,angle:-17.580000,distense:24.800000,rcs:21.000000
