timestame:1619469558.113000000,objid:1,type:0,xpos:0.000000,ypos:0.000000,xspeed:1.720000,yspeed:-7.210000,angle:22.620000,distense:41.800000,rcs:12.000000
timestame:1619469558.113000000,objid:5,type:0,xpos:0.000000,ypos:0.000000,xspeed:-1.800000,yspeed:6.990000,angle:21.090000,distense:41.000000,rcs:6.000000
timestame:1619469558.113000000,objid:9,type:0,xpos:0.000000,ypos:0.000000,xspeed:-1.780000,yspeed:8.570000,angle:21.230000,distense:41.200000,rcs:6.000000
timestame:1619469558.113000000,objid:10,type:0,xpos:0.000000,ypos:0.000000,xspeed:1.580000,yspeed:-5.370000,angle:-5.840000,distense:52.800000,rcs:9.000000
