timestame:1619470364.030000000,objid:2,type:0,xpos:0.000000,ypos:0.000000,xspeed:-5.360000,yspeed:2.100000,angle:20.010000,distense:43.400000,rcs:6.000000
timestame:1619470364.030000000,objid:11,type:0,xpos:0.000000,ypos:0.000000,xspeed:-2.170000,yspeed:4.500000,angle:21.830000,distense:38.800000,rcs:6.000000
