timestame:1619469484.006000000,objid:3,type:0,xpos:0.000000,ypos:0.000000,xspeed:3.090000,yspeed:0.340000,angle:12.110000,distense:17.400000,rcs:9.000000
timestame:1619469484.006000000,objid:7,type:0,xpos:0.000000,ypos:0.000000,xspeed:-2.060000,yspeed:0.030000,angle:-10.370000,distense:88.600000,rcs:15.000000
timestame:1619469484.006000000,objid:9,type:0,xpos:0.000000,ypos:0.000000,xspeed:2.430000,yspeed:0.850000,angle:-7.360000,distense:105.000000,rcs:6.000000
