timestame:1619470888.305000000,objid:2,type:0,xpos:0.000000,ypos:0.000000,xspeed:-1.140000,yspeed:-2.730000,angle:-18.000000,distense:35.800000,rcs:23.000000
timestame:1619470888.305000000,objid:3,type:0,xpos:0.000000,ypos:0.000000,xspeed:-2.050000,yspeed:-2.800000,angle:-18.000000,distense:33.400000,rcs:15.000000
timestame:1619470888.305000000,objid:12,type:0,xpos:0.000000,ypos:0.000000,xspeed:-1.470000,yspeed:5.040000,angle:-7.550000,distense:55.800000,rcs:9.000000
timestame:1619470888.305000000,objid:19,type:0,xpos:0.000000,ypos:0.000000,xspeed:-1.250000,yspeed:-3.160000,angle:-18.000000,distense:35.600000,rcs:27.000000
