timestame:1619470593.179000000,objid:0,type:0,xpos:0.000000,ypos:0.000000,xspeed:-14.730000,yspeed:-0.630000,angle:-18.000000,distense:31.400000,rcs:9.000000
timestame:1619470593.179000000,objid:5,type:0,xpos:0.000000,ypos:0.000000,xspeed:8.520000,yspeed:1.730000,angle:-16.540000,distense:24.600000,rcs:28.000000
timestame:1619470593.179000000,objid:6,type:0,xpos:0.000000,ypos:0.000000,xspeed:6.610000,yspeed:2.450000,angle:20.420000,distense:24.600000,rcs:25.000000
