timestame:1619470171.755000000,objid:0,type:0,xpos:0.000000,ypos:0.000000,xspeed:8.900000,yspeed:0.250000,angle:2.180000,distense:76.800000,rcs:23.000000
timestame:1619470171.755000000,objid:1,type:0,xpos:0.000000,ypos:0.000000,xspeed:9.980000,yspeed:0.480000,angle:2.680000,distense:47.400000,rcs:33.000000
timestame:1619470171.755000000,objid:3,type:0,xpos:0.000000,ypos:0.000000,xspeed:10.910000,yspeed:0.010000,angle:3.610000,distense:116.400000,rcs:15.000000
timestame:1619470171.755000000,objid:4,type:0,xpos:0.000000,ypos:0.000000,xspeed:4.820000,yspeed:1.370000,angle:19.990000,distense:29.600000,rcs:25.000000
