timestame:1619469532.972000000,objid:1,type:0,xpos:0.000000,ypos:0.000000,xspeed:1.620000,yspeed:-5.220000,angle:-18.000000,distense:83.200000,rcs:9.000000
timestame:1619469532.972000000,objid:4,type:0,xpos:0.000000,ypos:0.000000,xspeed:16.230000,yspeed:1.140000,angle:2.980000,distense:45.400000,rcs:33.000000
timestame:1619469532.972000000,objid:7,type:0,xpos:0.000000,ypos:0.000000,xspeed:17.050000,yspeed:0.490000,angle:1.640000,distense:54.000000,rcs:27.000000
