timestame:1619470790.582000000,objid:0,type:0,xpos:0.000000,ypos:0.000000,xspeed:1.680000,yspeed:0.160000,angle:1.660000,distense:18.200000,rcs:32.000000
timestame:1619470790.582000000,objid:1,type:0,xpos:0.000000,ypos:0.000000,xspeed:-5.690000,yspeed:-8.100000,angle:-11.220000,distense:46.600000,rcs:20.000000
timestame:1619470790.582000000,objid:2,type:0,xpos:0.000000,ypos:0.000000,xspeed:1.960000,yspeed:-7.780000,angle:-8.920000,distense:49.600000,rcs:18.000000
