timestame:1619469994.965000000,objid:6,type:0,xpos:0.000000,ypos:0.000000,xspeed:-5.640000,yspeed:2.190000,angle:-17.500000,distense:49.400000,rcs:6.000000
timestame:1619469994.965000000,objid:8,type:0,xpos:0.000000,ypos:0.000000,xspeed:1.190000,yspeed:3.120000,angle:-2.910000,distense:42.600000,rcs:9.000000
timestame:1619469994.965000000,objid:15,type:0,xpos:0.000000,ypos:0.000000,xspeed:-1.210000,yspeed:-2.200000,angle:-17.350000,distense:36.400000,rcs:38.000000
timestame:1619469994.965000000,objid:24,type:0,xpos:0.000000,ypos:0.000000,xspeed:2.420000,yspeed:2.810000,angle:-11.270000,distense:38.400000,rcs:9.000000
