timestame:1619470466.855000000,objid:1,type:0,xpos:0.000000,ypos:0.000000,xspeed:-13.180000,yspeed:-1.720000,angle:-18.000000,distense:22.400000,rcs:6.000000
timestame:1619470466.855000000,objid:2,type:0,xpos:0.000000,ypos:0.000000,xspeed:5.760000,yspeed:0.400000,angle:3.250000,distense:215.400000,rcs:6.000000
