timestame:1619470479.215000000,objid:0,type:0,xpos:0.000000,ypos:0.000000,xspeed:-7.540000,yspeed:-0.400000,angle:-6.730000,distense:101.200000,rcs:26.000000
timestame:1619470479.215000000,objid:2,type:0,xpos:0.000000,ypos:0.000000,xspeed:1.660000,yspeed:-0.300000,angle:12.220000,distense:78.000000,rcs:6.000000
timestame:1619470479.215000000,objid:4,type:0,xpos:0.000000,ypos:0.000000,xspeed:2.330000,yspeed:-1.610000,angle:-13.900000,distense:47.200000,rcs:19.000000
