timestame:1619470220.340000000,objid:7,type:0,xpos:0.000000,ypos:0.000000,xspeed:-2.010000,yspeed:8.190000,angle:22.210000,distense:40.800000,rcs:15.000000
timestame:1619470220.340000000,objid:8,type:0,xpos:0.000000,ypos:0.000000,xspeed:20.390000,yspeed:0.000000,angle:18.000000,distense:54.800000,rcs:6.000000
