timestame:1619470122.985000000,objid:1,type:0,xpos:0.000000,ypos:0.000000,xspeed:7.960000,yspeed:4.550000,angle:20.910000,distense:39.200000,rcs:20.000000
timestame:1619470122.985000000,objid:4,type:0,xpos:0.000000,ypos:0.000000,xspeed:3.240000,yspeed:0.990000,angle:-15.830000,distense:23.000000,rcs:35.000000
timestame:1619470122.985000000,objid:6,type:0,xpos:0.000000,ypos:0.000000,xspeed:5.080000,yspeed:1.870000,angle:21.730000,distense:28.800000,rcs:33.000000
timestame:1619470122.985000000,objid:8,type:0,xpos:0.000000,ypos:0.000000,xspeed:3.930000,yspeed:1.660000,angle:-16.690000,distense:30.400000,rcs:6.000000
