timestame:1619470800.254000000,objid:2,type:0,xpos:0.000000,ypos:0.000000,xspeed:-3.080000,yspeed:16.020000,angle:-5.260000,distense:37.600000,rcs:22.000000
timestame:1619470800.254000000,objid:3,type:0,xpos:0.000000,ypos:0.000000,xspeed:-2.100000,yspeed:-5.920000,angle:-17.210000,distense:40.000000,rcs:24.000000
timestame:1619470800.254000000,objid:7,type:0,xpos:0.000000,ypos:0.000000,xspeed:7.370000,yspeed:-1.470000,angle:11.760000,distense:56.000000,rcs:6.000000
timestame:1619470800.254000000,objid:8,type:0,xpos:0.000000,ypos:0.000000,xspeed:-1.050000,yspeed:-5.220000,angle:-18.000000,distense:43.400000,rcs:9.000000
