timestame:1619471231.182000000,objid:0,type:0,xpos:0.000000,ypos:0.000000,xspeed:6.590000,yspeed:0.010000,angle:1.900000,distense:102.800000,rcs:9.000000
timestame:1619471231.182000000,objid:1,type:0,xpos:0.000000,ypos:0.000000,xspeed:2.960000,yspeed:-5.380000,angle:-18.000000,distense:68.600000,rcs:6.000000
timestame:1619471231.182000000,objid:9,type:0,xpos:0.000000,ypos:0.000000,xspeed:6.760000,yspeed:0.000000,angle:1.780000,distense:94.600000,rcs:33.000000
