timestame:1619470565.924000000,objid:0,type:0,xpos:0.000000,ypos:0.000000,xspeed:6.730000,yspeed:2.210000,angle:20.290000,distense:32.200000,rcs:28.000000
timestame:1619470565.924000000,objid:2,type:0,xpos:0.000000,ypos:0.000000,xspeed:-11.620000,yspeed:-5.390000,angle:-15.730000,distense:17.600000,rcs:26.000000
timestame:1619470565.924000000,objid:3,type:0,xpos:0.000000,ypos:0.000000,xspeed:12.970000,yspeed:0.200000,angle:1.420000,distense:132.400000,rcs:18.000000
