timestame:1619470046.812000000,objid:0,type:0,xpos:0.000000,ypos:0.000000,xspeed:6.630000,yspeed:0.330000,angle:4.640000,distense:83.400000,rcs:9.000000
timestame:1619470046.812000000,objid:3,type:0,xpos:0.000000,ypos:0.000000,xspeed:14.730000,yspeed:0.170000,angle:1.200000,distense:203.400000,rcs:15.000000
timestame:1619470046.812000000,objid:5,type:0,xpos:0.000000,ypos:0.000000,xspeed:6.610000,yspeed:0.320000,angle:5.240000,distense:73.600000,rcs:24.000000
