timestame:1619469754.789000000,objid:2,type:0,xpos:0.000000,ypos:0.000000,xspeed:-7.900000,yspeed:0.140000,angle:-5.110000,distense:15.000000,rcs:9.000000
timestame:1619469754.789000000,objid:3,type:0,xpos:0.000000,ypos:0.000000,xspeed:7.520000,yspeed:0.160000,angle:22.680000,distense:24.200000,rcs:26.000000
timestame:1619469754.789000000,objid:4,type:0,xpos:0.000000,ypos:0.000000,xspeed:-13.240000,yspeed:-0.670000,angle:19.480000,distense:9.600000,rcs:6.000000
timestame:1619469754.789000000,objid:5,type:0,xpos:0.000000,ypos:0.000000,xspeed:5.440000,yspeed:-0.080000,angle:20.030000,distense:25.600000,rcs:20.000000
