timestame:1619470190.296000000,objid:1,type:0,xpos:0.000000,ypos:0.000000,xspeed:1.430000,yspeed:-1.020000,angle:4.620000,distense:132.800000,rcs:16.000000
timestame:1619470190.296000000,objid:2,type:0,xpos:0.000000,ypos:0.000000,xspeed:-5.880000,yspeed:3.500000,angle:-1.640000,distense:49.200000,rcs:37.000000
timestame:1619470190.296000000,objid:7,type:0,xpos:0.000000,ypos:0.000000,xspeed:3.530000,yspeed:0.480000,angle:6.120000,distense:139.000000,rcs:15.000000
