timestame:1619470534.850000000,objid:0,type:0,xpos:0.000000,ypos:0.000000,xspeed:5.670000,yspeed:0.580000,angle:16.190000,distense:25.800000,rcs:26.000000
timestame:1619470534.850000000,objid:1,type:0,xpos:0.000000,ypos:0.000000,xspeed:-13.860000,yspeed:-14.720000,angle:-7.610000,distense:25.800000,rcs:6.000000
timestame:1619470534.850000000,objid:2,type:0,xpos:0.000000,ypos:0.000000,xspeed:-6.440000,yspeed:-0.990000,angle:-8.680000,distense:109.600000,rcs:9.000000
timestame:1619470534.850000000,objid:4,type:0,xpos:0.000000,ypos:0.000000,xspeed:1.650000,yspeed:-3.600000,angle:17.960000,distense:23.600000,rcs:27.000000
