timestame:1619471463.360000000,objid:0,type:0,xpos:0.000000,ypos:0.000000,xspeed:5.850000,yspeed:-1.930000,angle:-8.220000,distense:83.400000,rcs:28.000000
timestame:1619471463.360000000,objid:1,type:0,xpos:0.000000,ypos:0.000000,xspeed:-5.490000,yspeed:-0.630000,angle:-6.130000,distense:111.400000,rcs:16.000000
timestame:1619471463.360000000,objid:3,type:0,xpos:0.000000,ypos:0.000000,xspeed:-7.060000,yspeed:-0.850000,angle:-5.480000,distense:175.400000,rcs:9.000000
