timestame:1619470873.308000000,objid:1,type:0,xpos:0.000000,ypos:0.000000,xspeed:-9.850000,yspeed:-1.560000,angle:-5.630000,distense:126.800000,rcs:9.000000
timestame:1619470873.308000000,objid:4,type:0,xpos:0.000000,ypos:0.000000,xspeed:3.580000,yspeed:-0.320000,angle:-0.420000,distense:19.800000,rcs:22.000000
timestame:1619470873.308000000,objid:11,type:0,xpos:0.000000,ypos:0.000000,xspeed:3.630000,yspeed:-0.240000,angle:0.670000,distense:32.400000,rcs:15.000000
