timestame:1619470064.153000000,objid:0,type:0,xpos:0.000000,ypos:0.000000,xspeed:-18.520000,yspeed:-0.310000,angle:-18.000000,distense:36.200000,rcs:21.000000
timestame:1619470064.153000000,objid:3,type:0,xpos:0.000000,ypos:0.000000,xspeed:-19.840000,yspeed:0.050000,angle:-11.140000,distense:82.600000,rcs:22.000000
timestame:1619470064.153000000,objid:4,type:0,xpos:0.000000,ypos:0.000000,xspeed:-4.540000,yspeed:0.650000,angle:-6.720000,distense:58.000000,rcs:20.000000
timestame:1619470064.153000000,objid:6,type:0,xpos:0.000000,ypos:0.000000,xspeed:5.940000,yspeed:2.140000,angle:20.360000,distense:27.000000,rcs:12.000000
