timestame:1619471194.262000000,objid:2,type:0,xpos:0.000000,ypos:0.000000,xspeed:-2.140000,yspeed:-2.270000,angle:-18.000000,distense:37.800000,rcs:9.000000
timestame:1619471194.262000000,objid:11,type:0,xpos:0.000000,ypos:0.000000,xspeed:1.580000,yspeed:2.010000,angle:-18.000000,distense:40.600000,rcs:20.000000
timestame:1619471194.262000000,objid:15,type:0,xpos:0.000000,ypos:0.000000,xspeed:-2.640000,yspeed:-2.170000,angle:-18.000000,distense:37.200000,rcs:19.000000
timestame:1619471194.262000000,objid:17,type:0,xpos:0.000000,ypos:0.000000,xspeed:7.700000,yspeed:0.390000,angle:3.930000,distense:97.000000,rcs:27.000000
