timestame:1619470487.402000000,objid:2,type:0,xpos:0.000000,ypos:0.000000,xspeed:1.380000,yspeed:-8.130000,angle:-12.340000,distense:67.600000,rcs:19.000000
timestame:1619470487.402000000,objid:4,type:0,xpos:0.000000,ypos:0.000000,xspeed:-1.930000,yspeed:-4.310000,angle:-18.000000,distense:38.200000,rcs:18.000000
timestame:1619470487.402000000,objid:5,type:0,xpos:0.000000,ypos:0.000000,xspeed:-3.370000,yspeed:-2.670000,angle:-18.000000,distense:34.000000,rcs:18.000000
