timestame:1619470770.070000000,objid:0,type:0,xpos:0.000000,ypos:0.000000,xspeed:-11.250000,yspeed:-0.380000,angle:-5.580000,distense:152.800000,rcs:20.000000
timestame:1619470770.070000000,objid:1,type:0,xpos:0.000000,ypos:0.000000,xspeed:11.840000,yspeed:0.300000,angle:2.110000,distense:88.600000,rcs:21.000000
timestame:1619470770.070000000,objid:2,type:0,xpos:0.000000,ypos:0.000000,xspeed:-10.400000,yspeed:-0.500000,angle:-6.270000,distense:150.600000,rcs:13.000000
