timestame:1619470617.925000000,objid:0,type:0,xpos:0.000000,ypos:0.000000,xspeed:-27.980000,yspeed:0.000000,angle:-10.000000,distense:91.200000,rcs:19.000000
timestame:1619470617.925000000,objid:2,type:0,xpos:0.000000,ypos:0.000000,xspeed:-9.010000,yspeed:3.010000,angle:-8.220000,distense:104.000000,rcs:18.000000
