timestame:1619471228.447000000,objid:0,type:0,xpos:0.000000,ypos:0.000000,xspeed:5.770000,yspeed:0.340000,angle:2.230000,distense:84.600000,rcs:12.000000
timestame:1619471228.447000000,objid:1,type:0,xpos:0.000000,ypos:0.000000,xspeed:4.400000,yspeed:-4.000000,angle:-18.000000,distense:56.200000,rcs:19.000000
timestame:1619471228.447000000,objid:9,type:0,xpos:0.000000,ypos:0.000000,xspeed:5.990000,yspeed:0.220000,angle:2.280000,distense:75.600000,rcs:41.000000
