timestame:1619470044.093000000,objid:0,type:0,xpos:0.000000,ypos:0.000000,xspeed:4.740000,yspeed:0.780000,angle:5.790000,distense:64.600000,rcs:15.000000
timestame:1619470044.093000000,objid:1,type:0,xpos:0.000000,ypos:0.000000,xspeed:13.300000,yspeed:-0.010000,angle:0.970000,distense:187.200000,rcs:6.000000
timestame:1619470044.093000000,objid:3,type:0,xpos:0.000000,ypos:0.000000,xspeed:14.060000,yspeed:0.210000,angle:1.400000,distense:162.400000,rcs:12.000000
timestame:1619470044.093000000,objid:5,type:0,xpos:0.000000,ypos:0.000000,xspeed:5.420000,yspeed:0.590000,angle:6.370000,distense:54.400000,rcs:35.000000
