timestame:1619470105.914000000,objid:1,type:0,xpos:0.000000,ypos:0.000000,xspeed:6.450000,yspeed:0.360000,angle:20.130000,distense:30.200000,rcs:29.000000
timestame:1619470105.914000000,objid:9,type:0,xpos:0.000000,ypos:0.000000,xspeed:3.960000,yspeed:2.430000,angle:-15.820000,distense:28.200000,rcs:34.000000
