timestame:1619470940.542000000,objid:1,type:0,xpos:0.000000,ypos:0.000000,xspeed:-3.900000,yspeed:0.440000,angle:-13.620000,distense:65.800000,rcs:24.000000
timestame:1619470940.542000000,objid:5,type:0,xpos:0.000000,ypos:0.000000,xspeed:-6.650000,yspeed:0.490000,angle:-14.220000,distense:68.600000,rcs:22.000000
timestame:1619470940.542000000,objid:10,type:0,xpos:0.000000,ypos:0.000000,xspeed:-4.040000,yspeed:0.130000,angle:-10.920000,distense:66.800000,rcs:21.000000
