timestame:1619470951.585000000,objid:0,type:0,xpos:0.000000,ypos:0.000000,xspeed:6.410000,yspeed:-0.900000,angle:0.390000,distense:30.600000,rcs:42.000000
timestame:1619470951.585000000,objid:7,type:0,xpos:0.000000,ypos:0.000000,xspeed:4.260000,yspeed:-6.320000,angle:-4.100000,distense:41.200000,rcs:12.000000
timestame:1619470951.585000000,objid:10,type:0,xpos:0.000000,ypos:0.000000,xspeed:3.270000,yspeed:0.640000,angle:4.560000,distense:15.400000,rcs:25.000000
timestame:1619470951.585000000,objid:11,type:0,xpos:0.000000,ypos:0.000000,xspeed:1.100000,yspeed:0.000000,angle:9.990000,distense:16.600000,rcs:37.000000
