timestame:1619470775.357000000,objid:0,type:0,xpos:0.000000,ypos:0.000000,xspeed:26.420000,yspeed:3.480000,angle:0.790000,distense:179.200000,rcs:13.000000
timestame:1619470775.357000000,objid:1,type:0,xpos:0.000000,ypos:0.000000,xspeed:-7.760000,yspeed:-1.370000,angle:-8.000000,distense:110.000000,rcs:27.000000
