timestame:1619469567.641000000,objid:2,type:0,xpos:0.000000,ypos:0.000000,xspeed:-1.090000,yspeed:-4.080000,angle:-6.170000,distense:37.400000,rcs:28.000000
timestame:1619469567.641000000,objid:5,type:0,xpos:0.000000,ypos:0.000000,xspeed:-1.390000,yspeed:-2.420000,angle:-15.890000,distense:48.400000,rcs:6.000000
timestame:1619469567.641000000,objid:8,type:0,xpos:0.000000,ypos:0.000000,xspeed:3.950000,yspeed:-5.530000,angle:0.030000,distense:60.800000,rcs:6.000000
timestame:1619469567.641000000,objid:11,type:0,xpos:0.000000,ypos:0.000000,xspeed:-2.070000,yspeed:-4.890000,angle:-12.890000,distense:35.000000,rcs:28.000000
