timestame:1619470771.682000000,objid:0,type:0,xpos:0.000000,ypos:0.000000,xspeed:-10.490000,yspeed:-0.250000,angle:-6.250000,distense:137.400000,rcs:16.000000
timestame:1619470771.682000000,objid:1,type:0,xpos:0.000000,ypos:0.000000,xspeed:13.300000,yspeed:0.110000,angle:1.650000,distense:111.000000,rcs:20.000000
timestame:1619470771.682000000,objid:2,type:0,xpos:0.000000,ypos:0.000000,xspeed:-10.370000,yspeed:0.940000,angle:-6.200000,distense:133.800000,rcs:21.000000
