timestame:1619471531.165000000,objid:2,type:0,xpos:0.000000,ypos:0.000000,xspeed:-15.430000,yspeed:3.440000,angle:9.110000,distense:38.400000,rcs:20.000000
timestame:1619471531.165000000,objid:5,type:0,xpos:0.000000,ypos:0.000000,xspeed:-38.170000,yspeed:0.000000,angle:10.130000,distense:25.000000,rcs:27.000000
