timestame:1619470221.572000000,objid:6,type:0,xpos:0.000000,ypos:0.000000,xspeed:-3.050000,yspeed:3.790000,angle:-18.000000,distense:47.000000,rcs:6.000000
timestame:1619470221.572000000,objid:8,type:0,xpos:0.000000,ypos:0.000000,xspeed:-4.670000,yspeed:0.000000,angle:-18.000000,distense:47.400000,rcs:9.000000
timestame:1619470221.572000000,objid:11,type:0,xpos:0.000000,ypos:0.000000,xspeed:-2.740000,yspeed:7.100000,angle:-17.550000,distense:45.000000,rcs:13.000000
