timestame:1619471450.620000000,objid:3,type:0,xpos:0.000000,ypos:0.000000,xspeed:-2.500000,yspeed:-0.080000,angle:-6.200000,distense:103.600000,rcs:18.000000
timestame:1619471450.620000000,objid:11,type:0,xpos:0.000000,ypos:0.000000,xspeed:-1.930000,yspeed:0.210000,angle:-7.770000,distense:95.200000,rcs:13.000000
timestame:1619471450.620000000,objid:13,type:0,xpos:0.000000,ypos:0.000000,xspeed:-3.650000,yspeed:-0.010000,angle:19.890000,distense:39.800000,rcs:15.000000
