timestame:1619471224.434000000,objid:1,type:0,xpos:0.000000,ypos:0.000000,xspeed:6.010000,yspeed:-0.330000,angle:-5.040000,distense:35.000000,rcs:18.000000
timestame:1619471224.434000000,objid:6,type:0,xpos:0.000000,ypos:0.000000,xspeed:4.640000,yspeed:0.390000,angle:2.680000,distense:70.200000,rcs:6.000000
timestame:1619471224.434000000,objid:9,type:0,xpos:0.000000,ypos:0.000000,xspeed:4.850000,yspeed:0.100000,angle:2.580000,distense:51.800000,rcs:46.000000
