timestame:1619471552.048000000,objid:7,type:0,xpos:0.000000,ypos:0.000000,xspeed:-2.150000,yspeed:-3.650000,angle:-13.870000,distense:62.600000,rcs:9.000000
timestame:1619471552.048000000,objid:13,type:0,xpos:0.000000,ypos:0.000000,xspeed:3.760000,yspeed:0.950000,angle:21.150000,distense:27.000000,rcs:28.000000
timestame:1619471552.048000000,objid:14,type:0,xpos:0.000000,ypos:0.000000,xspeed:1.900000,yspeed:-6.940000,angle:-10.810000,distense:59.800000,rcs:9.000000
timestame:1619471552.048000000,objid:15,type:0,xpos:0.000000,ypos:0.000000,xspeed:-1.790000,yspeed:-2.900000,angle:-18.000000,distense:34.800000,rcs:30.000000
