timestame:1619471250.656000000,objid:0,type:0,xpos:0.000000,ypos:0.000000,xspeed:-15.240000,yspeed:6.020000,angle:-1.700000,distense:172.400000,rcs:6.000000
timestame:1619471250.656000000,objid:3,type:0,xpos:0.000000,ypos:0.000000,xspeed:-12.480000,yspeed:-0.120000,angle:-4.490000,distense:172.600000,rcs:9.000000
