timestame:1619470634.357000000,objid:1,type:0,xpos:0.000000,ypos:0.000000,xspeed:-1.690000,yspeed:2.360000,angle:-18.000000,distense:34.400000,rcs:6.000000
timestame:1619470634.357000000,objid:2,type:0,xpos:0.000000,ypos:0.000000,xspeed:-2.720000,yspeed:0.250000,angle:-8.440000,distense:81.800000,rcs:18.000000
