timestame:1619471088.067000000,objid:0,type:0,xpos:0.000000,ypos:0.000000,xspeed:8.790000,yspeed:0.410000,angle:1.770000,distense:72.000000,rcs:30.000000
timestame:1619471088.067000000,objid:1,type:0,xpos:0.000000,ypos:0.000000,xspeed:8.120000,yspeed:0.540000,angle:9.260000,distense:25.200000,rcs:38.000000
timestame:1619471088.067000000,objid:4,type:0,xpos:0.000000,ypos:0.000000,xspeed:-22.680000,yspeed:-1.000000,angle:-8.140000,distense:90.800000,rcs:18.000000
timestame:1619471088.067000000,objid:11,type:0,xpos:0.000000,ypos:0.000000,xspeed:3.750000,yspeed:0.020000,angle:2.060000,distense:29.600000,rcs:34.000000
