timestame:1619470707.285000000,objid:0,type:0,xpos:0.000000,ypos:0.000000,xspeed:2.670000,yspeed:-3.370000,angle:-18.000000,distense:72.400000,rcs:6.000000
timestame:1619470707.285000000,objid:1,type:0,xpos:0.000000,ypos:0.000000,xspeed:12.100000,yspeed:0.080000,angle:2.190000,distense:179.600000,rcs:9.000000
timestame:1619470707.285000000,objid:2,type:0,xpos:0.000000,ypos:0.000000,xspeed:3.600000,yspeed:0.990000,angle:-14.620000,distense:16.400000,rcs:22.000000
timestame:1619470707.285000000,objid:4,type:0,xpos:0.000000,ypos:0.000000,xspeed:-14.020000,yspeed:-6.030000,angle:22.940000,distense:4.800000,rcs:20.000000
