timestame:1619471136.315000000,objid:3,type:0,xpos:0.000000,ypos:0.000000,xspeed:-2.840000,yspeed:-7.820000,angle:13.730000,distense:39.000000,rcs:37.000000
timestame:1619471136.315000000,objid:4,type:0,xpos:0.000000,ypos:0.000000,xspeed:3.630000,yspeed:-1.500000,angle:11.320000,distense:41.200000,rcs:32.000000
