timestame:1619471406.270000000,objid:5,type:0,xpos:0.000000,ypos:0.000000,xspeed:-17.170000,yspeed:-1.210000,angle:8.070000,distense:156.400000,rcs:6.000000
timestame:1619471406.270000000,objid:6,type:0,xpos:0.000000,ypos:0.000000,xspeed:-1.470000,yspeed:8.170000,angle:2.650000,distense:40.800000,rcs:13.000000
timestame:1619471406.270000000,objid:10,type:0,xpos:0.000000,ypos:0.000000,xspeed:-1.080000,yspeed:-0.470000,angle:-15.110000,distense:45.000000,rcs:6.000000
