timestame:1619471004.318000000,objid:1,type:0,xpos:0.000000,ypos:0.000000,xspeed:-13.180000,yspeed:-0.730000,angle:-6.940000,distense:126.600000,rcs:15.000000
timestame:1619471004.318000000,objid:4,type:0,xpos:0.000000,ypos:0.000000,xspeed:1.200000,yspeed:0.250000,angle:1.010000,distense:17.800000,rcs:6.000000
