timestame:1619470692.414000000,objid:1,type:0,xpos:0.000000,ypos:0.000000,xspeed:3.810000,yspeed:0.020000,angle:6.630000,distense:37.800000,rcs:29.000000
timestame:1619470692.414000000,objid:2,type:0,xpos:0.000000,ypos:0.000000,xspeed:-2.700000,yspeed:-0.110000,angle:-18.000000,distense:36.000000,rcs:6.000000
timestame:1619470692.414000000,objid:3,type:0,xpos:0.000000,ypos:0.000000,xspeed:-8.860000,yspeed:-0.790000,angle:-18.000000,distense:26.200000,rcs:6.000000
timestame:1619470692.414000000,objid:4,type:0,xpos:0.000000,ypos:0.000000,xspeed:1.210000,yspeed:-4.190000,angle:-18.000000,distense:35.200000,rcs:6.000000
