timestame:1619470118.749000000,objid:1,type:0,xpos:0.000000,ypos:0.000000,xspeed:1.060000,yspeed:-0.030000,angle:11.680000,distense:34.600000,rcs:16.000000
timestame:1619470118.749000000,objid:3,type:0,xpos:0.000000,ypos:0.000000,xspeed:-9.870000,yspeed:2.950000,angle:13.830000,distense:26.200000,rcs:12.000000
timestame:1619470118.749000000,objid:4,type:0,xpos:0.000000,ypos:0.000000,xspeed:-13.180000,yspeed:-3.960000,angle:-4.110000,distense:9.600000,rcs:9.000000
