timestame:1619469535.206000000,objid:4,type:0,xpos:0.000000,ypos:0.000000,xspeed:16.460000,yspeed:0.600000,angle:2.300000,distense:82.200000,rcs:33.000000
timestame:1619469535.206000000,objid:7,type:0,xpos:0.000000,ypos:0.000000,xspeed:16.520000,yspeed:0.490000,angle:1.810000,distense:90.000000,rcs:18.000000
