timestame:1619471084.782000000,objid:0,type:0,xpos:0.000000,ypos:0.000000,xspeed:8.750000,yspeed:1.180000,angle:1.250000,distense:43.400000,rcs:26.000000
timestame:1619471084.782000000,objid:4,type:0,xpos:0.000000,ypos:0.000000,xspeed:4.450000,yspeed:0.140000,angle:1.520000,distense:40.000000,rcs:37.000000
timestame:1619471084.782000000,objid:11,type:0,xpos:0.000000,ypos:0.000000,xspeed:1.440000,yspeed:0.040000,angle:2.660000,distense:16.600000,rcs:41.000000
