timestame:1619471235.090000000,objid:0,type:0,xpos:0.000000,ypos:0.000000,xspeed:7.950000,yspeed:-0.080000,angle:1.280000,distense:134.400000,rcs:15.000000
timestame:1619471235.090000000,objid:9,type:0,xpos:0.000000,ypos:0.000000,xspeed:7.570000,yspeed:0.140000,angle:1.560000,distense:124.200000,rcs:31.000000
