timestame:1619469856.415000000,objid:0,type:0,xpos:0.000000,ypos:0.000000,xspeed:-2.840000,yspeed:1.830000,angle:-5.230000,distense:43.600000,rcs:43.000000
timestame:1619469856.415000000,objid:3,type:0,xpos:0.000000,ypos:0.000000,xspeed:-1.130000,yspeed:-2.880000,angle:-13.670000,distense:43.000000,rcs:20.000000
timestame:1619469856.415000000,objid:5,type:0,xpos:0.000000,ypos:0.000000,xspeed:-1.630000,yspeed:-1.650000,angle:-7.520000,distense:60.600000,rcs:9.000000
timestame:1619469856.415000000,objid:10,type:0,xpos:0.000000,ypos:0.000000,xspeed:-10.740000,yspeed:-0.010000,angle:-5.150000,distense:125.600000,rcs:9.000000
