timestame:1619470699.400000000,objid:1,type:0,xpos:0.000000,ypos:0.000000,xspeed:8.410000,yspeed:0.290000,angle:4.480000,distense:90.200000,rcs:22.000000
timestame:1619470699.400000000,objid:2,type:0,xpos:0.000000,ypos:0.000000,xspeed:-5.730000,yspeed:3.760000,angle:-10.490000,distense:111.400000,rcs:13.000000
