timestame:1619470009.908000000,objid:2,type:0,xpos:0.000000,ypos:0.000000,xspeed:-1.890000,yspeed:-1.490000,angle:-18.000000,distense:31.400000,rcs:20.000000
timestame:1619470009.908000000,objid:15,type:0,xpos:0.000000,ypos:0.000000,xspeed:-1.150000,yspeed:-5.070000,angle:20.830000,distense:42.600000,rcs:24.000000
timestame:1619470009.908000000,objid:19,type:0,xpos:0.000000,ypos:0.000000,xspeed:3.280000,yspeed:-7.200000,angle:-17.630000,distense:46.800000,rcs:23.000000
