timestame:1619470030.215000000,objid:1,type:0,xpos:0.000000,ypos:0.000000,xspeed:5.150000,yspeed:0.550000,angle:2.720000,distense:33.800000,rcs:16.000000
timestame:1619470030.215000000,objid:2,type:0,xpos:0.000000,ypos:0.000000,xspeed:7.030000,yspeed:0.310000,angle:2.400000,distense:54.000000,rcs:31.000000
timestame:1619470030.215000000,objid:4,type:0,xpos:0.000000,ypos:0.000000,xspeed:8.150000,yspeed:0.210000,angle:2.350000,distense:57.600000,rcs:25.000000
timestame:1619470030.215000000,objid:5,type:0,xpos:0.000000,ypos:0.000000,xspeed:3.500000,yspeed:-0.400000,angle:-18.000000,distense:56.200000,rcs:12.000000
