timestame:1619470364.406000000,objid:1,type:0,xpos:0.000000,ypos:0.000000,xspeed:-1.240000,yspeed:8.990000,angle:-9.090000,distense:43.000000,rcs:6.000000
timestame:1619470364.406000000,objid:11,type:0,xpos:0.000000,ypos:0.000000,xspeed:-2.160000,yspeed:4.460000,angle:-16.120000,distense:38.800000,rcs:6.000000
