timestame:1619471265.690000000,objid:0,type:0,xpos:0.000000,ypos:0.000000,xspeed:12.900000,yspeed:0.570000,angle:2.750000,distense:172.600000,rcs:12.000000
timestame:1619471265.690000000,objid:2,type:0,xpos:0.000000,ypos:0.000000,xspeed:13.080000,yspeed:0.120000,angle:2.520000,distense:148.400000,rcs:21.000000
timestame:1619471265.690000000,objid:6,type:0,xpos:0.000000,ypos:0.000000,xspeed:13.070000,yspeed:0.080000,angle:2.350000,distense:160.600000,rcs:6.000000
timestame:1619471265.690000000,objid:10,type:0,xpos:0.000000,ypos:0.000000,xspeed:13.050000,yspeed:-0.060000,angle:2.460000,distense:136.000000,rcs:16.000000
