timestame:1619469762.692000000,objid:3,type:0,xpos:0.000000,ypos:0.000000,xspeed:5.000000,yspeed:0.840000,angle:19.220000,distense:24.000000,rcs:32.000000
timestame:1619469762.692000000,objid:5,type:0,xpos:0.000000,ypos:0.000000,xspeed:-18.180000,yspeed:-0.180000,angle:-15.010000,distense:65.400000,rcs:19.000000
timestame:1619469762.692000000,objid:6,type:0,xpos:0.000000,ypos:0.000000,xspeed:2.930000,yspeed:1.450000,angle:-14.800000,distense:19.200000,rcs:12.000000
