timestame:1619471400.788000000,objid:0,type:0,xpos:0.000000,ypos:0.000000,xspeed:-3.170000,yspeed:5.600000,angle:-18.000000,distense:47.600000,rcs:19.000000
timestame:1619471400.788000000,objid:4,type:0,xpos:0.000000,ypos:0.000000,xspeed:-2.740000,yspeed:0.510000,angle:8.700000,distense:168.600000,rcs:9.000000
