timestame:1619471162.865000000,objid:3,type:0,xpos:0.000000,ypos:0.000000,xspeed:4.870000,yspeed:4.600000,angle:-15.160000,distense:36.800000,rcs:18.000000
timestame:1619471162.865000000,objid:5,type:0,xpos:0.000000,ypos:0.000000,xspeed:3.380000,yspeed:5.520000,angle:-8.330000,distense:44.200000,rcs:6.000000
timestame:1619471162.865000000,objid:8,type:0,xpos:0.000000,ypos:0.000000,xspeed:4.620000,yspeed:3.460000,angle:-14.240000,distense:39.800000,rcs:15.000000
