timestame:1619470746.356000000,objid:0,type:0,xpos:0.000000,ypos:0.000000,xspeed:-2.110000,yspeed:-0.350000,angle:-8.980000,distense:82.400000,rcs:6.000000
timestame:1619470746.356000000,objid:6,type:0,xpos:0.000000,ypos:0.000000,xspeed:12.590000,yspeed:0.520000,angle:1.470000,distense:216.400000,rcs:19.000000
