timestame:1619469910.936000000,objid:1,type:0,xpos:0.000000,ypos:0.000000,xspeed:4.140000,yspeed:0.020000,angle:1.960000,distense:79.400000,rcs:12.000000
timestame:1619469910.936000000,objid:2,type:0,xpos:0.000000,ypos:0.000000,xspeed:10.380000,yspeed:0.040000,angle:2.840000,distense:141.000000,rcs:9.000000
timestame:1619469910.936000000,objid:8,type:0,xpos:0.000000,ypos:0.000000,xspeed:4.200000,yspeed:0.200000,angle:2.470000,distense:72.800000,rcs:27.000000
