timestame:1619470500.479000000,objid:2,type:0,xpos:0.000000,ypos:0.000000,xspeed:-1.300000,yspeed:-1.130000,angle:-18.000000,distense:38.000000,rcs:20.000000
timestame:1619470500.479000000,objid:3,type:0,xpos:0.000000,ypos:0.000000,xspeed:-2.030000,yspeed:-2.790000,angle:-1.070000,distense:40.400000,rcs:40.000000
timestame:1619470500.479000000,objid:6,type:0,xpos:0.000000,ypos:0.000000,xspeed:-1.960000,yspeed:0.610000,angle:-18.000000,distense:34.800000,rcs:16.000000
timestame:1619470500.479000000,objid:7,type:0,xpos:0.000000,ypos:0.000000,xspeed:-1.850000,yspeed:-2.540000,angle:-18.000000,distense:44.800000,rcs:19.000000
