timestame:1619470637.152000000,objid:2,type:0,xpos:0.000000,ypos:0.000000,xspeed:1.630000,yspeed:-6.780000,angle:-1.580000,distense:50.800000,rcs:20.000000
timestame:1619470637.152000000,objid:3,type:0,xpos:0.000000,ypos:0.000000,xspeed:4.260000,yspeed:-14.170000,angle:-1.970000,distense:51.400000,rcs:6.000000
timestame:1619470637.152000000,objid:4,type:0,xpos:0.000000,ypos:0.000000,xspeed:-7.370000,yspeed:9.170000,angle:-3.130000,distense:207.600000,rcs:9.000000
timestame:1619470637.152000000,objid:6,type:0,xpos:0.000000,ypos:0.000000,xspeed:3.040000,yspeed:-10.400000,angle:1.080000,distense:50.400000,rcs:27.000000
