timestame:1619470990.728000000,objid:3,type:0,xpos:0.000000,ypos:0.000000,xspeed:5.230000,yspeed:-0.170000,angle:7.010000,distense:105.400000,rcs:9.000000
timestame:1619470990.728000000,objid:4,type:0,xpos:0.000000,ypos:0.000000,xspeed:-13.510000,yspeed:-0.450000,angle:-17.440000,distense:46.800000,rcs:24.000000
