timestame:1619470980.722000000,objid:0,type:0,xpos:0.000000,ypos:0.000000,xspeed:7.640000,yspeed:0.020000,angle:2.270000,distense:155.800000,rcs:22.000000
timestame:1619470980.722000000,objid:1,type:0,xpos:0.000000,ypos:0.000000,xspeed:-14.630000,yspeed:-0.490000,angle:-4.700000,distense:133.800000,rcs:18.000000
timestame:1619470980.722000000,objid:3,type:0,xpos:0.000000,ypos:0.000000,xspeed:3.440000,yspeed:-2.470000,angle:21.410000,distense:62.200000,rcs:12.000000
timestame:1619470980.722000000,objid:4,type:0,xpos:0.000000,ypos:0.000000,xspeed:-19.960000,yspeed:-1.120000,angle:-18.000000,distense:37.000000,rcs:20.000000
