timestame:1619470974.190000000,objid:0,type:0,xpos:0.000000,ypos:0.000000,xspeed:6.350000,yspeed:0.020000,angle:3.630000,distense:107.800000,rcs:21.000000
timestame:1619470974.190000000,objid:2,type:0,xpos:0.000000,ypos:0.000000,xspeed:1.360000,yspeed:3.870000,angle:-2.710000,distense:46.600000,rcs:12.000000
timestame:1619470974.190000000,objid:3,type:0,xpos:0.000000,ypos:0.000000,xspeed:6.830000,yspeed:-0.490000,angle:2.310000,distense:117.000000,rcs:13.000000
timestame:1619470974.190000000,objid:9,type:0,xpos:0.000000,ypos:0.000000,xspeed:2.450000,yspeed:3.080000,angle:-10.560000,distense:40.400000,rcs:19.000000
