timestame:1619470756.788000000,objid:2,type:0,xpos:0.000000,ypos:0.000000,xspeed:-1.690000,yspeed:-0.720000,angle:-18.000000,distense:32.000000,rcs:6.000000
timestame:1619470756.788000000,objid:10,type:0,xpos:0.000000,ypos:0.000000,xspeed:-3.180000,yspeed:-0.530000,angle:-18.000000,distense:27.600000,rcs:16.000000
timestame:1619470756.788000000,objid:11,type:0,xpos:0.000000,ypos:0.000000,xspeed:-2.860000,yspeed:-0.080000,angle:-18.000000,distense:25.600000,rcs:12.000000
