timestame:1619471311.625000000,objid:0,type:0,xpos:0.000000,ypos:0.000000,xspeed:3.130000,yspeed:1.420000,angle:20.550000,distense:41.400000,rcs:9.000000
timestame:1619471311.625000000,objid:2,type:0,xpos:0.000000,ypos:0.000000,xspeed:3.050000,yspeed:2.780000,angle:-14.180000,distense:41.200000,rcs:13.000000
timestame:1619471311.625000000,objid:3,type:0,xpos:0.000000,ypos:0.000000,xspeed:3.600000,yspeed:1.970000,angle:-16.610000,distense:34.600000,rcs:20.000000
timestame:1619471311.625000000,objid:4,type:0,xpos:0.000000,ypos:0.000000,xspeed:-1.180000,yspeed:5.290000,angle:-4.200000,distense:38.000000,rcs:9.000000
