timestame:1619469785.525000000,objid:1,type:0,xpos:0.000000,ypos:0.000000,xspeed:-14.730000,yspeed:-6.580000,angle:-8.160000,distense:117.000000,rcs:12.000000
timestame:1619469785.525000000,objid:2,type:0,xpos:0.000000,ypos:0.000000,xspeed:16.930000,yspeed:-0.010000,angle:0.900000,distense:187.200000,rcs:9.000000
timestame:1619469785.525000000,objid:4,type:0,xpos:0.000000,ypos:0.000000,xspeed:-17.280000,yspeed:-0.270000,angle:-8.080000,distense:107.200000,rcs:19.000000
timestame:1619469785.525000000,objid:10,type:0,xpos:0.000000,ypos:0.000000,xspeed:16.820000,yspeed:0.260000,angle:1.250000,distense:174.400000,rcs:29.000000
