timestame:1619471315.225000000,objid:1,type:0,xpos:0.000000,ypos:0.000000,xspeed:-14.950000,yspeed:-0.940000,angle:-4.660000,distense:147.800000,rcs:12.000000
timestame:1619471315.225000000,objid:2,type:0,xpos:0.000000,ypos:0.000000,xspeed:-2.280000,yspeed:5.940000,angle:-14.120000,distense:37.000000,rcs:6.000000
