timestame:1619471404.080000000,objid:4,type:0,xpos:0.000000,ypos:0.000000,xspeed:-2.190000,yspeed:9.080000,angle:16.600000,distense:40.000000,rcs:6.000000
timestame:1619471404.080000000,objid:5,type:0,xpos:0.000000,ypos:0.000000,xspeed:1.640000,yspeed:16.360000,angle:17.540000,distense:41.000000,rcs:23.000000
timestame:1619471404.080000000,objid:12,type:0,xpos:0.000000,ypos:0.000000,xspeed:-19.250000,yspeed:-2.510000,angle:11.640000,distense:27.800000,rcs:9.000000
