timestame:1619470045.700000000,objid:0,type:0,xpos:0.000000,ypos:0.000000,xspeed:6.410000,yspeed:-0.020000,angle:4.570000,distense:75.400000,rcs:13.000000
timestame:1619470045.700000000,objid:3,type:0,xpos:0.000000,ypos:0.000000,xspeed:14.460000,yspeed:0.170000,angle:1.260000,distense:186.200000,rcs:19.000000
timestame:1619470045.700000000,objid:5,type:0,xpos:0.000000,ypos:0.000000,xspeed:6.250000,yspeed:0.310000,angle:5.480000,distense:65.400000,rcs:32.000000
