timestame:1619470166.923000000,objid:0,type:0,xpos:0.000000,ypos:0.000000,xspeed:5.240000,yspeed:0.220000,angle:2.220000,distense:36.200000,rcs:31.000000
timestame:1619470166.923000000,objid:3,type:0,xpos:0.000000,ypos:0.000000,xspeed:7.090000,yspeed:0.470000,angle:6.380000,distense:66.600000,rcs:24.000000
