timestame:1619470472.925000000,objid:1,type:0,xpos:0.000000,ypos:0.000000,xspeed:-10.840000,yspeed:0.960000,angle:-3.610000,distense:160.800000,rcs:12.000000
timestame:1619470472.925000000,objid:2,type:0,xpos:0.000000,ypos:0.000000,xspeed:5.280000,yspeed:-9.430000,angle:13.760000,distense:70.600000,rcs:6.000000
