timestame:1619471194.447000000,objid:2,type:0,xpos:0.000000,ypos:0.000000,xspeed:-2.010000,yspeed:-1.970000,angle:-18.000000,distense:37.600000,rcs:6.000000
timestame:1619471194.447000000,objid:11,type:0,xpos:0.000000,ypos:0.000000,xspeed:1.360000,yspeed:1.720000,angle:-18.000000,distense:40.400000,rcs:32.000000
timestame:1619471194.447000000,objid:15,type:0,xpos:0.000000,ypos:0.000000,xspeed:-2.600000,yspeed:-1.900000,angle:-18.000000,distense:36.800000,rcs:12.000000
timestame:1619471194.447000000,objid:17,type:0,xpos:0.000000,ypos:0.000000,xspeed:7.670000,yspeed:0.330000,angle:3.840000,distense:98.400000,rcs:26.000000
