timestame:1619470029.722000000,objid:1,type:0,xpos:0.000000,ypos:0.000000,xspeed:5.040000,yspeed:0.650000,angle:2.770000,distense:31.000000,rcs:41.000000
timestame:1619470029.722000000,objid:2,type:0,xpos:0.000000,ypos:0.000000,xspeed:7.030000,yspeed:0.310000,angle:2.390000,distense:50.600000,rcs:31.000000
timestame:1619470029.722000000,objid:5,type:0,xpos:0.000000,ypos:0.000000,xspeed:2.450000,yspeed:0.410000,angle:-18.000000,distense:53.800000,rcs:12.000000
