timestame:1619471262.788000000,objid:2,type:0,xpos:0.000000,ypos:0.000000,xspeed:12.740000,yspeed:0.070000,angle:3.210000,distense:109.800000,rcs:26.000000
timestame:1619471262.788000000,objid:6,type:0,xpos:0.000000,ypos:0.000000,xspeed:12.700000,yspeed:-0.120000,angle:2.970000,distense:122.000000,rcs:15.000000
timestame:1619471262.788000000,objid:10,type:0,xpos:0.000000,ypos:0.000000,xspeed:12.670000,yspeed:0.130000,angle:3.670000,distense:97.600000,rcs:33.000000
