timestame:1619470778.455000000,objid:1,type:0,xpos:0.000000,ypos:0.000000,xspeed:-7.110000,yspeed:-0.530000,angle:-10.940000,distense:88.800000,rcs:23.000000
timestame:1619470778.455000000,objid:3,type:0,xpos:0.000000,ypos:0.000000,xspeed:1.140000,yspeed:-1.660000,angle:-13.900000,distense:48.800000,rcs:20.000000
timestame:1619470778.455000000,objid:4,type:0,xpos:0.000000,ypos:0.000000,xspeed:-1.430000,yspeed:-0.590000,angle:-2.640000,distense:48.600000,rcs:9.000000
