timestame:1619470966.542000000,objid:0,type:0,xpos:0.000000,ypos:0.000000,xspeed:4.380000,yspeed:0.080000,angle:5.510000,distense:63.600000,rcs:24.000000
timestame:1619470966.542000000,objid:1,type:0,xpos:0.000000,ypos:0.000000,xspeed:13.320000,yspeed:-0.160000,angle:0.800000,distense:156.600000,rcs:12.000000
timestame:1619470966.542000000,objid:6,type:0,xpos:0.000000,ypos:0.000000,xspeed:11.270000,yspeed:0.430000,angle:2.000000,distense:132.000000,rcs:16.000000
timestame:1619470966.542000000,objid:7,type:0,xpos:0.000000,ypos:0.000000,xspeed:6.840000,yspeed:1.470000,angle:21.420000,distense:21.600000,rcs:22.000000
