timestame:1619470219.601000000,objid:2,type:0,xpos:0.000000,ypos:0.000000,xspeed:-2.990000,yspeed:8.720000,angle:11.530000,distense:39.600000,rcs:9.000000
timestame:1619470219.601000000,objid:6,type:0,xpos:0.000000,ypos:0.000000,xspeed:2.900000,yspeed:3.660000,angle:5.130000,distense:44.800000,rcs:13.000000
timestame:1619470219.601000000,objid:13,type:0,xpos:0.000000,ypos:0.000000,xspeed:-1.850000,yspeed:12.350000,angle:-1.880000,distense:51.000000,rcs:6.000000
timestame:1619470219.601000000,objid:14,type:0,xpos:0.000000,ypos:0.000000,xspeed:-2.360000,yspeed:7.770000,angle:12.650000,distense:40.200000,rcs:28.000000
