timestame:1619470376.823000000,objid:1,type:0,xpos:0.000000,ypos:0.000000,xspeed:-2.160000,yspeed:-2.320000,angle:-18.000000,distense:35.200000,rcs:12.000000
timestame:1619470376.823000000,objid:5,type:0,xpos:0.000000,ypos:0.000000,xspeed:-3.190000,yspeed:-3.170000,angle:-18.000000,distense:36.000000,rcs:26.000000
timestame:1619470376.823000000,objid:8,type:0,xpos:0.000000,ypos:0.000000,xspeed:1.170000,yspeed:-5.690000,angle:-6.880000,distense:65.600000,rcs:9.000000
timestame:1619470376.823000000,objid:18,type:0,xpos:0.000000,ypos:0.000000,xspeed:-5.640000,yspeed:-0.430000,angle:-8.810000,distense:82.200000,rcs:18.000000
