timestame:1619471369.434000000,objid:1,type:0,xpos:0.000000,ypos:0.000000,xspeed:8.170000,yspeed:-0.070000,angle:2.720000,distense:136.200000,rcs:12.000000
timestame:1619471369.434000000,objid:7,type:0,xpos:0.000000,ypos:0.000000,xspeed:11.220000,yspeed:0.260000,angle:1.560000,distense:180.000000,rcs:16.000000
