timestame:1619469708.107000000,objid:3,type:0,xpos:0.000000,ypos:0.000000,xspeed:13.190000,yspeed:-5.720000,angle:8.850000,distense:72.000000,rcs:12.000000
timestame:1619469708.107000000,objid:5,type:0,xpos:0.000000,ypos:0.000000,xspeed:-1.250000,yspeed:-3.190000,angle:-18.000000,distense:37.000000,rcs:20.000000
timestame:1619469708.107000000,objid:6,type:0,xpos:0.000000,ypos:0.000000,xspeed:-3.610000,yspeed:-1.400000,angle:-18.000000,distense:31.200000,rcs:9.000000
timestame:1619469708.107000000,objid:8,type:0,xpos:0.000000,ypos:0.000000,xspeed:1.200000,yspeed:-3.020000,angle:-16.670000,distense:41.200000,rcs:18.000000
