timestame:1619471559.442000000,objid:3,type:0,xpos:0.000000,ypos:0.000000,xspeed:-2.200000,yspeed:-2.110000,angle:-2.290000,distense:37.400000,rcs:24.000000
timestame:1619471559.442000000,objid:6,type:0,xpos:0.000000,ypos:0.000000,xspeed:15.840000,yspeed:-7.080000,angle:-18.000000,distense:39.800000,rcs:15.000000
timestame:1619471559.442000000,objid:7,type:0,xpos:0.000000,ypos:0.000000,xspeed:-2.670000,yspeed:-1.510000,angle:-18.000000,distense:31.200000,rcs:6.000000
timestame:1619471559.442000000,objid:12,type:0,xpos:0.000000,ypos:0.000000,xspeed:2.500000,yspeed:2.380000,angle:-12.970000,distense:38.000000,rcs:16.000000
