timestame:1619469923.335000000,objid:1,type:0,xpos:0.000000,ypos:0.000000,xspeed:5.950000,yspeed:0.310000,angle:1.600000,distense:149.600000,rcs:9.000000
timestame:1619469923.335000000,objid:8,type:0,xpos:0.000000,ypos:0.000000,xspeed:6.000000,yspeed:0.080000,angle:1.400000,distense:142.600000,rcs:24.000000
