timestame:1619470221.883000000,objid:8,type:0,xpos:0.000000,ypos:0.000000,xspeed:-5.290000,yspeed:9.910000,angle:-18.000000,distense:45.200000,rcs:6.000000
timestame:1619470221.883000000,objid:11,type:0,xpos:0.000000,ypos:0.000000,xspeed:-1.860000,yspeed:6.170000,angle:-15.670000,distense:44.400000,rcs:12.000000
