timestame:1619470026.948000000,objid:1,type:0,xpos:0.000000,ypos:0.000000,xspeed:4.090000,yspeed:0.600000,angle:-0.260000,distense:16.800000,rcs:27.000000
timestame:1619470026.948000000,objid:2,type:0,xpos:0.000000,ypos:0.000000,xspeed:5.950000,yspeed:0.460000,angle:2.560000,distense:31.200000,rcs:36.000000
