timestame:1619470330.789000000,objid:0,type:0,xpos:0.000000,ypos:0.000000,xspeed:16.470000,yspeed:-0.450000,angle:0.270000,distense:190.800000,rcs:25.000000
timestame:1619470330.789000000,objid:2,type:0,xpos:0.000000,ypos:0.000000,xspeed:9.980000,yspeed:0.400000,angle:1.160000,distense:210.000000,rcs:20.000000
timestame:1619470330.789000000,objid:4,type:0,xpos:0.000000,ypos:0.000000,xspeed:-1.320000,yspeed:0.910000,angle:14.860000,distense:67.000000,rcs:6.000000
