timestame:1619470644.472000000,objid:2,type:0,xpos:0.000000,ypos:0.000000,xspeed:-6.370000,yspeed:-0.110000,angle:-5.230000,distense:159.800000,rcs:13.000000
timestame:1619470644.472000000,objid:4,type:0,xpos:0.000000,ypos:0.000000,xspeed:2.110000,yspeed:-4.370000,angle:-0.870000,distense:44.800000,rcs:46.000000
timestame:1619470644.472000000,objid:5,type:0,xpos:0.000000,ypos:0.000000,xspeed:4.950000,yspeed:-0.460000,angle:19.680000,distense:51.400000,rcs:6.000000
timestame:1619470644.472000000,objid:8,type:0,xpos:0.000000,ypos:0.000000,xspeed:-2.050000,yspeed:-2.100000,angle:10.130000,distense:86.600000,rcs:9.000000
