timestame:1619471056.286000000,objid:3,type:0,xpos:0.000000,ypos:0.000000,xspeed:-2.910000,yspeed:-0.410000,angle:-18.000000,distense:23.200000,rcs:6.000000
timestame:1619471056.286000000,objid:10,type:0,xpos:0.000000,ypos:0.000000,xspeed:-3.070000,yspeed:-2.620000,angle:-18.000000,distense:32.400000,rcs:16.000000
timestame:1619471056.286000000,objid:13,type:0,xpos:0.000000,ypos:0.000000,xspeed:1.530000,yspeed:-7.120000,angle:-5.720000,distense:62.000000,rcs:16.000000
timestame:1619471056.286000000,objid:14,type:0,xpos:0.000000,ypos:0.000000,xspeed:-1.700000,yspeed:-2.950000,angle:-18.000000,distense:35.800000,rcs:30.000000
