timestame:1619470026.191000000,objid:0,type:0,xpos:0.000000,ypos:0.000000,xspeed:6.070000,yspeed:-3.660000,angle:1.290000,distense:35.400000,rcs:6.000000
timestame:1619470026.191000000,objid:2,type:0,xpos:0.000000,ypos:0.000000,xspeed:6.290000,yspeed:-0.140000,angle:1.850000,distense:26.600000,rcs:36.000000
timestame:1619470026.191000000,objid:9,type:0,xpos:0.000000,ypos:0.000000,xspeed:-2.000000,yspeed:-0.890000,angle:-18.000000,distense:27.800000,rcs:6.000000
timestame:1619470026.191000000,objid:15,type:0,xpos:0.000000,ypos:0.000000,xspeed:-2.480000,yspeed:-0.590000,angle:-18.000000,distense:26.000000,rcs:6.000000
