timestame:1619470256.297000000,objid:3,type:0,xpos:0.000000,ypos:0.000000,xspeed:-2.890000,yspeed:-3.170000,angle:-2.990000,distense:39.000000,rcs:9.000000
timestame:1619470256.297000000,objid:4,type:0,xpos:0.000000,ypos:0.000000,xspeed:4.050000,yspeed:2.960000,angle:-11.880000,distense:39.200000,rcs:16.000000
timestame:1619470256.297000000,objid:8,type:0,xpos:0.000000,ypos:0.000000,xspeed:1.310000,yspeed:2.830000,angle:-7.990000,distense:46.000000,rcs:6.000000
