timestame:1619470168.724000000,objid:0,type:0,xpos:0.000000,ypos:0.000000,xspeed:6.610000,yspeed:0.310000,angle:2.270000,distense:49.400000,rcs:35.000000
timestame:1619470168.724000000,objid:1,type:0,xpos:0.000000,ypos:0.000000,xspeed:10.440000,yspeed:0.620000,angle:2.060000,distense:17.400000,rcs:27.000000
timestame:1619470168.724000000,objid:3,type:0,xpos:0.000000,ypos:0.000000,xspeed:8.330000,yspeed:0.150000,angle:5.160000,distense:82.800000,rcs:28.000000
