timestame:1619470165.379000000,objid:3,type:0,xpos:0.000000,ypos:0.000000,xspeed:6.300000,yspeed:0.370000,angle:6.820000,distense:54.600000,rcs:29.000000
timestame:1619470165.379000000,objid:6,type:0,xpos:0.000000,ypos:0.000000,xspeed:2.200000,yspeed:0.090000,angle:1.310000,distense:25.400000,rcs:6.000000
