timestame:1619469649.397000000,objid:2,type:0,xpos:0.000000,ypos:0.000000,xspeed:13.050000,yspeed:0.130000,angle:3.540000,distense:122.600000,rcs:20.000000
timestame:1619469649.397000000,objid:3,type:0,xpos:0.000000,ypos:0.000000,xspeed:26.090000,yspeed:1.230000,angle:1.890000,distense:67.600000,rcs:34.000000
timestame:1619469649.397000000,objid:13,type:0,xpos:0.000000,ypos:0.000000,xspeed:15.460000,yspeed:0.620000,angle:2.350000,distense:188.200000,rcs:33.000000
timestame:1619469649.397000000,objid:14,type:0,xpos:0.000000,ypos:0.000000,xspeed:13.160000,yspeed:0.230000,angle:3.670000,distense:120.200000,rcs:23.000000
