timestame:1619471057.028000000,objid:10,type:0,xpos:0.000000,ypos:0.000000,xspeed:-2.040000,yspeed:-1.950000,angle:-18.000000,distense:32.400000,rcs:23.000000
timestame:1619471057.028000000,objid:13,type:0,xpos:0.000000,ypos:0.000000,xspeed:1.140000,yspeed:-7.870000,angle:-11.510000,distense:63.400000,rcs:9.000000
timestame:1619471057.028000000,objid:14,type:0,xpos:0.000000,ypos:0.000000,xspeed:-1.900000,yspeed:-2.870000,angle:-18.000000,distense:35.000000,rcs:16.000000
