timestame:1619470739.902000000,objid:0,type:0,xpos:0.000000,ypos:0.000000,xspeed:-15.410000,yspeed:-0.200000,angle:-5.760000,distense:118.000000,rcs:16.000000
timestame:1619470739.902000000,objid:1,type:0,xpos:0.000000,ypos:0.000000,xspeed:11.870000,yspeed:-0.060000,angle:0.940000,distense:145.200000,rcs:6.000000
timestame:1619470739.902000000,objid:4,type:0,xpos:0.000000,ypos:0.000000,xspeed:-2.920000,yspeed:8.270000,angle:-17.360000,distense:43.000000,rcs:12.000000
timestame:1619470739.902000000,objid:6,type:0,xpos:0.000000,ypos:0.000000,xspeed:12.240000,yspeed:0.110000,angle:1.310000,distense:135.800000,rcs:28.000000
