timestame:1619470739.716000000,objid:0,type:0,xpos:0.000000,ypos:0.000000,xspeed:-15.640000,yspeed:-0.050000,angle:-5.500000,distense:120.600000,rcs:6.000000
timestame:1619470739.716000000,objid:1,type:0,xpos:0.000000,ypos:0.000000,xspeed:11.820000,yspeed:-0.070000,angle:0.960000,distense:143.000000,rcs:6.000000
timestame:1619470739.716000000,objid:4,type:0,xpos:0.000000,ypos:0.000000,xspeed:-5.730000,yspeed:5.650000,angle:-18.000000,distense:43.200000,rcs:12.000000
timestame:1619470739.716000000,objid:6,type:0,xpos:0.000000,ypos:0.000000,xspeed:12.260000,yspeed:0.090000,angle:1.310000,distense:133.600000,rcs:27.000000
