timestame:1619471518.738000000,objid:7,type:0,xpos:0.000000,ypos:0.000000,xspeed:16.390000,yspeed:0.220000,angle:1.460000,distense:194.000000,rcs:19.000000
timestame:1619471518.738000000,objid:10,type:0,xpos:0.000000,ypos:0.000000,xspeed:16.380000,yspeed:0.220000,angle:1.360000,distense:183.400000,rcs:27.000000
