timestame:1619470978.032000000,objid:0,type:0,xpos:0.000000,ypos:0.000000,xspeed:7.030000,yspeed:-0.290000,angle:2.480000,distense:134.800000,rcs:15.000000
timestame:1619470978.032000000,objid:2,type:0,xpos:0.000000,ypos:0.000000,xspeed:-17.230000,yspeed:-1.730000,angle:-3.730000,distense:172.400000,rcs:18.000000
timestame:1619470978.032000000,objid:3,type:0,xpos:0.000000,ypos:0.000000,xspeed:7.050000,yspeed:0.110000,angle:2.280000,distense:144.600000,rcs:6.000000
timestame:1619470978.032000000,objid:5,type:0,xpos:0.000000,ypos:0.000000,xspeed:-18.980000,yspeed:-0.050000,angle:-10.300000,distense:86.000000,rcs:12.000000
