timestame:1619470118.247000000,objid:1,type:0,xpos:0.000000,ypos:0.000000,xspeed:1.630000,yspeed:0.870000,angle:12.430000,distense:34.400000,rcs:12.000000
timestame:1619470118.247000000,objid:3,type:0,xpos:0.000000,ypos:0.000000,xspeed:-9.130000,yspeed:-1.850000,angle:8.610000,distense:31.200000,rcs:15.000000
timestame:1619470118.247000000,objid:5,type:0,xpos:0.000000,ypos:0.000000,xspeed:-8.020000,yspeed:-0.660000,angle:18.950000,distense:20.000000,rcs:16.000000
timestame:1619470118.247000000,objid:10,type:0,xpos:0.000000,ypos:0.000000,xspeed:2.190000,yspeed:5.560000,angle:-2.290000,distense:48.200000,rcs:6.000000
