timestame:1619471408.197000000,objid:1,type:0,xpos:0.000000,ypos:0.000000,xspeed:-2.030000,yspeed:-4.440000,angle:-5.690000,distense:42.000000,rcs:43.000000
timestame:1619471408.197000000,objid:5,type:0,xpos:0.000000,ypos:0.000000,xspeed:-1.350000,yspeed:9.050000,angle:-11.690000,distense:42.800000,rcs:6.000000
timestame:1619471408.197000000,objid:7,type:0,xpos:0.000000,ypos:0.000000,xspeed:-1.410000,yspeed:-2.890000,angle:-9.070000,distense:41.400000,rcs:27.000000
timestame:1619471408.197000000,objid:12,type:0,xpos:0.000000,ypos:0.000000,xspeed:-10.120000,yspeed:1.340000,angle:-3.350000,distense:204.200000,rcs:15.000000
