timestame:1619471293.478000000,objid:0,type:0,xpos:0.000000,ypos:0.000000,xspeed:2.790000,yspeed:2.830000,angle:-16.100000,distense:36.400000,rcs:15.000000
timestame:1619471293.478000000,objid:1,type:0,xpos:0.000000,ypos:0.000000,xspeed:-2.800000,yspeed:12.320000,angle:-8.700000,distense:46.600000,rcs:18.000000
timestame:1619471293.478000000,objid:3,type:0,xpos:0.000000,ypos:0.000000,xspeed:19.610000,yspeed:18.520000,angle:-10.660000,distense:45.000000,rcs:6.000000
timestame:1619471293.478000000,objid:6,type:0,xpos:0.000000,ypos:0.000000,xspeed:3.040000,yspeed:0.490000,angle:22.830000,distense:29.200000,rcs:20.000000
