timestame:1619471022.436000000,objid:0,type:0,xpos:0.000000,ypos:0.000000,xspeed:-1.700000,yspeed:-3.120000,angle:-7.890000,distense:37.400000,rcs:32.000000
timestame:1619471022.436000000,objid:6,type:0,xpos:0.000000,ypos:0.000000,xspeed:-1.980000,yspeed:-5.020000,angle:-18.000000,distense:35.200000,rcs:20.000000
timestame:1619471022.436000000,objid:7,type:0,xpos:0.000000,ypos:0.000000,xspeed:3.960000,yspeed:6.550000,angle:-7.750000,distense:49.400000,rcs:6.000000
timestame:1619471022.436000000,objid:10,type:0,xpos:0.000000,ypos:0.000000,xspeed:5.180000,yspeed:-2.450000,angle:-18.000000,distense:54.200000,rcs:6.000000
