timestame:1619470778.645000000,objid:4,type:0,xpos:0.000000,ypos:0.000000,xspeed:-1.300000,yspeed:-1.170000,angle:-3.190000,distense:48.200000,rcs:16.000000
timestame:1619470778.645000000,objid:10,type:0,xpos:0.000000,ypos:0.000000,xspeed:6.690000,yspeed:-10.300000,angle:17.320000,distense:61.600000,rcs:6.000000
