timestame:1619471269.717000000,objid:2,type:0,xpos:0.000000,ypos:0.000000,xspeed:13.880000,yspeed:0.190000,angle:2.000000,distense:204.200000,rcs:16.000000
timestame:1619471269.717000000,objid:6,type:0,xpos:0.000000,ypos:0.000000,xspeed:13.660000,yspeed:0.090000,angle:1.850000,distense:215.600000,rcs:9.000000
timestame:1619471269.717000000,objid:10,type:0,xpos:0.000000,ypos:0.000000,xspeed:13.920000,yspeed:0.060000,angle:1.880000,distense:191.800000,rcs:30.000000
