timestame:1619470472.367000000,objid:0,type:0,xpos:0.000000,ypos:0.000000,xspeed:-2.870000,yspeed:3.010000,angle:20.430000,distense:66.200000,rcs:6.000000
timestame:1619470472.367000000,objid:1,type:0,xpos:0.000000,ypos:0.000000,xspeed:-11.980000,yspeed:-0.120000,angle:-3.730000,distense:166.600000,rcs:16.000000
