timestame:1619471533.199000000,objid:2,type:0,xpos:0.000000,ypos:0.000000,xspeed:-6.450000,yspeed:-5.010000,angle:-3.170000,distense:177.000000,rcs:15.000000
timestame:1619471533.199000000,objid:4,type:0,xpos:0.000000,ypos:0.000000,xspeed:-13.440000,yspeed:-1.400000,angle:-3.400000,distense:179.200000,rcs:12.000000
timestame:1619471533.199000000,objid:6,type:0,xpos:0.000000,ypos:0.000000,xspeed:2.500000,yspeed:2.870000,angle:12.200000,distense:45.600000,rcs:31.000000
timestame:1619471533.199000000,objid:10,type:0,xpos:0.000000,ypos:0.000000,xspeed:-13.430000,yspeed:-1.280000,angle:-3.730000,distense:186.800000,rcs:9.000000
