timestame:1619471041.297000000,objid:2,type:0,xpos:0.000000,ypos:0.000000,xspeed:-2.340000,yspeed:-1.130000,angle:-18.000000,distense:35.200000,rcs:12.000000
timestame:1619471041.297000000,objid:6,type:0,xpos:0.000000,ypos:0.000000,xspeed:-3.880000,yspeed:-5.310000,angle:-18.000000,distense:38.000000,rcs:20.000000
timestame:1619471041.297000000,objid:7,type:0,xpos:0.000000,ypos:0.000000,xspeed:1.600000,yspeed:-3.270000,angle:-18.000000,distense:40.200000,rcs:22.000000
timestame:1619471041.297000000,objid:10,type:0,xpos:0.000000,ypos:0.000000,xspeed:-3.540000,yspeed:-10.950000,angle:-18.000000,distense:40.000000,rcs:21.000000
