timestame:1619469707.675000000,objid:5,type:0,xpos:0.000000,ypos:0.000000,xspeed:-2.630000,yspeed:0.000000,angle:-18.000000,distense:36.600000,rcs:15.000000
timestame:1619469707.675000000,objid:6,type:0,xpos:0.000000,ypos:0.000000,xspeed:-3.150000,yspeed:-1.360000,angle:-18.000000,distense:32.600000,rcs:15.000000
timestame:1619469707.675000000,objid:8,type:0,xpos:0.000000,ypos:0.000000,xspeed:4.130000,yspeed:-7.940000,angle:-15.700000,distense:41.200000,rcs:30.000000
timestame:1619469707.675000000,objid:10,type:0,xpos:0.000000,ypos:0.000000,xspeed:-3.180000,yspeed:-5.360000,angle:-18.000000,distense:38.200000,rcs:12.000000
