timestame:1619471223.873000000,objid:0,type:0,xpos:0.000000,ypos:0.000000,xspeed:2.260000,yspeed:0.360000,angle:2.030000,distense:60.800000,rcs:6.000000
timestame:1619471223.873000000,objid:1,type:0,xpos:0.000000,ypos:0.000000,xspeed:6.010000,yspeed:-0.130000,angle:-4.920000,distense:31.600000,rcs:29.000000
timestame:1619471223.873000000,objid:6,type:0,xpos:0.000000,ypos:0.000000,xspeed:4.530000,yspeed:0.350000,angle:2.560000,distense:67.400000,rcs:6.000000
timestame:1619471223.873000000,objid:9,type:0,xpos:0.000000,ypos:0.000000,xspeed:4.620000,yspeed:0.210000,angle:2.890000,distense:48.800000,rcs:49.000000
