timestame:1619470485.414000000,objid:1,type:0,xpos:0.000000,ypos:0.000000,xspeed:-3.170000,yspeed:-0.110000,angle:-8.830000,distense:80.200000,rcs:20.000000
timestame:1619470485.414000000,objid:2,type:0,xpos:0.000000,ypos:0.000000,xspeed:2.210000,yspeed:-6.960000,angle:2.510000,distense:63.800000,rcs:12.000000
timestame:1619470485.414000000,objid:4,type:0,xpos:0.000000,ypos:0.000000,xspeed:-1.060000,yspeed:-5.130000,angle:-12.000000,distense:40.200000,rcs:33.000000
