timestame:1619470748.530000000,objid:4,type:0,xpos:0.000000,ypos:0.000000,xspeed:-6.810000,yspeed:0.220000,angle:-18.000000,distense:36.400000,rcs:12.000000
timestame:1619470748.530000000,objid:5,type:0,xpos:0.000000,ypos:0.000000,xspeed:-29.830000,yspeed:-4.090000,angle:19.390000,distense:30.400000,rcs:9.000000
