timestame:1619469822.297000000,objid:1,type:0,xpos:0.000000,ypos:0.000000,xspeed:1.290000,yspeed:-7.070000,angle:-18.000000,distense:67.400000,rcs:6.000000
timestame:1619469822.297000000,objid:4,type:0,xpos:0.000000,ypos:0.000000,xspeed:-1.840000,yspeed:9.860000,angle:-6.690000,distense:43.400000,rcs:6.000000
timestame:1619469822.297000000,objid:11,type:0,xpos:0.000000,ypos:0.000000,xspeed:-4.570000,yspeed:0.350000,angle:-5.890000,distense:137.800000,rcs:9.000000
