timestame:1619471371.688000000,objid:1,type:0,xpos:0.000000,ypos:0.000000,xspeed:8.790000,yspeed:0.010000,angle:2.380000,distense:156.600000,rcs:20.000000
timestame:1619471371.688000000,objid:7,type:0,xpos:0.000000,ypos:0.000000,xspeed:10.470000,yspeed:0.200000,angle:1.500000,distense:203.200000,rcs:20.000000
