timestame:1619470476.967000000,objid:0,type:0,xpos:0.000000,ypos:0.000000,xspeed:-8.810000,yspeed:-0.800000,angle:-5.370000,distense:118.000000,rcs:25.000000
timestame:1619470476.967000000,objid:1,type:0,xpos:0.000000,ypos:0.000000,xspeed:-11.310000,yspeed:-0.300000,angle:-6.090000,distense:114.200000,rcs:19.000000
timestame:1619470476.967000000,objid:2,type:0,xpos:0.000000,ypos:0.000000,xspeed:1.110000,yspeed:-0.130000,angle:13.720000,distense:74.000000,rcs:6.000000
