timestame:1619470608.386000000,objid:0,type:0,xpos:0.000000,ypos:0.000000,xspeed:19.910000,yspeed:-2.400000,angle:18.050000,distense:23.400000,rcs:22.000000
timestame:1619470608.386000000,objid:1,type:0,xpos:0.000000,ypos:0.000000,xspeed:1.090000,yspeed:-1.610000,angle:-14.370000,distense:51.200000,rcs:9.000000
timestame:1619470608.386000000,objid:2,type:0,xpos:0.000000,ypos:0.000000,xspeed:8.210000,yspeed:2.550000,angle:-17.760000,distense:22.000000,rcs:15.000000
