timestame:1619470046.562000000,objid:0,type:0,xpos:0.000000,ypos:0.000000,xspeed:6.740000,yspeed:0.220000,angle:4.520000,distense:82.000000,rcs:18.000000
timestame:1619470046.562000000,objid:3,type:0,xpos:0.000000,ypos:0.000000,xspeed:14.720000,yspeed:0.180000,angle:1.220000,distense:199.800000,rcs:16.000000
timestame:1619470046.562000000,objid:5,type:0,xpos:0.000000,ypos:0.000000,xspeed:6.520000,yspeed:0.470000,angle:5.530000,distense:71.800000,rcs:27.000000
