timestame:1619470832.141000000,objid:0,type:0,xpos:0.000000,ypos:0.000000,xspeed:4.790000,yspeed:-5.180000,angle:3.120000,distense:107.400000,rcs:22.000000
timestame:1619470832.141000000,objid:1,type:0,xpos:0.000000,ypos:0.000000,xspeed:9.520000,yspeed:0.100000,angle:2.950000,distense:114.800000,rcs:23.000000
timestame:1619470832.141000000,objid:3,type:0,xpos:0.000000,ypos:0.000000,xspeed:8.840000,yspeed:0.010000,angle:3.560000,distense:106.200000,rcs:21.000000
timestame:1619470832.141000000,objid:6,type:0,xpos:0.000000,ypos:0.000000,xspeed:12.410000,yspeed:0.000000,angle:1.240000,distense:147.600000,rcs:16.000000
