timestame:1619469761.568000000,objid:1,type:0,xpos:0.000000,ypos:0.000000,xspeed:1.290000,yspeed:5.810000,angle:0.690000,distense:48.200000,rcs:6.000000
timestame:1619469761.568000000,objid:3,type:0,xpos:0.000000,ypos:0.000000,xspeed:5.490000,yspeed:0.380000,angle:21.670000,distense:18.600000,rcs:21.000000
timestame:1619469761.568000000,objid:5,type:0,xpos:0.000000,ypos:0.000000,xspeed:-18.270000,yspeed:1.970000,angle:-11.070000,distense:85.600000,rcs:15.000000
timestame:1619469761.568000000,objid:6,type:0,xpos:0.000000,ypos:0.000000,xspeed:4.660000,yspeed:0.000000,angle:-17.330000,distense:14.600000,rcs:6.000000
