timestame:1619470423.024000000,objid:0,type:0,xpos:0.000000,ypos:0.000000,xspeed:-1.540000,yspeed:3.650000,angle:14.020000,distense:38.800000,rcs:19.000000
timestame:1619470423.024000000,objid:3,type:0,xpos:0.000000,ypos:0.000000,xspeed:-2.440000,yspeed:4.580000,angle:-17.980000,distense:43.000000,rcs:6.000000
timestame:1619470423.024000000,objid:8,type:0,xpos:0.000000,ypos:0.000000,xspeed:4.140000,yspeed:2.560000,angle:-16.980000,distense:35.000000,rcs:18.000000
timestame:1619470423.024000000,objid:10,type:0,xpos:0.000000,ypos:0.000000,xspeed:-2.240000,yspeed:3.640000,angle:-16.150000,distense:42.800000,rcs:6.000000
