timestame:1619470461.837000000,objid:0,type:0,xpos:0.000000,ypos:0.000000,xspeed:-15.510000,yspeed:-0.910000,angle:-9.090000,distense:79.200000,rcs:24.000000
timestame:1619470461.837000000,objid:2,type:0,xpos:0.000000,ypos:0.000000,xspeed:5.950000,yspeed:0.100000,angle:3.250000,distense:186.200000,rcs:9.000000
