timestame:1619470290.682000000,objid:2,type:0,xpos:0.000000,ypos:0.000000,xspeed:-11.750000,yspeed:-0.330000,angle:-14.720000,distense:63.200000,rcs:30.000000
timestame:1619470290.682000000,objid:5,type:0,xpos:0.000000,ypos:0.000000,xspeed:-6.280000,yspeed:-0.270000,angle:-18.000000,distense:23.200000,rcs:6.000000
timestame:1619470290.682000000,objid:7,type:0,xpos:0.000000,ypos:0.000000,xspeed:-5.490000,yspeed:-0.150000,angle:-18.000000,distense:21.200000,rcs:6.000000
