timestame:1619470699.277000000,objid:1,type:0,xpos:0.000000,ypos:0.000000,xspeed:8.360000,yspeed:0.280000,angle:4.500000,distense:89.200000,rcs:21.000000
timestame:1619470699.277000000,objid:2,type:0,xpos:0.000000,ypos:0.000000,xspeed:-9.620000,yspeed:0.000000,angle:-10.750000,distense:111.800000,rcs:13.000000
