timestame:1619470940.047000000,objid:1,type:0,xpos:0.000000,ypos:0.000000,xspeed:-2.770000,yspeed:0.980000,angle:-12.830000,distense:68.800000,rcs:22.000000
timestame:1619470940.047000000,objid:5,type:0,xpos:0.000000,ypos:0.000000,xspeed:-4.670000,yspeed:0.000000,angle:-13.690000,distense:71.400000,rcs:20.000000
timestame:1619470940.047000000,objid:10,type:0,xpos:0.000000,ypos:0.000000,xspeed:-3.820000,yspeed:0.280000,angle:-10.420000,distense:69.200000,rcs:20.000000
