timestame:1619470464.934000000,objid:0,type:0,xpos:0.000000,ypos:0.000000,xspeed:-13.460000,yspeed:-0.670000,angle:-18.000000,distense:40.800000,rcs:15.000000
timestame:1619470464.934000000,objid:2,type:0,xpos:0.000000,ypos:0.000000,xspeed:5.820000,yspeed:0.130000,angle:3.050000,distense:204.400000,rcs:9.000000
