timestame:1619471254.921000000,objid:0,type:0,xpos:0.000000,ypos:0.000000,xspeed:14.760000,yspeed:8.510000,angle:17.900000,distense:17.200000,rcs:15.000000
timestame:1619471254.921000000,objid:1,type:0,xpos:0.000000,ypos:0.000000,xspeed:4.250000,yspeed:2.650000,angle:6.270000,distense:90.400000,rcs:9.000000
timestame:1619471254.921000000,objid:3,type:0,xpos:0.000000,ypos:0.000000,xspeed:-15.890000,yspeed:-0.490000,angle:-8.550000,distense:103.000000,rcs:12.000000
