timestame:1619470620.346000000,objid:1,type:0,xpos:0.000000,ypos:0.000000,xspeed:-4.710000,yspeed:0.520000,angle:-9.640000,distense:88.600000,rcs:19.000000
timestame:1619470620.346000000,objid:2,type:0,xpos:0.000000,ypos:0.000000,xspeed:-7.860000,yspeed:0.090000,angle:-10.290000,distense:85.200000,rcs:13.000000
