timestame:1619471163.117000000,objid:3,type:0,xpos:0.000000,ypos:0.000000,xspeed:4.560000,yspeed:3.680000,angle:-15.260000,distense:37.600000,rcs:9.000000
timestame:1619471163.117000000,objid:5,type:0,xpos:0.000000,ypos:0.000000,xspeed:3.090000,yspeed:5.720000,angle:-6.990000,distense:45.400000,rcs:6.000000
timestame:1619471163.117000000,objid:8,type:0,xpos:0.000000,ypos:0.000000,xspeed:4.280000,yspeed:3.630000,angle:-13.160000,distense:40.600000,rcs:19.000000
