timestame:1619470748.962000000,objid:0,type:0,xpos:0.000000,ypos:0.000000,xspeed:-1.460000,yspeed:-8.790000,angle:-10.480000,distense:41.000000,rcs:34.000000
timestame:1619470748.962000000,objid:4,type:0,xpos:0.000000,ypos:0.000000,xspeed:-6.320000,yspeed:0.560000,angle:-18.000000,distense:34.400000,rcs:6.000000
timestame:1619470748.962000000,objid:7,type:0,xpos:0.000000,ypos:0.000000,xspeed:-1.040000,yspeed:15.120000,angle:-9.950000,distense:47.200000,rcs:16.000000
