timestame:1619471320.633000000,objid:0,type:0,xpos:0.000000,ypos:0.000000,xspeed:1.380000,yspeed:-9.600000,angle:17.650000,distense:48.800000,rcs:32.000000
timestame:1619471320.633000000,objid:1,type:0,xpos:0.000000,ypos:0.000000,xspeed:-7.130000,yspeed:-0.530000,angle:-6.840000,distense:97.200000,rcs:16.000000
timestame:1619471320.633000000,objid:3,type:0,xpos:0.000000,ypos:0.000000,xspeed:-14.600000,yspeed:0.320000,angle:-3.350000,distense:175.800000,rcs:6.000000
