timestame:1619471187.011000000,objid:8,type:0,xpos:0.000000,ypos:0.000000,xspeed:-1.100000,yspeed:0.530000,angle:-9.620000,distense:85.000000,rcs:13.000000
timestame:1619471187.011000000,objid:10,type:0,xpos:0.000000,ypos:0.000000,xspeed:1.450000,yspeed:-4.870000,angle:18.440000,distense:46.000000,rcs:21.000000
timestame:1619471187.011000000,objid:13,type:0,xpos:0.000000,ypos:0.000000,xspeed:1.160000,yspeed:-5.470000,angle:12.790000,distense:45.200000,rcs:25.000000
timestame:1619471187.011000000,objid:16,type:0,xpos:0.000000,ypos:0.000000,xspeed:1.010000,yspeed:3.720000,angle:-18.000000,distense:58.200000,rcs:22.000000
