timestame:1619471559.873000000,objid:3,type:0,xpos:0.000000,ypos:0.000000,xspeed:-1.780000,yspeed:-3.500000,angle:-5.520000,distense:37.000000,rcs:32.000000
timestame:1619471559.873000000,objid:6,type:0,xpos:0.000000,ypos:0.000000,xspeed:13.300000,yspeed:-6.140000,angle:-18.000000,distense:45.400000,rcs:9.000000
timestame:1619471559.873000000,objid:7,type:0,xpos:0.000000,ypos:0.000000,xspeed:-2.300000,yspeed:-1.070000,angle:-18.000000,distense:30.800000,rcs:15.000000
timestame:1619471559.873000000,objid:12,type:0,xpos:0.000000,ypos:0.000000,xspeed:2.570000,yspeed:2.340000,angle:-12.590000,distense:39.400000,rcs:9.000000
