timestame:1619470744.672000000,objid:0,type:0,xpos:0.000000,ypos:0.000000,xspeed:-3.680000,yspeed:-0.690000,angle:-8.460000,distense:85.000000,rcs:21.000000
timestame:1619470744.672000000,objid:5,type:0,xpos:0.000000,ypos:0.000000,xspeed:-1.190000,yspeed:8.660000,angle:-5.010000,distense:42.400000,rcs:9.000000
timestame:1619470744.672000000,objid:6,type:0,xpos:0.000000,ypos:0.000000,xspeed:12.550000,yspeed:0.370000,angle:1.280000,distense:195.200000,rcs:27.000000
