timestame:1619471084.905000000,objid:0,type:0,xpos:0.000000,ypos:0.000000,xspeed:7.870000,yspeed:0.760000,angle:1.340000,distense:44.800000,rcs:39.000000
timestame:1619471084.905000000,objid:4,type:0,xpos:0.000000,ypos:0.000000,xspeed:4.450000,yspeed:0.140000,angle:1.520000,distense:40.800000,rcs:37.000000
timestame:1619471084.905000000,objid:11,type:0,xpos:0.000000,ypos:0.000000,xspeed:1.470000,yspeed:0.160000,angle:3.260000,distense:17.000000,rcs:28.000000
