timestame:1619470978.346000000,objid:0,type:0,xpos:0.000000,ypos:0.000000,xspeed:7.040000,yspeed:-0.260000,angle:2.420000,distense:137.400000,rcs:15.000000
timestame:1619470978.346000000,objid:2,type:0,xpos:0.000000,ypos:0.000000,xspeed:-16.720000,yspeed:-1.490000,angle:-3.940000,distense:166.800000,rcs:15.000000
timestame:1619470978.346000000,objid:3,type:0,xpos:0.000000,ypos:0.000000,xspeed:7.010000,yspeed:0.150000,angle:2.290000,distense:147.000000,rcs:9.000000
timestame:1619470978.346000000,objid:5,type:0,xpos:0.000000,ypos:0.000000,xspeed:-18.870000,yspeed:-0.060000,angle:-11.190000,distense:79.600000,rcs:12.000000
