timestame:1619469761.882000000,objid:3,type:0,xpos:0.000000,ypos:0.000000,xspeed:5.400000,yspeed:0.750000,angle:20.980000,distense:20.200000,rcs:24.000000
timestame:1619469761.882000000,objid:5,type:0,xpos:0.000000,ypos:0.000000,xspeed:-18.070000,yspeed:1.140000,angle:-11.670000,distense:80.200000,rcs:12.000000
timestame:1619469761.882000000,objid:6,type:0,xpos:0.000000,ypos:0.000000,xspeed:6.130000,yspeed:6.820000,angle:-12.960000,distense:17.400000,rcs:15.000000
