timestame:1619470443.821000000,objid:1,type:0,xpos:0.000000,ypos:0.000000,xspeed:16.940000,yspeed:0.220000,angle:1.680000,distense:122.200000,rcs:15.000000
timestame:1619470443.821000000,objid:2,type:0,xpos:0.000000,ypos:0.000000,xspeed:3.930000,yspeed:-0.090000,angle:8.200000,distense:89.800000,rcs:9.000000
