timestame:1619470010.837000000,objid:0,type:0,xpos:0.000000,ypos:0.000000,xspeed:-4.190000,yspeed:-0.310000,angle:-15.950000,distense:35.600000,rcs:19.000000
timestame:1619470010.837000000,objid:2,type:0,xpos:0.000000,ypos:0.000000,xspeed:-2.180000,yspeed:-1.600000,angle:-18.000000,distense:30.200000,rcs:6.000000
