timestame:1619469872.844000000,objid:0,type:0,xpos:0.000000,ypos:0.000000,xspeed:-2.920000,yspeed:-0.520000,angle:-18.000000,distense:27.800000,rcs:9.000000
timestame:1619469872.844000000,objid:3,type:0,xpos:0.000000,ypos:0.000000,xspeed:-2.310000,yspeed:-9.560000,angle:-15.210000,distense:46.400000,rcs:19.000000
timestame:1619469872.844000000,objid:8,type:0,xpos:0.000000,ypos:0.000000,xspeed:-3.260000,yspeed:-0.590000,angle:-18.000000,distense:25.600000,rcs:6.000000
timestame:1619469872.844000000,objid:13,type:0,xpos:0.000000,ypos:0.000000,xspeed:-2.030000,yspeed:-0.550000,angle:-18.000000,distense:30.800000,rcs:9.000000
