timestame:1619470147.945000000,objid:0,type:0,xpos:0.000000,ypos:0.000000,xspeed:1.790000,yspeed:2.580000,angle:-11.910000,distense:41.000000,rcs:18.000000
timestame:1619470147.945000000,objid:1,type:0,xpos:0.000000,ypos:0.000000,xspeed:2.410000,yspeed:0.900000,angle:22.540000,distense:26.800000,rcs:15.000000
timestame:1619470147.945000000,objid:3,type:0,xpos:0.000000,ypos:0.000000,xspeed:-1.490000,yspeed:-0.180000,angle:-10.520000,distense:72.600000,rcs:16.000000
timestame:1619470147.945000000,objid:4,type:0,xpos:0.000000,ypos:0.000000,xspeed:2.930000,yspeed:2.070000,angle:22.920000,distense:35.200000,rcs:15.000000
