timestame:1619470795.409000000,objid:3,type:0,xpos:0.000000,ypos:0.000000,xspeed:2.630000,yspeed:2.520000,angle:12.360000,distense:46.000000,rcs:12.000000
timestame:1619470795.409000000,objid:5,type:0,xpos:0.000000,ypos:0.000000,xspeed:2.090000,yspeed:-8.720000,angle:-18.000000,distense:59.600000,rcs:9.000000
timestame:1619470795.409000000,objid:12,type:0,xpos:0.000000,ypos:0.000000,xspeed:1.630000,yspeed:-11.990000,angle:-17.770000,distense:57.200000,rcs:16.000000
