timestame:1619469533.963000000,objid:4,type:0,xpos:0.000000,ypos:0.000000,xspeed:16.300000,yspeed:0.790000,angle:2.600000,distense:61.200000,rcs:31.000000
timestame:1619469533.963000000,objid:7,type:0,xpos:0.000000,ypos:0.000000,xspeed:16.600000,yspeed:0.720000,angle:2.030000,distense:69.400000,rcs:24.000000
