timestame:1619470292.419000000,objid:1,type:0,xpos:0.000000,ypos:0.000000,xspeed:2.150000,yspeed:12.910000,angle:9.390000,distense:12.400000,rcs:9.000000
timestame:1619470292.419000000,objid:2,type:0,xpos:0.000000,ypos:0.000000,xspeed:-12.330000,yspeed:-0.630000,angle:-18.000000,distense:42.600000,rcs:26.000000
