timestame:1619470057.681000000,objid:0,type:0,xpos:0.000000,ypos:0.000000,xspeed:-12.470000,yspeed:1.440000,angle:-3.820000,distense:108.800000,rcs:13.000000
timestame:1619470057.681000000,objid:5,type:0,xpos:0.000000,ypos:0.000000,xspeed:9.370000,yspeed:0.210000,angle:2.690000,distense:163.200000,rcs:24.000000
