timestame:1619470118.435000000,objid:1,type:0,xpos:0.000000,ypos:0.000000,xspeed:1.440000,yspeed:-0.270000,angle:11.570000,distense:34.400000,rcs:16.000000
timestame:1619470118.435000000,objid:3,type:0,xpos:0.000000,ypos:0.000000,xspeed:-9.130000,yspeed:-1.850000,angle:8.450000,distense:29.600000,rcs:15.000000
timestame:1619470118.435000000,objid:10,type:0,xpos:0.000000,ypos:0.000000,xspeed:2.190000,yspeed:5.560000,angle:-1.670000,distense:49.200000,rcs:6.000000
