timestame:1619470372.792000000,objid:2,type:0,xpos:0.000000,ypos:0.000000,xspeed:-2.280000,yspeed:1.200000,angle:-4.670000,distense:40.400000,rcs:32.000000
timestame:1619470372.792000000,objid:6,type:0,xpos:0.000000,ypos:0.000000,xspeed:-1.850000,yspeed:-0.010000,angle:-18.000000,distense:33.000000,rcs:9.000000
timestame:1619470372.792000000,objid:10,type:0,xpos:0.000000,ypos:0.000000,xspeed:-5.360000,yspeed:-1.940000,angle:-18.000000,distense:34.000000,rcs:19.000000
timestame:1619470372.792000000,objid:14,type:0,xpos:0.000000,ypos:0.000000,xspeed:-2.470000,yspeed:-0.370000,angle:-18.000000,distense:30.400000,rcs:12.000000
