timestame:1619469753.974000000,objid:1,type:0,xpos:0.000000,ypos:0.000000,xspeed:4.750000,yspeed:3.580000,angle:-14.850000,distense:43.200000,rcs:6.000000
timestame:1619469753.974000000,objid:2,type:0,xpos:0.000000,ypos:0.000000,xspeed:24.840000,yspeed:5.630000,angle:21.140000,distense:29.800000,rcs:20.000000
timestame:1619469753.974000000,objid:4,type:0,xpos:0.000000,ypos:0.000000,xspeed:-12.240000,yspeed:0.000000,angle:-11.370000,distense:17.200000,rcs:29.000000
