timestame:1619470642.800000000,objid:2,type:0,xpos:0.000000,ypos:0.000000,xspeed:-6.530000,yspeed:0.230000,angle:-4.630000,distense:169.800000,rcs:9.000000
timestame:1619470642.800000000,objid:5,type:0,xpos:0.000000,ypos:0.000000,xspeed:-1.570000,yspeed:5.640000,angle:-8.580000,distense:44.400000,rcs:12.000000
timestame:1619470642.800000000,objid:6,type:0,xpos:0.000000,ypos:0.000000,xspeed:2.060000,yspeed:-13.260000,angle:17.920000,distense:46.000000,rcs:24.000000
timestame:1619470642.800000000,objid:13,type:0,xpos:0.000000,ypos:0.000000,xspeed:-2.300000,yspeed:8.350000,angle:-1.990000,distense:42.400000,rcs:22.000000
