timestame:1619470500.787000000,objid:2,type:0,xpos:0.000000,ypos:0.000000,xspeed:-1.410000,yspeed:-0.950000,angle:-18.000000,distense:37.400000,rcs:30.000000
timestame:1619470500.787000000,objid:3,type:0,xpos:0.000000,ypos:0.000000,xspeed:-1.710000,yspeed:-3.950000,angle:-3.280000,distense:40.200000,rcs:28.000000
timestame:1619470500.787000000,objid:6,type:0,xpos:0.000000,ypos:0.000000,xspeed:-2.340000,yspeed:-1.820000,angle:-18.000000,distense:34.400000,rcs:12.000000
timestame:1619470500.787000000,objid:7,type:0,xpos:0.000000,ypos:0.000000,xspeed:-1.770000,yspeed:-2.440000,angle:-18.000000,distense:44.600000,rcs:13.000000
