timestame:1619469853.194000000,objid:0,type:0,xpos:0.000000,ypos:0.000000,xspeed:4.480000,yspeed:-11.800000,angle:6.490000,distense:46.000000,rcs:33.000000
timestame:1619469853.194000000,objid:4,type:0,xpos:0.000000,ypos:0.000000,xspeed:-2.880000,yspeed:-1.870000,angle:-18.000000,distense:29.000000,rcs:6.000000
timestame:1619469853.194000000,objid:10,type:0,xpos:0.000000,ypos:0.000000,xspeed:-11.960000,yspeed:-0.550000,angle:-4.170000,distense:160.400000,rcs:12.000000
timestame:1619469853.194000000,objid:18,type:0,xpos:0.000000,ypos:0.000000,xspeed:1.660000,yspeed:0.400000,angle:-9.180000,distense:90.800000,rcs:13.000000
