timestame:1619470594.603000000,objid:5,type:0,xpos:0.000000,ypos:0.000000,xspeed:7.710000,yspeed:2.500000,angle:-17.960000,distense:35.400000,rcs:34.000000
timestame:1619470594.603000000,objid:6,type:0,xpos:0.000000,ypos:0.000000,xspeed:5.940000,yspeed:2.430000,angle:20.670000,distense:33.200000,rcs:36.000000
