timestame:1619469697.644000000,objid:1,type:0,xpos:0.000000,ypos:0.000000,xspeed:-2.640000,yspeed:10.520000,angle:-11.460000,distense:47.000000,rcs:31.000000
timestame:1619469697.644000000,objid:2,type:0,xpos:0.000000,ypos:0.000000,xspeed:-2.010000,yspeed:-2.850000,angle:-17.780000,distense:43.200000,rcs:18.000000
timestame:1619469697.644000000,objid:7,type:0,xpos:0.000000,ypos:0.000000,xspeed:2.620000,yspeed:0.000000,angle:7.790000,distense:108.800000,rcs:15.000000
