timestame:1619469823.960000000,objid:2,type:0,xpos:0.000000,ypos:0.000000,xspeed:-1.840000,yspeed:-3.970000,angle:-18.000000,distense:40.400000,rcs:16.000000
timestame:1619469823.960000000,objid:4,type:0,xpos:0.000000,ypos:0.000000,xspeed:-1.170000,yspeed:0.000000,angle:-14.810000,distense:46.400000,rcs:24.000000
timestame:1619469823.960000000,objid:11,type:0,xpos:0.000000,ypos:0.000000,xspeed:-3.810000,yspeed:0.040000,angle:-6.210000,distense:132.000000,rcs:9.000000
