timestame:1619471147.727000000,objid:1,type:0,xpos:0.000000,ypos:0.000000,xspeed:-1.180000,yspeed:6.050000,angle:-14.660000,distense:41.200000,rcs:9.000000
timestame:1619471147.727000000,objid:4,type:0,xpos:0.000000,ypos:0.000000,xspeed:-4.790000,yspeed:7.090000,angle:-14.810000,distense:47.000000,rcs:20.000000
timestame:1619471147.727000000,objid:5,type:0,xpos:0.000000,ypos:0.000000,xspeed:-1.360000,yspeed:6.910000,angle:5.930000,distense:40.800000,rcs:20.000000
timestame:1619471147.727000000,objid:9,type:0,xpos:0.000000,ypos:0.000000,xspeed:-1.640000,yspeed:6.020000,angle:0.650000,distense:41.200000,rcs:16.000000
