timestame:1619471043.956000000,objid:1,type:0,xpos:0.000000,ypos:0.000000,xspeed:-1.110000,yspeed:-2.480000,angle:-13.000000,distense:39.200000,rcs:33.000000
timestame:1619471043.956000000,objid:2,type:0,xpos:0.000000,ypos:0.000000,xspeed:-2.500000,yspeed:-0.480000,angle:-18.000000,distense:30.000000,rcs:9.000000
timestame:1619471043.956000000,objid:9,type:0,xpos:0.000000,ypos:0.000000,xspeed:1.030000,yspeed:-3.860000,angle:20.000000,distense:46.400000,rcs:33.000000
timestame:1619471043.956000000,objid:16,type:0,xpos:0.000000,ypos:0.000000,xspeed:-1.660000,yspeed:0.010000,angle:-18.000000,distense:32.200000,rcs:6.000000
