timestame:1619470277.742000000,objid:1,type:0,xpos:0.000000,ypos:0.000000,xspeed:-10.250000,yspeed:0.150000,angle:-5.650000,distense:85.400000,rcs:13.000000
timestame:1619470277.742000000,objid:2,type:0,xpos:0.000000,ypos:0.000000,xspeed:-2.230000,yspeed:0.100000,angle:-7.150000,distense:86.800000,rcs:12.000000
timestame:1619470277.742000000,objid:11,type:0,xpos:0.000000,ypos:0.000000,xspeed:-2.490000,yspeed:-0.350000,angle:-10.350000,distense:72.000000,rcs:27.000000
