timestame:1619469874.844000000,objid:0,type:0,xpos:0.000000,ypos:0.000000,xspeed:-3.000000,yspeed:-0.410000,angle:-18.000000,distense:23.800000,rcs:6.000000
timestame:1619469874.844000000,objid:17,type:0,xpos:0.000000,ypos:0.000000,xspeed:3.720000,yspeed:-4.740000,angle:8.800000,distense:68.000000,rcs:12.000000
