timestame:1619471433.733000000,objid:2,type:0,xpos:0.000000,ypos:0.000000,xspeed:2.420000,yspeed:-4.300000,angle:0.810000,distense:45.200000,rcs:9.000000
timestame:1619471433.733000000,objid:5,type:0,xpos:0.000000,ypos:0.000000,xspeed:-1.400000,yspeed:-5.730000,angle:-6.360000,distense:39.200000,rcs:33.000000
timestame:1619471433.733000000,objid:14,type:0,xpos:0.000000,ypos:0.000000,xspeed:-2.050000,yspeed:12.070000,angle:-0.620000,distense:48.400000,rcs:9.000000
timestame:1619471433.733000000,objid:16,type:0,xpos:0.000000,ypos:0.000000,xspeed:-1.370000,yspeed:0.320000,angle:-7.170000,distense:89.000000,rcs:20.000000
