timestame:1619470757.096000000,objid:2,type:0,xpos:0.000000,ypos:0.000000,xspeed:-2.170000,yspeed:-1.060000,angle:-18.000000,distense:31.200000,rcs:12.000000
timestame:1619470757.096000000,objid:3,type:0,xpos:0.000000,ypos:0.000000,xspeed:2.980000,yspeed:-5.530000,angle:-1.140000,distense:47.000000,rcs:21.000000
timestame:1619470757.096000000,objid:10,type:0,xpos:0.000000,ypos:0.000000,xspeed:-3.150000,yspeed:-0.600000,angle:-18.000000,distense:27.000000,rcs:9.000000
timestame:1619470757.096000000,objid:11,type:0,xpos:0.000000,ypos:0.000000,xspeed:-2.550000,yspeed:0.140000,angle:-18.000000,distense:25.200000,rcs:9.000000
