timestame:1619471164.850000000,objid:0,type:0,xpos:0.000000,ypos:0.000000,xspeed:-10.300000,yspeed:2.790000,angle:-2.910000,distense:159.000000,rcs:13.000000
timestame:1619471164.850000000,objid:2,type:0,xpos:0.000000,ypos:0.000000,xspeed:-11.580000,yspeed:1.180000,angle:-4.100000,distense:162.200000,rcs:9.000000
timestame:1619471164.850000000,objid:3,type:0,xpos:0.000000,ypos:0.000000,xspeed:2.840000,yspeed:5.090000,angle:-6.450000,distense:45.800000,rcs:9.000000
timestame:1619471164.850000000,objid:8,type:0,xpos:0.000000,ypos:0.000000,xspeed:2.930000,yspeed:4.560000,angle:-5.790000,distense:48.200000,rcs:6.000000
