timestame:1619470236.758000000,objid:3,type:0,xpos:0.000000,ypos:0.000000,xspeed:-1.400000,yspeed:-3.560000,angle:-17.340000,distense:41.400000,rcs:28.000000
timestame:1619470236.758000000,objid:9,type:0,xpos:0.000000,ypos:0.000000,xspeed:-1.250000,yspeed:-2.450000,angle:-18.000000,distense:38.600000,rcs:26.000000
timestame:1619470236.758000000,objid:11,type:0,xpos:0.000000,ypos:0.000000,xspeed:-5.150000,yspeed:0.040000,angle:-4.920000,distense:127.000000,rcs:18.000000
