timestame:1619470499.542000000,objid:2,type:0,xpos:0.000000,ypos:0.000000,xspeed:-1.420000,yspeed:-1.840000,angle:-18.000000,distense:38.800000,rcs:20.000000
timestame:1619470499.542000000,objid:4,type:0,xpos:0.000000,ypos:0.000000,xspeed:2.310000,yspeed:-3.470000,angle:14.310000,distense:45.000000,rcs:31.000000
timestame:1619470499.542000000,objid:7,type:0,xpos:0.000000,ypos:0.000000,xspeed:-1.670000,yspeed:-2.220000,angle:-18.000000,distense:45.600000,rcs:6.000000
