timestame:1619469787.578000000,objid:1,type:0,xpos:0.000000,ypos:0.000000,xspeed:-15.960000,yspeed:0.030000,angle:-10.240000,distense:83.400000,rcs:16.000000
timestame:1619469787.578000000,objid:2,type:0,xpos:0.000000,ypos:0.000000,xspeed:16.920000,yspeed:0.290000,angle:1.070000,distense:221.400000,rcs:12.000000
timestame:1619469787.578000000,objid:4,type:0,xpos:0.000000,ypos:0.000000,xspeed:-16.870000,yspeed:-0.470000,angle:-12.670000,distense:73.800000,rcs:25.000000
timestame:1619469787.578000000,objid:10,type:0,xpos:0.000000,ypos:0.000000,xspeed:17.100000,yspeed:0.240000,angle:1.140000,distense:209.400000,rcs:26.000000
