timestame:1619470222.626000000,objid:6,type:0,xpos:0.000000,ypos:0.000000,xspeed:18.060000,yspeed:0.000000,angle:14.920000,distense:50.000000,rcs:26.000000
timestame:1619470222.626000000,objid:8,type:0,xpos:0.000000,ypos:0.000000,xspeed:-2.420000,yspeed:8.130000,angle:-11.690000,distense:42.200000,rcs:9.000000
timestame:1619470222.626000000,objid:11,type:0,xpos:0.000000,ypos:0.000000,xspeed:-2.060000,yspeed:6.820000,angle:-8.830000,distense:41.600000,rcs:18.000000
