timestame:1619470129.552000000,objid:7,type:0,xpos:0.000000,ypos:0.000000,xspeed:-9.430000,yspeed:-0.120000,angle:-5.420000,distense:115.600000,rcs:12.000000
timestame:1619470129.552000000,objid:8,type:0,xpos:0.000000,ypos:0.000000,xspeed:-4.290000,yspeed:0.760000,angle:17.530000,distense:23.200000,rcs:6.000000
timestame:1619470129.552000000,objid:9,type:0,xpos:0.000000,ypos:0.000000,xspeed:5.700000,yspeed:1.560000,angle:22.090000,distense:27.800000,rcs:21.000000
timestame:1619470129.552000000,objid:14,type:0,xpos:0.000000,ypos:0.000000,xspeed:-3.500000,yspeed:0.000000,angle:1.340000,distense:55.200000,rcs:9.000000
