timestame:1619471082.175000000,objid:1,type:0,xpos:0.000000,ypos:0.000000,xspeed:-7.560000,yspeed:-0.590000,angle:-18.000000,distense:26.200000,rcs:6.000000
timestame:1619471082.175000000,objid:4,type:0,xpos:0.000000,ypos:0.000000,xspeed:2.690000,yspeed:0.060000,angle:1.130000,distense:27.200000,rcs:28.000000
timestame:1619471082.175000000,objid:6,type:0,xpos:0.000000,ypos:0.000000,xspeed:-6.970000,yspeed:-0.310000,angle:-18.000000,distense:24.600000,rcs:6.000000
timestame:1619471082.175000000,objid:10,type:0,xpos:0.000000,ypos:0.000000,xspeed:5.910000,yspeed:0.340000,angle:1.370000,distense:42.200000,rcs:6.000000
