timestame:1619470053.083000000,objid:0,type:0,xpos:0.000000,ypos:0.000000,xspeed:7.670000,yspeed:-0.120000,angle:2.710000,distense:129.000000,rcs:6.000000
timestame:1619470053.083000000,objid:5,type:0,xpos:0.000000,ypos:0.000000,xspeed:8.000000,yspeed:0.080000,angle:3.320000,distense:120.200000,rcs:20.000000
