timestame:1619470101.335000000,objid:0,type:0,xpos:0.000000,ypos:0.000000,xspeed:-1.710000,yspeed:2.230000,angle:-10.780000,distense:39.800000,rcs:13.000000
timestame:1619470101.335000000,objid:5,type:0,xpos:0.000000,ypos:0.000000,xspeed:4.250000,yspeed:3.030000,angle:-16.380000,distense:40.200000,rcs:9.000000
timestame:1619470101.335000000,objid:9,type:0,xpos:0.000000,ypos:0.000000,xspeed:2.040000,yspeed:-10.480000,angle:1.390000,distense:49.800000,rcs:6.000000
timestame:1619470101.335000000,objid:11,type:0,xpos:0.000000,ypos:0.000000,xspeed:3.920000,yspeed:1.210000,angle:12.450000,distense:14.600000,rcs:29.000000
