timestame:1619470141.405000000,objid:1,type:0,xpos:0.000000,ypos:0.000000,xspeed:1.360000,yspeed:0.770000,angle:16.620000,distense:27.200000,rcs:12.000000
timestame:1619470141.405000000,objid:2,type:0,xpos:0.000000,ypos:0.000000,xspeed:9.250000,yspeed:17.350000,angle:-5.250000,distense:22.600000,rcs:6.000000
timestame:1619470141.405000000,objid:3,type:0,xpos:0.000000,ypos:0.000000,xspeed:8.380000,yspeed:7.700000,angle:-17.940000,distense:40.600000,rcs:6.000000
