timestame:1619470989.795000000,objid:3,type:0,xpos:0.000000,ypos:0.000000,xspeed:5.230000,yspeed:-0.110000,angle:7.540000,distense:100.400000,rcs:12.000000
timestame:1619470989.795000000,objid:4,type:0,xpos:0.000000,ypos:0.000000,xspeed:-13.430000,yspeed:-0.600000,angle:-13.470000,distense:59.400000,rcs:25.000000
