timestame:1619469713.574000000,objid:3,type:0,xpos:0.000000,ypos:0.000000,xspeed:13.110000,yspeed:-1.290000,angle:1.310000,distense:138.000000,rcs:19.000000
timestame:1619469713.574000000,objid:6,type:0,xpos:0.000000,ypos:0.000000,xspeed:-1.570000,yspeed:6.920000,angle:8.040000,distense:36.800000,rcs:25.000000
