timestame:1619469947.924000000,objid:3,type:0,xpos:0.000000,ypos:0.000000,xspeed:1.270000,yspeed:0.080000,angle:0.860000,distense:18.200000,rcs:24.000000
timestame:1619469947.924000000,objid:4,type:0,xpos:0.000000,ypos:0.000000,xspeed:-1.820000,yspeed:-12.200000,angle:2.390000,distense:47.400000,rcs:12.000000
timestame:1619469947.924000000,objid:5,type:0,xpos:0.000000,ypos:0.000000,xspeed:2.440000,yspeed:-11.390000,angle:21.010000,distense:45.600000,rcs:15.000000
