timestame:1619469696.967000000,objid:2,type:0,xpos:0.000000,ypos:0.000000,xspeed:-1.340000,yspeed:-1.750000,angle:-13.770000,distense:44.400000,rcs:31.000000
timestame:1619469696.967000000,objid:3,type:0,xpos:0.000000,ypos:0.000000,xspeed:-1.330000,yspeed:-3.000000,angle:-2.230000,distense:45.000000,rcs:15.000000
timestame:1619469696.967000000,objid:10,type:0,xpos:0.000000,ypos:0.000000,xspeed:-2.120000,yspeed:7.010000,angle:-13.770000,distense:42.600000,rcs:9.000000
