timestame:1619470439.035000000,objid:1,type:0,xpos:0.000000,ypos:0.000000,xspeed:13.960000,yspeed:0.700000,angle:2.610000,distense:43.400000,rcs:33.000000
timestame:1619470439.035000000,objid:2,type:0,xpos:0.000000,ypos:0.000000,xspeed:3.870000,yspeed:0.030000,angle:10.710000,distense:71.800000,rcs:22.000000
