timestame:1619470917.155000000,objid:0,type:0,xpos:0.000000,ypos:0.000000,xspeed:2.160000,yspeed:4.800000,angle:-2.500000,distense:48.200000,rcs:6.000000
timestame:1619470917.155000000,objid:3,type:0,xpos:0.000000,ypos:0.000000,xspeed:1.010000,yspeed:1.640000,angle:-3.100000,distense:44.400000,rcs:12.000000
