timestame:1619471368.622000000,objid:1,type:0,xpos:0.000000,ypos:0.000000,xspeed:7.950000,yspeed:0.060000,angle:3.020000,distense:129.400000,rcs:20.000000
timestame:1619471368.622000000,objid:7,type:0,xpos:0.000000,ypos:0.000000,xspeed:11.490000,yspeed:0.280000,angle:1.580000,distense:171.600000,rcs:22.000000
