timestame:1619469647.834000000,objid:2,type:0,xpos:0.000000,ypos:0.000000,xspeed:12.870000,yspeed:0.370000,angle:4.300000,distense:102.200000,rcs:22.000000
timestame:1619469647.834000000,objid:3,type:0,xpos:0.000000,ypos:0.000000,xspeed:24.920000,yspeed:5.150000,angle:1.170000,distense:26.600000,rcs:30.000000
timestame:1619469647.834000000,objid:13,type:0,xpos:0.000000,ypos:0.000000,xspeed:15.300000,yspeed:0.710000,angle:2.420000,distense:164.000000,rcs:38.000000
timestame:1619469647.834000000,objid:14,type:0,xpos:0.000000,ypos:0.000000,xspeed:13.010000,yspeed:0.360000,angle:4.330000,distense:99.600000,rcs:26.000000
