timestame:1619470914.795000000,objid:0,type:0,xpos:0.000000,ypos:0.000000,xspeed:4.410000,yspeed:3.520000,angle:-13.570000,distense:38.400000,rcs:20.000000
timestame:1619470914.795000000,objid:3,type:0,xpos:0.000000,ypos:0.000000,xspeed:1.490000,yspeed:0.270000,angle:-5.860000,distense:41.000000,rcs:6.000000
