timestame:1619469577.322000000,objid:1,type:0,xpos:0.000000,ypos:0.000000,xspeed:-7.330000,yspeed:-2.360000,angle:-6.650000,distense:122.800000,rcs:12.000000
timestame:1619469577.322000000,objid:3,type:0,xpos:0.000000,ypos:0.000000,xspeed:-6.640000,yspeed:-0.160000,angle:-7.830000,distense:113.000000,rcs:16.000000
timestame:1619469577.322000000,objid:5,type:0,xpos:0.000000,ypos:0.000000,xspeed:-6.710000,yspeed:-0.200000,angle:-8.070000,distense:109.600000,rcs:19.000000
