timestame:1619471068.642000000,objid:0,type:0,xpos:0.000000,ypos:0.000000,xspeed:-5.710000,yspeed:-0.360000,angle:-7.670000,distense:91.600000,rcs:6.000000
timestame:1619471068.642000000,objid:3,type:0,xpos:0.000000,ypos:0.000000,xspeed:-6.860000,yspeed:-0.160000,angle:-4.940000,distense:134.400000,rcs:6.000000
timestame:1619471068.642000000,objid:5,type:0,xpos:0.000000,ypos:0.000000,xspeed:-11.130000,yspeed:-0.460000,angle:-6.980000,distense:124.800000,rcs:21.000000
timestame:1619471068.642000000,objid:9,type:0,xpos:0.000000,ypos:0.000000,xspeed:-2.840000,yspeed:-0.190000,angle:-12.690000,distense:62.600000,rcs:15.000000
