timestame:1619469562.006000000,objid:2,type:0,xpos:0.000000,ypos:0.000000,xspeed:1.620000,yspeed:-3.410000,angle:-17.630000,distense:45.000000,rcs:23.000000
timestame:1619469562.006000000,objid:3,type:0,xpos:0.000000,ypos:0.000000,xspeed:2.010000,yspeed:-1.090000,angle:7.220000,distense:43.600000,rcs:35.000000
timestame:1619469562.006000000,objid:9,type:0,xpos:0.000000,ypos:0.000000,xspeed:-4.670000,yspeed:2.480000,angle:9.200000,distense:104.400000,rcs:9.000000
