timestame:1619469790.418000000,objid:1,type:0,xpos:0.000000,ypos:0.000000,xspeed:-16.400000,yspeed:-0.770000,angle:-18.000000,distense:39.800000,rcs:20.000000
timestame:1619469790.418000000,objid:3,type:0,xpos:0.000000,ypos:0.000000,xspeed:4.660000,yspeed:0.000000,angle:-18.000000,distense:37.400000,rcs:15.000000
