timestame:1619470739.022000000,objid:0,type:0,xpos:0.000000,ypos:0.000000,xspeed:-16.350000,yspeed:-0.680000,angle:-5.380000,distense:131.000000,rcs:16.000000
timestame:1619470739.022000000,objid:1,type:0,xpos:0.000000,ypos:0.000000,xspeed:11.970000,yspeed:-0.050000,angle:1.060000,distense:134.600000,rcs:9.000000
timestame:1619470739.022000000,objid:3,type:0,xpos:0.000000,ypos:0.000000,xspeed:1.350000,yspeed:-3.160000,angle:-16.360000,distense:47.000000,rcs:16.000000
timestame:1619470739.022000000,objid:6,type:0,xpos:0.000000,ypos:0.000000,xspeed:12.250000,yspeed:0.170000,angle:1.440000,distense:124.800000,rcs:30.000000
