timestame:1619470715.756000000,objid:1,type:0,xpos:0.000000,ypos:0.000000,xspeed:6.590000,yspeed:-9.040000,angle:7.870000,distense:179.000000,rcs:6.000000
timestame:1619470715.756000000,objid:3,type:0,xpos:0.000000,ypos:0.000000,xspeed:2.780000,yspeed:4.160000,angle:-8.100000,distense:41.800000,rcs:13.000000
