timestame:1619471140.899000000,objid:0,type:0,xpos:0.000000,ypos:0.000000,xspeed:-2.940000,yspeed:-1.000000,angle:-18.000000,distense:33.600000,rcs:30.000000
timestame:1619471140.899000000,objid:3,type:0,xpos:0.000000,ypos:0.000000,xspeed:-3.250000,yspeed:-3.060000,angle:-18.000000,distense:32.400000,rcs:6.000000
timestame:1619471140.899000000,objid:4,type:0,xpos:0.000000,ypos:0.000000,xspeed:-1.200000,yspeed:3.740000,angle:-18.000000,distense:54.000000,rcs:12.000000
timestame:1619471140.899000000,objid:7,type:0,xpos:0.000000,ypos:0.000000,xspeed:-4.840000,yspeed:-4.620000,angle:-17.080000,distense:34.200000,rcs:29.000000
