timestame:1619469758.083000000,objid:1,type:0,xpos:0.000000,ypos:0.000000,xspeed:3.520000,yspeed:5.300000,angle:-12.420000,distense:53.800000,rcs:9.000000
timestame:1619469758.083000000,objid:2,type:0,xpos:0.000000,ypos:0.000000,xspeed:5.100000,yspeed:3.050000,angle:-17.700000,distense:31.800000,rcs:28.000000
timestame:1619469758.083000000,objid:3,type:0,xpos:0.000000,ypos:0.000000,xspeed:5.100000,yspeed:2.650000,angle:-17.150000,distense:42.600000,rcs:21.000000
timestame:1619469758.083000000,objid:6,type:0,xpos:0.000000,ypos:0.000000,xspeed:1.340000,yspeed:5.860000,angle:15.790000,distense:29.000000,rcs:6.000000
