timestame:1619469877.014000000,objid:3,type:0,xpos:0.000000,ypos:0.000000,xspeed:-4.650000,yspeed:1.020000,angle:-18.000000,distense:33.600000,rcs:18.000000
timestame:1619469877.014000000,objid:6,type:0,xpos:0.000000,ypos:0.000000,xspeed:-2.070000,yspeed:-0.570000,angle:-18.000000,distense:37.400000,rcs:6.000000
timestame:1619469877.014000000,objid:10,type:0,xpos:0.000000,ypos:0.000000,xspeed:14.670000,yspeed:8.430000,angle:-10.560000,distense:45.200000,rcs:6.000000
