timestame:1619470287.885000000,objid:2,type:0,xpos:0.000000,ypos:0.000000,xspeed:-12.410000,yspeed:-0.170000,angle:-9.230000,distense:94.600000,rcs:19.000000
timestame:1619470287.885000000,objid:5,type:0,xpos:0.000000,ypos:0.000000,xspeed:-5.600000,yspeed:-0.490000,angle:-18.000000,distense:37.800000,rcs:16.000000
timestame:1619470287.885000000,objid:7,type:0,xpos:0.000000,ypos:0.000000,xspeed:-5.330000,yspeed:-0.320000,angle:-18.000000,distense:33.400000,rcs:26.000000
timestame:1619470287.885000000,objid:11,type:0,xpos:0.000000,ypos:0.000000,xspeed:-5.450000,yspeed:-0.370000,angle:-18.000000,distense:27.600000,rcs:6.000000
