timestame:1619469531.348000000,objid:1,type:0,xpos:0.000000,ypos:0.000000,xspeed:1.810000,yspeed:-4.560000,angle:-18.000000,distense:76.000000,rcs:13.000000
timestame:1619469531.348000000,objid:3,type:0,xpos:0.000000,ypos:0.000000,xspeed:-1.140000,yspeed:-1.750000,angle:-5.090000,distense:11.200000,rcs:34.000000
timestame:1619469531.348000000,objid:4,type:0,xpos:0.000000,ypos:0.000000,xspeed:16.310000,yspeed:0.000000,angle:0.640000,distense:19.200000,rcs:43.000000
timestame:1619469531.348000000,objid:7,type:0,xpos:0.000000,ypos:0.000000,xspeed:16.030000,yspeed:0.600000,angle:1.880000,distense:25.800000,rcs:40.000000
