timestame:1619471315.164000000,objid:1,type:0,xpos:0.000000,ypos:0.000000,xspeed:-15.040000,yspeed:-0.930000,angle:-4.600000,distense:148.600000,rcs:12.000000
timestame:1619471315.164000000,objid:2,type:0,xpos:0.000000,ypos:0.000000,xspeed:-2.550000,yspeed:5.800000,angle:-14.680000,distense:36.800000,rcs:6.000000
