timestame:1619470463.698000000,objid:0,type:0,xpos:0.000000,ypos:0.000000,xspeed:-13.900000,yspeed:-0.600000,angle:-13.670000,distense:55.400000,rcs:21.000000
timestame:1619470463.698000000,objid:2,type:0,xpos:0.000000,ypos:0.000000,xspeed:6.070000,yspeed:0.020000,angle:3.050000,distense:197.800000,rcs:13.000000
