timestame:1619470296.199000000,objid:0,type:0,xpos:0.000000,ypos:0.000000,xspeed:2.710000,yspeed:0.140000,angle:4.890000,distense:27.800000,rcs:6.000000
timestame:1619470296.199000000,objid:2,type:0,xpos:0.000000,ypos:0.000000,xspeed:6.620000,yspeed:0.250000,angle:1.950000,distense:39.400000,rcs:9.000000
timestame:1619470296.199000000,objid:3,type:0,xpos:0.000000,ypos:0.000000,xspeed:2.950000,yspeed:0.030000,angle:3.290000,distense:16.800000,rcs:41.000000
timestame:1619470296.199000000,objid:5,type:0,xpos:0.000000,ypos:0.000000,xspeed:4.040000,yspeed:0.090000,angle:1.940000,distense:27.800000,rcs:37.000000
