timestame:1619471363.274000000,objid:2,type:0,xpos:0.000000,ypos:0.000000,xspeed:6.490000,yspeed:-0.140000,angle:4.400000,distense:92.000000,rcs:24.000000
timestame:1619471363.274000000,objid:4,type:0,xpos:0.000000,ypos:0.000000,xspeed:6.330000,yspeed:0.150000,angle:5.280000,distense:85.800000,rcs:25.000000
timestame:1619471363.274000000,objid:7,type:0,xpos:0.000000,ypos:0.000000,xspeed:10.140000,yspeed:0.080000,angle:1.540000,distense:108.800000,rcs:26.000000
