timestame:1619471148.534000000,objid:4,type:0,xpos:0.000000,ypos:0.000000,xspeed:-13.920000,yspeed:8.010000,angle:1.990000,distense:39.800000,rcs:9.000000
timestame:1619471148.534000000,objid:5,type:0,xpos:0.000000,ypos:0.000000,xspeed:-1.290000,yspeed:6.190000,angle:11.910000,distense:40.600000,rcs:13.000000
timestame:1619471148.534000000,objid:9,type:0,xpos:0.000000,ypos:0.000000,xspeed:-1.640000,yspeed:6.020000,angle:7.350000,distense:40.200000,rcs:15.000000
