timestame:1619470045.207000000,objid:0,type:0,xpos:0.000000,ypos:0.000000,xspeed:6.360000,yspeed:-0.450000,angle:4.370000,distense:72.200000,rcs:20.000000
timestame:1619470045.207000000,objid:3,type:0,xpos:0.000000,ypos:0.000000,xspeed:14.270000,yspeed:0.120000,angle:1.250000,distense:179.000000,rcs:12.000000
timestame:1619470045.207000000,objid:5,type:0,xpos:0.000000,ypos:0.000000,xspeed:6.050000,yspeed:0.450000,angle:5.870000,distense:62.200000,rcs:29.000000
