timestame:1619471259.811000000,objid:2,type:0,xpos:0.000000,ypos:0.000000,xspeed:12.280000,yspeed:0.340000,angle:4.760000,distense:72.200000,rcs:31.000000
timestame:1619471259.811000000,objid:3,type:0,xpos:0.000000,ypos:0.000000,xspeed:-14.780000,yspeed:-0.640000,angle:-18.000000,distense:34.600000,rcs:15.000000
timestame:1619471259.811000000,objid:6,type:0,xpos:0.000000,ypos:0.000000,xspeed:12.360000,yspeed:0.160000,angle:4.880000,distense:84.600000,rcs:12.000000
timestame:1619471259.811000000,objid:10,type:0,xpos:0.000000,ypos:0.000000,xspeed:12.290000,yspeed:0.520000,angle:5.470000,distense:60.200000,rcs:28.000000
