timestame:1619470986.067000000,objid:0,type:0,xpos:0.000000,ypos:0.000000,xspeed:8.850000,yspeed:0.230000,angle:2.210000,distense:202.400000,rcs:20.000000
timestame:1619470986.067000000,objid:1,type:0,xpos:0.000000,ypos:0.000000,xspeed:-15.560000,yspeed:-0.580000,angle:-14.540000,distense:51.600000,rcs:22.000000
timestame:1619470986.067000000,objid:3,type:0,xpos:0.000000,ypos:0.000000,xspeed:4.520000,yspeed:-1.220000,angle:8.760000,distense:80.800000,rcs:12.000000
timestame:1619470986.067000000,objid:4,type:0,xpos:0.000000,ypos:0.000000,xspeed:-13.320000,yspeed:-1.800000,angle:-6.710000,distense:108.600000,rcs:16.000000
