timestame:1619471083.353000000,objid:4,type:0,xpos:0.000000,ypos:0.000000,xspeed:3.520000,yspeed:0.390000,angle:1.990000,distense:32.600000,rcs:6.000000
timestame:1619471083.353000000,objid:10,type:0,xpos:0.000000,ypos:0.000000,xspeed:5.950000,yspeed:0.540000,angle:2.170000,distense:49.400000,rcs:6.000000
