timestame:1619470048.492000000,objid:0,type:0,xpos:0.000000,ypos:0.000000,xspeed:6.800000,yspeed:0.150000,angle:4.170000,distense:94.600000,rcs:12.000000
timestame:1619470048.492000000,objid:5,type:0,xpos:0.000000,ypos:0.000000,xspeed:6.820000,yspeed:-0.010000,angle:4.280000,distense:84.800000,rcs:22.000000
