timestame:1619470113.292000000,objid:1,type:0,xpos:0.000000,ypos:0.000000,xspeed:4.330000,yspeed:0.170000,angle:-15.210000,distense:26.000000,rcs:15.000000
timestame:1619470113.292000000,objid:3,type:0,xpos:0.000000,ypos:0.000000,xspeed:22.560000,yspeed:6.980000,angle:19.970000,distense:50.800000,rcs:9.000000
timestame:1619470113.292000000,objid:7,type:0,xpos:0.000000,ypos:0.000000,xspeed:5.760000,yspeed:1.740000,angle:22.300000,distense:34.800000,rcs:35.000000
