timestame:1619471082.113000000,objid:1,type:0,xpos:0.000000,ypos:0.000000,xspeed:-7.560000,yspeed:-0.590000,angle:-18.000000,distense:26.400000,rcs:6.000000
timestame:1619471082.113000000,objid:4,type:0,xpos:0.000000,ypos:0.000000,xspeed:2.670000,yspeed:0.110000,angle:1.290000,distense:27.000000,rcs:40.000000
timestame:1619471082.113000000,objid:6,type:0,xpos:0.000000,ypos:0.000000,xspeed:-7.130000,yspeed:-0.420000,angle:-18.000000,distense:24.800000,rcs:6.000000
timestame:1619471082.113000000,objid:10,type:0,xpos:0.000000,ypos:0.000000,xspeed:5.910000,yspeed:0.340000,angle:1.350000,distense:41.800000,rcs:6.000000
