timestame:1619470026.129000000,objid:0,type:0,xpos:0.000000,ypos:0.000000,xspeed:6.070000,yspeed:-3.660000,angle:1.660000,distense:35.000000,rcs:6.000000
timestame:1619470026.129000000,objid:2,type:0,xpos:0.000000,ypos:0.000000,xspeed:6.040000,yspeed:0.770000,angle:2.460000,distense:26.200000,rcs:32.000000
timestame:1619470026.129000000,objid:9,type:0,xpos:0.000000,ypos:0.000000,xspeed:-2.000000,yspeed:-0.890000,angle:-18.000000,distense:27.800000,rcs:6.000000
timestame:1619470026.129000000,objid:15,type:0,xpos:0.000000,ypos:0.000000,xspeed:-2.480000,yspeed:-0.590000,angle:-18.000000,distense:26.200000,rcs:6.000000
