timestame:1619471306.344000000,objid:0,type:0,xpos:0.000000,ypos:0.000000,xspeed:2.920000,yspeed:1.010000,angle:21.190000,distense:22.200000,rcs:19.000000
timestame:1619471306.344000000,objid:1,type:0,xpos:0.000000,ypos:0.000000,xspeed:-6.670000,yspeed:2.470000,angle:-18.000000,distense:32.800000,rcs:9.000000
timestame:1619471306.344000000,objid:2,type:0,xpos:0.000000,ypos:0.000000,xspeed:4.850000,yspeed:0.540000,angle:-14.990000,distense:20.200000,rcs:9.000000
