timestame:1619469617.757000000,objid:2,type:0,xpos:0.000000,ypos:0.000000,xspeed:14.620000,yspeed:9.590000,angle:-6.040000,distense:97.600000,rcs:6.000000
timestame:1619469617.757000000,objid:4,type:0,xpos:0.000000,ypos:0.000000,xspeed:-19.130000,yspeed:4.550000,angle:-4.310000,distense:148.200000,rcs:13.000000
timestame:1619469617.757000000,objid:6,type:0,xpos:0.000000,ypos:0.000000,xspeed:-2.040000,yspeed:0.000000,angle:-11.850000,distense:79.400000,rcs:23.000000
