timestame:1619470137.944000000,objid:0,type:0,xpos:0.000000,ypos:0.000000,xspeed:-7.580000,yspeed:1.560000,angle:12.730000,distense:37.600000,rcs:15.000000
timestame:1619470137.944000000,objid:7,type:0,xpos:0.000000,ypos:0.000000,xspeed:-2.750000,yspeed:-0.160000,angle:-10.120000,distense:74.200000,rcs:20.000000
