timestame:1619470219.539000000,objid:2,type:0,xpos:0.000000,ypos:0.000000,xspeed:-2.990000,yspeed:8.720000,angle:10.740000,distense:39.600000,rcs:9.000000
timestame:1619470219.539000000,objid:6,type:0,xpos:0.000000,ypos:0.000000,xspeed:2.900000,yspeed:3.660000,angle:4.870000,distense:44.600000,rcs:13.000000
timestame:1619470219.539000000,objid:13,type:0,xpos:0.000000,ypos:0.000000,xspeed:-1.850000,yspeed:12.350000,angle:-2.610000,distense:50.600000,rcs:6.000000
timestame:1619470219.539000000,objid:14,type:0,xpos:0.000000,ypos:0.000000,xspeed:-2.320000,yspeed:7.740000,angle:11.880000,distense:40.400000,rcs:37.000000
