timestame:1619469533.465000000,objid:4,type:0,xpos:0.000000,ypos:0.000000,xspeed:16.300000,yspeed:0.940000,angle:2.800000,distense:53.400000,rcs:42.000000
timestame:1619469533.465000000,objid:7,type:0,xpos:0.000000,ypos:0.000000,xspeed:16.810000,yspeed:0.660000,angle:1.890000,distense:61.600000,rcs:24.000000
