timestame:1619470941.409000000,objid:1,type:0,xpos:0.000000,ypos:0.000000,xspeed:-4.840000,yspeed:0.110000,angle:-15.090000,distense:61.000000,rcs:12.000000
timestame:1619470941.409000000,objid:5,type:0,xpos:0.000000,ypos:0.000000,xspeed:-5.790000,yspeed:0.060000,angle:-15.050000,distense:64.000000,rcs:25.000000
timestame:1619470941.409000000,objid:10,type:0,xpos:0.000000,ypos:0.000000,xspeed:-4.390000,yspeed:0.440000,angle:-10.940000,distense:62.400000,rcs:16.000000
