timestame:1619470059.998000000,objid:0,type:0,xpos:0.000000,ypos:0.000000,xspeed:-11.920000,yspeed:0.020000,angle:-5.380000,distense:80.400000,rcs:24.000000
timestame:1619470059.998000000,objid:1,type:0,xpos:0.000000,ypos:0.000000,xspeed:-21.500000,yspeed:12.460000,angle:-4.010000,distense:172.800000,rcs:9.000000
timestame:1619470059.998000000,objid:5,type:0,xpos:0.000000,ypos:0.000000,xspeed:9.580000,yspeed:0.480000,angle:2.850000,distense:185.800000,rcs:18.000000
