timestame:1619471312.498000000,objid:2,type:0,xpos:0.000000,ypos:0.000000,xspeed:2.180000,yspeed:3.560000,angle:-9.840000,distense:43.800000,rcs:9.000000
timestame:1619471312.498000000,objid:3,type:0,xpos:0.000000,ypos:0.000000,xspeed:3.390000,yspeed:2.790000,angle:-13.850000,distense:38.600000,rcs:24.000000
timestame:1619471312.498000000,objid:4,type:0,xpos:0.000000,ypos:0.000000,xspeed:-1.010000,yspeed:5.010000,angle:2.060000,distense:37.400000,rcs:29.000000
