timestame:1619471237.453000000,objid:0,type:0,xpos:0.000000,ypos:0.000000,xspeed:8.040000,yspeed:0.020000,angle:1.230000,distense:153.600000,rcs:6.000000
timestame:1619471237.453000000,objid:9,type:0,xpos:0.000000,ypos:0.000000,xspeed:8.530000,yspeed:-0.070000,angle:1.170000,distense:144.800000,rcs:20.000000
