timestame:1619471227.523000000,objid:0,type:0,xpos:0.000000,ypos:0.000000,xspeed:5.290000,yspeed:0.100000,angle:2.020000,distense:79.200000,rcs:12.000000
timestame:1619471227.523000000,objid:1,type:0,xpos:0.000000,ypos:0.000000,xspeed:4.830000,yspeed:-3.320000,angle:-14.650000,distense:51.800000,rcs:13.000000
timestame:1619471227.523000000,objid:9,type:0,xpos:0.000000,ypos:0.000000,xspeed:5.660000,yspeed:0.050000,angle:2.100000,distense:69.800000,rcs:34.000000
