timestame:1619470571.306000000,objid:1,type:0,xpos:0.000000,ypos:0.000000,xspeed:3.230000,yspeed:3.420000,angle:-9.160000,distense:45.000000,rcs:12.000000
timestame:1619470571.306000000,objid:3,type:0,xpos:0.000000,ypos:0.000000,xspeed:15.310000,yspeed:0.250000,angle:1.090000,distense:217.200000,rcs:16.000000
