timestame:1619470289.132000000,objid:2,type:0,xpos:0.000000,ypos:0.000000,xspeed:-11.950000,yspeed:-0.170000,angle:-11.020000,distense:80.200000,rcs:22.000000
timestame:1619470289.132000000,objid:5,type:0,xpos:0.000000,ypos:0.000000,xspeed:-5.860000,yspeed:-0.430000,angle:-18.000000,distense:31.200000,rcs:22.000000
timestame:1619470289.132000000,objid:7,type:0,xpos:0.000000,ypos:0.000000,xspeed:-5.730000,yspeed:-0.440000,angle:-18.000000,distense:27.200000,rcs:19.000000
timestame:1619470289.132000000,objid:11,type:0,xpos:0.000000,ypos:0.000000,xspeed:-5.740000,yspeed:-0.320000,angle:-18.000000,distense:22.000000,rcs:6.000000
