timestame:1619470051.717000000,objid:0,type:0,xpos:0.000000,ypos:0.000000,xspeed:7.300000,yspeed:-0.220000,angle:2.980000,distense:118.000000,rcs:6.000000
timestame:1619470051.717000000,objid:5,type:0,xpos:0.000000,ypos:0.000000,xspeed:7.330000,yspeed:0.070000,angle:3.620000,distense:108.400000,rcs:23.000000
