timestame:1619471366.821000000,objid:1,type:0,xpos:0.000000,ypos:0.000000,xspeed:7.590000,yspeed:-0.250000,angle:3.060000,distense:114.800000,rcs:16.000000
timestame:1619471366.821000000,objid:2,type:0,xpos:0.000000,ypos:0.000000,xspeed:8.000000,yspeed:-0.080000,angle:3.140000,distense:120.400000,rcs:13.000000
timestame:1619471366.821000000,objid:7,type:0,xpos:0.000000,ypos:0.000000,xspeed:11.760000,yspeed:0.240000,angle:1.610000,distense:151.200000,rcs:20.000000
