timestame:1619471022.621000000,objid:0,type:0,xpos:0.000000,ypos:0.000000,xspeed:-1.850000,yspeed:-3.370000,angle:-9.540000,distense:37.000000,rcs:28.000000
timestame:1619471022.621000000,objid:6,type:0,xpos:0.000000,ypos:0.000000,xspeed:-1.970000,yspeed:-4.710000,angle:-18.000000,distense:35.000000,rcs:30.000000
timestame:1619471022.621000000,objid:10,type:0,xpos:0.000000,ypos:0.000000,xspeed:7.340000,yspeed:-3.540000,angle:-18.000000,distense:56.800000,rcs:6.000000
timestame:1619471022.621000000,objid:15,type:0,xpos:0.000000,ypos:0.000000,xspeed:-1.860000,yspeed:11.560000,angle:-14.660000,distense:46.000000,rcs:6.000000
