timestame:1619470158.380000000,objid:0,type:0,xpos:0.000000,ypos:0.000000,xspeed:-15.340000,yspeed:-0.610000,angle:-14.160000,distense:73.600000,rcs:27.000000
timestame:1619470158.380000000,objid:1,type:0,xpos:0.000000,ypos:0.000000,xspeed:-15.510000,yspeed:-0.630000,angle:-15.260000,distense:62.600000,rcs:21.000000
timestame:1619470158.380000000,objid:4,type:0,xpos:0.000000,ypos:0.000000,xspeed:1.440000,yspeed:0.320000,angle:7.810000,distense:24.400000,rcs:15.000000
timestame:1619470158.380000000,objid:7,type:0,xpos:0.000000,ypos:0.000000,xspeed:-15.210000,yspeed:-0.550000,angle:-17.340000,distense:57.000000,rcs:27.000000
