timestame:1619469787.886000000,objid:1,type:0,xpos:0.000000,ypos:0.000000,xspeed:-15.960000,yspeed:-0.120000,angle:-11.050000,distense:78.800000,rcs:26.000000
timestame:1619469787.886000000,objid:4,type:0,xpos:0.000000,ypos:0.000000,xspeed:-16.710000,yspeed:-0.650000,angle:-13.970000,distense:69.400000,rcs:16.000000
timestame:1619469787.886000000,objid:10,type:0,xpos:0.000000,ypos:0.000000,xspeed:17.100000,yspeed:0.300000,angle:1.180000,distense:214.600000,rcs:20.000000
