timestame:1619471307.713000000,objid:0,type:0,xpos:0.000000,ypos:0.000000,xspeed:3.630000,yspeed:0.430000,angle:17.860000,distense:27.600000,rcs:18.000000
timestame:1619471307.713000000,objid:2,type:0,xpos:0.000000,ypos:0.000000,xspeed:4.510000,yspeed:1.310000,angle:-17.920000,distense:26.400000,rcs:24.000000
