timestame:1619469995.340000000,objid:6,type:0,xpos:0.000000,ypos:0.000000,xspeed:-5.640000,yspeed:2.190000,angle:-15.670000,distense:48.000000,rcs:6.000000
timestame:1619469995.340000000,objid:8,type:0,xpos:0.000000,ypos:0.000000,xspeed:1.140000,yspeed:3.120000,angle:-2.020000,distense:43.400000,rcs:6.000000
timestame:1619469995.340000000,objid:15,type:0,xpos:0.000000,ypos:0.000000,xspeed:-1.190000,yspeed:-1.870000,angle:-17.890000,distense:36.000000,rcs:37.000000
timestame:1619469995.340000000,objid:24,type:0,xpos:0.000000,ypos:0.000000,xspeed:2.320000,yspeed:2.940000,angle:-10.220000,distense:39.600000,rcs:13.000000
