timestame:1619470765.429000000,objid:0,type:0,xpos:0.000000,ypos:0.000000,xspeed:-4.590000,yspeed:-3.710000,angle:-18.000000,distense:34.200000,rcs:9.000000
timestame:1619470765.429000000,objid:4,type:0,xpos:0.000000,ypos:0.000000,xspeed:-2.370000,yspeed:-1.390000,angle:-18.000000,distense:30.800000,rcs:9.000000
timestame:1619470765.429000000,objid:5,type:0,xpos:0.000000,ypos:0.000000,xspeed:-1.980000,yspeed:-2.050000,angle:-18.000000,distense:34.400000,rcs:6.000000
timestame:1619470765.429000000,objid:9,type:0,xpos:0.000000,ypos:0.000000,xspeed:5.710000,yspeed:0.310000,angle:2.650000,distense:39.400000,rcs:34.000000
