timestame:1619470990.913000000,objid:3,type:0,xpos:0.000000,ypos:0.000000,xspeed:5.230000,yspeed:-0.170000,angle:6.940000,distense:106.400000,rcs:6.000000
timestame:1619470990.913000000,objid:4,type:0,xpos:0.000000,ypos:0.000000,xspeed:-13.540000,yspeed:-0.520000,angle:-18.000000,distense:44.400000,rcs:22.000000
