timestame:1619469999.134000000,objid:7,type:0,xpos:0.000000,ypos:0.000000,xspeed:-17.010000,yspeed:-7.700000,angle:-18.000000,distense:32.200000,rcs:22.000000
timestame:1619469999.134000000,objid:11,type:0,xpos:0.000000,ypos:0.000000,xspeed:-1.820000,yspeed:-0.970000,angle:-18.000000,distense:32.000000,rcs:6.000000
timestame:1619469999.134000000,objid:15,type:0,xpos:0.000000,ypos:0.000000,xspeed:-1.560000,yspeed:-1.500000,angle:-18.000000,distense:34.200000,rcs:9.000000
