timestame:1619470756.542000000,objid:2,type:0,xpos:0.000000,ypos:0.000000,xspeed:-1.650000,yspeed:-0.870000,angle:-18.000000,distense:32.400000,rcs:15.000000
timestame:1619470756.542000000,objid:10,type:0,xpos:0.000000,ypos:0.000000,xspeed:-3.350000,yspeed:-0.760000,angle:-18.000000,distense:28.000000,rcs:13.000000
timestame:1619470756.542000000,objid:11,type:0,xpos:0.000000,ypos:0.000000,xspeed:-2.860000,yspeed:-0.080000,angle:-18.000000,distense:26.200000,rcs:12.000000
