timestame:1619471318.645000000,objid:0,type:0,xpos:0.000000,ypos:0.000000,xspeed:4.100000,yspeed:2.940000,angle:-4.910000,distense:122.200000,rcs:13.000000
timestame:1619471318.645000000,objid:1,type:0,xpos:0.000000,ypos:0.000000,xspeed:-7.130000,yspeed:-3.780000,angle:-5.610000,distense:111.400000,rcs:18.000000
timestame:1619471318.645000000,objid:3,type:0,xpos:0.000000,ypos:0.000000,xspeed:-16.700000,yspeed:-2.600000,angle:-2.770000,distense:204.200000,rcs:6.000000
