timestame:1619470597.462000000,objid:1,type:0,xpos:0.000000,ypos:0.000000,xspeed:4.880000,yspeed:3.610000,angle:-12.540000,distense:40.000000,rcs:19.000000
timestame:1619470597.462000000,objid:5,type:0,xpos:0.000000,ypos:0.000000,xspeed:4.400000,yspeed:4.400000,angle:-9.130000,distense:50.800000,rcs:6.000000
