timestame:1619469877.137000000,objid:3,type:0,xpos:0.000000,ypos:0.000000,xspeed:-4.290000,yspeed:-3.940000,angle:-18.000000,distense:33.600000,rcs:6.000000
timestame:1619469877.137000000,objid:6,type:0,xpos:0.000000,ypos:0.000000,xspeed:-2.240000,yspeed:-0.670000,angle:-18.000000,distense:37.000000,rcs:6.000000
timestame:1619469877.137000000,objid:10,type:0,xpos:0.000000,ypos:0.000000,xspeed:14.670000,yspeed:8.430000,angle:-8.950000,distense:46.800000,rcs:6.000000
