timestame:1619470376.513000000,objid:1,type:0,xpos:0.000000,ypos:0.000000,xspeed:-2.020000,yspeed:-2.650000,angle:-18.000000,distense:35.800000,rcs:23.000000
timestame:1619470376.513000000,objid:5,type:0,xpos:0.000000,ypos:0.000000,xspeed:-3.230000,yspeed:-3.300000,angle:-18.000000,distense:36.600000,rcs:27.000000
timestame:1619470376.513000000,objid:18,type:0,xpos:0.000000,ypos:0.000000,xspeed:-5.840000,yspeed:-0.370000,angle:-8.510000,distense:83.600000,rcs:15.000000
