timestame:1619470193.567000000,objid:0,type:0,xpos:0.000000,ypos:0.000000,xspeed:-4.170000,yspeed:7.200000,angle:-14.770000,distense:41.200000,rcs:20.000000
timestame:1619470193.567000000,objid:1,type:0,xpos:0.000000,ypos:0.000000,xspeed:1.780000,yspeed:1.230000,angle:6.290000,distense:140.000000,rcs:22.000000
timestame:1619470193.567000000,objid:2,type:0,xpos:0.000000,ypos:0.000000,xspeed:-4.640000,yspeed:5.730000,angle:-13.540000,distense:39.000000,rcs:9.000000
