timestame:1619469998.885000000,objid:11,type:0,xpos:0.000000,ypos:0.000000,xspeed:-1.670000,yspeed:-0.920000,angle:-18.000000,distense:32.400000,rcs:15.000000
timestame:1619469998.885000000,objid:14,type:0,xpos:0.000000,ypos:0.000000,xspeed:-2.340000,yspeed:0.000000,angle:-13.620000,distense:57.200000,rcs:9.000000
timestame:1619469998.885000000,objid:15,type:0,xpos:0.000000,ypos:0.000000,xspeed:-1.440000,yspeed:-1.700000,angle:-18.000000,distense:34.600000,rcs:13.000000
timestame:1619469998.885000000,objid:17,type:0,xpos:0.000000,ypos:0.000000,xspeed:1.650000,yspeed:6.100000,angle:-6.320000,distense:54.400000,rcs:9.000000
