timestame:1619470081.711000000,objid:0,type:0,xpos:0.000000,ypos:0.000000,xspeed:1.160000,yspeed:-5.410000,angle:5.700000,distense:49.400000,rcs:9.000000
timestame:1619470081.711000000,objid:4,type:0,xpos:0.000000,ypos:0.000000,xspeed:2.650000,yspeed:-8.750000,angle:0.060000,distense:50.800000,rcs:21.000000
timestame:1619470081.711000000,objid:7,type:0,xpos:0.000000,ypos:0.000000,xspeed:-1.160000,yspeed:-6.640000,angle:-2.590000,distense:49.400000,rcs:6.000000
