timestame:1619470701.821000000,objid:0,type:0,xpos:0.000000,ypos:0.000000,xspeed:4.980000,yspeed:2.260000,angle:19.410000,distense:27.000000,rcs:24.000000
timestame:1619470701.821000000,objid:1,type:0,xpos:0.000000,ypos:0.000000,xspeed:9.830000,yspeed:0.000000,angle:3.410000,distense:114.800000,rcs:12.000000
timestame:1619470701.821000000,objid:2,type:0,xpos:0.000000,ypos:0.000000,xspeed:-8.860000,yspeed:0.180000,angle:-12.270000,distense:89.600000,rcs:16.000000
