timestame:1619470700.636000000,objid:1,type:0,xpos:0.000000,ypos:0.000000,xspeed:9.140000,yspeed:0.210000,angle:4.010000,distense:102.200000,rcs:20.000000
timestame:1619470700.636000000,objid:2,type:0,xpos:0.000000,ypos:0.000000,xspeed:-9.020000,yspeed:1.060000,angle:-10.670000,distense:99.800000,rcs:20.000000
