timestame:1619469786.585000000,objid:1,type:0,xpos:0.000000,ypos:0.000000,xspeed:-16.550000,yspeed:0.610000,angle:-8.400000,distense:98.800000,rcs:13.000000
timestame:1619469786.585000000,objid:2,type:0,xpos:0.000000,ypos:0.000000,xspeed:16.750000,yspeed:0.190000,angle:1.020000,distense:204.000000,rcs:12.000000
timestame:1619469786.585000000,objid:4,type:0,xpos:0.000000,ypos:0.000000,xspeed:-17.020000,yspeed:-0.370000,angle:-9.910000,distense:90.400000,rcs:22.000000
timestame:1619469786.585000000,objid:10,type:0,xpos:0.000000,ypos:0.000000,xspeed:16.960000,yspeed:0.200000,angle:1.150000,distense:191.800000,rcs:25.000000
