timestame:1619470212.715000000,objid:0,type:0,xpos:0.000000,ypos:0.000000,xspeed:1.000000,yspeed:0.090000,angle:6.270000,distense:16.400000,rcs:20.000000
timestame:1619470212.715000000,objid:1,type:0,xpos:0.000000,ypos:0.000000,xspeed:-3.030000,yspeed:10.700000,angle:-15.420000,distense:43.600000,rcs:16.000000
timestame:1619470212.715000000,objid:2,type:0,xpos:0.000000,ypos:0.000000,xspeed:-2.270000,yspeed:8.340000,angle:-12.090000,distense:43.000000,rcs:18.000000
timestame:1619470212.715000000,objid:3,type:0,xpos:0.000000,ypos:0.000000,xspeed:3.250000,yspeed:-10.770000,angle:-12.800000,distense:47.800000,rcs:12.000000
