timestame:1619470768.024000000,objid:0,type:0,xpos:0.000000,ypos:0.000000,xspeed:-11.890000,yspeed:-1.950000,angle:-5.000000,distense:176.400000,rcs:13.000000
timestame:1619470768.024000000,objid:1,type:0,xpos:0.000000,ypos:0.000000,xspeed:11.680000,yspeed:2.070000,angle:2.760000,distense:64.000000,rcs:35.000000
timestame:1619470768.024000000,objid:9,type:0,xpos:0.000000,ypos:0.000000,xspeed:7.350000,yspeed:0.230000,angle:2.340000,distense:59.800000,rcs:35.000000
