timestame:1619470013.944000000,objid:0,type:0,xpos:0.000000,ypos:0.000000,xspeed:-1.910000,yspeed:-1.650000,angle:-18.000000,distense:32.600000,rcs:16.000000
timestame:1619470013.944000000,objid:1,type:0,xpos:0.000000,ypos:0.000000,xspeed:-1.790000,yspeed:-7.370000,angle:14.600000,distense:41.200000,rcs:33.000000
timestame:1619470013.944000000,objid:8,type:0,xpos:0.000000,ypos:0.000000,xspeed:-2.390000,yspeed:-2.060000,angle:-1.540000,distense:58.800000,rcs:9.000000
