timestame:1619470482.751000000,objid:1,type:0,xpos:0.000000,ypos:0.000000,xspeed:-4.050000,yspeed:-0.140000,angle:-7.760000,distense:88.000000,rcs:27.000000
timestame:1619470482.751000000,objid:2,type:0,xpos:0.000000,ypos:0.000000,xspeed:1.700000,yspeed:-0.130000,angle:10.810000,distense:83.800000,rcs:6.000000
timestame:1619470482.751000000,objid:3,type:0,xpos:0.000000,ypos:0.000000,xspeed:5.220000,yspeed:-2.270000,angle:19.370000,distense:46.200000,rcs:30.000000
timestame:1619470482.751000000,objid:8,type:0,xpos:0.000000,ypos:0.000000,xspeed:-13.990000,yspeed:-14.350000,angle:14.810000,distense:41.000000,rcs:32.000000
