timestame:1619470072.277000000,objid:3,type:0,xpos:0.000000,ypos:0.000000,xspeed:-1.480000,yspeed:2.610000,angle:15.420000,distense:48.600000,rcs:35.000000
timestame:1619470072.277000000,objid:4,type:0,xpos:0.000000,ypos:0.000000,xspeed:-1.390000,yspeed:2.440000,angle:19.410000,distense:43.800000,rcs:30.000000
timestame:1619470072.277000000,objid:8,type:0,xpos:0.000000,ypos:0.000000,xspeed:2.450000,yspeed:2.490000,angle:-11.790000,distense:38.600000,rcs:15.000000
