timestame:1619471297.334000000,objid:2,type:0,xpos:0.000000,ypos:0.000000,xspeed:-1.700000,yspeed:6.160000,angle:-10.620000,distense:44.200000,rcs:9.000000
timestame:1619471297.334000000,objid:6,type:0,xpos:0.000000,ypos:0.000000,xspeed:2.590000,yspeed:3.930000,angle:-6.630000,distense:45.000000,rcs:6.000000
