timestame:1619471085.095000000,objid:0,type:0,xpos:0.000000,ypos:0.000000,xspeed:9.320000,yspeed:0.560000,angle:1.360000,distense:46.800000,rcs:40.000000
timestame:1619471085.095000000,objid:11,type:0,xpos:0.000000,ypos:0.000000,xspeed:1.630000,yspeed:0.100000,angle:2.960000,distense:17.400000,rcs:37.000000
