timestame:1619471315.415000000,objid:1,type:0,xpos:0.000000,ypos:0.000000,xspeed:-14.730000,yspeed:-0.910000,angle:-4.770000,distense:145.600000,rcs:12.000000
timestame:1619471315.415000000,objid:2,type:0,xpos:0.000000,ypos:0.000000,xspeed:-2.360000,yspeed:5.720000,angle:-12.560000,distense:37.000000,rcs:6.000000
