timestame:1619471320.202000000,objid:0,type:0,xpos:0.000000,ypos:0.000000,xspeed:10.150000,yspeed:3.260000,angle:22.650000,distense:51.400000,rcs:20.000000
timestame:1619471320.202000000,objid:1,type:0,xpos:0.000000,ypos:0.000000,xspeed:-7.220000,yspeed:-0.590000,angle:-6.570000,distense:100.000000,rcs:12.000000
timestame:1619471320.202000000,objid:3,type:0,xpos:0.000000,ypos:0.000000,xspeed:-14.890000,yspeed:-0.420000,angle:-3.410000,distense:181.800000,rcs:9.000000
timestame:1619471320.202000000,objid:4,type:0,xpos:0.000000,ypos:0.000000,xspeed:-16.470000,yspeed:-3.460000,angle:-3.060000,distense:187.800000,rcs:6.000000
