timestame:1619469649.458000000,objid:2,type:0,xpos:0.000000,ypos:0.000000,xspeed:13.050000,yspeed:0.130000,angle:3.530000,distense:123.400000,rcs:20.000000
timestame:1619469649.458000000,objid:3,type:0,xpos:0.000000,ypos:0.000000,xspeed:26.070000,yspeed:1.200000,angle:1.880000,distense:69.200000,rcs:33.000000
timestame:1619469649.458000000,objid:13,type:0,xpos:0.000000,ypos:0.000000,xspeed:15.450000,yspeed:0.610000,angle:2.340000,distense:189.200000,rcs:33.000000
timestame:1619469649.458000000,objid:14,type:0,xpos:0.000000,ypos:0.000000,xspeed:13.170000,yspeed:0.230000,angle:3.640000,distense:121.000000,rcs:22.000000
