timestame:1619470081.773000000,objid:0,type:0,xpos:0.000000,ypos:0.000000,xspeed:1.160000,yspeed:-5.410000,angle:5.320000,distense:49.400000,rcs:9.000000
timestame:1619470081.773000000,objid:4,type:0,xpos:0.000000,ypos:0.000000,xspeed:2.650000,yspeed:-8.810000,angle:-0.590000,distense:51.000000,rcs:21.000000
timestame:1619470081.773000000,objid:5,type:0,xpos:0.000000,ypos:0.000000,xspeed:1.450000,yspeed:0.000000,angle:2.210000,distense:49.800000,rcs:25.000000
timestame:1619470081.773000000,objid:7,type:0,xpos:0.000000,ypos:0.000000,xspeed:-1.160000,yspeed:-6.640000,angle:-2.910000,distense:49.000000,rcs:6.000000
