timestame:1619470329.495000000,objid:0,type:0,xpos:0.000000,ypos:0.000000,xspeed:16.160000,yspeed:-0.350000,angle:0.580000,distense:169.800000,rcs:28.000000
timestame:1619470329.495000000,objid:2,type:0,xpos:0.000000,ypos:0.000000,xspeed:9.520000,yspeed:0.240000,angle:0.980000,distense:196.800000,rcs:23.000000
timestame:1619470329.495000000,objid:3,type:0,xpos:0.000000,ypos:0.000000,xspeed:14.210000,yspeed:0.270000,angle:2.350000,distense:221.000000,rcs:6.000000
timestame:1619470329.495000000,objid:5,type:0,xpos:0.000000,ypos:0.000000,xspeed:9.400000,yspeed:0.280000,angle:1.290000,distense:211.600000,rcs:9.000000
