timestame:1619470498.056000000,objid:2,type:0,xpos:0.000000,ypos:0.000000,xspeed:-1.270000,yspeed:-2.860000,angle:-18.000000,distense:40.600000,rcs:39.000000
timestame:1619470498.056000000,objid:6,type:0,xpos:0.000000,ypos:0.000000,xspeed:-1.250000,yspeed:3.550000,angle:-5.440000,distense:47.600000,rcs:6.000000
timestame:1619470498.056000000,objid:7,type:0,xpos:0.000000,ypos:0.000000,xspeed:-1.830000,yspeed:-1.840000,angle:-15.400000,distense:46.800000,rcs:6.000000
