timestame:1619471086.768000000,objid:0,type:0,xpos:0.000000,ypos:0.000000,xspeed:8.400000,yspeed:0.370000,angle:1.590000,distense:60.600000,rcs:31.000000
timestame:1619471086.768000000,objid:4,type:0,xpos:0.000000,ypos:0.000000,xspeed:-23.800000,yspeed:-1.360000,angle:-5.750000,distense:118.400000,rcs:6.000000
timestame:1619471086.768000000,objid:11,type:0,xpos:0.000000,ypos:0.000000,xspeed:2.940000,yspeed:0.140000,angle:2.560000,distense:23.800000,rcs:39.000000
