timestame:1619470872.937000000,objid:1,type:0,xpos:0.000000,ypos:0.000000,xspeed:-9.540000,yspeed:-2.770000,angle:-5.700000,distense:131.200000,rcs:9.000000
timestame:1619470872.937000000,objid:4,type:0,xpos:0.000000,ypos:0.000000,xspeed:3.640000,yspeed:-0.240000,angle:0.120000,distense:18.400000,rcs:39.000000
timestame:1619470872.937000000,objid:9,type:0,xpos:0.000000,ypos:0.000000,xspeed:2.330000,yspeed:0.000000,angle:-1.880000,distense:27.800000,rcs:12.000000
