timestame:1619470190.974000000,objid:0,type:0,xpos:0.000000,ypos:0.000000,xspeed:-5.540000,yspeed:0.000000,angle:0.290000,distense:48.000000,rcs:26.000000
timestame:1619470190.974000000,objid:1,type:0,xpos:0.000000,ypos:0.000000,xspeed:2.380000,yspeed:4.550000,angle:5.870000,distense:135.000000,rcs:21.000000
timestame:1619470190.974000000,objid:2,type:0,xpos:0.000000,ypos:0.000000,xspeed:-5.730000,yspeed:4.190000,angle:2.610000,distense:45.600000,rcs:34.000000
