timestame:1619469891.821000000,objid:2,type:0,xpos:0.000000,ypos:0.000000,xspeed:-4.370000,yspeed:-0.230000,angle:-16.380000,distense:48.400000,rcs:27.000000
timestame:1619469891.821000000,objid:5,type:0,xpos:0.000000,ypos:0.000000,xspeed:-2.970000,yspeed:-0.180000,angle:-18.000000,distense:52.800000,rcs:25.000000
timestame:1619469891.821000000,objid:10,type:0,xpos:0.000000,ypos:0.000000,xspeed:-11.880000,yspeed:7.620000,angle:-2.520000,distense:147.600000,rcs:6.000000
timestame:1619469891.821000000,objid:16,type:0,xpos:0.000000,ypos:0.000000,xspeed:-3.720000,yspeed:-0.250000,angle:-12.730000,distense:60.800000,rcs:23.000000
