timestame:1619470561.523000000,objid:0,type:0,xpos:0.000000,ypos:0.000000,xspeed:5.360000,yspeed:-0.430000,angle:2.560000,distense:199.400000,rcs:6.000000
timestame:1619470561.523000000,objid:1,type:0,xpos:0.000000,ypos:0.000000,xspeed:5.720000,yspeed:-0.280000,angle:4.080000,distense:191.200000,rcs:19.000000
timestame:1619470561.523000000,objid:2,type:0,xpos:0.000000,ypos:0.000000,xspeed:5.320000,yspeed:2.270000,angle:3.100000,distense:206.800000,rcs:13.000000
timestame:1619470561.523000000,objid:3,type:0,xpos:0.000000,ypos:0.000000,xspeed:9.370000,yspeed:0.300000,angle:1.950000,distense:77.200000,rcs:29.000000
