timestame:1619471151.641000000,objid:0,type:0,xpos:0.000000,ypos:0.000000,xspeed:-1.660000,yspeed:10.480000,angle:7.680000,distense:39.800000,rcs:22.000000
timestame:1619471151.641000000,objid:1,type:0,xpos:0.000000,ypos:0.000000,xspeed:-7.740000,yspeed:-0.510000,angle:11.310000,distense:90.600000,rcs:9.000000
timestame:1619471151.641000000,objid:2,type:0,xpos:0.000000,ypos:0.000000,xspeed:-1.190000,yspeed:5.010000,angle:-3.380000,distense:40.600000,rcs:9.000000
