timestame:1619471040.923000000,objid:2,type:0,xpos:0.000000,ypos:0.000000,xspeed:-2.220000,yspeed:-1.300000,angle:-18.000000,distense:36.000000,rcs:15.000000
timestame:1619471040.923000000,objid:6,type:0,xpos:0.000000,ypos:0.000000,xspeed:-3.760000,yspeed:-5.230000,angle:-18.000000,distense:38.400000,rcs:23.000000
timestame:1619471040.923000000,objid:7,type:0,xpos:0.000000,ypos:0.000000,xspeed:-2.040000,yspeed:0.000000,angle:-17.410000,distense:39.000000,rcs:30.000000
timestame:1619471040.923000000,objid:10,type:0,xpos:0.000000,ypos:0.000000,xspeed:-4.660000,yspeed:-13.150000,angle:-18.000000,distense:39.200000,rcs:20.000000
