timestame:1619471452.172000000,objid:3,type:0,xpos:0.000000,ypos:0.000000,xspeed:-2.210000,yspeed:-0.250000,angle:-6.740000,distense:100.600000,rcs:12.000000
timestame:1619471452.172000000,objid:11,type:0,xpos:0.000000,ypos:0.000000,xspeed:-1.430000,yspeed:0.280000,angle:-7.460000,distense:93.400000,rcs:12.000000
timestame:1619471452.172000000,objid:13,type:0,xpos:0.000000,ypos:0.000000,xspeed:-3.870000,yspeed:-0.160000,angle:22.740000,distense:33.800000,rcs:13.000000
