timestame:1619470920.553000000,objid:2,type:0,xpos:0.000000,ypos:0.000000,xspeed:1.040000,yspeed:-0.380000,angle:11.300000,distense:13.000000,rcs:32.000000
timestame:1619470920.553000000,objid:3,type:0,xpos:0.000000,ypos:0.000000,xspeed:-13.440000,yspeed:-1.030000,angle:-4.350000,distense:166.800000,rcs:9.000000
