timestame:1619471551.740000000,objid:7,type:0,xpos:0.000000,ypos:0.000000,xspeed:-2.040000,yspeed:-3.640000,angle:-12.740000,distense:63.200000,rcs:9.000000
timestame:1619471551.740000000,objid:13,type:0,xpos:0.000000,ypos:0.000000,xspeed:3.800000,yspeed:0.790000,angle:21.010000,distense:25.800000,rcs:21.000000
timestame:1619471551.740000000,objid:14,type:0,xpos:0.000000,ypos:0.000000,xspeed:2.640000,yspeed:-5.990000,angle:-8.440000,distense:59.200000,rcs:13.000000
timestame:1619471551.740000000,objid:15,type:0,xpos:0.000000,ypos:0.000000,xspeed:-1.590000,yspeed:-2.750000,angle:-18.000000,distense:35.200000,rcs:29.000000
