timestame:1619471027.655000000,objid:2,type:0,xpos:0.000000,ypos:0.000000,xspeed:6.000000,yspeed:0.210000,angle:19.890000,distense:22.600000,rcs:9.000000
timestame:1619471027.655000000,objid:3,type:0,xpos:0.000000,ypos:0.000000,xspeed:-3.510000,yspeed:-2.330000,angle:-18.000000,distense:28.600000,rcs:6.000000
timestame:1619471027.655000000,objid:5,type:0,xpos:0.000000,ypos:0.000000,xspeed:4.250000,yspeed:1.010000,angle:-13.940000,distense:19.800000,rcs:22.000000
