timestame:1619469953.265000000,objid:4,type:0,xpos:0.000000,ypos:0.000000,xspeed:1.120000,yspeed:-4.960000,angle:-12.420000,distense:58.600000,rcs:25.000000
timestame:1619469953.265000000,objid:8,type:0,xpos:0.000000,ypos:0.000000,xspeed:-1.350000,yspeed:-0.240000,angle:18.580000,distense:44.600000,rcs:31.000000
timestame:1619469953.265000000,objid:13,type:0,xpos:0.000000,ypos:0.000000,xspeed:-6.630000,yspeed:2.620000,angle:-4.140000,distense:40.600000,rcs:6.000000
timestame:1619469953.265000000,objid:14,type:0,xpos:0.000000,ypos:0.000000,xspeed:-3.970000,yspeed:8.970000,angle:-8.900000,distense:39.800000,rcs:19.000000
