timestame:1619470702.689000000,objid:0,type:0,xpos:0.000000,ypos:0.000000,xspeed:4.280000,yspeed:2.410000,angle:21.250000,distense:31.000000,rcs:18.000000
timestame:1619470702.689000000,objid:1,type:0,xpos:0.000000,ypos:0.000000,xspeed:10.270000,yspeed:-0.070000,angle:3.030000,distense:124.800000,rcs:19.000000
timestame:1619470702.689000000,objid:2,type:0,xpos:0.000000,ypos:0.000000,xspeed:-8.720000,yspeed:-0.140000,angle:-13.850000,distense:82.400000,rcs:12.000000
