timestame:1619470705.545000000,objid:0,type:0,xpos:0.000000,ypos:0.000000,xspeed:3.410000,yspeed:3.550000,angle:-11.720000,distense:43.600000,rcs:6.000000
timestame:1619470705.545000000,objid:1,type:0,xpos:0.000000,ypos:0.000000,xspeed:11.560000,yspeed:0.020000,angle:2.410000,distense:158.000000,rcs:16.000000
