timestame:1619469539.495000000,objid:4,type:0,xpos:0.000000,ypos:0.000000,xspeed:17.460000,yspeed:0.150000,angle:1.400000,distense:157.000000,rcs:20.000000
timestame:1619469539.495000000,objid:7,type:0,xpos:0.000000,ypos:0.000000,xspeed:17.280000,yspeed:0.150000,angle:1.160000,distense:164.000000,rcs:9.000000
