timestame:1619470772.368000000,objid:0,type:0,xpos:0.000000,ypos:0.000000,xspeed:-9.970000,yspeed:-0.140000,angle:-6.470000,distense:131.000000,rcs:20.000000
timestame:1619470772.368000000,objid:1,type:0,xpos:0.000000,ypos:0.000000,xspeed:13.790000,yspeed:0.090000,angle:1.510000,distense:121.800000,rcs:13.000000
timestame:1619470772.368000000,objid:3,type:0,xpos:0.000000,ypos:0.000000,xspeed:-8.130000,yspeed:0.630000,angle:-18.000000,distense:49.400000,rcs:6.000000
