timestame:1619470122.242000000,objid:1,type:0,xpos:0.000000,ypos:0.000000,xspeed:8.610000,yspeed:1.960000,angle:18.330000,distense:32.800000,rcs:22.000000
timestame:1619470122.242000000,objid:4,type:0,xpos:0.000000,ypos:0.000000,xspeed:3.360000,yspeed:0.700000,angle:-15.540000,distense:20.800000,rcs:33.000000
timestame:1619470122.242000000,objid:6,type:0,xpos:0.000000,ypos:0.000000,xspeed:5.430000,yspeed:1.250000,angle:20.720000,distense:25.200000,rcs:34.000000
timestame:1619470122.242000000,objid:8,type:0,xpos:0.000000,ypos:0.000000,xspeed:3.960000,yspeed:1.590000,angle:-16.540000,distense:27.400000,rcs:20.000000
