timestame:1619471307.586000000,objid:0,type:0,xpos:0.000000,ypos:0.000000,xspeed:3.630000,yspeed:0.430000,angle:18.040000,distense:27.200000,rcs:18.000000
timestame:1619471307.586000000,objid:2,type:0,xpos:0.000000,ypos:0.000000,xspeed:4.710000,yspeed:1.600000,angle:-17.480000,distense:26.200000,rcs:22.000000
