timestame:1619470228.344000000,objid:1,type:0,xpos:0.000000,ypos:0.000000,xspeed:1.680000,yspeed:-1.690000,angle:-6.610000,distense:42.200000,rcs:40.000000
timestame:1619470228.344000000,objid:2,type:0,xpos:0.000000,ypos:0.000000,xspeed:-1.290000,yspeed:-3.890000,angle:-12.660000,distense:42.000000,rcs:27.000000
timestame:1619470228.344000000,objid:8,type:0,xpos:0.000000,ypos:0.000000,xspeed:-1.690000,yspeed:-2.620000,angle:-16.700000,distense:40.200000,rcs:27.000000
timestame:1619470228.344000000,objid:11,type:0,xpos:0.000000,ypos:0.000000,xspeed:-12.060000,yspeed:-7.100000,angle:-3.700000,distense:181.000000,rcs:9.000000
