timestame:1619469708.603000000,objid:1,type:0,xpos:0.000000,ypos:0.000000,xspeed:10.390000,yspeed:0.340000,angle:-17.180000,distense:44.200000,rcs:27.000000
timestame:1619469708.603000000,objid:3,type:0,xpos:0.000000,ypos:0.000000,xspeed:11.640000,yspeed:-3.920000,angle:7.250000,distense:76.800000,rcs:20.000000
timestame:1619469708.603000000,objid:5,type:0,xpos:0.000000,ypos:0.000000,xspeed:-3.130000,yspeed:-3.360000,angle:-18.000000,distense:35.600000,rcs:12.000000
timestame:1619469708.603000000,objid:7,type:0,xpos:0.000000,ypos:0.000000,xspeed:-4.560000,yspeed:4.600000,angle:-18.000000,distense:37.800000,rcs:34.000000
