timestame:1619471370.059000000,objid:1,type:0,xpos:0.000000,ypos:0.000000,xspeed:8.260000,yspeed:-0.080000,angle:2.590000,distense:141.800000,rcs:9.000000
timestame:1619471370.059000000,objid:7,type:0,xpos:0.000000,ypos:0.000000,xspeed:10.910000,yspeed:0.290000,angle:1.590000,distense:186.800000,rcs:12.000000
