timestame:1619470567.840000000,objid:1,type:0,xpos:0.000000,ypos:0.000000,xspeed:4.030000,yspeed:3.090000,angle:-14.780000,distense:29.200000,rcs:15.000000
timestame:1619470567.840000000,objid:3,type:0,xpos:0.000000,ypos:0.000000,xspeed:15.100000,yspeed:0.080000,angle:1.090000,distense:163.400000,rcs:23.000000
timestame:1619470567.840000000,objid:8,type:0,xpos:0.000000,ypos:0.000000,xspeed:4.000000,yspeed:4.440000,angle:-10.200000,distense:43.400000,rcs:16.000000
