timestame:1619470963.618000000,objid:0,type:0,xpos:0.000000,ypos:0.000000,xspeed:3.680000,yspeed:0.180000,angle:6.650000,distense:50.200000,rcs:37.000000
timestame:1619470963.618000000,objid:6,type:0,xpos:0.000000,ypos:0.000000,xspeed:10.190000,yspeed:0.510000,angle:1.990000,distense:98.400000,rcs:32.000000
timestame:1619470963.618000000,objid:12,type:0,xpos:0.000000,ypos:0.000000,xspeed:3.060000,yspeed:0.030000,angle:5.170000,distense:59.600000,rcs:24.000000
