timestame:1619470871.704000000,objid:1,type:0,xpos:0.000000,ypos:0.000000,xspeed:-8.490000,yspeed:1.780000,angle:-3.380000,distense:142.000000,rcs:9.000000
timestame:1619470871.704000000,objid:3,type:0,xpos:0.000000,ypos:0.000000,xspeed:1.400000,yspeed:-7.360000,angle:-8.350000,distense:51.000000,rcs:6.000000
timestame:1619470871.704000000,objid:4,type:0,xpos:0.000000,ypos:0.000000,xspeed:4.120000,yspeed:0.250000,angle:1.970000,distense:14.400000,rcs:38.000000
