timestame:1619471408.444000000,objid:1,type:0,xpos:0.000000,ypos:0.000000,xspeed:-1.200000,yspeed:-5.070000,angle:-7.470000,distense:42.000000,rcs:40.000000
timestame:1619471408.444000000,objid:5,type:0,xpos:0.000000,ypos:0.000000,xspeed:-1.350000,yspeed:9.050000,angle:-9.000000,distense:43.600000,rcs:6.000000
timestame:1619471408.444000000,objid:7,type:0,xpos:0.000000,ypos:0.000000,xspeed:-1.480000,yspeed:-3.080000,angle:-10.460000,distense:41.000000,rcs:37.000000
timestame:1619471408.444000000,objid:12,type:0,xpos:0.000000,ypos:0.000000,xspeed:-10.320000,yspeed:-0.160000,angle:-3.510000,distense:201.600000,rcs:13.000000
