timestame:1619469783.539000000,objid:2,type:0,xpos:0.000000,ypos:0.000000,xspeed:16.950000,yspeed:-0.010000,angle:1.160000,distense:152.600000,rcs:15.000000
timestame:1619469783.539000000,objid:4,type:0,xpos:0.000000,ypos:0.000000,xspeed:-17.790000,yspeed:-0.620000,angle:-6.100000,distense:141.800000,rcs:12.000000
timestame:1619469783.539000000,objid:5,type:0,xpos:0.000000,ypos:0.000000,xspeed:1.540000,yspeed:3.340000,angle:-3.840000,distense:44.600000,rcs:15.000000
timestame:1619469783.539000000,objid:10,type:0,xpos:0.000000,ypos:0.000000,xspeed:16.600000,yspeed:0.080000,angle:1.180000,distense:139.800000,rcs:26.000000
