timestame:1619470112.429000000,objid:2,type:0,xpos:0.000000,ypos:0.000000,xspeed:6.470000,yspeed:2.110000,angle:18.360000,distense:32.000000,rcs:21.000000
timestame:1619470112.429000000,objid:3,type:0,xpos:0.000000,ypos:0.000000,xspeed:25.010000,yspeed:5.600000,angle:22.160000,distense:29.200000,rcs:15.000000
timestame:1619470112.429000000,objid:7,type:0,xpos:0.000000,ypos:0.000000,xspeed:6.670000,yspeed:1.190000,angle:21.810000,distense:30.200000,rcs:35.000000
