timestame:1619470840.927000000,objid:0,type:0,xpos:0.000000,ypos:0.000000,xspeed:1.120000,yspeed:2.260000,angle:-6.500000,distense:40.800000,rcs:15.000000
timestame:1619470840.927000000,objid:3,type:0,xpos:0.000000,ypos:0.000000,xspeed:2.660000,yspeed:2.620000,angle:-10.840000,distense:42.600000,rcs:6.000000
timestame:1619470840.927000000,objid:7,type:0,xpos:0.000000,ypos:0.000000,xspeed:13.350000,yspeed:0.450000,angle:2.410000,distense:216.400000,rcs:20.000000
