timestame:1619471004.380000000,objid:1,type:0,xpos:0.000000,ypos:0.000000,xspeed:-13.050000,yspeed:-0.710000,angle:-7.030000,distense:125.200000,rcs:20.000000
timestame:1619471004.380000000,objid:4,type:0,xpos:0.000000,ypos:0.000000,xspeed:1.120000,yspeed:0.190000,angle:0.860000,distense:17.800000,rcs:9.000000
timestame:1619471004.380000000,objid:7,type:0,xpos:0.000000,ypos:0.000000,xspeed:17.770000,yspeed:0.000000,angle:8.150000,distense:172.000000,rcs:12.000000
