timestame:1619471221.155000000,objid:0,type:0,xpos:0.000000,ypos:0.000000,xspeed:1.150000,yspeed:0.810000,angle:1.690000,distense:54.200000,rcs:12.000000
timestame:1619471221.155000000,objid:6,type:0,xpos:0.000000,ypos:0.000000,xspeed:3.810000,yspeed:0.110000,angle:2.160000,distense:54.600000,rcs:12.000000
timestame:1619471221.155000000,objid:9,type:0,xpos:0.000000,ypos:0.000000,xspeed:3.800000,yspeed:0.260000,angle:2.840000,distense:35.800000,rcs:46.000000
timestame:1619471221.155000000,objid:10,type:0,xpos:0.000000,ypos:0.000000,xspeed:3.630000,yspeed:0.360000,angle:1.580000,distense:44.600000,rcs:15.000000
