timestame:1619470471.933000000,objid:0,type:0,xpos:0.000000,ypos:0.000000,xspeed:-4.670000,yspeed:6.130000,angle:20.050000,distense:66.800000,rcs:9.000000
timestame:1619470471.933000000,objid:1,type:0,xpos:0.000000,ypos:0.000000,xspeed:-18.730000,yspeed:2.030000,angle:-3.700000,distense:170.600000,rcs:15.000000
