timestame:1619469570.190000000,objid:2,type:0,xpos:0.000000,ypos:0.000000,xspeed:-2.670000,yspeed:-4.560000,angle:-18.000000,distense:33.600000,rcs:22.000000
timestame:1619469570.190000000,objid:11,type:0,xpos:0.000000,ypos:0.000000,xspeed:-3.210000,yspeed:-3.800000,angle:-18.000000,distense:30.800000,rcs:16.000000
timestame:1619469570.190000000,objid:13,type:0,xpos:0.000000,ypos:0.000000,xspeed:-8.090000,yspeed:-0.770000,angle:-4.970000,distense:164.000000,rcs:13.000000
timestame:1619469570.190000000,objid:17,type:0,xpos:0.000000,ypos:0.000000,xspeed:-6.720000,yspeed:-6.380000,angle:-18.000000,distense:35.800000,rcs:6.000000
