timestame:1619470125.519000000,objid:3,type:0,xpos:0.000000,ypos:0.000000,xspeed:-7.480000,yspeed:-0.740000,angle:13.470000,distense:32.800000,rcs:21.000000
timestame:1619470125.519000000,objid:4,type:0,xpos:0.000000,ypos:0.000000,xspeed:4.160000,yspeed:2.020000,angle:-16.980000,distense:35.000000,rcs:24.000000
timestame:1619470125.519000000,objid:6,type:0,xpos:0.000000,ypos:0.000000,xspeed:3.780000,yspeed:3.510000,angle:-12.200000,distense:40.800000,rcs:19.000000
