timestame:1619469553.650000000,objid:2,type:0,xpos:0.000000,ypos:0.000000,xspeed:-2.890000,yspeed:3.100000,angle:-18.000000,distense:45.600000,rcs:9.000000
timestame:1619469553.650000000,objid:3,type:0,xpos:0.000000,ypos:0.000000,xspeed:-1.270000,yspeed:1.370000,angle:-18.000000,distense:51.200000,rcs:9.000000
