timestame:1619471375.410000000,objid:0,type:0,xpos:0.000000,ypos:0.000000,xspeed:8.880000,yspeed:7.530000,angle:2.450000,distense:200.800000,rcs:9.000000
timestame:1619471375.410000000,objid:1,type:0,xpos:0.000000,ypos:0.000000,xspeed:10.000000,yspeed:0.210000,angle:2.250000,distense:194.200000,rcs:29.000000
