timestame:1619471460.377000000,objid:1,type:0,xpos:0.000000,ypos:0.000000,xspeed:-7.830000,yspeed:-3.810000,angle:-5.140000,distense:127.200000,rcs:16.000000
timestame:1619471460.377000000,objid:3,type:0,xpos:0.000000,ypos:0.000000,xspeed:-8.190000,yspeed:-3.090000,angle:-4.480000,distense:195.800000,rcs:16.000000
