timestame:1619470479.585000000,objid:0,type:0,xpos:0.000000,ypos:0.000000,xspeed:-7.390000,yspeed:-0.330000,angle:-6.890000,distense:98.800000,rcs:24.000000
timestame:1619470479.585000000,objid:1,type:0,xpos:0.000000,ypos:0.000000,xspeed:-4.820000,yspeed:0.910000,angle:-6.410000,distense:102.000000,rcs:23.000000
timestame:1619470479.585000000,objid:2,type:0,xpos:0.000000,ypos:0.000000,xspeed:1.750000,yspeed:-0.550000,angle:11.620000,distense:78.600000,rcs:6.000000
