timestame:1619470125.147000000,objid:1,type:0,xpos:0.000000,ypos:0.000000,xspeed:4.250000,yspeed:3.890000,angle:-15.300000,distense:41.600000,rcs:12.000000
timestame:1619470125.147000000,objid:3,type:0,xpos:0.000000,ypos:0.000000,xspeed:-7.630000,yspeed:-1.050000,angle:12.640000,distense:35.200000,rcs:20.000000
timestame:1619470125.147000000,objid:4,type:0,xpos:0.000000,ypos:0.000000,xspeed:4.100000,yspeed:1.670000,angle:-17.690000,distense:33.000000,rcs:16.000000
timestame:1619470125.147000000,objid:6,type:0,xpos:0.000000,ypos:0.000000,xspeed:4.100000,yspeed:3.130000,angle:-13.900000,distense:39.200000,rcs:22.000000
