timestame:1619470124.962000000,objid:1,type:0,xpos:0.000000,ypos:0.000000,xspeed:4.250000,yspeed:3.890000,angle:-15.720000,distense:40.600000,rcs:12.000000
timestame:1619470124.962000000,objid:3,type:0,xpos:0.000000,ypos:0.000000,xspeed:-6.870000,yspeed:-2.020000,angle:11.510000,distense:37.200000,rcs:16.000000
timestame:1619470124.962000000,objid:4,type:0,xpos:0.000000,ypos:0.000000,xspeed:4.030000,yspeed:1.490000,angle:-17.990000,distense:32.000000,rcs:26.000000
timestame:1619470124.962000000,objid:6,type:0,xpos:0.000000,ypos:0.000000,xspeed:4.070000,yspeed:3.070000,angle:-14.210000,distense:38.200000,rcs:25.000000
