timestame:1619470610.923000000,objid:2,type:0,xpos:0.000000,ypos:0.000000,xspeed:-1.250000,yspeed:8.460000,angle:-18.000000,distense:52.200000,rcs:13.000000
timestame:1619470610.923000000,objid:3,type:0,xpos:0.000000,ypos:0.000000,xspeed:1.340000,yspeed:6.330000,angle:-12.820000,distense:32.800000,rcs:15.000000
timestame:1619470610.923000000,objid:4,type:0,xpos:0.000000,ypos:0.000000,xspeed:6.300000,yspeed:-3.700000,angle:22.250000,distense:30.800000,rcs:13.000000
