timestame:1619471194.012000000,objid:2,type:0,xpos:0.000000,ypos:0.000000,xspeed:-2.110000,yspeed:-2.390000,angle:-18.000000,distense:38.000000,rcs:16.000000
timestame:1619471194.012000000,objid:11,type:0,xpos:0.000000,ypos:0.000000,xspeed:1.890000,yspeed:2.080000,angle:-18.000000,distense:40.800000,rcs:28.000000
timestame:1619471194.012000000,objid:15,type:0,xpos:0.000000,ypos:0.000000,xspeed:-2.780000,yspeed:-2.460000,angle:-18.000000,distense:37.400000,rcs:18.000000
timestame:1619471194.012000000,objid:17,type:0,xpos:0.000000,ypos:0.000000,xspeed:7.680000,yspeed:0.430000,angle:4.000000,distense:95.000000,rcs:35.000000
