timestame:1619471235.654000000,objid:0,type:0,xpos:0.000000,ypos:0.000000,xspeed:8.000000,yspeed:0.090000,angle:1.420000,distense:138.800000,rcs:12.000000
timestame:1619471235.654000000,objid:9,type:0,xpos:0.000000,ypos:0.000000,xspeed:7.750000,yspeed:0.140000,angle:1.530000,distense:128.800000,rcs:24.000000
