timestame:1619471097.821000000,objid:2,type:0,xpos:0.000000,ypos:0.000000,xspeed:8.860000,yspeed:0.040000,angle:1.260000,distense:104.400000,rcs:27.000000
timestame:1619471097.821000000,objid:3,type:0,xpos:0.000000,ypos:0.000000,xspeed:-17.660000,yspeed:-1.110000,angle:-15.450000,distense:50.800000,rcs:29.000000
