timestame:1619471268.728000000,objid:0,type:0,xpos:0.000000,ypos:0.000000,xspeed:13.650000,yspeed:0.370000,angle:2.420000,distense:213.800000,rcs:12.000000
timestame:1619471268.728000000,objid:2,type:0,xpos:0.000000,ypos:0.000000,xspeed:13.670000,yspeed:0.100000,angle:2.040000,distense:189.800000,rcs:15.000000
timestame:1619471268.728000000,objid:6,type:0,xpos:0.000000,ypos:0.000000,xspeed:13.540000,yspeed:0.090000,angle:1.950000,distense:201.400000,rcs:6.000000
timestame:1619471268.728000000,objid:10,type:0,xpos:0.000000,ypos:0.000000,xspeed:13.640000,yspeed:0.070000,angle:2.020000,distense:177.200000,rcs:21.000000
