timestame:1619470979.783000000,objid:0,type:0,xpos:0.000000,ypos:0.000000,xspeed:7.410000,yspeed:-0.120000,angle:2.260000,distense:148.600000,rcs:24.000000
timestame:1619470979.783000000,objid:1,type:0,xpos:0.000000,ypos:0.000000,xspeed:-13.920000,yspeed:-0.620000,angle:-4.160000,distense:147.200000,rcs:20.000000
timestame:1619470979.783000000,objid:4,type:0,xpos:0.000000,ypos:0.000000,xspeed:-17.780000,yspeed:0.000000,angle:-18.000000,distense:53.600000,rcs:28.000000
