timestame:1619470344.309000000,objid:6,type:0,xpos:0.000000,ypos:0.000000,xspeed:-1.660000,yspeed:4.920000,angle:-11.370000,distense:34.400000,rcs:15.000000
timestame:1619470344.309000000,objid:9,type:0,xpos:0.000000,ypos:0.000000,xspeed:-6.530000,yspeed:-7.020000,angle:-4.160000,distense:119.800000,rcs:15.000000
