timestame:1619471402.407000000,objid:0,type:0,xpos:0.000000,ypos:0.000000,xspeed:-2.160000,yspeed:4.490000,angle:-14.250000,distense:43.000000,rcs:6.000000
timestame:1619471402.407000000,objid:6,type:0,xpos:0.000000,ypos:0.000000,xspeed:10.010000,yspeed:5.340000,angle:-10.160000,distense:51.800000,rcs:15.000000
timestame:1619471402.407000000,objid:8,type:0,xpos:0.000000,ypos:0.000000,xspeed:-8.610000,yspeed:0.860000,angle:-16.520000,distense:105.000000,rcs:12.000000
