timestame:1619469946.006000000,objid:2,type:0,xpos:0.000000,ypos:0.000000,xspeed:1.110000,yspeed:-2.740000,angle:-8.490000,distense:49.200000,rcs:23.000000
timestame:1619469946.006000000,objid:3,type:0,xpos:0.000000,ypos:0.000000,xspeed:1.890000,yspeed:-0.070000,angle:-0.230000,distense:16.000000,rcs:19.000000
