timestame:1619470125.458000000,objid:3,type:0,xpos:0.000000,ypos:0.000000,xspeed:-7.410000,yspeed:-0.810000,angle:13.230000,distense:33.200000,rcs:20.000000
timestame:1619470125.458000000,objid:4,type:0,xpos:0.000000,ypos:0.000000,xspeed:4.150000,yspeed:1.980000,angle:-17.060000,distense:34.800000,rcs:26.000000
timestame:1619470125.458000000,objid:6,type:0,xpos:0.000000,ypos:0.000000,xspeed:3.840000,yspeed:3.460000,angle:-12.460000,distense:40.600000,rcs:18.000000
