timestame:1619469976.332000000,objid:2,type:0,xpos:0.000000,ypos:0.000000,xspeed:-1.350000,yspeed:-1.000000,angle:-18.000000,distense:32.200000,rcs:16.000000
timestame:1619469976.332000000,objid:4,type:0,xpos:0.000000,ypos:0.000000,xspeed:2.260000,yspeed:-2.840000,angle:6.030000,distense:44.200000,rcs:21.000000
timestame:1619469976.332000000,objid:6,type:0,xpos:0.000000,ypos:0.000000,xspeed:-1.790000,yspeed:-2.500000,angle:-18.000000,distense:34.400000,rcs:19.000000
timestame:1619469976.332000000,objid:7,type:0,xpos:0.000000,ypos:0.000000,xspeed:-3.860000,yspeed:-4.390000,angle:-18.000000,distense:34.800000,rcs:21.000000
