timestame:1619469891.324000000,objid:2,type:0,xpos:0.000000,ypos:0.000000,xspeed:-4.200000,yspeed:-0.010000,angle:-15.120000,distense:50.600000,rcs:19.000000
timestame:1619469891.324000000,objid:5,type:0,xpos:0.000000,ypos:0.000000,xspeed:-2.950000,yspeed:-0.080000,angle:-18.000000,distense:54.200000,rcs:22.000000
timestame:1619469891.324000000,objid:10,type:0,xpos:0.000000,ypos:0.000000,xspeed:-14.360000,yspeed:2.380000,angle:-4.090000,distense:153.000000,rcs:6.000000
timestame:1619469891.324000000,objid:16,type:0,xpos:0.000000,ypos:0.000000,xspeed:-3.750000,yspeed:-0.020000,angle:-11.930000,distense:62.400000,rcs:25.000000
