timestame:1619471036.338000000,objid:2,type:0,xpos:0.000000,ypos:0.000000,xspeed:-2.050000,yspeed:-3.650000,angle:-14.720000,distense:42.400000,rcs:24.000000
timestame:1619471036.338000000,objid:3,type:0,xpos:0.000000,ypos:0.000000,xspeed:1.820000,yspeed:-3.130000,angle:-16.950000,distense:48.200000,rcs:18.000000
timestame:1619471036.338000000,objid:7,type:0,xpos:0.000000,ypos:0.000000,xspeed:-1.680000,yspeed:-8.020000,angle:-8.070000,distense:76.200000,rcs:6.000000
timestame:1619471036.338000000,objid:8,type:0,xpos:0.000000,ypos:0.000000,xspeed:-2.280000,yspeed:-0.670000,angle:-18.000000,distense:32.000000,rcs:6.000000
