timestame:1619470202.905000000,objid:0,type:0,xpos:0.000000,ypos:0.000000,xspeed:1.480000,yspeed:-1.750000,angle:4.980000,distense:142.800000,rcs:26.000000
timestame:1619470202.905000000,objid:1,type:0,xpos:0.000000,ypos:0.000000,xspeed:3.090000,yspeed:0.000000,angle:6.120000,distense:163.600000,rcs:9.000000
