timestame:1619470477.893000000,objid:0,type:0,xpos:0.000000,ypos:0.000000,xspeed:-9.450000,yspeed:-0.780000,angle:-6.130000,distense:109.600000,rcs:22.000000
timestame:1619470477.893000000,objid:2,type:0,xpos:0.000000,ypos:0.000000,xspeed:1.420000,yspeed:-0.390000,angle:12.840000,distense:75.600000,rcs:6.000000
timestame:1619470477.893000000,objid:3,type:0,xpos:0.000000,ypos:0.000000,xspeed:-1.130000,yspeed:5.440000,angle:-9.530000,distense:47.600000,rcs:18.000000
