timestame:1619470692.968000000,objid:1,type:0,xpos:0.000000,ypos:0.000000,xspeed:4.250000,yspeed:0.040000,angle:6.240000,distense:41.200000,rcs:9.000000
timestame:1619470692.968000000,objid:2,type:0,xpos:0.000000,ypos:0.000000,xspeed:-3.130000,yspeed:-0.470000,angle:-18.000000,distense:34.400000,rcs:6.000000
