timestame:1619471092.553000000,objid:1,type:0,xpos:0.000000,ypos:0.000000,xspeed:12.100000,yspeed:-0.170000,angle:3.510000,distense:77.800000,rcs:20.000000
timestame:1619471092.553000000,objid:2,type:0,xpos:0.000000,ypos:0.000000,xspeed:6.840000,yspeed:0.290000,angle:2.310000,distense:59.800000,rcs:46.000000
timestame:1619471092.553000000,objid:5,type:0,xpos:0.000000,ypos:0.000000,xspeed:12.620000,yspeed:-0.100000,angle:1.360000,distense:128.400000,rcs:12.000000
