timestame:1619470007.932000000,objid:1,type:0,xpos:0.000000,ypos:0.000000,xspeed:-19.820000,yspeed:0.000000,angle:-3.190000,distense:36.600000,rcs:36.000000
timestame:1619470007.932000000,objid:2,type:0,xpos:0.000000,ypos:0.000000,xspeed:-1.330000,yspeed:-2.050000,angle:-18.000000,distense:33.800000,rcs:26.000000
timestame:1619470007.932000000,objid:9,type:0,xpos:0.000000,ypos:0.000000,xspeed:-2.250000,yspeed:-2.770000,angle:-18.000000,distense:33.600000,rcs:9.000000
timestame:1619470007.932000000,objid:11,type:0,xpos:0.000000,ypos:0.000000,xspeed:-2.770000,yspeed:-1.710000,angle:-18.000000,distense:30.600000,rcs:6.000000
