timestame:1619471093.666000000,objid:1,type:0,xpos:0.000000,ypos:0.000000,xspeed:12.660000,yspeed:-0.190000,angle:2.760000,distense:93.000000,rcs:6.000000
timestame:1619471093.666000000,objid:2,type:0,xpos:0.000000,ypos:0.000000,xspeed:7.280000,yspeed:0.200000,angle:2.120000,distense:68.800000,rcs:43.000000
timestame:1619471093.666000000,objid:5,type:0,xpos:0.000000,ypos:0.000000,xspeed:13.310000,yspeed:0.070000,angle:1.380000,distense:144.400000,rcs:6.000000
