timestame:1619470648.807000000,objid:4,type:0,xpos:0.000000,ypos:0.000000,xspeed:-1.910000,yspeed:-2.540000,angle:-18.000000,distense:39.600000,rcs:18.000000
timestame:1619470648.807000000,objid:9,type:0,xpos:0.000000,ypos:0.000000,xspeed:-1.740000,yspeed:-3.620000,angle:-16.780000,distense:40.600000,rcs:26.000000
timestame:1619470648.807000000,objid:15,type:0,xpos:0.000000,ypos:0.000000,xspeed:-2.580000,yspeed:-5.340000,angle:-4.000000,distense:67.200000,rcs:19.000000
