timestame:1619471313.241000000,objid:1,type:0,xpos:0.000000,ypos:0.000000,xspeed:-15.090000,yspeed:-4.030000,angle:-3.580000,distense:177.200000,rcs:13.000000
timestame:1619471313.241000000,objid:2,type:0,xpos:0.000000,ypos:0.000000,xspeed:1.820000,yspeed:4.070000,angle:-6.530000,distense:46.600000,rcs:6.000000
timestame:1619471313.241000000,objid:3,type:0,xpos:0.000000,ypos:0.000000,xspeed:2.990000,yspeed:3.700000,angle:-10.250000,distense:41.800000,rcs:6.000000
timestame:1619471313.241000000,objid:4,type:0,xpos:0.000000,ypos:0.000000,xspeed:-1.090000,yspeed:5.150000,angle:8.050000,distense:36.800000,rcs:28.000000
