timestame:1619469920.542000000,objid:1,type:0,xpos:0.000000,ypos:0.000000,xspeed:5.780000,yspeed:-0.090000,angle:1.160000,distense:132.600000,rcs:13.000000
timestame:1619469920.542000000,objid:8,type:0,xpos:0.000000,ypos:0.000000,xspeed:5.760000,yspeed:0.130000,angle:1.540000,distense:125.800000,rcs:16.000000
