timestame:1619469762.383000000,objid:3,type:0,xpos:0.000000,ypos:0.000000,xspeed:5.030000,yspeed:0.760000,angle:19.690000,distense:22.600000,rcs:19.000000
timestame:1619469762.383000000,objid:5,type:0,xpos:0.000000,ypos:0.000000,xspeed:-18.340000,yspeed:-0.060000,angle:-13.760000,distense:70.600000,rcs:20.000000
timestame:1619469762.383000000,objid:6,type:0,xpos:0.000000,ypos:0.000000,xspeed:3.840000,yspeed:1.670000,angle:-15.210000,distense:18.600000,rcs:15.000000
