timestame:1619470087.112000000,objid:5,type:0,xpos:0.000000,ypos:0.000000,xspeed:2.500000,yspeed:-11.540000,angle:-18.000000,distense:62.600000,rcs:13.000000
timestame:1619470087.112000000,objid:6,type:0,xpos:0.000000,ypos:0.000000,xspeed:1.660000,yspeed:-5.230000,angle:8.370000,distense:49.600000,rcs:6.000000
timestame:1619470087.112000000,objid:11,type:0,xpos:0.000000,ypos:0.000000,xspeed:1.010000,yspeed:-7.250000,angle:6.460000,distense:48.800000,rcs:16.000000
