timestame:1619470776.473000000,objid:0,type:0,xpos:0.000000,ypos:0.000000,xspeed:19.090000,yspeed:2.100000,angle:1.520000,distense:199.200000,rcs:15.000000
timestame:1619470776.473000000,objid:1,type:0,xpos:0.000000,ypos:0.000000,xspeed:-7.380000,yspeed:-1.200000,angle:-9.270000,distense:102.400000,rcs:15.000000
