timestame:1619471091.114000000,objid:1,type:0,xpos:0.000000,ypos:0.000000,xspeed:10.830000,yspeed:0.330000,angle:5.330000,distense:58.800000,rcs:25.000000
timestame:1619471091.114000000,objid:2,type:0,xpos:0.000000,ypos:0.000000,xspeed:6.170000,yspeed:0.300000,angle:2.270000,distense:49.200000,rcs:36.000000
timestame:1619471091.114000000,objid:4,type:0,xpos:0.000000,ypos:0.000000,xspeed:-21.960000,yspeed:-0.910000,angle:-18.000000,distense:28.000000,rcs:12.000000
timestame:1619471091.114000000,objid:5,type:0,xpos:0.000000,ypos:0.000000,xspeed:11.670000,yspeed:1.070000,angle:2.060000,distense:109.800000,rcs:13.000000
