timestame:1619470070.592000000,objid:0,type:0,xpos:0.000000,ypos:0.000000,xspeed:3.590000,yspeed:6.350000,angle:-4.070000,distense:48.200000,rcs:6.000000
timestame:1619470070.592000000,objid:3,type:0,xpos:0.000000,ypos:0.000000,xspeed:-1.790000,yspeed:2.680000,angle:9.730000,distense:49.800000,rcs:41.000000
timestame:1619470070.592000000,objid:4,type:0,xpos:0.000000,ypos:0.000000,xspeed:-2.050000,yspeed:3.010000,angle:13.990000,distense:44.400000,rcs:20.000000
timestame:1619470070.592000000,objid:8,type:0,xpos:0.000000,ypos:0.000000,xspeed:3.070000,yspeed:1.890000,angle:-15.740000,distense:33.400000,rcs:26.000000
