timestame:1619470775.295000000,objid:0,type:0,xpos:0.000000,ypos:0.000000,xspeed:19.220000,yspeed:0.000000,angle:0.700000,distense:176.600000,rcs:15.000000
timestame:1619470775.295000000,objid:1,type:0,xpos:0.000000,ypos:0.000000,xspeed:-8.200000,yspeed:-1.770000,angle:-8.050000,distense:110.200000,rcs:15.000000
