timestame:1619470142.467000000,objid:0,type:0,xpos:0.000000,ypos:0.000000,xspeed:4.530000,yspeed:1.210000,angle:-17.590000,distense:23.400000,rcs:13.000000
timestame:1619470142.467000000,objid:1,type:0,xpos:0.000000,ypos:0.000000,xspeed:1.730000,yspeed:-0.210000,angle:14.160000,distense:29.200000,rcs:6.000000
timestame:1619470142.467000000,objid:3,type:0,xpos:0.000000,ypos:0.000000,xspeed:14.270000,yspeed:0.000000,angle:15.470000,distense:27.800000,rcs:12.000000
