timestame:1619469997.395000000,objid:9,type:0,xpos:0.000000,ypos:0.000000,xspeed:1.590000,yspeed:-2.250000,angle:20.430000,distense:45.400000,rcs:20.000000
timestame:1619469997.395000000,objid:10,type:0,xpos:0.000000,ypos:0.000000,xspeed:-1.150000,yspeed:-3.560000,angle:-18.000000,distense:37.200000,rcs:28.000000
timestame:1619469997.395000000,objid:11,type:0,xpos:0.000000,ypos:0.000000,xspeed:-1.150000,yspeed:-0.920000,angle:-18.000000,distense:34.200000,rcs:27.000000
timestame:1619469997.395000000,objid:15,type:0,xpos:0.000000,ypos:0.000000,xspeed:-1.190000,yspeed:-2.520000,angle:-18.000000,distense:35.800000,rcs:24.000000
