timestame:1619470027.444000000,objid:1,type:0,xpos:0.000000,ypos:0.000000,xspeed:4.320000,yspeed:0.750000,angle:1.160000,distense:19.000000,rcs:32.000000
timestame:1619470027.444000000,objid:2,type:0,xpos:0.000000,ypos:0.000000,xspeed:5.960000,yspeed:0.420000,angle:2.650000,distense:34.000000,rcs:32.000000
