timestame:1619470082.523000000,objid:4,type:0,xpos:0.000000,ypos:0.000000,xspeed:2.290000,yspeed:-9.140000,angle:-7.930000,distense:52.800000,rcs:19.000000
timestame:1619470082.523000000,objid:5,type:0,xpos:0.000000,ypos:0.000000,xspeed:1.920000,yspeed:-8.350000,angle:-4.830000,distense:51.400000,rcs:19.000000
timestame:1619470082.523000000,objid:7,type:0,xpos:0.000000,ypos:0.000000,xspeed:2.410000,yspeed:-6.580000,angle:-9.390000,distense:47.600000,rcs:18.000000
