timestame:1619471092.985000000,objid:1,type:0,xpos:0.000000,ypos:0.000000,xspeed:12.440000,yspeed:-0.240000,angle:3.110000,distense:83.400000,rcs:15.000000
timestame:1619471092.985000000,objid:2,type:0,xpos:0.000000,ypos:0.000000,xspeed:7.000000,yspeed:0.290000,angle:2.310000,distense:63.000000,rcs:38.000000
timestame:1619471092.985000000,objid:5,type:0,xpos:0.000000,ypos:0.000000,xspeed:12.820000,yspeed:0.270000,angle:1.620000,distense:134.200000,rcs:9.000000
