timestame:1619470215.194000000,objid:7,type:0,xpos:0.000000,ypos:0.000000,xspeed:-2.810000,yspeed:7.490000,angle:-9.830000,distense:44.200000,rcs:18.000000
timestame:1619470215.194000000,objid:9,type:0,xpos:0.000000,ypos:0.000000,xspeed:-1.550000,yspeed:9.970000,angle:-17.630000,distense:40.000000,rcs:9.000000
timestame:1619470215.194000000,objid:10,type:0,xpos:0.000000,ypos:0.000000,xspeed:-1.410000,yspeed:-2.560000,angle:9.690000,distense:105.200000,rcs:12.000000
