timestame:1619469540.542000000,objid:4,type:0,xpos:0.000000,ypos:0.000000,xspeed:17.770000,yspeed:0.080000,angle:1.240000,distense:175.600000,rcs:24.000000
timestame:1619469540.542000000,objid:7,type:0,xpos:0.000000,ypos:0.000000,xspeed:17.580000,yspeed:0.090000,angle:1.030000,distense:182.400000,rcs:6.000000
