timestame:1619471003.271000000,objid:1,type:0,xpos:0.000000,ypos:0.000000,xspeed:-13.450000,yspeed:-0.690000,angle:-5.960000,distense:139.400000,rcs:19.000000
timestame:1619471003.271000000,objid:3,type:0,xpos:0.000000,ypos:0.000000,xspeed:1.060000,yspeed:-2.690000,angle:-16.510000,distense:46.400000,rcs:25.000000
timestame:1619471003.271000000,objid:4,type:0,xpos:0.000000,ypos:0.000000,xspeed:1.660000,yspeed:-0.010000,angle:-0.540000,distense:17.200000,rcs:18.000000
