timestame:1619469821.367000000,objid:1,type:0,xpos:0.000000,ypos:0.000000,xspeed:1.140000,yspeed:-6.830000,angle:-18.000000,distense:62.800000,rcs:6.000000
timestame:1619469821.367000000,objid:4,type:0,xpos:0.000000,ypos:0.000000,xspeed:-1.490000,yspeed:11.730000,angle:22.510000,distense:40.800000,rcs:15.000000
timestame:1619469821.367000000,objid:11,type:0,xpos:0.000000,ypos:0.000000,xspeed:-5.360000,yspeed:-0.310000,angle:-6.060000,distense:141.800000,rcs:18.000000
timestame:1619469821.367000000,objid:16,type:0,xpos:0.000000,ypos:0.000000,xspeed:-2.810000,yspeed:9.650000,angle:19.990000,distense:44.400000,rcs:15.000000
