timestame:1619470692.598000000,objid:1,type:0,xpos:0.000000,ypos:0.000000,xspeed:4.030000,yspeed:0.050000,angle:6.530000,distense:39.000000,rcs:34.000000
timestame:1619470692.598000000,objid:2,type:0,xpos:0.000000,ypos:0.000000,xspeed:-3.130000,yspeed:-0.470000,angle:-18.000000,distense:35.400000,rcs:6.000000
timestame:1619470692.598000000,objid:3,type:0,xpos:0.000000,ypos:0.000000,xspeed:-8.860000,yspeed:-0.790000,angle:-18.000000,distense:25.400000,rcs:6.000000
