timestame:1619470481.887000000,objid:0,type:0,xpos:0.000000,ypos:0.000000,xspeed:-3.940000,yspeed:-2.440000,angle:17.100000,distense:44.800000,rcs:28.000000
timestame:1619470481.887000000,objid:1,type:0,xpos:0.000000,ypos:0.000000,xspeed:-4.770000,yspeed:-0.060000,angle:-7.410000,distense:90.400000,rcs:22.000000
timestame:1619470481.887000000,objid:2,type:0,xpos:0.000000,ypos:0.000000,xspeed:1.680000,yspeed:-0.200000,angle:10.990000,distense:82.400000,rcs:9.000000
timestame:1619470481.887000000,objid:6,type:0,xpos:0.000000,ypos:0.000000,xspeed:-5.360000,yspeed:-0.890000,angle:-6.990000,distense:96.400000,rcs:18.000000
