timestame:1619470992.025000000,objid:3,type:0,xpos:0.000000,ypos:0.000000,xspeed:5.330000,yspeed:-0.140000,angle:6.500000,distense:112.400000,rcs:6.000000
timestame:1619470992.025000000,objid:4,type:0,xpos:0.000000,ypos:0.000000,xspeed:-13.710000,yspeed:-0.630000,angle:-18.000000,distense:30.400000,rcs:12.000000
