timestame:1619470448.544000000,objid:0,type:0,xpos:0.000000,ypos:0.000000,xspeed:18.630000,yspeed:0.580000,angle:1.250000,distense:211.600000,rcs:6.000000
timestame:1619470448.544000000,objid:1,type:0,xpos:0.000000,ypos:0.000000,xspeed:-5.540000,yspeed:-2.380000,angle:4.950000,distense:172.800000,rcs:6.000000
timestame:1619470448.544000000,objid:2,type:0,xpos:0.000000,ypos:0.000000,xspeed:4.710000,yspeed:-0.240000,angle:6.060000,distense:112.000000,rcs:12.000000
