timestame:1619470940.480000000,objid:1,type:0,xpos:0.000000,ypos:0.000000,xspeed:-3.900000,yspeed:0.440000,angle:-13.600000,distense:66.000000,rcs:24.000000
timestame:1619470940.480000000,objid:5,type:0,xpos:0.000000,ypos:0.000000,xspeed:-7.410000,yspeed:0.900000,angle:-14.160000,distense:68.800000,rcs:24.000000
timestame:1619470940.480000000,objid:10,type:0,xpos:0.000000,ypos:0.000000,xspeed:-3.960000,yspeed:0.210000,angle:-10.760000,distense:67.000000,rcs:20.000000
