timestame:1619470736.363000000,objid:0,type:0,xpos:0.000000,ypos:0.000000,xspeed:-19.230000,yspeed:-6.290000,angle:-4.400000,distense:176.400000,rcs:6.000000
timestame:1619470736.363000000,objid:1,type:0,xpos:0.000000,ypos:0.000000,xspeed:12.030000,yspeed:-0.150000,angle:1.400000,distense:103.200000,rcs:12.000000
timestame:1619470736.363000000,objid:2,type:0,xpos:0.000000,ypos:0.000000,xspeed:2.330000,yspeed:-3.310000,angle:-6.470000,distense:50.800000,rcs:15.000000
timestame:1619470736.363000000,objid:6,type:0,xpos:0.000000,ypos:0.000000,xspeed:12.060000,yspeed:0.150000,angle:1.750000,distense:92.400000,rcs:34.000000
