timestame:1619470079.543000000,objid:0,type:0,xpos:0.000000,ypos:0.000000,xspeed:1.290000,yspeed:-3.620000,angle:20.330000,distense:49.800000,rcs:19.000000
timestame:1619470079.543000000,objid:4,type:0,xpos:0.000000,ypos:0.000000,xspeed:-6.750000,yspeed:5.950000,angle:1.470000,distense:48.400000,rcs:6.000000
