timestame:1619469646.848000000,objid:2,type:0,xpos:0.000000,ypos:0.000000,xspeed:12.770000,yspeed:0.610000,angle:4.880000,distense:89.000000,rcs:28.000000
timestame:1619469646.848000000,objid:13,type:0,xpos:0.000000,ypos:0.000000,xspeed:15.210000,yspeed:0.700000,angle:2.390000,distense:148.200000,rcs:33.000000
timestame:1619469646.848000000,objid:14,type:0,xpos:0.000000,ypos:0.000000,xspeed:12.870000,yspeed:0.400000,angle:4.780000,distense:86.000000,rcs:32.000000
