timestame:1619469947.117000000,objid:3,type:0,xpos:0.000000,ypos:0.000000,xspeed:1.690000,yspeed:0.240000,angle:1.200000,distense:17.800000,rcs:25.000000
timestame:1619469947.117000000,objid:4,type:0,xpos:0.000000,ypos:0.000000,xspeed:-3.410000,yspeed:-11.080000,angle:13.620000,distense:49.200000,rcs:12.000000
timestame:1619469947.117000000,objid:5,type:0,xpos:0.000000,ypos:0.000000,xspeed:-6.740000,yspeed:-12.260000,angle:-18.000000,distense:56.400000,rcs:6.000000
