timestame:1619470737.595000000,objid:0,type:0,xpos:0.000000,ypos:0.000000,xspeed:-20.790000,yspeed:-4.570000,angle:-4.400000,distense:153.400000,rcs:6.000000
timestame:1619470737.595000000,objid:1,type:0,xpos:0.000000,ypos:0.000000,xspeed:11.890000,yspeed:-0.070000,angle:1.260000,distense:117.400000,rcs:12.000000
timestame:1619470737.595000000,objid:6,type:0,xpos:0.000000,ypos:0.000000,xspeed:12.070000,yspeed:0.010000,angle:1.410000,distense:107.000000,rcs:15.000000
