timestame:1619469755.353000000,objid:3,type:0,xpos:0.000000,ypos:0.000000,xspeed:6.280000,yspeed:1.140000,angle:22.100000,distense:27.400000,rcs:35.000000
timestame:1619469755.353000000,objid:5,type:0,xpos:0.000000,ypos:0.000000,xspeed:6.080000,yspeed:0.620000,angle:18.490000,distense:29.600000,rcs:24.000000
