timestame:1619470105.790000000,objid:1,type:0,xpos:0.000000,ypos:0.000000,xspeed:6.610000,yspeed:-0.170000,angle:20.240000,distense:29.200000,rcs:28.000000
timestame:1619470105.790000000,objid:9,type:0,xpos:0.000000,ypos:0.000000,xspeed:3.900000,yspeed:2.430000,angle:-15.930000,distense:27.200000,rcs:30.000000
