timestame:1619471182.438000000,objid:8,type:0,xpos:0.000000,ypos:0.000000,xspeed:4.490000,yspeed:2.250000,angle:-9.180000,distense:43.000000,rcs:12.000000
timestame:1619471182.438000000,objid:10,type:0,xpos:0.000000,ypos:0.000000,xspeed:-6.090000,yspeed:1.110000,angle:-7.090000,distense:117.000000,rcs:15.000000
timestame:1619471182.438000000,objid:13,type:0,xpos:0.000000,ypos:0.000000,xspeed:-3.730000,yspeed:-0.090000,angle:-10.350000,distense:88.000000,rcs:18.000000
timestame:1619471182.438000000,objid:16,type:0,xpos:0.000000,ypos:0.000000,xspeed:1.950000,yspeed:3.920000,angle:-5.090000,distense:44.000000,rcs:12.000000
