timestame:1619469565.723000000,objid:6,type:0,xpos:0.000000,ypos:0.000000,xspeed:-10.850000,yspeed:-1.750000,angle:-3.660000,distense:206.000000,rcs:13.000000
timestame:1619469565.723000000,objid:8,type:0,xpos:0.000000,ypos:0.000000,xspeed:-5.880000,yspeed:0.700000,angle:21.580000,distense:40.000000,rcs:12.000000
timestame:1619469565.723000000,objid:15,type:0,xpos:0.000000,ypos:0.000000,xspeed:-2.590000,yspeed:7.890000,angle:15.170000,distense:56.800000,rcs:6.000000
