timestame:1619470237.442000000,objid:3,type:0,xpos:0.000000,ypos:0.000000,xspeed:-1.770000,yspeed:-3.700000,angle:-18.000000,distense:40.600000,rcs:12.000000
timestame:1619470237.442000000,objid:11,type:0,xpos:0.000000,ypos:0.000000,xspeed:-4.830000,yspeed:0.090000,angle:-4.940000,distense:124.000000,rcs:18.000000
timestame:1619470237.442000000,objid:14,type:0,xpos:0.000000,ypos:0.000000,xspeed:3.360000,yspeed:3.440000,angle:-18.000000,distense:37.000000,rcs:20.000000
