timestame:1619470135.767000000,objid:3,type:0,xpos:0.000000,ypos:0.000000,xspeed:-3.660000,yspeed:-0.930000,angle:-18.000000,distense:23.800000,rcs:6.000000
timestame:1619470135.767000000,objid:6,type:0,xpos:0.000000,ypos:0.000000,xspeed:1.550000,yspeed:3.590000,angle:-1.690000,distense:47.800000,rcs:6.000000
timestame:1619470135.767000000,objid:7,type:0,xpos:0.000000,ypos:0.000000,xspeed:-4.920000,yspeed:-0.170000,angle:-9.250000,distense:78.800000,rcs:18.000000
timestame:1619470135.767000000,objid:8,type:0,xpos:0.000000,ypos:0.000000,xspeed:3.590000,yspeed:3.160000,angle:-10.870000,distense:38.800000,rcs:15.000000
