timestame:1619471251.710000000,objid:1,type:0,xpos:0.000000,ypos:0.000000,xspeed:1.910000,yspeed:2.910000,angle:1.000000,distense:76.000000,rcs:16.000000
timestame:1619471251.710000000,objid:3,type:0,xpos:0.000000,ypos:0.000000,xspeed:-17.630000,yspeed:-0.620000,angle:-5.330000,distense:152.800000,rcs:13.000000
