timestame:1619470042.665000000,objid:1,type:0,xpos:0.000000,ypos:0.000000,xspeed:12.960000,yspeed:-0.020000,angle:1.070000,distense:167.600000,rcs:13.000000
timestame:1619470042.665000000,objid:3,type:0,xpos:0.000000,ypos:0.000000,xspeed:13.640000,yspeed:0.060000,angle:1.380000,distense:141.600000,rcs:22.000000
timestame:1619470042.665000000,objid:4,type:0,xpos:0.000000,ypos:0.000000,xspeed:8.390000,yspeed:0.330000,angle:4.390000,distense:61.200000,rcs:6.000000
timestame:1619470042.665000000,objid:5,type:0,xpos:0.000000,ypos:0.000000,xspeed:4.730000,yspeed:0.040000,angle:5.730000,distense:45.600000,rcs:39.000000
