timestame:1619471268.482000000,objid:0,type:0,xpos:0.000000,ypos:0.000000,xspeed:13.620000,yspeed:0.270000,angle:2.360000,distense:210.600000,rcs:6.000000
timestame:1619471268.482000000,objid:2,type:0,xpos:0.000000,ypos:0.000000,xspeed:13.620000,yspeed:0.060000,angle:2.040000,distense:186.400000,rcs:22.000000
timestame:1619471268.482000000,objid:6,type:0,xpos:0.000000,ypos:0.000000,xspeed:13.500000,yspeed:0.100000,angle:1.990000,distense:198.200000,rcs:6.000000
timestame:1619471268.482000000,objid:10,type:0,xpos:0.000000,ypos:0.000000,xspeed:13.570000,yspeed:0.010000,angle:2.000000,distense:173.800000,rcs:29.000000
