timestame:1619469914.782000000,objid:1,type:0,xpos:0.000000,ypos:0.000000,xspeed:5.100000,yspeed:-0.020000,angle:1.530000,distense:99.000000,rcs:22.000000
timestame:1619469914.782000000,objid:2,type:0,xpos:0.000000,ypos:0.000000,xspeed:12.840000,yspeed:0.320000,angle:2.520000,distense:190.400000,rcs:22.000000
timestame:1619469914.782000000,objid:8,type:0,xpos:0.000000,ypos:0.000000,xspeed:5.190000,yspeed:-0.080000,angle:1.670000,distense:92.400000,rcs:19.000000
