timestame:1619469773.397000000,objid:1,type:0,xpos:0.000000,ypos:0.000000,xspeed:3.720000,yspeed:1.890000,angle:-15.860000,distense:30.000000,rcs:19.000000
timestame:1619469773.397000000,objid:3,type:0,xpos:0.000000,ypos:0.000000,xspeed:4.000000,yspeed:1.320000,angle:20.890000,distense:41.600000,rcs:12.000000
timestame:1619469773.397000000,objid:7,type:0,xpos:0.000000,ypos:0.000000,xspeed:3.630000,yspeed:2.570000,angle:-13.540000,distense:40.200000,rcs:20.000000
