timestame:1619470691.969000000,objid:1,type:0,xpos:0.000000,ypos:0.000000,xspeed:3.490000,yspeed:0.090000,angle:7.170000,distense:35.800000,rcs:27.000000
timestame:1619470691.969000000,objid:2,type:0,xpos:0.000000,ypos:0.000000,xspeed:-2.420000,yspeed:-0.050000,angle:-18.000000,distense:37.400000,rcs:6.000000
timestame:1619470691.969000000,objid:3,type:0,xpos:0.000000,ypos:0.000000,xspeed:-8.850000,yspeed:-0.660000,angle:-18.000000,distense:28.800000,rcs:6.000000
timestame:1619470691.969000000,objid:8,type:0,xpos:0.000000,ypos:0.000000,xspeed:-1.070000,yspeed:1.090000,angle:-18.000000,distense:27.000000,rcs:6.000000
