timestame:1619470660.710000000,objid:0,type:0,xpos:0.000000,ypos:0.000000,xspeed:-2.890000,yspeed:-0.620000,angle:-9.310000,distense:99.000000,rcs:15.000000
timestame:1619470660.710000000,objid:1,type:0,xpos:0.000000,ypos:0.000000,xspeed:-15.160000,yspeed:0.000000,angle:-1.660000,distense:29.800000,rcs:16.000000
timestame:1619470660.710000000,objid:2,type:0,xpos:0.000000,ypos:0.000000,xspeed:3.460000,yspeed:3.370000,angle:-13.340000,distense:41.200000,rcs:6.000000
timestame:1619470660.710000000,objid:3,type:0,xpos:0.000000,ypos:0.000000,xspeed:-1.480000,yspeed:-0.110000,angle:-7.330000,distense:110.800000,rcs:13.000000
