timestame:1619470943.575000000,objid:1,type:0,xpos:0.000000,ypos:0.000000,xspeed:-5.820000,yspeed:0.840000,angle:-15.610000,distense:47.600000,rcs:20.000000
timestame:1619470943.575000000,objid:5,type:0,xpos:0.000000,ypos:0.000000,xspeed:-6.300000,yspeed:-0.510000,angle:-18.000000,distense:51.400000,rcs:20.000000
timestame:1619470943.575000000,objid:7,type:0,xpos:0.000000,ypos:0.000000,xspeed:-5.820000,yspeed:-0.390000,angle:-18.000000,distense:48.200000,rcs:19.000000
