timestame:1619471065.225000000,objid:0,type:0,xpos:0.000000,ypos:0.000000,xspeed:-6.430000,yspeed:0.170000,angle:-5.350000,distense:109.800000,rcs:19.000000
timestame:1619471065.225000000,objid:1,type:0,xpos:0.000000,ypos:0.000000,xspeed:7.700000,yspeed:-8.810000,angle:-18.000000,distense:70.600000,rcs:15.000000
timestame:1619471065.225000000,objid:3,type:0,xpos:0.000000,ypos:0.000000,xspeed:-7.260000,yspeed:-0.120000,angle:-3.830000,distense:157.400000,rcs:6.000000
timestame:1619471065.225000000,objid:9,type:0,xpos:0.000000,ypos:0.000000,xspeed:-1.870000,yspeed:-0.080000,angle:-10.430000,distense:71.400000,rcs:18.000000
