timestame:1619471225.792000000,objid:1,type:0,xpos:0.000000,ypos:0.000000,xspeed:5.740000,yspeed:-1.490000,angle:-7.940000,distense:42.800000,rcs:29.000000
timestame:1619471225.792000000,objid:6,type:0,xpos:0.000000,ypos:0.000000,xspeed:5.120000,yspeed:0.300000,angle:2.590000,distense:77.800000,rcs:6.000000
timestame:1619471225.792000000,objid:9,type:0,xpos:0.000000,ypos:0.000000,xspeed:5.200000,yspeed:0.090000,angle:2.390000,distense:59.400000,rcs:38.000000
