timestame:1619470594.295000000,objid:5,type:0,xpos:0.000000,ypos:0.000000,xspeed:7.960000,yspeed:2.450000,angle:-17.860000,distense:33.200000,rcs:31.000000
timestame:1619470594.295000000,objid:6,type:0,xpos:0.000000,ypos:0.000000,xspeed:5.870000,yspeed:1.810000,angle:19.630000,distense:31.000000,rcs:19.000000
