timestame:1619470103.245000000,objid:3,type:0,xpos:0.000000,ypos:0.000000,xspeed:2.630000,yspeed:-13.090000,angle:-18.000000,distense:60.800000,rcs:6.000000
timestame:1619470103.245000000,objid:7,type:0,xpos:0.000000,ypos:0.000000,xspeed:-8.650000,yspeed:0.850000,angle:15.170000,distense:29.800000,rcs:22.000000
timestame:1619470103.245000000,objid:11,type:0,xpos:0.000000,ypos:0.000000,xspeed:2.440000,yspeed:0.760000,angle:13.480000,distense:18.600000,rcs:26.000000
