timestame:1619471447.453000000,objid:3,type:0,xpos:0.000000,ypos:0.000000,xspeed:-3.330000,yspeed:-0.070000,angle:-5.650000,distense:111.800000,rcs:16.000000
timestame:1619471447.453000000,objid:11,type:0,xpos:0.000000,ypos:0.000000,xspeed:-3.120000,yspeed:-0.710000,angle:-7.640000,distense:101.400000,rcs:20.000000
timestame:1619471447.453000000,objid:13,type:0,xpos:0.000000,ypos:0.000000,xspeed:-2.910000,yspeed:0.070000,angle:15.280000,distense:51.400000,rcs:6.000000
