timestame:1619470876.233000000,objid:4,type:0,xpos:0.000000,ypos:0.000000,xspeed:2.920000,yspeed:0.470000,angle:2.440000,distense:28.200000,rcs:9.000000
timestame:1619470876.233000000,objid:9,type:0,xpos:0.000000,ypos:0.000000,xspeed:1.110000,yspeed:0.300000,angle:3.850000,distense:20.200000,rcs:26.000000
timestame:1619470876.233000000,objid:10,type:0,xpos:0.000000,ypos:0.000000,xspeed:1.620000,yspeed:0.950000,angle:1.870000,distense:38.800000,rcs:6.000000
timestame:1619470876.233000000,objid:14,type:0,xpos:0.000000,ypos:0.000000,xspeed:-6.540000,yspeed:1.730000,angle:-6.300000,distense:104.800000,rcs:9.000000
