timestame:1619470940.912000000,objid:1,type:0,xpos:0.000000,ypos:0.000000,xspeed:-4.600000,yspeed:-0.120000,angle:-14.720000,distense:63.600000,rcs:23.000000
timestame:1619470940.912000000,objid:5,type:0,xpos:0.000000,ypos:0.000000,xspeed:-5.350000,yspeed:0.840000,angle:-14.300000,distense:66.800000,rcs:22.000000
timestame:1619470940.912000000,objid:10,type:0,xpos:0.000000,ypos:0.000000,xspeed:-4.250000,yspeed:0.280000,angle:-10.940000,distense:64.800000,rcs:20.000000
