timestame:1619470011.779000000,objid:0,type:0,xpos:0.000000,ypos:0.000000,xspeed:-1.860000,yspeed:-1.250000,angle:-18.000000,distense:34.800000,rcs:28.000000
timestame:1619470011.779000000,objid:2,type:0,xpos:0.000000,ypos:0.000000,xspeed:-2.040000,yspeed:0.000000,angle:-12.480000,distense:43.200000,rcs:27.000000
