timestame:1619471210.917000000,objid:0,type:0,xpos:0.000000,ypos:0.000000,xspeed:-8.040000,yspeed:-1.140000,angle:-18.000000,distense:46.800000,rcs:22.000000
timestame:1619471210.917000000,objid:3,type:0,xpos:0.000000,ypos:0.000000,xspeed:-6.070000,yspeed:-0.020000,angle:-18.000000,distense:29.600000,rcs:6.000000
timestame:1619471210.917000000,objid:4,type:0,xpos:0.000000,ypos:0.000000,xspeed:-10.300000,yspeed:-3.580000,angle:-18.000000,distense:48.600000,rcs:20.000000
timestame:1619471210.917000000,objid:5,type:0,xpos:0.000000,ypos:0.000000,xspeed:-6.320000,yspeed:-0.500000,angle:-18.000000,distense:45.400000,rcs:18.000000
