timestame:1619470465.434000000,objid:0,type:0,xpos:0.000000,ypos:0.000000,xspeed:-13.510000,yspeed:-0.740000,angle:-18.000000,distense:34.800000,rcs:9.000000
timestame:1619470465.434000000,objid:1,type:0,xpos:0.000000,ypos:0.000000,xspeed:-9.080000,yspeed:7.890000,angle:-18.000000,distense:37.800000,rcs:9.000000
timestame:1619470465.434000000,objid:2,type:0,xpos:0.000000,ypos:0.000000,xspeed:5.830000,yspeed:0.230000,angle:3.110000,distense:207.200000,rcs:12.000000
