timestame:1619469853.256000000,objid:0,type:0,xpos:0.000000,ypos:0.000000,xspeed:3.260000,yspeed:-9.900000,angle:6.330000,distense:45.600000,rcs:35.000000
timestame:1619469853.256000000,objid:4,type:0,xpos:0.000000,ypos:0.000000,xspeed:-2.880000,yspeed:-1.870000,angle:-18.000000,distense:28.800000,rcs:6.000000
timestame:1619469853.256000000,objid:10,type:0,xpos:0.000000,ypos:0.000000,xspeed:-11.910000,yspeed:-0.330000,angle:-4.120000,distense:159.800000,rcs:13.000000
timestame:1619469853.256000000,objid:18,type:0,xpos:0.000000,ypos:0.000000,xspeed:1.660000,yspeed:0.400000,angle:-9.150000,distense:90.800000,rcs:13.000000
