timestame:1619470440.592000000,objid:1,type:0,xpos:0.000000,ypos:0.000000,xspeed:14.940000,yspeed:0.630000,angle:2.450000,distense:67.000000,rcs:27.000000
timestame:1619470440.592000000,objid:2,type:0,xpos:0.000000,ypos:0.000000,xspeed:3.750000,yspeed:-0.020000,angle:9.820000,distense:77.200000,rcs:13.000000
