timestame:1619470495.633000000,objid:2,type:0,xpos:0.000000,ypos:0.000000,xspeed:-3.370000,yspeed:-10.660000,angle:-4.270000,distense:41.600000,rcs:42.000000
timestame:1619470495.633000000,objid:5,type:0,xpos:0.000000,ypos:0.000000,xspeed:10.860000,yspeed:8.600000,angle:-8.820000,distense:51.000000,rcs:6.000000
