timestame:1619470639.022000000,objid:2,type:0,xpos:0.000000,ypos:0.000000,xspeed:-6.710000,yspeed:0.000000,angle:-4.120000,distense:194.400000,rcs:12.000000
timestame:1619470639.022000000,objid:4,type:0,xpos:0.000000,ypos:0.000000,xspeed:-7.250000,yspeed:2.550000,angle:-2.360000,distense:193.800000,rcs:9.000000
timestame:1619470639.022000000,objid:5,type:0,xpos:0.000000,ypos:0.000000,xspeed:2.590000,yspeed:2.500000,angle:-6.310000,distense:34.400000,rcs:6.000000
timestame:1619470639.022000000,objid:7,type:0,xpos:0.000000,ypos:0.000000,xspeed:1.600000,yspeed:-10.330000,angle:-18.000000,distense:59.400000,rcs:6.000000
