timestame:1619471308.400000000,objid:0,type:0,xpos:0.000000,ypos:0.000000,xspeed:3.540000,yspeed:1.190000,angle:19.100000,distense:30.200000,rcs:41.000000
timestame:1619471308.400000000,objid:1,type:0,xpos:0.000000,ypos:0.000000,xspeed:4.830000,yspeed:3.060000,angle:22.080000,distense:33.400000,rcs:24.000000
timestame:1619471308.400000000,objid:2,type:0,xpos:0.000000,ypos:0.000000,xspeed:4.180000,yspeed:1.180000,angle:22.410000,distense:29.000000,rcs:16.000000
timestame:1619471308.400000000,objid:3,type:0,xpos:0.000000,ypos:0.000000,xspeed:4.490000,yspeed:4.270000,angle:-17.760000,distense:21.800000,rcs:9.000000
