timestame:1619470136.014000000,objid:3,type:0,xpos:0.000000,ypos:0.000000,xspeed:-3.660000,yspeed:-0.930000,angle:-18.000000,distense:23.400000,rcs:6.000000
timestame:1619470136.014000000,objid:7,type:0,xpos:0.000000,ypos:0.000000,xspeed:-4.770000,yspeed:-0.180000,angle:-9.390000,distense:78.000000,rcs:9.000000
timestame:1619470136.014000000,objid:8,type:0,xpos:0.000000,ypos:0.000000,xspeed:3.430000,yspeed:3.470000,angle:-9.690000,distense:39.800000,rcs:15.000000
