timestame:1619470087.302000000,objid:5,type:0,xpos:0.000000,ypos:0.000000,xspeed:1.280000,yspeed:-8.990000,angle:-18.000000,distense:62.600000,rcs:6.000000
timestame:1619470087.302000000,objid:6,type:0,xpos:0.000000,ypos:0.000000,xspeed:1.660000,yspeed:-5.230000,angle:7.250000,distense:49.800000,rcs:6.000000
timestame:1619470087.302000000,objid:11,type:0,xpos:0.000000,ypos:0.000000,xspeed:2.710000,yspeed:-7.110000,angle:4.890000,distense:49.800000,rcs:6.000000
