timestame:1619470448.296000000,objid:0,type:0,xpos:0.000000,ypos:0.000000,xspeed:18.970000,yspeed:-1.330000,angle:0.950000,distense:207.200000,rcs:9.000000
timestame:1619470448.296000000,objid:1,type:0,xpos:0.000000,ypos:0.000000,xspeed:-4.520000,yspeed:-1.350000,angle:5.170000,distense:174.400000,rcs:6.000000
timestame:1619470448.296000000,objid:2,type:0,xpos:0.000000,ypos:0.000000,xspeed:4.740000,yspeed:-0.230000,angle:6.150000,distense:111.000000,rcs:20.000000
