timestame:1619470487.586000000,objid:2,type:0,xpos:0.000000,ypos:0.000000,xspeed:1.260000,yspeed:-8.330000,angle:-13.870000,distense:68.000000,rcs:9.000000
timestame:1619470487.586000000,objid:4,type:0,xpos:0.000000,ypos:0.000000,xspeed:-1.930000,yspeed:-4.310000,angle:-18.000000,distense:38.200000,rcs:18.000000
timestame:1619470487.586000000,objid:5,type:0,xpos:0.000000,ypos:0.000000,xspeed:-3.040000,yspeed:-2.700000,angle:-18.000000,distense:34.200000,rcs:21.000000
timestame:1619470487.586000000,objid:6,type:0,xpos:0.000000,ypos:0.000000,xspeed:-1.160000,yspeed:-2.940000,angle:-12.970000,distense:38.800000,rcs:33.000000
