timestame:1619469573.784000000,objid:3,type:0,xpos:0.000000,ypos:0.000000,xspeed:-8.030000,yspeed:0.000000,angle:-6.230000,distense:136.600000,rcs:12.000000
timestame:1619469573.784000000,objid:4,type:0,xpos:0.000000,ypos:0.000000,xspeed:-7.240000,yspeed:5.150000,angle:-3.720000,distense:143.600000,rcs:9.000000
timestame:1619469573.784000000,objid:5,type:0,xpos:0.000000,ypos:0.000000,xspeed:-7.650000,yspeed:0.320000,angle:-6.240000,distense:133.200000,rcs:12.000000
timestame:1619469573.784000000,objid:8,type:0,xpos:0.000000,ypos:0.000000,xspeed:-2.890000,yspeed:-1.450000,angle:-18.000000,distense:33.600000,rcs:6.000000
