timestame:1619470214.821000000,objid:7,type:0,xpos:0.000000,ypos:0.000000,xspeed:-2.980000,yspeed:7.460000,angle:-13.520000,distense:45.800000,rcs:16.000000
timestame:1619470214.821000000,objid:9,type:0,xpos:0.000000,ypos:0.000000,xspeed:-1.470000,yspeed:9.880000,angle:17.160000,distense:39.200000,rcs:15.000000
