timestame:1619470769.510000000,objid:0,type:0,xpos:0.000000,ypos:0.000000,xspeed:-11.690000,yspeed:-0.500000,angle:-5.350000,distense:159.000000,rcs:12.000000
timestame:1619470769.510000000,objid:1,type:0,xpos:0.000000,ypos:0.000000,xspeed:11.390000,yspeed:0.270000,angle:2.160000,distense:81.000000,rcs:22.000000
timestame:1619470769.510000000,objid:2,type:0,xpos:0.000000,ypos:0.000000,xspeed:-8.850000,yspeed:-5.970000,angle:-6.050000,distense:156.800000,rcs:16.000000
