timestame:1619470967.539000000,objid:0,type:0,xpos:0.000000,ypos:0.000000,xspeed:4.640000,yspeed:0.240000,angle:5.460000,distense:68.600000,rcs:26.000000
timestame:1619470967.539000000,objid:1,type:0,xpos:0.000000,ypos:0.000000,xspeed:13.690000,yspeed:0.330000,angle:1.080000,distense:171.000000,rcs:20.000000
timestame:1619470967.539000000,objid:6,type:0,xpos:0.000000,ypos:0.000000,xspeed:11.760000,yspeed:0.340000,angle:1.880000,distense:144.600000,rcs:12.000000
timestame:1619470967.539000000,objid:7,type:0,xpos:0.000000,ypos:0.000000,xspeed:6.360000,yspeed:1.780000,angle:20.560000,distense:28.000000,rcs:30.000000
