timestame:1619470076.129000000,objid:0,type:0,xpos:0.000000,ypos:0.000000,xspeed:14.640000,yspeed:1.460000,angle:-10.600000,distense:52.000000,rcs:12.000000
timestame:1619470076.129000000,objid:3,type:0,xpos:0.000000,ypos:0.000000,xspeed:-1.590000,yspeed:2.400000,angle:-13.650000,distense:46.800000,rcs:6.000000
