timestame:1619471060.698000000,objid:1,type:0,xpos:0.000000,ypos:0.000000,xspeed:-3.500000,yspeed:-2.410000,angle:-18.000000,distense:28.400000,rcs:9.000000
timestame:1619471060.698000000,objid:8,type:0,xpos:0.000000,ypos:0.000000,xspeed:-1.300000,yspeed:2.960000,angle:-7.980000,distense:37.400000,rcs:13.000000
timestame:1619471060.698000000,objid:9,type:0,xpos:0.000000,ypos:0.000000,xspeed:-2.370000,yspeed:-0.040000,angle:-9.000000,distense:78.600000,rcs:13.000000
timestame:1619471060.698000000,objid:10,type:0,xpos:0.000000,ypos:0.000000,xspeed:-2.220000,yspeed:-0.380000,angle:-18.000000,distense:26.200000,rcs:6.000000
