timestame:1619469972.979000000,objid:4,type:0,xpos:0.000000,ypos:0.000000,xspeed:-2.480000,yspeed:6.810000,angle:0.930000,distense:39.200000,rcs:36.000000
timestame:1619469972.979000000,objid:5,type:0,xpos:0.000000,ypos:0.000000,xspeed:-3.830000,yspeed:-3.410000,angle:-18.000000,distense:31.200000,rcs:9.000000
timestame:1619469972.979000000,objid:14,type:0,xpos:0.000000,ypos:0.000000,xspeed:-2.510000,yspeed:-2.520000,angle:-18.000000,distense:31.400000,rcs:6.000000
timestame:1619469972.979000000,objid:17,type:0,xpos:0.000000,ypos:0.000000,xspeed:1.530000,yspeed:-2.780000,angle:18.840000,distense:45.600000,rcs:30.000000
