timestame:1619470737.472000000,objid:0,type:0,xpos:0.000000,ypos:0.000000,xspeed:-20.790000,yspeed:-4.570000,angle:-4.130000,distense:156.000000,rcs:6.000000
timestame:1619470737.472000000,objid:1,type:0,xpos:0.000000,ypos:0.000000,xspeed:11.910000,yspeed:-0.130000,angle:1.210000,distense:116.000000,rcs:9.000000
timestame:1619470737.472000000,objid:6,type:0,xpos:0.000000,ypos:0.000000,xspeed:12.070000,yspeed:0.040000,angle:1.470000,distense:105.400000,rcs:38.000000
