timestame:1619469683.397000000,objid:1,type:0,xpos:0.000000,ypos:0.000000,xspeed:5.010000,yspeed:3.830000,angle:-18.000000,distense:61.400000,rcs:9.000000
timestame:1619469683.397000000,objid:2,type:0,xpos:0.000000,ypos:0.000000,xspeed:-4.960000,yspeed:0.000000,angle:-18.000000,distense:55.400000,rcs:13.000000
