timestame:1619471314.359000000,objid:0,type:0,xpos:0.000000,ypos:0.000000,xspeed:-15.160000,yspeed:0.000000,angle:-1.770000,distense:166.800000,rcs:9.000000
timestame:1619471314.359000000,objid:1,type:0,xpos:0.000000,ypos:0.000000,xspeed:-15.510000,yspeed:-1.400000,angle:-4.240000,distense:159.800000,rcs:13.000000
timestame:1619471314.359000000,objid:3,type:0,xpos:0.000000,ypos:0.000000,xspeed:2.600000,yspeed:4.400000,angle:-5.580000,distense:47.200000,rcs:6.000000
timestame:1619471314.359000000,objid:4,type:0,xpos:0.000000,ypos:0.000000,xspeed:-1.360000,yspeed:5.390000,angle:18.520000,distense:36.400000,rcs:6.000000
