timestame:1619470569.821000000,objid:1,type:0,xpos:0.000000,ypos:0.000000,xspeed:3.950000,yspeed:2.870000,angle:-13.110000,distense:38.600000,rcs:12.000000
timestame:1619470569.821000000,objid:3,type:0,xpos:0.000000,ypos:0.000000,xspeed:15.460000,yspeed:0.110000,angle:1.010000,distense:194.400000,rcs:21.000000
