timestame:1619471211.163000000,objid:3,type:0,xpos:0.000000,ypos:0.000000,xspeed:-6.070000,yspeed:-0.020000,angle:-18.000000,distense:28.400000,rcs:6.000000
timestame:1619471211.163000000,objid:4,type:0,xpos:0.000000,ypos:0.000000,xspeed:-9.930000,yspeed:-0.460000,angle:-18.000000,distense:46.200000,rcs:22.000000
timestame:1619471211.163000000,objid:5,type:0,xpos:0.000000,ypos:0.000000,xspeed:-6.390000,yspeed:-0.580000,angle:-18.000000,distense:44.000000,rcs:19.000000
