timestame:1619470487.340000000,objid:2,type:0,xpos:0.000000,ypos:0.000000,xspeed:1.410000,yspeed:-8.010000,angle:-11.770000,distense:67.400000,rcs:9.000000
timestame:1619470487.340000000,objid:4,type:0,xpos:0.000000,ypos:0.000000,xspeed:-1.860000,yspeed:-4.320000,angle:-18.000000,distense:38.400000,rcs:22.000000
timestame:1619470487.340000000,objid:5,type:0,xpos:0.000000,ypos:0.000000,xspeed:-3.130000,yspeed:-2.160000,angle:-18.000000,distense:34.200000,rcs:20.000000
