timestame:1619470025.379000000,objid:0,type:0,xpos:0.000000,ypos:0.000000,xspeed:6.990000,yspeed:0.000000,angle:2.440000,distense:30.400000,rcs:9.000000
timestame:1619470025.379000000,objid:7,type:0,xpos:0.000000,ypos:0.000000,xspeed:-14.210000,yspeed:0.010000,angle:-18.000000,distense:24.400000,rcs:6.000000
timestame:1619470025.379000000,objid:9,type:0,xpos:0.000000,ypos:0.000000,xspeed:-1.610000,yspeed:-0.680000,angle:-18.000000,distense:28.800000,rcs:6.000000
timestame:1619470025.379000000,objid:15,type:0,xpos:0.000000,ypos:0.000000,xspeed:-2.340000,yspeed:-0.570000,angle:-18.000000,distense:27.200000,rcs:6.000000
