timestame:1619471312.005000000,objid:2,type:0,xpos:0.000000,ypos:0.000000,xspeed:2.740000,yspeed:3.210000,angle:-12.340000,distense:42.400000,rcs:9.000000
timestame:1619471312.005000000,objid:3,type:0,xpos:0.000000,ypos:0.000000,xspeed:3.640000,yspeed:2.170000,angle:-16.020000,distense:36.200000,rcs:25.000000
timestame:1619471312.005000000,objid:4,type:0,xpos:0.000000,ypos:0.000000,xspeed:-1.100000,yspeed:5.100000,angle:-1.870000,distense:37.800000,rcs:19.000000
