timestame:1619470083.083000000,objid:4,type:0,xpos:0.000000,ypos:0.000000,xspeed:2.230000,yspeed:-9.160000,angle:-12.900000,distense:54.800000,rcs:12.000000
timestame:1619470083.083000000,objid:5,type:0,xpos:0.000000,ypos:0.000000,xspeed:2.400000,yspeed:-8.660000,angle:-9.720000,distense:53.800000,rcs:18.000000
timestame:1619470083.083000000,objid:7,type:0,xpos:0.000000,ypos:0.000000,xspeed:1.020000,yspeed:-5.590000,angle:-11.760000,distense:46.200000,rcs:22.000000
