timestame:1619470009.970000000,objid:2,type:0,xpos:0.000000,ypos:0.000000,xspeed:-1.970000,yspeed:-1.570000,angle:-18.000000,distense:31.400000,rcs:9.000000
timestame:1619470009.970000000,objid:15,type:0,xpos:0.000000,ypos:0.000000,xspeed:-1.150000,yspeed:-5.070000,angle:20.480000,distense:42.400000,rcs:24.000000
timestame:1619470009.970000000,objid:19,type:0,xpos:0.000000,ypos:0.000000,xspeed:2.650000,yspeed:-7.750000,angle:22.610000,distense:46.200000,rcs:23.000000
