timestame:1619470563.502000000,objid:1,type:0,xpos:0.000000,ypos:0.000000,xspeed:6.800000,yspeed:-0.490000,angle:3.360000,distense:205.600000,rcs:13.000000
timestame:1619470563.502000000,objid:2,type:0,xpos:0.000000,ypos:0.000000,xspeed:-14.210000,yspeed:-3.320000,angle:-9.460000,distense:12.600000,rcs:9.000000
timestame:1619470563.502000000,objid:3,type:0,xpos:0.000000,ypos:0.000000,xspeed:10.780000,yspeed:0.160000,angle:1.600000,distense:100.000000,rcs:30.000000
timestame:1619470563.502000000,objid:5,type:0,xpos:0.000000,ypos:0.000000,xspeed:7.600000,yspeed:-4.840000,angle:1.480000,distense:216.800000,rcs:6.000000
