timestame:1619470777.160000000,objid:0,type:0,xpos:0.000000,ypos:0.000000,xspeed:19.980000,yspeed:1.410000,angle:1.520000,distense:214.000000,rcs:9.000000
timestame:1619470777.160000000,objid:1,type:0,xpos:0.000000,ypos:0.000000,xspeed:-7.420000,yspeed:-0.860000,angle:-9.900000,distense:97.200000,rcs:13.000000
timestame:1619470777.160000000,objid:3,type:0,xpos:0.000000,ypos:0.000000,xspeed:4.690000,yspeed:-1.570000,angle:-11.500000,distense:49.600000,rcs:19.000000
timestame:1619470777.160000000,objid:4,type:0,xpos:0.000000,ypos:0.000000,xspeed:3.500000,yspeed:-0.530000,angle:-5.040000,distense:51.200000,rcs:9.000000
