timestame:1619470072.898000000,objid:3,type:0,xpos:0.000000,ypos:0.000000,xspeed:-1.310000,yspeed:2.370000,angle:16.790000,distense:48.400000,rcs:30.000000
timestame:1619470072.898000000,objid:4,type:0,xpos:0.000000,ypos:0.000000,xspeed:-1.530000,yspeed:2.350000,angle:21.530000,distense:43.200000,rcs:22.000000
timestame:1619470072.898000000,objid:8,type:0,xpos:0.000000,ypos:0.000000,xspeed:2.070000,yspeed:2.750000,angle:-9.830000,distense:40.000000,rcs:18.000000
