timestame:1619470552.954000000,objid:0,type:0,xpos:0.000000,ypos:0.000000,xspeed:8.410000,yspeed:1.020000,angle:19.670000,distense:20.400000,rcs:13.000000
timestame:1619470552.954000000,objid:1,type:0,xpos:0.000000,ypos:0.000000,xspeed:2.420000,yspeed:-0.440000,angle:5.310000,distense:151.000000,rcs:21.000000
timestame:1619470552.954000000,objid:5,type:0,xpos:0.000000,ypos:0.000000,xspeed:1.310000,yspeed:4.450000,angle:6.690000,distense:159.000000,rcs:6.000000
timestame:1619470552.954000000,objid:9,type:0,xpos:0.000000,ypos:0.000000,xspeed:3.140000,yspeed:-1.390000,angle:3.870000,distense:167.400000,rcs:9.000000
