timestame:1619470189.865000000,objid:2,type:0,xpos:0.000000,ypos:0.000000,xspeed:-5.730000,yspeed:3.520000,angle:-3.350000,distense:52.200000,rcs:34.000000
timestame:1619470189.865000000,objid:7,type:0,xpos:0.000000,ypos:0.000000,xspeed:3.720000,yspeed:0.390000,angle:6.010000,distense:137.400000,rcs:15.000000
timestame:1619470189.865000000,objid:11,type:0,xpos:0.000000,ypos:0.000000,xspeed:4.600000,yspeed:0.200000,angle:4.270000,distense:136.400000,rcs:20.000000
