timestame:1619471026.597000000,objid:0,type:0,xpos:0.000000,ypos:0.000000,xspeed:-2.850000,yspeed:-3.240000,angle:-18.000000,distense:31.800000,rcs:9.000000
timestame:1619471026.597000000,objid:2,type:0,xpos:0.000000,ypos:0.000000,xspeed:5.820000,yspeed:0.000000,angle:-13.850000,distense:17.200000,rcs:9.000000
timestame:1619471026.597000000,objid:3,type:0,xpos:0.000000,ypos:0.000000,xspeed:-3.690000,yspeed:-2.460000,angle:-18.000000,distense:29.200000,rcs:6.000000
timestame:1619471026.597000000,objid:8,type:0,xpos:0.000000,ypos:0.000000,xspeed:-1.560000,yspeed:4.590000,angle:-16.890000,distense:40.400000,rcs:6.000000
