timestame:1619470739.840000000,objid:0,type:0,xpos:0.000000,ypos:0.000000,xspeed:-15.540000,yspeed:-0.260000,angle:-5.780000,distense:118.800000,rcs:16.000000
timestame:1619470739.840000000,objid:1,type:0,xpos:0.000000,ypos:0.000000,xspeed:11.870000,yspeed:-0.060000,angle:0.950000,distense:144.400000,rcs:6.000000
timestame:1619470739.840000000,objid:4,type:0,xpos:0.000000,ypos:0.000000,xspeed:-3.600000,yspeed:8.290000,angle:-18.000000,distense:43.000000,rcs:13.000000
timestame:1619470739.840000000,objid:6,type:0,xpos:0.000000,ypos:0.000000,xspeed:12.230000,yspeed:0.090000,angle:1.290000,distense:135.000000,rcs:29.000000
