timestame:1619469931.522000000,objid:0,type:0,xpos:0.000000,ypos:0.000000,xspeed:-1.520000,yspeed:1.980000,angle:-18.000000,distense:38.800000,rcs:6.000000
timestame:1619469931.522000000,objid:1,type:0,xpos:0.000000,ypos:0.000000,xspeed:8.160000,yspeed:0.250000,angle:1.490000,distense:211.000000,rcs:12.000000
timestame:1619469931.522000000,objid:8,type:0,xpos:0.000000,ypos:0.000000,xspeed:8.120000,yspeed:0.310000,angle:1.340000,distense:204.200000,rcs:22.000000
