timestame:1619471193.945000000,objid:2,type:0,xpos:0.000000,ypos:0.000000,xspeed:-2.110000,yspeed:-2.390000,angle:-18.000000,distense:38.000000,rcs:16.000000
timestame:1619471193.945000000,objid:11,type:0,xpos:0.000000,ypos:0.000000,xspeed:1.840000,yspeed:2.000000,angle:-18.000000,distense:40.600000,rcs:28.000000
timestame:1619471193.945000000,objid:15,type:0,xpos:0.000000,ypos:0.000000,xspeed:-2.760000,yspeed:-2.520000,angle:-18.000000,distense:37.600000,rcs:13.000000
timestame:1619471193.945000000,objid:17,type:0,xpos:0.000000,ypos:0.000000,xspeed:7.660000,yspeed:0.460000,angle:4.040000,distense:94.600000,rcs:26.000000
