timestame:1619470140.542000000,objid:0,type:0,xpos:0.000000,ypos:0.000000,xspeed:-6.810000,yspeed:-0.430000,angle:19.740000,distense:20.400000,rcs:6.000000
timestame:1619470140.542000000,objid:1,type:0,xpos:0.000000,ypos:0.000000,xspeed:-2.310000,yspeed:-0.090000,angle:16.270000,distense:25.200000,rcs:20.000000
timestame:1619470140.542000000,objid:2,type:0,xpos:0.000000,ypos:0.000000,xspeed:-23.930000,yspeed:-3.340000,angle:-14.440000,distense:10.400000,rcs:6.000000
