timestame:1619470121.241000000,objid:4,type:0,xpos:0.000000,ypos:0.000000,xspeed:3.200000,yspeed:1.060000,angle:-12.340000,distense:17.200000,rcs:24.000000
timestame:1619470121.241000000,objid:5,type:0,xpos:0.000000,ypos:0.000000,xspeed:-1.980000,yspeed:-0.200000,angle:16.480000,distense:22.600000,rcs:6.000000
timestame:1619470121.241000000,objid:6,type:0,xpos:0.000000,ypos:0.000000,xspeed:8.010000,yspeed:-0.370000,angle:21.760000,distense:20.800000,rcs:29.000000
timestame:1619470121.241000000,objid:8,type:0,xpos:0.000000,ypos:0.000000,xspeed:4.500000,yspeed:1.320000,angle:-16.750000,distense:23.600000,rcs:34.000000
