timestame:1619471537.419000000,objid:2,type:0,xpos:0.000000,ypos:0.000000,xspeed:-10.970000,yspeed:-0.020000,angle:-5.210000,distense:128.000000,rcs:15.000000
timestame:1619471537.419000000,objid:9,type:0,xpos:0.000000,ypos:0.000000,xspeed:-11.070000,yspeed:-0.550000,angle:-4.750000,distense:139.000000,rcs:12.000000
timestame:1619471537.419000000,objid:10,type:0,xpos:0.000000,ypos:0.000000,xspeed:-1.930000,yspeed:-3.170000,angle:-17.050000,distense:36.200000,rcs:30.000000
timestame:1619471537.419000000,objid:12,type:0,xpos:0.000000,ypos:0.000000,xspeed:-2.810000,yspeed:-7.310000,angle:-12.070000,distense:36.600000,rcs:20.000000
