timestame:1619469924.266000000,objid:1,type:0,xpos:0.000000,ypos:0.000000,xspeed:6.170000,yspeed:0.120000,angle:1.400000,distense:155.400000,rcs:16.000000
timestame:1619469924.266000000,objid:8,type:0,xpos:0.000000,ypos:0.000000,xspeed:6.150000,yspeed:0.050000,angle:1.330000,distense:148.400000,rcs:12.000000
