timestame:1619471004.072000000,objid:1,type:0,xpos:0.000000,ypos:0.000000,xspeed:-13.270000,yspeed:-0.750000,angle:-6.730000,distense:129.600000,rcs:15.000000
timestame:1619471004.072000000,objid:4,type:0,xpos:0.000000,ypos:0.000000,xspeed:1.280000,yspeed:0.220000,angle:0.730000,distense:17.600000,rcs:13.000000
