timestame:1619470472.739000000,objid:1,type:0,xpos:0.000000,ypos:0.000000,xspeed:-12.430000,yspeed:2.110000,angle:-3.440000,distense:162.000000,rcs:12.000000
timestame:1619470472.739000000,objid:2,type:0,xpos:0.000000,ypos:0.000000,xspeed:3.380000,yspeed:-12.260000,angle:14.990000,distense:69.600000,rcs:9.000000
