timestame:1619470643.605000000,objid:2,type:0,xpos:0.000000,ypos:0.000000,xspeed:-6.510000,yspeed:-0.010000,angle:-4.960000,distense:164.800000,rcs:12.000000
timestame:1619470643.605000000,objid:6,type:0,xpos:0.000000,ypos:0.000000,xspeed:3.940000,yspeed:-11.150000,angle:7.100000,distense:47.800000,rcs:34.000000
timestame:1619470643.605000000,objid:8,type:0,xpos:0.000000,ypos:0.000000,xspeed:-9.440000,yspeed:9.660000,angle:12.860000,distense:87.400000,rcs:19.000000
timestame:1619470643.605000000,objid:13,type:0,xpos:0.000000,ypos:0.000000,xspeed:-1.910000,yspeed:7.720000,angle:5.820000,distense:41.400000,rcs:22.000000
