timestame:1619470445.870000000,objid:1,type:0,xpos:0.000000,ypos:0.000000,xspeed:17.590000,yspeed:0.280000,angle:1.530000,distense:158.800000,rcs:6.000000
timestame:1619470445.870000000,objid:2,type:0,xpos:0.000000,ypos:0.000000,xspeed:4.510000,yspeed:-0.110000,angle:7.280000,distense:99.600000,rcs:22.000000
