timestame:1619470226.600000000,objid:8,type:0,xpos:0.000000,ypos:0.000000,xspeed:-1.610000,yspeed:-2.340000,angle:-9.360000,distense:42.200000,rcs:40.000000
timestame:1619470226.600000000,objid:9,type:0,xpos:0.000000,ypos:0.000000,xspeed:3.610000,yspeed:-1.630000,angle:21.180000,distense:48.400000,rcs:6.000000
timestame:1619470226.600000000,objid:14,type:0,xpos:0.000000,ypos:0.000000,xspeed:-1.770000,yspeed:7.900000,angle:-3.360000,distense:42.600000,rcs:9.000000
