timestame:1619469916.327000000,objid:1,type:0,xpos:0.000000,ypos:0.000000,xspeed:5.460000,yspeed:0.040000,angle:1.520000,distense:108.000000,rcs:16.000000
timestame:1619469916.327000000,objid:2,type:0,xpos:0.000000,ypos:0.000000,xspeed:13.650000,yspeed:0.360000,angle:2.430000,distense:212.600000,rcs:19.000000
timestame:1619469916.327000000,objid:8,type:0,xpos:0.000000,ypos:0.000000,xspeed:5.520000,yspeed:0.000000,angle:1.570000,distense:101.200000,rcs:29.000000
