timestame:1619470472.056000000,objid:0,type:0,xpos:0.000000,ypos:0.000000,xspeed:-5.010000,yspeed:4.630000,angle:20.350000,distense:66.200000,rcs:6.000000
timestame:1619470472.056000000,objid:1,type:0,xpos:0.000000,ypos:0.000000,xspeed:-13.250000,yspeed:2.700000,angle:-3.590000,distense:169.800000,rcs:13.000000
