timestame:1619470967.662000000,objid:0,type:0,xpos:0.000000,ypos:0.000000,xspeed:4.700000,yspeed:0.220000,angle:5.390000,distense:69.400000,rcs:30.000000
timestame:1619470967.662000000,objid:1,type:0,xpos:0.000000,ypos:0.000000,xspeed:13.630000,yspeed:0.360000,angle:1.110000,distense:172.600000,rcs:22.000000
timestame:1619470967.662000000,objid:6,type:0,xpos:0.000000,ypos:0.000000,xspeed:11.790000,yspeed:0.320000,angle:1.870000,distense:146.200000,rcs:13.000000
timestame:1619470967.662000000,objid:7,type:0,xpos:0.000000,ypos:0.000000,xspeed:6.270000,yspeed:1.720000,angle:20.370000,distense:28.600000,rcs:24.000000
