timestame:1619471265.197000000,objid:0,type:0,xpos:0.000000,ypos:0.000000,xspeed:11.860000,yspeed:2.980000,angle:3.260000,distense:165.200000,rcs:9.000000
timestame:1619471265.197000000,objid:2,type:0,xpos:0.000000,ypos:0.000000,xspeed:13.070000,yspeed:0.150000,angle:2.650000,distense:141.400000,rcs:20.000000
timestame:1619471265.197000000,objid:6,type:0,xpos:0.000000,ypos:0.000000,xspeed:13.000000,yspeed:-0.060000,angle:2.340000,distense:153.400000,rcs:9.000000
timestame:1619471265.197000000,objid:10,type:0,xpos:0.000000,ypos:0.000000,xspeed:12.930000,yspeed:-0.090000,angle:2.580000,distense:128.800000,rcs:22.000000
