timestame:1619469684.821000000,objid:1,type:0,xpos:0.000000,ypos:0.000000,xspeed:-2.040000,yspeed:6.900000,angle:-14.390000,distense:50.200000,rcs:12.000000
timestame:1619469684.821000000,objid:2,type:0,xpos:0.000000,ypos:0.000000,xspeed:-1.620000,yspeed:4.990000,angle:-18.000000,distense:50.200000,rcs:13.000000
timestame:1619469684.821000000,objid:3,type:0,xpos:0.000000,ypos:0.000000,xspeed:-2.190000,yspeed:-9.440000,angle:18.350000,distense:48.800000,rcs:18.000000
timestame:1619469684.821000000,objid:4,type:0,xpos:0.000000,ypos:0.000000,xspeed:-2.260000,yspeed:6.690000,angle:-18.000000,distense:51.000000,rcs:15.000000
