timestame:1619470779.200000000,objid:2,type:0,xpos:0.000000,ypos:0.000000,xspeed:2.140000,yspeed:-4.920000,angle:6.650000,distense:42.600000,rcs:33.000000
timestame:1619470779.200000000,objid:4,type:0,xpos:0.000000,ypos:0.000000,xspeed:-1.730000,yspeed:-1.010000,angle:-2.680000,distense:46.800000,rcs:9.000000
timestame:1619470779.200000000,objid:6,type:0,xpos:0.000000,ypos:0.000000,xspeed:-2.040000,yspeed:0.000000,angle:-14.180000,distense:49.600000,rcs:20.000000
timestame:1619470779.200000000,objid:7,type:0,xpos:0.000000,ypos:0.000000,xspeed:-22.440000,yspeed:0.000000,angle:-11.430000,distense:81.600000,rcs:22.000000
