timestame:1619469559.719000000,objid:2,type:0,xpos:0.000000,ypos:0.000000,xspeed:-1.050000,yspeed:4.320000,angle:9.190000,distense:34.200000,rcs:9.000000
timestame:1619469559.719000000,objid:13,type:0,xpos:0.000000,ypos:0.000000,xspeed:1.970000,yspeed:-9.210000,angle:-18.000000,distense:62.000000,rcs:6.000000
timestame:1619469559.719000000,objid:14,type:0,xpos:0.000000,ypos:0.000000,xspeed:-2.120000,yspeed:9.520000,angle:-2.180000,distense:49.600000,rcs:6.000000
