timestame:1619470594.107000000,objid:0,type:0,xpos:0.000000,ypos:0.000000,xspeed:-14.500000,yspeed:-0.640000,angle:-18.000000,distense:21.600000,rcs:6.000000
timestame:1619470594.107000000,objid:5,type:0,xpos:0.000000,ypos:0.000000,xspeed:8.080000,yspeed:2.370000,angle:-17.830000,distense:32.000000,rcs:31.000000
timestame:1619470594.107000000,objid:6,type:0,xpos:0.000000,ypos:0.000000,xspeed:6.250000,yspeed:1.820000,angle:19.480000,distense:30.200000,rcs:30.000000
