timestame:1619469752.367000000,objid:1,type:0,xpos:0.000000,ypos:0.000000,xspeed:5.440000,yspeed:2.360000,angle:21.190000,distense:34.000000,rcs:15.000000
timestame:1619469752.367000000,objid:2,type:0,xpos:0.000000,ypos:0.000000,xspeed:30.850000,yspeed:-19.580000,angle:21.140000,distense:47.000000,rcs:6.000000
