timestame:1619469786.079000000,objid:1,type:0,xpos:0.000000,ypos:0.000000,xspeed:-17.460000,yspeed:-0.540000,angle:-8.350000,distense:106.400000,rcs:13.000000
timestame:1619469786.079000000,objid:2,type:0,xpos:0.000000,ypos:0.000000,xspeed:16.700000,yspeed:0.050000,angle:0.920000,distense:195.800000,rcs:9.000000
timestame:1619469786.079000000,objid:4,type:0,xpos:0.000000,ypos:0.000000,xspeed:-17.160000,yspeed:-0.240000,angle:-8.860000,distense:98.200000,rcs:15.000000
timestame:1619469786.079000000,objid:10,type:0,xpos:0.000000,ypos:0.000000,xspeed:16.840000,yspeed:0.170000,angle:1.150000,distense:183.400000,rcs:33.000000
