timestame:1619471410.743000000,objid:2,type:0,xpos:0.000000,ypos:0.000000,xspeed:-4.170000,yspeed:-1.540000,angle:-18.000000,distense:39.200000,rcs:34.000000
timestame:1619471410.743000000,objid:4,type:0,xpos:0.000000,ypos:0.000000,xspeed:-1.570000,yspeed:0.000000,angle:-0.880000,distense:42.000000,rcs:21.000000
timestame:1619471410.743000000,objid:7,type:0,xpos:0.000000,ypos:0.000000,xspeed:-2.450000,yspeed:-3.090000,angle:-18.000000,distense:37.000000,rcs:20.000000
timestame:1619471410.743000000,objid:12,type:0,xpos:0.000000,ypos:0.000000,xspeed:-9.390000,yspeed:-0.340000,angle:-4.350000,distense:180.400000,rcs:13.000000
