timestame:1619470940.727000000,objid:1,type:0,xpos:0.000000,ypos:0.000000,xspeed:-4.480000,yspeed:0.100000,angle:-14.270000,distense:64.400000,rcs:19.000000
timestame:1619470940.727000000,objid:5,type:0,xpos:0.000000,ypos:0.000000,xspeed:-4.730000,yspeed:1.060000,angle:-14.130000,distense:68.000000,rcs:22.000000
timestame:1619470940.727000000,objid:10,type:0,xpos:0.000000,ypos:0.000000,xspeed:-4.150000,yspeed:0.320000,angle:-10.770000,distense:65.800000,rcs:16.000000
