timestame:1619470168.411000000,objid:0,type:0,xpos:0.000000,ypos:0.000000,xspeed:6.390000,yspeed:0.260000,angle:2.180000,distense:47.000000,rcs:30.000000
timestame:1619470168.411000000,objid:3,type:0,xpos:0.000000,ypos:0.000000,xspeed:8.060000,yspeed:0.250000,angle:5.440000,distense:79.800000,rcs:32.000000
