timestame:1619470667.342000000,objid:3,type:0,xpos:0.000000,ypos:0.000000,xspeed:-1.170000,yspeed:-0.200000,angle:-8.550000,distense:102.000000,rcs:9.000000
timestame:1619470667.342000000,objid:5,type:0,xpos:0.000000,ypos:0.000000,xspeed:6.950000,yspeed:1.570000,angle:21.210000,distense:19.800000,rcs:26.000000
