timestame:1619470735.053000000,objid:1,type:0,xpos:0.000000,ypos:0.000000,xspeed:12.080000,yspeed:-0.180000,angle:1.790000,distense:87.400000,rcs:19.000000
timestame:1619470735.053000000,objid:6,type:0,xpos:0.000000,ypos:0.000000,xspeed:12.210000,yspeed:0.320000,angle:2.160000,distense:76.800000,rcs:31.000000
