timestame:1619470690.357000000,objid:0,type:0,xpos:0.000000,ypos:0.000000,xspeed:-4.860000,yspeed:-0.120000,angle:-18.000000,distense:28.400000,rcs:6.000000
timestame:1619470690.357000000,objid:1,type:0,xpos:0.000000,ypos:0.000000,xspeed:2.330000,yspeed:0.090000,angle:8.550000,distense:28.800000,rcs:30.000000
timestame:1619470690.357000000,objid:2,type:0,xpos:0.000000,ypos:0.000000,xspeed:-1.930000,yspeed:2.800000,angle:-18.000000,distense:40.400000,rcs:13.000000
timestame:1619470690.357000000,objid:3,type:0,xpos:0.000000,ypos:0.000000,xspeed:17.500000,yspeed:0.470000,angle:-18.000000,distense:53.400000,rcs:21.000000
