timestame:1619470079.728000000,objid:0,type:0,xpos:0.000000,ypos:0.000000,xspeed:1.790000,yspeed:-3.730000,angle:19.350000,distense:50.000000,rcs:20.000000
timestame:1619470079.728000000,objid:1,type:0,xpos:0.000000,ypos:0.000000,xspeed:-4.930000,yspeed:-9.230000,angle:-11.320000,distense:45.600000,rcs:12.000000
timestame:1619470079.728000000,objid:4,type:0,xpos:0.000000,ypos:0.000000,xspeed:-6.260000,yspeed:5.720000,angle:2.770000,distense:48.400000,rcs:13.000000
