timestame:1619469889.902000000,objid:2,type:0,xpos:0.000000,ypos:0.000000,xspeed:-3.750000,yspeed:-0.170000,angle:-13.540000,distense:57.000000,rcs:25.000000
timestame:1619469889.902000000,objid:5,type:0,xpos:0.000000,ypos:0.000000,xspeed:-2.830000,yspeed:-0.150000,angle:-17.390000,distense:58.400000,rcs:22.000000
timestame:1619469889.902000000,objid:16,type:0,xpos:0.000000,ypos:0.000000,xspeed:-3.520000,yspeed:-0.280000,angle:-11.200000,distense:68.200000,rcs:19.000000
