timestame:1619470633.802000000,objid:1,type:0,xpos:0.000000,ypos:0.000000,xspeed:-4.080000,yspeed:1.060000,angle:-18.000000,distense:35.200000,rcs:9.000000
timestame:1619470633.802000000,objid:2,type:0,xpos:0.000000,ypos:0.000000,xspeed:-3.050000,yspeed:0.280000,angle:-8.410000,distense:82.800000,rcs:20.000000
