timestame:1619470229.022000000,objid:2,type:0,xpos:0.000000,ypos:0.000000,xspeed:-1.430000,yspeed:-2.970000,angle:-14.610000,distense:41.200000,rcs:31.000000
timestame:1619470229.022000000,objid:8,type:0,xpos:0.000000,ypos:0.000000,xspeed:-1.940000,yspeed:-2.630000,angle:-18.000000,distense:39.200000,rcs:9.000000
timestame:1619470229.022000000,objid:11,type:0,xpos:0.000000,ypos:0.000000,xspeed:-9.550000,yspeed:-3.510000,angle:-4.130000,distense:175.600000,rcs:13.000000
