timestame:1619469951.772000000,objid:4,type:0,xpos:0.000000,ypos:0.000000,xspeed:1.230000,yspeed:-4.300000,angle:-4.550000,distense:55.800000,rcs:22.000000
timestame:1619469951.772000000,objid:5,type:0,xpos:0.000000,ypos:0.000000,xspeed:-1.370000,yspeed:6.660000,angle:18.110000,distense:40.000000,rcs:6.000000
timestame:1619469951.772000000,objid:6,type:0,xpos:0.000000,ypos:0.000000,xspeed:-2.020000,yspeed:7.420000,angle:19.750000,distense:39.800000,rcs:22.000000
timestame:1619469951.772000000,objid:13,type:0,xpos:0.000000,ypos:0.000000,xspeed:-2.350000,yspeed:16.230000,angle:-13.960000,distense:46.400000,rcs:30.000000
