timestame:1619469917.383000000,objid:1,type:0,xpos:0.000000,ypos:0.000000,xspeed:5.500000,yspeed:0.060000,angle:1.490000,distense:114.000000,rcs:16.000000
timestame:1619469917.383000000,objid:8,type:0,xpos:0.000000,ypos:0.000000,xspeed:5.660000,yspeed:0.020000,angle:1.520000,distense:107.600000,rcs:30.000000
