timestame:1619470840.003000000,objid:2,type:0,xpos:0.000000,ypos:0.000000,xspeed:3.860000,yspeed:2.290000,angle:-16.260000,distense:41.600000,rcs:6.000000
timestame:1619470840.003000000,objid:3,type:0,xpos:0.000000,ypos:0.000000,xspeed:2.810000,yspeed:2.280000,angle:-12.630000,distense:39.400000,rcs:15.000000
timestame:1619470840.003000000,objid:7,type:0,xpos:0.000000,ypos:0.000000,xspeed:13.250000,yspeed:0.360000,angle:2.380000,distense:204.400000,rcs:29.000000
