timestame:1619470375.581000000,objid:1,type:0,xpos:0.000000,ypos:0.000000,xspeed:-1.850000,yspeed:-3.370000,angle:-18.000000,distense:37.200000,rcs:27.000000
timestame:1619470375.581000000,objid:5,type:0,xpos:0.000000,ypos:0.000000,xspeed:-1.460000,yspeed:0.000000,angle:-13.550000,distense:39.000000,rcs:27.000000
timestame:1619470375.581000000,objid:8,type:0,xpos:0.000000,ypos:0.000000,xspeed:1.070000,yspeed:-5.180000,angle:-0.540000,distense:63.800000,rcs:21.000000
timestame:1619470375.581000000,objid:18,type:0,xpos:0.000000,ypos:0.000000,xspeed:-7.010000,yspeed:-0.290000,angle:-7.800000,distense:88.000000,rcs:18.000000
