timestame:1619470142.216000000,objid:0,type:0,xpos:0.000000,ypos:0.000000,xspeed:4.900000,yspeed:-0.050000,angle:22.070000,distense:22.400000,rcs:26.000000
timestame:1619470142.216000000,objid:1,type:0,xpos:0.000000,ypos:0.000000,xspeed:1.630000,yspeed:-0.010000,angle:14.930000,distense:28.600000,rcs:16.000000
