timestame:1619470943.637000000,objid:1,type:0,xpos:0.000000,ypos:0.000000,xspeed:-5.890000,yspeed:0.780000,angle:-15.830000,distense:47.200000,rcs:12.000000
timestame:1619470943.637000000,objid:5,type:0,xpos:0.000000,ypos:0.000000,xspeed:-6.230000,yspeed:-0.550000,angle:-18.000000,distense:51.200000,rcs:18.000000
timestame:1619470943.637000000,objid:7,type:0,xpos:0.000000,ypos:0.000000,xspeed:-5.820000,yspeed:-0.390000,angle:-18.000000,distense:47.800000,rcs:19.000000
