timestame:1619470019.648000000,objid:7,type:0,xpos:0.000000,ypos:0.000000,xspeed:-3.640000,yspeed:-1.580000,angle:-18.000000,distense:25.000000,rcs:6.000000
timestame:1619470019.648000000,objid:11,type:0,xpos:0.000000,ypos:0.000000,xspeed:-1.180000,yspeed:-3.100000,angle:-18.000000,distense:37.200000,rcs:24.000000
timestame:1619470019.648000000,objid:13,type:0,xpos:0.000000,ypos:0.000000,xspeed:-2.070000,yspeed:5.440000,angle:-12.290000,distense:42.800000,rcs:9.000000
timestame:1619470019.648000000,objid:15,type:0,xpos:0.000000,ypos:0.000000,xspeed:-1.770000,yspeed:-2.540000,angle:-18.000000,distense:35.200000,rcs:22.000000
