timestame:1619470660.648000000,objid:0,type:0,xpos:0.000000,ypos:0.000000,xspeed:-3.070000,yspeed:-0.730000,angle:-9.320000,distense:99.000000,rcs:9.000000
timestame:1619470660.648000000,objid:1,type:0,xpos:0.000000,ypos:0.000000,xspeed:-15.160000,yspeed:0.000000,angle:-2.730000,distense:30.400000,rcs:16.000000
timestame:1619470660.648000000,objid:2,type:0,xpos:0.000000,ypos:0.000000,xspeed:3.590000,yspeed:3.250000,angle:-13.810000,distense:41.000000,rcs:9.000000
timestame:1619470660.648000000,objid:3,type:0,xpos:0.000000,ypos:0.000000,xspeed:-1.720000,yspeed:-0.110000,angle:-7.340000,distense:110.800000,rcs:15.000000
