timestame:1619471222.209000000,objid:0,type:0,xpos:0.000000,ypos:0.000000,xspeed:1.390000,yspeed:0.360000,angle:1.600000,distense:55.800000,rcs:6.000000
timestame:1619471222.209000000,objid:6,type:0,xpos:0.000000,ypos:0.000000,xspeed:4.080000,yspeed:0.080000,angle:2.070000,distense:59.400000,rcs:15.000000
timestame:1619471222.209000000,objid:9,type:0,xpos:0.000000,ypos:0.000000,xspeed:4.070000,yspeed:0.210000,angle:2.680000,distense:40.600000,rcs:49.000000
timestame:1619471222.209000000,objid:10,type:0,xpos:0.000000,ypos:0.000000,xspeed:3.870000,yspeed:0.290000,angle:1.660000,distense:49.200000,rcs:15.000000
