timestame:1619470881.692000000,objid:3,type:0,xpos:0.000000,ypos:0.000000,xspeed:-1.380000,yspeed:-2.920000,angle:-18.000000,distense:34.600000,rcs:25.000000
timestame:1619470881.692000000,objid:6,type:0,xpos:0.000000,ypos:0.000000,xspeed:-1.230000,yspeed:-1.840000,angle:-18.000000,distense:33.600000,rcs:27.000000
timestame:1619470881.692000000,objid:11,type:0,xpos:0.000000,ypos:0.000000,xspeed:-2.440000,yspeed:-13.130000,angle:18.430000,distense:42.200000,rcs:30.000000
timestame:1619470881.692000000,objid:23,type:0,xpos:0.000000,ypos:0.000000,xspeed:-1.620000,yspeed:-1.930000,angle:-18.000000,distense:49.000000,rcs:9.000000
