timestame:1619470257.159000000,objid:4,type:0,xpos:0.000000,ypos:0.000000,xspeed:3.670000,yspeed:3.300000,angle:-9.790000,distense:43.000000,rcs:6.000000
timestame:1619470257.159000000,objid:8,type:0,xpos:0.000000,ypos:0.000000,xspeed:1.110000,yspeed:3.190000,angle:-5.640000,distense:48.400000,rcs:6.000000
