timestame:1619470060.990000000,objid:0,type:0,xpos:0.000000,ypos:0.000000,xspeed:-11.250000,yspeed:-0.060000,angle:-6.290000,distense:70.600000,rcs:20.000000
timestame:1619470060.990000000,objid:1,type:0,xpos:0.000000,ypos:0.000000,xspeed:-20.550000,yspeed:1.750000,angle:-4.280000,distense:153.000000,rcs:9.000000
timestame:1619470060.990000000,objid:2,type:0,xpos:0.000000,ypos:0.000000,xspeed:-6.480000,yspeed:-2.490000,angle:-5.860000,distense:78.600000,rcs:20.000000
timestame:1619470060.990000000,objid:5,type:0,xpos:0.000000,ypos:0.000000,xspeed:9.770000,yspeed:0.570000,angle:2.940000,distense:195.400000,rcs:20.000000
