timestame:1619470779.385000000,objid:2,type:0,xpos:0.000000,ypos:0.000000,xspeed:2.400000,yspeed:-6.030000,angle:4.800000,distense:43.000000,rcs:35.000000
timestame:1619470779.385000000,objid:4,type:0,xpos:0.000000,ypos:0.000000,xspeed:-1.730000,yspeed:-1.010000,angle:-2.620000,distense:46.600000,rcs:9.000000
timestame:1619470779.385000000,objid:6,type:0,xpos:0.000000,ypos:0.000000,xspeed:3.010000,yspeed:-1.140000,angle:-15.050000,distense:50.600000,rcs:16.000000
timestame:1619470779.385000000,objid:7,type:0,xpos:0.000000,ypos:0.000000,xspeed:-22.440000,yspeed:0.000000,angle:-12.030000,distense:77.600000,rcs:22.000000
