timestame:1619470256.482000000,objid:4,type:0,xpos:0.000000,ypos:0.000000,xspeed:3.900000,yspeed:3.180000,angle:-11.110000,distense:40.000000,rcs:6.000000
timestame:1619470256.482000000,objid:8,type:0,xpos:0.000000,ypos:0.000000,xspeed:1.310000,yspeed:2.830000,angle:-7.620000,distense:46.600000,rcs:6.000000
