timestame:1619469784.346000000,objid:2,type:0,xpos:0.000000,ypos:0.000000,xspeed:16.970000,yspeed:-0.130000,angle:0.940000,distense:166.800000,rcs:13.000000
timestame:1619469784.346000000,objid:4,type:0,xpos:0.000000,ypos:0.000000,xspeed:-17.530000,yspeed:-0.360000,angle:-6.730000,distense:127.400000,rcs:12.000000
timestame:1619469784.346000000,objid:5,type:0,xpos:0.000000,ypos:0.000000,xspeed:1.600000,yspeed:3.520000,angle:-1.820000,distense:47.600000,rcs:6.000000
timestame:1619469784.346000000,objid:10,type:0,xpos:0.000000,ypos:0.000000,xspeed:16.680000,yspeed:0.250000,angle:1.290000,distense:154.000000,rcs:31.000000
