timestame:1619470770.933000000,objid:0,type:0,xpos:0.000000,ypos:0.000000,xspeed:-10.760000,yspeed:-0.260000,angle:-5.880000,distense:144.400000,rcs:15.000000
timestame:1619470770.933000000,objid:1,type:0,xpos:0.000000,ypos:0.000000,xspeed:12.600000,yspeed:0.210000,angle:1.880000,distense:100.400000,rcs:22.000000
timestame:1619470770.933000000,objid:2,type:0,xpos:0.000000,ypos:0.000000,xspeed:-11.100000,yspeed:1.060000,angle:-6.130000,distense:141.000000,rcs:12.000000
