timestame:1619470473.980000000,objid:1,type:0,xpos:0.000000,ypos:0.000000,xspeed:-12.050000,yspeed:-0.820000,angle:-4.700000,distense:147.400000,rcs:13.000000
timestame:1619470473.980000000,objid:2,type:0,xpos:0.000000,ypos:0.000000,xspeed:1.340000,yspeed:-1.120000,angle:14.190000,distense:71.200000,rcs:6.000000
