timestame:1619471259.688000000,objid:2,type:0,xpos:0.000000,ypos:0.000000,xspeed:12.270000,yspeed:0.440000,angle:4.970000,distense:70.800000,rcs:37.000000
timestame:1619471259.688000000,objid:3,type:0,xpos:0.000000,ypos:0.000000,xspeed:-14.780000,yspeed:-0.640000,angle:-18.000000,distense:36.200000,rcs:15.000000
timestame:1619471259.688000000,objid:6,type:0,xpos:0.000000,ypos:0.000000,xspeed:12.360000,yspeed:0.190000,angle:4.980000,distense:83.000000,rcs:15.000000
timestame:1619471259.688000000,objid:10,type:0,xpos:0.000000,ypos:0.000000,xspeed:12.250000,yspeed:0.600000,angle:5.670000,distense:58.800000,rcs:26.000000
