timestame:1619470770.502000000,objid:0,type:0,xpos:0.000000,ypos:0.000000,xspeed:-10.940000,yspeed:-0.280000,angle:-5.700000,distense:148.800000,rcs:9.000000
timestame:1619470770.502000000,objid:1,type:0,xpos:0.000000,ypos:0.000000,xspeed:12.250000,yspeed:0.250000,angle:1.980000,distense:94.400000,rcs:22.000000
timestame:1619470770.502000000,objid:2,type:0,xpos:0.000000,ypos:0.000000,xspeed:-11.000000,yspeed:0.250000,angle:-6.300000,distense:145.600000,rcs:12.000000
