timestame:1619470051.656000000,objid:0,type:0,xpos:0.000000,ypos:0.000000,xspeed:7.300000,yspeed:-0.220000,angle:3.000000,distense:117.600000,rcs:6.000000
timestame:1619470051.656000000,objid:5,type:0,xpos:0.000000,ypos:0.000000,xspeed:7.290000,yspeed:0.090000,angle:3.660000,distense:108.000000,rcs:26.000000
