timestame:1619470872.813000000,objid:1,type:0,xpos:0.000000,ypos:0.000000,xspeed:-9.430000,yspeed:-2.820000,angle:-5.530000,distense:132.400000,rcs:9.000000
timestame:1619470872.813000000,objid:4,type:0,xpos:0.000000,ypos:0.000000,xspeed:3.690000,yspeed:-0.270000,angle:0.110000,distense:18.200000,rcs:38.000000
timestame:1619470872.813000000,objid:9,type:0,xpos:0.000000,ypos:0.000000,xspeed:2.330000,yspeed:0.000000,angle:-1.900000,distense:27.600000,rcs:12.000000
