timestame:1619471313.805000000,objid:1,type:0,xpos:0.000000,ypos:0.000000,xspeed:-14.550000,yspeed:-1.370000,angle:-3.700000,distense:169.600000,rcs:19.000000
timestame:1619471313.805000000,objid:2,type:0,xpos:0.000000,ypos:0.000000,xspeed:1.820000,yspeed:4.050000,angle:-5.100000,distense:48.600000,rcs:6.000000
timestame:1619471313.805000000,objid:3,type:0,xpos:0.000000,ypos:0.000000,xspeed:2.680000,yspeed:4.300000,angle:-7.430000,distense:44.400000,rcs:6.000000
timestame:1619471313.805000000,objid:4,type:0,xpos:0.000000,ypos:0.000000,xspeed:-1.280000,yspeed:5.320000,angle:13.110000,distense:36.400000,rcs:9.000000
