timestame:1619470016.544000000,objid:1,type:0,xpos:0.000000,ypos:0.000000,xspeed:-1.010000,yspeed:-2.470000,angle:8.100000,distense:37.800000,rcs:9.000000
timestame:1619470016.544000000,objid:5,type:0,xpos:0.000000,ypos:0.000000,xspeed:-1.210000,yspeed:-1.980000,angle:-18.000000,distense:35.400000,rcs:9.000000
timestame:1619470016.544000000,objid:14,type:0,xpos:0.000000,ypos:0.000000,xspeed:-1.830000,yspeed:-1.650000,angle:-18.000000,distense:32.600000,rcs:23.000000
