timestame:1619470461.960000000,objid:0,type:0,xpos:0.000000,ypos:0.000000,xspeed:-15.360000,yspeed:-0.850000,angle:-9.260000,distense:77.600000,rcs:16.000000
timestame:1619470461.960000000,objid:2,type:0,xpos:0.000000,ypos:0.000000,xspeed:5.970000,yspeed:0.140000,angle:3.280000,distense:187.000000,rcs:12.000000
