timestame:1619471223.194000000,objid:0,type:0,xpos:0.000000,ypos:0.000000,xspeed:2.260000,yspeed:0.320000,angle:1.770000,distense:59.200000,rcs:12.000000
timestame:1619471223.194000000,objid:1,type:0,xpos:0.000000,ypos:0.000000,xspeed:5.770000,yspeed:-1.450000,angle:-6.620000,distense:27.200000,rcs:19.000000
timestame:1619471223.194000000,objid:6,type:0,xpos:0.000000,ypos:0.000000,xspeed:4.340000,yspeed:0.250000,angle:2.370000,distense:63.800000,rcs:9.000000
timestame:1619471223.194000000,objid:9,type:0,xpos:0.000000,ypos:0.000000,xspeed:4.350000,yspeed:0.430000,angle:3.300000,distense:45.200000,rcs:40.000000
