timestame:1619470485.850000000,objid:1,type:0,xpos:0.000000,ypos:0.000000,xspeed:-2.790000,yspeed:-0.280000,angle:-9.220000,distense:79.400000,rcs:15.000000
timestame:1619470485.850000000,objid:2,type:0,xpos:0.000000,ypos:0.000000,xspeed:1.790000,yspeed:-7.380000,angle:-1.020000,distense:64.200000,rcs:23.000000
timestame:1619470485.850000000,objid:4,type:0,xpos:0.000000,ypos:0.000000,xspeed:-1.480000,yspeed:-5.000000,angle:-15.550000,distense:39.400000,rcs:29.000000
timestame:1619470485.850000000,objid:6,type:0,xpos:0.000000,ypos:0.000000,xspeed:-2.270000,yspeed:-20.440000,angle:-6.260000,distense:39.400000,rcs:23.000000
