timestame:1619471364.198000000,objid:1,type:0,xpos:0.000000,ypos:0.000000,xspeed:1.970000,yspeed:2.200000,angle:4.550000,distense:94.600000,rcs:22.000000
timestame:1619471364.198000000,objid:2,type:0,xpos:0.000000,ypos:0.000000,xspeed:6.760000,yspeed:-0.190000,angle:3.950000,distense:98.600000,rcs:15.000000
timestame:1619471364.198000000,objid:4,type:0,xpos:0.000000,ypos:0.000000,xspeed:6.590000,yspeed:0.030000,angle:4.790000,distense:92.000000,rcs:23.000000
timestame:1619471364.198000000,objid:7,type:0,xpos:0.000000,ypos:0.000000,xspeed:10.680000,yspeed:0.110000,angle:1.480000,distense:119.200000,rcs:27.000000
