timestame:1619470596.967000000,objid:1,type:0,xpos:0.000000,ypos:0.000000,xspeed:5.280000,yspeed:3.320000,angle:-14.020000,distense:37.400000,rcs:24.000000
timestame:1619470596.967000000,objid:3,type:0,xpos:0.000000,ypos:0.000000,xspeed:-3.470000,yspeed:1.330000,angle:7.350000,distense:173.800000,rcs:6.000000
timestame:1619470596.967000000,objid:5,type:0,xpos:0.000000,ypos:0.000000,xspeed:4.590000,yspeed:4.290000,angle:-10.290000,distense:48.000000,rcs:6.000000
