timestame:1619471096.645000000,objid:2,type:0,xpos:0.000000,ypos:0.000000,xspeed:8.210000,yspeed:-0.140000,angle:1.220000,distense:93.000000,rcs:36.000000
timestame:1619471096.645000000,objid:3,type:0,xpos:0.000000,ypos:0.000000,xspeed:-13.950000,yspeed:0.990000,angle:-9.440000,distense:72.000000,rcs:25.000000
