timestame:1619470164.133000000,objid:3,type:0,xpos:0.000000,ypos:0.000000,xspeed:5.570000,yspeed:0.510000,angle:7.740000,distense:45.600000,rcs:34.000000
timestame:1619470164.133000000,objid:6,type:0,xpos:0.000000,ypos:0.000000,xspeed:1.080000,yspeed:0.250000,angle:1.310000,distense:21.000000,rcs:23.000000
