timestame:1619470840.865000000,objid:0,type:0,xpos:0.000000,ypos:0.000000,xspeed:1.060000,yspeed:2.240000,angle:-6.560000,distense:40.600000,rcs:9.000000
timestame:1619470840.865000000,objid:3,type:0,xpos:0.000000,ypos:0.000000,xspeed:2.660000,yspeed:2.620000,angle:-10.920000,distense:42.400000,rcs:6.000000
timestame:1619470840.865000000,objid:7,type:0,xpos:0.000000,ypos:0.000000,xspeed:13.370000,yspeed:0.440000,angle:2.410000,distense:215.800000,rcs:27.000000
