timestame:1619470025.502000000,objid:0,type:0,xpos:0.000000,ypos:0.000000,xspeed:6.990000,yspeed:0.000000,angle:2.370000,distense:31.200000,rcs:9.000000
timestame:1619470025.502000000,objid:7,type:0,xpos:0.000000,ypos:0.000000,xspeed:-14.210000,yspeed:0.010000,angle:-18.000000,distense:23.000000,rcs:6.000000
timestame:1619470025.502000000,objid:9,type:0,xpos:0.000000,ypos:0.000000,xspeed:-1.880000,yspeed:-0.890000,angle:-18.000000,distense:28.600000,rcs:6.000000
timestame:1619470025.502000000,objid:15,type:0,xpos:0.000000,ypos:0.000000,xspeed:-2.240000,yspeed:-0.550000,angle:-18.000000,distense:27.200000,rcs:6.000000
