timestame:1619470640.944000000,objid:2,type:0,xpos:0.000000,ypos:0.000000,xspeed:-6.710000,yspeed:-0.440000,angle:-4.740000,distense:182.000000,rcs:9.000000
timestame:1619470640.944000000,objid:8,type:0,xpos:0.000000,ypos:0.000000,xspeed:-4.430000,yspeed:11.500000,angle:-6.000000,distense:41.000000,rcs:30.000000
timestame:1619470640.944000000,objid:13,type:0,xpos:0.000000,ypos:0.000000,xspeed:-2.750000,yspeed:4.500000,angle:-16.040000,distense:44.200000,rcs:16.000000
timestame:1619470640.944000000,objid:14,type:0,xpos:0.000000,ypos:0.000000,xspeed:3.140000,yspeed:-7.840000,angle:8.010000,distense:167.400000,rcs:9.000000
