timestame:1619469635.625000000,objid:2,type:0,xpos:0.000000,ypos:0.000000,xspeed:2.350000,yspeed:0.510000,angle:20.720000,distense:22.000000,rcs:35.000000
timestame:1619469635.625000000,objid:3,type:0,xpos:0.000000,ypos:0.000000,xspeed:-5.430000,yspeed:3.220000,angle:0.570000,distense:47.000000,rcs:18.000000
timestame:1619469635.625000000,objid:4,type:0,xpos:0.000000,ypos:0.000000,xspeed:4.060000,yspeed:0.550000,angle:22.250000,distense:30.400000,rcs:18.000000
timestame:1619469635.625000000,objid:5,type:0,xpos:0.000000,ypos:0.000000,xspeed:3.790000,yspeed:2.210000,angle:20.260000,distense:26.200000,rcs:33.000000
