timestame:1619471235.962000000,objid:0,type:0,xpos:0.000000,ypos:0.000000,xspeed:8.130000,yspeed:0.070000,angle:1.370000,distense:141.600000,rcs:12.000000
timestame:1619471235.962000000,objid:9,type:0,xpos:0.000000,ypos:0.000000,xspeed:7.880000,yspeed:0.090000,angle:1.460000,distense:131.400000,rcs:27.000000
