timestame:1619470137.440000000,objid:7,type:0,xpos:0.000000,ypos:0.000000,xspeed:-3.380000,yspeed:-0.240000,angle:-10.090000,distense:74.800000,rcs:6.000000
timestame:1619470137.440000000,objid:8,type:0,xpos:0.000000,ypos:0.000000,xspeed:2.890000,yspeed:3.960000,angle:-5.380000,distense:46.200000,rcs:6.000000
