timestame:1619469538.622000000,objid:4,type:0,xpos:0.000000,ypos:0.000000,xspeed:17.110000,yspeed:0.280000,angle:1.620000,distense:140.800000,rcs:20.000000
timestame:1619469538.622000000,objid:7,type:0,xpos:0.000000,ypos:0.000000,xspeed:17.090000,yspeed:0.200000,angle:1.270000,distense:148.200000,rcs:12.000000
