timestame:1619471266.866000000,objid:0,type:0,xpos:0.000000,ypos:0.000000,xspeed:13.430000,yspeed:0.240000,angle:2.510000,distense:188.400000,rcs:9.000000
timestame:1619471266.866000000,objid:2,type:0,xpos:0.000000,ypos:0.000000,xspeed:13.330000,yspeed:0.090000,angle:2.300000,distense:164.000000,rcs:16.000000
timestame:1619471266.866000000,objid:6,type:0,xpos:0.000000,ypos:0.000000,xspeed:13.270000,yspeed:0.100000,angle:2.200000,distense:176.000000,rcs:13.000000
timestame:1619471266.866000000,objid:10,type:0,xpos:0.000000,ypos:0.000000,xspeed:13.320000,yspeed:0.060000,angle:2.320000,distense:151.600000,rcs:24.000000
