timestame:1619470982.533000000,objid:0,type:0,xpos:0.000000,ypos:0.000000,xspeed:8.050000,yspeed:0.210000,angle:2.330000,distense:170.600000,rcs:24.000000
timestame:1619470982.533000000,objid:1,type:0,xpos:0.000000,ypos:0.000000,xspeed:-15.570000,yspeed:-0.230000,angle:-6.050000,distense:105.400000,rcs:22.000000
timestame:1619470982.533000000,objid:2,type:0,xpos:0.000000,ypos:0.000000,xspeed:-21.280000,yspeed:-6.550000,angle:-4.090000,distense:154.400000,rcs:6.000000
timestame:1619470982.533000000,objid:3,type:0,xpos:0.000000,ypos:0.000000,xspeed:3.240000,yspeed:-3.020000,angle:14.960000,distense:65.800000,rcs:12.000000
