timestame:1619469948.172000000,objid:3,type:0,xpos:0.000000,ypos:0.000000,xspeed:1.120000,yspeed:0.080000,angle:0.920000,distense:18.200000,rcs:20.000000
timestame:1619469948.172000000,objid:5,type:0,xpos:0.000000,ypos:0.000000,xspeed:3.350000,yspeed:-6.390000,angle:19.200000,distense:46.000000,rcs:18.000000
timestame:1619469948.172000000,objid:8,type:0,xpos:0.000000,ypos:0.000000,xspeed:-1.030000,yspeed:10.530000,angle:-18.000000,distense:49.000000,rcs:15.000000
