timestame:1619470122.429000000,objid:1,type:0,xpos:0.000000,ypos:0.000000,xspeed:8.610000,yspeed:1.960000,angle:18.080000,distense:34.400000,rcs:22.000000
timestame:1619470122.429000000,objid:4,type:0,xpos:0.000000,ypos:0.000000,xspeed:3.110000,yspeed:1.050000,angle:-15.000000,distense:21.200000,rcs:6.000000
timestame:1619470122.429000000,objid:6,type:0,xpos:0.000000,ypos:0.000000,xspeed:5.340000,yspeed:1.440000,angle:20.930000,distense:26.200000,rcs:34.000000
timestame:1619470122.429000000,objid:8,type:0,xpos:0.000000,ypos:0.000000,xspeed:4.000000,yspeed:1.480000,angle:-16.960000,distense:28.000000,rcs:37.000000
