timestame:1619471029.338000000,objid:0,type:0,xpos:0.000000,ypos:0.000000,xspeed:12.850000,yspeed:0.070000,angle:-11.550000,distense:54.000000,rcs:12.000000
timestame:1619471029.338000000,objid:3,type:0,xpos:0.000000,ypos:0.000000,xspeed:4.660000,yspeed:0.890000,angle:-16.280000,distense:22.600000,rcs:22.000000
timestame:1619471029.338000000,objid:5,type:0,xpos:0.000000,ypos:0.000000,xspeed:5.150000,yspeed:0.760000,angle:20.970000,distense:28.600000,rcs:20.000000
timestame:1619471029.338000000,objid:8,type:0,xpos:0.000000,ypos:0.000000,xspeed:-3.270000,yspeed:7.570000,angle:-1.490000,distense:50.600000,rcs:6.000000
