timestame:1619471234.782000000,objid:0,type:0,xpos:0.000000,ypos:0.000000,xspeed:7.910000,yspeed:-0.110000,angle:1.300000,distense:131.600000,rcs:6.000000
timestame:1619471234.782000000,objid:9,type:0,xpos:0.000000,ypos:0.000000,xspeed:7.450000,yspeed:0.090000,angle:1.530000,distense:121.200000,rcs:32.000000
