timestame:1619470105.047000000,objid:1,type:0,xpos:0.000000,ypos:0.000000,xspeed:8.090000,yspeed:2.710000,angle:-16.860000,distense:25.200000,rcs:37.000000
timestame:1619470105.047000000,objid:6,type:0,xpos:0.000000,ypos:0.000000,xspeed:-2.640000,yspeed:-0.140000,angle:16.400000,distense:24.800000,rcs:9.000000
timestame:1619470105.047000000,objid:9,type:0,xpos:0.000000,ypos:0.000000,xspeed:3.730000,yspeed:1.990000,angle:-17.440000,distense:23.600000,rcs:36.000000
timestame:1619470105.047000000,objid:11,type:0,xpos:0.000000,ypos:0.000000,xspeed:1.910000,yspeed:0.560000,angle:13.940000,distense:21.400000,rcs:6.000000
