timestame:1619469997.827000000,objid:0,type:0,xpos:0.000000,ypos:0.000000,xspeed:-1.460000,yspeed:0.000000,angle:16.150000,distense:42.400000,rcs:32.000000
timestame:1619469997.827000000,objid:10,type:0,xpos:0.000000,ypos:0.000000,xspeed:-1.030000,yspeed:-3.240000,angle:-18.000000,distense:37.400000,rcs:26.000000
timestame:1619469997.827000000,objid:11,type:0,xpos:0.000000,ypos:0.000000,xspeed:-1.110000,yspeed:-0.720000,angle:-18.000000,distense:33.800000,rcs:18.000000
timestame:1619469997.827000000,objid:15,type:0,xpos:0.000000,ypos:0.000000,xspeed:-1.210000,yspeed:-2.310000,angle:-18.000000,distense:35.800000,rcs:19.000000
