timestame:1619469876.273000000,objid:6,type:0,xpos:0.000000,ypos:0.000000,xspeed:-1.020000,yspeed:0.350000,angle:-17.480000,distense:39.600000,rcs:13.000000
timestame:1619469876.273000000,objid:13,type:0,xpos:0.000000,ypos:0.000000,xspeed:-1.120000,yspeed:-0.660000,angle:-14.790000,distense:40.800000,rcs:6.000000
timestame:1619469876.273000000,objid:17,type:0,xpos:0.000000,ypos:0.000000,xspeed:1.030000,yspeed:-3.370000,angle:5.550000,distense:67.600000,rcs:9.000000
