timestame:1619469536.077000000,objid:4,type:0,xpos:0.000000,ypos:0.000000,xspeed:16.540000,yspeed:0.380000,angle:1.960000,distense:97.200000,rcs:26.000000
timestame:1619469536.077000000,objid:7,type:0,xpos:0.000000,ypos:0.000000,xspeed:16.210000,yspeed:0.390000,angle:1.670000,distense:104.200000,rcs:13.000000
