timestame:1619469816.350000000,objid:3,type:0,xpos:0.000000,ypos:0.000000,xspeed:1.300000,yspeed:-3.230000,angle:-6.510000,distense:50.000000,rcs:18.000000
timestame:1619469816.350000000,objid:4,type:0,xpos:0.000000,ypos:0.000000,xspeed:-8.870000,yspeed:-1.920000,angle:-4.930000,distense:176.000000,rcs:9.000000
timestame:1619469816.350000000,objid:6,type:0,xpos:0.000000,ypos:0.000000,xspeed:4.110000,yspeed:2.900000,angle:22.520000,distense:27.600000,rcs:13.000000
timestame:1619469816.350000000,objid:10,type:0,xpos:0.000000,ypos:0.000000,xspeed:2.130000,yspeed:-3.780000,angle:22.410000,distense:46.000000,rcs:27.000000
