timestame:1619470647.630000000,objid:2,type:0,xpos:0.000000,ypos:0.000000,xspeed:-5.590000,yspeed:-0.110000,angle:-6.060000,distense:142.400000,rcs:9.000000
timestame:1619470647.630000000,objid:4,type:0,xpos:0.000000,ypos:0.000000,xspeed:-1.570000,yspeed:-3.580000,angle:-18.000000,distense:41.400000,rcs:21.000000
timestame:1619470647.630000000,objid:7,type:0,xpos:0.000000,ypos:0.000000,xspeed:1.390000,yspeed:-5.260000,angle:16.460000,distense:45.400000,rcs:30.000000
timestame:1619470647.630000000,objid:9,type:0,xpos:0.000000,ypos:0.000000,xspeed:-1.320000,yspeed:-2.510000,angle:-9.090000,distense:41.800000,rcs:31.000000
