timestame:1619471136.376000000,objid:3,type:0,xpos:0.000000,ypos:0.000000,xspeed:-2.990000,yspeed:-5.680000,angle:13.730000,distense:38.600000,rcs:34.000000
timestame:1619471136.376000000,objid:4,type:0,xpos:0.000000,ypos:0.000000,xspeed:3.630000,yspeed:-1.500000,angle:11.140000,distense:41.400000,rcs:32.000000
