timestame:1619469917.630000000,objid:1,type:0,xpos:0.000000,ypos:0.000000,xspeed:5.620000,yspeed:0.130000,angle:1.570000,distense:115.600000,rcs:20.000000
timestame:1619469917.630000000,objid:8,type:0,xpos:0.000000,ypos:0.000000,xspeed:5.740000,yspeed:0.020000,angle:1.510000,distense:109.200000,rcs:23.000000
