timestame:1619470448.852000000,objid:0,type:0,xpos:0.000000,ypos:0.000000,xspeed:18.900000,yspeed:1.100000,angle:1.400000,distense:217.400000,rcs:9.000000
timestame:1619470448.852000000,objid:1,type:0,xpos:0.000000,ypos:0.000000,xspeed:-5.540000,yspeed:-2.380000,angle:4.760000,distense:171.200000,rcs:6.000000
timestame:1619470448.852000000,objid:2,type:0,xpos:0.000000,ypos:0.000000,xspeed:4.780000,yspeed:-0.180000,angle:6.010000,distense:113.600000,rcs:16.000000
