timestame:1619471227.893000000,objid:0,type:0,xpos:0.000000,ypos:0.000000,xspeed:5.410000,yspeed:0.500000,angle:2.320000,distense:81.200000,rcs:15.000000
timestame:1619471227.893000000,objid:1,type:0,xpos:0.000000,ypos:0.000000,xspeed:4.620000,yspeed:-3.630000,angle:-16.120000,distense:53.400000,rcs:22.000000
timestame:1619471227.893000000,objid:9,type:0,xpos:0.000000,ypos:0.000000,xspeed:5.810000,yspeed:0.170000,angle:2.250000,distense:72.000000,rcs:30.000000
