timestame:1619471517.675000000,objid:3,type:0,xpos:0.000000,ypos:0.000000,xspeed:29.220000,yspeed:-0.240000,angle:0.270000,distense:183.200000,rcs:9.000000
timestame:1619471517.675000000,objid:7,type:0,xpos:0.000000,ypos:0.000000,xspeed:16.090000,yspeed:0.280000,angle:1.590000,distense:176.000000,rcs:13.000000
timestame:1619471517.675000000,objid:10,type:0,xpos:0.000000,ypos:0.000000,xspeed:16.050000,yspeed:0.130000,angle:1.370000,distense:165.400000,rcs:28.000000
