timestame:1619469621.117000000,objid:1,type:0,xpos:0.000000,ypos:0.000000,xspeed:-2.680000,yspeed:0.050000,angle:-14.190000,distense:67.000000,rcs:20.000000
timestame:1619469621.117000000,objid:2,type:0,xpos:0.000000,ypos:0.000000,xspeed:-3.360000,yspeed:-0.610000,angle:-12.470000,distense:78.600000,rcs:20.000000
timestame:1619469621.117000000,objid:4,type:0,xpos:0.000000,ypos:0.000000,xspeed:-15.620000,yspeed:0.240000,angle:-6.390000,distense:95.000000,rcs:9.000000
