timestame:1619470965.240000000,objid:0,type:0,xpos:0.000000,ypos:0.000000,xspeed:4.130000,yspeed:0.220000,angle:6.150000,distense:57.400000,rcs:30.000000
timestame:1619470965.240000000,objid:1,type:0,xpos:0.000000,ypos:0.000000,xspeed:12.690000,yspeed:-0.960000,angle:0.780000,distense:138.800000,rcs:9.000000
timestame:1619470965.240000000,objid:6,type:0,xpos:0.000000,ypos:0.000000,xspeed:10.720000,yspeed:0.490000,angle:2.050000,distense:116.400000,rcs:31.000000
timestame:1619470965.240000000,objid:12,type:0,xpos:0.000000,ypos:0.000000,xspeed:3.040000,yspeed:-0.050000,angle:4.660000,distense:64.400000,rcs:20.000000
