timestame:1619469976.702000000,objid:2,type:0,xpos:0.000000,ypos:0.000000,xspeed:-1.300000,yspeed:-1.010000,angle:-18.000000,distense:32.000000,rcs:18.000000
timestame:1619469976.702000000,objid:4,type:0,xpos:0.000000,ypos:0.000000,xspeed:1.530000,yspeed:-1.810000,angle:5.840000,distense:44.200000,rcs:31.000000
timestame:1619469976.702000000,objid:6,type:0,xpos:0.000000,ypos:0.000000,xspeed:-2.190000,yspeed:-2.770000,angle:-18.000000,distense:33.600000,rcs:18.000000
timestame:1619469976.702000000,objid:7,type:0,xpos:0.000000,ypos:0.000000,xspeed:-3.890000,yspeed:-4.510000,angle:-18.000000,distense:34.400000,rcs:9.000000
