timestame:1619470764.997000000,objid:0,type:0,xpos:0.000000,ypos:0.000000,xspeed:-4.780000,yspeed:-3.830000,angle:-18.000000,distense:33.400000,rcs:9.000000
timestame:1619470764.997000000,objid:4,type:0,xpos:0.000000,ypos:0.000000,xspeed:-2.040000,yspeed:-1.290000,angle:-18.000000,distense:31.600000,rcs:20.000000
timestame:1619470764.997000000,objid:5,type:0,xpos:0.000000,ypos:0.000000,xspeed:-1.810000,yspeed:-1.930000,angle:-18.000000,distense:34.800000,rcs:9.000000
timestame:1619470764.997000000,objid:9,type:0,xpos:0.000000,ypos:0.000000,xspeed:5.570000,yspeed:0.380000,angle:2.800000,distense:36.600000,rcs:32.000000
