timestame:1619471405.088000000,objid:0,type:0,xpos:0.000000,ypos:0.000000,xspeed:1.430000,yspeed:-1.190000,angle:7.790000,distense:44.600000,rcs:28.000000
timestame:1619471405.088000000,objid:2,type:0,xpos:0.000000,ypos:0.000000,xspeed:-4.060000,yspeed:0.140000,angle:21.270000,distense:45.200000,rcs:32.000000
timestame:1619471405.088000000,objid:10,type:0,xpos:0.000000,ypos:0.000000,xspeed:-1.400000,yspeed:-0.040000,angle:-14.750000,distense:46.200000,rcs:28.000000
