timestame:1619469854.311000000,objid:0,type:0,xpos:0.000000,ypos:0.000000,xspeed:3.630000,yspeed:-3.800000,angle:3.030000,distense:49.600000,rcs:29.000000
timestame:1619469854.311000000,objid:10,type:0,xpos:0.000000,ypos:0.000000,xspeed:-11.590000,yspeed:-0.010000,angle:-4.330000,distense:147.400000,rcs:18.000000
