timestame:1619470215.995000000,objid:2,type:0,xpos:0.000000,ypos:0.000000,xspeed:-4.670000,yspeed:0.000000,angle:-12.790000,distense:41.400000,rcs:6.000000
timestame:1619470215.995000000,objid:7,type:0,xpos:0.000000,ypos:0.000000,xspeed:-2.500000,yspeed:6.900000,angle:-3.630000,distense:42.000000,rcs:24.000000
timestame:1619470215.995000000,objid:11,type:0,xpos:0.000000,ypos:0.000000,xspeed:-1.210000,yspeed:5.420000,angle:-11.560000,distense:40.600000,rcs:13.000000
