timestame:1619469645.607000000,objid:2,type:0,xpos:0.000000,ypos:0.000000,xspeed:12.650000,yspeed:1.010000,angle:5.610000,distense:72.600000,rcs:15.000000
timestame:1619469645.607000000,objid:6,type:0,xpos:0.000000,ypos:0.000000,xspeed:12.210000,yspeed:0.560000,angle:4.980000,distense:82.000000,rcs:16.000000
timestame:1619469645.607000000,objid:13,type:0,xpos:0.000000,ypos:0.000000,xspeed:15.160000,yspeed:0.530000,angle:2.210000,distense:129.000000,rcs:31.000000
timestame:1619469645.607000000,objid:14,type:0,xpos:0.000000,ypos:0.000000,xspeed:12.840000,yspeed:0.400000,angle:5.470000,distense:69.800000,rcs:23.000000
