timestame:1619470278.235000000,objid:1,type:0,xpos:0.000000,ypos:0.000000,xspeed:-10.300000,yspeed:0.120000,angle:-6.000000,distense:80.400000,rcs:9.000000
timestame:1619470278.235000000,objid:2,type:0,xpos:0.000000,ypos:0.000000,xspeed:-2.300000,yspeed:0.040000,angle:-7.310000,distense:85.600000,rcs:9.000000
timestame:1619470278.235000000,objid:3,type:0,xpos:0.000000,ypos:0.000000,xspeed:-2.530000,yspeed:0.050000,angle:-8.920000,distense:76.600000,rcs:21.000000
timestame:1619470278.235000000,objid:11,type:0,xpos:0.000000,ypos:0.000000,xspeed:-2.710000,yspeed:-0.290000,angle:-10.650000,distense:70.400000,rcs:18.000000
