timestame:1619470058.490000000,objid:0,type:0,xpos:0.000000,ypos:0.000000,xspeed:-13.180000,yspeed:0.750000,angle:-4.100000,distense:97.400000,rcs:15.000000
timestame:1619470058.490000000,objid:5,type:0,xpos:0.000000,ypos:0.000000,xspeed:9.350000,yspeed:0.300000,angle:2.740000,distense:171.200000,rcs:26.000000
