timestame:1619470032.702000000,objid:1,type:0,xpos:0.000000,ypos:0.000000,xspeed:7.440000,yspeed:0.350000,angle:2.490000,distense:54.200000,rcs:35.000000
timestame:1619470032.702000000,objid:3,type:0,xpos:0.000000,ypos:0.000000,xspeed:9.900000,yspeed:0.000000,angle:0.370000,distense:18.400000,rcs:33.000000
timestame:1619470032.702000000,objid:4,type:0,xpos:0.000000,ypos:0.000000,xspeed:12.180000,yspeed:0.190000,angle:1.800000,distense:88.800000,rcs:20.000000
timestame:1619470032.702000000,objid:7,type:0,xpos:0.000000,ypos:0.000000,xspeed:1.330000,yspeed:-0.220000,angle:7.450000,distense:22.800000,rcs:15.000000
