timestame:1619470189.619000000,objid:1,type:0,xpos:0.000000,ypos:0.000000,xspeed:1.240000,yspeed:2.830000,angle:-6.360000,distense:43.800000,rcs:6.000000
timestame:1619470189.619000000,objid:2,type:0,xpos:0.000000,ypos:0.000000,xspeed:-5.740000,yspeed:3.660000,angle:-4.050000,distense:53.600000,rcs:26.000000
timestame:1619470189.619000000,objid:7,type:0,xpos:0.000000,ypos:0.000000,xspeed:3.840000,yspeed:0.150000,angle:5.810000,distense:136.600000,rcs:16.000000
timestame:1619470189.619000000,objid:11,type:0,xpos:0.000000,ypos:0.000000,xspeed:4.600000,yspeed:0.200000,angle:4.290000,distense:135.400000,rcs:20.000000
