timestame:1619469761.753000000,objid:3,type:0,xpos:0.000000,ypos:0.000000,xspeed:5.480000,yspeed:0.860000,angle:21.500000,distense:19.600000,rcs:21.000000
timestame:1619469761.753000000,objid:5,type:0,xpos:0.000000,ypos:0.000000,xspeed:-19.130000,yspeed:1.800000,angle:-11.360000,distense:82.000000,rcs:20.000000
timestame:1619469761.753000000,objid:6,type:0,xpos:0.000000,ypos:0.000000,xspeed:7.640000,yspeed:8.660000,angle:-14.050000,distense:16.800000,rcs:18.000000
