timestame:1619471311.882000000,objid:2,type:0,xpos:0.000000,ypos:0.000000,xspeed:2.700000,yspeed:3.120000,angle:-12.720000,distense:41.800000,rcs:9.000000
timestame:1619471311.882000000,objid:3,type:0,xpos:0.000000,ypos:0.000000,xspeed:3.640000,yspeed:2.110000,angle:-16.220000,distense:35.600000,rcs:20.000000
timestame:1619471311.882000000,objid:4,type:0,xpos:0.000000,ypos:0.000000,xspeed:-1.110000,yspeed:5.090000,angle:-2.810000,distense:38.000000,rcs:23.000000
