timestame:1619470739.145000000,objid:0,type:0,xpos:0.000000,ypos:0.000000,xspeed:-16.100000,yspeed:-0.630000,angle:-5.450000,distense:129.400000,rcs:6.000000
timestame:1619470739.145000000,objid:1,type:0,xpos:0.000000,ypos:0.000000,xspeed:11.900000,yspeed:-0.080000,angle:1.010000,distense:136.000000,rcs:6.000000
timestame:1619470739.145000000,objid:6,type:0,xpos:0.000000,ypos:0.000000,xspeed:12.270000,yspeed:0.130000,angle:1.390000,distense:126.200000,rcs:31.000000
