timestame:1619471210.360000000,objid:0,type:0,xpos:0.000000,ypos:0.000000,xspeed:-8.250000,yspeed:-1.210000,angle:-18.000000,distense:51.000000,rcs:16.000000
timestame:1619471210.360000000,objid:2,type:0,xpos:0.000000,ypos:0.000000,xspeed:-5.890000,yspeed:-1.440000,angle:-18.000000,distense:34.200000,rcs:6.000000
timestame:1619471210.360000000,objid:3,type:0,xpos:0.000000,ypos:0.000000,xspeed:-5.390000,yspeed:-1.050000,angle:-18.000000,distense:32.800000,rcs:6.000000
timestame:1619471210.360000000,objid:5,type:0,xpos:0.000000,ypos:0.000000,xspeed:-6.120000,yspeed:-0.530000,angle:-18.000000,distense:49.200000,rcs:22.000000
