timestame:1619471370.555000000,objid:1,type:0,xpos:0.000000,ypos:0.000000,xspeed:8.530000,yspeed:-0.040000,angle:2.530000,distense:146.200000,rcs:15.000000
timestame:1619471370.555000000,objid:7,type:0,xpos:0.000000,ypos:0.000000,xspeed:10.900000,yspeed:0.210000,angle:1.510000,distense:192.000000,rcs:6.000000
