timestame:1619471558.331000000,objid:7,type:0,xpos:0.000000,ypos:0.000000,xspeed:-2.680000,yspeed:-1.690000,angle:-18.000000,distense:32.600000,rcs:13.000000
timestame:1619471558.331000000,objid:12,type:0,xpos:0.000000,ypos:0.000000,xspeed:2.710000,yspeed:2.050000,angle:-15.080000,distense:34.400000,rcs:22.000000
timestame:1619471558.331000000,objid:15,type:0,xpos:0.000000,ypos:0.000000,xspeed:2.920000,yspeed:-2.310000,angle:-6.100000,distense:51.200000,rcs:13.000000
