timestame:1619471452.295000000,objid:3,type:0,xpos:0.000000,ypos:0.000000,xspeed:-2.160000,yspeed:-0.210000,angle:-6.710000,distense:100.400000,rcs:12.000000
timestame:1619471452.295000000,objid:11,type:0,xpos:0.000000,ypos:0.000000,xspeed:-1.410000,yspeed:0.290000,angle:-7.440000,distense:93.200000,rcs:9.000000
timestame:1619471452.295000000,objid:13,type:0,xpos:0.000000,ypos:0.000000,xspeed:-3.950000,yspeed:-0.050000,angle:-17.580000,distense:33.400000,rcs:9.000000
