timestame:1619470140.480000000,objid:0,type:0,xpos:0.000000,ypos:0.000000,xspeed:-6.810000,yspeed:-0.430000,angle:19.430000,distense:20.800000,rcs:6.000000
timestame:1619470140.480000000,objid:1,type:0,xpos:0.000000,ypos:0.000000,xspeed:-4.320000,yspeed:0.240000,angle:16.490000,distense:25.000000,rcs:20.000000
timestame:1619470140.480000000,objid:2,type:0,xpos:0.000000,ypos:0.000000,xspeed:-23.930000,yspeed:-3.340000,angle:-16.660000,distense:11.800000,rcs:6.000000
