timestame:1619470103.060000000,objid:3,type:0,xpos:0.000000,ypos:0.000000,xspeed:2.600000,yspeed:-12.800000,angle:-18.000000,distense:59.400000,rcs:9.000000
timestame:1619470103.060000000,objid:7,type:0,xpos:0.000000,ypos:0.000000,xspeed:-11.310000,yspeed:2.290000,angle:15.290000,distense:30.200000,rcs:22.000000
timestame:1619470103.060000000,objid:11,type:0,xpos:0.000000,ypos:0.000000,xspeed:2.580000,yspeed:0.850000,angle:13.550000,distense:18.400000,rcs:29.000000
