timestame:1619469536.569000000,objid:4,type:0,xpos:0.000000,ypos:0.000000,xspeed:16.600000,yspeed:0.310000,angle:1.830000,distense:105.400000,rcs:19.000000
timestame:1619469536.569000000,objid:7,type:0,xpos:0.000000,ypos:0.000000,xspeed:16.480000,yspeed:0.370000,angle:1.620000,distense:112.600000,rcs:19.000000
