timestame:1619471562.961000000,objid:3,type:0,xpos:0.000000,ypos:0.000000,xspeed:-2.000000,yspeed:-2.600000,angle:-18.000000,distense:33.200000,rcs:12.000000
timestame:1619471562.961000000,objid:5,type:0,xpos:0.000000,ypos:0.000000,xspeed:-2.860000,yspeed:-0.140000,angle:-18.000000,distense:30.400000,rcs:20.000000
timestame:1619471562.961000000,objid:6,type:0,xpos:0.000000,ypos:0.000000,xspeed:7.590000,yspeed:-7.110000,angle:-18.000000,distense:62.000000,rcs:6.000000
timestame:1619471562.961000000,objid:10,type:0,xpos:0.000000,ypos:0.000000,xspeed:2.270000,yspeed:2.890000,angle:-15.710000,distense:61.200000,rcs:16.000000
