timestame:1619470975.491000000,objid:0,type:0,xpos:0.000000,ypos:0.000000,xspeed:6.640000,yspeed:0.020000,angle:3.390000,distense:116.800000,rcs:19.000000
timestame:1619470975.491000000,objid:3,type:0,xpos:0.000000,ypos:0.000000,xspeed:7.130000,yspeed:-0.020000,angle:2.390000,distense:126.800000,rcs:9.000000
timestame:1619470975.491000000,objid:5,type:0,xpos:0.000000,ypos:0.000000,xspeed:-18.490000,yspeed:2.740000,angle:-6.110000,distense:133.600000,rcs:9.000000
timestame:1619470975.491000000,objid:9,type:0,xpos:0.000000,ypos:0.000000,xspeed:1.870000,yspeed:3.660000,angle:-5.720000,distense:44.800000,rcs:12.000000
