timestame:1619469876.827000000,objid:6,type:0,xpos:0.000000,ypos:0.000000,xspeed:-1.790000,yspeed:-0.510000,angle:-18.000000,distense:38.200000,rcs:6.000000
timestame:1619469876.827000000,objid:10,type:0,xpos:0.000000,ypos:0.000000,xspeed:14.140000,yspeed:11.570000,angle:-13.230000,distense:42.000000,rcs:6.000000
timestame:1619469876.827000000,objid:13,type:0,xpos:0.000000,ypos:0.000000,xspeed:-1.390000,yspeed:-0.850000,angle:-16.200000,distense:40.000000,rcs:6.000000
