timestame:1619470920.121000000,objid:2,type:0,xpos:0.000000,ypos:0.000000,xspeed:1.000000,yspeed:-0.560000,angle:12.030000,distense:12.600000,rcs:19.000000
timestame:1619470920.121000000,objid:3,type:0,xpos:0.000000,ypos:0.000000,xspeed:-14.040000,yspeed:1.400000,angle:-3.820000,distense:173.000000,rcs:6.000000
