timestame:1619471531.965000000,objid:2,type:0,xpos:0.000000,ypos:0.000000,xspeed:-18.960000,yspeed:-4.020000,angle:10.040000,distense:23.600000,rcs:6.000000
timestame:1619471531.965000000,objid:4,type:0,xpos:0.000000,ypos:0.000000,xspeed:-12.960000,yspeed:1.300000,angle:-2.540000,distense:196.200000,rcs:13.000000
timestame:1619471531.965000000,objid:6,type:0,xpos:0.000000,ypos:0.000000,xspeed:2.330000,yspeed:3.190000,angle:8.070000,distense:41.800000,rcs:33.000000
