timestame:1619469759.765000000,objid:1,type:0,xpos:0.000000,ypos:0.000000,xspeed:2.220000,yspeed:1.940000,angle:-9.850000,distense:39.800000,rcs:24.000000
timestame:1619469759.765000000,objid:2,type:0,xpos:0.000000,ypos:0.000000,xspeed:4.660000,yspeed:3.370000,angle:-14.460000,distense:40.800000,rcs:18.000000
