timestame:1619471461.675000000,objid:1,type:0,xpos:0.000000,ypos:0.000000,xspeed:-6.250000,yspeed:-1.390000,angle:-5.670000,distense:120.200000,rcs:15.000000
timestame:1619471461.675000000,objid:3,type:0,xpos:0.000000,ypos:0.000000,xspeed:-7.630000,yspeed:-1.910000,angle:-5.190000,distense:186.600000,rcs:13.000000
