timestame:1619469918.131000000,objid:1,type:0,xpos:0.000000,ypos:0.000000,xspeed:5.760000,yspeed:0.190000,angle:1.630000,distense:118.600000,rcs:22.000000
timestame:1619469918.131000000,objid:8,type:0,xpos:0.000000,ypos:0.000000,xspeed:5.780000,yspeed:0.020000,angle:1.480000,distense:112.000000,rcs:23.000000
