timestame:1619469998.572000000,objid:10,type:0,xpos:0.000000,ypos:0.000000,xspeed:-1.030000,yspeed:-3.210000,angle:-18.000000,distense:37.600000,rcs:22.000000
timestame:1619469998.572000000,objid:11,type:0,xpos:0.000000,ypos:0.000000,xspeed:-1.790000,yspeed:-0.860000,angle:-18.000000,distense:32.400000,rcs:6.000000
timestame:1619469998.572000000,objid:15,type:0,xpos:0.000000,ypos:0.000000,xspeed:-1.350000,yspeed:-1.860000,angle:-18.000000,distense:35.000000,rcs:20.000000
timestame:1619469998.572000000,objid:17,type:0,xpos:0.000000,ypos:0.000000,xspeed:1.650000,yspeed:6.100000,angle:-8.300000,distense:54.000000,rcs:9.000000
