timestame:1619470211.727000000,objid:0,type:0,xpos:0.000000,ypos:0.000000,xspeed:1.780000,yspeed:0.190000,angle:6.370000,distense:16.600000,rcs:29.000000
timestame:1619470211.727000000,objid:2,type:0,xpos:0.000000,ypos:0.000000,xspeed:-1.940000,yspeed:7.900000,angle:-18.000000,distense:47.400000,rcs:15.000000
timestame:1619470211.727000000,objid:4,type:0,xpos:0.000000,ypos:0.000000,xspeed:-4.020000,yspeed:-2.710000,angle:-2.840000,distense:49.800000,rcs:12.000000
