timestame:1619470458.297000000,objid:0,type:0,xpos:0.000000,ypos:0.000000,xspeed:-20.200000,yspeed:7.170000,angle:-4.340000,distense:136.200000,rcs:12.000000
timestame:1619470458.297000000,objid:2,type:0,xpos:0.000000,ypos:0.000000,xspeed:5.690000,yspeed:-0.110000,angle:3.550000,distense:165.000000,rcs:15.000000
