timestame:1619469534.836000000,objid:4,type:0,xpos:0.000000,ypos:0.000000,xspeed:16.470000,yspeed:0.670000,angle:2.410000,distense:76.400000,rcs:28.000000
timestame:1619469534.836000000,objid:7,type:0,xpos:0.000000,ypos:0.000000,xspeed:16.450000,yspeed:0.580000,angle:1.920000,distense:84.000000,rcs:20.000000
