timestame:1619469584.191000000,objid:1,type:0,xpos:0.000000,ypos:0.000000,xspeed:-4.920000,yspeed:-0.140000,angle:-10.270000,distense:87.800000,rcs:22.000000
timestame:1619469584.191000000,objid:5,type:0,xpos:0.000000,ypos:0.000000,xspeed:-1.670000,yspeed:4.530000,angle:-6.720000,distense:102.200000,rcs:9.000000
