timestame:1619470683.162000000,objid:0,type:0,xpos:0.000000,ypos:0.000000,xspeed:-3.680000,yspeed:-0.020000,angle:-16.430000,distense:59.200000,rcs:26.000000
timestame:1619470683.162000000,objid:2,type:0,xpos:0.000000,ypos:0.000000,xspeed:-1.820000,yspeed:-0.260000,angle:-12.700000,distense:72.200000,rcs:21.000000
timestame:1619470683.162000000,objid:5,type:0,xpos:0.000000,ypos:0.000000,xspeed:3.280000,yspeed:-5.640000,angle:18.880000,distense:21.600000,rcs:9.000000
timestame:1619470683.162000000,objid:7,type:0,xpos:0.000000,ypos:0.000000,xspeed:-6.790000,yspeed:0.160000,angle:-13.310000,distense:68.000000,rcs:19.000000
