timestame:1619469870.180000000,objid:8,type:0,xpos:0.000000,ypos:0.000000,xspeed:-2.560000,yspeed:0.000000,angle:-18.000000,distense:31.600000,rcs:16.000000
timestame:1619469870.180000000,objid:13,type:0,xpos:0.000000,ypos:0.000000,xspeed:-1.940000,yspeed:-0.800000,angle:-18.000000,distense:34.800000,rcs:15.000000
timestame:1619469870.180000000,objid:14,type:0,xpos:0.000000,ypos:0.000000,xspeed:-1.010000,yspeed:3.370000,angle:0.690000,distense:42.000000,rcs:16.000000
timestame:1619469870.180000000,objid:16,type:0,xpos:0.000000,ypos:0.000000,xspeed:-1.260000,yspeed:-1.460000,angle:-18.000000,distense:38.000000,rcs:26.000000
