timestame:1619470487.524000000,objid:2,type:0,xpos:0.000000,ypos:0.000000,xspeed:1.320000,yspeed:-8.230000,angle:-13.300000,distense:67.800000,rcs:13.000000
timestame:1619470487.524000000,objid:4,type:0,xpos:0.000000,ypos:0.000000,xspeed:-1.930000,yspeed:-4.310000,angle:-18.000000,distense:38.200000,rcs:18.000000
timestame:1619470487.524000000,objid:5,type:0,xpos:0.000000,ypos:0.000000,xspeed:-2.930000,yspeed:-2.540000,angle:-18.000000,distense:34.200000,rcs:16.000000
timestame:1619470487.524000000,objid:6,type:0,xpos:0.000000,ypos:0.000000,xspeed:-1.060000,yspeed:-2.830000,angle:-12.460000,distense:38.800000,rcs:32.000000
