timestame:1619469631.387000000,objid:1,type:0,xpos:0.000000,ypos:0.000000,xspeed:-4.210000,yspeed:0.010000,angle:-18.000000,distense:25.600000,rcs:6.000000
timestame:1619469631.387000000,objid:2,type:0,xpos:0.000000,ypos:0.000000,xspeed:-6.350000,yspeed:-0.600000,angle:-18.000000,distense:31.000000,rcs:6.000000
timestame:1619469631.387000000,objid:6,type:0,xpos:0.000000,ypos:0.000000,xspeed:-10.030000,yspeed:-0.170000,angle:-6.600000,distense:72.600000,rcs:16.000000
timestame:1619469631.387000000,objid:7,type:0,xpos:0.000000,ypos:0.000000,xspeed:-6.620000,yspeed:-0.480000,angle:-18.000000,distense:34.600000,rcs:9.000000
