timestame:1619471261.612000000,objid:2,type:0,xpos:0.000000,ypos:0.000000,xspeed:12.550000,yspeed:0.170000,angle:3.750000,distense:95.200000,rcs:30.000000
timestame:1619471261.612000000,objid:6,type:0,xpos:0.000000,ypos:0.000000,xspeed:12.590000,yspeed:-0.140000,angle:3.450000,distense:107.400000,rcs:9.000000
timestame:1619471261.612000000,objid:10,type:0,xpos:0.000000,ypos:0.000000,xspeed:12.450000,yspeed:0.430000,angle:4.580000,distense:82.800000,rcs:22.000000
