timestame:1619470447.482000000,objid:0,type:0,xpos:0.000000,ypos:0.000000,xspeed:20.780000,yspeed:-1.620000,angle:1.430000,distense:191.800000,rcs:13.000000
timestame:1619470447.482000000,objid:1,type:0,xpos:0.000000,ypos:0.000000,xspeed:-4.960000,yspeed:0.000000,angle:5.200000,distense:178.200000,rcs:12.000000
timestame:1619470447.482000000,objid:2,type:0,xpos:0.000000,ypos:0.000000,xspeed:4.460000,yspeed:-0.230000,angle:6.510000,distense:106.600000,rcs:22.000000
