timestame:1619470944.324000000,objid:1,type:0,xpos:0.000000,ypos:0.000000,xspeed:-6.610000,yspeed:0.300000,angle:-18.000000,distense:41.800000,rcs:15.000000
timestame:1619470944.324000000,objid:5,type:0,xpos:0.000000,ypos:0.000000,xspeed:-6.000000,yspeed:-0.410000,angle:-18.000000,distense:47.400000,rcs:13.000000
timestame:1619470944.324000000,objid:7,type:0,xpos:0.000000,ypos:0.000000,xspeed:-5.570000,yspeed:-0.960000,angle:-18.000000,distense:44.800000,rcs:12.000000
