timestame:1619470331.097000000,objid:0,type:0,xpos:0.000000,ypos:0.000000,xspeed:16.460000,yspeed:-0.420000,angle:0.260000,distense:195.800000,rcs:15.000000
timestame:1619470331.097000000,objid:2,type:0,xpos:0.000000,ypos:0.000000,xspeed:10.060000,yspeed:0.400000,angle:1.170000,distense:213.200000,rcs:16.000000
timestame:1619470331.097000000,objid:4,type:0,xpos:0.000000,ypos:0.000000,xspeed:-1.170000,yspeed:0.730000,angle:14.910000,distense:66.800000,rcs:13.000000
