timestame:1619469995.775000000,objid:8,type:0,xpos:0.000000,ypos:0.000000,xspeed:1.120000,yspeed:2.990000,angle:-1.280000,distense:44.400000,rcs:6.000000
timestame:1619469995.775000000,objid:15,type:0,xpos:0.000000,ypos:0.000000,xspeed:-1.190000,yspeed:-1.820000,angle:-18.000000,distense:35.800000,rcs:33.000000
timestame:1619469995.775000000,objid:24,type:0,xpos:0.000000,ypos:0.000000,xspeed:1.910000,yspeed:3.250000,angle:-8.130000,distense:40.800000,rcs:6.000000
