timestame:1619470744.359000000,objid:0,type:0,xpos:0.000000,ypos:0.000000,xspeed:-4.390000,yspeed:-0.820000,angle:-8.290000,distense:85.800000,rcs:20.000000
timestame:1619470744.359000000,objid:1,type:0,xpos:0.000000,ypos:0.000000,xspeed:-2.740000,yspeed:2.940000,angle:13.110000,distense:44.000000,rcs:38.000000
timestame:1619470744.359000000,objid:5,type:0,xpos:0.000000,ypos:0.000000,xspeed:-1.190000,yspeed:8.660000,angle:-8.220000,distense:41.200000,rcs:9.000000
timestame:1619470744.359000000,objid:6,type:0,xpos:0.000000,ypos:0.000000,xspeed:12.440000,yspeed:0.230000,angle:1.170000,distense:191.200000,rcs:30.000000
