timestame:1619470761.837000000,objid:0,type:0,xpos:0.000000,ypos:0.000000,xspeed:-4.050000,yspeed:-4.360000,angle:-18.000000,distense:32.800000,rcs:9.000000
timestame:1619470761.837000000,objid:1,type:0,xpos:0.000000,ypos:0.000000,xspeed:-1.340000,yspeed:-1.910000,angle:-18.000000,distense:36.400000,rcs:23.000000
timestame:1619470761.837000000,objid:4,type:0,xpos:0.000000,ypos:0.000000,xspeed:-2.490000,yspeed:-2.840000,angle:-18.000000,distense:35.400000,rcs:27.000000
timestame:1619470761.837000000,objid:6,type:0,xpos:0.000000,ypos:0.000000,xspeed:-1.050000,yspeed:-2.400000,angle:-18.000000,distense:39.400000,rcs:22.000000
