timestame:1619469979.006000000,objid:1,type:0,xpos:0.000000,ypos:0.000000,xspeed:-4.110000,yspeed:-15.240000,angle:0.470000,distense:40.400000,rcs:36.000000
timestame:1619469979.006000000,objid:18,type:0,xpos:0.000000,ypos:0.000000,xspeed:1.350000,yspeed:-6.980000,angle:-18.000000,distense:61.800000,rcs:19.000000
