timestame:1619470596.659000000,objid:1,type:0,xpos:0.000000,ypos:0.000000,xspeed:5.690000,yspeed:3.130000,angle:-15.040000,distense:36.000000,rcs:24.000000
timestame:1619470596.659000000,objid:3,type:0,xpos:0.000000,ypos:0.000000,xspeed:-3.470000,yspeed:1.330000,angle:7.180000,distense:174.800000,rcs:6.000000
timestame:1619470596.659000000,objid:5,type:0,xpos:0.000000,ypos:0.000000,xspeed:4.680000,yspeed:4.280000,angle:-10.890000,distense:46.400000,rcs:12.000000
