timestame:1619470704.115000000,objid:0,type:0,xpos:0.000000,ypos:0.000000,xspeed:3.830000,yspeed:2.840000,angle:-16.480000,distense:37.000000,rcs:15.000000
timestame:1619470704.115000000,objid:1,type:0,xpos:0.000000,ypos:0.000000,xspeed:10.920000,yspeed:-0.070000,angle:2.630000,distense:140.600000,rcs:6.000000
timestame:1619470704.115000000,objid:2,type:0,xpos:0.000000,ypos:0.000000,xspeed:-7.910000,yspeed:-0.720000,angle:-16.960000,distense:73.200000,rcs:9.000000
