timestame:1619470982.841000000,objid:0,type:0,xpos:0.000000,ypos:0.000000,xspeed:8.200000,yspeed:0.230000,angle:2.320000,distense:174.000000,rcs:33.000000
timestame:1619470982.841000000,objid:1,type:0,xpos:0.000000,ypos:0.000000,xspeed:-15.650000,yspeed:-0.220000,angle:-6.440000,distense:99.600000,rcs:21.000000
timestame:1619470982.841000000,objid:2,type:0,xpos:0.000000,ypos:0.000000,xspeed:-18.620000,yspeed:-12.040000,angle:-6.230000,distense:148.600000,rcs:6.000000
timestame:1619470982.841000000,objid:3,type:0,xpos:0.000000,ypos:0.000000,xspeed:3.470000,yspeed:-2.960000,angle:13.790000,distense:67.000000,rcs:9.000000
