timestame:1619471305.665000000,objid:0,type:0,xpos:0.000000,ypos:0.000000,xspeed:5.340000,yspeed:-0.100000,angle:19.770000,distense:21.000000,rcs:13.000000
timestame:1619471305.665000000,objid:1,type:0,xpos:0.000000,ypos:0.000000,xspeed:-7.040000,yspeed:2.060000,angle:-18.000000,distense:37.200000,rcs:9.000000
