timestame:1619470734.191000000,objid:1,type:0,xpos:0.000000,ypos:0.000000,xspeed:12.090000,yspeed:0.190000,angle:2.550000,distense:77.400000,rcs:13.000000
timestame:1619470734.191000000,objid:6,type:0,xpos:0.000000,ypos:0.000000,xspeed:12.390000,yspeed:0.570000,angle:2.560000,distense:66.800000,rcs:34.000000
