timestame:1619470944.262000000,objid:1,type:0,xpos:0.000000,ypos:0.000000,xspeed:-6.510000,yspeed:0.350000,angle:-18.000000,distense:42.200000,rcs:12.000000
timestame:1619470944.262000000,objid:5,type:0,xpos:0.000000,ypos:0.000000,xspeed:-6.010000,yspeed:-0.460000,angle:-18.000000,distense:47.800000,rcs:18.000000
timestame:1619470944.262000000,objid:7,type:0,xpos:0.000000,ypos:0.000000,xspeed:-5.520000,yspeed:-0.980000,angle:-18.000000,distense:45.000000,rcs:6.000000
