timestame:1619470123.357000000,objid:4,type:0,xpos:0.000000,ypos:0.000000,xspeed:3.380000,yspeed:0.850000,angle:-16.840000,distense:24.400000,rcs:29.000000
timestame:1619470123.357000000,objid:6,type:0,xpos:0.000000,ypos:0.000000,xspeed:5.010000,yspeed:2.070000,angle:22.210000,distense:30.800000,rcs:42.000000
timestame:1619470123.357000000,objid:8,type:0,xpos:0.000000,ypos:0.000000,xspeed:3.930000,yspeed:1.660000,angle:-16.750000,distense:32.000000,rcs:6.000000
