timestame:1619470758.542000000,objid:0,type:0,xpos:0.000000,ypos:0.000000,xspeed:-5.630000,yspeed:-16.780000,angle:-6.870000,distense:38.800000,rcs:37.000000
timestame:1619470758.542000000,objid:1,type:0,xpos:0.000000,ypos:0.000000,xspeed:-1.430000,yspeed:-3.160000,angle:-14.520000,distense:38.400000,rcs:30.000000
timestame:1619470758.542000000,objid:2,type:0,xpos:0.000000,ypos:0.000000,xspeed:-1.170000,yspeed:0.000000,angle:-18.000000,distense:37.000000,rcs:23.000000
timestame:1619470758.542000000,objid:10,type:0,xpos:0.000000,ypos:0.000000,xspeed:-2.910000,yspeed:-0.710000,angle:-18.000000,distense:24.600000,rcs:6.000000
