timestame:1619471223.997000000,objid:0,type:0,xpos:0.000000,ypos:0.000000,xspeed:2.260000,yspeed:0.360000,angle:2.060000,distense:61.000000,rcs:6.000000
timestame:1619471223.997000000,objid:1,type:0,xpos:0.000000,ypos:0.000000,xspeed:6.010000,yspeed:-0.200000,angle:-4.970000,distense:32.400000,rcs:29.000000
timestame:1619471223.997000000,objid:6,type:0,xpos:0.000000,ypos:0.000000,xspeed:4.530000,yspeed:0.350000,angle:2.580000,distense:68.000000,rcs:6.000000
timestame:1619471223.997000000,objid:9,type:0,xpos:0.000000,ypos:0.000000,xspeed:4.660000,yspeed:0.190000,angle:2.840000,distense:49.400000,rcs:46.000000
