timestame:1619471085.655000000,objid:0,type:0,xpos:0.000000,ypos:0.000000,xspeed:8.420000,yspeed:0.360000,angle:1.390000,distense:51.000000,rcs:38.000000
timestame:1619471085.655000000,objid:11,type:0,xpos:0.000000,ypos:0.000000,xspeed:2.020000,yspeed:-0.090000,angle:1.820000,distense:19.200000,rcs:26.000000
