timestame:1619469743.860000000,objid:1,type:0,xpos:0.000000,ypos:0.000000,xspeed:-2.560000,yspeed:9.200000,angle:22.220000,distense:41.200000,rcs:6.000000
timestame:1619469743.860000000,objid:3,type:0,xpos:0.000000,ypos:0.000000,xspeed:2.620000,yspeed:0.000000,angle:-16.540000,distense:42.200000,rcs:18.000000
