timestame:1619470738.468000000,objid:0,type:0,xpos:0.000000,ypos:0.000000,xspeed:-16.250000,yspeed:-0.850000,angle:-4.940000,distense:140.000000,rcs:6.000000
timestame:1619470738.468000000,objid:1,type:0,xpos:0.000000,ypos:0.000000,xspeed:11.910000,yspeed:-0.150000,angle:1.040000,distense:128.000000,rcs:6.000000
timestame:1619470738.468000000,objid:6,type:0,xpos:0.000000,ypos:0.000000,xspeed:12.170000,yspeed:0.140000,angle:1.450000,distense:118.000000,rcs:27.000000
