timestame:1619470181.449000000,objid:1,type:0,xpos:0.000000,ypos:0.000000,xspeed:13.070000,yspeed:0.070000,angle:1.460000,distense:162.600000,rcs:16.000000
timestame:1619470181.449000000,objid:8,type:0,xpos:0.000000,ypos:0.000000,xspeed:9.030000,yspeed:0.300000,angle:4.000000,distense:103.600000,rcs:13.000000
timestame:1619470181.449000000,objid:11,type:0,xpos:0.000000,ypos:0.000000,xspeed:8.650000,yspeed:0.530000,angle:5.330000,distense:93.400000,rcs:32.000000
