timestame:1619470611.231000000,objid:0,type:0,xpos:0.000000,ypos:0.000000,xspeed:-32.530000,yspeed:-0.780000,angle:-3.570000,distense:199.200000,rcs:9.000000
timestame:1619470611.231000000,objid:2,type:0,xpos:0.000000,ypos:0.000000,xspeed:-1.070000,yspeed:7.280000,angle:-18.000000,distense:51.000000,rcs:6.000000
timestame:1619470611.231000000,objid:3,type:0,xpos:0.000000,ypos:0.000000,xspeed:1.600000,yspeed:4.490000,angle:-12.220000,distense:33.800000,rcs:16.000000
timestame:1619470611.231000000,objid:4,type:0,xpos:0.000000,ypos:0.000000,xspeed:5.730000,yspeed:-0.330000,angle:22.270000,distense:32.400000,rcs:15.000000
