timestame:1619471519.603000000,objid:7,type:0,xpos:0.000000,ypos:0.000000,xspeed:16.660000,yspeed:0.250000,angle:1.440000,distense:208.400000,rcs:6.000000
timestame:1619471519.603000000,objid:10,type:0,xpos:0.000000,ypos:0.000000,xspeed:16.610000,yspeed:0.320000,angle:1.400000,distense:197.800000,rcs:27.000000
