timestame:1619470288.322000000,objid:2,type:0,xpos:0.000000,ypos:0.000000,xspeed:-12.390000,yspeed:-0.150000,angle:-9.780000,distense:89.600000,rcs:19.000000
timestame:1619470288.322000000,objid:5,type:0,xpos:0.000000,ypos:0.000000,xspeed:-5.780000,yspeed:-0.470000,angle:-18.000000,distense:35.400000,rcs:24.000000
timestame:1619470288.322000000,objid:7,type:0,xpos:0.000000,ypos:0.000000,xspeed:-5.500000,yspeed:-0.470000,angle:-18.000000,distense:31.400000,rcs:18.000000
timestame:1619470288.322000000,objid:11,type:0,xpos:0.000000,ypos:0.000000,xspeed:-5.590000,yspeed:-0.380000,angle:-18.000000,distense:25.600000,rcs:6.000000
