timestame:1619470950.098000000,objid:2,type:0,xpos:0.000000,ypos:0.000000,xspeed:22.350000,yspeed:1.720000,angle:2.370000,distense:36.600000,rcs:22.000000
timestame:1619470950.098000000,objid:3,type:0,xpos:0.000000,ypos:0.000000,xspeed:1.820000,yspeed:0.230000,angle:1.370000,distense:42.800000,rcs:9.000000
