timestame:1619471063.986000000,objid:0,type:0,xpos:0.000000,ypos:0.000000,xspeed:-6.980000,yspeed:0.580000,angle:-4.810000,distense:117.200000,rcs:13.000000
timestame:1619471063.986000000,objid:3,type:0,xpos:0.000000,ypos:0.000000,xspeed:-6.670000,yspeed:-3.460000,angle:-4.250000,distense:167.000000,rcs:9.000000
timestame:1619471063.986000000,objid:9,type:0,xpos:0.000000,ypos:0.000000,xspeed:-1.650000,yspeed:-0.080000,angle:-10.000000,distense:74.000000,rcs:15.000000
