timestame:1619470963.932000000,objid:0,type:0,xpos:0.000000,ypos:0.000000,xspeed:3.760000,yspeed:0.210000,angle:6.600000,distense:51.400000,rcs:31.000000
timestame:1619470963.932000000,objid:6,type:0,xpos:0.000000,ypos:0.000000,xspeed:10.290000,yspeed:0.530000,angle:2.030000,distense:101.600000,rcs:23.000000
timestame:1619470963.932000000,objid:12,type:0,xpos:0.000000,ypos:0.000000,xspeed:3.040000,yspeed:0.030000,angle:5.110000,distense:60.400000,rcs:27.000000
