timestame:1619470460.162000000,objid:0,type:0,xpos:0.000000,ypos:0.000000,xspeed:-17.310000,yspeed:-3.670000,angle:-7.130000,distense:104.200000,rcs:15.000000
timestame:1619470460.162000000,objid:2,type:0,xpos:0.000000,ypos:0.000000,xspeed:5.780000,yspeed:-0.110000,angle:3.270000,distense:176.000000,rcs:9.000000
