timestame:1619470534.414000000,objid:0,type:0,xpos:0.000000,ypos:0.000000,xspeed:5.900000,yspeed:0.550000,angle:16.880000,distense:24.000000,rcs:27.000000
timestame:1619470534.414000000,objid:1,type:0,xpos:0.000000,ypos:0.000000,xspeed:-9.920000,yspeed:-2.600000,angle:12.680000,distense:19.400000,rcs:6.000000
timestame:1619470534.414000000,objid:2,type:0,xpos:0.000000,ypos:0.000000,xspeed:-6.440000,yspeed:-0.990000,angle:-8.320000,distense:111.800000,rcs:9.000000
timestame:1619470534.414000000,objid:4,type:0,xpos:0.000000,ypos:0.000000,xspeed:2.410000,yspeed:-4.620000,angle:21.110000,distense:23.600000,rcs:13.000000
