timestame:1619470495.821000000,objid:2,type:0,xpos:0.000000,ypos:0.000000,xspeed:-2.380000,yspeed:-8.980000,angle:-6.470000,distense:41.400000,rcs:31.000000
timestame:1619470495.821000000,objid:5,type:0,xpos:0.000000,ypos:0.000000,xspeed:10.860000,yspeed:8.600000,angle:-8.530000,distense:53.600000,rcs:6.000000
