timestame:1619470871.396000000,objid:1,type:0,xpos:0.000000,ypos:0.000000,xspeed:-13.650000,yspeed:2.420000,angle:-3.570000,distense:145.000000,rcs:9.000000
timestame:1619470871.396000000,objid:3,type:0,xpos:0.000000,ypos:0.000000,xspeed:4.630000,yspeed:-6.780000,angle:-5.670000,distense:52.800000,rcs:6.000000
timestame:1619470871.396000000,objid:4,type:0,xpos:0.000000,ypos:0.000000,xspeed:4.360000,yspeed:0.330000,angle:2.020000,distense:13.000000,rcs:31.000000
