timestame:1619470442.081000000,objid:1,type:0,xpos:0.000000,ypos:0.000000,xspeed:15.700000,yspeed:0.540000,angle:2.250000,distense:91.400000,rcs:20.000000
timestame:1619470442.081000000,objid:2,type:0,xpos:0.000000,ypos:0.000000,xspeed:3.920000,yspeed:-0.020000,angle:9.120000,distense:83.200000,rcs:21.000000
