timestame:1619469753.667000000,objid:1,type:0,xpos:0.000000,ypos:0.000000,xspeed:4.870000,yspeed:3.490000,angle:-15.590000,distense:41.600000,rcs:6.000000
timestame:1619469753.667000000,objid:2,type:0,xpos:0.000000,ypos:0.000000,xspeed:25.050000,yspeed:0.000000,angle:-17.440000,distense:22.200000,rcs:6.000000
