timestame:1619470746.664000000,objid:0,type:0,xpos:0.000000,ypos:0.000000,xspeed:-2.050000,yspeed:-0.460000,angle:-9.260000,distense:81.800000,rcs:6.000000
timestame:1619470746.664000000,objid:6,type:0,xpos:0.000000,ypos:0.000000,xspeed:12.530000,yspeed:0.490000,angle:1.460000,distense:220.200000,rcs:13.000000
