timestame:1619469631.077000000,objid:1,type:0,xpos:0.000000,ypos:0.000000,xspeed:-4.210000,yspeed:0.010000,angle:-18.000000,distense:26.400000,rcs:6.000000
timestame:1619469631.077000000,objid:2,type:0,xpos:0.000000,ypos:0.000000,xspeed:-6.380000,yspeed:-0.810000,angle:-18.000000,distense:32.600000,rcs:9.000000
timestame:1619469631.077000000,objid:6,type:0,xpos:0.000000,ypos:0.000000,xspeed:-10.140000,yspeed:-0.070000,angle:-6.170000,distense:75.400000,rcs:6.000000
timestame:1619469631.077000000,objid:7,type:0,xpos:0.000000,ypos:0.000000,xspeed:-6.400000,yspeed:-0.420000,angle:-18.000000,distense:36.600000,rcs:18.000000
