timestame:1619470070.904000000,objid:3,type:0,xpos:0.000000,ypos:0.000000,xspeed:-1.780000,yspeed:2.720000,angle:10.850000,distense:49.400000,rcs:35.000000
timestame:1619470070.904000000,objid:4,type:0,xpos:0.000000,ypos:0.000000,xspeed:-1.910000,yspeed:3.040000,angle:15.300000,distense:44.200000,rcs:24.000000
timestame:1619470070.904000000,objid:8,type:0,xpos:0.000000,ypos:0.000000,xspeed:3.010000,yspeed:2.010000,angle:-15.180000,distense:34.400000,rcs:32.000000
