timestame:1619470979.655000000,objid:0,type:0,xpos:0.000000,ypos:0.000000,xspeed:7.340000,yspeed:-0.130000,angle:2.280000,distense:147.000000,rcs:26.000000
timestame:1619470979.655000000,objid:1,type:0,xpos:0.000000,ypos:0.000000,xspeed:-14.330000,yspeed:-0.750000,angle:-4.090000,distense:149.400000,rcs:19.000000
timestame:1619470979.655000000,objid:2,type:0,xpos:0.000000,ypos:0.000000,xspeed:-16.010000,yspeed:-1.180000,angle:-4.890000,distense:147.400000,rcs:19.000000
