timestame:1619470162.025000000,objid:0,type:0,xpos:0.000000,ypos:0.000000,xspeed:-15.360000,yspeed:-1.200000,angle:-18.000000,distense:27.200000,rcs:6.000000
timestame:1619470162.025000000,objid:3,type:0,xpos:0.000000,ypos:0.000000,xspeed:4.120000,yspeed:0.610000,angle:8.600000,distense:33.200000,rcs:39.000000
timestame:1619470162.025000000,objid:6,type:0,xpos:0.000000,ypos:0.000000,xspeed:-1.140000,yspeed:2.690000,angle:1.130000,distense:18.000000,rcs:25.000000
