timestame:1619471255.109000000,objid:0,type:0,xpos:0.000000,ypos:0.000000,xspeed:13.340000,yspeed:5.820000,angle:18.200000,distense:19.200000,rcs:23.000000
timestame:1619471255.109000000,objid:1,type:0,xpos:0.000000,ypos:0.000000,xspeed:4.410000,yspeed:2.550000,angle:6.350000,distense:91.400000,rcs:6.000000
timestame:1619471255.109000000,objid:3,type:0,xpos:0.000000,ypos:0.000000,xspeed:-15.870000,yspeed:-0.480000,angle:-8.820000,distense:100.200000,rcs:12.000000
timestame:1619471255.109000000,objid:4,type:0,xpos:0.000000,ypos:0.000000,xspeed:10.880000,yspeed:-0.840000,angle:10.220000,distense:17.800000,rcs:28.000000
