timestame:1619469823.898000000,objid:2,type:0,xpos:0.000000,ypos:0.000000,xspeed:-1.900000,yspeed:-3.860000,angle:-17.950000,distense:40.400000,rcs:22.000000
timestame:1619469823.898000000,objid:11,type:0,xpos:0.000000,ypos:0.000000,xspeed:-3.810000,yspeed:0.040000,angle:-6.200000,distense:132.200000,rcs:9.000000
