timestame:1619471306.653000000,objid:0,type:0,xpos:0.000000,ypos:0.000000,xspeed:2.850000,yspeed:0.820000,angle:20.730000,distense:23.000000,rcs:22.000000
timestame:1619471306.653000000,objid:1,type:0,xpos:0.000000,ypos:0.000000,xspeed:-6.670000,yspeed:2.470000,angle:-18.000000,distense:30.600000,rcs:9.000000
timestame:1619471306.653000000,objid:2,type:0,xpos:0.000000,ypos:0.000000,xspeed:4.700000,yspeed:-0.530000,angle:-17.250000,distense:21.400000,rcs:6.000000
