timestame:1619471321.565000000,objid:1,type:0,xpos:0.000000,ypos:0.000000,xspeed:-6.610000,yspeed:-0.670000,angle:-7.770000,distense:91.600000,rcs:13.000000
timestame:1619471321.565000000,objid:3,type:0,xpos:0.000000,ypos:0.000000,xspeed:-12.840000,yspeed:-0.170000,angle:-3.790000,distense:164.600000,rcs:15.000000
timestame:1619471321.565000000,objid:4,type:0,xpos:0.000000,ypos:0.000000,xspeed:-1.060000,yspeed:-5.440000,angle:4.820000,distense:41.800000,rcs:32.000000
