timestame:1619470615.440000000,objid:0,type:0,xpos:0.000000,ypos:0.000000,xspeed:2.080000,yspeed:-9.760000,angle:-18.000000,distense:62.400000,rcs:13.000000
timestame:1619470615.440000000,objid:1,type:0,xpos:0.000000,ypos:0.000000,xspeed:-1.440000,yspeed:3.630000,angle:1.730000,distense:40.200000,rcs:6.000000
timestame:1619470615.440000000,objid:7,type:0,xpos:0.000000,ypos:0.000000,xspeed:-16.600000,yspeed:-0.260000,angle:-7.270000,distense:125.600000,rcs:6.000000
timestame:1619470615.440000000,objid:10,type:0,xpos:0.000000,ypos:0.000000,xspeed:-1.070000,yspeed:5.530000,angle:12.540000,distense:40.800000,rcs:28.000000
