timestame:1619470058.798000000,objid:0,type:0,xpos:0.000000,ypos:0.000000,xspeed:-13.090000,yspeed:0.550000,angle:-4.300000,distense:93.600000,rcs:18.000000
timestame:1619470058.798000000,objid:5,type:0,xpos:0.000000,ypos:0.000000,xspeed:9.380000,yspeed:0.330000,angle:2.750000,distense:174.000000,rcs:26.000000
