timestame:1619470123.480000000,objid:4,type:0,xpos:0.000000,ypos:0.000000,xspeed:3.600000,yspeed:0.660000,angle:-17.720000,distense:25.000000,rcs:26.000000
timestame:1619470123.480000000,objid:6,type:0,xpos:0.000000,ypos:0.000000,xspeed:4.910000,yspeed:2.140000,angle:22.490000,distense:31.200000,rcs:32.000000
timestame:1619470123.480000000,objid:8,type:0,xpos:0.000000,ypos:0.000000,xspeed:3.930000,yspeed:1.660000,angle:-16.770000,distense:32.400000,rcs:6.000000
