timestame:1619469575.643000000,objid:2,type:0,xpos:0.000000,ypos:0.000000,xspeed:2.250000,yspeed:-10.170000,angle:-15.720000,distense:55.800000,rcs:13.000000
timestame:1619469575.643000000,objid:3,type:0,xpos:0.000000,ypos:0.000000,xspeed:-7.390000,yspeed:-0.030000,angle:-6.970000,distense:123.400000,rcs:18.000000
timestame:1619469575.643000000,objid:5,type:0,xpos:0.000000,ypos:0.000000,xspeed:-7.110000,yspeed:-0.070000,angle:-7.080000,distense:120.400000,rcs:15.000000
timestame:1619469575.643000000,objid:6,type:0,xpos:0.000000,ypos:0.000000,xspeed:-3.610000,yspeed:-0.940000,angle:-6.980000,distense:136.000000,rcs:9.000000
