timestame:1619471223.627000000,objid:0,type:0,xpos:0.000000,ypos:0.000000,xspeed:2.310000,yspeed:0.360000,angle:1.960000,distense:60.400000,rcs:6.000000
timestame:1619471223.627000000,objid:1,type:0,xpos:0.000000,ypos:0.000000,xspeed:5.910000,yspeed:-0.300000,angle:-5.350000,distense:30.200000,rcs:28.000000
timestame:1619471223.627000000,objid:6,type:0,xpos:0.000000,ypos:0.000000,xspeed:4.520000,yspeed:0.280000,angle:2.440000,distense:66.400000,rcs:9.000000
timestame:1619471223.627000000,objid:9,type:0,xpos:0.000000,ypos:0.000000,xspeed:4.500000,yspeed:0.280000,angle:3.030000,distense:47.600000,rcs:51.000000
