timestame:1619470967.724000000,objid:0,type:0,xpos:0.000000,ypos:0.000000,xspeed:4.700000,yspeed:0.180000,angle:5.330000,distense:69.600000,rcs:27.000000
timestame:1619470967.724000000,objid:1,type:0,xpos:0.000000,ypos:0.000000,xspeed:13.620000,yspeed:0.280000,angle:1.050000,distense:173.400000,rcs:9.000000
timestame:1619470967.724000000,objid:6,type:0,xpos:0.000000,ypos:0.000000,xspeed:11.790000,yspeed:0.320000,angle:1.870000,distense:146.800000,rcs:13.000000
timestame:1619470967.724000000,objid:7,type:0,xpos:0.000000,ypos:0.000000,xspeed:6.260000,yspeed:1.680000,angle:20.230000,distense:29.000000,rcs:27.000000
