timestame:1619470966.234000000,objid:0,type:0,xpos:0.000000,ypos:0.000000,xspeed:4.300000,yspeed:0.130000,angle:5.700000,distense:62.000000,rcs:33.000000
timestame:1619470966.234000000,objid:1,type:0,xpos:0.000000,ypos:0.000000,xspeed:13.060000,yspeed:-0.380000,angle:0.730000,distense:152.200000,rcs:16.000000
timestame:1619470966.234000000,objid:6,type:0,xpos:0.000000,ypos:0.000000,xspeed:11.120000,yspeed:0.400000,angle:1.980000,distense:128.400000,rcs:20.000000
timestame:1619470966.234000000,objid:7,type:0,xpos:0.000000,ypos:0.000000,xspeed:6.890000,yspeed:0.670000,angle:21.680000,distense:19.600000,rcs:26.000000
