timestame:1619471001.475000000,objid:0,type:0,xpos:0.000000,ypos:0.000000,xspeed:-17.480000,yspeed:-0.060000,angle:-4.930000,distense:159.000000,rcs:19.000000
timestame:1619471001.475000000,objid:1,type:0,xpos:0.000000,ypos:0.000000,xspeed:-12.160000,yspeed:-4.500000,angle:-4.880000,distense:163.800000,rcs:19.000000
