timestame:1619471228.324000000,objid:0,type:0,xpos:0.000000,ypos:0.000000,xspeed:5.640000,yspeed:0.240000,angle:2.150000,distense:83.800000,rcs:9.000000
timestame:1619471228.324000000,objid:1,type:0,xpos:0.000000,ypos:0.000000,xspeed:4.470000,yspeed:-3.840000,angle:-17.590000,distense:55.600000,rcs:6.000000
timestame:1619471228.324000000,objid:9,type:0,xpos:0.000000,ypos:0.000000,xspeed:5.970000,yspeed:0.220000,angle:2.280000,distense:74.800000,rcs:41.000000
