timestame:1619469790.665000000,objid:1,type:0,xpos:0.000000,ypos:0.000000,xspeed:-16.370000,yspeed:-0.760000,angle:-18.000000,distense:36.400000,rcs:20.000000
timestame:1619469790.665000000,objid:3,type:0,xpos:0.000000,ypos:0.000000,xspeed:11.580000,yspeed:1.660000,angle:-18.000000,distense:40.400000,rcs:21.000000
timestame:1619469790.665000000,objid:4,type:0,xpos:0.000000,ypos:0.000000,xspeed:-14.700000,yspeed:-1.100000,angle:-18.000000,distense:28.200000,rcs:6.000000
