timestame:1619470791.444000000,objid:0,type:0,xpos:0.000000,ypos:0.000000,xspeed:1.420000,yspeed:0.140000,angle:1.920000,distense:19.200000,rcs:34.000000
timestame:1619470791.444000000,objid:2,type:0,xpos:0.000000,ypos:0.000000,xspeed:1.250000,yspeed:-7.690000,angle:-16.540000,distense:47.000000,rcs:22.000000
