timestame:1619469565.477000000,objid:5,type:0,xpos:0.000000,ypos:0.000000,xspeed:-1.420000,yspeed:-0.790000,angle:-9.140000,distense:50.000000,rcs:6.000000
timestame:1619469565.477000000,objid:6,type:0,xpos:0.000000,ypos:0.000000,xspeed:-11.080000,yspeed:0.000000,angle:-3.500000,distense:208.200000,rcs:12.000000
timestame:1619469565.477000000,objid:8,type:0,xpos:0.000000,ypos:0.000000,xspeed:-7.100000,yspeed:0.280000,angle:20.780000,distense:40.600000,rcs:22.000000
