timestame:1619470476.597000000,objid:1,type:0,xpos:0.000000,ypos:0.000000,xspeed:-11.310000,yspeed:-0.300000,angle:-5.830000,distense:118.200000,rcs:19.000000
timestame:1619470476.597000000,objid:2,type:0,xpos:0.000000,ypos:0.000000,xspeed:1.050000,yspeed:-0.170000,angle:13.800000,distense:73.600000,rcs:9.000000
