timestame:1619471366.323000000,objid:1,type:0,xpos:0.000000,ypos:0.000000,xspeed:7.410000,yspeed:-0.440000,angle:3.060000,distense:110.800000,rcs:20.000000
timestame:1619471366.323000000,objid:2,type:0,xpos:0.000000,ypos:0.000000,xspeed:7.830000,yspeed:-0.090000,angle:3.260000,distense:116.400000,rcs:15.000000
timestame:1619471366.323000000,objid:7,type:0,xpos:0.000000,ypos:0.000000,xspeed:11.710000,yspeed:0.320000,angle:1.700000,distense:145.400000,rcs:20.000000
