timestame:1619470841.483000000,objid:0,type:0,xpos:0.000000,ypos:0.000000,xspeed:1.190000,yspeed:2.670000,angle:-4.870000,distense:42.600000,rcs:18.000000
timestame:1619470841.483000000,objid:3,type:0,xpos:0.000000,ypos:0.000000,xspeed:2.590000,yspeed:2.620000,angle:-10.100000,distense:44.400000,rcs:6.000000
timestame:1619470841.483000000,objid:7,type:0,xpos:0.000000,ypos:0.000000,xspeed:13.200000,yspeed:0.420000,angle:2.380000,distense:223.400000,rcs:9.000000
