timestame:1619471371.195000000,objid:1,type:0,xpos:0.000000,ypos:0.000000,xspeed:8.710000,yspeed:-0.100000,angle:2.350000,distense:152.200000,rcs:15.000000
timestame:1619471371.195000000,objid:7,type:0,xpos:0.000000,ypos:0.000000,xspeed:10.630000,yspeed:0.230000,angle:1.530000,distense:198.600000,rcs:15.000000
