timestame:1619471312.683000000,objid:2,type:0,xpos:0.000000,ypos:0.000000,xspeed:2.140000,yspeed:3.730000,angle:-9.020000,distense:44.600000,rcs:6.000000
timestame:1619471312.683000000,objid:3,type:0,xpos:0.000000,ypos:0.000000,xspeed:3.330000,yspeed:3.040000,angle:-13.020000,distense:39.400000,rcs:15.000000
timestame:1619471312.683000000,objid:4,type:0,xpos:0.000000,ypos:0.000000,xspeed:-1.060000,yspeed:4.940000,angle:3.280000,distense:37.200000,rcs:28.000000
