timestame:1619470439.225000000,objid:1,type:0,xpos:0.000000,ypos:0.000000,xspeed:14.050000,yspeed:0.670000,angle:2.580000,distense:46.200000,rcs:38.000000
timestame:1619470439.225000000,objid:2,type:0,xpos:0.000000,ypos:0.000000,xspeed:3.850000,yspeed:-0.040000,angle:10.500000,distense:72.400000,rcs:25.000000
