timestame:1619470050.793000000,objid:0,type:0,xpos:0.000000,ypos:0.000000,xspeed:7.060000,yspeed:0.030000,angle:3.480000,distense:111.000000,rcs:12.000000
timestame:1619470050.793000000,objid:5,type:0,xpos:0.000000,ypos:0.000000,xspeed:7.110000,yspeed:0.070000,angle:3.830000,distense:101.600000,rcs:26.000000
