timestame:1619471236.277000000,objid:0,type:0,xpos:0.000000,ypos:0.000000,xspeed:8.150000,yspeed:0.060000,angle:1.360000,distense:144.000000,rcs:9.000000
timestame:1619471236.277000000,objid:9,type:0,xpos:0.000000,ypos:0.000000,xspeed:7.920000,yspeed:0.080000,angle:1.440000,distense:133.800000,rcs:19.000000
