timestame:1619470929.035000000,objid:3,type:0,xpos:0.000000,ypos:0.000000,xspeed:-7.940000,yspeed:-0.400000,angle:-10.460000,distense:89.800000,rcs:9.000000
timestame:1619470929.035000000,objid:5,type:0,xpos:0.000000,ypos:0.000000,xspeed:-1.560000,yspeed:0.060000,angle:16.290000,distense:12.200000,rcs:24.000000
timestame:1619470929.035000000,objid:6,type:0,xpos:0.000000,ypos:0.000000,xspeed:-23.900000,yspeed:0.000000,angle:-10.030000,distense:90.600000,rcs:19.000000
