timestame:1619469909.886000000,objid:1,type:0,xpos:0.000000,ypos:0.000000,xspeed:4.140000,yspeed:-0.050000,angle:2.010000,distense:75.200000,rcs:19.000000
timestame:1619469909.886000000,objid:2,type:0,xpos:0.000000,ypos:0.000000,xspeed:9.690000,yspeed:0.070000,angle:3.120000,distense:129.400000,rcs:16.000000
timestame:1619469909.886000000,objid:8,type:0,xpos:0.000000,ypos:0.000000,xspeed:4.120000,yspeed:0.210000,angle:2.490000,distense:68.400000,rcs:30.000000
timestame:1619469909.886000000,objid:10,type:0,xpos:0.000000,ypos:0.000000,xspeed:2.100000,yspeed:3.610000,angle:-4.580000,distense:43.000000,rcs:6.000000
