timestame:1619471086.953000000,objid:0,type:0,xpos:0.000000,ypos:0.000000,xspeed:8.410000,yspeed:0.360000,angle:1.590000,distense:62.000000,rcs:31.000000
timestame:1619471086.953000000,objid:4,type:0,xpos:0.000000,ypos:0.000000,xspeed:-23.260000,yspeed:-1.340000,angle:-6.060000,distense:114.800000,rcs:13.000000
timestame:1619471086.953000000,objid:11,type:0,xpos:0.000000,ypos:0.000000,xspeed:3.090000,yspeed:0.120000,angle:2.470000,distense:24.600000,rcs:44.000000
