timestame:1619470498.615000000,objid:2,type:0,xpos:0.000000,ypos:0.000000,xspeed:-1.400000,yspeed:-2.470000,angle:-18.000000,distense:39.800000,rcs:22.000000
timestame:1619470498.615000000,objid:7,type:0,xpos:0.000000,ypos:0.000000,xspeed:-1.750000,yspeed:-1.700000,angle:-16.660000,distense:46.200000,rcs:6.000000
