timestame:1619470363.907000000,objid:1,type:0,xpos:0.000000,ypos:0.000000,xspeed:-1.410000,yspeed:8.580000,angle:-15.390000,distense:41.200000,rcs:16.000000
timestame:1619470363.907000000,objid:2,type:0,xpos:0.000000,ypos:0.000000,xspeed:-5.360000,yspeed:2.100000,angle:19.410000,distense:43.800000,rcs:6.000000
timestame:1619470363.907000000,objid:11,type:0,xpos:0.000000,ypos:0.000000,xspeed:-2.080000,yspeed:4.650000,angle:21.100000,distense:39.000000,rcs:12.000000
