timestame:1619471219.660000000,objid:6,type:0,xpos:0.000000,ypos:0.000000,xspeed:3.190000,yspeed:0.720000,angle:2.910000,distense:48.200000,rcs:20.000000
timestame:1619471219.660000000,objid:9,type:0,xpos:0.000000,ypos:0.000000,xspeed:3.530000,yspeed:0.270000,angle:2.870000,distense:29.600000,rcs:38.000000
timestame:1619471219.660000000,objid:10,type:0,xpos:0.000000,ypos:0.000000,xspeed:3.470000,yspeed:0.330000,angle:0.740000,distense:38.800000,rcs:20.000000
