timestame:1619471076.093000000,objid:0,type:0,xpos:0.000000,ypos:0.000000,xspeed:-9.620000,yspeed:-0.440000,angle:-18.000000,distense:32.800000,rcs:6.000000
timestame:1619471076.093000000,objid:3,type:0,xpos:0.000000,ypos:0.000000,xspeed:-8.750000,yspeed:-0.100000,angle:-8.790000,distense:75.800000,rcs:26.000000
timestame:1619471076.093000000,objid:5,type:0,xpos:0.000000,ypos:0.000000,xspeed:-9.690000,yspeed:-0.220000,angle:-13.640000,distense:54.800000,rcs:20.000000
timestame:1619471076.093000000,objid:6,type:0,xpos:0.000000,ypos:0.000000,xspeed:-5.250000,yspeed:-0.630000,angle:-17.520000,distense:57.800000,rcs:22.000000
