timestame:1619470768.583000000,objid:0,type:0,xpos:0.000000,ypos:0.000000,xspeed:-12.400000,yspeed:-1.360000,angle:-5.290000,distense:168.800000,rcs:13.000000
timestame:1619470768.583000000,objid:1,type:0,xpos:0.000000,ypos:0.000000,xspeed:10.770000,yspeed:0.500000,angle:2.410000,distense:70.200000,rcs:21.000000
timestame:1619470768.583000000,objid:2,type:0,xpos:0.000000,ypos:0.000000,xspeed:-11.370000,yspeed:0.000000,angle:-4.170000,distense:166.600000,rcs:6.000000
