timestame:1619470286.462000000,objid:2,type:0,xpos:0.000000,ypos:0.000000,xspeed:-12.980000,yspeed:-0.240000,angle:-7.820000,distense:111.600000,rcs:20.000000
timestame:1619470286.462000000,objid:5,type:0,xpos:0.000000,ypos:0.000000,xspeed:-5.650000,yspeed:-0.380000,angle:-18.000000,distense:45.000000,rcs:24.000000
timestame:1619470286.462000000,objid:7,type:0,xpos:0.000000,ypos:0.000000,xspeed:-5.140000,yspeed:-0.390000,angle:-18.000000,distense:40.600000,rcs:34.000000
timestame:1619470286.462000000,objid:11,type:0,xpos:0.000000,ypos:0.000000,xspeed:-5.330000,yspeed:-0.330000,angle:-18.000000,distense:34.400000,rcs:18.000000
