timestame:1619469872.597000000,objid:0,type:0,xpos:0.000000,ypos:0.000000,xspeed:-2.750000,yspeed:-0.490000,angle:-18.000000,distense:28.400000,rcs:12.000000
timestame:1619469872.597000000,objid:8,type:0,xpos:0.000000,ypos:0.000000,xspeed:-2.920000,yspeed:-0.350000,angle:-18.000000,distense:26.200000,rcs:6.000000
timestame:1619469872.597000000,objid:13,type:0,xpos:0.000000,ypos:0.000000,xspeed:-1.760000,yspeed:-0.420000,angle:-18.000000,distense:31.600000,rcs:15.000000
