timestame:1619470881.821000000,objid:3,type:0,xpos:0.000000,ypos:0.000000,xspeed:-1.470000,yspeed:-2.920000,angle:-18.000000,distense:34.600000,rcs:22.000000
timestame:1619470881.821000000,objid:11,type:0,xpos:0.000000,ypos:0.000000,xspeed:-4.210000,yspeed:-13.820000,angle:16.510000,distense:40.600000,rcs:31.000000
timestame:1619470881.821000000,objid:23,type:0,xpos:0.000000,ypos:0.000000,xspeed:-1.450000,yspeed:-1.160000,angle:-18.000000,distense:48.800000,rcs:12.000000
