timestame:1619470496.070000000,objid:5,type:0,xpos:0.000000,ypos:0.000000,xspeed:10.860000,yspeed:8.600000,angle:-8.180000,distense:56.800000,rcs:6.000000
timestame:1619470496.070000000,objid:6,type:0,xpos:0.000000,ypos:0.000000,xspeed:3.410000,yspeed:5.410000,angle:-16.070000,distense:46.600000,rcs:12.000000
