timestame:1619470744.235000000,objid:0,type:0,xpos:0.000000,ypos:0.000000,xspeed:-6.460000,yspeed:-1.100000,angle:-8.310000,distense:85.400000,rcs:21.000000
timestame:1619470744.235000000,objid:5,type:0,xpos:0.000000,ypos:0.000000,xspeed:-1.190000,yspeed:8.660000,angle:-9.560000,distense:40.800000,rcs:9.000000
timestame:1619470744.235000000,objid:6,type:0,xpos:0.000000,ypos:0.000000,xspeed:12.420000,yspeed:0.230000,angle:1.160000,distense:189.800000,rcs:32.000000
timestame:1619470744.235000000,objid:8,type:0,xpos:0.000000,ypos:0.000000,xspeed:-7.480000,yspeed:-0.230000,angle:-8.550000,distense:82.400000,rcs:15.000000
