timestame:1619471531.533000000,objid:2,type:0,xpos:0.000000,ypos:0.000000,xspeed:-18.960000,yspeed:-4.020000,angle:10.530000,distense:31.800000,rcs:6.000000
timestame:1619471531.533000000,objid:4,type:0,xpos:0.000000,ypos:0.000000,xspeed:-12.210000,yspeed:5.110000,angle:-2.420000,distense:202.000000,rcs:18.000000
