timestame:1619469884.204000000,objid:1,type:0,xpos:0.000000,ypos:0.000000,xspeed:1.500000,yspeed:0.050000,angle:3.900000,distense:13.400000,rcs:44.000000
timestame:1619469884.204000000,objid:5,type:0,xpos:0.000000,ypos:0.000000,xspeed:-1.830000,yspeed:-0.110000,angle:-13.540000,distense:72.200000,rcs:15.000000
timestame:1619469884.204000000,objid:13,type:0,xpos:0.000000,ypos:0.000000,xspeed:-1.560000,yspeed:-0.440000,angle:-9.720000,distense:75.800000,rcs:25.000000
timestame:1619469884.204000000,objid:16,type:0,xpos:0.000000,ypos:0.000000,xspeed:-1.400000,yspeed:-0.820000,angle:-8.100000,distense:86.600000,rcs:16.000000
