timestame:1619470767.655000000,objid:0,type:0,xpos:0.000000,ypos:0.000000,xspeed:-11.710000,yspeed:-2.270000,angle:-4.760000,distense:180.800000,rcs:19.000000
timestame:1619470767.655000000,objid:9,type:0,xpos:0.000000,ypos:0.000000,xspeed:7.350000,yspeed:0.230000,angle:2.370000,distense:57.200000,rcs:35.000000
