timestame:1619471311.821000000,objid:2,type:0,xpos:0.000000,ypos:0.000000,xspeed:2.830000,yspeed:2.960000,angle:-13.280000,distense:41.600000,rcs:9.000000
timestame:1619471311.821000000,objid:3,type:0,xpos:0.000000,ypos:0.000000,xspeed:3.610000,yspeed:2.080000,angle:-16.290000,distense:35.400000,rcs:16.000000
timestame:1619471311.821000000,objid:4,type:0,xpos:0.000000,ypos:0.000000,xspeed:-1.100000,yspeed:5.110000,angle:-3.220000,distense:38.000000,rcs:20.000000
