timestame:1619470473.733000000,objid:1,type:0,xpos:0.000000,ypos:0.000000,xspeed:-11.580000,yspeed:-0.520000,angle:-4.370000,distense:150.800000,rcs:16.000000
timestame:1619470473.733000000,objid:2,type:0,xpos:0.000000,ypos:0.000000,xspeed:1.780000,yspeed:-2.150000,angle:13.760000,distense:71.000000,rcs:6.000000
