timestame:1619471096.830000000,objid:2,type:0,xpos:0.000000,ypos:0.000000,xspeed:8.320000,yspeed:-0.120000,angle:1.200000,distense:94.600000,rcs:28.000000
timestame:1619471096.830000000,objid:3,type:0,xpos:0.000000,ypos:0.000000,xspeed:-14.980000,yspeed:-0.770000,angle:-10.230000,distense:69.200000,rcs:26.000000
