timestame:1619470145.754000000,objid:0,type:0,xpos:0.000000,ypos:0.000000,xspeed:3.440000,yspeed:1.880000,angle:22.640000,distense:36.200000,rcs:6.000000
timestame:1619470145.754000000,objid:1,type:0,xpos:0.000000,ypos:0.000000,xspeed:5.070000,yspeed:1.610000,angle:22.020000,distense:21.400000,rcs:20.000000
timestame:1619470145.754000000,objid:2,type:0,xpos:0.000000,ypos:0.000000,xspeed:6.970000,yspeed:3.190000,angle:20.300000,distense:33.200000,rcs:15.000000
