timestame:1619469566.529000000,objid:1,type:0,xpos:0.000000,ypos:0.000000,xspeed:39.140000,yspeed:-3.940000,angle:2.540000,distense:60.000000,rcs:9.000000
timestame:1619469566.529000000,objid:5,type:0,xpos:0.000000,ypos:0.000000,xspeed:-1.480000,yspeed:-2.780000,angle:-12.600000,distense:49.400000,rcs:15.000000
timestame:1619469566.529000000,objid:6,type:0,xpos:0.000000,ypos:0.000000,xspeed:-10.810000,yspeed:-2.640000,angle:-4.440000,distense:197.600000,rcs:15.000000
timestame:1619469566.529000000,objid:18,type:0,xpos:0.000000,ypos:0.000000,xspeed:2.030000,yspeed:0.000000,angle:-6.000000,distense:48.600000,rcs:9.000000
