timestame:1619471163.429000000,objid:0,type:0,xpos:0.000000,ypos:0.000000,xspeed:-10.790000,yspeed:0.000000,angle:-4.580000,distense:172.200000,rcs:9.000000
timestame:1619471163.429000000,objid:3,type:0,xpos:0.000000,ypos:0.000000,xspeed:4.130000,yspeed:4.100000,angle:-13.750000,distense:39.000000,rcs:22.000000
timestame:1619471163.429000000,objid:5,type:0,xpos:0.000000,ypos:0.000000,xspeed:2.690000,yspeed:5.750000,angle:-5.440000,distense:46.600000,rcs:6.000000
timestame:1619471163.429000000,objid:8,type:0,xpos:0.000000,ypos:0.000000,xspeed:3.890000,yspeed:3.880000,angle:-11.720000,distense:41.800000,rcs:22.000000
