timestame:1619469910.197000000,objid:1,type:0,xpos:0.000000,ypos:0.000000,xspeed:4.100000,yspeed:-0.100000,angle:1.890000,distense:76.400000,rcs:21.000000
timestame:1619469910.197000000,objid:2,type:0,xpos:0.000000,ypos:0.000000,xspeed:9.870000,yspeed:0.100000,angle:3.070000,distense:132.800000,rcs:9.000000
timestame:1619469910.197000000,objid:8,type:0,xpos:0.000000,ypos:0.000000,xspeed:4.130000,yspeed:0.220000,angle:2.510000,distense:69.600000,rcs:34.000000
timestame:1619469910.197000000,objid:10,type:0,xpos:0.000000,ypos:0.000000,xspeed:2.100000,yspeed:3.610000,angle:-3.930000,distense:44.200000,rcs:6.000000
