timestame:1619469947.862000000,objid:3,type:0,xpos:0.000000,ypos:0.000000,xspeed:1.310000,yspeed:0.080000,angle:0.850000,distense:18.200000,rcs:24.000000
timestame:1619469947.862000000,objid:4,type:0,xpos:0.000000,ypos:0.000000,xspeed:-1.820000,yspeed:-12.200000,angle:3.270000,distense:47.400000,rcs:12.000000
timestame:1619469947.862000000,objid:5,type:0,xpos:0.000000,ypos:0.000000,xspeed:2.440000,yspeed:-11.390000,angle:21.870000,distense:45.800000,rcs:15.000000
timestame:1619469947.862000000,objid:8,type:0,xpos:0.000000,ypos:0.000000,xspeed:-1.610000,yspeed:13.890000,angle:-18.000000,distense:50.200000,rcs:9.000000
