timestame:1619469704.314000000,objid:1,type:0,xpos:0.000000,ypos:0.000000,xspeed:-1.480000,yspeed:-3.410000,angle:-18.000000,distense:41.400000,rcs:16.000000
timestame:1619469704.314000000,objid:8,type:0,xpos:0.000000,ypos:0.000000,xspeed:1.080000,yspeed:-3.130000,angle:14.410000,distense:46.800000,rcs:31.000000
timestame:1619469704.314000000,objid:14,type:0,xpos:0.000000,ypos:0.000000,xspeed:-3.250000,yspeed:-3.730000,angle:-18.000000,distense:40.000000,rcs:33.000000
timestame:1619469704.314000000,objid:17,type:0,xpos:0.000000,ypos:0.000000,xspeed:-5.640000,yspeed:-2.250000,angle:-18.000000,distense:31.200000,rcs:6.000000
