timestame:1619471314.852000000,objid:1,type:0,xpos:0.000000,ypos:0.000000,xspeed:-15.220000,yspeed:-1.110000,angle:-4.480000,distense:152.800000,rcs:18.000000
timestame:1619471314.852000000,objid:2,type:0,xpos:0.000000,ypos:0.000000,xspeed:-3.020000,yspeed:6.020000,angle:-17.340000,distense:36.400000,rcs:18.000000
timestame:1619471314.852000000,objid:4,type:0,xpos:0.000000,ypos:0.000000,xspeed:-1.420000,yspeed:5.530000,angle:-17.790000,distense:36.600000,rcs:6.000000
