timestame:1619471370.684000000,objid:1,type:0,xpos:0.000000,ypos:0.000000,xspeed:8.600000,yspeed:-0.070000,angle:2.480000,distense:147.400000,rcs:6.000000
timestame:1619471370.684000000,objid:7,type:0,xpos:0.000000,ypos:0.000000,xspeed:10.860000,yspeed:0.250000,angle:1.550000,distense:193.200000,rcs:16.000000
