timestame:1619470032.949000000,objid:1,type:0,xpos:0.000000,ypos:0.000000,xspeed:7.630000,yspeed:0.360000,angle:2.490000,distense:56.400000,rcs:33.000000
timestame:1619470032.949000000,objid:3,type:0,xpos:0.000000,ypos:0.000000,xspeed:9.870000,yspeed:0.150000,angle:0.600000,distense:20.800000,rcs:41.000000
timestame:1619470032.949000000,objid:4,type:0,xpos:0.000000,ypos:0.000000,xspeed:12.340000,yspeed:0.210000,angle:1.790000,distense:92.000000,rcs:23.000000
timestame:1619470032.949000000,objid:7,type:0,xpos:0.000000,ypos:0.000000,xspeed:1.300000,yspeed:-0.100000,angle:7.660000,distense:23.000000,rcs:23.000000
