timestame:1619469619.322000000,objid:1,type:0,xpos:0.000000,ypos:0.000000,xspeed:-2.090000,yspeed:0.140000,angle:-13.120000,distense:72.200000,rcs:24.000000
timestame:1619469619.322000000,objid:3,type:0,xpos:0.000000,ypos:0.000000,xspeed:-1.570000,yspeed:-0.130000,angle:-10.980000,distense:86.200000,rcs:21.000000
timestame:1619469619.322000000,objid:4,type:0,xpos:0.000000,ypos:0.000000,xspeed:-16.970000,yspeed:1.720000,angle:-4.390000,distense:121.800000,rcs:16.000000
