timestame:1619469979.317000000,objid:1,type:0,xpos:0.000000,ypos:0.000000,xspeed:-2.040000,yspeed:-6.180000,angle:-2.350000,distense:40.000000,rcs:38.000000
timestame:1619469979.317000000,objid:5,type:0,xpos:0.000000,ypos:0.000000,xspeed:-1.790000,yspeed:-14.660000,angle:0.490000,distense:40.800000,rcs:37.000000
timestame:1619469979.317000000,objid:18,type:0,xpos:0.000000,ypos:0.000000,xspeed:2.020000,yspeed:-8.570000,angle:-18.000000,distense:64.600000,rcs:13.000000
