timestame:1619471025.298000000,objid:0,type:0,xpos:0.000000,ypos:0.000000,xspeed:-2.250000,yspeed:-3.310000,angle:-18.000000,distense:33.600000,rcs:19.000000
timestame:1619471025.298000000,objid:3,type:0,xpos:0.000000,ypos:0.000000,xspeed:-3.940000,yspeed:-5.800000,angle:-18.000000,distense:31.400000,rcs:16.000000
timestame:1619471025.298000000,objid:5,type:0,xpos:0.000000,ypos:0.000000,xspeed:-1.460000,yspeed:4.950000,angle:6.270000,distense:40.400000,rcs:30.000000
timestame:1619471025.298000000,objid:6,type:0,xpos:0.000000,ypos:0.000000,xspeed:-3.860000,yspeed:-4.350000,angle:-18.000000,distense:32.000000,rcs:6.000000
