timestame:1619470738.221000000,objid:0,type:0,xpos:0.000000,ypos:0.000000,xspeed:-16.130000,yspeed:-0.620000,angle:-4.610000,distense:144.800000,rcs:15.000000
timestame:1619470738.221000000,objid:1,type:0,xpos:0.000000,ypos:0.000000,xspeed:11.860000,yspeed:-0.100000,angle:1.130000,distense:124.400000,rcs:12.000000
timestame:1619470738.221000000,objid:6,type:0,xpos:0.000000,ypos:0.000000,xspeed:12.120000,yspeed:0.060000,angle:1.390000,distense:114.200000,rcs:33.000000
