timestame:1619470976.049000000,objid:0,type:0,xpos:0.000000,ypos:0.000000,xspeed:6.800000,yspeed:-0.040000,angle:3.210000,distense:120.800000,rcs:27.000000
timestame:1619470976.049000000,objid:3,type:0,xpos:0.000000,ypos:0.000000,xspeed:7.230000,yspeed:-0.070000,angle:2.250000,distense:130.800000,rcs:6.000000
timestame:1619470976.049000000,objid:5,type:0,xpos:0.000000,ypos:0.000000,xspeed:-18.680000,yspeed:1.120000,angle:-6.680000,distense:123.400000,rcs:13.000000
timestame:1619470976.049000000,objid:9,type:0,xpos:0.000000,ypos:0.000000,xspeed:1.490000,yspeed:3.980000,angle:-3.310000,distense:46.600000,rcs:6.000000
