timestame:1619471251.402000000,objid:1,type:0,xpos:0.000000,ypos:0.000000,xspeed:1.800000,yspeed:2.890000,angle:0.200000,distense:75.200000,rcs:13.000000
timestame:1619471251.402000000,objid:3,type:0,xpos:0.000000,ypos:0.000000,xspeed:-17.160000,yspeed:-1.790000,angle:-5.330000,distense:159.600000,rcs:15.000000
