timestame:1619470639.770000000,objid:2,type:0,xpos:0.000000,ypos:0.000000,xspeed:-6.130000,yspeed:-1.620000,angle:-4.540000,distense:190.000000,rcs:15.000000
timestame:1619470639.770000000,objid:6,type:0,xpos:0.000000,ypos:0.000000,xspeed:-4.740000,yspeed:-1.950000,angle:-18.000000,distense:49.600000,rcs:9.000000
timestame:1619470639.770000000,objid:7,type:0,xpos:0.000000,ypos:0.000000,xspeed:1.790000,yspeed:-11.040000,angle:-18.000000,distense:64.600000,rcs:9.000000
