timestame:1619470512.035000000,objid:1,type:0,xpos:0.000000,ypos:0.000000,xspeed:-1.750000,yspeed:-2.240000,angle:2.880000,distense:42.800000,rcs:34.000000
timestame:1619470512.035000000,objid:6,type:0,xpos:0.000000,ypos:0.000000,xspeed:2.930000,yspeed:0.170000,angle:2.720000,distense:12.600000,rcs:35.000000
timestame:1619470512.035000000,objid:8,type:0,xpos:0.000000,ypos:0.000000,xspeed:-4.590000,yspeed:-3.230000,angle:3.340000,distense:66.800000,rcs:20.000000
timestame:1619470512.035000000,objid:10,type:0,xpos:0.000000,ypos:0.000000,xspeed:3.110000,yspeed:0.340000,angle:1.420000,distense:17.200000,rcs:6.000000
