timestame:1619471451.245000000,objid:3,type:0,xpos:0.000000,ypos:0.000000,xspeed:-2.300000,yspeed:-0.180000,angle:-6.440000,distense:102.600000,rcs:16.000000
timestame:1619471451.245000000,objid:11,type:0,xpos:0.000000,ypos:0.000000,xspeed:-1.860000,yspeed:0.320000,angle:-7.590000,distense:94.200000,rcs:13.000000
timestame:1619471451.245000000,objid:13,type:0,xpos:0.000000,ypos:0.000000,xspeed:-3.780000,yspeed:-0.170000,angle:20.680000,distense:37.400000,rcs:13.000000
