timestame:1619471562.776000000,objid:3,type:0,xpos:0.000000,ypos:0.000000,xspeed:-2.090000,yspeed:-2.940000,angle:-18.000000,distense:33.400000,rcs:20.000000
timestame:1619471562.776000000,objid:5,type:0,xpos:0.000000,ypos:0.000000,xspeed:-3.190000,yspeed:-0.450000,angle:-18.000000,distense:30.600000,rcs:26.000000
timestame:1619471562.776000000,objid:10,type:0,xpos:0.000000,ypos:0.000000,xspeed:2.440000,yspeed:2.870000,angle:-16.230000,distense:61.200000,rcs:22.000000
