timestame:1619470447.919000000,objid:0,type:0,xpos:0.000000,ypos:0.000000,xspeed:18.630000,yspeed:-1.650000,angle:1.090000,distense:200.200000,rcs:9.000000
timestame:1619470447.919000000,objid:1,type:0,xpos:0.000000,ypos:0.000000,xspeed:-4.060000,yspeed:1.220000,angle:5.490000,distense:176.200000,rcs:9.000000
timestame:1619470447.919000000,objid:2,type:0,xpos:0.000000,ypos:0.000000,xspeed:4.660000,yspeed:-0.220000,angle:6.310000,distense:109.200000,rcs:13.000000
