timestame:1619470943.264000000,objid:1,type:0,xpos:0.000000,ypos:0.000000,xspeed:-5.580000,yspeed:1.040000,angle:-14.870000,distense:49.800000,rcs:12.000000
timestame:1619470943.264000000,objid:5,type:0,xpos:0.000000,ypos:0.000000,xspeed:-6.360000,yspeed:-0.530000,angle:-18.000000,distense:53.000000,rcs:21.000000
timestame:1619470943.264000000,objid:7,type:0,xpos:0.000000,ypos:0.000000,xspeed:-5.790000,yspeed:-0.740000,angle:-18.000000,distense:49.800000,rcs:20.000000
