timestame:1619470166.492000000,objid:0,type:0,xpos:0.000000,ypos:0.000000,xspeed:4.890000,yspeed:0.220000,angle:2.220000,distense:33.600000,rcs:32.000000
timestame:1619470166.492000000,objid:3,type:0,xpos:0.000000,ypos:0.000000,xspeed:6.920000,yspeed:0.480000,angle:6.540000,distense:63.200000,rcs:34.000000
