timestame:1619469539.742000000,objid:4,type:0,xpos:0.000000,ypos:0.000000,xspeed:17.570000,yspeed:0.180000,angle:1.400000,distense:161.400000,rcs:18.000000
timestame:1619469539.742000000,objid:7,type:0,xpos:0.000000,ypos:0.000000,xspeed:17.370000,yspeed:0.170000,angle:1.160000,distense:168.400000,rcs:6.000000
