timestame:1619469915.588000000,objid:1,type:0,xpos:0.000000,ypos:0.000000,xspeed:5.360000,yspeed:0.100000,angle:1.610000,distense:104.000000,rcs:22.000000
timestame:1619469915.588000000,objid:2,type:0,xpos:0.000000,ypos:0.000000,xspeed:13.400000,yspeed:0.380000,angle:2.500000,distense:202.400000,rcs:25.000000
timestame:1619469915.588000000,objid:8,type:0,xpos:0.000000,ypos:0.000000,xspeed:5.330000,yspeed:-0.060000,angle:1.570000,distense:97.000000,rcs:18.000000
