timestame:1619469694.420000000,objid:1,type:0,xpos:0.000000,ypos:0.000000,xspeed:-1.560000,yspeed:6.720000,angle:1.200000,distense:41.800000,rcs:26.000000
timestame:1619469694.420000000,objid:6,type:0,xpos:0.000000,ypos:0.000000,xspeed:1.780000,yspeed:-4.500000,angle:14.700000,distense:47.400000,rcs:20.000000
timestame:1619469694.420000000,objid:7,type:0,xpos:0.000000,ypos:0.000000,xspeed:-1.420000,yspeed:8.900000,angle:-2.470000,distense:42.800000,rcs:24.000000
timestame:1619469694.420000000,objid:8,type:0,xpos:0.000000,ypos:0.000000,xspeed:2.070000,yspeed:-7.900000,angle:-18.000000,distense:73.200000,rcs:6.000000
