timestame:1619470561.025000000,objid:0,type:0,xpos:0.000000,ypos:0.000000,xspeed:5.130000,yspeed:-0.390000,angle:2.690000,distense:196.400000,rcs:6.000000
timestame:1619470561.025000000,objid:1,type:0,xpos:0.000000,ypos:0.000000,xspeed:5.460000,yspeed:-0.160000,angle:4.290000,distense:188.000000,rcs:6.000000
timestame:1619470561.025000000,objid:3,type:0,xpos:0.000000,ypos:0.000000,xspeed:8.840000,yspeed:0.250000,angle:1.920000,distense:71.800000,rcs:27.000000
