timestame:1619469910.813000000,objid:1,type:0,xpos:0.000000,ypos:0.000000,xspeed:4.130000,yspeed:-0.080000,angle:1.830000,distense:78.800000,rcs:12.000000
timestame:1619469910.813000000,objid:2,type:0,xpos:0.000000,ypos:0.000000,xspeed:10.290000,yspeed:0.040000,angle:2.870000,distense:139.600000,rcs:20.000000
timestame:1619469910.813000000,objid:8,type:0,xpos:0.000000,ypos:0.000000,xspeed:4.150000,yspeed:0.180000,angle:2.450000,distense:72.200000,rcs:37.000000
