timestame:1619470977.105000000,objid:0,type:0,xpos:0.000000,ypos:0.000000,xspeed:6.910000,yspeed:-0.180000,angle:2.820000,distense:128.400000,rcs:22.000000
timestame:1619470977.105000000,objid:2,type:0,xpos:0.000000,ypos:0.000000,xspeed:-18.030000,yspeed:0.550000,angle:-2.660000,distense:187.600000,rcs:6.000000
timestame:1619470977.105000000,objid:3,type:0,xpos:0.000000,ypos:0.000000,xspeed:7.070000,yspeed:0.100000,angle:2.320000,distense:138.200000,rcs:6.000000
timestame:1619470977.105000000,objid:5,type:0,xpos:0.000000,ypos:0.000000,xspeed:-18.980000,yspeed:0.130000,angle:-8.440000,distense:103.000000,rcs:18.000000
