timestame:1619470105.543000000,objid:1,type:0,xpos:0.000000,ypos:0.000000,xspeed:6.720000,yspeed:-0.170000,angle:21.420000,distense:27.800000,rcs:26.000000
timestame:1619470105.543000000,objid:9,type:0,xpos:0.000000,ypos:0.000000,xspeed:3.830000,yspeed:2.390000,angle:-16.210000,distense:26.000000,rcs:33.000000
