timestame:1619470569.196000000,objid:1,type:0,xpos:0.000000,ypos:0.000000,xspeed:4.080000,yspeed:2.620000,angle:-14.280000,distense:35.800000,rcs:13.000000
timestame:1619470569.196000000,objid:3,type:0,xpos:0.000000,ypos:0.000000,xspeed:15.380000,yspeed:0.090000,angle:1.020000,distense:185.000000,rcs:28.000000
timestame:1619470569.196000000,objid:6,type:0,xpos:0.000000,ypos:0.000000,xspeed:-29.930000,yspeed:-4.600000,angle:-0.430000,distense:32.800000,rcs:9.000000
timestame:1619470569.196000000,objid:8,type:0,xpos:0.000000,ypos:0.000000,xspeed:2.890000,yspeed:4.270000,angle:-6.320000,distense:49.200000,rcs:6.000000
