timestame:1619470139.118000000,objid:0,type:0,xpos:0.000000,ypos:0.000000,xspeed:-6.850000,yspeed:-0.180000,angle:14.200000,distense:30.200000,rcs:20.000000
timestame:1619470139.118000000,objid:7,type:0,xpos:0.000000,ypos:0.000000,xspeed:-2.150000,yspeed:-0.200000,angle:-10.590000,distense:72.800000,rcs:6.000000
