timestame:1619470211.789000000,objid:0,type:0,xpos:0.000000,ypos:0.000000,xspeed:1.730000,yspeed:0.190000,angle:6.390000,distense:16.600000,rcs:28.000000
timestame:1619470211.789000000,objid:2,type:0,xpos:0.000000,ypos:0.000000,xspeed:-1.650000,yspeed:7.750000,angle:-18.000000,distense:47.400000,rcs:22.000000
timestame:1619470211.789000000,objid:4,type:0,xpos:0.000000,ypos:0.000000,xspeed:-2.400000,yspeed:-2.940000,angle:-3.350000,distense:50.000000,rcs:13.000000
