timestame:1619470029.168000000,objid:1,type:0,xpos:0.000000,ypos:0.000000,xspeed:4.920000,yspeed:0.460000,angle:1.970000,distense:28.200000,rcs:34.000000
timestame:1619470029.168000000,objid:2,type:0,xpos:0.000000,ypos:0.000000,xspeed:6.750000,yspeed:0.320000,angle:2.430000,distense:46.400000,rcs:39.000000
