timestame:1619470871.084000000,objid:1,type:0,xpos:0.000000,ypos:0.000000,xspeed:-13.650000,yspeed:2.420000,angle:-3.750000,distense:149.000000,rcs:9.000000
timestame:1619470871.084000000,objid:4,type:0,xpos:0.000000,ypos:0.000000,xspeed:4.580000,yspeed:-0.570000,angle:1.320000,distense:11.800000,rcs:22.000000
