timestame:1619470634.732000000,objid:1,type:0,xpos:0.000000,ypos:0.000000,xspeed:-1.400000,yspeed:2.180000,angle:-18.000000,distense:33.800000,rcs:15.000000
timestame:1619470634.732000000,objid:2,type:0,xpos:0.000000,ypos:0.000000,xspeed:-2.430000,yspeed:0.180000,angle:-8.520000,distense:81.400000,rcs:19.000000
