timestame:1619470376.018000000,objid:1,type:0,xpos:0.000000,ypos:0.000000,xspeed:-1.980000,yspeed:-3.230000,angle:-18.000000,distense:36.600000,rcs:18.000000
timestame:1619470376.018000000,objid:5,type:0,xpos:0.000000,ypos:0.000000,xspeed:-6.790000,yspeed:-5.250000,angle:-18.000000,distense:36.200000,rcs:22.000000
timestame:1619470376.018000000,objid:18,type:0,xpos:0.000000,ypos:0.000000,xspeed:-6.330000,yspeed:-0.360000,angle:-8.120000,distense:86.000000,rcs:13.000000
