timestame:1619469699.944000000,objid:2,type:0,xpos:0.000000,ypos:0.000000,xspeed:-2.020000,yspeed:-2.040000,angle:-18.000000,distense:40.600000,rcs:20.000000
timestame:1619469699.944000000,objid:5,type:0,xpos:0.000000,ypos:0.000000,xspeed:-3.880000,yspeed:-2.180000,angle:-18.000000,distense:37.400000,rcs:9.000000
timestame:1619469699.944000000,objid:6,type:0,xpos:0.000000,ypos:0.000000,xspeed:4.610000,yspeed:-5.870000,angle:-11.720000,distense:78.600000,rcs:6.000000
timestame:1619469699.944000000,objid:8,type:0,xpos:0.000000,ypos:0.000000,xspeed:3.010000,yspeed:5.230000,angle:-3.860000,distense:47.400000,rcs:13.000000
