timestame:1619471451.368000000,objid:3,type:0,xpos:0.000000,ypos:0.000000,xspeed:-2.170000,yspeed:-0.090000,angle:-6.360000,distense:102.400000,rcs:13.000000
timestame:1619471451.368000000,objid:11,type:0,xpos:0.000000,ypos:0.000000,xspeed:-1.850000,yspeed:0.400000,angle:-7.470000,distense:93.800000,rcs:6.000000
timestame:1619471451.368000000,objid:13,type:0,xpos:0.000000,ypos:0.000000,xspeed:-3.800000,yspeed:-0.140000,angle:21.100000,distense:36.800000,rcs:18.000000
