timestame:1619469537.005000000,objid:4,type:0,xpos:0.000000,ypos:0.000000,xspeed:16.760000,yspeed:0.390000,angle:1.870000,distense:112.600000,rcs:24.000000
timestame:1619469537.005000000,objid:7,type:0,xpos:0.000000,ypos:0.000000,xspeed:16.800000,yspeed:0.310000,angle:1.510000,distense:120.200000,rcs:15.000000
