timestame:1619471313.305000000,objid:1,type:0,xpos:0.000000,ypos:0.000000,xspeed:-15.220000,yspeed:-1.860000,angle:-3.410000,distense:176.200000,rcs:12.000000
timestame:1619471313.305000000,objid:2,type:0,xpos:0.000000,ypos:0.000000,xspeed:1.820000,yspeed:4.070000,angle:-6.350000,distense:46.800000,rcs:6.000000
timestame:1619471313.305000000,objid:3,type:0,xpos:0.000000,ypos:0.000000,xspeed:2.890000,yspeed:3.840000,angle:-9.740000,distense:42.200000,rcs:6.000000
timestame:1619471313.305000000,objid:4,type:0,xpos:0.000000,ypos:0.000000,xspeed:-1.080000,yspeed:5.140000,angle:8.530000,distense:36.800000,rcs:21.000000
