timestame:1619471450.312000000,objid:3,type:0,xpos:0.000000,ypos:0.000000,xspeed:-2.800000,yspeed:-0.120000,angle:-6.230000,distense:103.800000,rcs:19.000000
timestame:1619471450.312000000,objid:11,type:0,xpos:0.000000,ypos:0.000000,xspeed:-2.020000,yspeed:-0.030000,angle:-8.070000,distense:95.600000,rcs:6.000000
timestame:1619471450.312000000,objid:13,type:0,xpos:0.000000,ypos:0.000000,xspeed:-3.660000,yspeed:0.150000,angle:19.710000,distense:41.000000,rcs:12.000000
