timestame:1619469576.763000000,objid:3,type:0,xpos:0.000000,ypos:0.000000,xspeed:-7.250000,yspeed:-0.110000,angle:-7.550000,distense:116.000000,rcs:13.000000
timestame:1619469576.763000000,objid:5,type:0,xpos:0.000000,ypos:0.000000,xspeed:-6.770000,yspeed:-0.230000,angle:-7.770000,distense:113.600000,rcs:15.000000
