timestame:1619470774.419000000,objid:0,type:0,xpos:0.000000,ypos:0.000000,xspeed:-9.290000,yspeed:-0.160000,angle:-7.610000,distense:113.200000,rcs:18.000000
timestame:1619470774.419000000,objid:1,type:0,xpos:0.000000,ypos:0.000000,xspeed:-7.000000,yspeed:0.000000,angle:-7.040000,distense:117.200000,rcs:16.000000
timestame:1619470774.419000000,objid:2,type:0,xpos:0.000000,ypos:0.000000,xspeed:17.730000,yspeed:0.400000,angle:1.440000,distense:159.800000,rcs:9.000000
