timestame:1619471405.898000000,objid:5,type:0,xpos:0.000000,ypos:0.000000,xspeed:-16.900000,yspeed:-0.360000,angle:8.060000,distense:162.600000,rcs:9.000000
timestame:1619471405.898000000,objid:10,type:0,xpos:0.000000,ypos:0.000000,xspeed:-1.260000,yspeed:-0.450000,angle:-15.010000,distense:45.200000,rcs:6.000000
