timestame:1619470081.403000000,objid:0,type:0,xpos:0.000000,ypos:0.000000,xspeed:1.160000,yspeed:-5.410000,angle:8.000000,distense:49.200000,rcs:9.000000
timestame:1619470081.403000000,objid:4,type:0,xpos:0.000000,ypos:0.000000,xspeed:3.100000,yspeed:-9.080000,angle:3.480000,distense:50.200000,rcs:24.000000
timestame:1619470081.403000000,objid:7,type:0,xpos:0.000000,ypos:0.000000,xspeed:-3.140000,yspeed:6.800000,angle:-1.870000,distense:50.400000,rcs:6.000000
