timestame:1619471315.853000000,objid:1,type:0,xpos:0.000000,ypos:0.000000,xspeed:-14.230000,yspeed:-0.570000,angle:-4.820000,distense:139.400000,rcs:19.000000
timestame:1619471315.853000000,objid:2,type:0,xpos:0.000000,ypos:0.000000,xspeed:-1.960000,yspeed:5.580000,angle:-8.770000,distense:37.800000,rcs:6.000000
