timestame:1619470967.477000000,objid:0,type:0,xpos:0.000000,ypos:0.000000,xspeed:4.640000,yspeed:0.180000,angle:5.370000,distense:68.400000,rcs:28.000000
timestame:1619470967.477000000,objid:1,type:0,xpos:0.000000,ypos:0.000000,xspeed:13.670000,yspeed:0.380000,angle:1.120000,distense:170.200000,rcs:20.000000
timestame:1619470967.477000000,objid:6,type:0,xpos:0.000000,ypos:0.000000,xspeed:11.760000,yspeed:0.330000,angle:1.870000,distense:144.000000,rcs:22.000000
timestame:1619470967.477000000,objid:7,type:0,xpos:0.000000,ypos:0.000000,xspeed:6.370000,yspeed:1.780000,angle:20.630000,distense:27.600000,rcs:27.000000
