timestame:1619470480.153000000,objid:0,type:0,xpos:0.000000,ypos:0.000000,xspeed:-7.120000,yspeed:-0.390000,angle:-7.350000,distense:95.000000,rcs:19.000000
timestame:1619470480.153000000,objid:1,type:0,xpos:0.000000,ypos:0.000000,xspeed:-6.110000,yspeed:-1.070000,angle:-7.110000,distense:98.200000,rcs:18.000000
timestame:1619470480.153000000,objid:2,type:0,xpos:0.000000,ypos:0.000000,xspeed:1.680000,yspeed:-0.370000,angle:11.560000,distense:79.400000,rcs:9.000000
timestame:1619470480.153000000,objid:4,type:0,xpos:0.000000,ypos:0.000000,xspeed:1.010000,yspeed:-3.830000,angle:22.160000,distense:46.000000,rcs:26.000000
