timestame:1619469753.913000000,objid:1,type:0,xpos:0.000000,ypos:0.000000,xspeed:4.750000,yspeed:3.580000,angle:-14.940000,distense:42.800000,rcs:6.000000
timestame:1619469753.913000000,objid:2,type:0,xpos:0.000000,ypos:0.000000,xspeed:24.840000,yspeed:5.630000,angle:21.590000,distense:28.200000,rcs:20.000000
