timestame:1619470329.927000000,objid:0,type:0,xpos:0.000000,ypos:0.000000,xspeed:16.210000,yspeed:-0.410000,angle:0.450000,distense:176.600000,rcs:12.000000
timestame:1619470329.927000000,objid:2,type:0,xpos:0.000000,ypos:0.000000,xspeed:9.690000,yspeed:0.310000,angle:1.040000,distense:201.200000,rcs:15.000000
timestame:1619470329.927000000,objid:4,type:0,xpos:0.000000,ypos:0.000000,xspeed:-1.080000,yspeed:-1.780000,angle:12.910000,distense:67.600000,rcs:13.000000
timestame:1619470329.927000000,objid:5,type:0,xpos:0.000000,ypos:0.000000,xspeed:9.400000,yspeed:0.280000,angle:1.300000,distense:215.400000,rcs:9.000000
