timestame:1619470938.560000000,objid:1,type:0,xpos:0.000000,ypos:0.000000,xspeed:-1.520000,yspeed:-2.950000,angle:-13.670000,distense:72.800000,rcs:20.000000
timestame:1619470938.560000000,objid:7,type:0,xpos:0.000000,ypos:0.000000,xspeed:-1.770000,yspeed:-0.300000,angle:-12.630000,distense:75.800000,rcs:13.000000
timestame:1619470938.560000000,objid:10,type:0,xpos:0.000000,ypos:0.000000,xspeed:-2.480000,yspeed:-0.450000,angle:-10.270000,distense:75.600000,rcs:13.000000
