timestame:1619470771.056000000,objid:0,type:0,xpos:0.000000,ypos:0.000000,xspeed:-10.840000,yspeed:-0.220000,angle:-5.920000,distense:143.000000,rcs:13.000000
timestame:1619470771.056000000,objid:1,type:0,xpos:0.000000,ypos:0.000000,xspeed:12.670000,yspeed:0.200000,angle:1.840000,distense:102.000000,rcs:24.000000
timestame:1619470771.056000000,objid:2,type:0,xpos:0.000000,ypos:0.000000,xspeed:-10.830000,yspeed:0.980000,angle:-6.150000,distense:139.800000,rcs:13.000000
