timestame:1619470835.983000000,objid:1,type:0,xpos:0.000000,ypos:0.000000,xspeed:11.070000,yspeed:0.110000,angle:2.290000,distense:157.000000,rcs:22.000000
timestame:1619470835.983000000,objid:3,type:0,xpos:0.000000,ypos:0.000000,xspeed:3.270000,yspeed:3.090000,angle:-16.000000,distense:26.200000,rcs:31.000000
timestame:1619470835.983000000,objid:6,type:0,xpos:0.000000,ypos:0.000000,xspeed:14.760000,yspeed:0.240000,angle:1.190000,distense:205.400000,rcs:15.000000
timestame:1619470835.983000000,objid:7,type:0,xpos:0.000000,ypos:0.000000,xspeed:11.460000,yspeed:0.370000,angle:2.650000,distense:149.800000,rcs:21.000000
