timestame:1619469704.626000000,objid:1,type:0,xpos:0.000000,ypos:0.000000,xspeed:-1.480000,yspeed:-3.410000,angle:-18.000000,distense:41.400000,rcs:16.000000
timestame:1619469704.626000000,objid:14,type:0,xpos:0.000000,ypos:0.000000,xspeed:-2.950000,yspeed:-2.750000,angle:-18.000000,distense:39.400000,rcs:29.000000
