timestame:1619469537.445000000,objid:4,type:0,xpos:0.000000,ypos:0.000000,xspeed:16.930000,yspeed:0.390000,angle:1.830000,distense:120.000000,rcs:16.000000
timestame:1619469537.445000000,objid:7,type:0,xpos:0.000000,ypos:0.000000,xspeed:16.990000,yspeed:0.250000,angle:1.410000,distense:127.600000,rcs:13.000000
