timestame:1619470859.518000000,objid:0,type:0,xpos:0.000000,ypos:0.000000,xspeed:5.970000,yspeed:3.730000,angle:-16.250000,distense:40.200000,rcs:6.000000
timestame:1619470859.518000000,objid:1,type:0,xpos:0.000000,ypos:0.000000,xspeed:3.050000,yspeed:-0.610000,angle:-13.930000,distense:39.800000,rcs:6.000000
