timestame:1619471153.695000000,objid:0,type:0,xpos:0.000000,ypos:0.000000,xspeed:-1.460000,yspeed:0.000000,angle:-4.830000,distense:61.200000,rcs:26.000000
timestame:1619471153.695000000,objid:1,type:0,xpos:0.000000,ypos:0.000000,xspeed:-7.360000,yspeed:-5.830000,angle:4.840000,distense:73.800000,rcs:6.000000
timestame:1619471153.695000000,objid:2,type:0,xpos:0.000000,ypos:0.000000,xspeed:-2.260000,yspeed:10.830000,angle:-8.600000,distense:42.400000,rcs:6.000000
timestame:1619471153.695000000,objid:4,type:0,xpos:0.000000,ypos:0.000000,xspeed:-8.160000,yspeed:0.000000,angle:-7.900000,distense:89.000000,rcs:15.000000
