timestame:1619469919.675000000,objid:1,type:0,xpos:0.000000,ypos:0.000000,xspeed:5.710000,yspeed:-0.100000,angle:1.230000,distense:127.600000,rcs:16.000000
timestame:1619469919.675000000,objid:8,type:0,xpos:0.000000,ypos:0.000000,xspeed:5.770000,yspeed:0.110000,angle:1.540000,distense:121.000000,rcs:18.000000
