timestame:1619471259.195000000,objid:2,type:0,xpos:0.000000,ypos:0.000000,xspeed:12.240000,yspeed:0.620000,angle:5.520000,distense:64.200000,rcs:37.000000
timestame:1619471259.195000000,objid:3,type:0,xpos:0.000000,ypos:0.000000,xspeed:-14.830000,yspeed:-0.560000,angle:-18.000000,distense:43.000000,rcs:19.000000
timestame:1619471259.195000000,objid:6,type:0,xpos:0.000000,ypos:0.000000,xspeed:12.310000,yspeed:0.120000,angle:5.270000,distense:76.400000,rcs:15.000000
timestame:1619471259.195000000,objid:10,type:0,xpos:0.000000,ypos:0.000000,xspeed:12.290000,yspeed:0.570000,angle:5.970000,distense:52.200000,rcs:26.000000
