timestame:1619470202.593000000,objid:0,type:0,xpos:0.000000,ypos:0.000000,xspeed:1.670000,yspeed:-1.950000,angle:5.080000,distense:142.600000,rcs:16.000000
timestame:1619470202.593000000,objid:1,type:0,xpos:0.000000,ypos:0.000000,xspeed:2.870000,yspeed:0.280000,angle:6.250000,distense:162.600000,rcs:6.000000
timestame:1619470202.593000000,objid:2,type:0,xpos:0.000000,ypos:0.000000,xspeed:1.510000,yspeed:1.170000,angle:5.520000,distense:158.000000,rcs:6.000000
