timestame:1619471003.086000000,objid:0,type:0,xpos:0.000000,ypos:0.000000,xspeed:-4.220000,yspeed:-5.740000,angle:-7.220000,distense:48.000000,rcs:24.000000
timestame:1619471003.086000000,objid:1,type:0,xpos:0.000000,ypos:0.000000,xspeed:-13.360000,yspeed:-0.500000,angle:-5.690000,distense:142.000000,rcs:16.000000
timestame:1619471003.086000000,objid:3,type:0,xpos:0.000000,ypos:0.000000,xspeed:1.300000,yspeed:-3.080000,angle:-16.410000,distense:46.400000,rcs:12.000000
timestame:1619471003.086000000,objid:4,type:0,xpos:0.000000,ypos:0.000000,xspeed:1.810000,yspeed:0.190000,angle:0.010000,distense:17.000000,rcs:18.000000
