timestame:1619469921.164000000,objid:1,type:0,xpos:0.000000,ypos:0.000000,xspeed:5.870000,yspeed:0.070000,angle:1.290000,distense:136.600000,rcs:6.000000
timestame:1619469921.164000000,objid:8,type:0,xpos:0.000000,ypos:0.000000,xspeed:5.800000,yspeed:0.090000,angle:1.480000,distense:129.600000,rcs:21.000000
