timestame:1619471296.900000000,objid:2,type:0,xpos:0.000000,ypos:0.000000,xspeed:-1.950000,yspeed:6.200000,angle:-13.840000,distense:43.400000,rcs:13.000000
timestame:1619471296.900000000,objid:6,type:0,xpos:0.000000,ypos:0.000000,xspeed:2.430000,yspeed:3.940000,angle:-7.430000,distense:43.000000,rcs:6.000000
