timestame:1619470165.317000000,objid:3,type:0,xpos:0.000000,ypos:0.000000,xspeed:6.270000,yspeed:0.340000,angle:6.810000,distense:54.200000,rcs:27.000000
timestame:1619470165.317000000,objid:6,type:0,xpos:0.000000,ypos:0.000000,xspeed:2.200000,yspeed:0.090000,angle:1.300000,distense:25.200000,rcs:6.000000
