timestame:1619471318.897000000,objid:0,type:0,xpos:0.000000,ypos:0.000000,xspeed:4.100000,yspeed:2.940000,angle:-4.550000,distense:123.000000,rcs:13.000000
timestame:1619471318.897000000,objid:1,type:0,xpos:0.000000,ypos:0.000000,xspeed:-7.890000,yspeed:-3.130000,angle:-6.070000,distense:109.400000,rcs:25.000000
timestame:1619471318.897000000,objid:3,type:0,xpos:0.000000,ypos:0.000000,xspeed:-12.710000,yspeed:-2.500000,angle:-2.920000,distense:201.400000,rcs:12.000000
