timestame:1619470052.652000000,objid:0,type:0,xpos:0.000000,ypos:0.000000,xspeed:7.650000,yspeed:-0.150000,angle:2.770000,distense:125.800000,rcs:9.000000
timestame:1619470052.652000000,objid:5,type:0,xpos:0.000000,ypos:0.000000,xspeed:7.740000,yspeed:0.060000,angle:3.390000,distense:116.400000,rcs:26.000000
