timestame:1619470141.219000000,objid:1,type:0,xpos:0.000000,ypos:0.000000,xspeed:1.450000,yspeed:1.580000,angle:17.160000,distense:27.000000,rcs:9.000000
timestame:1619470141.219000000,objid:2,type:0,xpos:0.000000,ypos:0.000000,xspeed:10.120000,yspeed:17.840000,angle:-9.990000,distense:19.600000,rcs:16.000000
timestame:1619470141.219000000,objid:3,type:0,xpos:0.000000,ypos:0.000000,xspeed:7.850000,yspeed:10.420000,angle:-18.000000,distense:39.600000,rcs:6.000000
