timestame:1619470758.293000000,objid:1,type:0,xpos:0.000000,ypos:0.000000,xspeed:-1.260000,yspeed:-3.180000,angle:-13.300000,distense:38.800000,rcs:19.000000
timestame:1619470758.293000000,objid:10,type:0,xpos:0.000000,ypos:0.000000,xspeed:-2.910000,yspeed:-0.710000,angle:-18.000000,distense:25.000000,rcs:6.000000
