timestame:1619471003.517000000,objid:1,type:0,xpos:0.000000,ypos:0.000000,xspeed:-13.150000,yspeed:-0.760000,angle:-6.210000,distense:136.800000,rcs:16.000000
timestame:1619471003.517000000,objid:4,type:0,xpos:0.000000,ypos:0.000000,xspeed:1.460000,yspeed:0.110000,angle:-0.040000,distense:17.200000,rcs:25.000000
