timestame:1619470980.535000000,objid:0,type:0,xpos:0.000000,ypos:0.000000,xspeed:7.580000,yspeed:0.030000,angle:2.310000,distense:154.200000,rcs:23.000000
timestame:1619470980.535000000,objid:1,type:0,xpos:0.000000,ypos:0.000000,xspeed:-14.300000,yspeed:-0.510000,angle:-4.570000,distense:136.800000,rcs:15.000000
timestame:1619470980.535000000,objid:3,type:0,xpos:0.000000,ypos:0.000000,xspeed:4.060000,yspeed:-2.820000,angle:21.770000,distense:62.000000,rcs:13.000000
timestame:1619470980.535000000,objid:4,type:0,xpos:0.000000,ypos:0.000000,xspeed:-20.140000,yspeed:-1.430000,angle:-18.000000,distense:40.200000,rcs:24.000000
