timestame:1619469533.655000000,objid:4,type:0,xpos:0.000000,ypos:0.000000,xspeed:16.340000,yspeed:0.840000,angle:2.660000,distense:56.400000,rcs:31.000000
timestame:1619469533.655000000,objid:7,type:0,xpos:0.000000,ypos:0.000000,xspeed:16.650000,yspeed:0.710000,angle:1.980000,distense:64.400000,rcs:26.000000
