timestame:1619470769.384000000,objid:0,type:0,xpos:0.000000,ypos:0.000000,xspeed:-11.620000,yspeed:-0.620000,angle:-5.360000,distense:160.600000,rcs:15.000000
timestame:1619470769.384000000,objid:1,type:0,xpos:0.000000,ypos:0.000000,xspeed:11.380000,yspeed:0.320000,angle:2.220000,distense:79.600000,rcs:24.000000
timestame:1619470769.384000000,objid:2,type:0,xpos:0.000000,ypos:0.000000,xspeed:-7.470000,yspeed:-7.460000,angle:-5.880000,distense:158.200000,rcs:15.000000
