timestame:1619471367.754000000,objid:1,type:0,xpos:0.000000,ypos:0.000000,xspeed:7.840000,yspeed:0.060000,angle:3.160000,distense:122.200000,rcs:27.000000
timestame:1619471367.754000000,objid:7,type:0,xpos:0.000000,ypos:0.000000,xspeed:11.720000,yspeed:0.170000,angle:1.510000,distense:161.600000,rcs:18.000000
