timestame:1619471164.788000000,objid:0,type:0,xpos:0.000000,ypos:0.000000,xspeed:-10.300000,yspeed:2.790000,angle:-2.960000,distense:159.600000,rcs:13.000000
timestame:1619471164.788000000,objid:2,type:0,xpos:0.000000,ypos:0.000000,xspeed:-4.320000,yspeed:6.290000,angle:-3.920000,distense:164.200000,rcs:13.000000
timestame:1619471164.788000000,objid:3,type:0,xpos:0.000000,ypos:0.000000,xspeed:2.840000,yspeed:5.090000,angle:-6.650000,distense:45.400000,rcs:9.000000
timestame:1619471164.788000000,objid:8,type:0,xpos:0.000000,ypos:0.000000,xspeed:2.930000,yspeed:4.560000,angle:-5.940000,distense:47.800000,rcs:6.000000
