timestame:1619469555.384000000,objid:2,type:0,xpos:0.000000,ypos:0.000000,xspeed:-1.420000,yspeed:4.760000,angle:-18.000000,distense:40.200000,rcs:16.000000
timestame:1619469555.384000000,objid:3,type:0,xpos:0.000000,ypos:0.000000,xspeed:-1.800000,yspeed:5.780000,angle:-13.800000,distense:44.800000,rcs:12.000000
timestame:1619469555.384000000,objid:4,type:0,xpos:0.000000,ypos:0.000000,xspeed:-2.460000,yspeed:6.910000,angle:-8.080000,distense:43.200000,rcs:21.000000
timestame:1619469555.384000000,objid:6,type:0,xpos:0.000000,ypos:0.000000,xspeed:1.280000,yspeed:0.960000,angle:-11.200000,distense:48.000000,rcs:13.000000
