timestame:1619471096.768000000,objid:2,type:0,xpos:0.000000,ypos:0.000000,xspeed:8.280000,yspeed:-0.130000,angle:1.210000,distense:94.000000,rcs:33.000000
timestame:1619471096.768000000,objid:3,type:0,xpos:0.000000,ypos:0.000000,xspeed:-14.980000,yspeed:-0.770000,angle:-10.070000,distense:70.000000,rcs:26.000000
