timestame:1619470963.120000000,objid:0,type:0,xpos:0.000000,ypos:0.000000,xspeed:3.580000,yspeed:0.180000,angle:6.830000,distense:48.200000,rcs:37.000000
timestame:1619470963.120000000,objid:6,type:0,xpos:0.000000,ypos:0.000000,xspeed:10.060000,yspeed:0.480000,angle:1.900000,distense:93.200000,rcs:31.000000
timestame:1619470963.120000000,objid:9,type:0,xpos:0.000000,ypos:0.000000,xspeed:9.700000,yspeed:0.190000,angle:2.250000,distense:111.400000,rcs:9.000000
timestame:1619470963.120000000,objid:12,type:0,xpos:0.000000,ypos:0.000000,xspeed:3.090000,yspeed:0.020000,angle:5.260000,distense:58.000000,rcs:23.000000
