timestame:1619470511.974000000,objid:1,type:0,xpos:0.000000,ypos:0.000000,xspeed:-1.950000,yspeed:-1.870000,angle:3.440000,distense:42.600000,rcs:20.000000
timestame:1619470511.974000000,objid:6,type:0,xpos:0.000000,ypos:0.000000,xspeed:2.850000,yspeed:0.180000,angle:2.740000,distense:12.400000,rcs:30.000000
timestame:1619470511.974000000,objid:8,type:0,xpos:0.000000,ypos:0.000000,xspeed:-4.600000,yspeed:-3.080000,angle:3.720000,distense:67.200000,rcs:24.000000
timestame:1619470511.974000000,objid:10,type:0,xpos:0.000000,ypos:0.000000,xspeed:3.110000,yspeed:0.340000,angle:1.360000,distense:17.000000,rcs:6.000000
