timestame:1619469617.882000000,objid:2,type:0,xpos:0.000000,ypos:0.000000,xspeed:14.620000,yspeed:9.590000,angle:-5.280000,distense:99.200000,rcs:6.000000
timestame:1619469617.882000000,objid:4,type:0,xpos:0.000000,ypos:0.000000,xspeed:-18.330000,yspeed:3.720000,angle:-4.310000,distense:146.200000,rcs:13.000000
timestame:1619469617.882000000,objid:6,type:0,xpos:0.000000,ypos:0.000000,xspeed:-2.040000,yspeed:0.000000,angle:-11.880000,distense:79.000000,rcs:23.000000
