timestame:1619470692.845000000,objid:1,type:0,xpos:0.000000,ypos:0.000000,xspeed:4.140000,yspeed:0.210000,angle:6.680000,distense:40.400000,rcs:6.000000
timestame:1619470692.845000000,objid:2,type:0,xpos:0.000000,ypos:0.000000,xspeed:-3.130000,yspeed:-0.470000,angle:-18.000000,distense:34.600000,rcs:6.000000
