timestame:1619470769.261000000,objid:0,type:0,xpos:0.000000,ypos:0.000000,xspeed:-11.670000,yspeed:-0.510000,angle:-5.220000,distense:161.800000,rcs:18.000000
timestame:1619470769.261000000,objid:1,type:0,xpos:0.000000,ypos:0.000000,xspeed:11.170000,yspeed:0.320000,angle:2.230000,distense:77.800000,rcs:25.000000
timestame:1619470769.261000000,objid:2,type:0,xpos:0.000000,ypos:0.000000,xspeed:-7.680000,yspeed:-8.020000,angle:-5.570000,distense:159.000000,rcs:13.000000
