timestame:1619470531.494000000,objid:0,type:0,xpos:0.000000,ypos:0.000000,xspeed:-14.180000,yspeed:0.930000,angle:-6.330000,distense:118.200000,rcs:6.000000
timestame:1619470531.494000000,objid:1,type:0,xpos:0.000000,ypos:0.000000,xspeed:-9.900000,yspeed:-0.180000,angle:-7.130000,distense:122.400000,rcs:18.000000
