timestame:1619470480.710000000,objid:1,type:0,xpos:0.000000,ypos:0.000000,xspeed:-4.690000,yspeed:0.430000,angle:-6.680000,distense:96.200000,rcs:25.000000
timestame:1619470480.710000000,objid:2,type:0,xpos:0.000000,ypos:0.000000,xspeed:1.710000,yspeed:-0.420000,angle:11.210000,distense:80.400000,rcs:6.000000
timestame:1619470480.710000000,objid:6,type:0,xpos:0.000000,ypos:0.000000,xspeed:-3.410000,yspeed:1.870000,angle:-6.340000,distense:102.400000,rcs:13.000000
