timestame:1619470280.336000000,objid:1,type:0,xpos:0.000000,ypos:0.000000,xspeed:-9.040000,yspeed:0.050000,angle:-7.980000,distense:62.400000,rcs:15.000000
timestame:1619470280.336000000,objid:2,type:0,xpos:0.000000,ypos:0.000000,xspeed:-13.880000,yspeed:-2.090000,angle:-4.280000,distense:193.000000,rcs:20.000000
timestame:1619470280.336000000,objid:3,type:0,xpos:0.000000,ypos:0.000000,xspeed:-2.880000,yspeed:-0.290000,angle:-10.290000,distense:70.400000,rcs:27.000000
timestame:1619470280.336000000,objid:11,type:0,xpos:0.000000,ypos:0.000000,xspeed:-3.310000,yspeed:-0.120000,angle:-12.080000,distense:63.000000,rcs:23.000000
