timestame:1619469698.697000000,objid:2,type:0,xpos:0.000000,ypos:0.000000,xspeed:-2.080000,yspeed:-2.840000,angle:-18.000000,distense:42.200000,rcs:27.000000
timestame:1619469698.697000000,objid:5,type:0,xpos:0.000000,ypos:0.000000,xspeed:-6.710000,yspeed:-6.220000,angle:-18.000000,distense:39.800000,rcs:19.000000
timestame:1619469698.697000000,objid:8,type:0,xpos:0.000000,ypos:0.000000,xspeed:1.630000,yspeed:9.100000,angle:-12.390000,distense:44.000000,rcs:28.000000
timestame:1619469698.697000000,objid:13,type:0,xpos:0.000000,ypos:0.000000,xspeed:-15.140000,yspeed:0.400000,angle:-16.800000,distense:33.400000,rcs:28.000000
