timestame:1619469536.754000000,objid:4,type:0,xpos:0.000000,ypos:0.000000,xspeed:16.690000,yspeed:0.390000,angle:1.890000,distense:108.400000,rcs:18.000000
timestame:1619469536.754000000,objid:7,type:0,xpos:0.000000,ypos:0.000000,xspeed:16.650000,yspeed:0.330000,angle:1.560000,distense:115.800000,rcs:19.000000
