timestame:1619471038.447000000,objid:2,type:0,xpos:0.000000,ypos:0.000000,xspeed:-2.100000,yspeed:-2.300000,angle:-18.000000,distense:39.800000,rcs:24.000000
timestame:1619471038.447000000,objid:3,type:0,xpos:0.000000,ypos:0.000000,xspeed:1.220000,yspeed:-3.330000,angle:15.130000,distense:48.200000,rcs:28.000000
