timestame:1619471262.664000000,objid:2,type:0,xpos:0.000000,ypos:0.000000,xspeed:12.730000,yspeed:0.080000,angle:3.260000,distense:108.400000,rcs:30.000000
timestame:1619471262.664000000,objid:6,type:0,xpos:0.000000,ypos:0.000000,xspeed:12.680000,yspeed:-0.190000,angle:2.940000,distense:120.400000,rcs:12.000000
timestame:1619471262.664000000,objid:10,type:0,xpos:0.000000,ypos:0.000000,xspeed:12.650000,yspeed:0.120000,angle:3.720000,distense:96.000000,rcs:24.000000
