timestame:1619469527.005000000,objid:0,type:0,xpos:0.000000,ypos:0.000000,xspeed:-1.510000,yspeed:-5.210000,angle:-18.000000,distense:66.600000,rcs:6.000000
timestame:1619469527.005000000,objid:2,type:0,xpos:0.000000,ypos:0.000000,xspeed:2.660000,yspeed:-3.390000,angle:-17.910000,distense:59.800000,rcs:29.000000
timestame:1619469527.005000000,objid:3,type:0,xpos:0.000000,ypos:0.000000,xspeed:-2.190000,yspeed:0.450000,angle:-18.000000,distense:59.600000,rcs:6.000000
timestame:1619469527.005000000,objid:11,type:0,xpos:0.000000,ypos:0.000000,xspeed:1.600000,yspeed:-4.870000,angle:-18.000000,distense:70.400000,rcs:9.000000
