timestame:1619470648.746000000,objid:4,type:0,xpos:0.000000,ypos:0.000000,xspeed:-1.780000,yspeed:-2.480000,angle:-18.000000,distense:39.800000,rcs:28.000000
timestame:1619470648.746000000,objid:8,type:0,xpos:0.000000,ypos:0.000000,xspeed:-1.220000,yspeed:0.140000,angle:-8.100000,distense:41.800000,rcs:33.000000
timestame:1619470648.746000000,objid:9,type:0,xpos:0.000000,ypos:0.000000,xspeed:-1.750000,yspeed:-3.590000,angle:-16.400000,distense:40.600000,rcs:27.000000
timestame:1619470648.746000000,objid:15,type:0,xpos:0.000000,ypos:0.000000,xspeed:-3.270000,yspeed:-5.920000,angle:-3.970000,distense:67.000000,rcs:19.000000
