timestame:1619471154.070000000,objid:1,type:0,xpos:0.000000,ypos:0.000000,xspeed:-7.280000,yspeed:-5.820000,angle:3.340000,distense:71.200000,rcs:12.000000
timestame:1619471154.070000000,objid:4,type:0,xpos:0.000000,ypos:0.000000,xspeed:-21.420000,yspeed:-15.010000,angle:-11.330000,distense:82.000000,rcs:12.000000
timestame:1619471154.070000000,objid:8,type:0,xpos:0.000000,ypos:0.000000,xspeed:6.690000,yspeed:-0.180000,angle:-16.800000,distense:16.400000,rcs:18.000000
