timestame:1619469698.260000000,objid:2,type:0,xpos:0.000000,ypos:0.000000,xspeed:-2.470000,yspeed:-3.360000,angle:-18.000000,distense:42.200000,rcs:25.000000
timestame:1619469698.260000000,objid:5,type:0,xpos:0.000000,ypos:0.000000,xspeed:-8.460000,yspeed:-7.200000,angle:-18.000000,distense:41.000000,rcs:18.000000
timestame:1619469698.260000000,objid:7,type:0,xpos:0.000000,ypos:0.000000,xspeed:4.450000,yspeed:8.340000,angle:10.010000,distense:112.200000,rcs:6.000000
timestame:1619469698.260000000,objid:13,type:0,xpos:0.000000,ypos:0.000000,xspeed:-15.140000,yspeed:0.400000,angle:-14.380000,distense:39.600000,rcs:28.000000
