timestame:1619470485.604000000,objid:1,type:0,xpos:0.000000,ypos:0.000000,xspeed:-3.010000,yspeed:-0.190000,angle:-9.020000,distense:79.800000,rcs:20.000000
timestame:1619470485.604000000,objid:2,type:0,xpos:0.000000,ypos:0.000000,xspeed:2.200000,yspeed:-6.860000,angle:1.140000,distense:64.400000,rcs:19.000000
timestame:1619470485.604000000,objid:4,type:0,xpos:0.000000,ypos:0.000000,xspeed:-1.190000,yspeed:-5.130000,angle:-13.860000,distense:40.000000,rcs:22.000000
