timestame:1619470473.548000000,objid:1,type:0,xpos:0.000000,ypos:0.000000,xspeed:-10.920000,yspeed:-0.440000,angle:-4.220000,distense:153.400000,rcs:15.000000
timestame:1619470473.548000000,objid:2,type:0,xpos:0.000000,ypos:0.000000,xspeed:2.350000,yspeed:-2.500000,angle:13.870000,distense:71.200000,rcs:6.000000
