timestame:1619471209.429000000,objid:0,type:0,xpos:0.000000,ypos:0.000000,xspeed:-7.170000,yspeed:-3.850000,angle:-16.860000,distense:58.200000,rcs:24.000000
timestame:1619471209.429000000,objid:2,type:0,xpos:0.000000,ypos:0.000000,xspeed:-6.030000,yspeed:-2.850000,angle:-18.000000,distense:38.000000,rcs:20.000000
timestame:1619471209.429000000,objid:5,type:0,xpos:0.000000,ypos:0.000000,xspeed:-5.920000,yspeed:-0.390000,angle:-18.000000,distense:54.400000,rcs:20.000000
timestame:1619471209.429000000,objid:11,type:0,xpos:0.000000,ypos:0.000000,xspeed:-6.080000,yspeed:-0.210000,angle:-18.000000,distense:42.200000,rcs:21.000000
