timestame:1619470787.903000000,objid:1,type:0,xpos:0.000000,ypos:0.000000,xspeed:-3.880000,yspeed:-2.120000,angle:-18.000000,distense:28.000000,rcs:20.000000
timestame:1619470787.903000000,objid:2,type:0,xpos:0.000000,ypos:0.000000,xspeed:-3.860000,yspeed:-2.690000,angle:-18.000000,distense:30.200000,rcs:12.000000
timestame:1619470787.903000000,objid:6,type:0,xpos:0.000000,ypos:0.000000,xspeed:-3.410000,yspeed:-1.270000,angle:-18.000000,distense:27.200000,rcs:15.000000
timestame:1619470787.903000000,objid:11,type:0,xpos:0.000000,ypos:0.000000,xspeed:-4.140000,yspeed:-0.520000,angle:-18.000000,distense:24.400000,rcs:6.000000
