timestame:1619470061.607000000,objid:1,type:0,xpos:0.000000,ypos:0.000000,xspeed:-20.850000,yspeed:-0.560000,angle:-5.330000,distense:139.200000,rcs:9.000000
timestame:1619470061.607000000,objid:2,type:0,xpos:0.000000,ypos:0.000000,xspeed:-9.160000,yspeed:-0.340000,angle:-6.200000,distense:72.200000,rcs:23.000000
timestame:1619470061.607000000,objid:4,type:0,xpos:0.000000,ypos:0.000000,xspeed:-5.580000,yspeed:-1.720000,angle:-7.110000,distense:69.800000,rcs:26.000000
timestame:1619470061.607000000,objid:5,type:0,xpos:0.000000,ypos:0.000000,xspeed:9.980000,yspeed:0.470000,angle:2.850000,distense:202.400000,rcs:25.000000
