timestame:1619471083.907000000,objid:4,type:0,xpos:0.000000,ypos:0.000000,xspeed:4.040000,yspeed:0.200000,angle:1.610000,distense:35.600000,rcs:31.000000
timestame:1619471083.907000000,objid:10,type:0,xpos:0.000000,ypos:0.000000,xspeed:5.930000,yspeed:0.420000,angle:2.120000,distense:52.600000,rcs:6.000000
timestame:1619471083.907000000,objid:11,type:0,xpos:0.000000,ypos:0.000000,xspeed:1.150000,yspeed:-0.230000,angle:1.520000,distense:14.800000,rcs:46.000000
