timestame:1619469640.534000000,objid:1,type:0,xpos:0.000000,ypos:0.000000,xspeed:3.650000,yspeed:2.420000,angle:-12.470000,distense:37.800000,rcs:12.000000
timestame:1619469640.534000000,objid:6,type:0,xpos:0.000000,ypos:0.000000,xspeed:12.150000,yspeed:0.490000,angle:10.220000,distense:19.600000,rcs:29.000000
timestame:1619469640.534000000,objid:7,type:0,xpos:0.000000,ypos:0.000000,xspeed:14.900000,yspeed:0.130000,angle:2.500000,distense:63.800000,rcs:6.000000
timestame:1619469640.534000000,objid:13,type:0,xpos:0.000000,ypos:0.000000,xspeed:15.600000,yspeed:0.470000,angle:2.510000,distense:53.600000,rcs:41.000000
