timestame:1619470942.894000000,objid:1,type:0,xpos:0.000000,ypos:0.000000,xspeed:-5.310000,yspeed:1.130000,angle:-14.410000,distense:52.200000,rcs:16.000000
timestame:1619470942.894000000,objid:5,type:0,xpos:0.000000,ypos:0.000000,xspeed:-6.320000,yspeed:-0.720000,angle:-18.000000,distense:55.200000,rcs:18.000000
timestame:1619470942.894000000,objid:7,type:0,xpos:0.000000,ypos:0.000000,xspeed:-7.180000,yspeed:-0.280000,angle:-18.000000,distense:51.000000,rcs:20.000000
