timestame:1619470561.154000000,objid:0,type:0,xpos:0.000000,ypos:0.000000,xspeed:5.220000,yspeed:-0.400000,angle:2.660000,distense:197.200000,rcs:6.000000
timestame:1619470561.154000000,objid:1,type:0,xpos:0.000000,ypos:0.000000,xspeed:5.470000,yspeed:-0.150000,angle:4.280000,distense:188.800000,rcs:12.000000
timestame:1619470561.154000000,objid:3,type:0,xpos:0.000000,ypos:0.000000,xspeed:8.960000,yspeed:0.240000,angle:1.890000,distense:73.200000,rcs:35.000000
