timestame:1619470137.132000000,objid:7,type:0,xpos:0.000000,ypos:0.000000,xspeed:-3.760000,yspeed:-0.300000,angle:-10.070000,distense:75.000000,rcs:16.000000
timestame:1619470137.132000000,objid:8,type:0,xpos:0.000000,ypos:0.000000,xspeed:2.900000,yspeed:3.940000,angle:-6.020000,distense:44.800000,rcs:6.000000
