timestame:1619470536.345000000,objid:0,type:0,xpos:0.000000,ypos:0.000000,xspeed:5.410000,yspeed:2.070000,angle:18.740000,distense:34.800000,rcs:29.000000
timestame:1619470536.345000000,objid:1,type:0,xpos:0.000000,ypos:0.000000,xspeed:22.790000,yspeed:8.780000,angle:17.600000,distense:34.200000,rcs:30.000000
timestame:1619470536.345000000,objid:2,type:0,xpos:0.000000,ypos:0.000000,xspeed:-3.310000,yspeed:1.770000,angle:-10.300000,distense:92.000000,rcs:13.000000
timestame:1619470536.345000000,objid:7,type:0,xpos:0.000000,ypos:0.000000,xspeed:9.170000,yspeed:6.090000,angle:20.410000,distense:24.200000,rcs:27.000000
