timestame:1619469786.708000000,objid:1,type:0,xpos:0.000000,ypos:0.000000,xspeed:-15.990000,yspeed:0.690000,angle:-8.430000,distense:97.400000,rcs:16.000000
timestame:1619469786.708000000,objid:2,type:0,xpos:0.000000,ypos:0.000000,xspeed:16.750000,yspeed:0.190000,angle:1.010000,distense:206.000000,rcs:12.000000
timestame:1619469786.708000000,objid:4,type:0,xpos:0.000000,ypos:0.000000,xspeed:-16.960000,yspeed:-0.390000,angle:-10.180000,distense:88.600000,rcs:16.000000
timestame:1619469786.708000000,objid:10,type:0,xpos:0.000000,ypos:0.000000,xspeed:17.020000,yspeed:0.200000,angle:1.140000,distense:194.000000,rcs:27.000000
