timestame:1619471168.634000000,objid:0,type:0,xpos:0.000000,ypos:0.000000,xspeed:-9.460000,yspeed:-0.300000,angle:-5.150000,distense:122.200000,rcs:9.000000
timestame:1619471168.634000000,objid:2,type:0,xpos:0.000000,ypos:0.000000,xspeed:2.900000,yspeed:0.400000,angle:3.480000,distense:14.800000,rcs:30.000000
timestame:1619471168.634000000,objid:6,type:0,xpos:0.000000,ypos:0.000000,xspeed:5.820000,yspeed:0.000000,angle:21.850000,distense:18.800000,rcs:16.000000
timestame:1619471168.634000000,objid:7,type:0,xpos:0.000000,ypos:0.000000,xspeed:5.530000,yspeed:0.000000,angle:-16.430000,distense:14.800000,rcs:19.000000
