timestame:1619469815.728000000,objid:1,type:0,xpos:0.000000,ypos:0.000000,xspeed:1.070000,yspeed:3.930000,angle:-5.060000,distense:52.600000,rcs:19.000000
timestame:1619469815.728000000,objid:3,type:0,xpos:0.000000,ypos:0.000000,xspeed:1.570000,yspeed:-2.640000,angle:-4.140000,distense:50.600000,rcs:12.000000
timestame:1619469815.728000000,objid:4,type:0,xpos:0.000000,ypos:0.000000,xspeed:-10.310000,yspeed:-4.810000,angle:-4.680000,distense:181.000000,rcs:9.000000
timestame:1619469815.728000000,objid:6,type:0,xpos:0.000000,ypos:0.000000,xspeed:4.670000,yspeed:1.410000,angle:20.160000,distense:24.800000,rcs:28.000000
