timestame:1619470871.208000000,objid:0,type:0,xpos:0.000000,ypos:0.000000,xspeed:1.200000,yspeed:1.070000,angle:-10.630000,distense:48.400000,rcs:9.000000
timestame:1619470871.208000000,objid:1,type:0,xpos:0.000000,ypos:0.000000,xspeed:-13.650000,yspeed:2.420000,angle:-3.680000,distense:147.400000,rcs:9.000000
timestame:1619470871.208000000,objid:3,type:0,xpos:0.000000,ypos:0.000000,xspeed:11.040000,yspeed:-3.240000,angle:-4.460000,distense:53.000000,rcs:6.000000
timestame:1619470871.208000000,objid:4,type:0,xpos:0.000000,ypos:0.000000,xspeed:3.900000,yspeed:1.050000,angle:2.710000,distense:12.200000,rcs:28.000000
