timestame:1619470216.677000000,objid:6,type:0,xpos:0.000000,ypos:0.000000,xspeed:-3.220000,yspeed:-0.050000,angle:-17.880000,distense:48.800000,rcs:22.000000
timestame:1619470216.677000000,objid:7,type:0,xpos:0.000000,ypos:0.000000,xspeed:-2.430000,yspeed:6.580000,angle:1.780000,distense:40.400000,rcs:6.000000
timestame:1619470216.677000000,objid:13,type:0,xpos:0.000000,ypos:0.000000,xspeed:-5.460000,yspeed:-6.970000,angle:-18.000000,distense:50.200000,rcs:12.000000
