timestame:1619469911.557000000,objid:1,type:0,xpos:0.000000,ypos:0.000000,xspeed:4.280000,yspeed:-0.060000,angle:1.760000,distense:82.400000,rcs:20.000000
timestame:1619469911.557000000,objid:2,type:0,xpos:0.000000,ypos:0.000000,xspeed:10.680000,yspeed:0.100000,angle:2.780000,distense:148.600000,rcs:12.000000
timestame:1619469911.557000000,objid:8,type:0,xpos:0.000000,ypos:0.000000,xspeed:4.290000,yspeed:0.110000,angle:2.310000,distense:75.800000,rcs:35.000000
