timestame:1619469752.553000000,objid:1,type:0,xpos:0.000000,ypos:0.000000,xspeed:5.340000,yspeed:2.590000,angle:21.890000,distense:35.000000,rcs:13.000000
timestame:1619469752.553000000,objid:2,type:0,xpos:0.000000,ypos:0.000000,xspeed:30.850000,yspeed:-19.580000,angle:22.830000,distense:53.600000,rcs:6.000000
