timestame:1619469913.730000000,objid:0,type:0,xpos:0.000000,ypos:0.000000,xspeed:-6.370000,yspeed:1.850000,angle:-18.000000,distense:33.800000,rcs:6.000000
timestame:1619469913.730000000,objid:1,type:0,xpos:0.000000,ypos:0.000000,xspeed:4.930000,yspeed:0.100000,angle:1.740000,distense:93.600000,rcs:13.000000
timestame:1619469913.730000000,objid:2,type:0,xpos:0.000000,ypos:0.000000,xspeed:12.190000,yspeed:0.200000,angle:2.530000,distense:176.200000,rcs:9.000000
timestame:1619469913.730000000,objid:8,type:0,xpos:0.000000,ypos:0.000000,xspeed:4.810000,yspeed:0.010000,angle:1.970000,distense:86.600000,rcs:31.000000
