timestame:1619469606.972000000,objid:3,type:0,xpos:0.000000,ypos:0.000000,xspeed:-3.340000,yspeed:0.390000,angle:-10.110000,distense:90.800000,rcs:19.000000
timestame:1619469606.972000000,objid:4,type:0,xpos:0.000000,ypos:0.000000,xspeed:-1.370000,yspeed:0.850000,angle:-11.720000,distense:78.600000,rcs:15.000000
