timestame:1619471362.962000000,objid:2,type:0,xpos:0.000000,ypos:0.000000,xspeed:6.360000,yspeed:-0.110000,angle:4.560000,distense:89.800000,rcs:20.000000
timestame:1619471362.962000000,objid:4,type:0,xpos:0.000000,ypos:0.000000,xspeed:6.250000,yspeed:0.180000,angle:5.420000,distense:83.600000,rcs:15.000000
timestame:1619471362.962000000,objid:7,type:0,xpos:0.000000,ypos:0.000000,xspeed:9.960000,yspeed:0.070000,angle:1.560000,distense:105.400000,rcs:21.000000
