timestame:1619470444.191000000,objid:1,type:0,xpos:0.000000,ypos:0.000000,xspeed:17.120000,yspeed:0.250000,angle:1.660000,distense:128.800000,rcs:13.000000
timestame:1619470444.191000000,objid:2,type:0,xpos:0.000000,ypos:0.000000,xspeed:4.090000,yspeed:-0.030000,angle:8.110000,distense:91.600000,rcs:19.000000
