timestame:1619470438.542000000,objid:1,type:0,xpos:0.000000,ypos:0.000000,xspeed:13.590000,yspeed:0.710000,angle:2.600000,distense:35.400000,rcs:27.000000
timestame:1619470438.542000000,objid:2,type:0,xpos:0.000000,ypos:0.000000,xspeed:3.840000,yspeed:0.100000,angle:11.130000,distense:69.600000,rcs:20.000000
