timestame:1619471370.182000000,objid:1,type:0,xpos:0.000000,ypos:0.000000,xspeed:8.290000,yspeed:-0.060000,angle:2.580000,distense:142.800000,rcs:15.000000
timestame:1619471370.182000000,objid:7,type:0,xpos:0.000000,ypos:0.000000,xspeed:10.870000,yspeed:0.280000,angle:1.580000,distense:188.000000,rcs:13.000000
