timestame:1619471028.653000000,objid:2,type:0,xpos:0.000000,ypos:0.000000,xspeed:5.580000,yspeed:0.770000,angle:18.260000,distense:27.800000,rcs:19.000000
timestame:1619471028.653000000,objid:3,type:0,xpos:0.000000,ypos:0.000000,xspeed:4.860000,yspeed:0.700000,angle:-14.530000,distense:19.800000,rcs:19.000000
timestame:1619471028.653000000,objid:5,type:0,xpos:0.000000,ypos:0.000000,xspeed:5.140000,yspeed:0.730000,angle:22.530000,distense:25.400000,rcs:29.000000
timestame:1619471028.653000000,objid:7,type:0,xpos:0.000000,ypos:0.000000,xspeed:-20.110000,yspeed:0.000000,angle:-4.740000,distense:43.400000,rcs:13.000000
