timestame:1619469890.025000000,objid:2,type:0,xpos:0.000000,ypos:0.000000,xspeed:-3.840000,yspeed:-0.120000,angle:-13.660000,distense:56.200000,rcs:15.000000
timestame:1619469890.025000000,objid:5,type:0,xpos:0.000000,ypos:0.000000,xspeed:-2.900000,yspeed:-0.160000,angle:-17.620000,distense:57.800000,rcs:18.000000
timestame:1619469890.025000000,objid:16,type:0,xpos:0.000000,ypos:0.000000,xspeed:-3.650000,yspeed:-0.200000,angle:-11.260000,distense:67.200000,rcs:26.000000
