timestame:1619470908.832000000,objid:0,type:0,xpos:0.000000,ypos:0.000000,xspeed:25.050000,yspeed:0.000000,angle:19.120000,distense:23.800000,rcs:16.000000
timestame:1619470908.832000000,objid:4,type:0,xpos:0.000000,ypos:0.000000,xspeed:-3.500000,yspeed:0.000000,angle:-18.000000,distense:32.000000,rcs:16.000000
timestame:1619470908.832000000,objid:10,type:0,xpos:0.000000,ypos:0.000000,xspeed:-1.140000,yspeed:-0.660000,angle:-18.000000,distense:35.400000,rcs:25.000000
timestame:1619470908.832000000,objid:16,type:0,xpos:0.000000,ypos:0.000000,xspeed:-3.750000,yspeed:-1.390000,angle:-18.000000,distense:29.800000,rcs:12.000000
