timestame:1619470059.875000000,objid:0,type:0,xpos:0.000000,ypos:0.000000,xspeed:-12.030000,yspeed:0.030000,angle:-5.290000,distense:81.600000,rcs:21.000000
timestame:1619470059.875000000,objid:1,type:0,xpos:0.000000,ypos:0.000000,xspeed:-20.410000,yspeed:8.300000,angle:-4.630000,distense:175.800000,rcs:12.000000
timestame:1619470059.875000000,objid:3,type:0,xpos:0.000000,ypos:0.000000,xspeed:-17.220000,yspeed:2.260000,angle:-3.650000,distense:172.400000,rcs:13.000000
timestame:1619470059.875000000,objid:5,type:0,xpos:0.000000,ypos:0.000000,xspeed:9.580000,yspeed:0.480000,angle:2.850000,distense:184.600000,rcs:18.000000
