timestame:1619470733.324000000,objid:1,type:0,xpos:0.000000,ypos:0.000000,xspeed:12.250000,yspeed:0.490000,angle:3.090000,distense:66.800000,rcs:16.000000
timestame:1619470733.324000000,objid:6,type:0,xpos:0.000000,ypos:0.000000,xspeed:12.450000,yspeed:0.590000,angle:2.560000,distense:55.800000,rcs:44.000000
