timestame:1619470344.747000000,objid:6,type:0,xpos:0.000000,ypos:0.000000,xspeed:-1.650000,yspeed:5.020000,angle:-7.910000,distense:33.400000,rcs:21.000000
timestame:1619470344.747000000,objid:9,type:0,xpos:0.000000,ypos:0.000000,xspeed:-6.410000,yspeed:-3.310000,angle:-4.480000,distense:117.200000,rcs:15.000000
timestame:1619470344.747000000,objid:14,type:0,xpos:0.000000,ypos:0.000000,xspeed:1.730000,yspeed:2.130000,angle:20.220000,distense:56.000000,rcs:12.000000
