timestame:1619470663.998000000,objid:0,type:0,xpos:0.000000,ypos:0.000000,xspeed:-1.550000,yspeed:0.150000,angle:-9.670000,distense:94.000000,rcs:13.000000
timestame:1619470663.998000000,objid:1,type:0,xpos:0.000000,ypos:0.000000,xspeed:3.770000,yspeed:-2.910000,angle:-18.000000,distense:52.000000,rcs:9.000000
timestame:1619470663.998000000,objid:3,type:0,xpos:0.000000,ypos:0.000000,xspeed:-1.790000,yspeed:-0.040000,angle:-7.940000,distense:105.600000,rcs:9.000000
