timestame:1619471319.955000000,objid:1,type:0,xpos:0.000000,ypos:0.000000,xspeed:-7.230000,yspeed:-0.570000,angle:-6.370000,distense:101.800000,rcs:19.000000
timestame:1619471319.955000000,objid:3,type:0,xpos:0.000000,ypos:0.000000,xspeed:-15.280000,yspeed:0.050000,angle:-3.230000,distense:185.200000,rcs:6.000000
timestame:1619471319.955000000,objid:4,type:0,xpos:0.000000,ypos:0.000000,xspeed:-16.470000,yspeed:-3.460000,angle:-2.750000,distense:191.600000,rcs:6.000000
