timestame:1619470991.471000000,objid:3,type:0,xpos:0.000000,ypos:0.000000,xspeed:5.290000,yspeed:-0.130000,angle:6.760000,distense:109.200000,rcs:6.000000
timestame:1619470991.471000000,objid:4,type:0,xpos:0.000000,ypos:0.000000,xspeed:-13.550000,yspeed:-0.670000,angle:-18.000000,distense:37.800000,rcs:13.000000
