timestame:1619470938.935000000,objid:1,type:0,xpos:0.000000,ypos:0.000000,xspeed:-2.170000,yspeed:1.420000,angle:-13.150000,distense:71.800000,rcs:16.000000
timestame:1619470938.935000000,objid:10,type:0,xpos:0.000000,ypos:0.000000,xspeed:-3.070000,yspeed:0.180000,angle:-10.000000,distense:73.800000,rcs:12.000000
