timestame:1619470790.705000000,objid:0,type:0,xpos:0.000000,ypos:0.000000,xspeed:1.730000,yspeed:0.160000,angle:1.710000,distense:18.400000,rcs:36.000000
timestame:1619470790.705000000,objid:2,type:0,xpos:0.000000,ypos:0.000000,xspeed:1.930000,yspeed:-8.530000,angle:-10.470000,distense:49.200000,rcs:19.000000
