timestame:1619470990.605000000,objid:3,type:0,xpos:0.000000,ypos:0.000000,xspeed:5.230000,yspeed:-0.170000,angle:7.070000,distense:104.800000,rcs:9.000000
timestame:1619470990.605000000,objid:4,type:0,xpos:0.000000,ypos:0.000000,xspeed:-13.490000,yspeed:-0.460000,angle:-16.830000,distense:48.400000,rcs:23.000000
