timestame:1619470158.322000000,objid:0,type:0,xpos:0.000000,ypos:0.000000,xspeed:-15.330000,yspeed:-0.600000,angle:-13.930000,distense:74.600000,rcs:21.000000
timestame:1619470158.322000000,objid:1,type:0,xpos:0.000000,ypos:0.000000,xspeed:-15.530000,yspeed:-0.640000,angle:-15.040000,distense:63.400000,rcs:23.000000
timestame:1619470158.322000000,objid:4,type:0,xpos:0.000000,ypos:0.000000,xspeed:1.440000,yspeed:0.320000,angle:7.800000,distense:24.200000,rcs:15.000000
timestame:1619470158.322000000,objid:7,type:0,xpos:0.000000,ypos:0.000000,xspeed:-15.210000,yspeed:-0.560000,angle:-17.050000,distense:58.000000,rcs:21.000000
