timestame:1619471036.400000000,objid:2,type:0,xpos:0.000000,ypos:0.000000,xspeed:-2.040000,yspeed:-2.890000,angle:-14.310000,distense:42.200000,rcs:28.000000
timestame:1619471036.400000000,objid:3,type:0,xpos:0.000000,ypos:0.000000,xspeed:1.790000,yspeed:-3.140000,angle:-17.200000,distense:48.200000,rcs:22.000000
timestame:1619471036.400000000,objid:7,type:0,xpos:0.000000,ypos:0.000000,xspeed:-1.680000,yspeed:-8.020000,angle:-8.440000,distense:76.200000,rcs:6.000000
timestame:1619471036.400000000,objid:8,type:0,xpos:0.000000,ypos:0.000000,xspeed:-2.280000,yspeed:-0.670000,angle:-18.000000,distense:31.800000,rcs:6.000000
