timestame:1619471225.669000000,objid:1,type:0,xpos:0.000000,ypos:0.000000,xspeed:5.790000,yspeed:-1.370000,angle:-7.580000,distense:42.200000,rcs:26.000000
timestame:1619471225.669000000,objid:6,type:0,xpos:0.000000,ypos:0.000000,xspeed:5.120000,yspeed:0.300000,angle:2.590000,distense:77.200000,rcs:6.000000
timestame:1619471225.669000000,objid:9,type:0,xpos:0.000000,ypos:0.000000,xspeed:5.180000,yspeed:0.060000,angle:2.360000,distense:58.800000,rcs:39.000000
