timestame:1619470019.710000000,objid:5,type:0,xpos:0.000000,ypos:0.000000,xspeed:-3.790000,yspeed:12.990000,angle:-13.980000,distense:50.600000,rcs:6.000000
timestame:1619470019.710000000,objid:11,type:0,xpos:0.000000,ypos:0.000000,xspeed:-1.210000,yspeed:-3.030000,angle:-18.000000,distense:37.200000,rcs:28.000000
timestame:1619470019.710000000,objid:13,type:0,xpos:0.000000,ypos:0.000000,xspeed:-2.060000,yspeed:5.710000,angle:-11.540000,distense:43.000000,rcs:13.000000
timestame:1619470019.710000000,objid:15,type:0,xpos:0.000000,ypos:0.000000,xspeed:-1.770000,yspeed:-2.540000,angle:-18.000000,distense:35.000000,rcs:22.000000
