timestame:1619471455.528000000,objid:0,type:0,xpos:0.000000,ypos:0.000000,xspeed:-15.670000,yspeed:-2.080000,angle:-3.480000,distense:170.200000,rcs:12.000000
timestame:1619471455.528000000,objid:13,type:0,xpos:0.000000,ypos:0.000000,xspeed:-4.290000,yspeed:-0.070000,angle:-4.870000,distense:20.800000,rcs:6.000000
