timestame:1619470043.661000000,objid:0,type:0,xpos:0.000000,ypos:0.000000,xspeed:5.880000,yspeed:-2.590000,angle:5.200000,distense:62.800000,rcs:19.000000
timestame:1619470043.661000000,objid:1,type:0,xpos:0.000000,ypos:0.000000,xspeed:13.250000,yspeed:0.020000,angle:1.030000,distense:181.600000,rcs:6.000000
timestame:1619470043.661000000,objid:3,type:0,xpos:0.000000,ypos:0.000000,xspeed:13.960000,yspeed:0.130000,angle:1.360000,distense:156.400000,rcs:15.000000
timestame:1619470043.661000000,objid:5,type:0,xpos:0.000000,ypos:0.000000,xspeed:5.190000,yspeed:0.460000,angle:6.180000,distense:51.800000,rcs:34.000000
