timestame:1619470190.727000000,objid:1,type:0,xpos:0.000000,ypos:0.000000,xspeed:1.330000,yspeed:7.660000,angle:5.940000,distense:134.000000,rcs:26.000000
timestame:1619470190.727000000,objid:2,type:0,xpos:0.000000,ypos:0.000000,xspeed:-5.830000,yspeed:3.900000,angle:0.840000,distense:46.800000,rcs:36.000000
timestame:1619470190.727000000,objid:7,type:0,xpos:0.000000,ypos:0.000000,xspeed:3.510000,yspeed:0.480000,angle:6.130000,distense:140.400000,rcs:12.000000
