timestame:1619470536.597000000,objid:0,type:0,xpos:0.000000,ypos:0.000000,xspeed:5.300000,yspeed:2.260000,angle:19.370000,distense:36.600000,rcs:20.000000
timestame:1619470536.597000000,objid:1,type:0,xpos:0.000000,ypos:0.000000,xspeed:21.440000,yspeed:4.400000,angle:15.530000,distense:40.200000,rcs:13.000000
timestame:1619470536.597000000,objid:2,type:0,xpos:0.000000,ypos:0.000000,xspeed:-3.150000,yspeed:1.280000,angle:-10.280000,distense:91.000000,rcs:15.000000
timestame:1619470536.597000000,objid:7,type:0,xpos:0.000000,ypos:0.000000,xspeed:8.530000,yspeed:3.980000,angle:20.410000,distense:26.800000,rcs:27.000000
