timestame:1619469715.495000000,objid:1,type:0,xpos:0.000000,ypos:0.000000,xspeed:-1.980000,yspeed:7.740000,angle:-8.890000,distense:38.400000,rcs:9.000000
timestame:1619469715.495000000,objid:3,type:0,xpos:0.000000,ypos:0.000000,xspeed:14.400000,yspeed:-0.920000,angle:0.690000,distense:167.000000,rcs:13.000000
