timestame:1619470967.785000000,objid:0,type:0,xpos:0.000000,ypos:0.000000,xspeed:4.690000,yspeed:0.200000,angle:5.350000,distense:69.800000,rcs:31.000000
timestame:1619470967.785000000,objid:1,type:0,xpos:0.000000,ypos:0.000000,xspeed:13.730000,yspeed:0.280000,angle:1.050000,distense:174.400000,rcs:15.000000
timestame:1619470967.785000000,objid:6,type:0,xpos:0.000000,ypos:0.000000,xspeed:11.840000,yspeed:0.330000,angle:1.870000,distense:147.600000,rcs:16.000000
timestame:1619470967.785000000,objid:7,type:0,xpos:0.000000,ypos:0.000000,xspeed:6.230000,yspeed:1.670000,angle:20.160000,distense:29.200000,rcs:28.000000
