timestame:1619471448.263000000,objid:3,type:0,xpos:0.000000,ypos:0.000000,xspeed:-3.380000,yspeed:-0.060000,angle:-5.820000,distense:109.000000,rcs:9.000000
timestame:1619471448.263000000,objid:11,type:0,xpos:0.000000,ypos:0.000000,xspeed:-2.970000,yspeed:-0.810000,angle:-8.270000,distense:99.200000,rcs:20.000000
timestame:1619471448.263000000,objid:13,type:0,xpos:0.000000,ypos:0.000000,xspeed:-3.090000,yspeed:0.050000,angle:16.160000,distense:48.600000,rcs:20.000000
