timestame:1619469562.560000000,objid:3,type:0,xpos:0.000000,ypos:0.000000,xspeed:1.310000,yspeed:-1.560000,angle:5.870000,distense:43.800000,rcs:36.000000
timestame:1619469562.560000000,objid:4,type:0,xpos:0.000000,ypos:0.000000,xspeed:3.730000,yspeed:-6.570000,angle:-14.180000,distense:45.400000,rcs:25.000000
