timestame:1619470973.502000000,objid:0,type:0,xpos:0.000000,ypos:0.000000,xspeed:6.170000,yspeed:-0.040000,angle:3.700000,distense:103.200000,rcs:23.000000
timestame:1619470973.502000000,objid:2,type:0,xpos:0.000000,ypos:0.000000,xspeed:1.840000,yspeed:3.880000,angle:-5.100000,distense:45.000000,rcs:15.000000
timestame:1619470973.502000000,objid:3,type:0,xpos:0.000000,ypos:0.000000,xspeed:6.420000,yspeed:-0.450000,angle:2.600000,distense:112.000000,rcs:13.000000
timestame:1619470973.502000000,objid:9,type:0,xpos:0.000000,ypos:0.000000,xspeed:2.990000,yspeed:2.630000,angle:-13.230000,distense:38.400000,rcs:18.000000
