timestame:1619469622.613000000,objid:1,type:0,xpos:0.000000,ypos:0.000000,xspeed:-3.760000,yspeed:0.130000,angle:-15.570000,distense:60.200000,rcs:20.000000
timestame:1619469622.613000000,objid:2,type:0,xpos:0.000000,ypos:0.000000,xspeed:-3.930000,yspeed:-0.170000,angle:-13.560000,distense:72.400000,rcs:18.000000
timestame:1619469622.613000000,objid:4,type:0,xpos:0.000000,ypos:0.000000,xspeed:-14.950000,yspeed:-0.180000,angle:-8.840000,distense:73.400000,rcs:9.000000
