timestame:1619470940.234000000,objid:1,type:0,xpos:0.000000,ypos:0.000000,xspeed:-3.340000,yspeed:0.390000,angle:-13.390000,distense:67.800000,rcs:27.000000
timestame:1619470940.234000000,objid:5,type:0,xpos:0.000000,ypos:0.000000,xspeed:-4.670000,yspeed:0.000000,angle:-13.850000,distense:70.600000,rcs:20.000000
timestame:1619470940.234000000,objid:10,type:0,xpos:0.000000,ypos:0.000000,xspeed:-3.810000,yspeed:0.210000,angle:-10.580000,distense:68.400000,rcs:6.000000
