timestame:1619470150.357000000,objid:1,type:0,xpos:0.000000,ypos:0.000000,xspeed:2.460000,yspeed:1.420000,angle:-16.490000,distense:34.000000,rcs:16.000000
timestame:1619470150.357000000,objid:3,type:0,xpos:0.000000,ypos:0.000000,xspeed:-3.310000,yspeed:-0.280000,angle:-12.470000,distense:63.600000,rcs:16.000000
timestame:1619470150.357000000,objid:5,type:0,xpos:0.000000,ypos:0.000000,xspeed:-9.080000,yspeed:-3.470000,angle:16.090000,distense:22.400000,rcs:9.000000
timestame:1619470150.357000000,objid:13,type:0,xpos:0.000000,ypos:0.000000,xspeed:-14.890000,yspeed:1.100000,angle:-3.580000,distense:180.000000,rcs:13.000000
