timestame:1619470798.012000000,objid:3,type:0,xpos:0.000000,ypos:0.000000,xspeed:1.410000,yspeed:-11.350000,angle:-17.130000,distense:65.000000,rcs:6.000000
timestame:1619470798.012000000,objid:12,type:0,xpos:0.000000,ypos:0.000000,xspeed:2.320000,yspeed:-10.830000,angle:-18.000000,distense:75.600000,rcs:6.000000
timestame:1619470798.012000000,objid:15,type:0,xpos:0.000000,ypos:0.000000,xspeed:-1.460000,yspeed:-2.390000,angle:-18.000000,distense:37.600000,rcs:27.000000
