timestame:1619469998.260000000,objid:0,type:0,xpos:0.000000,ypos:0.000000,xspeed:1.100000,yspeed:-10.090000,angle:10.670000,distense:41.800000,rcs:35.000000
timestame:1619469998.260000000,objid:10,type:0,xpos:0.000000,ypos:0.000000,xspeed:-1.200000,yspeed:-3.340000,angle:-18.000000,distense:37.200000,rcs:13.000000
timestame:1619469998.260000000,objid:11,type:0,xpos:0.000000,ypos:0.000000,xspeed:-1.380000,yspeed:-0.740000,angle:-18.000000,distense:33.200000,rcs:13.000000
timestame:1619469998.260000000,objid:15,type:0,xpos:0.000000,ypos:0.000000,xspeed:-1.240000,yspeed:-1.930000,angle:-18.000000,distense:35.200000,rcs:20.000000
