timestame:1619469775.082000000,objid:1,type:0,xpos:0.000000,ypos:0.000000,xspeed:3.210000,yspeed:3.530000,angle:-10.100000,distense:38.200000,rcs:9.000000
timestame:1619469775.082000000,objid:3,type:0,xpos:0.000000,ypos:0.000000,xspeed:3.270000,yspeed:0.880000,angle:20.880000,distense:20.000000,rcs:32.000000
timestame:1619469775.082000000,objid:4,type:0,xpos:0.000000,ypos:0.000000,xspeed:5.100000,yspeed:-4.210000,angle:19.970000,distense:27.200000,rcs:24.000000
timestame:1619469775.082000000,objid:10,type:0,xpos:0.000000,ypos:0.000000,xspeed:12.500000,yspeed:6.360000,angle:-16.890000,distense:46.800000,rcs:9.000000
