timestame:1619470690.045000000,objid:0,type:0,xpos:0.000000,ypos:0.000000,xspeed:-4.990000,yspeed:-0.170000,angle:-18.000000,distense:29.400000,rcs:6.000000
timestame:1619470690.045000000,objid:1,type:0,xpos:0.000000,ypos:0.000000,xspeed:2.170000,yspeed:0.130000,angle:8.890000,distense:28.000000,rcs:29.000000
timestame:1619470690.045000000,objid:3,type:0,xpos:0.000000,ypos:0.000000,xspeed:17.500000,yspeed:0.470000,angle:-18.000000,distense:48.400000,rcs:21.000000
