timestame:1619470488.347000000,objid:4,type:0,xpos:0.000000,ypos:0.000000,xspeed:-1.760000,yspeed:-4.150000,angle:-18.000000,distense:38.800000,rcs:6.000000
timestame:1619470488.347000000,objid:5,type:0,xpos:0.000000,ypos:0.000000,xspeed:-3.970000,yspeed:-2.950000,angle:-18.000000,distense:32.000000,rcs:15.000000
timestame:1619470488.347000000,objid:6,type:0,xpos:0.000000,ypos:0.000000,xspeed:-2.120000,yspeed:-3.870000,angle:-18.000000,distense:37.000000,rcs:27.000000
