timestame:1619471186.457000000,objid:10,type:0,xpos:0.000000,ypos:0.000000,xspeed:1.970000,yspeed:-5.440000,angle:21.020000,distense:46.400000,rcs:22.000000
timestame:1619471186.457000000,objid:13,type:0,xpos:0.000000,ypos:0.000000,xspeed:1.560000,yspeed:-5.780000,angle:16.000000,distense:45.800000,rcs:22.000000
timestame:1619471186.457000000,objid:16,type:0,xpos:0.000000,ypos:0.000000,xspeed:1.170000,yspeed:3.610000,angle:-18.000000,distense:58.600000,rcs:27.000000
timestame:1619471186.457000000,objid:17,type:0,xpos:0.000000,ypos:0.000000,xspeed:1.240000,yspeed:6.010000,angle:-14.420000,distense:56.600000,rcs:22.000000
