timestame:1619469916.639000000,objid:1,type:0,xpos:0.000000,ypos:0.000000,xspeed:5.500000,yspeed:0.020000,angle:1.480000,distense:109.800000,rcs:18.000000
timestame:1619469916.639000000,objid:2,type:0,xpos:0.000000,ypos:0.000000,xspeed:13.610000,yspeed:0.340000,angle:2.400000,distense:216.600000,rcs:12.000000
timestame:1619469916.639000000,objid:8,type:0,xpos:0.000000,ypos:0.000000,xspeed:5.540000,yspeed:0.040000,angle:1.600000,distense:103.000000,rcs:33.000000
