timestame:1619471083.599000000,objid:4,type:0,xpos:0.000000,ypos:0.000000,xspeed:3.780000,yspeed:0.250000,angle:1.700000,distense:34.000000,rcs:36.000000
timestame:1619471083.599000000,objid:10,type:0,xpos:0.000000,ypos:0.000000,xspeed:5.960000,yspeed:0.500000,angle:2.180000,distense:51.000000,rcs:6.000000
timestame:1619471083.599000000,objid:11,type:0,xpos:0.000000,ypos:0.000000,xspeed:1.050000,yspeed:0.050000,angle:3.310000,distense:14.400000,rcs:46.000000
