timestame:1619469625.235000000,objid:1,type:0,xpos:0.000000,ypos:0.000000,xspeed:-4.510000,yspeed:-0.270000,angle:-18.000000,distense:49.000000,rcs:21.000000
timestame:1619469625.235000000,objid:2,type:0,xpos:0.000000,ypos:0.000000,xspeed:-4.320000,yspeed:0.030000,angle:-15.980000,distense:61.800000,rcs:13.000000
timestame:1619469625.235000000,objid:4,type:0,xpos:0.000000,ypos:0.000000,xspeed:-12.970000,yspeed:-0.440000,angle:-17.420000,distense:42.600000,rcs:19.000000
timestame:1619469625.235000000,objid:5,type:0,xpos:0.000000,ypos:0.000000,xspeed:-1.640000,yspeed:1.800000,angle:-12.780000,distense:70.600000,rcs:12.000000
