timestame:1619471005.502000000,objid:5,type:0,xpos:0.000000,ypos:0.000000,xspeed:9.030000,yspeed:0.000000,angle:-7.190000,distense:124.400000,rcs:16.000000
timestame:1619471005.502000000,objid:6,type:0,xpos:0.000000,ypos:0.000000,xspeed:9.610000,yspeed:0.000000,angle:-6.720000,distense:120.400000,rcs:18.000000
timestame:1619471005.502000000,objid:7,type:0,xpos:0.000000,ypos:0.000000,xspeed:-4.960000,yspeed:0.000000,angle:-18.000000,distense:51.000000,rcs:12.000000
