timestame:1619471558.700000000,objid:3,type:0,xpos:0.000000,ypos:0.000000,xspeed:-1.170000,yspeed:0.000000,angle:-0.290000,distense:39.000000,rcs:32.000000
timestame:1619471558.700000000,objid:7,type:0,xpos:0.000000,ypos:0.000000,xspeed:-2.630000,yspeed:-1.610000,angle:-18.000000,distense:32.200000,rcs:15.000000
timestame:1619471558.700000000,objid:12,type:0,xpos:0.000000,ypos:0.000000,xspeed:2.770000,yspeed:1.910000,angle:-15.100000,distense:35.600000,rcs:9.000000
timestame:1619471558.700000000,objid:13,type:0,xpos:0.000000,ypos:0.000000,xspeed:-16.610000,yspeed:0.000000,angle:-0.210000,distense:44.000000,rcs:20.000000
