timestame:1619469915.711000000,objid:1,type:0,xpos:0.000000,ypos:0.000000,xspeed:5.400000,yspeed:0.100000,angle:1.610000,distense:104.800000,rcs:22.000000
timestame:1619469915.711000000,objid:2,type:0,xpos:0.000000,ypos:0.000000,xspeed:13.420000,yspeed:0.330000,angle:2.450000,distense:204.200000,rcs:23.000000
timestame:1619469915.711000000,objid:8,type:0,xpos:0.000000,ypos:0.000000,xspeed:5.290000,yspeed:-0.040000,angle:1.590000,distense:97.600000,rcs:28.000000
