timestame:1619470735.803000000,objid:1,type:0,xpos:0.000000,ypos:0.000000,xspeed:12.130000,yspeed:-0.250000,angle:1.450000,distense:96.200000,rcs:13.000000
timestame:1619470735.803000000,objid:6,type:0,xpos:0.000000,ypos:0.000000,xspeed:12.040000,yspeed:0.160000,angle:1.850000,distense:85.200000,rcs:34.000000
