timestame:1619471099.803000000,objid:0,type:0,xpos:0.000000,ypos:0.000000,xspeed:-16.470000,yspeed:-0.580000,angle:-18.000000,distense:23.400000,rcs:6.000000
timestame:1619471099.803000000,objid:1,type:0,xpos:0.000000,ypos:0.000000,xspeed:-18.880000,yspeed:-0.560000,angle:-18.000000,distense:20.000000,rcs:6.000000
timestame:1619471099.803000000,objid:2,type:0,xpos:0.000000,ypos:0.000000,xspeed:9.860000,yspeed:0.140000,angle:1.230000,distense:124.800000,rcs:29.000000
