timestame:1619469626.162000000,objid:1,type:0,xpos:0.000000,ypos:0.000000,xspeed:-4.550000,yspeed:-0.370000,angle:-18.000000,distense:45.000000,rcs:22.000000
timestame:1619469626.162000000,objid:2,type:0,xpos:0.000000,ypos:0.000000,xspeed:-4.390000,yspeed:-0.100000,angle:-17.300000,distense:57.800000,rcs:22.000000
timestame:1619469626.162000000,objid:4,type:0,xpos:0.000000,ypos:0.000000,xspeed:-12.440000,yspeed:-0.570000,angle:-18.000000,distense:32.400000,rcs:15.000000
timestame:1619469626.162000000,objid:7,type:0,xpos:0.000000,ypos:0.000000,xspeed:-28.790000,yspeed:-13.660000,angle:-18.000000,distense:47.000000,rcs:22.000000
