timestame:1619470441.460000000,objid:1,type:0,xpos:0.000000,ypos:0.000000,xspeed:15.280000,yspeed:0.580000,angle:2.350000,distense:81.400000,rcs:12.000000
timestame:1619470441.460000000,objid:2,type:0,xpos:0.000000,ypos:0.000000,xspeed:3.750000,yspeed:0.040000,angle:9.490000,distense:80.600000,rcs:15.000000
