timestame:1619470640.695000000,objid:2,type:0,xpos:0.000000,ypos:0.000000,xspeed:-6.350000,yspeed:-0.650000,angle:-4.710000,distense:184.400000,rcs:9.000000
timestame:1619470640.695000000,objid:6,type:0,xpos:0.000000,ypos:0.000000,xspeed:-1.020000,yspeed:4.860000,angle:-18.000000,distense:47.600000,rcs:6.000000
timestame:1619470640.695000000,objid:8,type:0,xpos:0.000000,ypos:0.000000,xspeed:-7.850000,yspeed:6.780000,angle:-11.020000,distense:42.400000,rcs:26.000000
timestame:1619470640.695000000,objid:13,type:0,xpos:0.000000,ypos:0.000000,xspeed:-2.750000,yspeed:4.500000,angle:-17.390000,distense:45.400000,rcs:16.000000
