timestame:1619470951.770000000,objid:0,type:0,xpos:0.000000,ypos:0.000000,xspeed:5.730000,yspeed:-0.580000,angle:0.520000,distense:31.000000,rcs:38.000000
timestame:1619470951.770000000,objid:7,type:0,xpos:0.000000,ypos:0.000000,xspeed:4.260000,yspeed:-6.320000,angle:-5.570000,distense:42.000000,rcs:12.000000
timestame:1619470951.770000000,objid:10,type:0,xpos:0.000000,ypos:0.000000,xspeed:3.230000,yspeed:0.600000,angle:4.720000,distense:16.000000,rcs:12.000000
