timestame:1619470138.687000000,objid:0,type:0,xpos:0.000000,ypos:0.000000,xspeed:-6.140000,yspeed:-0.480000,angle:12.460000,distense:33.600000,rcs:6.000000
timestame:1619470138.687000000,objid:7,type:0,xpos:0.000000,ypos:0.000000,xspeed:-2.230000,yspeed:-0.320000,angle:-10.600000,distense:73.600000,rcs:6.000000
