timestame:1619471313.057000000,objid:1,type:0,xpos:0.000000,ypos:0.000000,xspeed:-14.530000,yspeed:-5.470000,angle:-3.360000,distense:180.000000,rcs:15.000000
timestame:1619471313.057000000,objid:2,type:0,xpos:0.000000,ypos:0.000000,xspeed:1.850000,yspeed:3.940000,angle:-7.320000,distense:45.800000,rcs:6.000000
timestame:1619471313.057000000,objid:3,type:0,xpos:0.000000,ypos:0.000000,xspeed:3.190000,yspeed:3.530000,angle:-11.210000,distense:41.200000,rcs:15.000000
timestame:1619471313.057000000,objid:4,type:0,xpos:0.000000,ypos:0.000000,xspeed:-1.090000,yspeed:5.040000,angle:6.330000,distense:36.800000,rcs:26.000000
