timestame:1619470049.298000000,objid:0,type:0,xpos:0.000000,ypos:0.000000,xspeed:6.790000,yspeed:-0.010000,angle:3.770000,distense:100.200000,rcs:12.000000
timestame:1619470049.298000000,objid:5,type:0,xpos:0.000000,ypos:0.000000,xspeed:6.840000,yspeed:0.160000,angle:4.290000,distense:90.600000,rcs:25.000000
