timestame:1619471464.225000000,objid:0,type:0,xpos:0.000000,ypos:0.000000,xspeed:-3.610000,yspeed:-6.040000,angle:-12.090000,distense:82.400000,rcs:24.000000
timestame:1619471464.225000000,objid:1,type:0,xpos:0.000000,ypos:0.000000,xspeed:-4.660000,yspeed:-0.390000,angle:-6.230000,distense:108.600000,rcs:13.000000
timestame:1619471464.225000000,objid:3,type:0,xpos:0.000000,ypos:0.000000,xspeed:-6.790000,yspeed:-0.420000,angle:-5.460000,distense:169.600000,rcs:9.000000
