timestame:1619470460.536000000,objid:0,type:0,xpos:0.000000,ypos:0.000000,xspeed:-17.010000,yspeed:-2.540000,angle:-7.580000,distense:98.200000,rcs:19.000000
timestame:1619470460.536000000,objid:2,type:0,xpos:0.000000,ypos:0.000000,xspeed:5.860000,yspeed:-0.110000,angle:3.210000,distense:178.200000,rcs:9.000000
