timestame:1619470083.396000000,objid:4,type:0,xpos:0.000000,ypos:0.000000,xspeed:2.080000,yspeed:-8.920000,angle:-15.160000,distense:55.800000,rcs:19.000000
timestame:1619470083.396000000,objid:5,type:0,xpos:0.000000,ypos:0.000000,xspeed:2.400000,yspeed:-8.660000,angle:-12.260000,distense:55.000000,rcs:18.000000
