timestame:1619469565.785000000,objid:6,type:0,xpos:0.000000,ypos:0.000000,xspeed:-12.500000,yspeed:-3.640000,angle:-3.820000,distense:204.800000,rcs:13.000000
timestame:1619469565.785000000,objid:8,type:0,xpos:0.000000,ypos:0.000000,xspeed:-5.880000,yspeed:0.700000,angle:21.820000,distense:39.600000,rcs:12.000000
timestame:1619469565.785000000,objid:15,type:0,xpos:0.000000,ypos:0.000000,xspeed:-4.050000,yspeed:8.870000,angle:15.980000,distense:56.400000,rcs:6.000000
