timestame:1619471252.264000000,objid:1,type:0,xpos:0.000000,ypos:0.000000,xspeed:2.290000,yspeed:3.110000,angle:2.390000,distense:77.800000,rcs:12.000000
timestame:1619471252.264000000,objid:3,type:0,xpos:0.000000,ypos:0.000000,xspeed:-17.300000,yspeed:-0.570000,angle:-5.770000,distense:143.800000,rcs:15.000000
