timestame:1619471232.109000000,objid:0,type:0,xpos:0.000000,ypos:0.000000,xspeed:6.930000,yspeed:-0.110000,angle:1.640000,distense:110.000000,rcs:6.000000
timestame:1619471232.109000000,objid:9,type:0,xpos:0.000000,ypos:0.000000,xspeed:6.920000,yspeed:-0.090000,angle:1.540000,distense:101.400000,rcs:34.000000
