timestame:1619469948.357000000,objid:3,type:0,xpos:0.000000,ypos:0.000000,xspeed:1.050000,yspeed:0.070000,angle:0.930000,distense:18.400000,rcs:24.000000
timestame:1619469948.357000000,objid:5,type:0,xpos:0.000000,ypos:0.000000,xspeed:3.350000,yspeed:-6.390000,angle:17.610000,distense:46.200000,rcs:18.000000
timestame:1619469948.357000000,objid:8,type:0,xpos:0.000000,ypos:0.000000,xspeed:-1.630000,yspeed:8.040000,angle:-18.000000,distense:48.400000,rcs:6.000000
