timestame:1619470172.067000000,objid:0,type:0,xpos:0.000000,ypos:0.000000,xspeed:9.180000,yspeed:0.230000,angle:2.120000,distense:80.600000,rcs:29.000000
timestame:1619470172.067000000,objid:1,type:0,xpos:0.000000,ypos:0.000000,xspeed:9.960000,yspeed:0.420000,angle:2.570000,distense:51.000000,rcs:37.000000
timestame:1619470172.067000000,objid:3,type:0,xpos:0.000000,ypos:0.000000,xspeed:11.220000,yspeed:-0.090000,angle:3.350000,distense:120.800000,rcs:16.000000
timestame:1619470172.067000000,objid:4,type:0,xpos:0.000000,ypos:0.000000,xspeed:4.640000,yspeed:1.630000,angle:20.620000,distense:31.200000,rcs:20.000000
