timestame:1619470490.346000000,objid:1,type:0,xpos:0.000000,ypos:0.000000,xspeed:1.570000,yspeed:-15.010000,angle:14.990000,distense:44.600000,rcs:29.000000
timestame:1619470490.346000000,objid:5,type:0,xpos:0.000000,ypos:0.000000,xspeed:-2.030000,yspeed:-1.030000,angle:-18.000000,distense:30.200000,rcs:6.000000
timestame:1619470490.346000000,objid:8,type:0,xpos:0.000000,ypos:0.000000,xspeed:1.640000,yspeed:10.750000,angle:-14.990000,distense:48.400000,rcs:12.000000
