timestame:1619469582.632000000,objid:1,type:0,xpos:0.000000,ypos:0.000000,xspeed:-4.720000,yspeed:-0.190000,angle:-9.340000,distense:95.600000,rcs:16.000000
timestame:1619469582.632000000,objid:2,type:0,xpos:0.000000,ypos:0.000000,xspeed:-8.120000,yspeed:-4.270000,angle:-11.310000,distense:84.000000,rcs:20.000000
