timestame:1619471147.912000000,objid:1,type:0,xpos:0.000000,ypos:0.000000,xspeed:-1.180000,yspeed:6.050000,angle:-13.190000,distense:41.400000,rcs:9.000000
timestame:1619471147.912000000,objid:4,type:0,xpos:0.000000,ypos:0.000000,xspeed:-14.580000,yspeed:9.580000,angle:-9.480000,distense:43.600000,rcs:15.000000
timestame:1619471147.912000000,objid:5,type:0,xpos:0.000000,ypos:0.000000,xspeed:-1.270000,yspeed:6.230000,angle:6.640000,distense:40.800000,rcs:27.000000
timestame:1619471147.912000000,objid:9,type:0,xpos:0.000000,ypos:0.000000,xspeed:-1.640000,yspeed:6.020000,angle:2.160000,distense:41.000000,rcs:16.000000
