timestame:1619471232.173000000,objid:0,type:0,xpos:0.000000,ypos:0.000000,xspeed:6.930000,yspeed:-0.110000,angle:1.630000,distense:110.400000,rcs:6.000000
timestame:1619471232.173000000,objid:9,type:0,xpos:0.000000,ypos:0.000000,xspeed:6.930000,yspeed:-0.070000,angle:1.550000,distense:101.800000,rcs:28.000000
