timestame:1619469784.597000000,objid:2,type:0,xpos:0.000000,ypos:0.000000,xspeed:17.050000,yspeed:-0.110000,angle:0.920000,distense:171.200000,rcs:13.000000
timestame:1619469784.597000000,objid:4,type:0,xpos:0.000000,ypos:0.000000,xspeed:-17.570000,yspeed:-0.280000,angle:-6.930000,distense:123.200000,rcs:19.000000
timestame:1619469784.597000000,objid:10,type:0,xpos:0.000000,ypos:0.000000,xspeed:16.660000,yspeed:0.230000,angle:1.260000,distense:158.000000,rcs:26.000000
