timestame:1619470595.165000000,objid:1,type:0,xpos:0.000000,ypos:0.000000,xspeed:9.030000,yspeed:3.840000,angle:-15.720000,distense:27.800000,rcs:13.000000
timestame:1619470595.165000000,objid:5,type:0,xpos:0.000000,ypos:0.000000,xspeed:6.780000,yspeed:2.760000,angle:-16.970000,distense:38.800000,rcs:31.000000
timestame:1619470595.165000000,objid:6,type:0,xpos:0.000000,ypos:0.000000,xspeed:5.740000,yspeed:2.880000,angle:22.050000,distense:36.800000,rcs:26.000000
