timestame:1619470376.575000000,objid:1,type:0,xpos:0.000000,ypos:0.000000,xspeed:-2.010000,yspeed:-2.530000,angle:-18.000000,distense:35.800000,rcs:22.000000
timestame:1619470376.575000000,objid:5,type:0,xpos:0.000000,ypos:0.000000,xspeed:-3.200000,yspeed:-3.350000,angle:-18.000000,distense:36.600000,rcs:26.000000
timestame:1619470376.575000000,objid:18,type:0,xpos:0.000000,ypos:0.000000,xspeed:-5.760000,yspeed:-0.450000,angle:-8.640000,distense:83.200000,rcs:9.000000
