timestame:1619470648.684000000,objid:4,type:0,xpos:0.000000,ypos:0.000000,xspeed:-1.740000,yspeed:-2.520000,angle:-18.000000,distense:40.000000,rcs:22.000000
timestame:1619470648.684000000,objid:8,type:0,xpos:0.000000,ypos:0.000000,xspeed:-1.460000,yspeed:0.000000,angle:-8.110000,distense:41.800000,rcs:36.000000
timestame:1619470648.684000000,objid:9,type:0,xpos:0.000000,ypos:0.000000,xspeed:-1.750000,yspeed:-3.590000,angle:-16.070000,distense:40.600000,rcs:27.000000
timestame:1619470648.684000000,objid:15,type:0,xpos:0.000000,ypos:0.000000,xspeed:-3.270000,yspeed:-5.270000,angle:-3.430000,distense:67.000000,rcs:19.000000
