timestame:1619470122.677000000,objid:1,type:0,xpos:0.000000,ypos:0.000000,xspeed:7.960000,yspeed:4.550000,angle:20.240000,distense:36.400000,rcs:20.000000
timestame:1619470122.677000000,objid:4,type:0,xpos:0.000000,ypos:0.000000,xspeed:3.240000,yspeed:0.900000,angle:-15.690000,distense:22.000000,rcs:32.000000
timestame:1619470122.677000000,objid:6,type:0,xpos:0.000000,ypos:0.000000,xspeed:5.200000,yspeed:1.620000,angle:21.230000,distense:27.200000,rcs:36.000000
timestame:1619470122.677000000,objid:8,type:0,xpos:0.000000,ypos:0.000000,xspeed:4.010000,yspeed:1.410000,angle:-17.290000,distense:29.000000,rcs:36.000000
