timestame:1619470057.306000000,objid:0,type:0,xpos:0.000000,ypos:0.000000,xspeed:-10.450000,yspeed:1.020000,angle:-3.970000,distense:114.000000,rcs:13.000000
timestame:1619470057.306000000,objid:5,type:0,xpos:0.000000,ypos:0.000000,xspeed:9.340000,yspeed:0.210000,angle:2.720000,distense:159.800000,rcs:18.000000
