timestame:1619470104.615000000,objid:1,type:0,xpos:0.000000,ypos:0.000000,xspeed:5.240000,yspeed:0.000000,angle:-17.260000,distense:20.800000,rcs:20.000000
timestame:1619470104.615000000,objid:6,type:0,xpos:0.000000,ypos:0.000000,xspeed:-2.730000,yspeed:-0.300000,angle:15.640000,distense:25.800000,rcs:9.000000
timestame:1619470104.615000000,objid:9,type:0,xpos:0.000000,ypos:0.000000,xspeed:4.210000,yspeed:1.000000,angle:21.440000,distense:22.200000,rcs:26.000000
timestame:1619470104.615000000,objid:11,type:0,xpos:0.000000,ypos:0.000000,xspeed:1.840000,yspeed:0.730000,angle:14.470000,distense:20.600000,rcs:15.000000
