timestame:1619470046.131000000,objid:0,type:0,xpos:0.000000,ypos:0.000000,xspeed:6.590000,yspeed:-0.070000,angle:4.330000,distense:78.400000,rcs:15.000000
timestame:1619470046.131000000,objid:3,type:0,xpos:0.000000,ypos:0.000000,xspeed:14.590000,yspeed:0.060000,angle:1.140000,distense:192.600000,rcs:13.000000
timestame:1619470046.131000000,objid:5,type:0,xpos:0.000000,ypos:0.000000,xspeed:6.430000,yspeed:0.420000,angle:5.540000,distense:68.600000,rcs:28.000000
