timestame:1619469625.729000000,objid:1,type:0,xpos:0.000000,ypos:0.000000,xspeed:-4.460000,yspeed:-0.070000,angle:-18.000000,distense:46.600000,rcs:12.000000
timestame:1619469625.729000000,objid:2,type:0,xpos:0.000000,ypos:0.000000,xspeed:-4.380000,yspeed:0.150000,angle:-16.360000,distense:59.400000,rcs:22.000000
timestame:1619469625.729000000,objid:4,type:0,xpos:0.000000,ypos:0.000000,xspeed:-12.690000,yspeed:-0.520000,angle:-18.000000,distense:36.800000,rcs:15.000000
timestame:1619469625.729000000,objid:5,type:0,xpos:0.000000,ypos:0.000000,xspeed:-3.180000,yspeed:4.310000,angle:-11.200000,distense:68.200000,rcs:6.000000
