timestame:1619469917.199000000,objid:1,type:0,xpos:0.000000,ypos:0.000000,xspeed:5.500000,yspeed:0.100000,angle:1.550000,distense:113.200000,rcs:16.000000
timestame:1619469917.199000000,objid:2,type:0,xpos:0.000000,ypos:0.000000,xspeed:13.550000,yspeed:0.330000,angle:2.350000,distense:224.600000,rcs:6.000000
timestame:1619469917.199000000,objid:8,type:0,xpos:0.000000,ypos:0.000000,xspeed:5.610000,yspeed:0.000000,angle:1.520000,distense:106.400000,rcs:16.000000
