timestame:1619470989.857000000,objid:3,type:0,xpos:0.000000,ypos:0.000000,xspeed:5.230000,yspeed:-0.110000,angle:7.510000,distense:100.800000,rcs:12.000000
timestame:1619470989.857000000,objid:4,type:0,xpos:0.000000,ypos:0.000000,xspeed:-13.400000,yspeed:-0.590000,angle:-13.640000,distense:58.600000,rcs:13.000000
