timestame:1619469535.830000000,objid:4,type:0,xpos:0.000000,ypos:0.000000,xspeed:16.540000,yspeed:0.400000,angle:2.020000,distense:93.200000,rcs:21.000000
timestame:1619469535.830000000,objid:7,type:0,xpos:0.000000,ypos:0.000000,xspeed:16.240000,yspeed:0.410000,angle:1.690000,distense:100.400000,rcs:15.000000
