timestame:1619470105.667000000,objid:1,type:0,xpos:0.000000,ypos:0.000000,xspeed:6.760000,yspeed:-0.720000,angle:20.210000,distense:28.600000,rcs:28.000000
timestame:1619470105.667000000,objid:9,type:0,xpos:0.000000,ypos:0.000000,xspeed:3.920000,yspeed:2.450000,angle:-16.040000,distense:26.800000,rcs:38.000000
