timestame:1619470123.852000000,objid:1,type:0,xpos:0.000000,ypos:0.000000,xspeed:4.400000,yspeed:3.180000,angle:22.110000,distense:34.800000,rcs:13.000000
timestame:1619470123.852000000,objid:4,type:0,xpos:0.000000,ypos:0.000000,xspeed:3.700000,yspeed:0.670000,angle:22.380000,distense:26.800000,rcs:22.000000
timestame:1619470123.852000000,objid:6,type:0,xpos:0.000000,ypos:0.000000,xspeed:4.660000,yspeed:2.230000,angle:-17.860000,distense:33.200000,rcs:31.000000
