timestame:1619470367.452000000,objid:0,type:0,xpos:0.000000,ypos:0.000000,xspeed:2.610000,yspeed:4.460000,angle:10.770000,distense:51.600000,rcs:6.000000
timestame:1619470367.452000000,objid:4,type:0,xpos:0.000000,ypos:0.000000,xspeed:-2.110000,yspeed:-4.180000,angle:-18.000000,distense:41.400000,rcs:6.000000
timestame:1619470367.452000000,objid:6,type:0,xpos:0.000000,ypos:0.000000,xspeed:-6.950000,yspeed:-3.770000,angle:-18.000000,distense:40.400000,rcs:29.000000
timestame:1619470367.452000000,objid:20,type:0,xpos:0.000000,ypos:0.000000,xspeed:-1.100000,yspeed:3.480000,angle:19.030000,distense:34.800000,rcs:6.000000
