timestame:1619470498.677000000,objid:2,type:0,xpos:0.000000,ypos:0.000000,xspeed:-1.450000,yspeed:-2.440000,angle:-18.000000,distense:39.800000,rcs:30.000000
timestame:1619470498.677000000,objid:7,type:0,xpos:0.000000,ypos:0.000000,xspeed:-1.750000,yspeed:-1.700000,angle:-16.820000,distense:46.000000,rcs:6.000000
