timestame:1619470357.955000000,objid:4,type:0,xpos:0.000000,ypos:0.000000,xspeed:1.780000,yspeed:-5.290000,angle:-18.000000,distense:42.000000,rcs:37.000000
timestame:1619470357.955000000,objid:9,type:0,xpos:0.000000,ypos:0.000000,xspeed:-6.460000,yspeed:-4.740000,angle:-18.000000,distense:32.800000,rcs:9.000000
timestame:1619470357.955000000,objid:16,type:0,xpos:0.000000,ypos:0.000000,xspeed:16.600000,yspeed:0.000000,angle:-10.150000,distense:54.400000,rcs:13.000000
timestame:1619470357.955000000,objid:18,type:0,xpos:0.000000,ypos:0.000000,xspeed:1.530000,yspeed:8.080000,angle:-12.630000,distense:47.400000,rcs:6.000000
