timestame:1619471085.843000000,objid:0,type:0,xpos:0.000000,ypos:0.000000,xspeed:8.510000,yspeed:0.340000,angle:1.410000,distense:52.600000,rcs:27.000000
timestame:1619471085.843000000,objid:11,type:0,xpos:0.000000,ypos:0.000000,xspeed:2.080000,yspeed:-0.050000,angle:1.930000,distense:19.600000,rcs:44.000000
