timestame:1619470775.665000000,objid:0,type:0,xpos:0.000000,ypos:0.000000,xspeed:18.510000,yspeed:2.780000,angle:1.150000,distense:184.200000,rcs:12.000000
timestame:1619470775.665000000,objid:1,type:0,xpos:0.000000,ypos:0.000000,xspeed:-7.240000,yspeed:-0.950000,angle:-8.150000,distense:108.200000,rcs:18.000000
