timestame:1619470010.093000000,objid:2,type:0,xpos:0.000000,ypos:0.000000,xspeed:-1.970000,yspeed:-1.570000,angle:-18.000000,distense:31.200000,rcs:9.000000
timestame:1619470010.093000000,objid:15,type:0,xpos:0.000000,ypos:0.000000,xspeed:-1.080000,yspeed:-5.210000,angle:19.570000,distense:42.000000,rcs:27.000000
timestame:1619470010.093000000,objid:19,type:0,xpos:0.000000,ypos:0.000000,xspeed:1.430000,yspeed:-7.570000,angle:22.010000,distense:45.400000,rcs:26.000000
