timestame:1619471370.812000000,objid:1,type:0,xpos:0.000000,ypos:0.000000,xspeed:8.600000,yspeed:-0.030000,angle:2.500000,distense:148.400000,rcs:12.000000
timestame:1619471370.812000000,objid:7,type:0,xpos:0.000000,ypos:0.000000,xspeed:10.810000,yspeed:0.260000,angle:1.560000,distense:194.400000,rcs:13.000000
