timestame:1619471550.995000000,objid:13,type:0,xpos:0.000000,ypos:0.000000,xspeed:3.870000,yspeed:0.860000,angle:22.070000,distense:23.000000,rcs:26.000000
timestame:1619471550.995000000,objid:15,type:0,xpos:0.000000,ypos:0.000000,xspeed:-1.600000,yspeed:-3.070000,angle:-17.370000,distense:35.800000,rcs:23.000000
timestame:1619471550.995000000,objid:17,type:0,xpos:0.000000,ypos:0.000000,xspeed:-2.350000,yspeed:-0.170000,angle:-18.000000,distense:23.600000,rcs:6.000000
