timestame:1619469706.874000000,objid:6,type:0,xpos:0.000000,ypos:0.000000,xspeed:-2.070000,yspeed:-0.820000,angle:-18.000000,distense:34.800000,rcs:25.000000
timestame:1619469706.874000000,objid:7,type:0,xpos:0.000000,ypos:0.000000,xspeed:1.720000,yspeed:-5.140000,angle:1.740000,distense:43.800000,rcs:16.000000
timestame:1619469706.874000000,objid:10,type:0,xpos:0.000000,ypos:0.000000,xspeed:-3.620000,yspeed:-6.060000,angle:-18.000000,distense:38.600000,rcs:29.000000
timestame:1619469706.874000000,objid:14,type:0,xpos:0.000000,ypos:0.000000,xspeed:-2.910000,yspeed:-2.340000,angle:-18.000000,distense:36.200000,rcs:26.000000
