timestame:1619470649.185000000,objid:4,type:0,xpos:0.000000,ypos:0.000000,xspeed:-2.020000,yspeed:-2.570000,angle:-18.000000,distense:39.000000,rcs:21.000000
timestame:1619470649.185000000,objid:9,type:0,xpos:0.000000,ypos:0.000000,xspeed:-1.600000,yspeed:-3.340000,angle:-18.000000,distense:40.400000,rcs:30.000000
timestame:1619470649.185000000,objid:15,type:0,xpos:0.000000,ypos:0.000000,xspeed:-1.300000,yspeed:-7.280000,angle:-6.970000,distense:67.800000,rcs:12.000000
