timestame:1619470757.975000000,objid:1,type:0,xpos:0.000000,ypos:0.000000,xspeed:-1.260000,yspeed:-3.460000,angle:-12.430000,distense:39.000000,rcs:41.000000
timestame:1619470757.975000000,objid:2,type:0,xpos:0.000000,ypos:0.000000,xspeed:-2.520000,yspeed:-1.180000,angle:-18.000000,distense:29.200000,rcs:9.000000
timestame:1619470757.975000000,objid:10,type:0,xpos:0.000000,ypos:0.000000,xspeed:-2.910000,yspeed:-0.710000,angle:-18.000000,distense:25.600000,rcs:6.000000
