timestame:1619470076.005000000,objid:0,type:0,xpos:0.000000,ypos:0.000000,xspeed:19.520000,yspeed:0.000000,angle:-10.180000,distense:51.000000,rcs:19.000000
timestame:1619470076.005000000,objid:3,type:0,xpos:0.000000,ypos:0.000000,xspeed:-1.590000,yspeed:2.400000,angle:-14.070000,distense:46.800000,rcs:6.000000
