timestame:1619471089.063000000,objid:0,type:0,xpos:0.000000,ypos:0.000000,xspeed:9.640000,yspeed:0.420000,angle:1.860000,distense:83.000000,rcs:21.000000
timestame:1619471089.063000000,objid:1,type:0,xpos:0.000000,ypos:0.000000,xspeed:9.070000,yspeed:0.740000,angle:8.040000,distense:35.200000,rcs:16.000000
timestame:1619471089.063000000,objid:2,type:0,xpos:0.000000,ypos:0.000000,xspeed:4.600000,yspeed:0.060000,angle:2.110000,distense:35.800000,rcs:41.000000
timestame:1619471089.063000000,objid:4,type:0,xpos:0.000000,ypos:0.000000,xspeed:-22.170000,yspeed:-0.950000,angle:-11.400000,distense:69.200000,rcs:13.000000
