timestame:1619470444.499000000,objid:1,type:0,xpos:0.000000,ypos:0.000000,xspeed:17.300000,yspeed:0.180000,angle:1.550000,distense:135.200000,rcs:9.000000
timestame:1619470444.499000000,objid:2,type:0,xpos:0.000000,ypos:0.000000,xspeed:4.180000,yspeed:-0.030000,angle:7.960000,distense:93.200000,rcs:22.000000
