timestame:1619470288.132000000,objid:2,type:0,xpos:0.000000,ypos:0.000000,xspeed:-12.400000,yspeed:-0.180000,angle:-9.560000,distense:91.800000,rcs:27.000000
timestame:1619470288.132000000,objid:5,type:0,xpos:0.000000,ypos:0.000000,xspeed:-5.670000,yspeed:-0.500000,angle:-18.000000,distense:36.600000,rcs:20.000000
timestame:1619470288.132000000,objid:7,type:0,xpos:0.000000,ypos:0.000000,xspeed:-5.440000,yspeed:-0.390000,angle:-18.000000,distense:32.200000,rcs:27.000000
timestame:1619470288.132000000,objid:11,type:0,xpos:0.000000,ypos:0.000000,xspeed:-5.530000,yspeed:-0.350000,angle:-18.000000,distense:26.400000,rcs:13.000000
