timestame:1619470737.411000000,objid:0,type:0,xpos:0.000000,ypos:0.000000,xspeed:-21.230000,yspeed:2.650000,angle:-3.770000,distense:157.000000,rcs:6.000000
timestame:1619470737.411000000,objid:1,type:0,xpos:0.000000,ypos:0.000000,xspeed:11.940000,yspeed:-0.140000,angle:1.210000,distense:115.200000,rcs:12.000000
timestame:1619470737.411000000,objid:6,type:0,xpos:0.000000,ypos:0.000000,xspeed:12.070000,yspeed:0.050000,angle:1.480000,distense:104.800000,rcs:33.000000
