timestame:1619470128.190000000,objid:5,type:0,xpos:0.000000,ypos:0.000000,xspeed:-6.780000,yspeed:-0.390000,angle:16.400000,distense:23.200000,rcs:16.000000
timestame:1619470128.190000000,objid:6,type:0,xpos:0.000000,ypos:0.000000,xspeed:-23.900000,yspeed:0.000000,angle:18.200000,distense:22.800000,rcs:16.000000
timestame:1619470128.190000000,objid:7,type:0,xpos:0.000000,ypos:0.000000,xspeed:-10.210000,yspeed:1.150000,angle:-4.170000,distense:127.800000,rcs:12.000000
timestame:1619470128.190000000,objid:9,type:0,xpos:0.000000,ypos:0.000000,xspeed:5.680000,yspeed:2.640000,angle:-15.360000,distense:19.800000,rcs:18.000000
