timestame:1619470017.843000000,objid:0,type:0,xpos:0.000000,ypos:0.000000,xspeed:-4.340000,yspeed:-2.070000,angle:-18.000000,distense:26.200000,rcs:12.000000
timestame:1619470017.843000000,objid:7,type:0,xpos:0.000000,ypos:0.000000,xspeed:-1.720000,yspeed:-0.730000,angle:-18.000000,distense:29.000000,rcs:6.000000
timestame:1619470017.843000000,objid:11,type:0,xpos:0.000000,ypos:0.000000,xspeed:-1.140000,yspeed:-3.600000,angle:-15.470000,distense:37.400000,rcs:39.000000
timestame:1619470017.843000000,objid:13,type:0,xpos:0.000000,ypos:0.000000,xspeed:4.040000,yspeed:-9.700000,angle:7.520000,distense:43.200000,rcs:19.000000
