timestame:1619471165.780000000,objid:0,type:0,xpos:0.000000,ypos:0.000000,xspeed:-10.430000,yspeed:0.470000,angle:-3.560000,distense:149.000000,rcs:9.000000
timestame:1619471165.780000000,objid:2,type:0,xpos:0.000000,ypos:0.000000,xspeed:-9.520000,yspeed:0.720000,angle:-3.270000,distense:153.000000,rcs:12.000000
timestame:1619471165.780000000,objid:3,type:0,xpos:0.000000,ypos:0.000000,xspeed:2.200000,yspeed:5.460000,angle:-1.860000,distense:50.000000,rcs:6.000000
