timestame:1619470745.672000000,objid:0,type:0,xpos:0.000000,ypos:0.000000,xspeed:-2.690000,yspeed:-0.450000,angle:-8.890000,distense:83.000000,rcs:15.000000
timestame:1619470745.672000000,objid:6,type:0,xpos:0.000000,ypos:0.000000,xspeed:12.560000,yspeed:0.430000,angle:1.370000,distense:208.200000,rcs:26.000000
