timestame:1619470044.837000000,objid:0,type:0,xpos:0.000000,ypos:0.000000,xspeed:5.870000,yspeed:-0.440000,angle:4.690000,distense:69.400000,rcs:20.000000
timestame:1619470044.837000000,objid:3,type:0,xpos:0.000000,ypos:0.000000,xspeed:14.250000,yspeed:0.150000,angle:1.300000,distense:173.800000,rcs:12.000000
timestame:1619470044.837000000,objid:5,type:0,xpos:0.000000,ypos:0.000000,xspeed:5.810000,yspeed:0.400000,angle:5.880000,distense:59.600000,rcs:27.000000
