timestame:1619470756.850000000,objid:2,type:0,xpos:0.000000,ypos:0.000000,xspeed:-1.790000,yspeed:-0.820000,angle:-18.000000,distense:31.800000,rcs:16.000000
timestame:1619470756.850000000,objid:10,type:0,xpos:0.000000,ypos:0.000000,xspeed:-3.350000,yspeed:-0.760000,angle:-18.000000,distense:27.400000,rcs:6.000000
timestame:1619470756.850000000,objid:11,type:0,xpos:0.000000,ypos:0.000000,xspeed:-2.730000,yspeed:0.040000,angle:-18.000000,distense:25.600000,rcs:9.000000
