timestame:1619471085.408000000,objid:0,type:0,xpos:0.000000,ypos:0.000000,xspeed:8.720000,yspeed:0.350000,angle:1.340000,distense:49.200000,rcs:31.000000
timestame:1619471085.408000000,objid:11,type:0,xpos:0.000000,ypos:0.000000,xspeed:1.800000,yspeed:-0.090000,angle:1.890000,distense:18.200000,rcs:46.000000
