timestame:1619471453.164000000,objid:3,type:0,xpos:0.000000,ypos:0.000000,xspeed:-1.650000,yspeed:-0.240000,angle:-6.870000,distense:99.800000,rcs:9.000000
timestame:1619471453.164000000,objid:11,type:0,xpos:0.000000,ypos:0.000000,xspeed:-1.250000,yspeed:0.320000,angle:-7.280000,distense:92.200000,rcs:6.000000
timestame:1619471453.164000000,objid:13,type:0,xpos:0.000000,ypos:0.000000,xspeed:-4.080000,yspeed:-0.180000,angle:-15.220000,distense:29.800000,rcs:12.000000
