timestame:1619470014.190000000,objid:0,type:0,xpos:0.000000,ypos:0.000000,xspeed:-2.140000,yspeed:-1.720000,angle:-18.000000,distense:32.000000,rcs:12.000000
timestame:1619470014.190000000,objid:1,type:0,xpos:0.000000,ypos:0.000000,xspeed:-1.280000,yspeed:-4.210000,angle:14.770000,distense:41.200000,rcs:33.000000
timestame:1619470014.190000000,objid:8,type:0,xpos:0.000000,ypos:0.000000,xspeed:-4.070000,yspeed:2.940000,angle:-0.140000,distense:57.200000,rcs:6.000000
