timestame:1619471460.130000000,objid:1,type:0,xpos:0.000000,ypos:0.000000,xspeed:-5.550000,yspeed:-6.950000,angle:-4.870000,distense:130.200000,rcs:12.000000
timestame:1619471460.130000000,objid:3,type:0,xpos:0.000000,ypos:0.000000,xspeed:-8.320000,yspeed:-4.450000,angle:-4.420000,distense:198.200000,rcs:13.000000
