timestame:1619469622.424000000,objid:1,type:0,xpos:0.000000,ypos:0.000000,xspeed:-3.670000,yspeed:0.020000,angle:-15.550000,distense:61.200000,rcs:25.000000
timestame:1619469622.424000000,objid:2,type:0,xpos:0.000000,ypos:0.000000,xspeed:-3.820000,yspeed:-0.250000,angle:-13.460000,distense:73.400000,rcs:21.000000
timestame:1619469622.424000000,objid:4,type:0,xpos:0.000000,ypos:0.000000,xspeed:-15.090000,yspeed:-0.060000,angle:-8.350000,distense:75.800000,rcs:16.000000
