timestame:1619470701.625000000,objid:0,type:0,xpos:0.000000,ypos:0.000000,xspeed:4.980000,yspeed:2.220000,angle:19.190000,distense:26.000000,rcs:26.000000
timestame:1619470701.625000000,objid:1,type:0,xpos:0.000000,ypos:0.000000,xspeed:9.740000,yspeed:0.010000,angle:3.480000,distense:113.000000,rcs:6.000000
timestame:1619470701.625000000,objid:2,type:0,xpos:0.000000,ypos:0.000000,xspeed:-8.840000,yspeed:0.280000,angle:-11.980000,distense:91.200000,rcs:19.000000
