timestame:1619470065.077000000,objid:1,type:0,xpos:0.000000,ypos:0.000000,xspeed:-16.380000,yspeed:0.330000,angle:-18.000000,distense:29.200000,rcs:20.000000
timestame:1619470065.077000000,objid:4,type:0,xpos:0.000000,ypos:0.000000,xspeed:-4.400000,yspeed:1.310000,angle:-5.040000,distense:53.800000,rcs:23.000000
timestame:1619470065.077000000,objid:7,type:0,xpos:0.000000,ypos:0.000000,xspeed:-15.160000,yspeed:0.000000,angle:-18.000000,distense:24.400000,rcs:15.000000
timestame:1619470065.077000000,objid:10,type:0,xpos:0.000000,ypos:0.000000,xspeed:-13.820000,yspeed:-1.860000,angle:-18.000000,distense:50.800000,rcs:12.000000
