timestame:1619471147.295000000,objid:1,type:0,xpos:0.000000,ypos:0.000000,xspeed:-1.270000,yspeed:6.080000,angle:22.420000,distense:40.400000,rcs:6.000000
timestame:1619471147.295000000,objid:5,type:0,xpos:0.000000,ypos:0.000000,xspeed:-1.300000,yspeed:6.680000,angle:1.090000,distense:41.400000,rcs:24.000000
timestame:1619471147.295000000,objid:9,type:0,xpos:0.000000,ypos:0.000000,xspeed:-1.550000,yspeed:5.680000,angle:-3.860000,distense:42.200000,rcs:6.000000
