timestame:1619470278.358000000,objid:1,type:0,xpos:0.000000,ypos:0.000000,xspeed:-10.240000,yspeed:-0.060000,angle:-6.360000,distense:79.400000,rcs:9.000000
timestame:1619470278.358000000,objid:2,type:0,xpos:0.000000,ypos:0.000000,xspeed:-2.300000,yspeed:0.040000,angle:-7.330000,distense:85.400000,rcs:9.000000
timestame:1619470278.358000000,objid:3,type:0,xpos:0.000000,ypos:0.000000,xspeed:-2.250000,yspeed:0.270000,angle:-8.810000,distense:76.600000,rcs:15.000000
timestame:1619470278.358000000,objid:11,type:0,xpos:0.000000,ypos:0.000000,xspeed:-2.740000,yspeed:-0.350000,angle:-10.840000,distense:70.000000,rcs:26.000000
