timestame:1619469657.582000000,objid:7,type:0,xpos:0.000000,ypos:0.000000,xspeed:24.520000,yspeed:0.450000,angle:1.040000,distense:200.200000,rcs:13.000000
timestame:1619469657.582000000,objid:8,type:0,xpos:0.000000,ypos:0.000000,xspeed:2.390000,yspeed:3.110000,angle:-10.350000,distense:39.600000,rcs:13.000000
