timestame:1619471363.890000000,objid:1,type:0,xpos:0.000000,ypos:0.000000,xspeed:7.860000,yspeed:0.000000,angle:4.210000,distense:93.600000,rcs:20.000000
timestame:1619471363.890000000,objid:2,type:0,xpos:0.000000,ypos:0.000000,xspeed:6.740000,yspeed:-0.180000,angle:4.090000,distense:96.400000,rcs:20.000000
timestame:1619471363.890000000,objid:4,type:0,xpos:0.000000,ypos:0.000000,xspeed:6.530000,yspeed:0.030000,angle:4.900000,distense:90.000000,rcs:20.000000
timestame:1619471363.890000000,objid:7,type:0,xpos:0.000000,ypos:0.000000,xspeed:10.480000,yspeed:0.050000,angle:1.450000,distense:115.600000,rcs:24.000000
