timestame:1619469822.974000000,objid:2,type:0,xpos:0.000000,ypos:0.000000,xspeed:-1.760000,yspeed:-4.670000,angle:-13.070000,distense:41.400000,rcs:21.000000
timestame:1619469822.974000000,objid:11,type:0,xpos:0.000000,ypos:0.000000,xspeed:-4.260000,yspeed:0.340000,angle:-5.880000,distense:135.400000,rcs:12.000000
