timestame:1619471237.022000000,objid:0,type:0,xpos:0.000000,ypos:0.000000,xspeed:8.070000,yspeed:-0.010000,angle:1.230000,distense:150.200000,rcs:6.000000
timestame:1619471237.022000000,objid:9,type:0,xpos:0.000000,ypos:0.000000,xspeed:8.300000,yspeed:-0.030000,angle:1.250000,distense:140.800000,rcs:13.000000
