timestame:1619470483.244000000,objid:1,type:0,xpos:0.000000,ypos:0.000000,xspeed:-3.950000,yspeed:-0.230000,angle:-8.090000,distense:86.400000,rcs:22.000000
timestame:1619470483.244000000,objid:3,type:0,xpos:0.000000,ypos:0.000000,xspeed:2.000000,yspeed:-4.140000,angle:16.190000,distense:45.800000,rcs:26.000000
timestame:1619470483.244000000,objid:8,type:0,xpos:0.000000,ypos:0.000000,xspeed:-13.990000,yspeed:-14.350000,angle:6.250000,distense:33.000000,rcs:32.000000
