timestame:1619470767.840000000,objid:0,type:0,xpos:0.000000,ypos:0.000000,xspeed:-11.890000,yspeed:-1.950000,angle:-4.830000,distense:178.600000,rcs:13.000000
timestame:1619470767.840000000,objid:1,type:0,xpos:0.000000,ypos:0.000000,xspeed:8.600000,yspeed:1.030000,angle:2.390000,distense:61.200000,rcs:33.000000
timestame:1619470767.840000000,objid:9,type:0,xpos:0.000000,ypos:0.000000,xspeed:7.350000,yspeed:0.230000,angle:2.350000,distense:58.400000,rcs:35.000000
