timestame:1619471261.797000000,objid:2,type:0,xpos:0.000000,ypos:0.000000,xspeed:12.590000,yspeed:0.130000,angle:3.630000,distense:97.400000,rcs:35.000000
timestame:1619471261.797000000,objid:6,type:0,xpos:0.000000,ypos:0.000000,xspeed:12.590000,yspeed:-0.150000,angle:3.360000,distense:109.600000,rcs:15.000000
timestame:1619471261.797000000,objid:10,type:0,xpos:0.000000,ypos:0.000000,xspeed:12.510000,yspeed:0.330000,angle:4.370000,distense:85.200000,rcs:24.000000
