timestame:1619470594.480000000,objid:5,type:0,xpos:0.000000,ypos:0.000000,xspeed:7.870000,yspeed:2.460000,angle:22.950000,distense:34.600000,rcs:35.000000
timestame:1619470594.480000000,objid:6,type:0,xpos:0.000000,ypos:0.000000,xspeed:5.930000,yspeed:2.210000,angle:20.240000,distense:32.200000,rcs:37.000000
