timestame:1619471087.633000000,objid:0,type:0,xpos:0.000000,ypos:0.000000,xspeed:8.520000,yspeed:0.380000,angle:1.700000,distense:67.800000,rcs:24.000000
timestame:1619471087.633000000,objid:1,type:0,xpos:0.000000,ypos:0.000000,xspeed:7.210000,yspeed:1.290000,angle:10.840000,distense:21.400000,rcs:30.000000
timestame:1619471087.633000000,objid:4,type:0,xpos:0.000000,ypos:0.000000,xspeed:-23.090000,yspeed:-0.860000,angle:-7.060000,distense:99.600000,rcs:16.000000
timestame:1619471087.633000000,objid:11,type:0,xpos:0.000000,ypos:0.000000,xspeed:3.460000,yspeed:0.190000,angle:2.580000,distense:27.600000,rcs:38.000000
