timestame:1619469646.473000000,objid:2,type:0,xpos:0.000000,ypos:0.000000,xspeed:12.780000,yspeed:0.800000,angle:5.190000,distense:84.400000,rcs:22.000000
timestame:1619469646.473000000,objid:13,type:0,xpos:0.000000,ypos:0.000000,xspeed:15.180000,yspeed:0.660000,angle:2.350000,distense:142.800000,rcs:39.000000
timestame:1619469646.473000000,objid:14,type:0,xpos:0.000000,ypos:0.000000,xspeed:12.890000,yspeed:0.420000,angle:4.980000,distense:81.400000,rcs:29.000000
