timestame:1619470729.595000000,objid:0,type:0,xpos:0.000000,ypos:0.000000,xspeed:-12.530000,yspeed:-0.350000,angle:-12.740000,distense:58.000000,rcs:27.000000
timestame:1619470729.595000000,objid:1,type:0,xpos:0.000000,ypos:0.000000,xspeed:12.570000,yspeed:0.620000,angle:4.170000,distense:21.000000,rcs:33.000000
timestame:1619470729.595000000,objid:2,type:0,xpos:0.000000,ypos:0.000000,xspeed:12.290000,yspeed:-0.300000,angle:3.290000,distense:15.400000,rcs:32.000000
timestame:1619470729.595000000,objid:3,type:0,xpos:0.000000,ypos:0.000000,xspeed:-14.270000,yspeed:-0.880000,angle:-14.810000,distense:54.000000,rcs:20.000000
