timestame:1619469633.568000000,objid:3,type:0,xpos:0.000000,ypos:0.000000,xspeed:-7.040000,yspeed:1.450000,angle:-6.250000,distense:58.400000,rcs:25.000000
timestame:1619469633.568000000,objid:4,type:0,xpos:0.000000,ypos:0.000000,xspeed:3.590000,yspeed:5.180000,angle:-17.250000,distense:22.600000,rcs:9.000000
timestame:1619469633.568000000,objid:6,type:0,xpos:0.000000,ypos:0.000000,xspeed:-9.010000,yspeed:0.020000,angle:-8.550000,distense:54.400000,rcs:19.000000
