timestame:1619470481.332000000,objid:1,type:0,xpos:0.000000,ypos:0.000000,xspeed:-4.630000,yspeed:0.160000,angle:-6.960000,distense:93.400000,rcs:20.000000
timestame:1619470481.332000000,objid:2,type:0,xpos:0.000000,ypos:0.000000,xspeed:1.720000,yspeed:-0.430000,angle:10.900000,distense:81.400000,rcs:6.000000
timestame:1619470481.332000000,objid:6,type:0,xpos:0.000000,ypos:0.000000,xspeed:-2.780000,yspeed:1.780000,angle:-5.830000,distense:100.800000,rcs:12.000000
