timestame:1619469528.435000000,objid:1,type:0,xpos:0.000000,ypos:0.000000,xspeed:1.630000,yspeed:-2.770000,angle:-18.000000,distense:64.200000,rcs:24.000000
timestame:1619469528.435000000,objid:2,type:0,xpos:0.000000,ypos:0.000000,xspeed:2.640000,yspeed:-3.590000,angle:-18.000000,distense:65.200000,rcs:6.000000
timestame:1619469528.435000000,objid:11,type:0,xpos:0.000000,ypos:0.000000,xspeed:1.500000,yspeed:-4.670000,angle:-18.000000,distense:75.400000,rcs:6.000000
