timestame:1619471082.675000000,objid:4,type:0,xpos:0.000000,ypos:0.000000,xspeed:3.040000,yspeed:0.030000,angle:0.980000,distense:29.200000,rcs:38.000000
timestame:1619471082.675000000,objid:6,type:0,xpos:0.000000,ypos:0.000000,xspeed:-6.970000,yspeed:-0.310000,angle:-18.000000,distense:22.800000,rcs:6.000000
timestame:1619471082.675000000,objid:10,type:0,xpos:0.000000,ypos:0.000000,xspeed:5.920000,yspeed:0.520000,angle:1.870000,distense:45.200000,rcs:6.000000
