timestame:1619470939.491000000,objid:1,type:0,xpos:0.000000,ypos:0.000000,xspeed:-1.610000,yspeed:1.700000,angle:-12.450000,distense:71.000000,rcs:19.000000
timestame:1619470939.491000000,objid:10,type:0,xpos:0.000000,ypos:0.000000,xspeed:-3.320000,yspeed:0.110000,angle:-10.310000,distense:71.800000,rcs:20.000000
