timestame:1619471065.102000000,objid:0,type:0,xpos:0.000000,ypos:0.000000,xspeed:-6.490000,yspeed:0.260000,angle:-5.210000,distense:110.800000,rcs:16.000000
timestame:1619471065.102000000,objid:1,type:0,xpos:0.000000,ypos:0.000000,xspeed:7.700000,yspeed:-8.810000,angle:-18.000000,distense:68.800000,rcs:15.000000
timestame:1619471065.102000000,objid:3,type:0,xpos:0.000000,ypos:0.000000,xspeed:-7.360000,yspeed:-0.200000,angle:-3.840000,distense:158.600000,rcs:6.000000
timestame:1619471065.102000000,objid:9,type:0,xpos:0.000000,ypos:0.000000,xspeed:-1.830000,yspeed:-0.120000,angle:-10.420000,distense:71.800000,rcs:20.000000
