timestame:1619470988.737000000,objid:2,type:0,xpos:0.000000,ypos:0.000000,xspeed:-13.760000,yspeed:-0.990000,angle:-18.000000,distense:22.000000,rcs:9.000000
timestame:1619470988.737000000,objid:3,type:0,xpos:0.000000,ypos:0.000000,xspeed:5.120000,yspeed:-0.020000,angle:8.090000,distense:95.000000,rcs:6.000000
timestame:1619470988.737000000,objid:4,type:0,xpos:0.000000,ypos:0.000000,xspeed:-13.470000,yspeed:-0.500000,angle:-10.420000,distense:72.600000,rcs:19.000000
timestame:1619470988.737000000,objid:7,type:0,xpos:0.000000,ypos:0.000000,xspeed:-15.460000,yspeed:-1.910000,angle:-18.000000,distense:22.000000,rcs:9.000000
