timestame:1619469773.525000000,objid:1,type:0,xpos:0.000000,ypos:0.000000,xspeed:3.860000,yspeed:1.950000,angle:-15.820000,distense:31.000000,rcs:20.000000
timestame:1619469773.525000000,objid:3,type:0,xpos:0.000000,ypos:0.000000,xspeed:4.000000,yspeed:1.320000,angle:20.850000,distense:42.400000,rcs:12.000000
timestame:1619469773.525000000,objid:7,type:0,xpos:0.000000,ypos:0.000000,xspeed:3.470000,yspeed:2.840000,angle:-12.660000,distense:40.800000,rcs:26.000000
