timestame:1619469708.480000000,objid:1,type:0,xpos:0.000000,ypos:0.000000,xspeed:10.390000,yspeed:0.340000,angle:-17.730000,distense:43.000000,rcs:27.000000
timestame:1619469708.480000000,objid:3,type:0,xpos:0.000000,ypos:0.000000,xspeed:12.330000,yspeed:-4.220000,angle:7.550000,distense:76.000000,rcs:12.000000
timestame:1619469708.480000000,objid:5,type:0,xpos:0.000000,ypos:0.000000,xspeed:-2.380000,yspeed:-2.960000,angle:-18.000000,distense:36.200000,rcs:13.000000
timestame:1619469708.480000000,objid:6,type:0,xpos:0.000000,ypos:0.000000,xspeed:-3.610000,yspeed:-1.400000,angle:-18.000000,distense:30.600000,rcs:9.000000
