timestame:1619471365.195000000,objid:1,type:0,xpos:0.000000,ypos:0.000000,xspeed:6.400000,yspeed:-0.990000,angle:3.350000,distense:101.600000,rcs:16.000000
timestame:1619471365.195000000,objid:2,type:0,xpos:0.000000,ypos:0.000000,xspeed:7.390000,yspeed:-0.210000,angle:3.480000,distense:107.000000,rcs:16.000000
timestame:1619471365.195000000,objid:4,type:0,xpos:0.000000,ypos:0.000000,xspeed:6.710000,yspeed:0.150000,angle:4.650000,distense:99.000000,rcs:6.000000
timestame:1619471365.195000000,objid:7,type:0,xpos:0.000000,ypos:0.000000,xspeed:11.220000,yspeed:0.340000,angle:1.700000,distense:131.400000,rcs:23.000000
