timestame:1619470887.742000000,objid:3,type:0,xpos:0.000000,ypos:0.000000,xspeed:-2.130000,yspeed:-3.080000,angle:-18.000000,distense:33.600000,rcs:16.000000
timestame:1619470887.742000000,objid:10,type:0,xpos:0.000000,ypos:0.000000,xspeed:-4.360000,yspeed:11.660000,angle:-2.440000,distense:38.600000,rcs:15.000000
timestame:1619470887.742000000,objid:19,type:0,xpos:0.000000,ypos:0.000000,xspeed:-1.080000,yspeed:-3.380000,angle:-17.570000,distense:36.000000,rcs:30.000000
