timestame:1619471140.279000000,objid:0,type:0,xpos:0.000000,ypos:0.000000,xspeed:-4.800000,yspeed:-2.710000,angle:-18.000000,distense:34.600000,rcs:35.000000
timestame:1619471140.279000000,objid:3,type:0,xpos:0.000000,ypos:0.000000,xspeed:-2.600000,yspeed:-2.850000,angle:-18.000000,distense:33.400000,rcs:16.000000
timestame:1619471140.279000000,objid:7,type:0,xpos:0.000000,ypos:0.000000,xspeed:-5.090000,yspeed:-4.880000,angle:-11.700000,distense:36.000000,rcs:36.000000
