timestame:1619471447.885000000,objid:3,type:0,xpos:0.000000,ypos:0.000000,xspeed:-3.450000,yspeed:-0.140000,angle:-5.840000,distense:110.000000,rcs:18.000000
timestame:1619471447.885000000,objid:11,type:0,xpos:0.000000,ypos:0.000000,xspeed:-3.070000,yspeed:-0.610000,angle:-7.790000,distense:100.000000,rcs:16.000000
timestame:1619471447.885000000,objid:13,type:0,xpos:0.000000,ypos:0.000000,xspeed:-3.020000,yspeed:0.010000,angle:15.670000,distense:49.800000,rcs:15.000000
