timestame:1619470612.960000000,objid:2,type:0,xpos:0.000000,ypos:0.000000,xspeed:-1.760000,yspeed:7.680000,angle:-9.170000,distense:43.800000,rcs:6.000000
timestame:1619470612.960000000,objid:3,type:0,xpos:0.000000,ypos:0.000000,xspeed:1.890000,yspeed:3.940000,angle:-6.470000,distense:40.400000,rcs:6.000000
timestame:1619470612.960000000,objid:4,type:0,xpos:0.000000,ypos:0.000000,xspeed:3.640000,yspeed:3.790000,angle:-11.810000,distense:40.400000,rcs:6.000000
