timestame:1619471037.025000000,objid:2,type:0,xpos:0.000000,ypos:0.000000,xspeed:-1.740000,yspeed:-3.000000,angle:-17.470000,distense:41.800000,rcs:16.000000
timestame:1619471037.025000000,objid:3,type:0,xpos:0.000000,ypos:0.000000,xspeed:1.660000,yspeed:-3.290000,angle:20.780000,distense:48.200000,rcs:24.000000
timestame:1619471037.025000000,objid:7,type:0,xpos:0.000000,ypos:0.000000,xspeed:-1.720000,yspeed:-7.160000,angle:-11.410000,distense:75.600000,rcs:6.000000
