timestame:1619469815.292000000,objid:1,type:0,xpos:0.000000,ypos:0.000000,xspeed:1.990000,yspeed:5.300000,angle:-5.990000,distense:52.000000,rcs:12.000000
timestame:1619469815.292000000,objid:3,type:0,xpos:0.000000,ypos:0.000000,xspeed:-2.070000,yspeed:-2.740000,angle:-1.970000,distense:49.800000,rcs:16.000000
timestame:1619469815.292000000,objid:4,type:0,xpos:0.000000,ypos:0.000000,xspeed:-11.460000,yspeed:-2.570000,angle:-3.770000,distense:184.800000,rcs:9.000000
