timestame:1619471087.944000000,objid:0,type:0,xpos:0.000000,ypos:0.000000,xspeed:8.700000,yspeed:0.410000,angle:1.770000,distense:70.800000,rcs:32.000000
timestame:1619471087.944000000,objid:1,type:0,xpos:0.000000,ypos:0.000000,xspeed:8.020000,yspeed:0.510000,angle:9.470000,distense:24.200000,rcs:31.000000
timestame:1619471087.944000000,objid:4,type:0,xpos:0.000000,ypos:0.000000,xspeed:-22.810000,yspeed:-1.040000,angle:-7.880000,distense:93.200000,rcs:6.000000
timestame:1619471087.944000000,objid:11,type:0,xpos:0.000000,ypos:0.000000,xspeed:3.630000,yspeed:0.110000,angle:2.330000,distense:28.800000,rcs:41.000000
