timestame:1619471065.348000000,objid:0,type:0,xpos:0.000000,ypos:0.000000,xspeed:-6.410000,yspeed:0.180000,angle:-5.350000,distense:109.000000,rcs:15.000000
timestame:1619471065.348000000,objid:3,type:0,xpos:0.000000,ypos:0.000000,xspeed:-7.150000,yspeed:-0.330000,angle:-3.990000,distense:156.600000,rcs:9.000000
timestame:1619471065.348000000,objid:5,type:0,xpos:0.000000,ypos:0.000000,xspeed:-12.240000,yspeed:0.000000,angle:-4.870000,distense:161.000000,rcs:12.000000
timestame:1619471065.348000000,objid:9,type:0,xpos:0.000000,ypos:0.000000,xspeed:-1.750000,yspeed:-0.070000,angle:-10.410000,distense:71.400000,rcs:12.000000
