timestame:1619470136.568000000,objid:7,type:0,xpos:0.000000,ypos:0.000000,xspeed:-4.320000,yspeed:-0.180000,angle:-9.680000,distense:76.200000,rcs:15.000000
timestame:1619470136.568000000,objid:8,type:0,xpos:0.000000,ypos:0.000000,xspeed:3.170000,yspeed:3.670000,angle:-7.900000,distense:42.400000,rcs:6.000000
