timestame:1619469856.286000000,objid:0,type:0,xpos:0.000000,ypos:0.000000,xspeed:-4.860000,yspeed:4.060000,angle:-5.020000,distense:43.400000,rcs:32.000000
timestame:1619469856.286000000,objid:5,type:0,xpos:0.000000,ypos:0.000000,xspeed:-1.630000,yspeed:-1.650000,angle:-7.310000,distense:60.800000,rcs:9.000000
timestame:1619469856.286000000,objid:10,type:0,xpos:0.000000,ypos:0.000000,xspeed:-10.750000,yspeed:-0.060000,angle:-5.150000,distense:126.800000,rcs:19.000000
