timestame:1619470567.532000000,objid:1,type:0,xpos:0.000000,ypos:0.000000,xspeed:4.200000,yspeed:3.290000,angle:-15.240000,distense:27.800000,rcs:23.000000
timestame:1619470567.532000000,objid:3,type:0,xpos:0.000000,ypos:0.000000,xspeed:14.840000,yspeed:0.010000,angle:1.050000,distense:158.200000,rcs:30.000000
timestame:1619470567.532000000,objid:8,type:0,xpos:0.000000,ypos:0.000000,xspeed:4.240000,yspeed:4.640000,angle:-10.930000,distense:42.000000,rcs:15.000000
