timestame:1619470363.410000000,objid:5,type:0,xpos:0.000000,ypos:0.000000,xspeed:-5.790000,yspeed:10.510000,angle:-17.220000,distense:43.400000,rcs:19.000000
timestame:1619470363.410000000,objid:11,type:0,xpos:0.000000,ypos:0.000000,xspeed:-1.720000,yspeed:5.960000,angle:18.570000,distense:40.000000,rcs:6.000000
