timestame:1619469947.737000000,objid:3,type:0,xpos:0.000000,ypos:0.000000,xspeed:1.380000,yspeed:0.080000,angle:0.810000,distense:18.200000,rcs:30.000000
timestame:1619469947.737000000,objid:4,type:0,xpos:0.000000,ypos:0.000000,xspeed:-1.820000,yspeed:-12.200000,angle:5.000000,distense:47.800000,rcs:12.000000
