timestame:1619470777.283000000,objid:0,type:0,xpos:0.000000,ypos:0.000000,xspeed:19.980000,yspeed:1.410000,angle:1.550000,distense:216.400000,rcs:9.000000
timestame:1619470777.283000000,objid:1,type:0,xpos:0.000000,ypos:0.000000,xspeed:-7.370000,yspeed:-0.820000,angle:-9.990000,distense:96.400000,rcs:16.000000
timestame:1619470777.283000000,objid:3,type:0,xpos:0.000000,ypos:0.000000,xspeed:4.590000,yspeed:-2.860000,angle:-12.580000,distense:49.800000,rcs:19.000000
timestame:1619470777.283000000,objid:4,type:0,xpos:0.000000,ypos:0.000000,xspeed:-3.130000,yspeed:3.980000,angle:-2.220000,distense:50.200000,rcs:12.000000
