timestame:1619469635.435000000,objid:2,type:0,xpos:0.000000,ypos:0.000000,xspeed:4.830000,yspeed:3.330000,angle:20.940000,distense:21.800000,rcs:32.000000
timestame:1619469635.435000000,objid:3,type:0,xpos:0.000000,ypos:0.000000,xspeed:-5.690000,yspeed:2.800000,angle:-1.050000,distense:47.800000,rcs:20.000000
timestame:1619469635.435000000,objid:4,type:0,xpos:0.000000,ypos:0.000000,xspeed:4.040000,yspeed:-0.230000,angle:21.560000,distense:29.200000,rcs:24.000000
timestame:1619469635.435000000,objid:5,type:0,xpos:0.000000,ypos:0.000000,xspeed:4.290000,yspeed:3.190000,angle:19.830000,distense:25.400000,rcs:32.000000
