timestame:1619470365.839000000,objid:0,type:0,xpos:0.000000,ypos:0.000000,xspeed:2.290000,yspeed:5.320000,angle:3.850000,distense:46.600000,rcs:32.000000
timestame:1619470365.839000000,objid:1,type:0,xpos:0.000000,ypos:0.000000,xspeed:-1.990000,yspeed:-1.920000,angle:-6.260000,distense:60.200000,rcs:15.000000
timestame:1619470365.839000000,objid:3,type:0,xpos:0.000000,ypos:0.000000,xspeed:2.300000,yspeed:-0.170000,angle:-8.190000,distense:45.200000,rcs:31.000000
timestame:1619470365.839000000,objid:5,type:0,xpos:0.000000,ypos:0.000000,xspeed:2.570000,yspeed:-2.090000,angle:4.030000,distense:53.200000,rcs:9.000000
