timestame:1619470745.234000000,objid:0,type:0,xpos:0.000000,ypos:0.000000,xspeed:-3.080000,yspeed:-0.680000,angle:-8.870000,distense:83.600000,rcs:16.000000
timestame:1619470745.234000000,objid:6,type:0,xpos:0.000000,ypos:0.000000,xspeed:12.570000,yspeed:0.420000,angle:1.340000,distense:202.800000,rcs:16.000000
