timestame:1619469759.827000000,objid:1,type:0,xpos:0.000000,ypos:0.000000,xspeed:2.430000,yspeed:1.650000,angle:-10.020000,distense:40.000000,rcs:13.000000
timestame:1619469759.827000000,objid:2,type:0,xpos:0.000000,ypos:0.000000,xspeed:4.660000,yspeed:3.370000,angle:-14.380000,distense:41.200000,rcs:18.000000
