timestame:1619469577.075000000,objid:1,type:0,xpos:0.000000,ypos:0.000000,xspeed:-11.220000,yspeed:-3.710000,angle:-6.370000,distense:123.800000,rcs:12.000000
timestame:1619469577.075000000,objid:3,type:0,xpos:0.000000,ypos:0.000000,xspeed:-6.830000,yspeed:-0.120000,angle:-7.680000,distense:114.200000,rcs:18.000000
timestame:1619469577.075000000,objid:5,type:0,xpos:0.000000,ypos:0.000000,xspeed:-6.720000,yspeed:-0.230000,angle:-7.970000,distense:111.200000,rcs:15.000000
