timestame:1619471211.354000000,objid:3,type:0,xpos:0.000000,ypos:0.000000,xspeed:-6.070000,yspeed:-0.020000,angle:-18.000000,distense:27.600000,rcs:6.000000
timestame:1619471211.354000000,objid:4,type:0,xpos:0.000000,ypos:0.000000,xspeed:-8.900000,yspeed:-0.490000,angle:-18.000000,distense:45.200000,rcs:23.000000
timestame:1619471211.354000000,objid:5,type:0,xpos:0.000000,ypos:0.000000,xspeed:-6.370000,yspeed:-0.520000,angle:-18.000000,distense:43.000000,rcs:9.000000
