timestame:1619469699.384000000,objid:2,type:0,xpos:0.000000,ypos:0.000000,xspeed:-1.890000,yspeed:-2.360000,angle:-18.000000,distense:41.600000,rcs:16.000000
timestame:1619469699.384000000,objid:5,type:0,xpos:0.000000,ypos:0.000000,xspeed:-3.960000,yspeed:-2.150000,angle:-18.000000,distense:38.600000,rcs:12.000000
timestame:1619469699.384000000,objid:6,type:0,xpos:0.000000,ypos:0.000000,xspeed:4.520000,yspeed:-8.280000,angle:-9.700000,distense:75.600000,rcs:6.000000
timestame:1619469699.384000000,objid:8,type:0,xpos:0.000000,ypos:0.000000,xspeed:2.930000,yspeed:4.800000,angle:-7.860000,distense:46.000000,rcs:24.000000
