timestame:1619471234.718000000,objid:0,type:0,xpos:0.000000,ypos:0.000000,xspeed:7.910000,yspeed:-0.070000,angle:1.350000,distense:131.200000,rcs:6.000000
timestame:1619471234.718000000,objid:9,type:0,xpos:0.000000,ypos:0.000000,xspeed:7.430000,yspeed:0.100000,angle:1.540000,distense:120.800000,rcs:26.000000
