timestame:1619469918.193000000,objid:1,type:0,xpos:0.000000,ypos:0.000000,xspeed:5.740000,yspeed:0.150000,angle:1.590000,distense:119.000000,rcs:20.000000
timestame:1619469918.193000000,objid:8,type:0,xpos:0.000000,ypos:0.000000,xspeed:5.760000,yspeed:0.010000,angle:1.470000,distense:112.200000,rcs:28.000000
