timestame:1619470500.602000000,objid:2,type:0,xpos:0.000000,ypos:0.000000,xspeed:-1.300000,yspeed:-1.120000,angle:-18.000000,distense:38.000000,rcs:24.000000
timestame:1619470500.602000000,objid:3,type:0,xpos:0.000000,ypos:0.000000,xspeed:-1.800000,yspeed:-2.880000,angle:-1.600000,distense:40.400000,rcs:38.000000
timestame:1619470500.602000000,objid:7,type:0,xpos:0.000000,ypos:0.000000,xspeed:-1.710000,yspeed:-2.340000,angle:-18.000000,distense:44.800000,rcs:6.000000
