timestame:1619471083.846000000,objid:4,type:0,xpos:0.000000,ypos:0.000000,xspeed:3.950000,yspeed:0.220000,angle:1.660000,distense:35.200000,rcs:37.000000
timestame:1619471083.846000000,objid:10,type:0,xpos:0.000000,ypos:0.000000,xspeed:5.950000,yspeed:0.420000,angle:2.110000,distense:52.400000,rcs:6.000000
timestame:1619471083.846000000,objid:11,type:0,xpos:0.000000,ypos:0.000000,xspeed:1.110000,yspeed:-0.280000,angle:1.270000,distense:14.800000,rcs:25.000000
