timestame:1619471562.592000000,objid:0,type:0,xpos:0.000000,ypos:0.000000,xspeed:-4.400000,yspeed:-2.940000,angle:-18.000000,distense:29.200000,rcs:6.000000
timestame:1619471562.592000000,objid:3,type:0,xpos:0.000000,ypos:0.000000,xspeed:-1.980000,yspeed:-2.950000,angle:-18.000000,distense:33.800000,rcs:26.000000
timestame:1619471562.592000000,objid:5,type:0,xpos:0.000000,ypos:0.000000,xspeed:-3.610000,yspeed:-1.490000,angle:-18.000000,distense:31.000000,rcs:9.000000
timestame:1619471562.592000000,objid:10,type:0,xpos:0.000000,ypos:0.000000,xspeed:2.530000,yspeed:2.810000,angle:-16.850000,distense:61.200000,rcs:15.000000
