timestame:1619470148.376000000,objid:0,type:0,xpos:0.000000,ypos:0.000000,xspeed:1.450000,yspeed:2.740000,angle:-10.210000,distense:41.800000,rcs:6.000000
timestame:1619470148.376000000,objid:1,type:0,xpos:0.000000,ypos:0.000000,xspeed:2.400000,yspeed:1.210000,angle:-17.590000,distense:28.200000,rcs:20.000000
timestame:1619470148.376000000,objid:3,type:0,xpos:0.000000,ypos:0.000000,xspeed:-1.870000,yspeed:-0.150000,angle:-10.730000,distense:71.200000,rcs:13.000000
timestame:1619470148.376000000,objid:4,type:0,xpos:0.000000,ypos:0.000000,xspeed:4.370000,yspeed:1.600000,angle:22.580000,distense:37.800000,rcs:9.000000
