timestame:1619470486.162000000,objid:1,type:0,xpos:0.000000,ypos:0.000000,xspeed:-2.550000,yspeed:-0.270000,angle:-9.310000,distense:79.200000,rcs:9.000000
timestame:1619470486.162000000,objid:2,type:0,xpos:0.000000,ypos:0.000000,xspeed:1.640000,yspeed:-7.390000,angle:-3.010000,distense:64.600000,rcs:22.000000
timestame:1619470486.162000000,objid:4,type:0,xpos:0.000000,ypos:0.000000,xspeed:-1.630000,yspeed:-4.940000,angle:-17.800000,distense:39.000000,rcs:23.000000
timestame:1619470486.162000000,objid:6,type:0,xpos:0.000000,ypos:0.000000,xspeed:3.520000,yspeed:8.240000,angle:-3.900000,distense:41.400000,rcs:36.000000
