timestame:1619470083.520000000,objid:4,type:0,xpos:0.000000,ypos:0.000000,xspeed:1.950000,yspeed:-8.740000,angle:-16.410000,distense:56.200000,rcs:9.000000
timestame:1619470083.520000000,objid:5,type:0,xpos:0.000000,ypos:0.000000,xspeed:2.400000,yspeed:-8.660000,angle:-13.730000,distense:55.600000,rcs:18.000000
timestame:1619470083.520000000,objid:9,type:0,xpos:0.000000,ypos:0.000000,xspeed:-2.940000,yspeed:-3.490000,angle:-18.000000,distense:51.400000,rcs:6.000000
