timestame:1619471297.023000000,objid:2,type:0,xpos:0.000000,ypos:0.000000,xspeed:-1.700000,yspeed:6.160000,angle:-13.040000,distense:43.800000,rcs:9.000000
timestame:1619471297.023000000,objid:6,type:0,xpos:0.000000,ypos:0.000000,xspeed:2.470000,yspeed:4.010000,angle:-7.050000,distense:43.600000,rcs:9.000000
