timestame:1619470073.885000000,objid:4,type:0,xpos:0.000000,ypos:0.000000,xspeed:-1.370000,yspeed:2.080000,angle:-16.430000,distense:42.800000,rcs:21.000000
timestame:1619470073.885000000,objid:8,type:0,xpos:0.000000,ypos:0.000000,xspeed:1.440000,yspeed:3.160000,angle:-6.030000,distense:42.600000,rcs:6.000000
