timestame:1619469915.213000000,objid:1,type:0,xpos:0.000000,ypos:0.000000,xspeed:5.250000,yspeed:0.060000,angle:1.580000,distense:101.800000,rcs:22.000000
timestame:1619469915.213000000,objid:2,type:0,xpos:0.000000,ypos:0.000000,xspeed:13.180000,yspeed:0.370000,angle:2.520000,distense:197.200000,rcs:22.000000
timestame:1619469915.213000000,objid:8,type:0,xpos:0.000000,ypos:0.000000,xspeed:5.250000,yspeed:-0.130000,angle:1.530000,distense:95.000000,rcs:33.000000
