timestame:1619471376.222000000,objid:0,type:0,xpos:0.000000,ypos:0.000000,xspeed:10.010000,yspeed:-0.370000,angle:2.550000,distense:210.400000,rcs:12.000000
timestame:1619471376.222000000,objid:1,type:0,xpos:0.000000,ypos:0.000000,xspeed:10.270000,yspeed:0.230000,angle:2.220000,distense:203.200000,rcs:27.000000
