timestame:1619469755.292000000,objid:2,type:0,xpos:0.000000,ypos:0.000000,xspeed:-7.900000,yspeed:0.140000,angle:7.290000,distense:11.800000,rcs:9.000000
timestame:1619469755.292000000,objid:3,type:0,xpos:0.000000,ypos:0.000000,xspeed:6.390000,yspeed:1.040000,angle:22.040000,distense:27.000000,rcs:37.000000
timestame:1619469755.292000000,objid:5,type:0,xpos:0.000000,ypos:0.000000,xspeed:6.250000,yspeed:0.690000,angle:18.640000,distense:29.400000,rcs:21.000000
