timestame:1619470164.632000000,objid:3,type:0,xpos:0.000000,ypos:0.000000,xspeed:5.940000,yspeed:0.460000,angle:7.380000,distense:49.400000,rcs:34.000000
timestame:1619470164.632000000,objid:6,type:0,xpos:0.000000,ypos:0.000000,xspeed:1.590000,yspeed:0.300000,angle:1.800000,distense:22.800000,rcs:31.000000
