timestame:1619469913.360000000,objid:0,type:0,xpos:0.000000,ypos:0.000000,xspeed:-6.270000,yspeed:1.940000,angle:-18.000000,distense:36.200000,rcs:6.000000
timestame:1619469913.360000000,objid:1,type:0,xpos:0.000000,ypos:0.000000,xspeed:4.810000,yspeed:0.000000,angle:1.640000,distense:91.600000,rcs:22.000000
timestame:1619469913.360000000,objid:2,type:0,xpos:0.000000,ypos:0.000000,xspeed:12.050000,yspeed:0.230000,angle:2.610000,distense:171.600000,rcs:18.000000
timestame:1619469913.360000000,objid:8,type:0,xpos:0.000000,ypos:0.000000,xspeed:4.770000,yspeed:-0.030000,angle:1.950000,distense:84.800000,rcs:27.000000
