timestame:1619471002.285000000,objid:1,type:0,xpos:0.000000,ypos:0.000000,xspeed:-13.700000,yspeed:-0.950000,angle:-5.330000,distense:152.200000,rcs:20.000000
timestame:1619471002.285000000,objid:3,type:0,xpos:0.000000,ypos:0.000000,xspeed:1.740000,yspeed:-1.610000,angle:-12.850000,distense:47.000000,rcs:22.000000
timestame:1619471002.285000000,objid:4,type:0,xpos:0.000000,ypos:0.000000,xspeed:2.270000,yspeed:-0.280000,angle:-1.030000,distense:15.800000,rcs:22.000000
