timestame:1619471139.597000000,objid:7,type:0,xpos:0.000000,ypos:0.000000,xspeed:-1.310000,yspeed:-8.730000,angle:-4.940000,distense:39.600000,rcs:30.000000
timestame:1619471139.597000000,objid:11,type:0,xpos:0.000000,ypos:0.000000,xspeed:16.310000,yspeed:0.000000,angle:-17.890000,distense:56.400000,rcs:9.000000
