timestame:1619469821.737000000,objid:1,type:0,xpos:0.000000,ypos:0.000000,xspeed:1.140000,yspeed:-7.060000,angle:-18.000000,distense:64.800000,rcs:9.000000
timestame:1619469821.737000000,objid:2,type:0,xpos:0.000000,ypos:0.000000,xspeed:2.570000,yspeed:0.330000,angle:-4.560000,distense:43.400000,rcs:39.000000
timestame:1619469821.737000000,objid:4,type:0,xpos:0.000000,ypos:0.000000,xspeed:-1.550000,yspeed:9.320000,angle:-14.090000,distense:41.600000,rcs:6.000000
timestame:1619469821.737000000,objid:11,type:0,xpos:0.000000,ypos:0.000000,xspeed:-5.110000,yspeed:-0.340000,angle:-6.210000,distense:139.800000,rcs:15.000000
