timestame:1619471406.954000000,objid:4,type:0,xpos:0.000000,ypos:0.000000,xspeed:1.280000,yspeed:8.200000,angle:12.980000,distense:40.600000,rcs:24.000000
timestame:1619471406.954000000,objid:5,type:0,xpos:0.000000,ypos:0.000000,xspeed:-15.260000,yspeed:-4.110000,angle:6.800000,distense:145.800000,rcs:9.000000
timestame:1619471406.954000000,objid:7,type:0,xpos:0.000000,ypos:0.000000,xspeed:-1.330000,yspeed:-3.340000,angle:-3.900000,distense:42.600000,rcs:33.000000
timestame:1619471406.954000000,objid:9,type:0,xpos:0.000000,ypos:0.000000,xspeed:-1.200000,yspeed:6.390000,angle:12.200000,distense:40.400000,rcs:6.000000
