timestame:1619471150.020000000,objid:1,type:0,xpos:0.000000,ypos:0.000000,xspeed:-1.260000,yspeed:5.980000,angle:-13.520000,distense:42.000000,rcs:6.000000
timestame:1619471150.020000000,objid:2,type:0,xpos:0.000000,ypos:0.000000,xspeed:-1.340000,yspeed:2.650000,angle:-13.600000,distense:44.000000,rcs:12.000000
timestame:1619471150.020000000,objid:3,type:0,xpos:0.000000,ypos:0.000000,xspeed:11.410000,yspeed:-4.960000,angle:-17.350000,distense:50.600000,rcs:13.000000
