timestame:1619471370.120000000,objid:1,type:0,xpos:0.000000,ypos:0.000000,xspeed:8.260000,yspeed:-0.080000,angle:2.580000,distense:142.200000,rcs:9.000000
timestame:1619471370.120000000,objid:7,type:0,xpos:0.000000,ypos:0.000000,xspeed:10.870000,yspeed:0.280000,angle:1.580000,distense:187.200000,rcs:13.000000
