timestame:1619471498.547000000,objid:0,type:0,xpos:0.000000,ypos:0.000000,xspeed:7.570000,yspeed:0.050000,angle:1.810000,distense:85.400000,rcs:30.000000
timestame:1619471498.547000000,objid:3,type:0,xpos:0.000000,ypos:0.000000,xspeed:7.430000,yspeed:0.040000,angle:3.520000,distense:115.000000,rcs:12.000000
timestame:1619471498.547000000,objid:5,type:0,xpos:0.000000,ypos:0.000000,xspeed:6.490000,yspeed:-0.060000,angle:1.420000,distense:91.400000,rcs:19.000000
timestame:1619471498.547000000,objid:10,type:0,xpos:0.000000,ypos:0.000000,xspeed:6.870000,yspeed:0.500000,angle:5.950000,distense:74.800000,rcs:20.000000
