timestame:1619470704.806000000,objid:0,type:0,xpos:0.000000,ypos:0.000000,xspeed:3.440000,yspeed:3.500000,angle:-13.300000,distense:40.200000,rcs:9.000000
timestame:1619470704.806000000,objid:1,type:0,xpos:0.000000,ypos:0.000000,xspeed:11.290000,yspeed:0.000000,angle:2.540000,distense:149.400000,rcs:9.000000
timestame:1619470704.806000000,objid:2,type:0,xpos:0.000000,ypos:0.000000,xspeed:-7.570000,yspeed:-1.280000,angle:-18.000000,distense:69.000000,rcs:9.000000
