timestame:1619470225.730000000,objid:7,type:0,xpos:0.000000,ypos:0.000000,xspeed:1.230000,yspeed:-0.120000,angle:-10.670000,distense:50.600000,rcs:9.000000
timestame:1619470225.730000000,objid:8,type:0,xpos:0.000000,ypos:0.000000,xspeed:-4.830000,yspeed:-6.640000,angle:-7.290000,distense:42.200000,rcs:40.000000
timestame:1619470225.730000000,objid:11,type:0,xpos:0.000000,ypos:0.000000,xspeed:-1.880000,yspeed:6.840000,angle:-17.110000,distense:39.000000,rcs:13.000000
timestame:1619470225.730000000,objid:14,type:0,xpos:0.000000,ypos:0.000000,xspeed:-1.340000,yspeed:8.070000,angle:-13.020000,distense:40.400000,rcs:6.000000
