timestame:1619470887.675000000,objid:3,type:0,xpos:0.000000,ypos:0.000000,xspeed:-2.040000,yspeed:-3.020000,angle:-18.000000,distense:33.800000,rcs:18.000000
timestame:1619470887.675000000,objid:10,type:0,xpos:0.000000,ypos:0.000000,xspeed:-3.320000,yspeed:1.990000,angle:-4.580000,distense:39.200000,rcs:28.000000
timestame:1619470887.675000000,objid:19,type:0,xpos:0.000000,ypos:0.000000,xspeed:-1.080000,yspeed:-3.380000,angle:-17.230000,distense:36.000000,rcs:30.000000
