timestame:1619471087.695000000,objid:0,type:0,xpos:0.000000,ypos:0.000000,xspeed:8.550000,yspeed:0.390000,angle:1.710000,distense:68.400000,rcs:35.000000
timestame:1619471087.695000000,objid:1,type:0,xpos:0.000000,ypos:0.000000,xspeed:7.380000,yspeed:0.830000,angle:10.380000,distense:22.000000,rcs:19.000000
timestame:1619471087.695000000,objid:4,type:0,xpos:0.000000,ypos:0.000000,xspeed:-22.980000,yspeed:-0.870000,angle:-7.180000,distense:98.400000,rcs:12.000000
timestame:1619471087.695000000,objid:11,type:0,xpos:0.000000,ypos:0.000000,xspeed:3.500000,yspeed:0.210000,angle:2.660000,distense:27.800000,rcs:42.000000
