timestame:1619469928.542000000,objid:1,type:0,xpos:0.000000,ypos:0.000000,xspeed:7.200000,yspeed:0.090000,angle:1.370000,distense:186.200000,rcs:12.000000
timestame:1619469928.542000000,objid:8,type:0,xpos:0.000000,ypos:0.000000,xspeed:7.360000,yspeed:0.070000,angle:1.210000,distense:180.000000,rcs:26.000000
