timestame:1619470703.930000000,objid:0,type:0,xpos:0.000000,ypos:0.000000,xspeed:3.980000,yspeed:2.670000,angle:-17.250000,distense:36.400000,rcs:15.000000
timestame:1619470703.930000000,objid:1,type:0,xpos:0.000000,ypos:0.000000,xspeed:10.870000,yspeed:-0.100000,angle:2.660000,distense:138.600000,rcs:6.000000
timestame:1619470703.930000000,objid:2,type:0,xpos:0.000000,ypos:0.000000,xspeed:-7.980000,yspeed:-0.540000,angle:-16.300000,distense:74.200000,rcs:6.000000
