timestame:1619469912.245000000,objid:1,type:0,xpos:0.000000,ypos:0.000000,xspeed:4.530000,yspeed:-0.070000,angle:1.640000,distense:85.800000,rcs:19.000000
timestame:1619469912.245000000,objid:2,type:0,xpos:0.000000,ypos:0.000000,xspeed:11.240000,yspeed:0.170000,angle:2.710000,distense:156.800000,rcs:12.000000
timestame:1619469912.245000000,objid:8,type:0,xpos:0.000000,ypos:0.000000,xspeed:4.410000,yspeed:0.060000,angle:2.190000,distense:78.800000,rcs:29.000000
