timestame:1619470797.884000000,objid:3,type:0,xpos:0.000000,ypos:0.000000,xspeed:2.170000,yspeed:-10.720000,angle:-15.640000,distense:64.800000,rcs:13.000000
timestame:1619470797.884000000,objid:5,type:0,xpos:0.000000,ypos:0.000000,xspeed:-2.690000,yspeed:-1.150000,angle:19.510000,distense:44.400000,rcs:34.000000
timestame:1619470797.884000000,objid:12,type:0,xpos:0.000000,ypos:0.000000,xspeed:2.320000,yspeed:-10.830000,angle:-18.000000,distense:74.600000,rcs:6.000000
timestame:1619470797.884000000,objid:15,type:0,xpos:0.000000,ypos:0.000000,xspeed:-1.830000,yspeed:-2.140000,angle:-18.000000,distense:37.400000,rcs:15.000000
