timestame:1619469889.779000000,objid:2,type:0,xpos:0.000000,ypos:0.000000,xspeed:-3.740000,yspeed:-0.150000,angle:-13.370000,distense:57.600000,rcs:25.000000
timestame:1619469889.779000000,objid:5,type:0,xpos:0.000000,ypos:0.000000,xspeed:-2.840000,yspeed:-0.090000,angle:-17.180000,distense:58.600000,rcs:20.000000
timestame:1619469889.779000000,objid:16,type:0,xpos:0.000000,ypos:0.000000,xspeed:-3.430000,yspeed:-0.280000,angle:-11.080000,distense:68.800000,rcs:20.000000
