timestame:1619469869.931000000,objid:8,type:0,xpos:0.000000,ypos:0.000000,xspeed:-2.600000,yspeed:-0.210000,angle:-18.000000,distense:32.200000,rcs:13.000000
timestame:1619469869.931000000,objid:13,type:0,xpos:0.000000,ypos:0.000000,xspeed:-1.880000,yspeed:-0.710000,angle:-18.000000,distense:35.200000,rcs:24.000000
timestame:1619469869.931000000,objid:14,type:0,xpos:0.000000,ypos:0.000000,xspeed:-1.250000,yspeed:3.880000,angle:0.020000,distense:41.800000,rcs:25.000000
timestame:1619469869.931000000,objid:16,type:0,xpos:0.000000,ypos:0.000000,xspeed:-1.190000,yspeed:-1.380000,angle:-18.000000,distense:38.400000,rcs:22.000000
