timestame:1619471232.978000000,objid:0,type:0,xpos:0.000000,ypos:0.000000,xspeed:7.180000,yspeed:-0.100000,angle:1.520000,distense:116.400000,rcs:9.000000
timestame:1619471232.978000000,objid:9,type:0,xpos:0.000000,ypos:0.000000,xspeed:6.990000,yspeed:0.050000,angle:1.610000,distense:107.400000,rcs:22.000000
