timestame:1619470480.336000000,objid:0,type:0,xpos:0.000000,ypos:0.000000,xspeed:-7.120000,yspeed:-0.390000,angle:-7.490000,distense:93.800000,rcs:19.000000
timestame:1619470480.336000000,objid:1,type:0,xpos:0.000000,ypos:0.000000,xspeed:-5.570000,yspeed:0.740000,angle:-6.590000,distense:97.200000,rcs:20.000000
timestame:1619470480.336000000,objid:2,type:0,xpos:0.000000,ypos:0.000000,xspeed:1.700000,yspeed:-0.370000,angle:11.480000,distense:79.800000,rcs:13.000000
timestame:1619470480.336000000,objid:6,type:0,xpos:0.000000,ypos:0.000000,xspeed:-4.670000,yspeed:0.000000,angle:-6.540000,distense:103.600000,rcs:12.000000
