timestame:1619469706.935000000,objid:6,type:0,xpos:0.000000,ypos:0.000000,xspeed:-2.120000,yspeed:-0.830000,angle:-18.000000,distense:34.600000,rcs:23.000000
timestame:1619469706.935000000,objid:7,type:0,xpos:0.000000,ypos:0.000000,xspeed:1.430000,yspeed:-5.500000,angle:1.060000,distense:43.600000,rcs:32.000000
timestame:1619469706.935000000,objid:10,type:0,xpos:0.000000,ypos:0.000000,xspeed:-3.310000,yspeed:-5.820000,angle:-18.000000,distense:38.800000,rcs:30.000000
timestame:1619469706.935000000,objid:14,type:0,xpos:0.000000,ypos:0.000000,xspeed:-2.910000,yspeed:-2.340000,angle:-18.000000,distense:36.000000,rcs:26.000000
