timestame:1619471043.710000000,objid:1,type:0,xpos:0.000000,ypos:0.000000,xspeed:-1.010000,yspeed:-2.390000,angle:-11.820000,distense:39.600000,rcs:32.000000
timestame:1619471043.710000000,objid:2,type:0,xpos:0.000000,ypos:0.000000,xspeed:-2.690000,yspeed:-0.680000,angle:-18.000000,distense:30.400000,rcs:12.000000
timestame:1619471043.710000000,objid:14,type:0,xpos:0.000000,ypos:0.000000,xspeed:16.890000,yspeed:0.000000,angle:-16.350000,distense:55.000000,rcs:20.000000
timestame:1619471043.710000000,objid:16,type:0,xpos:0.000000,ypos:0.000000,xspeed:-1.460000,yspeed:1.180000,angle:-18.000000,distense:32.400000,rcs:6.000000
