timestame:1619469712.142000000,objid:1,type:0,xpos:0.000000,ypos:0.000000,xspeed:-3.690000,yspeed:-1.460000,angle:-18.000000,distense:30.600000,rcs:6.000000
timestame:1619469712.142000000,objid:3,type:0,xpos:0.000000,ypos:0.000000,xspeed:12.160000,yspeed:-1.530000,angle:2.220000,distense:118.200000,rcs:20.000000
timestame:1619469712.142000000,objid:4,type:0,xpos:0.000000,ypos:0.000000,xspeed:-5.360000,yspeed:-2.450000,angle:-18.000000,distense:28.000000,rcs:9.000000
timestame:1619469712.142000000,objid:6,type:0,xpos:0.000000,ypos:0.000000,xspeed:-1.450000,yspeed:6.220000,angle:-7.700000,distense:39.000000,rcs:26.000000
