timestame:1619471407.639000000,objid:5,type:0,xpos:0.000000,ypos:0.000000,xspeed:-1.220000,yspeed:4.600000,angle:20.960000,distense:41.000000,rcs:20.000000
timestame:1619471407.639000000,objid:7,type:0,xpos:0.000000,ypos:0.000000,xspeed:-1.210000,yspeed:-3.590000,angle:-7.260000,distense:42.200000,rcs:29.000000
timestame:1619471407.639000000,objid:11,type:0,xpos:0.000000,ypos:0.000000,xspeed:-13.700000,yspeed:-11.300000,angle:-0.450000,distense:136.600000,rcs:6.000000
timestame:1619471407.639000000,objid:12,type:0,xpos:0.000000,ypos:0.000000,xspeed:-10.200000,yspeed:0.000000,angle:-3.420000,distense:210.200000,rcs:12.000000
