timestame:1619471407.824000000,objid:5,type:0,xpos:0.000000,ypos:0.000000,xspeed:-1.080000,yspeed:7.480000,angle:-17.380000,distense:41.600000,rcs:12.000000
timestame:1619471407.824000000,objid:7,type:0,xpos:0.000000,ypos:0.000000,xspeed:-1.280000,yspeed:-3.150000,angle:-7.580000,distense:41.800000,rcs:31.000000
timestame:1619471407.824000000,objid:11,type:0,xpos:0.000000,ypos:0.000000,xspeed:-13.700000,yspeed:-11.300000,angle:-1.330000,distense:134.000000,rcs:6.000000
timestame:1619471407.824000000,objid:12,type:0,xpos:0.000000,ypos:0.000000,xspeed:-10.200000,yspeed:0.000000,angle:-3.450000,distense:208.400000,rcs:12.000000
