timestame:1619469995.965000000,objid:8,type:0,xpos:0.000000,ypos:0.000000,xspeed:1.120000,yspeed:2.990000,angle:-0.920000,distense:45.000000,rcs:6.000000
timestame:1619469995.965000000,objid:15,type:0,xpos:0.000000,ypos:0.000000,xspeed:-1.350000,yspeed:-2.190000,angle:-18.000000,distense:35.600000,rcs:34.000000
timestame:1619469995.965000000,objid:18,type:0,xpos:0.000000,ypos:0.000000,xspeed:1.450000,yspeed:1.440000,angle:-1.040000,distense:61.000000,rcs:9.000000
timestame:1619469995.965000000,objid:24,type:0,xpos:0.000000,ypos:0.000000,xspeed:1.780000,yspeed:3.420000,angle:-7.210000,distense:41.200000,rcs:9.000000
