timestame:1619470766.235000000,objid:0,type:0,xpos:0.000000,ypos:0.000000,xspeed:-24.920000,yspeed:0.830000,angle:-3.120000,distense:194.800000,rcs:9.000000
timestame:1619470766.235000000,objid:4,type:0,xpos:0.000000,ypos:0.000000,xspeed:-2.430000,yspeed:-1.250000,angle:-18.000000,distense:29.600000,rcs:9.000000
timestame:1619470766.235000000,objid:9,type:0,xpos:0.000000,ypos:0.000000,xspeed:6.350000,yspeed:0.370000,angle:2.770000,distense:45.600000,rcs:19.000000
