timestame:1619470111.995000000,objid:2,type:0,xpos:0.000000,ypos:0.000000,xspeed:6.850000,yspeed:1.720000,angle:18.030000,distense:29.400000,rcs:21.000000
timestame:1619470111.995000000,objid:5,type:0,xpos:0.000000,ypos:0.000000,xspeed:3.310000,yspeed:3.680000,angle:-7.560000,distense:46.400000,rcs:6.000000
timestame:1619470111.995000000,objid:7,type:0,xpos:0.000000,ypos:0.000000,xspeed:6.060000,yspeed:1.070000,angle:-17.660000,distense:26.800000,rcs:31.000000
