timestame:1619469714.935000000,objid:1,type:0,xpos:0.000000,ypos:0.000000,xspeed:-2.120000,yspeed:6.960000,angle:-15.620000,distense:37.200000,rcs:15.000000
timestame:1619469714.935000000,objid:3,type:0,xpos:0.000000,ypos:0.000000,xspeed:14.040000,yspeed:-1.030000,angle:0.820000,distense:158.600000,rcs:12.000000
