timestame:1619471408.629000000,objid:1,type:0,xpos:0.000000,ypos:0.000000,xspeed:-1.800000,yspeed:-4.390000,angle:-8.410000,distense:41.600000,rcs:35.000000
timestame:1619471408.629000000,objid:5,type:0,xpos:0.000000,ypos:0.000000,xspeed:-1.350000,yspeed:9.050000,angle:-7.050000,distense:44.400000,rcs:6.000000
timestame:1619471408.629000000,objid:7,type:0,xpos:0.000000,ypos:0.000000,xspeed:-1.630000,yspeed:-3.390000,angle:-11.930000,distense:40.800000,rcs:19.000000
timestame:1619471408.629000000,objid:12,type:0,xpos:0.000000,ypos:0.000000,xspeed:-10.250000,yspeed:-2.110000,angle:-3.910000,distense:199.800000,rcs:12.000000
