timestame:1619470771.619000000,objid:0,type:0,xpos:0.000000,ypos:0.000000,xspeed:-10.490000,yspeed:-0.250000,angle:-6.210000,distense:138.000000,rcs:16.000000
timestame:1619470771.619000000,objid:1,type:0,xpos:0.000000,ypos:0.000000,xspeed:13.220000,yspeed:0.110000,angle:1.650000,distense:110.000000,rcs:20.000000
timestame:1619470771.619000000,objid:2,type:0,xpos:0.000000,ypos:0.000000,xspeed:-10.370000,yspeed:0.940000,angle:-6.190000,distense:134.400000,rcs:21.000000
