timestame:1619471266.497000000,objid:0,type:0,xpos:0.000000,ypos:0.000000,xspeed:13.280000,yspeed:0.690000,angle:2.800000,distense:183.400000,rcs:12.000000
timestame:1619471266.497000000,objid:2,type:0,xpos:0.000000,ypos:0.000000,xspeed:13.240000,yspeed:0.120000,angle:2.390000,distense:159.000000,rcs:23.000000
timestame:1619471266.497000000,objid:6,type:0,xpos:0.000000,ypos:0.000000,xspeed:13.220000,yspeed:0.090000,angle:2.230000,distense:171.000000,rcs:9.000000
timestame:1619471266.497000000,objid:10,type:0,xpos:0.000000,ypos:0.000000,xspeed:13.250000,yspeed:0.060000,angle:2.390000,distense:146.600000,rcs:12.000000
