timestame:1619471402.029000000,objid:0,type:0,xpos:0.000000,ypos:0.000000,xspeed:-2.160000,yspeed:4.490000,angle:-16.030000,distense:44.200000,rcs:6.000000
timestame:1619471402.029000000,objid:5,type:0,xpos:0.000000,ypos:0.000000,xspeed:-1.180000,yspeed:5.610000,angle:-7.350000,distense:42.400000,rcs:26.000000
