timestame:1619469910.320000000,objid:1,type:0,xpos:0.000000,ypos:0.000000,xspeed:4.130000,yspeed:-0.120000,angle:1.850000,distense:76.800000,rcs:26.000000
timestame:1619469910.320000000,objid:2,type:0,xpos:0.000000,ypos:0.000000,xspeed:9.960000,yspeed:0.040000,angle:2.990000,distense:134.200000,rcs:12.000000
timestame:1619469910.320000000,objid:8,type:0,xpos:0.000000,ypos:0.000000,xspeed:4.100000,yspeed:0.110000,angle:2.340000,distense:70.000000,rcs:26.000000
