timestame:1619469617.944000000,objid:2,type:0,xpos:0.000000,ypos:0.000000,xspeed:14.620000,yspeed:9.590000,angle:-4.900000,distense:100.000000,rcs:6.000000
timestame:1619469617.944000000,objid:4,type:0,xpos:0.000000,ypos:0.000000,xspeed:-18.110000,yspeed:2.590000,angle:-4.500000,distense:145.200000,rcs:13.000000
timestame:1619469617.944000000,objid:6,type:0,xpos:0.000000,ypos:0.000000,xspeed:-2.040000,yspeed:0.000000,angle:-11.900000,distense:79.000000,rcs:23.000000
