timestame:1619471364.764000000,objid:1,type:0,xpos:0.000000,ypos:0.000000,xspeed:4.870000,yspeed:-0.250000,angle:3.990000,distense:98.000000,rcs:25.000000
timestame:1619471364.764000000,objid:2,type:0,xpos:0.000000,ypos:0.000000,xspeed:7.150000,yspeed:-0.220000,angle:3.640000,distense:103.400000,rcs:9.000000
timestame:1619471364.764000000,objid:4,type:0,xpos:0.000000,ypos:0.000000,xspeed:6.670000,yspeed:0.110000,angle:4.710000,distense:96.200000,rcs:6.000000
timestame:1619471364.764000000,objid:7,type:0,xpos:0.000000,ypos:0.000000,xspeed:11.010000,yspeed:0.330000,angle:1.690000,distense:126.400000,rcs:24.000000
