timestame:1619471162.932000000,objid:3,type:0,xpos:0.000000,ypos:0.000000,xspeed:5.010000,yspeed:4.460000,angle:-15.190000,distense:37.200000,rcs:15.000000
timestame:1619471162.932000000,objid:5,type:0,xpos:0.000000,ypos:0.000000,xspeed:3.380000,yspeed:5.520000,angle:-8.120000,distense:44.600000,rcs:6.000000
timestame:1619471162.932000000,objid:8,type:0,xpos:0.000000,ypos:0.000000,xspeed:4.510000,yspeed:3.460000,angle:-14.010000,distense:40.000000,rcs:22.000000
