timestame:1619469684.508000000,objid:2,type:0,xpos:0.000000,ypos:0.000000,xspeed:-1.680000,yspeed:4.940000,angle:-18.000000,distense:51.200000,rcs:6.000000
timestame:1619469684.508000000,objid:4,type:0,xpos:0.000000,ypos:0.000000,xspeed:-1.260000,yspeed:7.650000,angle:-18.000000,distense:52.800000,rcs:15.000000
