timestame:1619471464.041000000,objid:0,type:0,xpos:0.000000,ypos:0.000000,xspeed:-4.100000,yspeed:-9.440000,angle:-12.110000,distense:83.000000,rcs:18.000000
timestame:1619471464.041000000,objid:1,type:0,xpos:0.000000,ypos:0.000000,xspeed:-4.850000,yspeed:-0.460000,angle:-6.250000,distense:109.000000,rcs:15.000000
timestame:1619471464.041000000,objid:3,type:0,xpos:0.000000,ypos:0.000000,xspeed:-6.840000,yspeed:-0.470000,angle:-5.440000,distense:170.800000,rcs:12.000000
