timestame:1619470388.782000000,objid:9,type:0,xpos:0.000000,ypos:0.000000,xspeed:2.890000,yspeed:5.010000,angle:-13.230000,distense:51.800000,rcs:6.000000
timestame:1619470388.782000000,objid:11,type:0,xpos:0.000000,ypos:0.000000,xspeed:-1.770000,yspeed:-3.380000,angle:-18.000000,distense:34.000000,rcs:19.000000
timestame:1619470388.782000000,objid:17,type:0,xpos:0.000000,ypos:0.000000,xspeed:-15.670000,yspeed:-1.020000,angle:-6.080000,distense:148.600000,rcs:15.000000
