timestame:1619470770.378000000,objid:0,type:0,xpos:0.000000,ypos:0.000000,xspeed:-11.040000,yspeed:-0.380000,angle:-5.730000,distense:149.800000,rcs:15.000000
timestame:1619470770.378000000,objid:1,type:0,xpos:0.000000,ypos:0.000000,xspeed:12.150000,yspeed:0.250000,angle:2.000000,distense:92.800000,rcs:21.000000
timestame:1619470770.378000000,objid:2,type:0,xpos:0.000000,ypos:0.000000,xspeed:-11.000000,yspeed:0.250000,angle:-6.250000,distense:147.000000,rcs:12.000000
