timestame:1619469869.869000000,objid:8,type:0,xpos:0.000000,ypos:0.000000,xspeed:-2.570000,yspeed:-0.220000,angle:-18.000000,distense:32.400000,rcs:18.000000
timestame:1619469869.869000000,objid:13,type:0,xpos:0.000000,ypos:0.000000,xspeed:-1.780000,yspeed:-0.680000,angle:-18.000000,distense:35.400000,rcs:20.000000
timestame:1619469869.869000000,objid:14,type:0,xpos:0.000000,ypos:0.000000,xspeed:-1.230000,yspeed:3.760000,angle:-0.470000,distense:42.000000,rcs:24.000000
timestame:1619469869.869000000,objid:16,type:0,xpos:0.000000,ypos:0.000000,xspeed:-1.250000,yspeed:-1.360000,angle:-18.000000,distense:38.200000,rcs:26.000000
