timestame:1619469877.569000000,objid:3,type:0,xpos:0.000000,ypos:0.000000,xspeed:-5.100000,yspeed:-1.180000,angle:-18.000000,distense:31.600000,rcs:9.000000
timestame:1619469877.569000000,objid:4,type:0,xpos:0.000000,ypos:0.000000,xspeed:-2.210000,yspeed:2.760000,angle:-12.800000,distense:39.000000,rcs:31.000000
timestame:1619469877.569000000,objid:6,type:0,xpos:0.000000,ypos:0.000000,xspeed:-2.320000,yspeed:-0.680000,angle:-18.000000,distense:36.000000,rcs:9.000000
timestame:1619469877.569000000,objid:9,type:0,xpos:0.000000,ypos:0.000000,xspeed:-6.050000,yspeed:-7.460000,angle:-4.230000,distense:61.400000,rcs:6.000000
