timestame:1619471251.956000000,objid:1,type:0,xpos:0.000000,ypos:0.000000,xspeed:2.060000,yspeed:3.000000,angle:1.610000,distense:76.800000,rcs:9.000000
timestame:1619471251.956000000,objid:3,type:0,xpos:0.000000,ypos:0.000000,xspeed:-17.510000,yspeed:-0.880000,angle:-5.660000,distense:148.800000,rcs:6.000000
