timestame:1619470796.209000000,objid:4,type:0,xpos:0.000000,ypos:0.000000,xspeed:1.740000,yspeed:0.390000,angle:1.170000,distense:43.000000,rcs:15.000000
timestame:1619470796.209000000,objid:5,type:0,xpos:0.000000,ypos:0.000000,xspeed:2.460000,yspeed:-10.370000,angle:-18.000000,distense:65.400000,rcs:6.000000
timestame:1619470796.209000000,objid:11,type:0,xpos:0.000000,ypos:0.000000,xspeed:-2.340000,yspeed:0.000000,angle:-10.680000,distense:47.200000,rcs:15.000000
timestame:1619470796.209000000,objid:12,type:0,xpos:0.000000,ypos:0.000000,xspeed:1.980000,yspeed:-11.230000,angle:-18.000000,distense:61.800000,rcs:9.000000
