timestame:1619470745.857000000,objid:0,type:0,xpos:0.000000,ypos:0.000000,xspeed:-2.460000,yspeed:-0.410000,angle:-8.910000,distense:82.800000,rcs:16.000000
timestame:1619470745.857000000,objid:6,type:0,xpos:0.000000,ypos:0.000000,xspeed:12.580000,yspeed:0.420000,angle:1.370000,distense:210.400000,rcs:15.000000
