timestame:1619470460.347000000,objid:0,type:0,xpos:0.000000,ypos:0.000000,xspeed:-17.550000,yspeed:-3.390000,angle:-7.580000,distense:100.800000,rcs:6.000000
timestame:1619470460.347000000,objid:2,type:0,xpos:0.000000,ypos:0.000000,xspeed:5.810000,yspeed:-0.100000,angle:3.250000,distense:177.000000,rcs:13.000000
