timestame:1619469647.957000000,objid:2,type:0,xpos:0.000000,ypos:0.000000,xspeed:12.870000,yspeed:0.370000,angle:4.260000,distense:103.600000,rcs:22.000000
timestame:1619469647.957000000,objid:3,type:0,xpos:0.000000,ypos:0.000000,xspeed:24.710000,yspeed:2.050000,angle:0.910000,distense:29.600000,rcs:26.000000
timestame:1619469647.957000000,objid:13,type:0,xpos:0.000000,ypos:0.000000,xspeed:15.270000,yspeed:0.700000,angle:2.420000,distense:165.800000,rcs:35.000000
timestame:1619469647.957000000,objid:14,type:0,xpos:0.000000,ypos:0.000000,xspeed:13.020000,yspeed:0.330000,angle:4.250000,distense:101.000000,rcs:26.000000
