timestame:1619470882.693000000,objid:3,type:0,xpos:0.000000,ypos:0.000000,xspeed:-1.890000,yspeed:-2.700000,angle:-18.000000,distense:33.800000,rcs:16.000000
timestame:1619470882.693000000,objid:7,type:0,xpos:0.000000,ypos:0.000000,xspeed:-1.720000,yspeed:-1.500000,angle:-18.000000,distense:34.000000,rcs:25.000000
timestame:1619470882.693000000,objid:12,type:0,xpos:0.000000,ypos:0.000000,xspeed:1.120000,yspeed:-9.030000,angle:-1.610000,distense:50.200000,rcs:9.000000
timestame:1619470882.693000000,objid:23,type:0,xpos:0.000000,ypos:0.000000,xspeed:-1.030000,yspeed:-0.140000,angle:-18.000000,distense:48.200000,rcs:12.000000
