timestame:1619470502.475000000,objid:1,type:0,xpos:0.000000,ypos:0.000000,xspeed:-1.860000,yspeed:-2.030000,angle:-18.000000,distense:37.400000,rcs:9.000000
timestame:1619470502.475000000,objid:2,type:0,xpos:0.000000,ypos:0.000000,xspeed:-1.590000,yspeed:-0.690000,angle:-18.000000,distense:35.000000,rcs:18.000000
timestame:1619470502.475000000,objid:3,type:0,xpos:0.000000,ypos:0.000000,xspeed:-1.110000,yspeed:-3.350000,angle:-11.430000,distense:39.400000,rcs:36.000000
timestame:1619470502.475000000,objid:6,type:0,xpos:0.000000,ypos:0.000000,xspeed:-2.690000,yspeed:-0.670000,angle:-18.000000,distense:31.000000,rcs:12.000000
