timestame:1619470122.800000000,objid:1,type:0,xpos:0.000000,ypos:0.000000,xspeed:7.960000,yspeed:4.550000,angle:20.520000,distense:37.600000,rcs:20.000000
timestame:1619470122.800000000,objid:4,type:0,xpos:0.000000,ypos:0.000000,xspeed:3.130000,yspeed:1.070000,angle:-15.380000,distense:22.400000,rcs:23.000000
timestame:1619470122.800000000,objid:6,type:0,xpos:0.000000,ypos:0.000000,xspeed:5.170000,yspeed:1.680000,angle:21.300000,distense:28.000000,rcs:33.000000
timestame:1619470122.800000000,objid:8,type:0,xpos:0.000000,ypos:0.000000,xspeed:3.960000,yspeed:1.550000,angle:-16.930000,distense:29.600000,rcs:23.000000
