timestame:1619470666.720000000,objid:1,type:0,xpos:0.000000,ypos:0.000000,xspeed:1.090000,yspeed:1.370000,angle:-6.870000,distense:110.400000,rcs:6.000000
timestame:1619470666.720000000,objid:3,type:0,xpos:0.000000,ypos:0.000000,xspeed:-1.150000,yspeed:-0.050000,angle:-8.250000,distense:102.800000,rcs:13.000000
