timestame:1619471260.553000000,objid:2,type:0,xpos:0.000000,ypos:0.000000,xspeed:12.390000,yspeed:0.380000,angle:4.470000,distense:81.400000,rcs:32.000000
timestame:1619471260.553000000,objid:6,type:0,xpos:0.000000,ypos:0.000000,xspeed:12.440000,yspeed:-0.070000,angle:4.140000,distense:93.600000,rcs:19.000000
timestame:1619471260.553000000,objid:10,type:0,xpos:0.000000,ypos:0.000000,xspeed:12.370000,yspeed:0.600000,angle:5.230000,distense:69.400000,rcs:21.000000
