timestame:1619469951.152000000,objid:4,type:0,xpos:0.000000,ypos:0.000000,xspeed:1.230000,yspeed:-4.100000,angle:-1.700000,distense:55.000000,rcs:31.000000
timestame:1619469951.152000000,objid:9,type:0,xpos:0.000000,ypos:0.000000,xspeed:1.660000,yspeed:-3.910000,angle:-12.300000,distense:47.600000,rcs:15.000000
timestame:1619469951.152000000,objid:15,type:0,xpos:0.000000,ypos:0.000000,xspeed:-3.180000,yspeed:7.760000,angle:9.640000,distense:38.800000,rcs:12.000000
