timestame:1619471453.287000000,objid:3,type:0,xpos:0.000000,ypos:0.000000,xspeed:-1.590000,yspeed:-0.280000,angle:-6.950000,distense:99.600000,rcs:9.000000
timestame:1619471453.287000000,objid:11,type:0,xpos:0.000000,ypos:0.000000,xspeed:-1.190000,yspeed:0.240000,angle:-7.370000,distense:92.200000,rcs:6.000000
timestame:1619471453.287000000,objid:13,type:0,xpos:0.000000,ypos:0.000000,xspeed:-4.120000,yspeed:-0.210000,angle:-14.840000,distense:29.200000,rcs:9.000000
