timestame:1619469631.263000000,objid:1,type:0,xpos:0.000000,ypos:0.000000,xspeed:-4.210000,yspeed:0.010000,angle:-18.000000,distense:26.000000,rcs:6.000000
timestame:1619469631.263000000,objid:2,type:0,xpos:0.000000,ypos:0.000000,xspeed:-6.300000,yspeed:-0.540000,angle:-18.000000,distense:31.600000,rcs:9.000000
timestame:1619469631.263000000,objid:6,type:0,xpos:0.000000,ypos:0.000000,xspeed:-10.100000,yspeed:-0.080000,angle:-6.350000,distense:73.600000,rcs:20.000000
timestame:1619469631.263000000,objid:7,type:0,xpos:0.000000,ypos:0.000000,xspeed:-6.540000,yspeed:-0.540000,angle:-18.000000,distense:35.600000,rcs:6.000000
