timestame:1619471558.947000000,objid:3,type:0,xpos:0.000000,ypos:0.000000,xspeed:-1.700000,yspeed:-2.340000,angle:-1.400000,distense:38.400000,rcs:29.000000
timestame:1619471558.947000000,objid:7,type:0,xpos:0.000000,ypos:0.000000,xspeed:-2.680000,yspeed:-1.700000,angle:-18.000000,distense:31.800000,rcs:12.000000
timestame:1619471558.947000000,objid:12,type:0,xpos:0.000000,ypos:0.000000,xspeed:2.680000,yspeed:2.050000,angle:-14.480000,distense:36.400000,rcs:18.000000
timestame:1619471558.947000000,objid:13,type:0,xpos:0.000000,ypos:0.000000,xspeed:-5.690000,yspeed:3.970000,angle:2.520000,distense:43.600000,rcs:6.000000
