timestame:1619470963.865000000,objid:0,type:0,xpos:0.000000,ypos:0.000000,xspeed:3.730000,yspeed:0.200000,angle:6.620000,distense:51.200000,rcs:35.000000
timestame:1619470963.865000000,objid:6,type:0,xpos:0.000000,ypos:0.000000,xspeed:10.290000,yspeed:0.510000,angle:2.000000,distense:101.000000,rcs:30.000000
timestame:1619470963.865000000,objid:12,type:0,xpos:0.000000,ypos:0.000000,xspeed:3.040000,yspeed:0.030000,angle:5.120000,distense:60.200000,rcs:27.000000
