timestame:1619471446.582000000,objid:3,type:0,xpos:0.000000,ypos:0.000000,xspeed:-3.670000,yspeed:-0.300000,angle:-5.730000,distense:114.200000,rcs:21.000000
timestame:1619471446.582000000,objid:11,type:0,xpos:0.000000,ypos:0.000000,xspeed:-3.370000,yspeed:-0.350000,angle:-6.760000,distense:103.400000,rcs:16.000000
timestame:1619471446.582000000,objid:13,type:0,xpos:0.000000,ypos:0.000000,xspeed:-2.510000,yspeed:-0.100000,angle:14.120000,distense:54.200000,rcs:12.000000
