timestame:1619469890.764000000,objid:2,type:0,xpos:0.000000,ypos:0.000000,xspeed:-4.090000,yspeed:-0.070000,angle:-14.490000,distense:53.000000,rcs:23.000000
timestame:1619469890.764000000,objid:5,type:0,xpos:0.000000,ypos:0.000000,xspeed:-2.950000,yspeed:0.000000,angle:-18.000000,distense:55.600000,rcs:23.000000
timestame:1619469890.764000000,objid:16,type:0,xpos:0.000000,ypos:0.000000,xspeed:-3.760000,yspeed:-0.130000,angle:-11.720000,distense:64.400000,rcs:22.000000
