timestame:1619469581.067000000,objid:1,type:0,xpos:0.000000,ypos:0.000000,xspeed:-5.670000,yspeed:-0.280000,angle:-8.710000,distense:101.800000,rcs:15.000000
timestame:1619469581.067000000,objid:5,type:0,xpos:0.000000,ypos:0.000000,xspeed:-5.720000,yspeed:-0.160000,angle:-10.440000,distense:88.600000,rcs:20.000000
