timestame:1619469713.445000000,objid:3,type:0,xpos:0.000000,ypos:0.000000,xspeed:13.020000,yspeed:-1.300000,angle:1.390000,distense:136.400000,rcs:6.000000
timestame:1619469713.445000000,objid:6,type:0,xpos:0.000000,ypos:0.000000,xspeed:-1.570000,yspeed:6.860000,angle:6.590000,distense:36.800000,rcs:26.000000
