timestame:1619469698.384000000,objid:2,type:0,xpos:0.000000,ypos:0.000000,xspeed:-2.420000,yspeed:-3.250000,angle:-18.000000,distense:42.000000,rcs:19.000000
timestame:1619469698.384000000,objid:5,type:0,xpos:0.000000,ypos:0.000000,xspeed:-8.460000,yspeed:-7.200000,angle:-18.000000,distense:40.400000,rcs:18.000000
timestame:1619469698.384000000,objid:13,type:0,xpos:0.000000,ypos:0.000000,xspeed:-15.140000,yspeed:0.400000,angle:-14.990000,distense:37.800000,rcs:28.000000
