timestame:1619469534.653000000,objid:4,type:0,xpos:0.000000,ypos:0.000000,xspeed:16.450000,yspeed:0.680000,angle:2.430000,distense:73.400000,rcs:24.000000
timestame:1619469534.653000000,objid:7,type:0,xpos:0.000000,ypos:0.000000,xspeed:16.580000,yspeed:0.630000,angle:1.970000,distense:81.200000,rcs:27.000000
