timestame:1619469640.593000000,objid:1,type:0,xpos:0.000000,ypos:0.000000,xspeed:3.590000,yspeed:2.550000,angle:-12.080000,distense:38.200000,rcs:18.000000
timestame:1619469640.593000000,objid:6,type:0,xpos:0.000000,ypos:0.000000,xspeed:12.330000,yspeed:1.160000,angle:10.610000,distense:20.400000,rcs:37.000000
timestame:1619469640.593000000,objid:7,type:0,xpos:0.000000,ypos:0.000000,xspeed:14.900000,yspeed:0.130000,angle:2.470000,distense:64.600000,rcs:6.000000
timestame:1619469640.593000000,objid:13,type:0,xpos:0.000000,ypos:0.000000,xspeed:15.540000,yspeed:0.480000,angle:2.520000,distense:54.400000,rcs:40.000000
