timestame:1619469649.148000000,objid:2,type:0,xpos:0.000000,ypos:0.000000,xspeed:12.960000,yspeed:0.130000,angle:3.650000,distense:118.600000,rcs:12.000000
timestame:1619469649.148000000,objid:3,type:0,xpos:0.000000,ypos:0.000000,xspeed:25.910000,yspeed:1.330000,angle:1.890000,distense:59.600000,rcs:34.000000
timestame:1619469649.148000000,objid:13,type:0,xpos:0.000000,ypos:0.000000,xspeed:15.470000,yspeed:0.640000,angle:2.370000,distense:183.600000,rcs:34.000000
timestame:1619469649.148000000,objid:14,type:0,xpos:0.000000,ypos:0.000000,xspeed:13.150000,yspeed:0.250000,angle:3.770000,distense:116.200000,rcs:18.000000
