timestame:1619470645.719000000,objid:2,type:0,xpos:0.000000,ypos:0.000000,xspeed:-6.150000,yspeed:-0.190000,angle:-5.640000,distense:152.400000,rcs:20.000000
timestame:1619470645.719000000,objid:8,type:0,xpos:0.000000,ypos:0.000000,xspeed:-1.770000,yspeed:-4.700000,angle:5.600000,distense:83.600000,rcs:13.000000
timestame:1619470645.719000000,objid:9,type:0,xpos:0.000000,ypos:0.000000,xspeed:-1.510000,yspeed:10.770000,angle:-4.630000,distense:45.600000,rcs:6.000000
