timestame:1619470074.570000000,objid:3,type:0,xpos:0.000000,ypos:0.000000,xspeed:-1.180000,yspeed:2.140000,angle:21.250000,distense:47.800000,rcs:26.000000
timestame:1619470074.570000000,objid:4,type:0,xpos:0.000000,ypos:0.000000,xspeed:-1.240000,yspeed:1.990000,angle:-14.670000,distense:42.800000,rcs:12.000000
timestame:1619470074.570000000,objid:8,type:0,xpos:0.000000,ypos:0.000000,xspeed:1.320000,yspeed:3.130000,angle:-4.440000,distense:44.400000,rcs:6.000000
