timestame:1619470105.605000000,objid:1,type:0,xpos:0.000000,ypos:0.000000,xspeed:6.610000,yspeed:-0.500000,angle:20.840000,distense:28.000000,rcs:27.000000
timestame:1619470105.605000000,objid:9,type:0,xpos:0.000000,ypos:0.000000,xspeed:3.850000,yspeed:2.410000,angle:-16.140000,distense:26.400000,rcs:36.000000
