timestame:1619469948.480000000,objid:3,type:0,xpos:0.000000,ypos:0.000000,xspeed:1.060000,yspeed:0.060000,angle:0.880000,distense:18.400000,rcs:29.000000
timestame:1619469948.480000000,objid:4,type:0,xpos:0.000000,ypos:0.000000,xspeed:-1.320000,yspeed:2.310000,angle:11.510000,distense:52.000000,rcs:26.000000
timestame:1619469948.480000000,objid:5,type:0,xpos:0.000000,ypos:0.000000,xspeed:3.350000,yspeed:-6.390000,angle:16.560000,distense:46.400000,rcs:18.000000
timestame:1619469948.480000000,objid:8,type:0,xpos:0.000000,ypos:0.000000,xspeed:-1.980000,yspeed:7.600000,angle:-18.000000,distense:47.600000,rcs:12.000000
