timestame:1619470609.440000000,objid:0,type:0,xpos:0.000000,ypos:0.000000,xspeed:2.850000,yspeed:-3.890000,angle:22.030000,distense:22.200000,rcs:20.000000
timestame:1619470609.440000000,objid:2,type:0,xpos:0.000000,ypos:0.000000,xspeed:7.400000,yspeed:1.320000,angle:18.550000,distense:28.800000,rcs:6.000000
