timestame:1619471081.865000000,objid:1,type:0,xpos:0.000000,ypos:0.000000,xspeed:-7.560000,yspeed:-0.590000,angle:-18.000000,distense:27.600000,rcs:6.000000
timestame:1619471081.865000000,objid:4,type:0,xpos:0.000000,ypos:0.000000,xspeed:2.530000,yspeed:0.080000,angle:1.140000,distense:26.000000,rcs:40.000000
timestame:1619471081.865000000,objid:6,type:0,xpos:0.000000,ypos:0.000000,xspeed:-7.130000,yspeed:-0.420000,angle:-18.000000,distense:25.800000,rcs:6.000000
timestame:1619471081.865000000,objid:10,type:0,xpos:0.000000,ypos:0.000000,xspeed:6.110000,yspeed:0.420000,angle:1.400000,distense:40.800000,rcs:6.000000
