timestame:1619470330.358000000,objid:0,type:0,xpos:0.000000,ypos:0.000000,xspeed:16.370000,yspeed:-0.450000,angle:0.340000,distense:183.800000,rcs:26.000000
timestame:1619470330.358000000,objid:2,type:0,xpos:0.000000,ypos:0.000000,xspeed:9.920000,yspeed:0.400000,angle:1.130000,distense:205.800000,rcs:21.000000
timestame:1619470330.358000000,objid:4,type:0,xpos:0.000000,ypos:0.000000,xspeed:-1.420000,yspeed:-0.120000,angle:13.730000,distense:67.000000,rcs:12.000000
