timestame:1619469617.255000000,objid:1,type:0,xpos:0.000000,ypos:0.000000,xspeed:-1.080000,yspeed:0.330000,angle:-12.520000,distense:76.800000,rcs:20.000000
timestame:1619469617.255000000,objid:2,type:0,xpos:0.000000,ypos:0.000000,xspeed:10.170000,yspeed:2.010000,angle:-9.550000,distense:90.800000,rcs:15.000000
