timestame:1619471194.197000000,objid:2,type:0,xpos:0.000000,ypos:0.000000,xspeed:-2.140000,yspeed:-2.270000,angle:-18.000000,distense:37.800000,rcs:9.000000
timestame:1619471194.197000000,objid:11,type:0,xpos:0.000000,ypos:0.000000,xspeed:1.700000,yspeed:1.990000,angle:-18.000000,distense:40.800000,rcs:26.000000
timestame:1619471194.197000000,objid:15,type:0,xpos:0.000000,ypos:0.000000,xspeed:-2.640000,yspeed:-2.230000,angle:-18.000000,distense:37.200000,rcs:13.000000
timestame:1619471194.197000000,objid:17,type:0,xpos:0.000000,ypos:0.000000,xspeed:7.740000,yspeed:0.370000,angle:3.910000,distense:96.600000,rcs:24.000000
