timestame:1619470778.145000000,objid:1,type:0,xpos:0.000000,ypos:0.000000,xspeed:-7.110000,yspeed:-0.530000,angle:-10.590000,distense:90.800000,rcs:23.000000
timestame:1619470778.145000000,objid:2,type:0,xpos:0.000000,ypos:0.000000,xspeed:24.150000,yspeed:2.120000,angle:-15.930000,distense:67.800000,rcs:9.000000
timestame:1619470778.145000000,objid:3,type:0,xpos:0.000000,ypos:0.000000,xspeed:1.500000,yspeed:-1.720000,angle:-13.450000,distense:49.000000,rcs:9.000000
timestame:1619470778.145000000,objid:4,type:0,xpos:0.000000,ypos:0.000000,xspeed:-1.430000,yspeed:-0.590000,angle:-2.790000,distense:49.200000,rcs:9.000000
