timestame:1619470136.445000000,objid:7,type:0,xpos:0.000000,ypos:0.000000,xspeed:-4.460000,yspeed:-0.140000,angle:-9.580000,distense:76.400000,rcs:18.000000
timestame:1619470136.445000000,objid:8,type:0,xpos:0.000000,ypos:0.000000,xspeed:3.250000,yspeed:3.690000,angle:-8.190000,distense:42.000000,rcs:9.000000
