timestame:1619470220.833000000,objid:6,type:0,xpos:0.000000,ypos:0.000000,xspeed:-3.240000,yspeed:3.580000,angle:-18.000000,distense:50.200000,rcs:6.000000
timestame:1619470220.833000000,objid:7,type:0,xpos:0.000000,ypos:0.000000,xspeed:-2.350000,yspeed:9.420000,angle:-11.730000,distense:41.800000,rcs:6.000000
