timestame:1619470780.129000000,objid:2,type:0,xpos:0.000000,ypos:0.000000,xspeed:1.430000,yspeed:-3.510000,angle:2.310000,distense:43.400000,rcs:36.000000
timestame:1619470780.129000000,objid:4,type:0,xpos:0.000000,ypos:0.000000,xspeed:-2.110000,yspeed:-0.640000,angle:-1.330000,distense:45.000000,rcs:9.000000
timestame:1619470780.129000000,objid:13,type:0,xpos:0.000000,ypos:0.000000,xspeed:-40.210000,yspeed:0.260000,angle:-8.360000,distense:21.600000,rcs:32.000000
