timestame:1619470908.767000000,objid:4,type:0,xpos:0.000000,ypos:0.000000,xspeed:-3.500000,yspeed:0.000000,angle:-18.000000,distense:32.200000,rcs:16.000000
timestame:1619470908.767000000,objid:16,type:0,xpos:0.000000,ypos:0.000000,xspeed:-3.700000,yspeed:-1.480000,angle:-18.000000,distense:30.000000,rcs:12.000000
