timestame:1619470137.255000000,objid:7,type:0,xpos:0.000000,ypos:0.000000,xspeed:-3.590000,yspeed:-0.350000,angle:-10.190000,distense:75.000000,rcs:18.000000
timestame:1619470137.255000000,objid:8,type:0,xpos:0.000000,ypos:0.000000,xspeed:2.890000,yspeed:3.960000,angle:-5.730000,distense:45.400000,rcs:6.000000
