timestame:1619470739.464000000,objid:0,type:0,xpos:0.000000,ypos:0.000000,xspeed:-15.780000,yspeed:-0.450000,angle:-5.640000,distense:124.000000,rcs:9.000000
timestame:1619470739.464000000,objid:1,type:0,xpos:0.000000,ypos:0.000000,xspeed:11.820000,yspeed:-0.070000,angle:0.980000,distense:140.200000,rcs:6.000000
timestame:1619470739.464000000,objid:4,type:0,xpos:0.000000,ypos:0.000000,xspeed:-5.540000,yspeed:0.000000,angle:-18.000000,distense:45.000000,rcs:6.000000
timestame:1619470739.464000000,objid:6,type:0,xpos:0.000000,ypos:0.000000,xspeed:12.250000,yspeed:0.150000,angle:1.380000,distense:130.600000,rcs:29.000000
