timestame:1619469528.866000000,objid:1,type:0,xpos:0.000000,ypos:0.000000,xspeed:1.780000,yspeed:-3.330000,angle:-18.000000,distense:66.000000,rcs:21.000000
timestame:1619469528.866000000,objid:2,type:0,xpos:0.000000,ypos:0.000000,xspeed:2.770000,yspeed:-3.480000,angle:-18.000000,distense:67.200000,rcs:9.000000
timestame:1619469528.866000000,objid:4,type:0,xpos:0.000000,ypos:0.000000,xspeed:2.080000,yspeed:-3.960000,angle:-18.000000,distense:71.000000,rcs:6.000000
timestame:1619469528.866000000,objid:11,type:0,xpos:0.000000,ypos:0.000000,xspeed:1.350000,yspeed:-4.570000,angle:-18.000000,distense:76.800000,rcs:6.000000
