timestame:1619469786.831000000,objid:1,type:0,xpos:0.000000,ypos:0.000000,xspeed:-15.840000,yspeed:0.630000,angle:-8.580000,distense:95.600000,rcs:15.000000
timestame:1619469786.831000000,objid:2,type:0,xpos:0.000000,ypos:0.000000,xspeed:16.750000,yspeed:0.190000,angle:1.010000,distense:208.000000,rcs:12.000000
timestame:1619469786.831000000,objid:4,type:0,xpos:0.000000,ypos:0.000000,xspeed:-16.980000,yspeed:-0.380000,angle:-10.440000,distense:86.400000,rcs:22.000000
timestame:1619469786.831000000,objid:10,type:0,xpos:0.000000,ypos:0.000000,xspeed:17.010000,yspeed:0.190000,angle:1.130000,distense:196.000000,rcs:6.000000
