timestame:1619471100.122000000,objid:0,type:0,xpos:0.000000,ypos:0.000000,xspeed:-16.470000,yspeed:-0.580000,angle:-18.000000,distense:20.000000,rcs:6.000000
timestame:1619471100.122000000,objid:2,type:0,xpos:0.000000,ypos:0.000000,xspeed:9.980000,yspeed:0.190000,angle:1.270000,distense:128.000000,rcs:20.000000
