timestame:1619470979.593000000,objid:0,type:0,xpos:0.000000,ypos:0.000000,xspeed:7.340000,yspeed:-0.130000,angle:2.290000,distense:146.600000,rcs:22.000000
timestame:1619470979.593000000,objid:1,type:0,xpos:0.000000,ypos:0.000000,xspeed:-15.190000,yspeed:-0.790000,angle:-4.070000,distense:149.800000,rcs:19.000000
timestame:1619470979.593000000,objid:2,type:0,xpos:0.000000,ypos:0.000000,xspeed:-16.010000,yspeed:-1.180000,angle:-4.830000,distense:148.400000,rcs:19.000000
