timestame:1619470990.415000000,objid:3,type:0,xpos:0.000000,ypos:0.000000,xspeed:5.230000,yspeed:-0.170000,angle:7.150000,distense:103.800000,rcs:9.000000
timestame:1619470990.415000000,objid:4,type:0,xpos:0.000000,ypos:0.000000,xspeed:-13.550000,yspeed:-0.520000,angle:-16.090000,distense:50.600000,rcs:12.000000
