timestame:1619470201.484000000,objid:0,type:0,xpos:0.000000,ypos:0.000000,xspeed:1.150000,yspeed:-3.480000,angle:5.640000,distense:140.600000,rcs:22.000000
timestame:1619470201.484000000,objid:1,type:0,xpos:0.000000,ypos:0.000000,xspeed:3.200000,yspeed:0.000000,angle:6.210000,distense:159.600000,rcs:9.000000
timestame:1619470201.484000000,objid:2,type:0,xpos:0.000000,ypos:0.000000,xspeed:2.170000,yspeed:3.650000,angle:5.380000,distense:156.600000,rcs:18.000000
