timestame:1619471005.939000000,objid:2,type:0,xpos:0.000000,ypos:0.000000,xspeed:-9.350000,yspeed:-1.640000,angle:-8.060000,distense:112.200000,rcs:16.000000
timestame:1619471005.939000000,objid:6,type:0,xpos:0.000000,ypos:0.000000,xspeed:9.500000,yspeed:8.830000,angle:-4.900000,distense:123.600000,rcs:6.000000
timestame:1619471005.939000000,objid:7,type:0,xpos:0.000000,ypos:0.000000,xspeed:-2.560000,yspeed:3.860000,angle:-18.000000,distense:49.800000,rcs:9.000000
