timestame:1619471423.233000000,objid:1,type:0,xpos:0.000000,ypos:0.000000,xspeed:-4.950000,yspeed:-0.880000,angle:-7.850000,distense:109.400000,rcs:15.000000
timestame:1619471423.233000000,objid:5,type:0,xpos:0.000000,ypos:0.000000,xspeed:-2.340000,yspeed:0.000000,angle:-17.360000,distense:46.400000,rcs:21.000000
timestame:1619471423.233000000,objid:9,type:0,xpos:0.000000,ypos:0.000000,xspeed:-5.720000,yspeed:0.060000,angle:-5.070000,distense:124.800000,rcs:22.000000
timestame:1619471423.233000000,objid:12,type:0,xpos:0.000000,ypos:0.000000,xspeed:-4.720000,yspeed:-0.130000,angle:-9.090000,distense:100.400000,rcs:22.000000
