timestame:1619471093.420000000,objid:1,type:0,xpos:0.000000,ypos:0.000000,xspeed:12.690000,yspeed:-0.190000,angle:2.910000,distense:89.200000,rcs:6.000000
timestame:1619471093.420000000,objid:2,type:0,xpos:0.000000,ypos:0.000000,xspeed:7.170000,yspeed:0.220000,angle:2.160000,distense:66.400000,rcs:43.000000
timestame:1619471093.420000000,objid:5,type:0,xpos:0.000000,ypos:0.000000,xspeed:13.200000,yspeed:0.000000,angle:1.360000,distense:140.200000,rcs:9.000000
