timestame:1619470705.607000000,objid:0,type:0,xpos:0.000000,ypos:0.000000,xspeed:3.410000,yspeed:3.550000,angle:-11.600000,distense:43.800000,rcs:6.000000
timestame:1619470705.607000000,objid:1,type:0,xpos:0.000000,ypos:0.000000,xspeed:11.590000,yspeed:0.000000,angle:2.390000,distense:158.800000,rcs:13.000000
