timestame:1619469572.120000000,objid:1,type:0,xpos:0.000000,ypos:0.000000,xspeed:-6.710000,yspeed:-3.400000,angle:-18.000000,distense:32.800000,rcs:6.000000
timestame:1619469572.120000000,objid:3,type:0,xpos:0.000000,ypos:0.000000,xspeed:-9.000000,yspeed:1.070000,angle:-5.380000,distense:149.600000,rcs:9.000000
timestame:1619469572.120000000,objid:5,type:0,xpos:0.000000,ypos:0.000000,xspeed:-8.970000,yspeed:-0.480000,angle:-5.990000,distense:146.000000,rcs:12.000000
timestame:1619469572.120000000,objid:8,type:0,xpos:0.000000,ypos:0.000000,xspeed:-2.240000,yspeed:-1.870000,angle:-18.000000,distense:37.200000,rcs:20.000000
