timestame:1619471137.368000000,objid:4,type:0,xpos:0.000000,ypos:0.000000,xspeed:3.330000,yspeed:-1.570000,angle:8.530000,distense:44.400000,rcs:12.000000
timestame:1619471137.368000000,objid:5,type:0,xpos:0.000000,ypos:0.000000,xspeed:-1.630000,yspeed:-2.390000,angle:-2.010000,distense:36.800000,rcs:37.000000
timestame:1619471137.368000000,objid:8,type:0,xpos:0.000000,ypos:0.000000,xspeed:1.050000,yspeed:-0.510000,angle:21.200000,distense:51.000000,rcs:6.000000
timestame:1619471137.368000000,objid:9,type:0,xpos:0.000000,ypos:0.000000,xspeed:-1.360000,yspeed:-3.790000,angle:6.150000,distense:37.800000,rcs:31.000000
