timestame:1619470534.034000000,objid:0,type:0,xpos:0.000000,ypos:0.000000,xspeed:6.060000,yspeed:1.080000,angle:18.490000,distense:22.200000,rcs:25.000000
timestame:1619470534.034000000,objid:2,type:0,xpos:0.000000,ypos:0.000000,xspeed:-6.800000,yspeed:-1.410000,angle:-8.170000,distense:113.800000,rcs:15.000000
timestame:1619470534.034000000,objid:4,type:0,xpos:0.000000,ypos:0.000000,xspeed:6.650000,yspeed:5.610000,angle:-15.570000,distense:24.000000,rcs:22.000000
