timestame:1619471451.183000000,objid:3,type:0,xpos:0.000000,ypos:0.000000,xspeed:-2.320000,yspeed:-0.140000,angle:-6.380000,distense:102.600000,rcs:13.000000
timestame:1619471451.183000000,objid:11,type:0,xpos:0.000000,ypos:0.000000,xspeed:-1.870000,yspeed:0.330000,angle:-7.580000,distense:94.200000,rcs:12.000000
timestame:1619471451.183000000,objid:13,type:0,xpos:0.000000,ypos:0.000000,xspeed:-3.740000,yspeed:-0.140000,angle:20.620000,distense:37.800000,rcs:16.000000
