timestame:1619471222.763000000,objid:0,type:0,xpos:0.000000,ypos:0.000000,xspeed:1.830000,yspeed:0.340000,angle:1.700000,distense:57.400000,rcs:12.000000
timestame:1619471222.763000000,objid:1,type:0,xpos:0.000000,ypos:0.000000,xspeed:5.780000,yspeed:-4.800000,angle:-6.870000,distense:24.800000,rcs:22.000000
timestame:1619471222.763000000,objid:6,type:0,xpos:0.000000,ypos:0.000000,xspeed:4.210000,yspeed:0.250000,angle:2.360000,distense:61.800000,rcs:9.000000
timestame:1619471222.763000000,objid:9,type:0,xpos:0.000000,ypos:0.000000,xspeed:4.240000,yspeed:0.350000,angle:3.050000,distense:43.000000,rcs:44.000000
