timestame:1619470563.440000000,objid:1,type:0,xpos:0.000000,ypos:0.000000,xspeed:6.750000,yspeed:-0.530000,angle:3.340000,distense:205.200000,rcs:9.000000
timestame:1619470563.440000000,objid:2,type:0,xpos:0.000000,ypos:0.000000,xspeed:-14.210000,yspeed:-3.320000,angle:-10.630000,distense:13.400000,rcs:9.000000
timestame:1619470563.440000000,objid:3,type:0,xpos:0.000000,ypos:0.000000,xspeed:10.750000,yspeed:0.160000,angle:1.600000,distense:99.200000,rcs:28.000000
timestame:1619470563.440000000,objid:5,type:0,xpos:0.000000,ypos:0.000000,xspeed:7.600000,yspeed:-4.840000,angle:1.560000,distense:216.400000,rcs:6.000000
