timestame:1619470610.117000000,objid:0,type:0,xpos:0.000000,ypos:0.000000,xspeed:6.830000,yspeed:5.010000,angle:-16.160000,distense:28.800000,rcs:6.000000
timestame:1619470610.117000000,objid:2,type:0,xpos:0.000000,ypos:0.000000,xspeed:7.040000,yspeed:1.280000,angle:17.400000,distense:33.600000,rcs:6.000000
