timestame:1619470838.765000000,objid:2,type:0,xpos:0.000000,ypos:0.000000,xspeed:4.000000,yspeed:2.380000,angle:-17.210000,distense:36.200000,rcs:19.000000
timestame:1619470838.765000000,objid:3,type:0,xpos:0.000000,ypos:0.000000,xspeed:2.590000,yspeed:1.520000,angle:-14.620000,distense:34.200000,rcs:20.000000
timestame:1619470838.765000000,objid:4,type:0,xpos:0.000000,ypos:0.000000,xspeed:1.140000,yspeed:5.610000,angle:-1.930000,distense:46.400000,rcs:12.000000
timestame:1619470838.765000000,objid:7,type:0,xpos:0.000000,ypos:0.000000,xspeed:12.920000,yspeed:0.390000,angle:2.500000,distense:187.200000,rcs:27.000000
