timestame:1619470709.516000000,objid:1,type:0,xpos:0.000000,ypos:0.000000,xspeed:12.930000,yspeed:0.290000,angle:2.160000,distense:209.000000,rcs:12.000000
timestame:1619470709.516000000,objid:2,type:0,xpos:0.000000,ypos:0.000000,xspeed:3.720000,yspeed:0.510000,angle:20.890000,distense:24.400000,rcs:20.000000
timestame:1619470709.516000000,objid:6,type:0,xpos:0.000000,ypos:0.000000,xspeed:6.830000,yspeed:6.040000,angle:20.860000,distense:17.600000,rcs:16.000000
timestame:1619470709.516000000,objid:7,type:0,xpos:0.000000,ypos:0.000000,xspeed:10.420000,yspeed:3.790000,angle:-15.750000,distense:29.800000,rcs:25.000000
