timestame:1619470795.655000000,objid:3,type:0,xpos:0.000000,ypos:0.000000,xspeed:2.590000,yspeed:1.270000,angle:11.730000,distense:46.600000,rcs:26.000000
timestame:1619470795.655000000,objid:5,type:0,xpos:0.000000,ypos:0.000000,xspeed:2.640000,yspeed:-11.010000,angle:-18.000000,distense:62.000000,rcs:9.000000
timestame:1619470795.655000000,objid:12,type:0,xpos:0.000000,ypos:0.000000,xspeed:1.800000,yspeed:-11.440000,angle:-18.000000,distense:58.400000,rcs:22.000000
