timestame:1619471229.748000000,objid:0,type:0,xpos:0.000000,ypos:0.000000,xspeed:6.340000,yspeed:0.390000,angle:2.380000,distense:93.400000,rcs:9.000000
timestame:1619471229.748000000,objid:1,type:0,xpos:0.000000,ypos:0.000000,xspeed:3.490000,yspeed:-4.920000,angle:-18.000000,distense:62.200000,rcs:13.000000
timestame:1619471229.748000000,objid:9,type:0,xpos:0.000000,ypos:0.000000,xspeed:6.510000,yspeed:0.140000,angle:2.070000,distense:84.800000,rcs:35.000000
