timestame:1619471164.234000000,objid:0,type:0,xpos:0.000000,ypos:0.000000,xspeed:-8.540000,yspeed:6.230000,angle:-2.700000,distense:166.000000,rcs:19.000000
timestame:1619471164.234000000,objid:3,type:0,xpos:0.000000,ypos:0.000000,xspeed:3.350000,yspeed:4.990000,angle:-9.180000,distense:43.200000,rcs:16.000000
timestame:1619471164.234000000,objid:5,type:0,xpos:0.000000,ypos:0.000000,xspeed:2.420000,yspeed:5.570000,angle:-2.420000,distense:50.800000,rcs:6.000000
timestame:1619471164.234000000,objid:8,type:0,xpos:0.000000,ypos:0.000000,xspeed:3.020000,yspeed:4.490000,angle:-7.560000,distense:45.200000,rcs:6.000000
