timestame:1619470288.384000000,objid:2,type:0,xpos:0.000000,ypos:0.000000,xspeed:-12.390000,yspeed:-0.150000,angle:-9.870000,distense:88.800000,rcs:19.000000
timestame:1619470288.384000000,objid:5,type:0,xpos:0.000000,ypos:0.000000,xspeed:-5.750000,yspeed:-0.460000,angle:-18.000000,distense:35.200000,rcs:30.000000
timestame:1619470288.384000000,objid:7,type:0,xpos:0.000000,ypos:0.000000,xspeed:-5.540000,yspeed:-0.490000,angle:-18.000000,distense:31.000000,rcs:23.000000
timestame:1619470288.384000000,objid:11,type:0,xpos:0.000000,ypos:0.000000,xspeed:-5.610000,yspeed:-0.370000,angle:-18.000000,distense:25.400000,rcs:6.000000
