timestame:1619469998.824000000,objid:11,type:0,xpos:0.000000,ypos:0.000000,xspeed:-1.760000,yspeed:-0.890000,angle:-18.000000,distense:32.200000,rcs:6.000000
timestame:1619469998.824000000,objid:14,type:0,xpos:0.000000,ypos:0.000000,xspeed:-2.340000,yspeed:0.000000,angle:-13.590000,distense:57.200000,rcs:9.000000
timestame:1619469998.824000000,objid:15,type:0,xpos:0.000000,ypos:0.000000,xspeed:-1.440000,yspeed:-1.670000,angle:-18.000000,distense:34.600000,rcs:20.000000
timestame:1619469998.824000000,objid:17,type:0,xpos:0.000000,ypos:0.000000,xspeed:1.650000,yspeed:6.100000,angle:-6.710000,distense:54.200000,rcs:9.000000
