timestame:1619469578.752000000,objid:1,type:0,xpos:0.000000,ypos:0.000000,xspeed:-6.190000,yspeed:-1.190000,angle:-7.880000,distense:114.600000,rcs:9.000000
timestame:1619469578.752000000,objid:3,type:0,xpos:0.000000,ypos:0.000000,xspeed:-6.300000,yspeed:-0.290000,angle:-8.840000,distense:104.400000,rcs:21.000000
timestame:1619469578.752000000,objid:5,type:0,xpos:0.000000,ypos:0.000000,xspeed:-6.390000,yspeed:-0.290000,angle:-9.080000,distense:101.000000,rcs:15.000000
