timestame:1619469633.005000000,objid:1,type:0,xpos:0.000000,ypos:0.000000,xspeed:-14.840000,yspeed:-2.960000,angle:1.390000,distense:7.000000,rcs:6.000000
timestame:1619469633.005000000,objid:6,type:0,xpos:0.000000,ypos:0.000000,xspeed:-9.010000,yspeed:0.020000,angle:-7.860000,distense:59.200000,rcs:19.000000
