timestame:1619470840.064000000,objid:2,type:0,xpos:0.000000,ypos:0.000000,xspeed:3.860000,yspeed:2.290000,angle:-16.220000,distense:41.800000,rcs:6.000000
timestame:1619470840.064000000,objid:3,type:0,xpos:0.000000,ypos:0.000000,xspeed:2.810000,yspeed:2.280000,angle:-12.570000,distense:39.600000,rcs:15.000000
timestame:1619470840.064000000,objid:7,type:0,xpos:0.000000,ypos:0.000000,xspeed:13.260000,yspeed:0.340000,angle:2.370000,distense:205.200000,rcs:31.000000
