timestame:1619469994.345000000,objid:6,type:0,xpos:0.000000,ypos:0.000000,xspeed:-5.790000,yspeed:3.130000,angle:20.160000,distense:52.200000,rcs:9.000000
timestame:1619469994.345000000,objid:8,type:0,xpos:0.000000,ypos:0.000000,xspeed:1.080000,yspeed:3.320000,angle:-4.130000,distense:40.600000,rcs:6.000000
timestame:1619469994.345000000,objid:15,type:0,xpos:0.000000,ypos:0.000000,xspeed:-1.210000,yspeed:-2.450000,angle:-15.180000,distense:37.000000,rcs:25.000000
timestame:1619469994.345000000,objid:24,type:0,xpos:0.000000,ypos:0.000000,xspeed:2.870000,yspeed:2.170000,angle:-14.140000,distense:36.400000,rcs:9.000000
