timestame:1619469774.768000000,objid:1,type:0,xpos:0.000000,ypos:0.000000,xspeed:3.390000,yspeed:3.240000,angle:-11.490000,distense:36.800000,rcs:16.000000
timestame:1619469774.768000000,objid:3,type:0,xpos:0.000000,ypos:0.000000,xspeed:2.830000,yspeed:1.010000,angle:21.830000,distense:18.600000,rcs:32.000000
timestame:1619469774.768000000,objid:4,type:0,xpos:0.000000,ypos:0.000000,xspeed:6.770000,yspeed:2.640000,angle:-16.330000,distense:26.600000,rcs:19.000000
timestame:1619469774.768000000,objid:10,type:0,xpos:0.000000,ypos:0.000000,xspeed:12.500000,yspeed:6.360000,angle:-18.000000,distense:43.800000,rcs:9.000000
