timestame:1619469927.984000000,objid:1,type:0,xpos:0.000000,ypos:0.000000,xspeed:6.960000,yspeed:0.040000,angle:1.360000,distense:181.600000,rcs:6.000000
timestame:1619469927.984000000,objid:8,type:0,xpos:0.000000,ypos:0.000000,xspeed:7.130000,yspeed:0.070000,angle:1.230000,distense:175.200000,rcs:24.000000
