timestame:1619469889.158000000,objid:1,type:0,xpos:0.000000,ypos:0.000000,xspeed:1.020000,yspeed:-0.050000,angle:1.850000,distense:19.200000,rcs:44.000000
timestame:1619469889.158000000,objid:2,type:0,xpos:0.000000,ypos:0.000000,xspeed:-3.370000,yspeed:-0.200000,angle:-12.710000,distense:60.200000,rcs:23.000000
timestame:1619469889.158000000,objid:5,type:0,xpos:0.000000,ypos:0.000000,xspeed:-2.730000,yspeed:-0.090000,angle:-16.550000,distense:60.400000,rcs:22.000000
timestame:1619469889.158000000,objid:16,type:0,xpos:0.000000,ypos:0.000000,xspeed:-3.530000,yspeed:-0.230000,angle:-10.600000,distense:70.600000,rcs:20.000000
