timestame:1619469566.282000000,objid:5,type:0,xpos:0.000000,ypos:0.000000,xspeed:-1.180000,yspeed:-2.250000,angle:-11.300000,distense:49.600000,rcs:12.000000
timestame:1619469566.282000000,objid:6,type:0,xpos:0.000000,ypos:0.000000,xspeed:-10.810000,yspeed:-2.640000,angle:-4.200000,distense:200.200000,rcs:15.000000
timestame:1619469566.282000000,objid:15,type:0,xpos:0.000000,ypos:0.000000,xspeed:-4.050000,yspeed:8.870000,angle:20.730000,distense:55.800000,rcs:6.000000
