timestame:1619471262.541000000,objid:2,type:0,xpos:0.000000,ypos:0.000000,xspeed:12.710000,yspeed:0.100000,angle:3.320000,distense:106.800000,rcs:26.000000
timestame:1619471262.541000000,objid:6,type:0,xpos:0.000000,ypos:0.000000,xspeed:12.690000,yspeed:-0.200000,angle:2.980000,distense:118.800000,rcs:20.000000
timestame:1619471262.541000000,objid:10,type:0,xpos:0.000000,ypos:0.000000,xspeed:12.680000,yspeed:0.120000,angle:3.760000,distense:94.600000,rcs:30.000000
