timestame:1619470224.980000000,objid:6,type:0,xpos:0.000000,ypos:0.000000,xspeed:-1.620000,yspeed:3.090000,angle:12.820000,distense:49.200000,rcs:6.000000
timestame:1619470224.980000000,objid:7,type:0,xpos:0.000000,ypos:0.000000,xspeed:1.680000,yspeed:0.940000,angle:-9.720000,distense:50.400000,rcs:6.000000
timestame:1619470224.980000000,objid:9,type:0,xpos:0.000000,ypos:0.000000,xspeed:-2.160000,yspeed:5.820000,angle:15.120000,distense:38.000000,rcs:6.000000
