timestame:1619470492.960000000,objid:2,type:0,xpos:0.000000,ypos:0.000000,xspeed:1.510000,yspeed:-5.540000,angle:14.920000,distense:56.800000,rcs:12.000000
timestame:1619470492.960000000,objid:3,type:0,xpos:0.000000,ypos:0.000000,xspeed:1.730000,yspeed:-4.580000,angle:9.530000,distense:45.000000,rcs:31.000000
