timestame:1619470838.396000000,objid:2,type:0,xpos:0.000000,ypos:0.000000,xspeed:4.230000,yspeed:2.200000,angle:22.930000,distense:34.800000,rcs:12.000000
timestame:1619470838.396000000,objid:3,type:0,xpos:0.000000,ypos:0.000000,xspeed:2.510000,yspeed:1.550000,angle:-14.590000,distense:33.000000,rcs:23.000000
timestame:1619470838.396000000,objid:4,type:0,xpos:0.000000,ypos:0.000000,xspeed:1.420000,yspeed:5.610000,angle:-3.840000,distense:45.000000,rcs:9.000000
timestame:1619470838.396000000,objid:7,type:0,xpos:0.000000,ypos:0.000000,xspeed:13.010000,yspeed:0.480000,angle:2.590000,distense:182.600000,rcs:24.000000
