timestame:1619470768.645000000,objid:0,type:0,xpos:0.000000,ypos:0.000000,xspeed:-12.400000,yspeed:-1.360000,angle:-5.340000,distense:168.000000,rcs:13.000000
timestame:1619470768.645000000,objid:1,type:0,xpos:0.000000,ypos:0.000000,xspeed:10.870000,yspeed:0.420000,angle:2.360000,distense:71.000000,rcs:20.000000
timestame:1619470768.645000000,objid:2,type:0,xpos:0.000000,ypos:0.000000,xspeed:-21.710000,yspeed:-2.280000,angle:-4.310000,distense:164.000000,rcs:13.000000
