timestame:1619469823.467000000,objid:2,type:0,xpos:0.000000,ypos:0.000000,xspeed:-1.860000,yspeed:-4.070000,angle:-15.390000,distense:40.800000,rcs:21.000000
timestame:1619469823.467000000,objid:11,type:0,xpos:0.000000,ypos:0.000000,xspeed:-4.010000,yspeed:0.160000,angle:-6.040000,distense:133.800000,rcs:15.000000
