timestame:1619471449.193000000,objid:3,type:0,xpos:0.000000,ypos:0.000000,xspeed:-3.270000,yspeed:-0.070000,angle:-5.990000,distense:106.200000,rcs:16.000000
timestame:1619471449.193000000,objid:11,type:0,xpos:0.000000,ypos:0.000000,xspeed:-2.750000,yspeed:-0.600000,angle:-8.520000,distense:97.200000,rcs:19.000000
timestame:1619471449.193000000,objid:13,type:0,xpos:0.000000,ypos:0.000000,xspeed:-3.450000,yspeed:0.000000,angle:17.410000,distense:45.000000,rcs:20.000000
