timestame:1619470789.595000000,objid:0,type:0,xpos:0.000000,ypos:0.000000,xspeed:1.350000,yspeed:-0.170000,angle:0.980000,distense:16.400000,rcs:32.000000
timestame:1619470789.595000000,objid:1,type:0,xpos:0.000000,ypos:0.000000,xspeed:-3.670000,yspeed:-1.260000,angle:-18.000000,distense:24.400000,rcs:6.000000
