timestame:1619470886.804000000,objid:0,type:0,xpos:0.000000,ypos:0.000000,xspeed:-2.520000,yspeed:9.790000,angle:-1.790000,distense:41.600000,rcs:6.000000
timestame:1619470886.804000000,objid:3,type:0,xpos:0.000000,ypos:0.000000,xspeed:-2.060000,yspeed:-3.520000,angle:-18.000000,distense:34.400000,rcs:20.000000
timestame:1619470886.804000000,objid:12,type:0,xpos:0.000000,ypos:0.000000,xspeed:-3.980000,yspeed:-7.650000,angle:-18.000000,distense:62.600000,rcs:9.000000
