timestame:1619470736.173000000,objid:0,type:0,xpos:0.000000,ypos:0.000000,xspeed:-23.010000,yspeed:-4.040000,angle:-3.720000,distense:180.000000,rcs:6.000000
timestame:1619470736.173000000,objid:1,type:0,xpos:0.000000,ypos:0.000000,xspeed:11.980000,yspeed:-0.170000,angle:1.440000,distense:100.200000,rcs:9.000000
timestame:1619470736.173000000,objid:6,type:0,xpos:0.000000,ypos:0.000000,xspeed:12.030000,yspeed:0.120000,angle:1.750000,distense:89.400000,rcs:44.000000
