timestame:1619471407.325000000,objid:5,type:0,xpos:0.000000,ypos:0.000000,xspeed:2.030000,yspeed:0.000000,angle:19.410000,distense:41.200000,rcs:13.000000
timestame:1619471407.325000000,objid:9,type:0,xpos:0.000000,ypos:0.000000,xspeed:-1.200000,yspeed:6.390000,angle:15.500000,distense:40.400000,rcs:6.000000
timestame:1619471407.325000000,objid:11,type:0,xpos:0.000000,ypos:0.000000,xspeed:-13.820000,yspeed:-9.740000,angle:1.030000,distense:140.600000,rcs:6.000000
