timestame:1619470533.480000000,objid:0,type:0,xpos:0.000000,ypos:0.000000,xspeed:6.380000,yspeed:3.180000,angle:20.950000,distense:18.600000,rcs:18.000000
timestame:1619470533.480000000,objid:2,type:0,xpos:0.000000,ypos:0.000000,xspeed:-8.470000,yspeed:-1.610000,angle:-7.550000,distense:117.400000,rcs:12.000000
timestame:1619470533.480000000,objid:3,type:0,xpos:0.000000,ypos:0.000000,xspeed:-3.430000,yspeed:-4.630000,angle:-8.370000,distense:110.200000,rcs:12.000000
timestame:1619470533.480000000,objid:4,type:0,xpos:0.000000,ypos:0.000000,xspeed:5.530000,yspeed:0.000000,angle:-14.170000,distense:20.200000,rcs:13.000000
