timestame:1619470708.155000000,objid:1,type:0,xpos:0.000000,ypos:0.000000,xspeed:12.410000,yspeed:0.210000,angle:2.200000,distense:191.200000,rcs:13.000000
timestame:1619470708.155000000,objid:2,type:0,xpos:0.000000,ypos:0.000000,xspeed:3.330000,yspeed:1.310000,angle:-14.770000,distense:19.400000,rcs:12.000000
timestame:1619470708.155000000,objid:3,type:0,xpos:0.000000,ypos:0.000000,xspeed:22.600000,yspeed:11.540000,angle:20.440000,distense:28.200000,rcs:26.000000
timestame:1619470708.155000000,objid:7,type:0,xpos:0.000000,ypos:0.000000,xspeed:14.550000,yspeed:-17.160000,angle:-10.140000,distense:15.800000,rcs:18.000000
