timestame:1619469690.375000000,objid:2,type:0,xpos:0.000000,ypos:0.000000,xspeed:1.380000,yspeed:-7.820000,angle:-1.850000,distense:57.800000,rcs:19.000000
timestame:1619469690.375000000,objid:5,type:0,xpos:0.000000,ypos:0.000000,xspeed:1.830000,yspeed:-6.130000,angle:1.030000,distense:58.800000,rcs:6.000000
timestame:1619469690.375000000,objid:10,type:0,xpos:0.000000,ypos:0.000000,xspeed:1.100000,yspeed:2.650000,angle:-4.320000,distense:50.800000,rcs:6.000000
timestame:1619469690.375000000,objid:13,type:0,xpos:0.000000,ypos:0.000000,xspeed:-1.820000,yspeed:6.680000,angle:0.660000,distense:35.600000,rcs:20.000000
