timestame:1619471314.729000000,objid:1,type:0,xpos:0.000000,ypos:0.000000,xspeed:-15.180000,yspeed:-1.040000,angle:-4.340000,distense:154.800000,rcs:19.000000
timestame:1619471314.729000000,objid:2,type:0,xpos:0.000000,ypos:0.000000,xspeed:-4.060000,yspeed:6.970000,angle:-17.980000,distense:36.200000,rcs:12.000000
timestame:1619471314.729000000,objid:4,type:0,xpos:0.000000,ypos:0.000000,xspeed:-1.420000,yspeed:5.530000,angle:22.110000,distense:36.600000,rcs:6.000000
