timestame:1619470444.006000000,objid:1,type:0,xpos:0.000000,ypos:0.000000,xspeed:17.020000,yspeed:0.250000,angle:1.690000,distense:125.400000,rcs:15.000000
timestame:1619470444.006000000,objid:2,type:0,xpos:0.000000,ypos:0.000000,xspeed:3.960000,yspeed:-0.060000,angle:8.160000,distense:90.600000,rcs:20.000000
