timestame:1619470104.367000000,objid:6,type:0,xpos:0.000000,ypos:0.000000,xspeed:-2.730000,yspeed:0.050000,angle:15.700000,distense:26.400000,rcs:19.000000
timestame:1619470104.367000000,objid:9,type:0,xpos:0.000000,ypos:0.000000,xspeed:4.360000,yspeed:0.650000,angle:21.320000,distense:21.200000,rcs:20.000000
timestame:1619470104.367000000,objid:11,type:0,xpos:0.000000,ypos:0.000000,xspeed:1.840000,yspeed:0.730000,angle:14.290000,distense:20.000000,rcs:15.000000
