timestame:1619469759.332000000,objid:2,type:0,xpos:0.000000,ypos:0.000000,xspeed:4.600000,yspeed:3.270000,angle:-15.150000,distense:38.400000,rcs:15.000000
timestame:1619469759.332000000,objid:7,type:0,xpos:0.000000,ypos:0.000000,xspeed:8.590000,yspeed:5.080000,angle:-9.790000,distense:52.400000,rcs:6.000000
