timestame:1619471461.120000000,objid:1,type:0,xpos:0.000000,ypos:0.000000,xspeed:-6.030000,yspeed:-1.450000,angle:-5.190000,distense:123.800000,rcs:6.000000
timestame:1619471461.120000000,objid:3,type:0,xpos:0.000000,ypos:0.000000,xspeed:-7.940000,yspeed:-2.130000,angle:-4.850000,distense:190.400000,rcs:9.000000
