timestame:1619470489.282000000,objid:1,type:0,xpos:0.000000,ypos:0.000000,xspeed:-5.660000,yspeed:0.800000,angle:-18.000000,distense:37.000000,rcs:6.000000
timestame:1619470489.282000000,objid:4,type:0,xpos:0.000000,ypos:0.000000,xspeed:-1.620000,yspeed:2.170000,angle:-16.330000,distense:45.200000,rcs:18.000000
timestame:1619470489.282000000,objid:5,type:0,xpos:0.000000,ypos:0.000000,xspeed:-3.760000,yspeed:-2.590000,angle:-18.000000,distense:30.400000,rcs:6.000000
timestame:1619470489.282000000,objid:6,type:0,xpos:0.000000,ypos:0.000000,xspeed:-3.140000,yspeed:-4.270000,angle:-18.000000,distense:35.000000,rcs:6.000000
