timestame:1619470734.252000000,objid:1,type:0,xpos:0.000000,ypos:0.000000,xspeed:12.100000,yspeed:0.150000,angle:2.480000,distense:78.000000,rcs:13.000000
timestame:1619470734.252000000,objid:6,type:0,xpos:0.000000,ypos:0.000000,xspeed:12.440000,yspeed:0.560000,angle:2.540000,distense:67.600000,rcs:36.000000
