timestame:1619469714.746000000,objid:1,type:0,xpos:0.000000,ypos:0.000000,xspeed:-2.150000,yspeed:6.740000,angle:-17.760000,distense:37.000000,rcs:16.000000
timestame:1619469714.746000000,objid:3,type:0,xpos:0.000000,ypos:0.000000,xspeed:14.000000,yspeed:-0.990000,angle:0.940000,distense:156.000000,rcs:13.000000
timestame:1619469714.746000000,objid:6,type:0,xpos:0.000000,ypos:0.000000,xspeed:-1.590000,yspeed:7.090000,angle:21.850000,distense:37.200000,rcs:9.000000
