timestame:1619470481.394000000,objid:1,type:0,xpos:0.000000,ypos:0.000000,xspeed:-4.730000,yspeed:0.170000,angle:-6.980000,distense:93.000000,rcs:18.000000
timestame:1619470481.394000000,objid:2,type:0,xpos:0.000000,ypos:0.000000,xspeed:1.700000,yspeed:-0.390000,angle:10.930000,distense:81.400000,rcs:6.000000
timestame:1619470481.394000000,objid:6,type:0,xpos:0.000000,ypos:0.000000,xspeed:-7.110000,yspeed:-2.230000,angle:-6.330000,distense:99.400000,rcs:15.000000
