timestame:1619470562.632000000,objid:1,type:0,xpos:0.000000,ypos:0.000000,xspeed:6.370000,yspeed:-0.480000,angle:3.620000,distense:199.000000,rcs:16.000000
timestame:1619470562.632000000,objid:2,type:0,xpos:0.000000,ypos:0.000000,xspeed:6.520000,yspeed:-4.330000,angle:2.050000,distense:215.000000,rcs:6.000000
timestame:1619470562.632000000,objid:3,type:0,xpos:0.000000,ypos:0.000000,xspeed:10.110000,yspeed:0.210000,angle:1.750000,distense:89.200000,rcs:39.000000
timestame:1619470562.632000000,objid:5,type:0,xpos:0.000000,ypos:0.000000,xspeed:7.280000,yspeed:0.000000,angle:2.710000,distense:210.200000,rcs:6.000000
