timestame:1619469646.535000000,objid:2,type:0,xpos:0.000000,ypos:0.000000,xspeed:12.780000,yspeed:0.730000,angle:5.090000,distense:85.200000,rcs:22.000000
timestame:1619469646.535000000,objid:13,type:0,xpos:0.000000,ypos:0.000000,xspeed:15.190000,yspeed:0.670000,angle:2.350000,distense:143.600000,rcs:38.000000
timestame:1619469646.535000000,objid:14,type:0,xpos:0.000000,ypos:0.000000,xspeed:12.890000,yspeed:0.420000,angle:4.950000,distense:82.200000,rcs:29.000000
