timestame:1619469920.234000000,objid:1,type:0,xpos:0.000000,ypos:0.000000,xspeed:5.730000,yspeed:-0.080000,angle:1.190000,distense:130.800000,rcs:18.000000
timestame:1619469920.234000000,objid:8,type:0,xpos:0.000000,ypos:0.000000,xspeed:5.760000,yspeed:0.100000,angle:1.510000,distense:124.000000,rcs:30.000000
