timestame:1619470992.222000000,objid:3,type:0,xpos:0.000000,ypos:0.000000,xspeed:5.400000,yspeed:-0.090000,angle:6.490000,distense:113.600000,rcs:6.000000
timestame:1619470992.222000000,objid:4,type:0,xpos:0.000000,ypos:0.000000,xspeed:-13.690000,yspeed:-0.540000,angle:-18.000000,distense:28.200000,rcs:6.000000
