timestame:1619469529.429000000,objid:1,type:0,xpos:0.000000,ypos:0.000000,xspeed:1.850000,yspeed:-3.750000,angle:-18.000000,distense:68.200000,rcs:9.000000
timestame:1619469529.429000000,objid:11,type:0,xpos:0.000000,ypos:0.000000,xspeed:1.240000,yspeed:-4.600000,angle:-18.000000,distense:78.600000,rcs:6.000000
