timestame:1619470963.244000000,objid:0,type:0,xpos:0.000000,ypos:0.000000,xspeed:3.640000,yspeed:0.120000,angle:6.660000,distense:48.800000,rcs:37.000000
timestame:1619470963.244000000,objid:6,type:0,xpos:0.000000,ypos:0.000000,xspeed:10.110000,yspeed:0.500000,angle:1.940000,distense:94.600000,rcs:30.000000
timestame:1619470963.244000000,objid:9,type:0,xpos:0.000000,ypos:0.000000,xspeed:9.700000,yspeed:0.190000,angle:2.240000,distense:112.600000,rcs:9.000000
timestame:1619470963.244000000,objid:12,type:0,xpos:0.000000,ypos:0.000000,xspeed:3.160000,yspeed:0.020000,angle:5.230000,distense:58.600000,rcs:29.000000
