timestame:1619470488.778000000,objid:1,type:0,xpos:0.000000,ypos:0.000000,xspeed:-4.210000,yspeed:4.020000,angle:-18.000000,distense:39.400000,rcs:9.000000
timestame:1619470488.778000000,objid:4,type:0,xpos:0.000000,ypos:0.000000,xspeed:-1.130000,yspeed:8.740000,angle:-17.360000,distense:45.800000,rcs:23.000000
timestame:1619470488.778000000,objid:5,type:0,xpos:0.000000,ypos:0.000000,xspeed:-4.480000,yspeed:-3.020000,angle:-18.000000,distense:30.600000,rcs:6.000000
timestame:1619470488.778000000,objid:6,type:0,xpos:0.000000,ypos:0.000000,xspeed:-2.560000,yspeed:-4.040000,angle:-18.000000,distense:36.000000,rcs:28.000000
