timestame:1619471238.010000000,objid:0,type:0,xpos:0.000000,ypos:0.000000,xspeed:8.040000,yspeed:0.020000,angle:1.210000,distense:158.000000,rcs:6.000000
timestame:1619471238.010000000,objid:9,type:0,xpos:0.000000,ypos:0.000000,xspeed:8.830000,yspeed:-0.030000,angle:1.150000,distense:150.000000,rcs:16.000000
