timestame:1619469930.093000000,objid:1,type:0,xpos:0.000000,ypos:0.000000,xspeed:7.860000,yspeed:0.250000,angle:1.480000,distense:199.200000,rcs:9.000000
timestame:1619469930.093000000,objid:8,type:0,xpos:0.000000,ypos:0.000000,xspeed:7.770000,yspeed:0.090000,angle:1.150000,distense:192.400000,rcs:25.000000
