timestame:1619471077.902000000,objid:1,type:0,xpos:0.000000,ypos:0.000000,xspeed:-7.040000,yspeed:-0.330000,angle:-18.000000,distense:52.200000,rcs:31.000000
timestame:1619471077.902000000,objid:3,type:0,xpos:0.000000,ypos:0.000000,xspeed:-9.410000,yspeed:-0.280000,angle:-12.090000,distense:58.600000,rcs:33.000000
timestame:1619471077.902000000,objid:5,type:0,xpos:0.000000,ypos:0.000000,xspeed:-10.170000,yspeed:-0.630000,angle:-18.000000,distense:37.400000,rcs:22.000000
timestame:1619471077.902000000,objid:6,type:0,xpos:0.000000,ypos:0.000000,xspeed:-5.940000,yspeed:-0.720000,angle:-18.000000,distense:47.600000,rcs:15.000000
