timestame:1619471006.625000000,objid:2,type:0,xpos:0.000000,ypos:0.000000,xspeed:-6.830000,yspeed:2.010000,angle:-8.120000,distense:107.000000,rcs:18.000000
timestame:1619471006.625000000,objid:7,type:0,xpos:0.000000,ypos:0.000000,xspeed:-2.470000,yspeed:8.110000,angle:-18.000000,distense:45.800000,rcs:9.000000
timestame:1619471006.625000000,objid:9,type:0,xpos:0.000000,ypos:0.000000,xspeed:-7.250000,yspeed:0.360000,angle:-8.390000,distense:109.400000,rcs:19.000000
