timestame:1619471320.509000000,objid:0,type:0,xpos:0.000000,ypos:0.000000,xspeed:1.140000,yspeed:-9.300000,angle:19.150000,distense:48.800000,rcs:25.000000
timestame:1619471320.509000000,objid:1,type:0,xpos:0.000000,ypos:0.000000,xspeed:-7.010000,yspeed:-0.420000,angle:-6.630000,distense:98.200000,rcs:16.000000
timestame:1619471320.509000000,objid:3,type:0,xpos:0.000000,ypos:0.000000,xspeed:-14.820000,yspeed:-0.300000,angle:-3.490000,distense:177.400000,rcs:6.000000
timestame:1619471320.509000000,objid:4,type:0,xpos:0.000000,ypos:0.000000,xspeed:-16.470000,yspeed:-3.460000,angle:-3.470000,distense:182.800000,rcs:6.000000
