timestame:1619469619.568000000,objid:1,type:0,xpos:0.000000,ypos:0.000000,xspeed:-2.190000,yspeed:0.100000,angle:-13.290000,distense:71.600000,rcs:22.000000
timestame:1619469619.568000000,objid:3,type:0,xpos:0.000000,ypos:0.000000,xspeed:-1.770000,yspeed:-0.040000,angle:-10.980000,distense:85.400000,rcs:19.000000
timestame:1619469619.568000000,objid:4,type:0,xpos:0.000000,ypos:0.000000,xspeed:-16.470000,yspeed:1.460000,angle:-4.530000,distense:118.400000,rcs:16.000000
