timestame:1619471087.387000000,objid:0,type:0,xpos:0.000000,ypos:0.000000,xspeed:8.500000,yspeed:0.390000,angle:1.690000,distense:65.800000,rcs:33.000000
timestame:1619471087.387000000,objid:1,type:0,xpos:0.000000,ypos:0.000000,xspeed:8.200000,yspeed:0.320000,angle:10.460000,distense:19.800000,rcs:20.000000
timestame:1619471087.387000000,objid:4,type:0,xpos:0.000000,ypos:0.000000,xspeed:-23.380000,yspeed:-0.940000,angle:-6.640000,distense:104.800000,rcs:9.000000
timestame:1619471087.387000000,objid:11,type:0,xpos:0.000000,ypos:0.000000,xspeed:3.380000,yspeed:0.100000,angle:2.340000,distense:26.600000,rcs:40.000000
