timestame:1619471449.936000000,objid:3,type:0,xpos:0.000000,ypos:0.000000,xspeed:-2.930000,yspeed:-0.030000,angle:-6.050000,distense:104.600000,rcs:19.000000
timestame:1619471449.936000000,objid:11,type:0,xpos:0.000000,ypos:0.000000,xspeed:-2.390000,yspeed:-0.250000,angle:-8.330000,distense:95.800000,rcs:6.000000
timestame:1619471449.936000000,objid:13,type:0,xpos:0.000000,ypos:0.000000,xspeed:-3.510000,yspeed:0.060000,angle:18.760000,distense:42.400000,rcs:12.000000
