timestame:1619470497.312000000,objid:2,type:0,xpos:0.000000,ypos:0.000000,xspeed:-1.020000,yspeed:-4.020000,angle:-16.340000,distense:41.400000,rcs:32.000000
timestame:1619470497.312000000,objid:6,type:0,xpos:0.000000,ypos:0.000000,xspeed:-1.310000,yspeed:3.350000,angle:-8.710000,distense:47.000000,rcs:16.000000
timestame:1619470497.312000000,objid:7,type:0,xpos:0.000000,ypos:0.000000,xspeed:-1.860000,yspeed:-3.460000,angle:-14.420000,distense:47.800000,rcs:12.000000
