timestame:1619470027.071000000,objid:1,type:0,xpos:0.000000,ypos:0.000000,xspeed:3.880000,yspeed:1.580000,angle:1.400000,distense:17.200000,rcs:16.000000
timestame:1619470027.071000000,objid:2,type:0,xpos:0.000000,ypos:0.000000,xspeed:5.970000,yspeed:0.480000,angle:2.630000,distense:31.800000,rcs:36.000000
