timestame:1619470704.434000000,objid:0,type:0,xpos:0.000000,ypos:0.000000,xspeed:3.650000,yspeed:3.250000,angle:-14.770000,distense:38.800000,rcs:9.000000
timestame:1619470704.434000000,objid:1,type:0,xpos:0.000000,ypos:0.000000,xspeed:11.110000,yspeed:0.000000,angle:2.610000,distense:145.000000,rcs:6.000000
timestame:1619470704.434000000,objid:2,type:0,xpos:0.000000,ypos:0.000000,xspeed:-7.680000,yspeed:-1.130000,angle:-18.000000,distense:71.200000,rcs:6.000000
