timestame:1619471221.404000000,objid:0,type:0,xpos:0.000000,ypos:0.000000,xspeed:1.020000,yspeed:0.560000,angle:1.600000,distense:54.200000,rcs:12.000000
timestame:1619471221.404000000,objid:6,type:0,xpos:0.000000,ypos:0.000000,xspeed:3.820000,yspeed:0.210000,angle:2.340000,distense:55.600000,rcs:16.000000
timestame:1619471221.404000000,objid:9,type:0,xpos:0.000000,ypos:0.000000,xspeed:3.860000,yspeed:0.200000,angle:2.690000,distense:36.800000,rcs:39.000000
timestame:1619471221.404000000,objid:10,type:0,xpos:0.000000,ypos:0.000000,xspeed:3.670000,yspeed:0.260000,angle:1.460000,distense:45.600000,rcs:12.000000
