timestame:1619470192.580000000,objid:0,type:0,xpos:0.000000,ypos:0.000000,xspeed:-4.160000,yspeed:7.000000,angle:15.240000,distense:42.400000,rcs:15.000000
timestame:1619470192.580000000,objid:1,type:0,xpos:0.000000,ypos:0.000000,xspeed:2.020000,yspeed:1.200000,angle:5.840000,distense:138.400000,rcs:24.000000
timestame:1619470192.580000000,objid:2,type:0,xpos:0.000000,ypos:0.000000,xspeed:-4.920000,yspeed:5.460000,angle:17.400000,distense:40.400000,rcs:25.000000
