timestame:1619470294.400000000,objid:0,type:0,xpos:0.000000,ypos:0.000000,xspeed:1.710000,yspeed:0.090000,angle:5.490000,distense:21.800000,rcs:27.000000
timestame:1619470294.400000000,objid:1,type:0,xpos:0.000000,ypos:0.000000,xspeed:-1.340000,yspeed:-0.220000,angle:4.030000,distense:9.200000,rcs:34.000000
timestame:1619470294.400000000,objid:2,type:0,xpos:0.000000,ypos:0.000000,xspeed:-12.170000,yspeed:-0.750000,angle:-18.000000,distense:24.200000,rcs:6.000000
timestame:1619470294.400000000,objid:5,type:0,xpos:0.000000,ypos:0.000000,xspeed:2.430000,yspeed:0.330000,angle:2.030000,distense:19.200000,rcs:27.000000
