timestame:1619470154.274000000,objid:3,type:0,xpos:0.000000,ypos:0.000000,xspeed:-4.840000,yspeed:-0.290000,angle:-18.000000,distense:46.000000,rcs:12.000000
timestame:1619470154.274000000,objid:5,type:0,xpos:0.000000,ypos:0.000000,xspeed:4.110000,yspeed:2.820000,angle:-16.590000,distense:33.200000,rcs:16.000000
timestame:1619470154.274000000,objid:7,type:0,xpos:0.000000,ypos:0.000000,xspeed:-15.040000,yspeed:-0.930000,angle:-7.600000,distense:117.600000,rcs:12.000000
timestame:1619470154.274000000,objid:13,type:0,xpos:0.000000,ypos:0.000000,xspeed:-14.970000,yspeed:-0.500000,angle:-7.090000,distense:122.200000,rcs:9.000000
