timestame:1619471062.067000000,objid:0,type:0,xpos:0.000000,ypos:0.000000,xspeed:-7.840000,yspeed:1.940000,angle:-4.430000,distense:130.200000,rcs:9.000000
timestame:1619471062.067000000,objid:8,type:0,xpos:0.000000,ypos:0.000000,xspeed:-1.210000,yspeed:3.050000,angle:-1.480000,distense:35.600000,rcs:6.000000
timestame:1619471062.067000000,objid:9,type:0,xpos:0.000000,ypos:0.000000,xspeed:-1.790000,yspeed:-0.220000,angle:-9.620000,distense:76.800000,rcs:15.000000
