timestame:1619470979.907000000,objid:0,type:0,xpos:0.000000,ypos:0.000000,xspeed:7.440000,yspeed:-0.110000,angle:2.250000,distense:149.400000,rcs:20.000000
timestame:1619470979.907000000,objid:1,type:0,xpos:0.000000,ypos:0.000000,xspeed:-13.680000,yspeed:-0.450000,angle:-4.160000,distense:145.800000,rcs:19.000000
timestame:1619470979.907000000,objid:4,type:0,xpos:0.000000,ypos:0.000000,xspeed:-24.670000,yspeed:2.160000,angle:-18.000000,distense:49.800000,rcs:27.000000
