timestame:1619470475.165000000,objid:1,type:0,xpos:0.000000,ypos:0.000000,xspeed:-11.550000,yspeed:-0.320000,angle:-5.010000,distense:134.200000,rcs:13.000000
timestame:1619470475.165000000,objid:2,type:0,xpos:0.000000,ypos:0.000000,xspeed:1.190000,yspeed:-0.570000,angle:13.790000,distense:72.400000,rcs:6.000000
