timestame:1619470169.155000000,objid:0,type:0,xpos:0.000000,ypos:0.000000,xspeed:6.860000,yspeed:0.380000,angle:2.400000,distense:52.600000,rcs:35.000000
timestame:1619470169.155000000,objid:1,type:0,xpos:0.000000,ypos:0.000000,xspeed:9.950000,yspeed:0.450000,angle:2.010000,distense:21.400000,rcs:35.000000
timestame:1619470169.155000000,objid:2,type:0,xpos:0.000000,ypos:0.000000,xspeed:25.050000,yspeed:0.000000,angle:14.210000,distense:29.200000,rcs:6.000000
timestame:1619470169.155000000,objid:3,type:0,xpos:0.000000,ypos:0.000000,xspeed:8.690000,yspeed:0.120000,angle:4.890000,distense:87.000000,rcs:24.000000
