timestame:1619469623.865000000,objid:1,type:0,xpos:0.000000,ypos:0.000000,xspeed:-4.210000,yspeed:-0.160000,angle:-17.790000,distense:54.800000,rcs:18.000000
timestame:1619469623.865000000,objid:2,type:0,xpos:0.000000,ypos:0.000000,xspeed:-3.890000,yspeed:-0.230000,angle:-14.740000,distense:68.000000,rcs:21.000000
timestame:1619469623.865000000,objid:4,type:0,xpos:0.000000,ypos:0.000000,xspeed:-13.770000,yspeed:-0.390000,angle:-12.020000,distense:58.000000,rcs:13.000000
