timestame:1619470533.171000000,objid:1,type:0,xpos:0.000000,ypos:0.000000,xspeed:-9.490000,yspeed:0.550000,angle:-7.610000,distense:106.400000,rcs:12.000000
timestame:1619470533.171000000,objid:2,type:0,xpos:0.000000,ypos:0.000000,xspeed:-10.460000,yspeed:-2.820000,angle:-7.100000,distense:119.400000,rcs:9.000000
timestame:1619470533.171000000,objid:3,type:0,xpos:0.000000,ypos:0.000000,xspeed:-5.610000,yspeed:-1.390000,angle:-7.280000,distense:110.400000,rcs:9.000000
