timestame:1619470013.757000000,objid:0,type:0,xpos:0.000000,ypos:0.000000,xspeed:-1.810000,yspeed:-1.570000,angle:-18.000000,distense:32.800000,rcs:6.000000
timestame:1619470013.757000000,objid:1,type:0,xpos:0.000000,ypos:0.000000,xspeed:-1.590000,yspeed:-4.490000,angle:17.010000,distense:42.000000,rcs:29.000000
timestame:1619470013.757000000,objid:8,type:0,xpos:0.000000,ypos:0.000000,xspeed:-3.770000,yspeed:-5.670000,angle:-1.640000,distense:58.800000,rcs:9.000000
