timestame:1619469708.665000000,objid:1,type:0,xpos:0.000000,ypos:0.000000,xspeed:10.390000,yspeed:0.340000,angle:-16.920000,distense:44.600000,rcs:27.000000
timestame:1619469708.665000000,objid:3,type:0,xpos:0.000000,ypos:0.000000,xspeed:11.560000,yspeed:-3.770000,angle:7.100000,distense:77.400000,rcs:20.000000
timestame:1619469708.665000000,objid:5,type:0,xpos:0.000000,ypos:0.000000,xspeed:-3.260000,yspeed:-3.280000,angle:-18.000000,distense:35.400000,rcs:20.000000
timestame:1619469708.665000000,objid:7,type:0,xpos:0.000000,ypos:0.000000,xspeed:-8.220000,yspeed:-1.280000,angle:-18.000000,distense:37.000000,rcs:27.000000
