timestame:1619471453.600000000,objid:3,type:0,xpos:0.000000,ypos:0.000000,xspeed:-1.460000,yspeed:-0.150000,angle:-6.820000,distense:99.400000,rcs:6.000000
timestame:1619471453.600000000,objid:11,type:0,xpos:0.000000,ypos:0.000000,xspeed:-1.140000,yspeed:0.150000,angle:-7.480000,distense:92.000000,rcs:6.000000
timestame:1619471453.600000000,objid:13,type:0,xpos:0.000000,ypos:0.000000,xspeed:-3.900000,yspeed:-0.500000,angle:-15.050000,distense:28.200000,rcs:6.000000
