timestame:1619469914.161000000,objid:0,type:0,xpos:0.000000,ypos:0.000000,xspeed:-6.370000,yspeed:1.850000,angle:-18.000000,distense:31.200000,rcs:6.000000
timestame:1619469914.161000000,objid:1,type:0,xpos:0.000000,ypos:0.000000,xspeed:5.010000,yspeed:0.080000,angle:1.710000,distense:95.800000,rcs:20.000000
timestame:1619469914.161000000,objid:2,type:0,xpos:0.000000,ypos:0.000000,xspeed:12.490000,yspeed:0.270000,angle:2.550000,distense:182.000000,rcs:18.000000
timestame:1619469914.161000000,objid:8,type:0,xpos:0.000000,ypos:0.000000,xspeed:4.920000,yspeed:-0.140000,angle:1.700000,distense:88.800000,rcs:27.000000
