timestame:1619469633.821000000,objid:1,type:0,xpos:0.000000,ypos:0.000000,xspeed:5.600000,yspeed:2.980000,angle:20.050000,distense:20.800000,rcs:27.000000
timestame:1619469633.821000000,objid:3,type:0,xpos:0.000000,ypos:0.000000,xspeed:-6.710000,yspeed:2.550000,angle:-5.500000,distense:57.000000,rcs:18.000000
timestame:1619469633.821000000,objid:4,type:0,xpos:0.000000,ypos:0.000000,xspeed:2.350000,yspeed:4.130000,angle:-15.630000,distense:23.200000,rcs:12.000000
