timestame:1619470445.624000000,objid:1,type:0,xpos:0.000000,ypos:0.000000,xspeed:17.590000,yspeed:0.280000,angle:1.550000,distense:154.600000,rcs:6.000000
timestame:1619470445.624000000,objid:2,type:0,xpos:0.000000,ypos:0.000000,xspeed:4.480000,yspeed:-0.130000,angle:7.350000,distense:98.400000,rcs:15.000000
