timestame:1619470745.111000000,objid:0,type:0,xpos:0.000000,ypos:0.000000,xspeed:-3.010000,yspeed:-0.590000,angle:-8.700000,distense:84.000000,rcs:22.000000
timestame:1619470745.111000000,objid:6,type:0,xpos:0.000000,ypos:0.000000,xspeed:12.590000,yspeed:0.420000,angle:1.340000,distense:201.400000,rcs:20.000000
