timestame:1619471162.742000000,objid:3,type:0,xpos:0.000000,ypos:0.000000,xspeed:4.900000,yspeed:4.550000,angle:-15.600000,distense:36.000000,rcs:23.000000
timestame:1619471162.742000000,objid:4,type:0,xpos:0.000000,ypos:0.000000,xspeed:-4.050000,yspeed:-1.810000,angle:-18.000000,distense:30.400000,rcs:6.000000
timestame:1619471162.742000000,objid:5,type:0,xpos:0.000000,ypos:0.000000,xspeed:3.380000,yspeed:5.520000,angle:-8.780000,distense:43.600000,rcs:6.000000
timestame:1619471162.742000000,objid:8,type:0,xpos:0.000000,ypos:0.000000,xspeed:4.750000,yspeed:3.390000,angle:-14.670000,distense:39.200000,rcs:22.000000
