timestame:1619470376.390000000,objid:1,type:0,xpos:0.000000,ypos:0.000000,xspeed:-2.140000,yspeed:-2.910000,angle:-18.000000,distense:36.000000,rcs:24.000000
timestame:1619470376.390000000,objid:5,type:0,xpos:0.000000,ypos:0.000000,xspeed:-3.800000,yspeed:-3.160000,angle:-18.000000,distense:36.400000,rcs:25.000000
timestame:1619470376.390000000,objid:18,type:0,xpos:0.000000,ypos:0.000000,xspeed:-5.970000,yspeed:-0.360000,angle:-8.430000,distense:84.000000,rcs:12.000000
