timestame:1619469566.405000000,objid:1,type:0,xpos:0.000000,ypos:0.000000,xspeed:34.960000,yspeed:0.000000,angle:3.420000,distense:54.800000,rcs:19.000000
timestame:1619469566.405000000,objid:5,type:0,xpos:0.000000,ypos:0.000000,xspeed:-1.300000,yspeed:-2.830000,angle:-12.180000,distense:49.600000,rcs:9.000000
timestame:1619469566.405000000,objid:6,type:0,xpos:0.000000,ypos:0.000000,xspeed:-10.810000,yspeed:-2.640000,angle:-4.320000,distense:198.800000,rcs:15.000000
timestame:1619469566.405000000,objid:11,type:0,xpos:0.000000,ypos:0.000000,xspeed:2.070000,yspeed:-1.500000,angle:-1.900000,distense:38.000000,rcs:31.000000
