timestame:1619470610.614000000,objid:0,type:0,xpos:0.000000,ypos:0.000000,xspeed:6.830000,yspeed:5.010000,angle:-14.760000,distense:32.800000,rcs:6.000000
timestame:1619470610.614000000,objid:2,type:0,xpos:0.000000,ypos:0.000000,xspeed:7.040000,yspeed:1.280000,angle:16.750000,distense:37.000000,rcs:6.000000
timestame:1619470610.614000000,objid:3,type:0,xpos:0.000000,ypos:0.000000,xspeed:3.250000,yspeed:0.450000,angle:-17.100000,distense:31.800000,rcs:12.000000
