timestame:1619471163.240000000,objid:3,type:0,xpos:0.000000,ypos:0.000000,xspeed:4.260000,yspeed:3.780000,angle:-14.680000,distense:38.200000,rcs:21.000000
timestame:1619471163.240000000,objid:5,type:0,xpos:0.000000,ypos:0.000000,xspeed:2.940000,yspeed:5.580000,angle:-6.560000,distense:45.800000,rcs:9.000000
timestame:1619471163.240000000,objid:8,type:0,xpos:0.000000,ypos:0.000000,xspeed:4.160000,yspeed:3.620000,angle:-12.840000,distense:41.200000,rcs:18.000000
