timestame:1619471447.013000000,objid:3,type:0,xpos:0.000000,ypos:0.000000,xspeed:-3.270000,yspeed:-0.050000,angle:-5.540000,distense:113.400000,rcs:19.000000
timestame:1619471447.013000000,objid:11,type:0,xpos:0.000000,ypos:0.000000,xspeed:-3.190000,yspeed:-0.640000,angle:-7.320000,distense:102.400000,rcs:16.000000
timestame:1619471447.013000000,objid:13,type:0,xpos:0.000000,ypos:0.000000,xspeed:-2.700000,yspeed:0.020000,angle:14.720000,distense:52.800000,rcs:12.000000
