timestame:1619470974.314000000,objid:0,type:0,xpos:0.000000,ypos:0.000000,xspeed:6.360000,yspeed:0.070000,angle:3.660000,distense:108.600000,rcs:16.000000
timestame:1619470974.314000000,objid:2,type:0,xpos:0.000000,ypos:0.000000,xspeed:1.280000,yspeed:3.820000,angle:-2.350000,distense:46.800000,rcs:9.000000
timestame:1619470974.314000000,objid:3,type:0,xpos:0.000000,ypos:0.000000,xspeed:7.010000,yspeed:-0.550000,angle:2.210000,distense:118.000000,rcs:9.000000
timestame:1619470974.314000000,objid:9,type:0,xpos:0.000000,ypos:0.000000,xspeed:2.390000,yspeed:3.170000,angle:-10.070000,distense:40.800000,rcs:15.000000
