timestame:1619469641.088000000,objid:1,type:0,xpos:0.000000,ypos:0.000000,xspeed:3.350000,yspeed:3.020000,angle:-10.380000,distense:40.200000,rcs:9.000000
timestame:1619469641.088000000,objid:6,type:0,xpos:0.000000,ypos:0.000000,xspeed:12.140000,yspeed:0.980000,angle:9.000000,distense:26.000000,rcs:34.000000
timestame:1619469641.088000000,objid:7,type:0,xpos:0.000000,ypos:0.000000,xspeed:14.980000,yspeed:0.020000,angle:2.100000,distense:72.000000,rcs:12.000000
timestame:1619469641.088000000,objid:13,type:0,xpos:0.000000,ypos:0.000000,xspeed:15.380000,yspeed:0.470000,angle:2.440000,distense:61.400000,rcs:40.000000
