timestame:1619471220.470000000,objid:0,type:0,xpos:0.000000,ypos:0.000000,xspeed:2.620000,yspeed:3.310000,angle:2.010000,distense:54.200000,rcs:9.000000
timestame:1619471220.470000000,objid:6,type:0,xpos:0.000000,ypos:0.000000,xspeed:3.620000,yspeed:0.360000,angle:2.560000,distense:51.800000,rcs:6.000000
timestame:1619471220.470000000,objid:9,type:0,xpos:0.000000,ypos:0.000000,xspeed:3.710000,yspeed:0.120000,angle:2.480000,distense:33.000000,rcs:33.000000
timestame:1619471220.470000000,objid:10,type:0,xpos:0.000000,ypos:0.000000,xspeed:3.640000,yspeed:0.460000,angle:1.450000,distense:42.200000,rcs:20.000000
