timestame:1619471163.178000000,objid:3,type:0,xpos:0.000000,ypos:0.000000,xspeed:4.390000,yspeed:3.840000,angle:-14.840000,distense:38.000000,rcs:20.000000
timestame:1619471163.178000000,objid:5,type:0,xpos:0.000000,ypos:0.000000,xspeed:3.010000,yspeed:5.400000,angle:-7.040000,distense:45.600000,rcs:6.000000
timestame:1619471163.178000000,objid:8,type:0,xpos:0.000000,ypos:0.000000,xspeed:4.280000,yspeed:3.630000,angle:-13.060000,distense:41.000000,rcs:19.000000
