timestame:1619469951.027000000,objid:4,type:0,xpos:0.000000,ypos:0.000000,xspeed:1.320000,yspeed:-4.170000,angle:-1.320000,distense:55.000000,rcs:32.000000
timestame:1619469951.027000000,objid:9,type:0,xpos:0.000000,ypos:0.000000,xspeed:1.300000,yspeed:-4.450000,angle:-11.810000,distense:47.400000,rcs:20.000000
timestame:1619469951.027000000,objid:15,type:0,xpos:0.000000,ypos:0.000000,xspeed:-3.180000,yspeed:7.760000,angle:8.210000,distense:39.200000,rcs:12.000000
