timestame:1619471222.270000000,objid:0,type:0,xpos:0.000000,ypos:0.000000,xspeed:1.440000,yspeed:0.330000,angle:1.580000,distense:56.000000,rcs:18.000000
timestame:1619471222.270000000,objid:6,type:0,xpos:0.000000,ypos:0.000000,xspeed:4.090000,yspeed:0.100000,angle:2.090000,distense:59.600000,rcs:18.000000
timestame:1619471222.270000000,objid:9,type:0,xpos:0.000000,ypos:0.000000,xspeed:4.090000,yspeed:0.310000,angle:2.910000,distense:40.800000,rcs:40.000000
timestame:1619471222.270000000,objid:10,type:0,xpos:0.000000,ypos:0.000000,xspeed:3.870000,yspeed:0.290000,angle:1.670000,distense:49.400000,rcs:15.000000
