timestame:1619470739.593000000,objid:0,type:0,xpos:0.000000,ypos:0.000000,xspeed:-15.650000,yspeed:-0.250000,angle:-5.570000,distense:122.400000,rcs:9.000000
timestame:1619470739.593000000,objid:1,type:0,xpos:0.000000,ypos:0.000000,xspeed:11.820000,yspeed:-0.070000,angle:0.970000,distense:141.600000,rcs:6.000000
timestame:1619470739.593000000,objid:4,type:0,xpos:0.000000,ypos:0.000000,xspeed:-9.260000,yspeed:5.080000,angle:-18.000000,distense:43.400000,rcs:6.000000
timestame:1619470739.593000000,objid:6,type:0,xpos:0.000000,ypos:0.000000,xspeed:12.230000,yspeed:0.130000,angle:1.360000,distense:132.000000,rcs:26.000000
