timestame:1619470278.975000000,objid:1,type:0,xpos:0.000000,ypos:0.000000,xspeed:-10.080000,yspeed:-0.060000,angle:-6.890000,distense:73.600000,rcs:15.000000
timestame:1619470278.975000000,objid:3,type:0,xpos:0.000000,ypos:0.000000,xspeed:-2.930000,yspeed:-0.050000,angle:-9.210000,distense:74.400000,rcs:21.000000
timestame:1619470278.975000000,objid:11,type:0,xpos:0.000000,ypos:0.000000,xspeed:-2.890000,yspeed:-0.310000,angle:-11.250000,distense:68.000000,rcs:30.000000
