timestame:1619471212.095000000,objid:3,type:0,xpos:0.000000,ypos:0.000000,xspeed:7.260000,yspeed:-0.870000,angle:22.040000,distense:22.000000,rcs:20.000000
timestame:1619471212.095000000,objid:4,type:0,xpos:0.000000,ypos:0.000000,xspeed:-8.170000,yspeed:0.250000,angle:-18.000000,distense:40.000000,rcs:23.000000
timestame:1619471212.095000000,objid:5,type:0,xpos:0.000000,ypos:0.000000,xspeed:-6.700000,yspeed:-0.260000,angle:-18.000000,distense:38.200000,rcs:12.000000
timestame:1619471212.095000000,objid:6,type:0,xpos:0.000000,ypos:0.000000,xspeed:21.220000,yspeed:-3.980000,angle:11.860000,distense:30.200000,rcs:12.000000
