timestame:1619470974.934000000,objid:0,type:0,xpos:0.000000,ypos:0.000000,xspeed:6.540000,yspeed:0.070000,angle:3.550000,distense:113.200000,rcs:21.000000
timestame:1619470974.934000000,objid:3,type:0,xpos:0.000000,ypos:0.000000,xspeed:7.080000,yspeed:-0.260000,angle:2.250000,distense:122.800000,rcs:12.000000
timestame:1619470974.934000000,objid:5,type:0,xpos:0.000000,ypos:0.000000,xspeed:-18.390000,yspeed:2.430000,angle:-6.330000,distense:143.600000,rcs:12.000000
timestame:1619470974.934000000,objid:9,type:0,xpos:0.000000,ypos:0.000000,xspeed:2.000000,yspeed:3.510000,angle:-7.430000,distense:42.800000,rcs:6.000000
