timestame:1619469580.695000000,objid:1,type:0,xpos:0.000000,ypos:0.000000,xspeed:-5.920000,yspeed:-0.380000,angle:-8.640000,distense:103.400000,rcs:16.000000
timestame:1619469580.695000000,objid:5,type:0,xpos:0.000000,ypos:0.000000,xspeed:-5.890000,yspeed:-0.170000,angle:-10.220000,distense:90.400000,rcs:22.000000
