timestame:1619471237.764000000,objid:0,type:0,xpos:0.000000,ypos:0.000000,xspeed:8.040000,yspeed:0.020000,angle:1.220000,distense:156.000000,rcs:6.000000
timestame:1619471237.764000000,objid:9,type:0,xpos:0.000000,ypos:0.000000,xspeed:8.670000,yspeed:-0.060000,angle:1.150000,distense:147.600000,rcs:21.000000
