timestame:1619470682.788000000,objid:0,type:0,xpos:0.000000,ypos:0.000000,xspeed:-3.420000,yspeed:0.140000,angle:-15.700000,distense:60.800000,rcs:24.000000
timestame:1619470682.788000000,objid:2,type:0,xpos:0.000000,ypos:0.000000,xspeed:-2.060000,yspeed:-0.230000,angle:-12.540000,distense:72.400000,rcs:16.000000
timestame:1619470682.788000000,objid:4,type:0,xpos:0.000000,ypos:0.000000,xspeed:-9.260000,yspeed:-2.380000,angle:-18.000000,distense:56.800000,rcs:13.000000
timestame:1619470682.788000000,objid:7,type:0,xpos:0.000000,ypos:0.000000,xspeed:-6.620000,yspeed:0.130000,angle:-12.880000,distense:70.600000,rcs:20.000000
