timestame:1619470043.846000000,objid:0,type:0,xpos:0.000000,ypos:0.000000,xspeed:3.290000,yspeed:2.300000,angle:6.190000,distense:62.800000,rcs:16.000000
timestame:1619470043.846000000,objid:1,type:0,xpos:0.000000,ypos:0.000000,xspeed:13.300000,yspeed:-0.010000,angle:0.990000,distense:184.000000,rcs:6.000000
timestame:1619470043.846000000,objid:3,type:0,xpos:0.000000,ypos:0.000000,xspeed:13.990000,yspeed:0.100000,angle:1.310000,distense:158.800000,rcs:15.000000
timestame:1619470043.846000000,objid:5,type:0,xpos:0.000000,ypos:0.000000,xspeed:5.280000,yspeed:0.580000,angle:6.380000,distense:52.800000,rcs:37.000000
