timestame:1619470290.374000000,objid:2,type:0,xpos:0.000000,ypos:0.000000,xspeed:-11.920000,yspeed:-0.370000,angle:-13.990000,distense:66.400000,rcs:21.000000
timestame:1619470290.374000000,objid:5,type:0,xpos:0.000000,ypos:0.000000,xspeed:-6.290000,yspeed:-0.310000,angle:-18.000000,distense:24.600000,rcs:6.000000
timestame:1619470290.374000000,objid:7,type:0,xpos:0.000000,ypos:0.000000,xspeed:-5.490000,yspeed:-0.150000,angle:-18.000000,distense:22.200000,rcs:6.000000
