timestame:1619471312.375000000,objid:2,type:0,xpos:0.000000,ypos:0.000000,xspeed:2.300000,yspeed:3.520000,angle:-10.360000,distense:43.600000,rcs:6.000000
timestame:1619471312.375000000,objid:3,type:0,xpos:0.000000,ypos:0.000000,xspeed:3.470000,yspeed:2.670000,angle:-14.350000,distense:38.200000,rcs:20.000000
