timestame:1619471002.347000000,objid:1,type:0,xpos:0.000000,ypos:0.000000,xspeed:-13.540000,yspeed:-0.860000,angle:-5.340000,distense:151.400000,rcs:19.000000
timestame:1619471002.347000000,objid:3,type:0,xpos:0.000000,ypos:0.000000,xspeed:2.040000,yspeed:-2.430000,angle:-13.460000,distense:47.000000,rcs:18.000000
timestame:1619471002.347000000,objid:4,type:0,xpos:0.000000,ypos:0.000000,xspeed:2.580000,yspeed:-0.310000,angle:-1.110000,distense:16.200000,rcs:18.000000
