timestame:1619470497.559000000,objid:2,type:0,xpos:0.000000,ypos:0.000000,xspeed:-1.130000,yspeed:-3.410000,angle:-16.810000,distense:41.000000,rcs:26.000000
timestame:1619470497.559000000,objid:6,type:0,xpos:0.000000,ypos:0.000000,xspeed:-1.250000,yspeed:3.550000,angle:-7.540000,distense:47.200000,rcs:6.000000
timestame:1619470497.559000000,objid:7,type:0,xpos:0.000000,ypos:0.000000,xspeed:-2.040000,yspeed:-2.880000,angle:-15.000000,distense:47.400000,rcs:9.000000
