timestame:1619470012.520000000,objid:0,type:0,xpos:0.000000,ypos:0.000000,xspeed:-2.030000,yspeed:-1.790000,angle:-18.000000,distense:33.800000,rcs:20.000000
timestame:1619470012.520000000,objid:1,type:0,xpos:0.000000,ypos:0.000000,xspeed:-1.690000,yspeed:2.850000,angle:-7.460000,distense:46.800000,rcs:13.000000
timestame:1619470012.520000000,objid:2,type:0,xpos:0.000000,ypos:0.000000,xspeed:-10.710000,yspeed:-2.360000,angle:-4.820000,distense:37.000000,rcs:6.000000
timestame:1619470012.520000000,objid:9,type:0,xpos:0.000000,ypos:0.000000,xspeed:2.150000,yspeed:-0.020000,angle:-4.020000,distense:49.400000,rcs:20.000000
