timestame:1619470776.972000000,objid:0,type:0,xpos:0.000000,ypos:0.000000,xspeed:19.920000,yspeed:1.400000,angle:1.480000,distense:210.400000,rcs:15.000000
timestame:1619470776.972000000,objid:1,type:0,xpos:0.000000,ypos:0.000000,xspeed:-7.370000,yspeed:-0.960000,angle:-9.750000,distense:98.600000,rcs:20.000000
timestame:1619470776.972000000,objid:3,type:0,xpos:0.000000,ypos:0.000000,xspeed:6.150000,yspeed:-0.190000,angle:-10.810000,distense:49.600000,rcs:16.000000
timestame:1619470776.972000000,objid:4,type:0,xpos:0.000000,ypos:0.000000,xspeed:14.270000,yspeed:0.000000,angle:-5.380000,distense:52.000000,rcs:12.000000
