timestame:1619469775.332000000,objid:1,type:0,xpos:0.000000,ypos:0.000000,xspeed:2.990000,yspeed:3.840000,angle:-8.660000,distense:39.200000,rcs:16.000000
timestame:1619469775.332000000,objid:2,type:0,xpos:0.000000,ypos:0.000000,xspeed:16.030000,yspeed:-0.630000,angle:-0.230000,distense:16.200000,rcs:46.000000
timestame:1619469775.332000000,objid:3,type:0,xpos:0.000000,ypos:0.000000,xspeed:3.400000,yspeed:0.880000,angle:20.510000,distense:21.000000,rcs:31.000000
timestame:1619469775.332000000,objid:4,type:0,xpos:0.000000,ypos:0.000000,xspeed:3.710000,yspeed:-1.760000,angle:20.100000,distense:27.400000,rcs:15.000000
