timestame:1619470609.067000000,objid:0,type:0,xpos:0.000000,ypos:0.000000,xspeed:18.590000,yspeed:-1.370000,angle:10.530000,distense:34.800000,rcs:15.000000
timestame:1619470609.067000000,objid:2,type:0,xpos:0.000000,ypos:0.000000,xspeed:7.560000,yspeed:0.340000,angle:18.240000,distense:26.200000,rcs:15.000000
