timestame:1619471097.015000000,objid:2,type:0,xpos:0.000000,ypos:0.000000,xspeed:8.380000,yspeed:-0.090000,angle:1.210000,distense:96.200000,rcs:32.000000
timestame:1619471097.015000000,objid:3,type:0,xpos:0.000000,ypos:0.000000,xspeed:-16.160000,yspeed:-1.430000,angle:-11.140000,distense:66.000000,rcs:23.000000
