timestame:1619471406.517000000,objid:5,type:0,xpos:0.000000,ypos:0.000000,xspeed:-15.260000,yspeed:-4.110000,angle:7.160000,distense:152.400000,rcs:9.000000
timestame:1619471406.517000000,objid:6,type:0,xpos:0.000000,ypos:0.000000,xspeed:-1.470000,yspeed:8.170000,angle:6.140000,distense:40.400000,rcs:13.000000
