timestame:1619470190.912000000,objid:1,type:0,xpos:0.000000,ypos:0.000000,xspeed:2.460000,yspeed:4.810000,angle:5.810000,distense:135.000000,rcs:22.000000
timestame:1619470190.912000000,objid:2,type:0,xpos:0.000000,ypos:0.000000,xspeed:-5.700000,yspeed:4.090000,angle:2.110000,distense:46.000000,rcs:35.000000
timestame:1619470190.912000000,objid:7,type:0,xpos:0.000000,ypos:0.000000,xspeed:3.510000,yspeed:0.480000,angle:6.140000,distense:141.000000,rcs:12.000000
