timestame:1619470800.562000000,objid:2,type:0,xpos:0.000000,ypos:0.000000,xspeed:-8.600000,yspeed:0.310000,angle:-7.720000,distense:34.000000,rcs:6.000000
timestame:1619470800.562000000,objid:4,type:0,xpos:0.000000,ypos:0.000000,xspeed:-2.250000,yspeed:-2.550000,angle:-10.450000,distense:43.400000,rcs:37.000000
timestame:1619470800.562000000,objid:8,type:0,xpos:0.000000,ypos:0.000000,xspeed:-1.050000,yspeed:-5.220000,angle:-18.000000,distense:43.800000,rcs:9.000000
timestame:1619470800.562000000,objid:15,type:0,xpos:0.000000,ypos:0.000000,xspeed:-1.070000,yspeed:-1.600000,angle:-18.000000,distense:37.400000,rcs:25.000000
