timestame:1619470779.883000000,objid:2,type:0,xpos:0.000000,ypos:0.000000,xspeed:1.820000,yspeed:-4.470000,angle:2.700000,distense:43.400000,rcs:27.000000
timestame:1619470779.883000000,objid:4,type:0,xpos:0.000000,ypos:0.000000,xspeed:-2.110000,yspeed:-0.640000,angle:-1.590000,distense:45.400000,rcs:9.000000
timestame:1619470779.883000000,objid:8,type:0,xpos:0.000000,ypos:0.000000,xspeed:-1.170000,yspeed:0.000000,angle:0.670000,distense:40.600000,rcs:30.000000
timestame:1619470779.883000000,objid:13,type:0,xpos:0.000000,ypos:0.000000,xspeed:-40.210000,yspeed:0.260000,angle:22.610000,distense:30.200000,rcs:32.000000
