timestame:1619469755.163000000,objid:2,type:0,xpos:0.000000,ypos:0.000000,xspeed:-7.900000,yspeed:0.140000,angle:2.490000,distense:12.800000,rcs:9.000000
timestame:1619469755.163000000,objid:3,type:0,xpos:0.000000,ypos:0.000000,xspeed:6.540000,yspeed:1.120000,angle:22.610000,distense:26.000000,rcs:35.000000
timestame:1619469755.163000000,objid:5,type:0,xpos:0.000000,ypos:0.000000,xspeed:6.220000,yspeed:0.680000,angle:19.140000,distense:28.400000,rcs:33.000000
timestame:1619469755.163000000,objid:6,type:0,xpos:0.000000,ypos:0.000000,xspeed:-5.640000,yspeed:13.970000,angle:-6.770000,distense:16.400000,rcs:18.000000
