timestame:1619470190.235000000,objid:1,type:0,xpos:0.000000,ypos:0.000000,xspeed:2.620000,yspeed:0.000000,angle:4.660000,distense:133.000000,rcs:24.000000
timestame:1619470190.235000000,objid:2,type:0,xpos:0.000000,ypos:0.000000,xspeed:-5.880000,yspeed:3.460000,angle:-1.930000,distense:49.600000,rcs:33.000000
timestame:1619470190.235000000,objid:7,type:0,xpos:0.000000,ypos:0.000000,xspeed:3.580000,yspeed:0.550000,angle:6.170000,distense:138.800000,rcs:15.000000
