timestame:1619471254.429000000,objid:1,type:0,xpos:0.000000,ypos:0.000000,xspeed:3.860000,yspeed:2.710000,angle:5.710000,distense:87.600000,rcs:6.000000
timestame:1619471254.429000000,objid:3,type:0,xpos:0.000000,ypos:0.000000,xspeed:-16.120000,yspeed:-0.280000,angle:-7.630000,distense:110.000000,rcs:16.000000
