timestame:1619469529.985000000,objid:1,type:0,xpos:0.000000,ypos:0.000000,xspeed:1.860000,yspeed:-4.120000,angle:-18.000000,distense:70.400000,rcs:9.000000
timestame:1619469529.985000000,objid:11,type:0,xpos:0.000000,ypos:0.000000,xspeed:1.180000,yspeed:-4.520000,angle:-18.000000,distense:80.400000,rcs:9.000000
