timestame:1619470440.530000000,objid:1,type:0,xpos:0.000000,ypos:0.000000,xspeed:14.950000,yspeed:0.630000,angle:2.450000,distense:66.200000,rcs:20.000000
timestame:1619470440.530000000,objid:2,type:0,xpos:0.000000,ypos:0.000000,xspeed:3.730000,yspeed:-0.040000,angle:9.820000,distense:76.800000,rcs:15.000000
