timestame:1619471269.902000000,objid:2,type:0,xpos:0.000000,ypos:0.000000,xspeed:13.940000,yspeed:0.230000,angle:2.010000,distense:206.800000,rcs:13.000000
timestame:1619471269.902000000,objid:4,type:0,xpos:0.000000,ypos:0.000000,xspeed:-1.340000,yspeed:-7.350000,angle:17.010000,distense:52.400000,rcs:25.000000
timestame:1619471269.902000000,objid:6,type:0,xpos:0.000000,ypos:0.000000,xspeed:13.660000,yspeed:0.090000,angle:1.830000,distense:218.000000,rcs:9.000000
timestame:1619471269.902000000,objid:10,type:0,xpos:0.000000,ypos:0.000000,xspeed:13.950000,yspeed:0.000000,angle:1.800000,distense:194.400000,rcs:28.000000
