timestame:1619469853.687000000,objid:0,type:0,xpos:0.000000,ypos:0.000000,xspeed:4.680000,yspeed:-3.230000,angle:6.180000,distense:48.400000,rcs:12.000000
timestame:1619469853.687000000,objid:3,type:0,xpos:0.000000,ypos:0.000000,xspeed:-1.930000,yspeed:1.620000,angle:-3.040000,distense:44.200000,rcs:33.000000
timestame:1619469853.687000000,objid:10,type:0,xpos:0.000000,ypos:0.000000,xspeed:-11.640000,yspeed:0.050000,angle:-4.100000,distense:154.400000,rcs:13.000000
