timestame:1619469946.437000000,objid:2,type:0,xpos:0.000000,ypos:0.000000,xspeed:1.210000,yspeed:-2.380000,angle:-9.580000,distense:49.200000,rcs:21.000000
timestame:1619469946.437000000,objid:3,type:0,xpos:0.000000,ypos:0.000000,xspeed:1.980000,yspeed:0.200000,angle:0.540000,distense:17.000000,rcs:21.000000
