timestame:1619470776.158000000,objid:0,type:0,xpos:0.000000,ypos:0.000000,xspeed:18.790000,yspeed:2.670000,angle:1.470000,distense:193.200000,rcs:13.000000
timestame:1619470776.158000000,objid:1,type:0,xpos:0.000000,ypos:0.000000,xspeed:-7.640000,yspeed:-1.550000,angle:-9.110000,distense:104.400000,rcs:18.000000
