timestame:1619470227.720000000,objid:2,type:0,xpos:0.000000,ypos:0.000000,xspeed:-1.120000,yspeed:-2.350000,angle:-8.340000,distense:42.200000,rcs:42.000000
timestame:1619470227.720000000,objid:4,type:0,xpos:0.000000,ypos:0.000000,xspeed:7.920000,yspeed:-0.710000,angle:7.950000,distense:173.200000,rcs:9.000000
timestame:1619470227.720000000,objid:8,type:0,xpos:0.000000,ypos:0.000000,xspeed:-1.780000,yspeed:-2.610000,angle:-14.210000,distense:40.600000,rcs:30.000000
timestame:1619470227.720000000,objid:11,type:0,xpos:0.000000,ypos:0.000000,xspeed:-8.260000,yspeed:6.630000,angle:-2.420000,distense:188.000000,rcs:12.000000
