timestame:1619470990.103000000,objid:3,type:0,xpos:0.000000,ypos:0.000000,xspeed:5.240000,yspeed:-0.220000,angle:7.240000,distense:102.200000,rcs:6.000000
timestame:1619470990.103000000,objid:4,type:0,xpos:0.000000,ypos:0.000000,xspeed:-13.490000,yspeed:-0.560000,angle:-14.810000,distense:54.600000,rcs:21.000000
