timestame:1619470075.378000000,objid:3,type:0,xpos:0.000000,ypos:0.000000,xspeed:-1.470000,yspeed:2.430000,angle:-16.400000,distense:47.200000,rcs:20.000000
timestame:1619470075.378000000,objid:4,type:0,xpos:0.000000,ypos:0.000000,xspeed:-1.080000,yspeed:1.770000,angle:-13.050000,distense:42.800000,rcs:24.000000
