timestame:1619470045.453000000,objid:0,type:0,xpos:0.000000,ypos:0.000000,xspeed:6.510000,yspeed:-0.040000,angle:4.630000,distense:74.000000,rcs:15.000000
timestame:1619470045.453000000,objid:3,type:0,xpos:0.000000,ypos:0.000000,xspeed:14.330000,yspeed:0.170000,angle:1.280000,distense:182.600000,rcs:16.000000
timestame:1619470045.453000000,objid:5,type:0,xpos:0.000000,ypos:0.000000,xspeed:6.180000,yspeed:0.280000,angle:5.520000,distense:63.800000,rcs:35.000000
