timestame:1619470073.823000000,objid:4,type:0,xpos:0.000000,ypos:0.000000,xspeed:-1.480000,yspeed:2.220000,angle:-16.250000,distense:42.800000,rcs:18.000000
timestame:1619470073.823000000,objid:8,type:0,xpos:0.000000,ypos:0.000000,xspeed:1.440000,yspeed:3.160000,angle:-6.170000,distense:42.400000,rcs:6.000000
