timestame:1619471233.783000000,objid:0,type:0,xpos:0.000000,ypos:0.000000,xspeed:7.800000,yspeed:0.030000,angle:1.560000,distense:123.800000,rcs:9.000000
timestame:1619471233.783000000,objid:9,type:0,xpos:0.000000,ypos:0.000000,xspeed:7.240000,yspeed:0.040000,angle:1.530000,distense:113.800000,rcs:22.000000
