timestame:1619470974.502000000,objid:0,type:0,xpos:0.000000,ypos:0.000000,xspeed:6.390000,yspeed:0.080000,angle:3.640000,distense:110.200000,rcs:25.000000
timestame:1619470974.502000000,objid:2,type:0,xpos:0.000000,ypos:0.000000,xspeed:1.000000,yspeed:3.950000,angle:-1.110000,distense:47.400000,rcs:9.000000
timestame:1619470974.502000000,objid:3,type:0,xpos:0.000000,ypos:0.000000,xspeed:7.240000,yspeed:-0.410000,angle:2.230000,distense:120.200000,rcs:12.000000
timestame:1619470974.502000000,objid:9,type:0,xpos:0.000000,ypos:0.000000,xspeed:2.200000,yspeed:3.330000,angle:-8.990000,distense:41.600000,rcs:16.000000
