timestame:1619469785.956000000,objid:1,type:0,xpos:0.000000,ypos:0.000000,xspeed:-18.690000,yspeed:-1.490000,angle:-8.480000,distense:107.800000,rcs:13.000000
timestame:1619469785.956000000,objid:2,type:0,xpos:0.000000,ypos:0.000000,xspeed:16.750000,yspeed:0.060000,angle:0.940000,distense:194.000000,rcs:12.000000
timestame:1619469785.956000000,objid:4,type:0,xpos:0.000000,ypos:0.000000,xspeed:-17.240000,yspeed:-0.300000,angle:-8.760000,distense:100.000000,rcs:24.000000
timestame:1619469785.956000000,objid:10,type:0,xpos:0.000000,ypos:0.000000,xspeed:16.810000,yspeed:0.180000,angle:1.160000,distense:181.400000,rcs:32.000000
