timestame:1619469578.498000000,objid:1,type:0,xpos:0.000000,ypos:0.000000,xspeed:-5.750000,yspeed:-1.200000,angle:-7.560000,distense:116.800000,rcs:12.000000
timestame:1619469578.498000000,objid:3,type:0,xpos:0.000000,ypos:0.000000,xspeed:-6.460000,yspeed:-0.270000,angle:-8.640000,distense:106.000000,rcs:16.000000
timestame:1619469578.498000000,objid:5,type:0,xpos:0.000000,ypos:0.000000,xspeed:-6.370000,yspeed:-0.290000,angle:-8.860000,distense:103.000000,rcs:19.000000
