timestame:1619470929.096000000,objid:3,type:0,xpos:0.000000,ypos:0.000000,xspeed:-7.940000,yspeed:-0.400000,angle:-10.530000,distense:89.400000,rcs:9.000000
timestame:1619470929.096000000,objid:5,type:0,xpos:0.000000,ypos:0.000000,xspeed:-1.270000,yspeed:-0.190000,angle:15.440000,distense:12.400000,rcs:26.000000
timestame:1619470929.096000000,objid:6,type:0,xpos:0.000000,ypos:0.000000,xspeed:-23.900000,yspeed:0.000000,angle:-10.190000,distense:89.200000,rcs:19.000000
