timestame:1619470041.865000000,objid:1,type:0,xpos:0.000000,ypos:0.000000,xspeed:12.560000,yspeed:0.070000,angle:1.230000,distense:156.800000,rcs:6.000000
timestame:1619470041.865000000,objid:3,type:0,xpos:0.000000,ypos:0.000000,xspeed:13.520000,yspeed:0.100000,angle:1.520000,distense:130.800000,rcs:20.000000
timestame:1619470041.865000000,objid:4,type:0,xpos:0.000000,ypos:0.000000,xspeed:8.380000,yspeed:-0.520000,angle:4.430000,distense:54.600000,rcs:15.000000
timestame:1619470041.865000000,objid:5,type:0,xpos:0.000000,ypos:0.000000,xspeed:4.340000,yspeed:0.090000,angle:6.320000,distense:41.400000,rcs:31.000000
