timestame:1619470057.552000000,objid:0,type:0,xpos:0.000000,ypos:0.000000,xspeed:-12.200000,yspeed:1.260000,angle:-3.900000,distense:110.400000,rcs:18.000000
timestame:1619470057.552000000,objid:5,type:0,xpos:0.000000,ypos:0.000000,xspeed:9.350000,yspeed:0.220000,angle:2.700000,distense:162.200000,rcs:22.000000
