timestame:1619470877.232000000,objid:4,type:0,xpos:0.000000,ypos:0.000000,xspeed:2.780000,yspeed:0.480000,angle:2.930000,distense:30.600000,rcs:6.000000
timestame:1619470877.232000000,objid:9,type:0,xpos:0.000000,ypos:0.000000,xspeed:1.070000,yspeed:-0.050000,angle:2.990000,distense:21.200000,rcs:19.000000
timestame:1619470877.232000000,objid:12,type:0,xpos:0.000000,ypos:0.000000,xspeed:1.400000,yspeed:-4.460000,angle:-6.920000,distense:52.400000,rcs:20.000000
timestame:1619470877.232000000,objid:14,type:0,xpos:0.000000,ypos:0.000000,xspeed:-6.410000,yspeed:-0.300000,angle:-7.330000,distense:98.600000,rcs:9.000000
