timestame:1619470051.409000000,objid:0,type:0,xpos:0.000000,ypos:0.000000,xspeed:7.240000,yspeed:-0.020000,angle:3.290000,distense:115.600000,rcs:6.000000
timestame:1619470051.409000000,objid:5,type:0,xpos:0.000000,ypos:0.000000,xspeed:7.220000,yspeed:0.040000,angle:3.650000,distense:106.000000,rcs:26.000000
