timestame:1619470125.642000000,objid:3,type:0,xpos:0.000000,ypos:0.000000,xspeed:-7.480000,yspeed:-0.370000,angle:14.330000,distense:32.000000,rcs:22.000000
timestame:1619470125.642000000,objid:4,type:0,xpos:0.000000,ypos:0.000000,xspeed:4.160000,yspeed:2.130000,angle:-16.700000,distense:35.600000,rcs:23.000000
timestame:1619470125.642000000,objid:5,type:0,xpos:0.000000,ypos:0.000000,xspeed:-7.290000,yspeed:0.000000,angle:10.580000,distense:41.200000,rcs:12.000000
timestame:1619470125.642000000,objid:6,type:0,xpos:0.000000,ypos:0.000000,xspeed:3.600000,yspeed:3.630000,angle:-11.530000,distense:41.200000,rcs:16.000000
