timestame:1619470376.452000000,objid:1,type:0,xpos:0.000000,ypos:0.000000,xspeed:-2.170000,yspeed:-2.850000,angle:-18.000000,distense:35.800000,rcs:19.000000
timestame:1619470376.452000000,objid:5,type:0,xpos:0.000000,ypos:0.000000,xspeed:-3.490000,yspeed:-3.270000,angle:-18.000000,distense:36.400000,rcs:27.000000
timestame:1619470376.452000000,objid:18,type:0,xpos:0.000000,ypos:0.000000,xspeed:-5.840000,yspeed:-0.370000,angle:-8.460000,distense:83.800000,rcs:15.000000
