timestame:1619469917.322000000,objid:1,type:0,xpos:0.000000,ypos:0.000000,xspeed:5.520000,yspeed:0.090000,angle:1.530000,distense:113.800000,rcs:20.000000
timestame:1619469917.322000000,objid:8,type:0,xpos:0.000000,ypos:0.000000,xspeed:5.650000,yspeed:0.010000,angle:1.520000,distense:107.200000,rcs:22.000000
