timestame:1619470945.440000000,objid:1,type:0,xpos:0.000000,ypos:0.000000,xspeed:-7.470000,yspeed:-0.210000,angle:-18.000000,distense:33.400000,rcs:12.000000
timestame:1619470945.440000000,objid:5,type:0,xpos:0.000000,ypos:0.000000,xspeed:-6.450000,yspeed:-0.370000,angle:-18.000000,distense:40.800000,rcs:13.000000
timestame:1619470945.440000000,objid:7,type:0,xpos:0.000000,ypos:0.000000,xspeed:-5.970000,yspeed:-0.300000,angle:-18.000000,distense:38.600000,rcs:6.000000
