timestame:1619469949.104000000,objid:4,type:0,xpos:0.000000,ypos:0.000000,xspeed:1.330000,yspeed:-5.090000,angle:6.600000,distense:52.800000,rcs:32.000000
timestame:1619469949.104000000,objid:6,type:0,xpos:0.000000,ypos:0.000000,xspeed:-5.310000,yspeed:-8.310000,angle:7.690000,distense:166.600000,rcs:9.000000
timestame:1619469949.104000000,objid:8,type:0,xpos:0.000000,ypos:0.000000,xspeed:-1.580000,yspeed:5.630000,angle:-16.450000,distense:46.000000,rcs:6.000000
timestame:1619469949.104000000,objid:13,type:0,xpos:0.000000,ypos:0.000000,xspeed:-4.670000,yspeed:0.000000,angle:-13.770000,distense:44.200000,rcs:12.000000
