timestame:1619470059.813000000,objid:0,type:0,xpos:0.000000,ypos:0.000000,xspeed:-12.120000,yspeed:0.100000,angle:-5.180000,distense:82.200000,rcs:22.000000
timestame:1619470059.813000000,objid:1,type:0,xpos:0.000000,ypos:0.000000,xspeed:-17.150000,yspeed:2.250000,angle:-4.910000,distense:177.600000,rcs:12.000000
timestame:1619470059.813000000,objid:3,type:0,xpos:0.000000,ypos:0.000000,xspeed:-17.220000,yspeed:2.260000,angle:-3.670000,distense:173.400000,rcs:13.000000
timestame:1619470059.813000000,objid:5,type:0,xpos:0.000000,ypos:0.000000,xspeed:9.540000,yspeed:0.470000,angle:2.840000,distense:184.000000,rcs:19.000000
