timestame:1619471237.638000000,objid:0,type:0,xpos:0.000000,ypos:0.000000,xspeed:8.040000,yspeed:0.020000,angle:1.220000,distense:155.000000,rcs:6.000000
timestame:1619471237.638000000,objid:9,type:0,xpos:0.000000,ypos:0.000000,xspeed:8.630000,yspeed:-0.050000,angle:1.170000,distense:146.600000,rcs:21.000000
