timestame:1619470733.077000000,objid:1,type:0,xpos:0.000000,ypos:0.000000,xspeed:12.260000,yspeed:0.550000,angle:3.220000,distense:63.800000,rcs:12.000000
timestame:1619470733.077000000,objid:6,type:0,xpos:0.000000,ypos:0.000000,xspeed:12.450000,yspeed:0.550000,angle:2.480000,distense:52.800000,rcs:40.000000
