timestame:1619471251.152000000,objid:1,type:0,xpos:0.000000,ypos:0.000000,xspeed:1.510000,yspeed:2.840000,angle:-0.360000,distense:74.600000,rcs:13.000000
timestame:1619471251.152000000,objid:3,type:0,xpos:0.000000,ypos:0.000000,xspeed:-18.360000,yspeed:-1.700000,angle:-5.040000,distense:163.000000,rcs:13.000000
