timestame:1619471313.553000000,objid:1,type:0,xpos:0.000000,ypos:0.000000,xspeed:-13.410000,yspeed:-2.390000,angle:-3.710000,distense:173.800000,rcs:19.000000
timestame:1619471313.553000000,objid:2,type:0,xpos:0.000000,ypos:0.000000,xspeed:1.820000,yspeed:4.050000,angle:-5.740000,distense:47.600000,rcs:6.000000
timestame:1619471313.553000000,objid:3,type:0,xpos:0.000000,ypos:0.000000,xspeed:2.780000,yspeed:4.010000,angle:-8.690000,distense:43.200000,rcs:9.000000
timestame:1619471313.553000000,objid:4,type:0,xpos:0.000000,ypos:0.000000,xspeed:-1.220000,yspeed:5.300000,angle:10.970000,distense:36.600000,rcs:9.000000
