timestame:1619471083.476000000,objid:4,type:0,xpos:0.000000,ypos:0.000000,xspeed:3.660000,yspeed:0.330000,angle:1.860000,distense:33.200000,rcs:37.000000
timestame:1619471083.476000000,objid:10,type:0,xpos:0.000000,ypos:0.000000,xspeed:5.960000,yspeed:0.500000,angle:2.140000,distense:50.200000,rcs:6.000000
