timestame:1619470372.977000000,objid:2,type:0,xpos:0.000000,ypos:0.000000,xspeed:-1.650000,yspeed:2.250000,angle:-3.620000,distense:40.400000,rcs:25.000000
timestame:1619470372.977000000,objid:6,type:0,xpos:0.000000,ypos:0.000000,xspeed:-1.850000,yspeed:-0.010000,angle:-18.000000,distense:32.600000,rcs:9.000000
timestame:1619470372.977000000,objid:10,type:0,xpos:0.000000,ypos:0.000000,xspeed:-5.440000,yspeed:-1.580000,angle:-18.000000,distense:33.000000,rcs:16.000000
timestame:1619470372.977000000,objid:14,type:0,xpos:0.000000,ypos:0.000000,xspeed:-2.460000,yspeed:-0.370000,angle:-18.000000,distense:30.200000,rcs:9.000000
