timestame:1619471137.614000000,objid:4,type:0,xpos:0.000000,ypos:0.000000,xspeed:3.360000,yspeed:-1.320000,angle:8.110000,distense:45.200000,rcs:6.000000
timestame:1619471137.614000000,objid:9,type:0,xpos:0.000000,ypos:0.000000,xspeed:4.740000,yspeed:-0.640000,angle:5.880000,distense:40.000000,rcs:30.000000
timestame:1619471137.614000000,objid:10,type:0,xpos:0.000000,ypos:0.000000,xspeed:1.290000,yspeed:-4.250000,angle:8.740000,distense:57.600000,rcs:15.000000
