timestame:1619471264.147000000,objid:2,type:0,xpos:0.000000,ypos:0.000000,xspeed:12.890000,yspeed:0.080000,angle:2.810000,distense:127.800000,rcs:25.000000
timestame:1619471264.147000000,objid:6,type:0,xpos:0.000000,ypos:0.000000,xspeed:12.900000,yspeed:-0.050000,angle:2.590000,distense:140.000000,rcs:15.000000
timestame:1619471264.147000000,objid:10,type:0,xpos:0.000000,ypos:0.000000,xspeed:12.820000,yspeed:-0.030000,angle:2.980000,distense:115.400000,rcs:29.000000
