timestame:1619471226.719000000,objid:0,type:0,xpos:0.000000,ypos:0.000000,xspeed:6.500000,yspeed:0.190000,angle:2.060000,distense:74.800000,rcs:19.000000
timestame:1619471226.719000000,objid:1,type:0,xpos:0.000000,ypos:0.000000,xspeed:5.340000,yspeed:-2.440000,angle:-11.140000,distense:47.600000,rcs:27.000000
timestame:1619471226.719000000,objid:9,type:0,xpos:0.000000,ypos:0.000000,xspeed:5.430000,yspeed:0.110000,angle:2.300000,distense:64.600000,rcs:41.000000
