timestame:1619470595.472000000,objid:1,type:0,xpos:0.000000,ypos:0.000000,xspeed:7.230000,yspeed:1.090000,angle:-17.640000,distense:29.000000,rcs:20.000000
timestame:1619470595.472000000,objid:5,type:0,xpos:0.000000,ypos:0.000000,xspeed:6.440000,yspeed:2.860000,angle:-16.470000,distense:40.400000,rcs:18.000000
timestame:1619470595.472000000,objid:6,type:0,xpos:0.000000,ypos:0.000000,xspeed:5.740000,yspeed:2.690000,angle:21.870000,distense:38.600000,rcs:6.000000
