timestame:1619470798.444000000,objid:3,type:0,xpos:0.000000,ypos:0.000000,xspeed:1.340000,yspeed:-11.840000,angle:-18.000000,distense:67.200000,rcs:6.000000
timestame:1619470798.444000000,objid:15,type:0,xpos:0.000000,ypos:0.000000,xspeed:-1.550000,yspeed:-2.300000,angle:-18.000000,distense:37.400000,rcs:6.000000
