timestame:1619470778.522000000,objid:1,type:0,xpos:0.000000,ypos:0.000000,xspeed:-7.110000,yspeed:-0.530000,angle:-11.010000,distense:88.400000,rcs:23.000000
timestame:1619470778.522000000,objid:3,type:0,xpos:0.000000,ypos:0.000000,xspeed:1.140000,yspeed:-1.660000,angle:-14.040000,distense:49.000000,rcs:20.000000
timestame:1619470778.522000000,objid:4,type:0,xpos:0.000000,ypos:0.000000,xspeed:-1.300000,yspeed:-1.170000,angle:-3.180000,distense:48.400000,rcs:16.000000
