timestame:1619470962.689000000,objid:0,type:0,xpos:0.000000,ypos:0.000000,xspeed:3.410000,yspeed:0.350000,angle:7.300000,distense:46.400000,rcs:35.000000
timestame:1619470962.689000000,objid:6,type:0,xpos:0.000000,ypos:0.000000,xspeed:9.880000,yspeed:0.470000,angle:1.860000,distense:88.800000,rcs:31.000000
timestame:1619470962.689000000,objid:9,type:0,xpos:0.000000,ypos:0.000000,xspeed:9.630000,yspeed:0.270000,angle:2.380000,distense:107.200000,rcs:6.000000
timestame:1619470962.689000000,objid:12,type:0,xpos:0.000000,ypos:0.000000,xspeed:3.100000,yspeed:0.010000,angle:5.360000,distense:56.800000,rcs:22.000000
