timestame:1619471263.778000000,objid:2,type:0,xpos:0.000000,ypos:0.000000,xspeed:12.850000,yspeed:0.080000,angle:2.900000,distense:123.200000,rcs:24.000000
timestame:1619471263.778000000,objid:6,type:0,xpos:0.000000,ypos:0.000000,xspeed:12.800000,yspeed:-0.040000,angle:2.700000,distense:135.200000,rcs:9.000000
timestame:1619471263.778000000,objid:10,type:0,xpos:0.000000,ypos:0.000000,xspeed:12.750000,yspeed:-0.020000,angle:3.120000,distense:110.600000,rcs:25.000000
