timestame:1619470691.225000000,objid:1,type:0,xpos:0.000000,ypos:0.000000,xspeed:2.930000,yspeed:-0.030000,angle:7.500000,distense:32.400000,rcs:27.000000
timestame:1619470691.225000000,objid:2,type:0,xpos:0.000000,ypos:0.000000,xspeed:-1.310000,yspeed:0.130000,angle:-18.000000,distense:39.600000,rcs:13.000000
timestame:1619470691.225000000,objid:3,type:0,xpos:0.000000,ypos:0.000000,xspeed:-6.280000,yspeed:-0.140000,angle:-18.000000,distense:34.600000,rcs:15.000000
timestame:1619470691.225000000,objid:8,type:0,xpos:0.000000,ypos:0.000000,xspeed:-3.290000,yspeed:0.060000,angle:-18.000000,distense:28.000000,rcs:6.000000
