timestame:1619469538.498000000,objid:4,type:0,xpos:0.000000,ypos:0.000000,xspeed:17.060000,yspeed:0.270000,angle:1.610000,distense:138.600000,rcs:22.000000
timestame:1619469538.498000000,objid:7,type:0,xpos:0.000000,ypos:0.000000,xspeed:17.040000,yspeed:0.210000,angle:1.290000,distense:146.200000,rcs:12.000000
