timestame:1619470462.145000000,objid:0,type:0,xpos:0.000000,ypos:0.000000,xspeed:-15.120000,yspeed:-0.780000,angle:-9.560000,distense:75.200000,rcs:25.000000
timestame:1619470462.145000000,objid:2,type:0,xpos:0.000000,ypos:0.000000,xspeed:5.960000,yspeed:0.150000,angle:3.270000,distense:188.000000,rcs:16.000000
