timestame:1619470614.202000000,objid:0,type:0,xpos:0.000000,ypos:0.000000,xspeed:1.880000,yspeed:-8.550000,angle:-14.540000,distense:55.200000,rcs:12.000000
timestame:1619470614.202000000,objid:1,type:0,xpos:0.000000,ypos:0.000000,xspeed:-1.090000,yspeed:2.290000,angle:-5.180000,distense:42.400000,rcs:22.000000
timestame:1619470614.202000000,objid:2,type:0,xpos:0.000000,ypos:0.000000,xspeed:-1.800000,yspeed:7.390000,angle:2.820000,distense:41.000000,rcs:12.000000
timestame:1619470614.202000000,objid:7,type:0,xpos:0.000000,ypos:0.000000,xspeed:-18.500000,yspeed:-0.920000,angle:-6.260000,distense:145.600000,rcs:9.000000
