timestame:1619469762.067000000,objid:3,type:0,xpos:0.000000,ypos:0.000000,xspeed:5.300000,yspeed:0.640000,angle:20.260000,distense:21.000000,rcs:28.000000
timestame:1619469762.067000000,objid:5,type:0,xpos:0.000000,ypos:0.000000,xspeed:-18.390000,yspeed:0.490000,angle:-12.350000,distense:76.800000,rcs:15.000000
timestame:1619469762.067000000,objid:6,type:0,xpos:0.000000,ypos:0.000000,xspeed:4.260000,yspeed:1.340000,angle:-15.510000,distense:17.400000,rcs:19.000000
