timestame:1619470072.960000000,objid:3,type:0,xpos:0.000000,ypos:0.000000,xspeed:-1.330000,yspeed:2.340000,angle:16.930000,distense:48.200000,rcs:36.000000
timestame:1619470072.960000000,objid:4,type:0,xpos:0.000000,ypos:0.000000,xspeed:-1.530000,yspeed:2.350000,angle:21.750000,distense:43.200000,rcs:22.000000
timestame:1619470072.960000000,objid:8,type:0,xpos:0.000000,ypos:0.000000,xspeed:2.180000,yspeed:2.730000,angle:-9.900000,distense:40.400000,rcs:6.000000
