timestame:1619471090.252000000,objid:0,type:0,xpos:0.000000,ypos:0.000000,xspeed:10.500000,yspeed:0.440000,angle:1.920000,distense:96.800000,rcs:16.000000
timestame:1619471090.252000000,objid:1,type:0,xpos:0.000000,ypos:0.000000,xspeed:10.120000,yspeed:0.510000,angle:6.360000,distense:48.800000,rcs:21.000000
timestame:1619471090.252000000,objid:2,type:0,xpos:0.000000,ypos:0.000000,xspeed:5.770000,yspeed:0.180000,angle:2.100000,distense:43.400000,rcs:46.000000
timestame:1619471090.252000000,objid:4,type:0,xpos:0.000000,ypos:0.000000,xspeed:-21.900000,yspeed:-1.050000,angle:-18.000000,distense:44.400000,rcs:20.000000
