timestame:1619470082.273000000,objid:4,type:0,xpos:0.000000,ypos:0.000000,xspeed:2.380000,yspeed:-8.920000,angle:-5.380000,distense:52.000000,rcs:19.000000
timestame:1619470082.273000000,objid:5,type:0,xpos:0.000000,ypos:0.000000,xspeed:2.270000,yspeed:-8.500000,angle:-2.670000,distense:51.000000,rcs:25.000000
timestame:1619470082.273000000,objid:7,type:0,xpos:0.000000,ypos:0.000000,xspeed:1.420000,yspeed:-8.630000,angle:-7.880000,distense:47.200000,rcs:19.000000
