timestame:1619470028.860000000,objid:1,type:0,xpos:0.000000,ypos:0.000000,xspeed:4.980000,yspeed:0.330000,angle:1.370000,distense:26.800000,rcs:34.000000
timestame:1619470028.860000000,objid:2,type:0,xpos:0.000000,ypos:0.000000,xspeed:6.440000,yspeed:0.240000,angle:2.270000,distense:43.800000,rcs:29.000000
