timestame:1619470489.902000000,objid:5,type:0,xpos:0.000000,ypos:0.000000,xspeed:-2.420000,yspeed:-1.480000,angle:-18.000000,distense:30.600000,rcs:6.000000
timestame:1619470489.902000000,objid:6,type:0,xpos:0.000000,ypos:0.000000,xspeed:-3.480000,yspeed:-4.330000,angle:-18.000000,distense:34.000000,rcs:19.000000
timestame:1619470489.902000000,objid:8,type:0,xpos:0.000000,ypos:0.000000,xspeed:2.290000,yspeed:17.720000,angle:21.220000,distense:46.200000,rcs:28.000000
