timestame:1619470479.831000000,objid:0,type:0,xpos:0.000000,ypos:0.000000,xspeed:-7.200000,yspeed:-0.360000,angle:-7.060000,distense:97.400000,rcs:23.000000
timestame:1619470479.831000000,objid:1,type:0,xpos:0.000000,ypos:0.000000,xspeed:-5.690000,yspeed:-1.190000,angle:-6.770000,distense:100.600000,rcs:21.000000
timestame:1619470479.831000000,objid:2,type:0,xpos:0.000000,ypos:0.000000,xspeed:1.740000,yspeed:-0.520000,angle:11.520000,distense:79.000000,rcs:12.000000
timestame:1619470479.831000000,objid:4,type:0,xpos:0.000000,ypos:0.000000,xspeed:1.230000,yspeed:-3.410000,angle:-16.820000,distense:46.400000,rcs:15.000000
