timestame:1619471226.780000000,objid:0,type:0,xpos:0.000000,ypos:0.000000,xspeed:6.500000,yspeed:0.190000,angle:2.050000,distense:75.200000,rcs:19.000000
timestame:1619471226.780000000,objid:1,type:0,xpos:0.000000,ypos:0.000000,xspeed:5.290000,yspeed:-2.530000,angle:-11.430000,distense:47.800000,rcs:13.000000
timestame:1619471226.780000000,objid:9,type:0,xpos:0.000000,ypos:0.000000,xspeed:5.420000,yspeed:0.200000,angle:2.450000,distense:65.000000,rcs:29.000000
