timestame:1619470367.015000000,objid:0,type:0,xpos:0.000000,ypos:0.000000,xspeed:2.320000,yspeed:4.490000,angle:9.020000,distense:49.800000,rcs:20.000000
timestame:1619470367.015000000,objid:1,type:0,xpos:0.000000,ypos:0.000000,xspeed:-2.110000,yspeed:-3.700000,angle:-11.330000,distense:58.600000,rcs:12.000000
timestame:1619470367.015000000,objid:4,type:0,xpos:0.000000,ypos:0.000000,xspeed:-2.600000,yspeed:-4.070000,angle:-18.000000,distense:41.200000,rcs:26.000000
timestame:1619470367.015000000,objid:6,type:0,xpos:0.000000,ypos:0.000000,xspeed:-1.170000,yspeed:0.000000,angle:-13.490000,distense:42.800000,rcs:37.000000
