timestame:1619469684.757000000,objid:1,type:0,xpos:0.000000,ypos:0.000000,xspeed:-2.040000,yspeed:6.900000,angle:-14.880000,distense:50.000000,rcs:12.000000
timestame:1619469684.757000000,objid:2,type:0,xpos:0.000000,ypos:0.000000,xspeed:-1.620000,yspeed:4.990000,angle:-18.000000,distense:50.400000,rcs:13.000000
timestame:1619469684.757000000,objid:4,type:0,xpos:0.000000,ypos:0.000000,xspeed:-2.020000,yspeed:6.520000,angle:-18.000000,distense:51.600000,rcs:12.000000
