timestame:1619469920.732000000,objid:1,type:0,xpos:0.000000,ypos:0.000000,xspeed:5.750000,yspeed:-0.110000,angle:1.130000,distense:133.400000,rcs:9.000000
timestame:1619469920.732000000,objid:8,type:0,xpos:0.000000,ypos:0.000000,xspeed:5.750000,yspeed:0.120000,angle:1.530000,distense:126.800000,rcs:25.000000
