timestame:1619470448.913000000,objid:0,type:0,xpos:0.000000,ypos:0.000000,xspeed:18.900000,yspeed:1.100000,angle:1.410000,distense:218.400000,rcs:9.000000
timestame:1619470448.913000000,objid:1,type:0,xpos:0.000000,ypos:0.000000,xspeed:-5.540000,yspeed:-2.380000,angle:4.730000,distense:170.800000,rcs:6.000000
timestame:1619470448.913000000,objid:2,type:0,xpos:0.000000,ypos:0.000000,xspeed:4.780000,yspeed:-0.200000,angle:5.970000,distense:113.800000,rcs:20.000000
