timestame:1619469534.025000000,objid:4,type:0,xpos:0.000000,ypos:0.000000,xspeed:16.340000,yspeed:0.780000,angle:2.590000,distense:62.200000,rcs:30.000000
timestame:1619469534.025000000,objid:7,type:0,xpos:0.000000,ypos:0.000000,xspeed:16.580000,yspeed:0.690000,angle:2.000000,distense:70.200000,rcs:20.000000
