timestame:1619471029.400000000,objid:0,type:0,xpos:0.000000,ypos:0.000000,xspeed:12.850000,yspeed:0.070000,angle:-11.940000,distense:54.800000,rcs:12.000000
timestame:1619471029.400000000,objid:3,type:0,xpos:0.000000,ypos:0.000000,xspeed:4.460000,yspeed:0.790000,angle:-16.420000,distense:22.800000,rcs:22.000000
timestame:1619471029.400000000,objid:5,type:0,xpos:0.000000,ypos:0.000000,xspeed:5.120000,yspeed:0.800000,angle:20.970000,distense:29.000000,rcs:28.000000
timestame:1619471029.400000000,objid:8,type:0,xpos:0.000000,ypos:0.000000,xspeed:-3.270000,yspeed:7.570000,angle:-0.950000,distense:50.800000,rcs:6.000000
