timestame:1619469883.835000000,objid:1,type:0,xpos:0.000000,ypos:0.000000,xspeed:1.390000,yspeed:0.050000,angle:3.970000,distense:12.800000,rcs:41.000000
timestame:1619469883.835000000,objid:5,type:0,xpos:0.000000,ypos:0.000000,xspeed:-1.780000,yspeed:-0.210000,angle:-13.520000,distense:73.000000,rcs:18.000000
timestame:1619469883.835000000,objid:13,type:0,xpos:0.000000,ypos:0.000000,xspeed:-1.360000,yspeed:-0.190000,angle:-9.180000,distense:76.600000,rcs:24.000000
timestame:1619469883.835000000,objid:16,type:0,xpos:0.000000,ypos:0.000000,xspeed:-1.090000,yspeed:-0.980000,angle:-7.950000,distense:87.400000,rcs:13.000000
