timestame:1619470944.944000000,objid:1,type:0,xpos:0.000000,ypos:0.000000,xspeed:-7.180000,yspeed:-0.070000,angle:-18.000000,distense:37.000000,rcs:16.000000
timestame:1619470944.944000000,objid:5,type:0,xpos:0.000000,ypos:0.000000,xspeed:-6.250000,yspeed:-0.440000,angle:-18.000000,distense:43.800000,rcs:18.000000
timestame:1619470944.944000000,objid:7,type:0,xpos:0.000000,ypos:0.000000,xspeed:-5.660000,yspeed:-0.350000,angle:-18.000000,distense:41.400000,rcs:18.000000
