timestame:1619469567.579000000,objid:2,type:0,xpos:0.000000,ypos:0.000000,xspeed:-1.090000,yspeed:-4.080000,angle:-5.790000,distense:37.400000,rcs:28.000000
timestame:1619469567.579000000,objid:5,type:0,xpos:0.000000,ypos:0.000000,xspeed:-1.390000,yspeed:-2.420000,angle:-15.700000,distense:48.600000,rcs:6.000000
timestame:1619469567.579000000,objid:8,type:0,xpos:0.000000,ypos:0.000000,xspeed:3.950000,yspeed:-5.530000,angle:0.340000,distense:60.600000,rcs:6.000000
timestame:1619469567.579000000,objid:11,type:0,xpos:0.000000,ypos:0.000000,xspeed:-2.010000,yspeed:-4.730000,angle:-12.090000,distense:35.200000,rcs:26.000000
