timestame:1619469921.606000000,objid:1,type:0,xpos:0.000000,ypos:0.000000,xspeed:5.970000,yspeed:0.130000,angle:1.340000,distense:139.200000,rcs:9.000000
timestame:1619469921.606000000,objid:8,type:0,xpos:0.000000,ypos:0.000000,xspeed:5.750000,yspeed:0.120000,angle:1.510000,distense:132.000000,rcs:16.000000
