timestame:1619469979.502000000,objid:1,type:0,xpos:0.000000,ypos:0.000000,xspeed:-2.080000,yspeed:-5.450000,angle:-3.520000,distense:39.600000,rcs:35.000000
timestame:1619469979.502000000,objid:13,type:0,xpos:0.000000,ypos:0.000000,xspeed:-1.060000,yspeed:-2.890000,angle:-12.520000,distense:38.800000,rcs:38.000000
timestame:1619469979.502000000,objid:18,type:0,xpos:0.000000,ypos:0.000000,xspeed:2.210000,yspeed:-9.100000,angle:-18.000000,distense:66.000000,rcs:9.000000
