timestame:1619469924.945000000,objid:1,type:0,xpos:0.000000,ypos:0.000000,xspeed:6.370000,yspeed:0.210000,angle:1.500000,distense:160.400000,rcs:16.000000
timestame:1619469924.945000000,objid:8,type:0,xpos:0.000000,ypos:0.000000,xspeed:6.330000,yspeed:-0.010000,angle:1.230000,distense:153.400000,rcs:24.000000
