timestame:1619471225.237000000,objid:1,type:0,xpos:0.000000,ypos:0.000000,xspeed:5.890000,yspeed:-0.910000,angle:-6.310000,distense:39.400000,rcs:20.000000
timestame:1619471225.237000000,objid:6,type:0,xpos:0.000000,ypos:0.000000,xspeed:4.990000,yspeed:0.260000,angle:2.530000,distense:74.600000,rcs:6.000000
timestame:1619471225.237000000,objid:9,type:0,xpos:0.000000,ypos:0.000000,xspeed:5.050000,yspeed:0.120000,angle:2.520000,distense:56.000000,rcs:40.000000
