timestame:1619470082.646000000,objid:4,type:0,xpos:0.000000,ypos:0.000000,xspeed:2.250000,yspeed:-9.120000,angle:-9.030000,distense:53.200000,rcs:22.000000
timestame:1619470082.646000000,objid:5,type:0,xpos:0.000000,ypos:0.000000,xspeed:1.980000,yspeed:-8.400000,angle:-5.930000,distense:51.800000,rcs:24.000000
timestame:1619470082.646000000,objid:7,type:0,xpos:0.000000,ypos:0.000000,xspeed:2.050000,yspeed:-6.060000,angle:-9.850000,distense:47.400000,rcs:16.000000
