timestame:1619471082.552000000,objid:4,type:0,xpos:0.000000,ypos:0.000000,xspeed:3.010000,yspeed:0.000000,angle:0.900000,distense:28.800000,rcs:34.000000
timestame:1619471082.552000000,objid:6,type:0,xpos:0.000000,ypos:0.000000,xspeed:-6.970000,yspeed:-0.310000,angle:-18.000000,distense:23.200000,rcs:6.000000
timestame:1619471082.552000000,objid:10,type:0,xpos:0.000000,ypos:0.000000,xspeed:5.930000,yspeed:0.480000,angle:1.740000,distense:44.400000,rcs:6.000000
