timestame:1619470595.718000000,objid:1,type:0,xpos:0.000000,ypos:0.000000,xspeed:6.790000,yspeed:1.460000,angle:-17.740000,distense:30.400000,rcs:26.000000
timestame:1619470595.718000000,objid:5,type:0,xpos:0.000000,ypos:0.000000,xspeed:6.060000,yspeed:3.090000,angle:-15.600000,distense:41.600000,rcs:21.000000
timestame:1619470595.718000000,objid:6,type:0,xpos:0.000000,ypos:0.000000,xspeed:5.740000,yspeed:2.690000,angle:21.990000,distense:40.200000,rcs:6.000000
