timestame:1619470607.825000000,objid:1,type:0,xpos:0.000000,ypos:0.000000,xspeed:-2.370000,yspeed:-1.300000,angle:-12.880000,distense:50.600000,rcs:12.000000
timestame:1619470607.825000000,objid:2,type:0,xpos:0.000000,ypos:0.000000,xspeed:6.110000,yspeed:0.000000,angle:-16.050000,distense:17.000000,rcs:12.000000
