timestame:1619471004.133000000,objid:1,type:0,xpos:0.000000,ypos:0.000000,xspeed:-13.220000,yspeed:-0.750000,angle:-6.780000,distense:128.800000,rcs:18.000000
timestame:1619471004.133000000,objid:4,type:0,xpos:0.000000,ypos:0.000000,xspeed:1.270000,yspeed:0.260000,angle:0.910000,distense:17.600000,rcs:12.000000
