timestame:1619471064.357000000,objid:0,type:0,xpos:0.000000,ypos:0.000000,xspeed:-6.790000,yspeed:0.600000,angle:-4.780000,distense:115.000000,rcs:16.000000
timestame:1619471064.357000000,objid:2,type:0,xpos:0.000000,ypos:0.000000,xspeed:6.670000,yspeed:-18.890000,angle:-12.710000,distense:59.600000,rcs:16.000000
timestame:1619471064.357000000,objid:3,type:0,xpos:0.000000,ypos:0.000000,xspeed:-7.150000,yspeed:-2.260000,angle:-4.330000,distense:164.200000,rcs:12.000000
timestame:1619471064.357000000,objid:9,type:0,xpos:0.000000,ypos:0.000000,xspeed:-1.640000,yspeed:-0.030000,angle:-10.010000,distense:73.400000,rcs:20.000000
