timestame:1619469538.005000000,objid:4,type:0,xpos:0.000000,ypos:0.000000,xspeed:17.020000,yspeed:0.280000,angle:1.670000,distense:130.400000,rcs:19.000000
timestame:1619469538.005000000,objid:7,type:0,xpos:0.000000,ypos:0.000000,xspeed:17.040000,yspeed:0.210000,angle:1.330000,distense:138.000000,rcs:12.000000
