timestame:1619470975.118000000,objid:0,type:0,xpos:0.000000,ypos:0.000000,xspeed:6.570000,yspeed:0.070000,angle:3.510000,distense:114.400000,rcs:20.000000
timestame:1619470975.118000000,objid:3,type:0,xpos:0.000000,ypos:0.000000,xspeed:7.120000,yspeed:-0.170000,angle:2.300000,distense:124.200000,rcs:12.000000
timestame:1619470975.118000000,objid:5,type:0,xpos:0.000000,ypos:0.000000,xspeed:-17.200000,yspeed:7.960000,angle:-5.680000,distense:140.600000,rcs:13.000000
timestame:1619470975.118000000,objid:9,type:0,xpos:0.000000,ypos:0.000000,xspeed:1.900000,yspeed:3.530000,angle:-6.840000,distense:43.400000,rcs:6.000000
