timestame:1619470691.538000000,objid:1,type:0,xpos:0.000000,ypos:0.000000,xspeed:3.230000,yspeed:0.060000,angle:7.400000,distense:33.800000,rcs:27.000000
timestame:1619470691.538000000,objid:2,type:0,xpos:0.000000,ypos:0.000000,xspeed:-1.720000,yspeed:0.140000,angle:-18.000000,distense:38.800000,rcs:6.000000
timestame:1619470691.538000000,objid:3,type:0,xpos:0.000000,ypos:0.000000,xspeed:-9.210000,yspeed:-0.100000,angle:-18.000000,distense:31.400000,rcs:13.000000
timestame:1619470691.538000000,objid:8,type:0,xpos:0.000000,ypos:0.000000,xspeed:-3.290000,yspeed:0.060000,angle:-18.000000,distense:27.200000,rcs:6.000000
