timestame:1619470256.666000000,objid:4,type:0,xpos:0.000000,ypos:0.000000,xspeed:3.760000,yspeed:3.200000,angle:-10.670000,distense:40.800000,rcs:6.000000
timestame:1619470256.666000000,objid:8,type:0,xpos:0.000000,ypos:0.000000,xspeed:1.110000,yspeed:3.190000,angle:-6.780000,distense:47.000000,rcs:6.000000
