timestame:1619470031.775000000,objid:1,type:0,xpos:0.000000,ypos:0.000000,xspeed:6.620000,yspeed:0.310000,angle:2.420000,distense:45.800000,rcs:32.000000
timestame:1619470031.775000000,objid:4,type:0,xpos:0.000000,ypos:0.000000,xspeed:11.280000,yspeed:0.150000,angle:1.920000,distense:76.000000,rcs:22.000000
timestame:1619470031.775000000,objid:7,type:0,xpos:0.000000,ypos:0.000000,xspeed:1.740000,yspeed:-1.390000,angle:5.920000,distense:22.000000,rcs:29.000000
