timestame:1619469889.219000000,objid:1,type:0,xpos:0.000000,ypos:0.000000,xspeed:1.030000,yspeed:-0.070000,angle:1.760000,distense:19.400000,rcs:45.000000
timestame:1619469889.219000000,objid:2,type:0,xpos:0.000000,ypos:0.000000,xspeed:-3.430000,yspeed:-0.230000,angle:-12.850000,distense:60.000000,rcs:20.000000
timestame:1619469889.219000000,objid:5,type:0,xpos:0.000000,ypos:0.000000,xspeed:-2.740000,yspeed:-0.110000,angle:-16.650000,distense:60.200000,rcs:19.000000
timestame:1619469889.219000000,objid:16,type:0,xpos:0.000000,ypos:0.000000,xspeed:-3.550000,yspeed:-0.210000,angle:-10.630000,distense:70.200000,rcs:24.000000
