timestame:1619470212.035000000,objid:0,type:0,xpos:0.000000,ypos:0.000000,xspeed:1.530000,yspeed:0.170000,angle:6.400000,distense:16.600000,rcs:27.000000
timestame:1619470212.035000000,objid:2,type:0,xpos:0.000000,ypos:0.000000,xspeed:-2.150000,yspeed:7.840000,angle:-18.000000,distense:46.000000,rcs:19.000000
timestame:1619470212.035000000,objid:4,type:0,xpos:0.000000,ypos:0.000000,xspeed:-1.160000,yspeed:-2.400000,angle:-3.860000,distense:49.800000,rcs:12.000000
