timestame:1619471268.297000000,objid:0,type:0,xpos:0.000000,ypos:0.000000,xspeed:13.550000,yspeed:0.220000,angle:2.350000,distense:208.000000,rcs:6.000000
timestame:1619471268.297000000,objid:2,type:0,xpos:0.000000,ypos:0.000000,xspeed:13.560000,yspeed:0.050000,angle:2.050000,distense:183.800000,rcs:16.000000
timestame:1619471268.297000000,objid:6,type:0,xpos:0.000000,ypos:0.000000,xspeed:13.530000,yspeed:0.110000,angle:2.010000,distense:195.800000,rcs:9.000000
timestame:1619471268.297000000,objid:10,type:0,xpos:0.000000,ypos:0.000000,xspeed:13.550000,yspeed:0.060000,angle:2.070000,distense:171.400000,rcs:18.000000
