timestame:1619471096.210000000,objid:0,type:0,xpos:0.000000,ypos:0.000000,xspeed:-36.720000,yspeed:0.000000,angle:-11.430000,distense:65.400000,rcs:13.000000
timestame:1619471096.210000000,objid:2,type:0,xpos:0.000000,ypos:0.000000,xspeed:7.980000,yspeed:-0.130000,angle:1.320000,distense:89.200000,rcs:36.000000
