timestame:1619471313.492000000,objid:1,type:0,xpos:0.000000,ypos:0.000000,xspeed:-12.060000,yspeed:-1.720000,angle:-3.510000,distense:175.200000,rcs:18.000000
timestame:1619471313.492000000,objid:2,type:0,xpos:0.000000,ypos:0.000000,xspeed:1.820000,yspeed:4.050000,angle:-5.900000,distense:47.400000,rcs:6.000000
timestame:1619471313.492000000,objid:3,type:0,xpos:0.000000,ypos:0.000000,xspeed:2.780000,yspeed:4.010000,angle:-8.850000,distense:43.000000,rcs:9.000000
timestame:1619471313.492000000,objid:4,type:0,xpos:0.000000,ypos:0.000000,xspeed:-1.220000,yspeed:5.300000,angle:10.460000,distense:36.600000,rcs:9.000000
