timestame:1619470962.997000000,objid:0,type:0,xpos:0.000000,ypos:0.000000,xspeed:3.590000,yspeed:0.200000,angle:6.910000,distense:47.800000,rcs:36.000000
timestame:1619470962.997000000,objid:6,type:0,xpos:0.000000,ypos:0.000000,xspeed:10.040000,yspeed:0.470000,angle:1.890000,distense:92.000000,rcs:36.000000
timestame:1619470962.997000000,objid:9,type:0,xpos:0.000000,ypos:0.000000,xspeed:9.700000,yspeed:0.190000,angle:2.260000,distense:110.200000,rcs:9.000000
timestame:1619470962.997000000,objid:12,type:0,xpos:0.000000,ypos:0.000000,xspeed:3.110000,yspeed:0.020000,angle:5.290000,distense:57.800000,rcs:22.000000
