timestame:1619471311.132000000,objid:0,type:0,xpos:0.000000,ypos:0.000000,xspeed:3.130000,yspeed:1.420000,angle:20.390000,distense:39.800000,rcs:9.000000
timestame:1619471311.132000000,objid:2,type:0,xpos:0.000000,ypos:0.000000,xspeed:3.460000,yspeed:2.250000,angle:-16.240000,distense:39.600000,rcs:12.000000
timestame:1619471311.132000000,objid:3,type:0,xpos:0.000000,ypos:0.000000,xspeed:3.570000,yspeed:1.770000,angle:-17.280000,distense:32.400000,rcs:25.000000
timestame:1619471311.132000000,objid:4,type:0,xpos:0.000000,ypos:0.000000,xspeed:-1.280000,yspeed:5.490000,angle:-7.540000,distense:38.800000,rcs:23.000000
