timestame:1619470424.947000000,objid:2,type:0,xpos:0.000000,ypos:0.000000,xspeed:1.690000,yspeed:-0.180000,angle:-14.860000,distense:28.600000,rcs:16.000000
timestame:1619470424.947000000,objid:7,type:0,xpos:0.000000,ypos:0.000000,xspeed:13.400000,yspeed:14.180000,angle:-17.990000,distense:77.400000,rcs:6.000000
timestame:1619470424.947000000,objid:8,type:0,xpos:0.000000,ypos:0.000000,xspeed:2.990000,yspeed:3.990000,angle:-8.950000,distense:43.400000,rcs:6.000000
