timestame:1619470201.607000000,objid:0,type:0,xpos:0.000000,ypos:0.000000,xspeed:1.060000,yspeed:-3.440000,angle:5.480000,distense:140.800000,rcs:24.000000
timestame:1619470201.607000000,objid:2,type:0,xpos:0.000000,ypos:0.000000,xspeed:1.680000,yspeed:-0.450000,angle:4.880000,distense:156.600000,rcs:9.000000
