timestame:1619471264.271000000,objid:2,type:0,xpos:0.000000,ypos:0.000000,xspeed:12.900000,yspeed:0.070000,angle:2.770000,distense:129.400000,rcs:16.000000
timestame:1619471264.271000000,objid:6,type:0,xpos:0.000000,ypos:0.000000,xspeed:12.920000,yspeed:-0.040000,angle:2.580000,distense:141.600000,rcs:16.000000
timestame:1619471264.271000000,objid:10,type:0,xpos:0.000000,ypos:0.000000,xspeed:12.850000,yspeed:-0.050000,angle:2.910000,distense:117.000000,rcs:31.000000
