timestame:1619470967.852000000,objid:0,type:0,xpos:0.000000,ypos:0.000000,xspeed:4.710000,yspeed:0.220000,angle:5.360000,distense:70.200000,rcs:29.000000
timestame:1619470967.852000000,objid:1,type:0,xpos:0.000000,ypos:0.000000,xspeed:13.720000,yspeed:0.250000,angle:1.020000,distense:175.200000,rcs:22.000000
timestame:1619470967.852000000,objid:6,type:0,xpos:0.000000,ypos:0.000000,xspeed:11.890000,yspeed:0.340000,angle:1.870000,distense:148.400000,rcs:15.000000
timestame:1619470967.852000000,objid:7,type:0,xpos:0.000000,ypos:0.000000,xspeed:6.180000,yspeed:1.610000,angle:19.990000,distense:29.600000,rcs:30.000000
