timestame:1619470461.340000000,objid:0,type:0,xpos:0.000000,ypos:0.000000,xspeed:-16.000000,yspeed:-1.140000,angle:-8.200000,distense:86.800000,rcs:16.000000
timestame:1619470461.340000000,objid:2,type:0,xpos:0.000000,ypos:0.000000,xspeed:5.940000,yspeed:0.000000,angle:3.210000,distense:183.000000,rcs:12.000000
