timestame:1619470290.184000000,objid:2,type:0,xpos:0.000000,ypos:0.000000,xspeed:-12.100000,yspeed:-0.380000,angle:-13.590000,distense:68.200000,rcs:29.000000
timestame:1619470290.184000000,objid:5,type:0,xpos:0.000000,ypos:0.000000,xspeed:-6.340000,yspeed:-0.440000,angle:-18.000000,distense:25.600000,rcs:6.000000
timestame:1619470290.184000000,objid:7,type:0,xpos:0.000000,ypos:0.000000,xspeed:-5.490000,yspeed:-0.150000,angle:-18.000000,distense:23.000000,rcs:6.000000
