timestame:1619470608.139000000,objid:1,type:0,xpos:0.000000,ypos:0.000000,xspeed:-1.020000,yspeed:-1.600000,angle:-13.340000,distense:50.400000,rcs:12.000000
timestame:1619470608.139000000,objid:2,type:0,xpos:0.000000,ypos:0.000000,xspeed:8.140000,yspeed:0.450000,angle:22.490000,distense:19.800000,rcs:18.000000
