timestame:1619471453.096000000,objid:3,type:0,xpos:0.000000,ypos:0.000000,xspeed:-1.670000,yspeed:-0.130000,angle:-6.710000,distense:99.800000,rcs:12.000000
timestame:1619471453.096000000,objid:11,type:0,xpos:0.000000,ypos:0.000000,xspeed:-1.250000,yspeed:0.320000,angle:-7.290000,distense:92.400000,rcs:6.000000
timestame:1619471453.096000000,objid:13,type:0,xpos:0.000000,ypos:0.000000,xspeed:-4.130000,yspeed:-0.090000,angle:-15.110000,distense:30.000000,rcs:6.000000
