timestame:1619470441.707000000,objid:1,type:0,xpos:0.000000,ypos:0.000000,xspeed:15.470000,yspeed:0.580000,angle:2.320000,distense:85.400000,rcs:24.000000
timestame:1619470441.707000000,objid:2,type:0,xpos:0.000000,ypos:0.000000,xspeed:3.790000,yspeed:0.040000,angle:9.390000,distense:81.600000,rcs:22.000000
