timestame:1619470487.217000000,objid:2,type:0,xpos:0.000000,ypos:0.000000,xspeed:1.510000,yspeed:-7.980000,angle:-10.530000,distense:67.000000,rcs:13.000000
timestame:1619470487.217000000,objid:4,type:0,xpos:0.000000,ypos:0.000000,xspeed:-1.640000,yspeed:-4.250000,angle:-18.000000,distense:38.600000,rcs:9.000000
timestame:1619470487.217000000,objid:5,type:0,xpos:0.000000,ypos:0.000000,xspeed:-3.170000,yspeed:-2.070000,angle:-18.000000,distense:34.600000,rcs:25.000000
