timestame:1619471100.055000000,objid:0,type:0,xpos:0.000000,ypos:0.000000,xspeed:-16.470000,yspeed:-0.580000,angle:-18.000000,distense:20.600000,rcs:6.000000
timestame:1619471100.055000000,objid:2,type:0,xpos:0.000000,ypos:0.000000,xspeed:9.940000,yspeed:0.140000,angle:1.220000,distense:127.400000,rcs:32.000000
