timestame:1619470565.616000000,objid:0,type:0,xpos:0.000000,ypos:0.000000,xspeed:6.820000,yspeed:2.240000,angle:20.400000,distense:30.200000,rcs:6.000000
timestame:1619470565.616000000,objid:2,type:0,xpos:0.000000,ypos:0.000000,xspeed:-13.120000,yspeed:0.000000,angle:-15.770000,distense:21.600000,rcs:27.000000
timestame:1619470565.616000000,objid:3,type:0,xpos:0.000000,ypos:0.000000,xspeed:12.540000,yspeed:0.220000,angle:1.470000,distense:127.600000,rcs:13.000000
