timestame:1619470667.594000000,objid:2,type:0,xpos:0.000000,ypos:0.000000,xspeed:2.780000,yspeed:5.380000,angle:-8.620000,distense:98.000000,rcs:12.000000
timestame:1619470667.594000000,objid:3,type:0,xpos:0.000000,ypos:0.000000,xspeed:-1.090000,yspeed:-0.310000,angle:-8.740000,distense:102.000000,rcs:12.000000
timestame:1619470667.594000000,objid:4,type:0,xpos:0.000000,ypos:0.000000,xspeed:4.710000,yspeed:2.330000,angle:-11.410000,distense:19.200000,rcs:28.000000
timestame:1619470667.594000000,objid:5,type:0,xpos:0.000000,ypos:0.000000,xspeed:4.480000,yspeed:3.390000,angle:-17.870000,distense:20.400000,rcs:26.000000
