timestame:1619470003.408000000,objid:2,type:0,xpos:0.000000,ypos:0.000000,xspeed:-3.310000,yspeed:-1.340000,angle:-18.000000,distense:34.800000,rcs:20.000000
timestame:1619470003.408000000,objid:6,type:0,xpos:0.000000,ypos:0.000000,xspeed:1.440000,yspeed:-0.380000,angle:-18.000000,distense:41.000000,rcs:13.000000
timestame:1619470003.408000000,objid:7,type:0,xpos:0.000000,ypos:0.000000,xspeed:-3.030000,yspeed:-0.040000,angle:9.400000,distense:39.600000,rcs:21.000000
timestame:1619470003.408000000,objid:19,type:0,xpos:0.000000,ypos:0.000000,xspeed:1.300000,yspeed:0.210000,angle:12.520000,distense:15.000000,rcs:24.000000
