timestame:1619471137.306000000,objid:4,type:0,xpos:0.000000,ypos:0.000000,xspeed:3.330000,yspeed:-1.570000,angle:8.690000,distense:44.200000,rcs:12.000000
timestame:1619471137.306000000,objid:5,type:0,xpos:0.000000,ypos:0.000000,xspeed:-1.530000,yspeed:-0.940000,angle:-0.900000,distense:37.000000,rcs:42.000000
timestame:1619471137.306000000,objid:8,type:0,xpos:0.000000,ypos:0.000000,xspeed:1.050000,yspeed:-0.510000,angle:21.260000,distense:50.800000,rcs:6.000000
timestame:1619471137.306000000,objid:9,type:0,xpos:0.000000,ypos:0.000000,xspeed:-1.170000,yspeed:0.000000,angle:6.650000,distense:38.000000,rcs:43.000000
