timestame:1619470940.295000000,objid:1,type:0,xpos:0.000000,ypos:0.000000,xspeed:-3.580000,yspeed:0.550000,angle:-13.350000,distense:67.000000,rcs:22.000000
timestame:1619470940.295000000,objid:5,type:0,xpos:0.000000,ypos:0.000000,xspeed:-4.670000,yspeed:0.000000,angle:-13.960000,distense:70.200000,rcs:20.000000
timestame:1619470940.295000000,objid:10,type:0,xpos:0.000000,ypos:0.000000,xspeed:-3.810000,yspeed:0.210000,angle:-10.630000,distense:68.000000,rcs:6.000000
