timestame:1619471438.570000000,objid:6,type:0,xpos:0.000000,ypos:0.000000,xspeed:5.620000,yspeed:0.870000,angle:-7.200000,distense:88.600000,rcs:16.000000
timestame:1619471438.570000000,objid:8,type:0,xpos:0.000000,ypos:0.000000,xspeed:-2.250000,yspeed:-1.400000,angle:-18.000000,distense:31.600000,rcs:20.000000
timestame:1619471438.570000000,objid:10,type:0,xpos:0.000000,ypos:0.000000,xspeed:-1.240000,yspeed:-12.510000,angle:-18.000000,distense:41.600000,rcs:6.000000
timestame:1619471438.570000000,objid:16,type:0,xpos:0.000000,ypos:0.000000,xspeed:-23.330000,yspeed:-20.220000,angle:-8.900000,distense:7.800000,rcs:9.000000
