timestame:1619469914.844000000,objid:1,type:0,xpos:0.000000,ypos:0.000000,xspeed:5.130000,yspeed:-0.020000,angle:1.520000,distense:99.400000,rcs:22.000000
timestame:1619469914.844000000,objid:2,type:0,xpos:0.000000,ypos:0.000000,xspeed:12.910000,yspeed:0.370000,angle:2.560000,distense:191.200000,rcs:9.000000
timestame:1619469914.844000000,objid:8,type:0,xpos:0.000000,ypos:0.000000,xspeed:5.170000,yspeed:-0.050000,angle:1.690000,distense:92.600000,rcs:18.000000
