timestame:1619470122.492000000,objid:1,type:0,xpos:0.000000,ypos:0.000000,xspeed:7.840000,yspeed:3.270000,angle:19.050000,distense:34.600000,rcs:22.000000
timestame:1619470122.492000000,objid:4,type:0,xpos:0.000000,ypos:0.000000,xspeed:3.110000,yspeed:1.050000,angle:-15.060000,distense:21.400000,rcs:6.000000
timestame:1619470122.492000000,objid:6,type:0,xpos:0.000000,ypos:0.000000,xspeed:5.340000,yspeed:1.440000,angle:20.850000,distense:26.400000,rcs:34.000000
timestame:1619470122.492000000,objid:8,type:0,xpos:0.000000,ypos:0.000000,xspeed:4.000000,yspeed:1.480000,angle:-17.000000,distense:28.400000,rcs:37.000000
