timestame:1619470759.225000000,objid:0,type:0,xpos:0.000000,ypos:0.000000,xspeed:-4.760000,yspeed:-7.220000,angle:-15.450000,distense:36.600000,rcs:34.000000
timestame:1619470759.225000000,objid:1,type:0,xpos:0.000000,ypos:0.000000,xspeed:-1.530000,yspeed:-3.070000,angle:-18.000000,distense:37.800000,rcs:35.000000
timestame:1619470759.225000000,objid:5,type:0,xpos:0.000000,ypos:0.000000,xspeed:7.080000,yspeed:1.010000,angle:-0.420000,distense:45.000000,rcs:9.000000
