timestame:1619471237.576000000,objid:0,type:0,xpos:0.000000,ypos:0.000000,xspeed:8.040000,yspeed:0.020000,angle:1.230000,distense:154.600000,rcs:6.000000
timestame:1619471237.576000000,objid:9,type:0,xpos:0.000000,ypos:0.000000,xspeed:8.590000,yspeed:-0.100000,angle:1.130000,distense:146.000000,rcs:12.000000
