timestame:1619470791.259000000,objid:0,type:0,xpos:0.000000,ypos:0.000000,xspeed:1.530000,yspeed:0.140000,angle:1.830000,distense:19.200000,rcs:35.000000
timestame:1619470791.259000000,objid:1,type:0,xpos:0.000000,ypos:0.000000,xspeed:1.560000,yspeed:-8.260000,angle:21.420000,distense:46.200000,rcs:25.000000
timestame:1619470791.259000000,objid:2,type:0,xpos:0.000000,ypos:0.000000,xspeed:1.510000,yspeed:-7.530000,angle:-14.890000,distense:47.800000,rcs:16.000000
