timestame:1619471410.867000000,objid:2,type:0,xpos:0.000000,ypos:0.000000,xspeed:-4.150000,yspeed:-1.870000,angle:-18.000000,distense:38.800000,rcs:30.000000
timestame:1619471410.867000000,objid:4,type:0,xpos:0.000000,ypos:0.000000,xspeed:-1.530000,yspeed:-0.390000,angle:-1.580000,distense:42.000000,rcs:20.000000
timestame:1619471410.867000000,objid:7,type:0,xpos:0.000000,ypos:0.000000,xspeed:-2.460000,yspeed:-2.980000,angle:-18.000000,distense:36.800000,rcs:13.000000
timestame:1619471410.867000000,objid:12,type:0,xpos:0.000000,ypos:0.000000,xspeed:-9.300000,yspeed:-0.450000,angle:-4.450000,distense:179.400000,rcs:9.000000
