timestame:1619469783.853000000,objid:2,type:0,xpos:0.000000,ypos:0.000000,xspeed:16.940000,yspeed:-0.050000,angle:1.070000,distense:158.800000,rcs:13.000000
timestame:1619469783.853000000,objid:4,type:0,xpos:0.000000,ypos:0.000000,xspeed:-17.610000,yspeed:-0.320000,angle:-6.220000,distense:135.600000,rcs:6.000000
timestame:1619469783.853000000,objid:5,type:0,xpos:0.000000,ypos:0.000000,xspeed:1.600000,yspeed:3.520000,angle:-2.840000,distense:46.000000,rcs:6.000000
timestame:1619469783.853000000,objid:10,type:0,xpos:0.000000,ypos:0.000000,xspeed:16.670000,yspeed:0.230000,angle:1.290000,distense:146.000000,rcs:16.000000
