timestame:1619470150.480000000,objid:1,type:0,xpos:0.000000,ypos:0.000000,xspeed:2.410000,yspeed:1.460000,angle:-16.270000,distense:34.200000,rcs:22.000000
timestame:1619470150.480000000,objid:3,type:0,xpos:0.000000,ypos:0.000000,xspeed:-3.420000,yspeed:-0.240000,angle:-12.550000,distense:63.000000,rcs:19.000000
timestame:1619470150.480000000,objid:5,type:0,xpos:0.000000,ypos:0.000000,xspeed:-9.080000,yspeed:-3.470000,angle:15.830000,distense:21.200000,rcs:9.000000
timestame:1619470150.480000000,objid:13,type:0,xpos:0.000000,ypos:0.000000,xspeed:-14.980000,yspeed:-0.060000,angle:-3.800000,distense:178.200000,rcs:13.000000
