timestame:1619470953.006000000,objid:0,type:0,xpos:0.000000,ypos:0.000000,xspeed:5.050000,yspeed:0.090000,angle:1.090000,distense:36.600000,rcs:45.000000
timestame:1619470953.006000000,objid:2,type:0,xpos:0.000000,ypos:0.000000,xspeed:2.330000,yspeed:0.000000,angle:9.250000,distense:18.600000,rcs:36.000000
timestame:1619470953.006000000,objid:5,type:0,xpos:0.000000,ypos:0.000000,xspeed:-4.080000,yspeed:0.000000,angle:16.130000,distense:27.400000,rcs:12.000000
timestame:1619470953.006000000,objid:10,type:0,xpos:0.000000,ypos:0.000000,xspeed:4.150000,yspeed:-0.110000,angle:2.160000,distense:21.400000,rcs:12.000000
