timestame:1619469538.560000000,objid:4,type:0,xpos:0.000000,ypos:0.000000,xspeed:17.080000,yspeed:0.280000,angle:1.620000,distense:139.800000,rcs:18.000000
timestame:1619469538.560000000,objid:7,type:0,xpos:0.000000,ypos:0.000000,xspeed:17.040000,yspeed:0.230000,angle:1.300000,distense:147.200000,rcs:9.000000
