timestame:1619471236.775000000,objid:0,type:0,xpos:0.000000,ypos:0.000000,xspeed:8.110000,yspeed:-0.040000,angle:1.220000,distense:148.400000,rcs:6.000000
timestame:1619471236.775000000,objid:9,type:0,xpos:0.000000,ypos:0.000000,xspeed:8.240000,yspeed:-0.050000,angle:1.260000,distense:138.800000,rcs:23.000000
