timestame:1619470014.621000000,objid:0,type:0,xpos:0.000000,ypos:0.000000,xspeed:-2.200000,yspeed:-1.740000,angle:-18.000000,distense:31.400000,rcs:6.000000
timestame:1619470014.621000000,objid:1,type:0,xpos:0.000000,ypos:0.000000,xspeed:-1.030000,yspeed:-2.880000,angle:14.180000,distense:40.800000,rcs:31.000000
timestame:1619470014.621000000,objid:5,type:0,xpos:0.000000,ypos:0.000000,xspeed:-1.130000,yspeed:-1.490000,angle:-14.380000,distense:36.400000,rcs:16.000000
timestame:1619470014.621000000,objid:8,type:0,xpos:0.000000,ypos:0.000000,xspeed:-2.640000,yspeed:1.030000,angle:-0.150000,distense:56.600000,rcs:12.000000
