timestame:1619471264.702000000,objid:0,type:0,xpos:0.000000,ypos:0.000000,xspeed:13.320000,yspeed:7.520000,angle:3.150000,distense:159.800000,rcs:6.000000
timestame:1619471264.702000000,objid:2,type:0,xpos:0.000000,ypos:0.000000,xspeed:12.930000,yspeed:0.100000,angle:2.700000,distense:134.800000,rcs:24.000000
timestame:1619471264.702000000,objid:6,type:0,xpos:0.000000,ypos:0.000000,xspeed:12.940000,yspeed:-0.070000,angle:2.440000,distense:147.000000,rcs:9.000000
timestame:1619471264.702000000,objid:10,type:0,xpos:0.000000,ypos:0.000000,xspeed:12.890000,yspeed:-0.030000,angle:2.790000,distense:122.400000,rcs:27.000000
