timestame:1619470142.590000000,objid:0,type:0,xpos:0.000000,ypos:0.000000,xspeed:4.590000,yspeed:0.750000,angle:22.320000,distense:23.800000,rcs:23.000000
timestame:1619470142.590000000,objid:1,type:0,xpos:0.000000,ypos:0.000000,xspeed:1.730000,yspeed:-0.210000,angle:14.010000,distense:29.400000,rcs:6.000000
timestame:1619470142.590000000,objid:3,type:0,xpos:0.000000,ypos:0.000000,xspeed:12.350000,yspeed:-7.930000,angle:12.400000,distense:28.800000,rcs:6.000000
