timestame:1619470480.957000000,objid:1,type:0,xpos:0.000000,ypos:0.000000,xspeed:-4.480000,yspeed:0.300000,angle:-6.770000,distense:95.200000,rcs:24.000000
timestame:1619470480.957000000,objid:2,type:0,xpos:0.000000,ypos:0.000000,xspeed:1.700000,yspeed:-0.340000,angle:11.210000,distense:80.800000,rcs:12.000000
timestame:1619470480.957000000,objid:6,type:0,xpos:0.000000,ypos:0.000000,xspeed:-2.780000,yspeed:1.780000,angle:-6.140000,distense:101.800000,rcs:12.000000
