timestame:1619470701.944000000,objid:0,type:0,xpos:0.000000,ypos:0.000000,xspeed:4.810000,yspeed:2.370000,angle:19.750000,distense:27.600000,rcs:28.000000
timestame:1619470701.944000000,objid:1,type:0,xpos:0.000000,ypos:0.000000,xspeed:9.910000,yspeed:-0.040000,angle:3.320000,distense:116.200000,rcs:9.000000
timestame:1619470701.944000000,objid:2,type:0,xpos:0.000000,ypos:0.000000,xspeed:-8.830000,yspeed:0.060000,angle:-12.540000,distense:88.800000,rcs:12.000000
