timestame:1619469581.132000000,objid:1,type:0,xpos:0.000000,ypos:0.000000,xspeed:-5.650000,yspeed:-0.250000,angle:-8.700000,distense:101.600000,rcs:15.000000
timestame:1619469581.132000000,objid:5,type:0,xpos:0.000000,ypos:0.000000,xspeed:-5.720000,yspeed:-0.110000,angle:-10.420000,distense:88.200000,rcs:13.000000
