timestame:1619471096.271000000,objid:2,type:0,xpos:0.000000,ypos:0.000000,xspeed:8.020000,yspeed:-0.160000,angle:1.270000,distense:89.600000,rcs:35.000000
timestame:1619471096.271000000,objid:3,type:0,xpos:0.000000,ypos:0.000000,xspeed:-17.780000,yspeed:0.000000,angle:-9.280000,distense:76.600000,rcs:28.000000
