timestame:1619470534.162000000,objid:0,type:0,xpos:0.000000,ypos:0.000000,xspeed:5.700000,yspeed:0.410000,angle:17.520000,distense:22.400000,rcs:25.000000
timestame:1619470534.162000000,objid:1,type:0,xpos:0.000000,ypos:0.000000,xspeed:-13.700000,yspeed:0.000000,angle:-10.610000,distense:15.400000,rcs:21.000000
timestame:1619470534.162000000,objid:2,type:0,xpos:0.000000,ypos:0.000000,xspeed:-6.680000,yspeed:-1.170000,angle:-8.190000,distense:113.200000,rcs:9.000000
timestame:1619470534.162000000,objid:4,type:0,xpos:0.000000,ypos:0.000000,xspeed:2.210000,yspeed:-0.310000,angle:-15.590000,distense:23.600000,rcs:25.000000
