timestame:1619470012.210000000,objid:0,type:0,xpos:0.000000,ypos:0.000000,xspeed:-1.880000,yspeed:-1.570000,angle:-18.000000,distense:34.400000,rcs:27.000000
timestame:1619470012.210000000,objid:1,type:0,xpos:0.000000,ypos:0.000000,xspeed:-1.690000,yspeed:2.850000,angle:-8.670000,distense:46.800000,rcs:13.000000
timestame:1619470012.210000000,objid:2,type:0,xpos:0.000000,ypos:0.000000,xspeed:-9.460000,yspeed:3.890000,angle:-6.320000,distense:40.400000,rcs:9.000000
timestame:1619470012.210000000,objid:10,type:0,xpos:0.000000,ypos:0.000000,xspeed:-3.480000,yspeed:-3.380000,angle:-9.380000,distense:47.600000,rcs:12.000000
