timestame:1619469568.514000000,objid:1,type:0,xpos:0.000000,ypos:0.000000,xspeed:1.360000,yspeed:2.140000,angle:-16.660000,distense:41.600000,rcs:31.000000
timestame:1619469568.514000000,objid:2,type:0,xpos:0.000000,ypos:0.000000,xspeed:-1.280000,yspeed:-3.620000,angle:-10.220000,distense:36.400000,rcs:31.000000
timestame:1619469568.514000000,objid:8,type:0,xpos:0.000000,ypos:0.000000,xspeed:3.390000,yspeed:-7.090000,angle:-5.650000,distense:63.600000,rcs:6.000000
timestame:1619469568.514000000,objid:11,type:0,xpos:0.000000,ypos:0.000000,xspeed:-2.760000,yspeed:-5.400000,angle:-18.000000,distense:33.600000,rcs:9.000000
