timestame:1619471091.562000000,objid:1,type:0,xpos:0.000000,ypos:0.000000,xspeed:11.230000,yspeed:0.230000,angle:4.830000,distense:64.200000,rcs:25.000000
timestame:1619471091.562000000,objid:2,type:0,xpos:0.000000,ypos:0.000000,xspeed:6.390000,yspeed:0.320000,angle:2.320000,distense:52.200000,rcs:44.000000
timestame:1619471091.562000000,objid:4,type:0,xpos:0.000000,ypos:0.000000,xspeed:-22.350000,yspeed:-1.250000,angle:-18.000000,distense:21.200000,rcs:6.000000
timestame:1619471091.562000000,objid:5,type:0,xpos:0.000000,ypos:0.000000,xspeed:12.060000,yspeed:0.820000,angle:2.050000,distense:115.000000,rcs:15.000000
