timestame:1619470750.948000000,objid:8,type:0,xpos:0.000000,ypos:0.000000,xspeed:3.590000,yspeed:-7.190000,angle:-17.940000,distense:47.000000,rcs:32.000000
timestame:1619470750.948000000,objid:13,type:0,xpos:0.000000,ypos:0.000000,xspeed:-4.810000,yspeed:-1.240000,angle:-18.000000,distense:31.800000,rcs:9.000000
