timestame:1619471037.830000000,objid:0,type:0,xpos:0.000000,ypos:0.000000,xspeed:3.660000,yspeed:-10.880000,angle:-16.500000,distense:47.000000,rcs:28.000000
timestame:1619471037.830000000,objid:2,type:0,xpos:0.000000,ypos:0.000000,xspeed:-1.840000,yspeed:-2.690000,angle:-18.000000,distense:41.000000,rcs:23.000000
timestame:1619471037.830000000,objid:3,type:0,xpos:0.000000,ypos:0.000000,xspeed:1.520000,yspeed:-3.230000,angle:17.580000,distense:48.400000,rcs:29.000000
