timestame:1619470560.655000000,objid:0,type:0,xpos:0.000000,ypos:0.000000,xspeed:5.130000,yspeed:-0.390000,angle:2.760000,distense:194.600000,rcs:6.000000
timestame:1619470560.655000000,objid:1,type:0,xpos:0.000000,ypos:0.000000,xspeed:5.250000,yspeed:-0.030000,angle:4.470000,distense:185.800000,rcs:16.000000
timestame:1619470560.655000000,objid:3,type:0,xpos:0.000000,ypos:0.000000,xspeed:8.440000,yspeed:0.120000,angle:1.780000,distense:68.000000,rcs:37.000000
timestame:1619470560.655000000,objid:4,type:0,xpos:0.000000,ypos:0.000000,xspeed:-1.180000,yspeed:3.720000,angle:-18.000000,distense:37.600000,rcs:9.000000
