timestame:1619469487.912000000,objid:1,type:0,xpos:0.000000,ypos:0.000000,xspeed:-3.950000,yspeed:0.000000,angle:-15.510000,distense:61.600000,rcs:20.000000
timestame:1619469487.912000000,objid:5,type:0,xpos:0.000000,ypos:0.000000,xspeed:-1.170000,yspeed:-0.060000,angle:-10.200000,distense:87.400000,rcs:12.000000
timestame:1619469487.912000000,objid:9,type:0,xpos:0.000000,ypos:0.000000,xspeed:-4.910000,yspeed:-0.130000,angle:-11.430000,distense:67.000000,rcs:25.000000
timestame:1619469487.912000000,objid:11,type:0,xpos:0.000000,ypos:0.000000,xspeed:-1.260000,yspeed:-5.080000,angle:-14.210000,distense:76.000000,rcs:24.000000
