timestame:1619469742.484000000,objid:1,type:0,xpos:0.000000,ypos:0.000000,xspeed:-2.040000,yspeed:0.000000,angle:5.120000,distense:41.600000,rcs:25.000000
timestame:1619469742.484000000,objid:4,type:0,xpos:0.000000,ypos:0.000000,xspeed:-6.850000,yspeed:6.090000,angle:-3.540000,distense:39.600000,rcs:9.000000
timestame:1619469742.484000000,objid:5,type:0,xpos:0.000000,ypos:0.000000,xspeed:-4.080000,yspeed:0.000000,angle:0.970000,distense:41.200000,rcs:9.000000
