timestame:1619471140.402000000,objid:0,type:0,xpos:0.000000,ypos:0.000000,xspeed:-3.860000,yspeed:-3.280000,angle:-18.000000,distense:34.600000,rcs:39.000000
timestame:1619471140.402000000,objid:3,type:0,xpos:0.000000,ypos:0.000000,xspeed:-2.690000,yspeed:-2.640000,angle:-18.000000,distense:33.200000,rcs:6.000000
timestame:1619471140.402000000,objid:7,type:0,xpos:0.000000,ypos:0.000000,xspeed:-5.060000,yspeed:-5.560000,angle:-13.500000,distense:35.800000,rcs:36.000000
