timestame:1619469892.071000000,objid:2,type:0,xpos:0.000000,ypos:0.000000,xspeed:-4.430000,yspeed:-0.310000,angle:-17.140000,distense:47.200000,rcs:24.000000
timestame:1619469892.071000000,objid:5,type:0,xpos:0.000000,ypos:0.000000,xspeed:-2.950000,yspeed:-0.250000,angle:-18.000000,distense:52.000000,rcs:22.000000
timestame:1619469892.071000000,objid:11,type:0,xpos:0.000000,ypos:0.000000,xspeed:1.090000,yspeed:-6.460000,angle:10.900000,distense:30.200000,rcs:18.000000
timestame:1619469892.071000000,objid:16,type:0,xpos:0.000000,ypos:0.000000,xspeed:-3.820000,yspeed:-0.350000,angle:-13.270000,distense:59.600000,rcs:27.000000
