timestame:1619469561.697000000,objid:2,type:0,xpos:0.000000,ypos:0.000000,xspeed:1.120000,yspeed:0.480000,angle:-15.310000,distense:45.000000,rcs:23.000000
timestame:1619469561.697000000,objid:3,type:0,xpos:0.000000,ypos:0.000000,xspeed:-2.720000,yspeed:-1.770000,angle:7.720000,distense:42.200000,rcs:23.000000
timestame:1619469561.697000000,objid:9,type:0,xpos:0.000000,ypos:0.000000,xspeed:-16.070000,yspeed:5.890000,angle:8.730000,distense:104.400000,rcs:9.000000
