timestame:1619469572.306000000,objid:1,type:0,xpos:0.000000,ypos:0.000000,xspeed:-6.260000,yspeed:-2.990000,angle:-18.000000,distense:32.400000,rcs:9.000000
timestame:1619469572.306000000,objid:3,type:0,xpos:0.000000,ypos:0.000000,xspeed:-8.640000,yspeed:1.090000,angle:-5.350000,distense:148.200000,rcs:6.000000
timestame:1619469572.306000000,objid:5,type:0,xpos:0.000000,ypos:0.000000,xspeed:-9.020000,yspeed:-0.840000,angle:-6.190000,distense:144.400000,rcs:6.000000
timestame:1619469572.306000000,objid:8,type:0,xpos:0.000000,ypos:0.000000,xspeed:-2.530000,yspeed:-1.990000,angle:-18.000000,distense:36.600000,rcs:20.000000
