timestame:1619469912.184000000,objid:1,type:0,xpos:0.000000,ypos:0.000000,xspeed:4.560000,yspeed:-0.040000,angle:1.700000,distense:85.600000,rcs:24.000000
timestame:1619469912.184000000,objid:2,type:0,xpos:0.000000,ypos:0.000000,xspeed:11.170000,yspeed:0.120000,angle:2.680000,distense:156.000000,rcs:22.000000
timestame:1619469912.184000000,objid:8,type:0,xpos:0.000000,ypos:0.000000,xspeed:4.380000,yspeed:0.050000,angle:2.180000,distense:78.600000,rcs:34.000000
