timestame:1619470119.501000000,objid:3,type:0,xpos:0.000000,ypos:0.000000,xspeed:-9.200000,yspeed:2.140000,angle:22.680000,distense:20.400000,rcs:6.000000
timestame:1619470119.501000000,objid:4,type:0,xpos:0.000000,ypos:0.000000,xspeed:-3.550000,yspeed:1.380000,angle:4.820000,distense:11.400000,rcs:9.000000
timestame:1619470119.501000000,objid:5,type:0,xpos:0.000000,ypos:0.000000,xspeed:-4.090000,yspeed:-0.360000,angle:15.510000,distense:24.800000,rcs:20.000000
timestame:1619470119.501000000,objid:8,type:0,xpos:0.000000,ypos:0.000000,xspeed:4.510000,yspeed:1.440000,angle:-14.240000,distense:15.600000,rcs:22.000000
