timestame:1619470749.215000000,objid:4,type:0,xpos:0.000000,ypos:0.000000,xspeed:-6.130000,yspeed:0.950000,angle:-18.000000,distense:33.000000,rcs:6.000000
timestame:1619470749.215000000,objid:7,type:0,xpos:0.000000,ypos:0.000000,xspeed:1.330000,yspeed:10.090000,angle:-9.170000,distense:48.800000,rcs:15.000000
