timestame:1619470029.476000000,objid:0,type:0,xpos:0.000000,ypos:0.000000,xspeed:-1.960000,yspeed:1.860000,angle:12.450000,distense:14.800000,rcs:6.000000
timestame:1619470029.476000000,objid:1,type:0,xpos:0.000000,ypos:0.000000,xspeed:4.970000,yspeed:0.430000,angle:2.030000,distense:29.800000,rcs:39.000000
timestame:1619470029.476000000,objid:2,type:0,xpos:0.000000,ypos:0.000000,xspeed:6.840000,yspeed:0.310000,angle:2.420000,distense:48.600000,rcs:39.000000
