timestame:1619470112.614000000,objid:2,type:0,xpos:0.000000,ypos:0.000000,xspeed:6.470000,yspeed:2.110000,angle:18.350000,distense:33.200000,rcs:21.000000
timestame:1619470112.614000000,objid:3,type:0,xpos:0.000000,ypos:0.000000,xspeed:24.770000,yspeed:7.020000,angle:21.440000,distense:33.800000,rcs:31.000000
timestame:1619470112.614000000,objid:7,type:0,xpos:0.000000,ypos:0.000000,xspeed:6.760000,yspeed:1.220000,angle:21.340000,distense:31.600000,rcs:25.000000
