timestame:1619470793.430000000,objid:4,type:0,xpos:0.000000,ypos:0.000000,xspeed:2.040000,yspeed:-8.570000,angle:-1.590000,distense:51.400000,rcs:25.000000
timestame:1619470793.430000000,objid:6,type:0,xpos:0.000000,ypos:0.000000,xspeed:11.390000,yspeed:-4.230000,angle:8.980000,distense:60.600000,rcs:6.000000
timestame:1619470793.430000000,objid:7,type:0,xpos:0.000000,ypos:0.000000,xspeed:2.790000,yspeed:1.930000,angle:14.000000,distense:53.000000,rcs:6.000000
timestame:1619470793.430000000,objid:11,type:0,xpos:0.000000,ypos:0.000000,xspeed:-16.320000,yspeed:0.000000,angle:-2.890000,distense:47.000000,rcs:25.000000
