timestame:1619470887.865000000,objid:2,type:0,xpos:0.000000,ypos:0.000000,xspeed:-1.050000,yspeed:-2.650000,angle:-18.000000,distense:36.000000,rcs:20.000000
timestame:1619470887.865000000,objid:3,type:0,xpos:0.000000,ypos:0.000000,xspeed:-2.140000,yspeed:-3.150000,angle:-18.000000,distense:33.800000,rcs:19.000000
timestame:1619470887.865000000,objid:10,type:0,xpos:0.000000,ypos:0.000000,xspeed:-3.430000,yspeed:3.130000,angle:-2.780000,distense:38.400000,rcs:28.000000
timestame:1619470887.865000000,objid:19,type:0,xpos:0.000000,ypos:0.000000,xspeed:-1.110000,yspeed:-3.280000,angle:-18.000000,distense:36.000000,rcs:26.000000
