timestame:1619470191.343000000,objid:0,type:0,xpos:0.000000,ypos:0.000000,xspeed:-5.680000,yspeed:4.260000,angle:2.300000,distense:45.800000,rcs:27.000000
timestame:1619470191.343000000,objid:1,type:0,xpos:0.000000,ypos:0.000000,xspeed:2.680000,yspeed:2.530000,angle:5.700000,distense:136.200000,rcs:23.000000
timestame:1619470191.343000000,objid:2,type:0,xpos:0.000000,ypos:0.000000,xspeed:-5.550000,yspeed:4.450000,angle:5.260000,distense:44.000000,rcs:33.000000
