timestame:1619470561.277000000,objid:0,type:0,xpos:0.000000,ypos:0.000000,xspeed:5.300000,yspeed:-0.420000,angle:2.620000,distense:198.000000,rcs:9.000000
timestame:1619470561.277000000,objid:1,type:0,xpos:0.000000,ypos:0.000000,xspeed:5.580000,yspeed:-0.170000,angle:4.230000,distense:189.600000,rcs:13.000000
timestame:1619470561.277000000,objid:3,type:0,xpos:0.000000,ypos:0.000000,xspeed:9.100000,yspeed:0.250000,angle:1.890000,distense:74.600000,rcs:30.000000
