timestame:1619470072.462000000,objid:3,type:0,xpos:0.000000,ypos:0.000000,xspeed:-1.560000,yspeed:2.460000,angle:15.780000,distense:48.200000,rcs:33.000000
timestame:1619470072.462000000,objid:4,type:0,xpos:0.000000,ypos:0.000000,xspeed:-1.440000,yspeed:2.400000,angle:20.020000,distense:43.600000,rcs:20.000000
timestame:1619470072.462000000,objid:8,type:0,xpos:0.000000,ypos:0.000000,xspeed:2.320000,yspeed:2.500000,angle:-11.350000,distense:39.000000,rcs:16.000000
