timestame:1619470941.532000000,objid:1,type:0,xpos:0.000000,ypos:0.000000,xspeed:-4.880000,yspeed:0.260000,angle:-15.010000,distense:60.200000,rcs:21.000000
timestame:1619470941.532000000,objid:5,type:0,xpos:0.000000,ypos:0.000000,xspeed:-5.780000,yspeed:-0.030000,angle:-15.260000,distense:63.400000,rcs:27.000000
timestame:1619470941.532000000,objid:10,type:0,xpos:0.000000,ypos:0.000000,xspeed:-4.390000,yspeed:0.440000,angle:-10.990000,distense:62.000000,rcs:16.000000
