timestame:1619470493.270000000,objid:2,type:0,xpos:0.000000,ypos:0.000000,xspeed:1.470000,yspeed:-5.390000,angle:13.470000,distense:56.800000,rcs:22.000000
timestame:1619470493.270000000,objid:3,type:0,xpos:0.000000,ypos:0.000000,xspeed:1.770000,yspeed:-4.590000,angle:7.650000,distense:45.200000,rcs:31.000000
