timestame:1619469635.183000000,objid:2,type:0,xpos:0.000000,ypos:0.000000,xspeed:4.370000,yspeed:0.000000,angle:20.770000,distense:20.600000,rcs:28.000000
timestame:1619469635.183000000,objid:3,type:0,xpos:0.000000,ypos:0.000000,xspeed:-5.890000,yspeed:2.810000,angle:-1.800000,distense:49.000000,rcs:25.000000
timestame:1619469635.183000000,objid:4,type:0,xpos:0.000000,ypos:0.000000,xspeed:3.810000,yspeed:-0.660000,angle:21.950000,distense:28.000000,rcs:31.000000
