timestame:1619470941.470000000,objid:1,type:0,xpos:0.000000,ypos:0.000000,xspeed:-4.830000,yspeed:0.340000,angle:-14.820000,distense:60.600000,rcs:6.000000
timestame:1619470941.470000000,objid:5,type:0,xpos:0.000000,ypos:0.000000,xspeed:-5.780000,yspeed:-0.030000,angle:-15.170000,distense:63.800000,rcs:27.000000
timestame:1619470941.470000000,objid:10,type:0,xpos:0.000000,ypos:0.000000,xspeed:-4.390000,yspeed:0.440000,angle:-10.960000,distense:62.200000,rcs:16.000000
