timestame:1619470465.557000000,objid:0,type:0,xpos:0.000000,ypos:0.000000,xspeed:-13.450000,yspeed:-0.720000,angle:-18.000000,distense:32.800000,rcs:16.000000
timestame:1619470465.557000000,objid:1,type:0,xpos:0.000000,ypos:0.000000,xspeed:-8.710000,yspeed:2.650000,angle:-18.000000,distense:36.600000,rcs:6.000000
timestame:1619470465.557000000,objid:2,type:0,xpos:0.000000,ypos:0.000000,xspeed:5.800000,yspeed:0.250000,angle:3.130000,distense:208.200000,rcs:9.000000
