timestame:1619469581.384000000,objid:1,type:0,xpos:0.000000,ypos:0.000000,xspeed:-5.520000,yspeed:-0.280000,angle:-8.870000,distense:100.400000,rcs:9.000000
timestame:1619469581.384000000,objid:5,type:0,xpos:0.000000,ypos:0.000000,xspeed:-5.630000,yspeed:-0.090000,angle:-10.530000,distense:87.200000,rcs:21.000000
