timestame:1619470047.243000000,objid:0,type:0,xpos:0.000000,ypos:0.000000,xspeed:6.580000,yspeed:0.320000,angle:4.580000,distense:86.000000,rcs:16.000000
timestame:1619470047.243000000,objid:3,type:0,xpos:0.000000,ypos:0.000000,xspeed:14.860000,yspeed:0.210000,angle:1.220000,distense:209.800000,rcs:20.000000
timestame:1619470047.243000000,objid:5,type:0,xpos:0.000000,ypos:0.000000,xspeed:6.670000,yspeed:0.220000,angle:4.980000,distense:76.400000,rcs:31.000000
