timestame:1619470193.320000000,objid:0,type:0,xpos:0.000000,ypos:0.000000,xspeed:-4.170000,yspeed:7.200000,angle:-17.530000,distense:41.400000,rcs:20.000000
timestame:1619470193.320000000,objid:1,type:0,xpos:0.000000,ypos:0.000000,xspeed:1.800000,yspeed:1.250000,angle:6.200000,distense:139.600000,rcs:16.000000
timestame:1619470193.320000000,objid:2,type:0,xpos:0.000000,ypos:0.000000,xspeed:-4.640000,yspeed:5.730000,angle:-16.060000,distense:39.400000,rcs:9.000000
timestame:1619470193.320000000,objid:3,type:0,xpos:0.000000,ypos:0.000000,xspeed:-1.570000,yspeed:-3.700000,angle:21.880000,distense:41.000000,rcs:15.000000
