timestame:1619469713.882000000,objid:3,type:0,xpos:0.000000,ypos:0.000000,xspeed:13.350000,yspeed:-1.190000,angle:1.220000,distense:142.400000,rcs:6.000000
timestame:1619469713.882000000,objid:6,type:0,xpos:0.000000,ypos:0.000000,xspeed:-1.580000,yspeed:7.080000,angle:11.740000,distense:36.800000,rcs:29.000000
