timestame:1619470223.557000000,objid:7,type:0,xpos:0.000000,ypos:0.000000,xspeed:3.040000,yspeed:7.270000,angle:-9.950000,distense:48.800000,rcs:15.000000
timestame:1619470223.557000000,objid:8,type:0,xpos:0.000000,ypos:0.000000,xspeed:-2.080000,yspeed:7.800000,angle:-2.500000,distense:39.800000,rcs:9.000000
timestame:1619470223.557000000,objid:11,type:0,xpos:0.000000,ypos:0.000000,xspeed:-2.210000,yspeed:6.860000,angle:-0.180000,distense:39.000000,rcs:20.000000
