timestame:1619469775.393000000,objid:1,type:0,xpos:0.000000,ypos:0.000000,xspeed:2.920000,yspeed:3.920000,angle:-8.280000,distense:39.400000,rcs:9.000000
timestame:1619469775.393000000,objid:2,type:0,xpos:0.000000,ypos:0.000000,xspeed:16.040000,yspeed:0.420000,angle:0.130000,distense:17.200000,rcs:47.000000
timestame:1619469775.393000000,objid:3,type:0,xpos:0.000000,ypos:0.000000,xspeed:3.540000,yspeed:0.900000,angle:20.330000,distense:21.400000,rcs:32.000000
timestame:1619469775.393000000,objid:4,type:0,xpos:0.000000,ypos:0.000000,xspeed:3.600000,yspeed:-0.720000,angle:20.790000,distense:27.600000,rcs:19.000000
