timestame:1619471312.621000000,objid:2,type:0,xpos:0.000000,ypos:0.000000,xspeed:2.140000,yspeed:3.730000,angle:-9.180000,distense:44.400000,rcs:6.000000
timestame:1619471312.621000000,objid:3,type:0,xpos:0.000000,ypos:0.000000,xspeed:3.300000,yspeed:3.010000,angle:-13.130000,distense:39.200000,rcs:13.000000
timestame:1619471312.621000000,objid:4,type:0,xpos:0.000000,ypos:0.000000,xspeed:-1.040000,yspeed:4.880000,angle:2.680000,distense:37.200000,rcs:26.000000
