timestame:1619469822.173000000,objid:1,type:0,xpos:0.000000,ypos:0.000000,xspeed:1.290000,yspeed:-7.070000,angle:-18.000000,distense:67.000000,rcs:6.000000
timestame:1619469822.173000000,objid:4,type:0,xpos:0.000000,ypos:0.000000,xspeed:-1.840000,yspeed:9.860000,angle:-8.160000,distense:43.000000,rcs:6.000000
timestame:1619469822.173000000,objid:11,type:0,xpos:0.000000,ypos:0.000000,xspeed:-4.620000,yspeed:0.350000,angle:-5.880000,distense:138.200000,rcs:13.000000
