timestame:1619469917.137000000,objid:1,type:0,xpos:0.000000,ypos:0.000000,xspeed:5.470000,yspeed:0.080000,angle:1.530000,distense:112.800000,rcs:12.000000
timestame:1619469917.137000000,objid:2,type:0,xpos:0.000000,ypos:0.000000,xspeed:13.550000,yspeed:0.330000,angle:2.360000,distense:223.800000,rcs:6.000000
timestame:1619469917.137000000,objid:8,type:0,xpos:0.000000,ypos:0.000000,xspeed:5.630000,yspeed:0.050000,angle:1.580000,distense:106.200000,rcs:15.000000
