timestame:1619471498.608000000,objid:0,type:0,xpos:0.000000,ypos:0.000000,xspeed:7.600000,yspeed:0.050000,angle:1.800000,distense:86.000000,rcs:33.000000
timestame:1619471498.608000000,objid:3,type:0,xpos:0.000000,ypos:0.000000,xspeed:7.450000,yspeed:0.010000,angle:3.480000,distense:115.400000,rcs:15.000000
timestame:1619471498.608000000,objid:5,type:0,xpos:0.000000,ypos:0.000000,xspeed:6.490000,yspeed:-0.060000,angle:1.410000,distense:91.800000,rcs:19.000000
timestame:1619471498.608000000,objid:10,type:0,xpos:0.000000,ypos:0.000000,xspeed:6.950000,yspeed:0.460000,angle:5.870000,distense:75.400000,rcs:21.000000
