timestame:1619470029.661000000,objid:0,type:0,xpos:0.000000,ypos:0.000000,xspeed:-1.030000,yspeed:1.340000,angle:13.160000,distense:15.000000,rcs:29.000000
timestame:1619470029.661000000,objid:1,type:0,xpos:0.000000,ypos:0.000000,xspeed:5.010000,yspeed:0.600000,angle:2.590000,distense:30.800000,rcs:34.000000
timestame:1619470029.661000000,objid:2,type:0,xpos:0.000000,ypos:0.000000,xspeed:6.930000,yspeed:0.310000,angle:2.410000,distense:50.000000,rcs:38.000000
timestame:1619470029.661000000,objid:5,type:0,xpos:0.000000,ypos:0.000000,xspeed:1.920000,yspeed:-0.920000,angle:-18.000000,distense:53.600000,rcs:9.000000
