timestame:1619469562.685000000,objid:3,type:0,xpos:0.000000,ypos:0.000000,xspeed:1.130000,yspeed:-1.840000,angle:5.320000,distense:43.800000,rcs:33.000000
timestame:1619469562.685000000,objid:4,type:0,xpos:0.000000,ypos:0.000000,xspeed:6.000000,yspeed:-11.190000,angle:-16.790000,distense:45.600000,rcs:20.000000
timestame:1619469562.685000000,objid:14,type:0,xpos:0.000000,ypos:0.000000,xspeed:32.090000,yspeed:-15.090000,angle:22.440000,distense:58.000000,rcs:6.000000
