timestame:1619470113.787000000,objid:2,type:0,xpos:0.000000,ypos:0.000000,xspeed:4.970000,yspeed:6.690000,angle:-16.080000,distense:48.800000,rcs:20.000000
timestame:1619470113.787000000,objid:3,type:0,xpos:0.000000,ypos:0.000000,xspeed:22.920000,yspeed:7.470000,angle:19.680000,distense:62.600000,rcs:6.000000
timestame:1619470113.787000000,objid:7,type:0,xpos:0.000000,ypos:0.000000,xspeed:5.420000,yspeed:1.820000,angle:22.450000,distense:37.200000,rcs:38.000000
