timestame:1619470938.684000000,objid:7,type:0,xpos:0.000000,ypos:0.000000,xspeed:-1.770000,yspeed:-0.300000,angle:-12.690000,distense:75.600000,rcs:13.000000
timestame:1619470938.684000000,objid:10,type:0,xpos:0.000000,ypos:0.000000,xspeed:-2.660000,yspeed:-0.280000,angle:-10.230000,distense:75.200000,rcs:16.000000
