timestame:1619469533.526000000,objid:4,type:0,xpos:0.000000,ypos:0.000000,xspeed:16.300000,yspeed:0.900000,angle:2.750000,distense:54.400000,rcs:40.000000
timestame:1619469533.526000000,objid:7,type:0,xpos:0.000000,ypos:0.000000,xspeed:16.780000,yspeed:0.650000,angle:1.890000,distense:62.600000,rcs:22.000000
