timestame:1619471293.786000000,objid:0,type:0,xpos:0.000000,ypos:0.000000,xspeed:2.640000,yspeed:3.500000,angle:-14.440000,distense:37.600000,rcs:12.000000
timestame:1619471293.786000000,objid:1,type:0,xpos:0.000000,ypos:0.000000,xspeed:-2.610000,yspeed:11.630000,angle:-5.270000,distense:45.600000,rcs:22.000000
timestame:1619471293.786000000,objid:3,type:0,xpos:0.000000,ypos:0.000000,xspeed:19.610000,yspeed:18.520000,angle:-8.690000,distense:53.000000,rcs:6.000000
timestame:1619471293.786000000,objid:6,type:0,xpos:0.000000,ypos:0.000000,xspeed:3.410000,yspeed:0.460000,angle:22.120000,distense:30.400000,rcs:24.000000
