timestame:1619469562.067000000,objid:2,type:0,xpos:0.000000,ypos:0.000000,xspeed:1.540000,yspeed:-3.210000,angle:-17.770000,distense:45.000000,rcs:20.000000
timestame:1619469562.067000000,objid:3,type:0,xpos:0.000000,ypos:0.000000,xspeed:2.260000,yspeed:-0.730000,angle:7.270000,distense:43.800000,rcs:32.000000
timestame:1619469562.067000000,objid:9,type:0,xpos:0.000000,ypos:0.000000,xspeed:-3.370000,yspeed:0.090000,angle:8.770000,distense:104.600000,rcs:9.000000
