timestame:1619471224.372000000,objid:1,type:0,xpos:0.000000,ypos:0.000000,xspeed:6.020000,yspeed:-0.400000,angle:-5.200000,distense:34.600000,rcs:28.000000
timestame:1619471224.372000000,objid:6,type:0,xpos:0.000000,ypos:0.000000,xspeed:4.620000,yspeed:0.360000,angle:2.640000,distense:69.800000,rcs:6.000000
timestame:1619471224.372000000,objid:9,type:0,xpos:0.000000,ypos:0.000000,xspeed:4.830000,yspeed:0.080000,angle:2.550000,distense:51.600000,rcs:45.000000
