timestame:1619470147.132000000,objid:0,type:0,xpos:0.000000,ypos:0.000000,xspeed:2.200000,yspeed:2.520000,angle:-14.010000,distense:39.200000,rcs:20.000000
timestame:1619470147.132000000,objid:1,type:0,xpos:0.000000,ypos:0.000000,xspeed:2.530000,yspeed:0.980000,angle:22.680000,distense:25.000000,rcs:23.000000
timestame:1619470147.132000000,objid:2,type:0,xpos:0.000000,ypos:0.000000,xspeed:3.030000,yspeed:1.770000,angle:21.980000,distense:36.000000,rcs:6.000000
