timestame:1619471365.821000000,objid:1,type:0,xpos:0.000000,ypos:0.000000,xspeed:6.990000,yspeed:-0.620000,angle:3.180000,distense:106.200000,rcs:25.000000
timestame:1619471365.821000000,objid:2,type:0,xpos:0.000000,ypos:0.000000,xspeed:7.490000,yspeed:-0.120000,angle:3.390000,distense:111.600000,rcs:16.000000
timestame:1619471365.821000000,objid:7,type:0,xpos:0.000000,ypos:0.000000,xspeed:11.460000,yspeed:0.410000,angle:1.790000,distense:138.800000,rcs:19.000000
