timestame:1619469855.978000000,objid:4,type:0,xpos:0.000000,ypos:0.000000,xspeed:-9.140000,yspeed:3.900000,angle:3.720000,distense:43.200000,rcs:6.000000
timestame:1619469855.978000000,objid:5,type:0,xpos:0.000000,ypos:0.000000,xspeed:-1.660000,yspeed:-3.290000,angle:-7.760000,distense:61.200000,rcs:12.000000
timestame:1619469855.978000000,objid:10,type:0,xpos:0.000000,ypos:0.000000,xspeed:-10.870000,yspeed:0.010000,angle:-4.950000,distense:129.800000,rcs:19.000000
