timestame:1619470169.217000000,objid:0,type:0,xpos:0.000000,ypos:0.000000,xspeed:6.920000,yspeed:0.370000,angle:2.400000,distense:53.200000,rcs:34.000000
timestame:1619470169.217000000,objid:1,type:0,xpos:0.000000,ypos:0.000000,xspeed:10.060000,yspeed:0.450000,angle:2.030000,distense:22.200000,rcs:32.000000
timestame:1619470169.217000000,objid:2,type:0,xpos:0.000000,ypos:0.000000,xspeed:25.050000,yspeed:0.000000,angle:13.520000,distense:30.600000,rcs:6.000000
timestame:1619470169.217000000,objid:3,type:0,xpos:0.000000,ypos:0.000000,xspeed:8.690000,yspeed:0.120000,angle:4.860000,distense:87.400000,rcs:24.000000
