timestame:1619469631.510000000,objid:2,type:0,xpos:0.000000,ypos:0.000000,xspeed:-6.280000,yspeed:-0.510000,angle:-18.000000,distense:30.600000,rcs:12.000000
timestame:1619469631.510000000,objid:6,type:0,xpos:0.000000,ypos:0.000000,xspeed:-9.990000,yspeed:-0.200000,angle:-6.770000,distense:71.400000,rcs:9.000000
timestame:1619469631.510000000,objid:7,type:0,xpos:0.000000,ypos:0.000000,xspeed:-6.820000,yspeed:-0.500000,angle:-18.000000,distense:33.800000,rcs:12.000000
