timestame:1619470644.903000000,objid:2,type:0,xpos:0.000000,ypos:0.000000,xspeed:-6.290000,yspeed:-0.210000,angle:-5.460000,distense:157.000000,rcs:15.000000
timestame:1619470644.903000000,objid:5,type:0,xpos:0.000000,ypos:0.000000,xspeed:5.150000,yspeed:0.960000,angle:19.570000,distense:54.000000,rcs:6.000000
timestame:1619470644.903000000,objid:8,type:0,xpos:0.000000,ypos:0.000000,xspeed:-1.850000,yspeed:-2.890000,angle:8.970000,distense:85.400000,rcs:15.000000
timestame:1619470644.903000000,objid:9,type:0,xpos:0.000000,ypos:0.000000,xspeed:1.050000,yspeed:6.590000,angle:-16.020000,distense:42.600000,rcs:13.000000
