timestame:1619471027.778000000,objid:2,type:0,xpos:0.000000,ypos:0.000000,xspeed:5.960000,yspeed:0.350000,angle:19.660000,distense:23.200000,rcs:13.000000
timestame:1619471027.778000000,objid:5,type:0,xpos:0.000000,ypos:0.000000,xspeed:4.790000,yspeed:0.960000,angle:-14.750000,distense:20.600000,rcs:29.000000
