timestame:1619471307.775000000,objid:0,type:0,xpos:0.000000,ypos:0.000000,xspeed:3.630000,yspeed:0.430000,angle:17.770000,distense:27.800000,rcs:18.000000
timestame:1619471307.775000000,objid:2,type:0,xpos:0.000000,ypos:0.000000,xspeed:4.490000,yspeed:1.390000,angle:-17.830000,distense:26.800000,rcs:18.000000
