timestame:1619470279.283000000,objid:1,type:0,xpos:0.000000,ypos:0.000000,xspeed:-9.970000,yspeed:-0.060000,angle:-7.170000,distense:70.800000,rcs:13.000000
timestame:1619470279.283000000,objid:2,type:0,xpos:0.000000,ypos:0.000000,xspeed:-15.700000,yspeed:-2.340000,angle:-3.330000,distense:207.400000,rcs:20.000000
timestame:1619470279.283000000,objid:3,type:0,xpos:0.000000,ypos:0.000000,xspeed:-3.480000,yspeed:-0.300000,angle:-9.700000,distense:73.000000,rcs:22.000000
timestame:1619470279.283000000,objid:11,type:0,xpos:0.000000,ypos:0.000000,xspeed:-3.110000,yspeed:-0.200000,angle:-11.350000,distense:66.800000,rcs:22.000000
