timestame:1619470985.504000000,objid:0,type:0,xpos:0.000000,ypos:0.000000,xspeed:8.770000,yspeed:0.230000,angle:2.230000,distense:197.400000,rcs:23.000000
timestame:1619470985.504000000,objid:1,type:0,xpos:0.000000,ypos:0.000000,xspeed:-15.590000,yspeed:-0.350000,angle:-11.840000,distense:59.600000,rcs:26.000000
timestame:1619470985.504000000,objid:3,type:0,xpos:0.000000,ypos:0.000000,xspeed:4.380000,yspeed:-1.670000,angle:8.960000,distense:78.200000,rcs:6.000000
timestame:1619470985.504000000,objid:4,type:0,xpos:0.000000,ypos:0.000000,xspeed:-13.500000,yspeed:-1.500000,angle:-5.740000,distense:115.600000,rcs:15.000000
