timestame:1619470017.289000000,objid:0,type:0,xpos:0.000000,ypos:0.000000,xspeed:-4.070000,yspeed:-0.830000,angle:-18.000000,distense:27.000000,rcs:9.000000
timestame:1619470017.289000000,objid:4,type:0,xpos:0.000000,ypos:0.000000,xspeed:-6.200000,yspeed:-0.900000,angle:5.680000,distense:42.200000,rcs:6.000000
timestame:1619470017.289000000,objid:11,type:0,xpos:0.000000,ypos:0.000000,xspeed:-1.010000,yspeed:-3.840000,angle:-12.840000,distense:37.800000,rcs:42.000000
timestame:1619470017.289000000,objid:14,type:0,xpos:0.000000,ypos:0.000000,xspeed:-1.810000,yspeed:-1.430000,angle:-18.000000,distense:31.600000,rcs:6.000000
