timestame:1619470286.832000000,objid:2,type:0,xpos:0.000000,ypos:0.000000,xspeed:-12.820000,yspeed:-0.260000,angle:-8.200000,distense:107.200000,rcs:20.000000
timestame:1619470286.832000000,objid:5,type:0,xpos:0.000000,ypos:0.000000,xspeed:-5.580000,yspeed:-0.400000,angle:-18.000000,distense:43.400000,rcs:24.000000
timestame:1619470286.832000000,objid:7,type:0,xpos:0.000000,ypos:0.000000,xspeed:-5.040000,yspeed:-0.280000,angle:-18.000000,distense:39.000000,rcs:27.000000
timestame:1619470286.832000000,objid:11,type:0,xpos:0.000000,ypos:0.000000,xspeed:-5.410000,yspeed:-0.250000,angle:-18.000000,distense:32.400000,rcs:20.000000
