timestame:1619471408.320000000,objid:1,type:0,xpos:0.000000,ypos:0.000000,xspeed:-2.610000,yspeed:-5.720000,angle:-6.840000,distense:41.600000,rcs:41.000000
timestame:1619471408.320000000,objid:5,type:0,xpos:0.000000,ypos:0.000000,xspeed:-1.350000,yspeed:9.050000,angle:-10.330000,distense:43.200000,rcs:6.000000
timestame:1619471408.320000000,objid:7,type:0,xpos:0.000000,ypos:0.000000,xspeed:-1.480000,yspeed:-3.080000,angle:-9.910000,distense:41.200000,rcs:37.000000
timestame:1619471408.320000000,objid:12,type:0,xpos:0.000000,ypos:0.000000,xspeed:-10.490000,yspeed:3.630000,angle:-3.080000,distense:202.800000,rcs:16.000000
