timestame:1619469921.667000000,objid:1,type:0,xpos:0.000000,ypos:0.000000,xspeed:6.000000,yspeed:0.140000,angle:1.350000,distense:139.600000,rcs:12.000000
timestame:1619469921.667000000,objid:8,type:0,xpos:0.000000,ypos:0.000000,xspeed:5.750000,yspeed:0.100000,angle:1.490000,distense:132.400000,rcs:20.000000
