timestame:1619470111.440000000,objid:2,type:0,xpos:0.000000,ypos:0.000000,xspeed:6.480000,yspeed:-0.160000,angle:17.880000,distense:25.400000,rcs:20.000000
timestame:1619470111.440000000,objid:5,type:0,xpos:0.000000,ypos:0.000000,xspeed:3.330000,yspeed:3.590000,angle:-8.600000,distense:43.800000,rcs:6.000000
timestame:1619470111.440000000,objid:6,type:0,xpos:0.000000,ypos:0.000000,xspeed:-7.150000,yspeed:-0.950000,angle:19.350000,distense:19.800000,rcs:6.000000
timestame:1619470111.440000000,objid:7,type:0,xpos:0.000000,ypos:0.000000,xspeed:6.540000,yspeed:0.190000,angle:-16.760000,distense:23.800000,rcs:34.000000
