timestame:1619470443.323000000,objid:1,type:0,xpos:0.000000,ypos:0.000000,xspeed:16.600000,yspeed:0.300000,angle:1.840000,distense:113.600000,rcs:22.000000
timestame:1619470443.323000000,objid:2,type:0,xpos:0.000000,ypos:0.000000,xspeed:3.990000,yspeed:-0.140000,angle:8.330000,distense:88.000000,rcs:15.000000
