timestame:1619471085.967000000,objid:0,type:0,xpos:0.000000,ypos:0.000000,xspeed:8.420000,yspeed:0.380000,angle:1.470000,distense:53.400000,rcs:29.000000
timestame:1619471085.967000000,objid:4,type:0,xpos:0.000000,ypos:0.000000,xspeed:-24.480000,yspeed:0.000000,angle:-4.460000,distense:138.400000,rcs:12.000000
timestame:1619471085.967000000,objid:11,type:0,xpos:0.000000,ypos:0.000000,xspeed:2.190000,yspeed:0.030000,angle:2.200000,distense:20.200000,rcs:40.000000
