timestame:1619469578.067000000,objid:1,type:0,xpos:0.000000,ypos:0.000000,xspeed:-5.490000,yspeed:-1.230000,angle:-7.180000,distense:119.400000,rcs:9.000000
timestame:1619469578.067000000,objid:3,type:0,xpos:0.000000,ypos:0.000000,xspeed:-6.530000,yspeed:-0.240000,angle:-8.350000,distense:108.600000,rcs:12.000000
timestame:1619469578.067000000,objid:5,type:0,xpos:0.000000,ypos:0.000000,xspeed:-6.580000,yspeed:-0.240000,angle:-8.560000,distense:105.200000,rcs:21.000000
