timestame:1619470224.672000000,objid:7,type:0,xpos:0.000000,ypos:0.000000,xspeed:1.110000,yspeed:0.490000,angle:-9.730000,distense:49.400000,rcs:15.000000
timestame:1619470224.672000000,objid:9,type:0,xpos:0.000000,ypos:0.000000,xspeed:-1.700000,yspeed:4.780000,angle:11.810000,distense:38.400000,rcs:26.000000
timestame:1619470224.672000000,objid:11,type:0,xpos:0.000000,ypos:0.000000,xspeed:-1.890000,yspeed:6.440000,angle:10.150000,distense:37.800000,rcs:6.000000
