timestame:1619470483.372000000,objid:1,type:0,xpos:0.000000,ypos:0.000000,xspeed:-4.020000,yspeed:-0.270000,angle:-8.220000,distense:85.800000,rcs:15.000000
timestame:1619470483.372000000,objid:3,type:0,xpos:0.000000,ypos:0.000000,xspeed:2.330000,yspeed:-3.390000,angle:15.950000,distense:46.200000,rcs:9.000000
