timestame:1619470980.344000000,objid:0,type:0,xpos:0.000000,ypos:0.000000,xspeed:7.560000,yspeed:0.020000,angle:2.320000,distense:152.800000,rcs:22.000000
timestame:1619470980.344000000,objid:1,type:0,xpos:0.000000,ypos:0.000000,xspeed:-14.130000,yspeed:-0.440000,angle:-4.410000,distense:139.400000,rcs:16.000000
timestame:1619470980.344000000,objid:3,type:0,xpos:0.000000,ypos:0.000000,xspeed:4.180000,yspeed:-1.520000,angle:22.720000,distense:61.600000,rcs:16.000000
timestame:1619470980.344000000,objid:4,type:0,xpos:0.000000,ypos:0.000000,xspeed:-20.790000,yspeed:-1.760000,angle:-18.000000,distense:43.000000,rcs:21.000000
