timestame:1619469704.504000000,objid:1,type:0,xpos:0.000000,ypos:0.000000,xspeed:-1.480000,yspeed:-3.410000,angle:-18.000000,distense:41.400000,rcs:16.000000
timestame:1619469704.504000000,objid:14,type:0,xpos:0.000000,ypos:0.000000,xspeed:-3.460000,yspeed:-3.400000,angle:-18.000000,distense:39.400000,rcs:20.000000
timestame:1619469704.504000000,objid:17,type:0,xpos:0.000000,ypos:0.000000,xspeed:-5.640000,yspeed:-2.250000,angle:-18.000000,distense:30.800000,rcs:6.000000
