timestame:1619471266.558000000,objid:0,type:0,xpos:0.000000,ypos:0.000000,xspeed:13.350000,yspeed:0.500000,angle:2.690000,distense:184.200000,rcs:9.000000
timestame:1619471266.558000000,objid:2,type:0,xpos:0.000000,ypos:0.000000,xspeed:13.270000,yspeed:0.120000,angle:2.380000,distense:160.000000,rcs:13.000000
timestame:1619471266.558000000,objid:6,type:0,xpos:0.000000,ypos:0.000000,xspeed:13.230000,yspeed:0.130000,angle:2.260000,distense:171.800000,rcs:6.000000
timestame:1619471266.558000000,objid:10,type:0,xpos:0.000000,ypos:0.000000,xspeed:13.270000,yspeed:0.060000,angle:2.380000,distense:147.400000,rcs:23.000000
