timestame:1619471370.306000000,objid:1,type:0,xpos:0.000000,ypos:0.000000,xspeed:8.400000,yspeed:-0.050000,angle:2.570000,distense:144.000000,rcs:15.000000
timestame:1619471370.306000000,objid:7,type:0,xpos:0.000000,ypos:0.000000,xspeed:10.880000,yspeed:0.240000,angle:1.550000,distense:189.200000,rcs:9.000000
