timestame:1619470191.836000000,objid:0,type:0,xpos:0.000000,ypos:0.000000,xspeed:-5.170000,yspeed:6.380000,angle:7.070000,distense:43.800000,rcs:32.000000
timestame:1619470191.836000000,objid:1,type:0,xpos:0.000000,ypos:0.000000,xspeed:2.310000,yspeed:2.020000,angle:5.890000,distense:137.000000,rcs:22.000000
timestame:1619470191.836000000,objid:2,type:0,xpos:0.000000,ypos:0.000000,xspeed:-5.290000,yspeed:4.970000,angle:9.730000,distense:42.400000,rcs:30.000000
