timestame:1619470049.545000000,objid:0,type:0,xpos:0.000000,ypos:0.000000,xspeed:6.840000,yspeed:0.040000,angle:3.770000,distense:101.800000,rcs:13.000000
timestame:1619470049.545000000,objid:5,type:0,xpos:0.000000,ypos:0.000000,xspeed:6.800000,yspeed:0.170000,angle:4.260000,distense:92.200000,rcs:27.000000
