timestame:1619470734.807000000,objid:1,type:0,xpos:0.000000,ypos:0.000000,xspeed:12.040000,yspeed:-0.070000,angle:2.020000,distense:84.400000,rcs:16.000000
timestame:1619470734.807000000,objid:6,type:0,xpos:0.000000,ypos:0.000000,xspeed:12.280000,yspeed:0.370000,angle:2.250000,distense:74.000000,rcs:37.000000
