timestame:1619471368.006000000,objid:1,type:0,xpos:0.000000,ypos:0.000000,xspeed:7.840000,yspeed:0.100000,angle:3.150000,distense:124.400000,rcs:13.000000
timestame:1619471368.006000000,objid:7,type:0,xpos:0.000000,ypos:0.000000,xspeed:11.680000,yspeed:0.180000,angle:1.510000,distense:165.000000,rcs:19.000000
