timestame:1619471068.206000000,objid:0,type:0,xpos:0.000000,ypos:0.000000,xspeed:-5.640000,yspeed:-0.270000,angle:-7.260000,distense:94.000000,rcs:15.000000
timestame:1619471068.206000000,objid:3,type:0,xpos:0.000000,ypos:0.000000,xspeed:-6.940000,yspeed:-0.240000,angle:-4.900000,distense:137.200000,rcs:6.000000
timestame:1619471068.206000000,objid:5,type:0,xpos:0.000000,ypos:0.000000,xspeed:-11.250000,yspeed:-0.710000,angle:-6.880000,distense:129.400000,rcs:16.000000
timestame:1619471068.206000000,objid:9,type:0,xpos:0.000000,ypos:0.000000,xspeed:-2.590000,yspeed:-0.170000,angle:-12.250000,distense:64.200000,rcs:15.000000
