timestame:1619471094.098000000,objid:1,type:0,xpos:0.000000,ypos:0.000000,xspeed:12.660000,yspeed:-0.190000,angle:2.560000,distense:98.400000,rcs:6.000000
timestame:1619471094.098000000,objid:2,type:0,xpos:0.000000,ypos:0.000000,xspeed:7.330000,yspeed:0.160000,angle:2.030000,distense:71.800000,rcs:47.000000
