timestame:1619469773.956000000,objid:1,type:0,xpos:0.000000,ypos:0.000000,xspeed:3.780000,yspeed:2.220000,angle:-14.920000,distense:32.800000,rcs:6.000000
timestame:1619469773.956000000,objid:3,type:0,xpos:0.000000,ypos:0.000000,xspeed:4.790000,yspeed:-5.180000,angle:22.680000,distense:17.000000,rcs:15.000000
timestame:1619469773.956000000,objid:7,type:0,xpos:0.000000,ypos:0.000000,xspeed:3.020000,yspeed:3.460000,angle:-10.260000,distense:42.400000,rcs:16.000000
