timestame:1619471410.682000000,objid:2,type:0,xpos:0.000000,ypos:0.000000,xspeed:-4.340000,yspeed:-1.700000,angle:-18.000000,distense:39.200000,rcs:35.000000
timestame:1619471410.682000000,objid:4,type:0,xpos:0.000000,ypos:0.000000,xspeed:-1.630000,yspeed:0.130000,angle:-0.690000,distense:42.000000,rcs:31.000000
timestame:1619471410.682000000,objid:7,type:0,xpos:0.000000,ypos:0.000000,xspeed:-2.400000,yspeed:-3.150000,angle:-18.000000,distense:37.200000,rcs:24.000000
timestame:1619471410.682000000,objid:12,type:0,xpos:0.000000,ypos:0.000000,xspeed:-9.420000,yspeed:-0.400000,angle:-4.360000,distense:180.800000,rcs:9.000000
