timestame:1619471551.242000000,objid:7,type:0,xpos:0.000000,ypos:0.000000,xspeed:-1.870000,yspeed:-3.520000,angle:-10.930000,distense:63.800000,rcs:18.000000
timestame:1619471551.242000000,objid:13,type:0,xpos:0.000000,ypos:0.000000,xspeed:3.770000,yspeed:0.840000,angle:21.690000,distense:24.000000,rcs:25.000000
timestame:1619471551.242000000,objid:15,type:0,xpos:0.000000,ypos:0.000000,xspeed:-1.670000,yspeed:-2.860000,angle:-18.000000,distense:35.400000,rcs:29.000000
timestame:1619471551.242000000,objid:17,type:0,xpos:0.000000,ypos:0.000000,xspeed:-2.300000,yspeed:-0.110000,angle:-18.000000,distense:23.000000,rcs:6.000000
