timestame:1619469557.928000000,objid:3,type:0,xpos:0.000000,ypos:0.000000,xspeed:1.020000,yspeed:7.260000,angle:-0.820000,distense:36.600000,rcs:28.000000
timestame:1619469557.928000000,objid:5,type:0,xpos:0.000000,ypos:0.000000,xspeed:-1.800000,yspeed:6.990000,angle:19.290000,distense:40.800000,rcs:6.000000
timestame:1619469557.928000000,objid:9,type:0,xpos:0.000000,ypos:0.000000,xspeed:-1.680000,yspeed:7.360000,angle:18.550000,distense:40.800000,rcs:26.000000
timestame:1619469557.928000000,objid:10,type:0,xpos:0.000000,ypos:0.000000,xspeed:1.580000,yspeed:-5.370000,angle:-4.820000,distense:52.400000,rcs:9.000000
