timestame:1619470075.067000000,objid:3,type:0,xpos:0.000000,ypos:0.000000,xspeed:-1.460000,yspeed:2.380000,angle:-17.530000,distense:47.400000,rcs:22.000000
timestame:1619470075.067000000,objid:4,type:0,xpos:0.000000,ypos:0.000000,xspeed:-1.080000,yspeed:1.770000,angle:-13.880000,distense:42.800000,rcs:24.000000
