timestame:1619470039.193000000,objid:0,type:0,xpos:0.000000,ypos:0.000000,xspeed:1.910000,yspeed:0.560000,angle:10.610000,distense:31.400000,rcs:9.000000
timestame:1619470039.193000000,objid:1,type:0,xpos:0.000000,ypos:0.000000,xspeed:11.120000,yspeed:-0.010000,angle:1.440000,distense:123.000000,rcs:18.000000
timestame:1619470039.193000000,objid:3,type:0,xpos:0.000000,ypos:0.000000,xspeed:12.650000,yspeed:0.210000,angle:2.030000,distense:94.400000,rcs:29.000000
timestame:1619470039.193000000,objid:5,type:0,xpos:0.000000,ypos:0.000000,xspeed:3.720000,yspeed:0.110000,angle:8.150000,distense:30.000000,rcs:31.000000
