timestame:1619469785.028000000,objid:2,type:0,xpos:0.000000,ypos:0.000000,xspeed:16.960000,yspeed:-0.080000,angle:0.910000,distense:177.000000,rcs:9.000000
timestame:1619469785.028000000,objid:4,type:0,xpos:0.000000,ypos:0.000000,xspeed:-17.500000,yspeed:-0.260000,angle:-7.310000,distense:117.000000,rcs:20.000000
timestame:1619469785.028000000,objid:10,type:0,xpos:0.000000,ypos:0.000000,xspeed:16.770000,yspeed:0.250000,angle:1.260000,distense:164.200000,rcs:32.000000
