timestame:1619471095.902000000,objid:0,type:0,xpos:0.000000,ypos:0.000000,xspeed:-36.720000,yspeed:0.000000,angle:-9.790000,distense:76.200000,rcs:13.000000
timestame:1619471095.902000000,objid:2,type:0,xpos:0.000000,ypos:0.000000,xspeed:7.910000,yspeed:-0.070000,angle:1.460000,distense:86.600000,rcs:34.000000
