timestame:1619469855.112000000,objid:0,type:0,xpos:0.000000,ypos:0.000000,xspeed:3.520000,yspeed:-4.000000,angle:-0.680000,distense:52.200000,rcs:6.000000
timestame:1619469855.112000000,objid:4,type:0,xpos:0.000000,ypos:0.000000,xspeed:-9.470000,yspeed:2.610000,angle:-6.250000,distense:47.200000,rcs:24.000000
timestame:1619469855.112000000,objid:8,type:0,xpos:0.000000,ypos:0.000000,xspeed:17.190000,yspeed:0.000000,angle:-4.650000,distense:69.400000,rcs:16.000000
timestame:1619469855.112000000,objid:10,type:0,xpos:0.000000,ypos:0.000000,xspeed:-11.390000,yspeed:-0.160000,angle:-4.760000,distense:138.800000,rcs:9.000000
