timestame:1619470275.947000000,objid:1,type:0,xpos:0.000000,ypos:0.000000,xspeed:-10.410000,yspeed:-0.020000,angle:-5.060000,distense:103.600000,rcs:13.000000
timestame:1619470275.947000000,objid:2,type:0,xpos:0.000000,ypos:0.000000,xspeed:-1.300000,yspeed:0.510000,angle:-6.510000,distense:91.800000,rcs:12.000000
timestame:1619470275.947000000,objid:11,type:0,xpos:0.000000,ypos:0.000000,xspeed:-1.310000,yspeed:-0.200000,angle:-9.130000,distense:77.600000,rcs:27.000000
timestame:1619470275.947000000,objid:22,type:0,xpos:0.000000,ypos:0.000000,xspeed:-1.320000,yspeed:0.030000,angle:-7.770000,distense:84.400000,rcs:20.000000
