timestame:1619471152.261000000,objid:0,type:0,xpos:0.000000,ypos:0.000000,xspeed:-1.050000,yspeed:7.520000,angle:12.930000,distense:40.000000,rcs:6.000000
timestame:1619471152.261000000,objid:1,type:0,xpos:0.000000,ypos:0.000000,xspeed:-8.100000,yspeed:-4.250000,angle:10.020000,distense:85.000000,rcs:6.000000
timestame:1619471152.261000000,objid:7,type:0,xpos:0.000000,ypos:0.000000,xspeed:-1.020000,yspeed:6.440000,angle:7.300000,distense:40.400000,rcs:6.000000
