timestame:1619469932.142000000,objid:0,type:0,xpos:0.000000,ypos:0.000000,xspeed:-1.120000,yspeed:2.600000,angle:-18.000000,distense:37.800000,rcs:18.000000
timestame:1619469932.142000000,objid:1,type:0,xpos:0.000000,ypos:0.000000,xspeed:8.290000,yspeed:0.360000,angle:1.610000,distense:216.600000,rcs:12.000000
timestame:1619469932.142000000,objid:8,type:0,xpos:0.000000,ypos:0.000000,xspeed:8.300000,yspeed:0.450000,angle:1.480000,distense:210.000000,rcs:25.000000
