timestame:1619470166.615000000,objid:0,type:0,xpos:0.000000,ypos:0.000000,xspeed:5.180000,yspeed:0.260000,angle:2.260000,distense:34.400000,rcs:28.000000
timestame:1619470166.615000000,objid:3,type:0,xpos:0.000000,ypos:0.000000,xspeed:6.980000,yspeed:0.470000,angle:6.480000,distense:64.200000,rcs:26.000000
