timestame:1619469772.027000000,objid:1,type:0,xpos:0.000000,ypos:0.000000,xspeed:3.670000,yspeed:1.220000,angle:-17.010000,distense:24.200000,rcs:26.000000
timestame:1619469772.027000000,objid:3,type:0,xpos:0.000000,ypos:0.000000,xspeed:3.910000,yspeed:1.250000,angle:21.320000,distense:35.800000,rcs:30.000000
timestame:1619469772.027000000,objid:4,type:0,xpos:0.000000,ypos:0.000000,xspeed:2.140000,yspeed:3.670000,angle:-4.840000,distense:47.800000,rcs:6.000000
timestame:1619469772.027000000,objid:7,type:0,xpos:0.000000,ypos:0.000000,xspeed:4.000000,yspeed:1.510000,angle:-16.150000,distense:34.200000,rcs:34.000000
