timestame:1619470881.753000000,objid:3,type:0,xpos:0.000000,ypos:0.000000,xspeed:-1.390000,yspeed:-2.950000,angle:-18.000000,distense:34.800000,rcs:16.000000
timestame:1619470881.753000000,objid:6,type:0,xpos:0.000000,ypos:0.000000,xspeed:-1.470000,yspeed:-1.570000,angle:-18.000000,distense:33.400000,rcs:16.000000
timestame:1619470881.753000000,objid:11,type:0,xpos:0.000000,ypos:0.000000,xspeed:-4.210000,yspeed:-13.820000,angle:17.510000,distense:41.000000,rcs:31.000000
timestame:1619470881.753000000,objid:23,type:0,xpos:0.000000,ypos:0.000000,xspeed:-1.620000,yspeed:-1.930000,angle:-18.000000,distense:49.000000,rcs:9.000000
