timestame:1619470566.048000000,objid:0,type:0,xpos:0.000000,ypos:0.000000,xspeed:6.510000,yspeed:2.210000,angle:20.400000,distense:32.800000,rcs:24.000000
timestame:1619470566.048000000,objid:2,type:0,xpos:0.000000,ypos:0.000000,xspeed:-8.190000,yspeed:-0.670000,angle:-13.930000,distense:17.800000,rcs:6.000000
timestame:1619470566.048000000,objid:3,type:0,xpos:0.000000,ypos:0.000000,xspeed:13.150000,yspeed:0.100000,angle:1.310000,distense:134.200000,rcs:15.000000
