timestame:1619470662.757000000,objid:0,type:0,xpos:0.000000,ypos:0.000000,xspeed:-1.530000,yspeed:-0.320000,angle:-9.950000,distense:96.200000,rcs:19.000000
timestame:1619470662.757000000,objid:3,type:0,xpos:0.000000,ypos:0.000000,xspeed:-1.540000,yspeed:-0.090000,angle:-7.750000,distense:107.800000,rcs:9.000000
timestame:1619470662.757000000,objid:4,type:0,xpos:0.000000,ypos:0.000000,xspeed:-1.190000,yspeed:-0.370000,angle:-8.070000,distense:104.000000,rcs:9.000000
