timestame:1619469579.312000000,objid:1,type:0,xpos:0.000000,ypos:0.000000,xspeed:-6.410000,yspeed:-0.650000,angle:-7.980000,distense:111.000000,rcs:15.000000
timestame:1619469579.312000000,objid:3,type:0,xpos:0.000000,ypos:0.000000,xspeed:-6.240000,yspeed:-0.110000,angle:-8.930000,distense:101.200000,rcs:19.000000
timestame:1619469579.312000000,objid:5,type:0,xpos:0.000000,ypos:0.000000,xspeed:-6.250000,yspeed:-0.320000,angle:-9.510000,distense:98.000000,rcs:20.000000
