timestame:1619471229.563000000,objid:0,type:0,xpos:0.000000,ypos:0.000000,xspeed:6.130000,yspeed:0.450000,angle:2.450000,distense:92.000000,rcs:12.000000
timestame:1619471229.563000000,objid:1,type:0,xpos:0.000000,ypos:0.000000,xspeed:3.630000,yspeed:-4.770000,angle:-18.000000,distense:61.400000,rcs:12.000000
timestame:1619471229.563000000,objid:9,type:0,xpos:0.000000,ypos:0.000000,xspeed:6.450000,yspeed:0.150000,angle:2.090000,distense:83.600000,rcs:44.000000
