timestame:1619470058.862000000,objid:0,type:0,xpos:0.000000,ypos:0.000000,xspeed:-12.910000,yspeed:0.530000,angle:-4.320000,distense:93.000000,rcs:16.000000
timestame:1619470058.862000000,objid:5,type:0,xpos:0.000000,ypos:0.000000,xspeed:9.390000,yspeed:0.290000,angle:2.710000,distense:174.600000,rcs:25.000000
