timestame:1619471083.414000000,objid:4,type:0,xpos:0.000000,ypos:0.000000,xspeed:3.600000,yspeed:0.350000,angle:1.900000,distense:33.000000,rcs:35.000000
timestame:1619471083.414000000,objid:10,type:0,xpos:0.000000,ypos:0.000000,xspeed:5.950000,yspeed:0.540000,angle:2.200000,distense:49.800000,rcs:6.000000
