timestame:1619470780.191000000,objid:2,type:0,xpos:0.000000,ypos:0.000000,xspeed:1.330000,yspeed:-3.250000,angle:2.310000,distense:43.400000,rcs:36.000000
timestame:1619470780.191000000,objid:4,type:0,xpos:0.000000,ypos:0.000000,xspeed:-2.110000,yspeed:-0.640000,angle:-1.270000,distense:44.800000,rcs:9.000000
timestame:1619470780.191000000,objid:8,type:0,xpos:0.000000,ypos:0.000000,xspeed:-1.270000,yspeed:-5.010000,angle:-1.260000,distense:40.200000,rcs:33.000000
timestame:1619470780.191000000,objid:13,type:0,xpos:0.000000,ypos:0.000000,xspeed:-40.210000,yspeed:0.260000,angle:-4.560000,distense:19.600000,rcs:32.000000
