timestame:1619471261.113000000,objid:2,type:0,xpos:0.000000,ypos:0.000000,xspeed:12.480000,yspeed:0.290000,angle:4.130000,distense:88.200000,rcs:32.000000
timestame:1619471261.113000000,objid:6,type:0,xpos:0.000000,ypos:0.000000,xspeed:12.510000,yspeed:-0.130000,angle:3.750000,distense:100.400000,rcs:18.000000
timestame:1619471261.113000000,objid:10,type:0,xpos:0.000000,ypos:0.000000,xspeed:12.320000,yspeed:0.640000,angle:5.090000,distense:76.000000,rcs:12.000000
