timestame:1619469648.019000000,objid:2,type:0,xpos:0.000000,ypos:0.000000,xspeed:12.870000,yspeed:0.370000,angle:4.240000,distense:104.400000,rcs:22.000000
timestame:1619469648.019000000,objid:3,type:0,xpos:0.000000,ypos:0.000000,xspeed:24.340000,yspeed:2.580000,angle:1.350000,distense:31.000000,rcs:28.000000
timestame:1619469648.019000000,objid:13,type:0,xpos:0.000000,ypos:0.000000,xspeed:15.260000,yspeed:0.700000,angle:2.420000,distense:166.600000,rcs:35.000000
timestame:1619469648.019000000,objid:14,type:0,xpos:0.000000,ypos:0.000000,xspeed:13.020000,yspeed:0.300000,angle:4.190000,distense:101.800000,rcs:22.000000
