timestame:1619471061.505000000,objid:0,type:0,xpos:0.000000,ypos:0.000000,xspeed:-8.030000,yspeed:4.400000,angle:-4.510000,distense:134.600000,rcs:12.000000
timestame:1619471061.505000000,objid:8,type:0,xpos:0.000000,ypos:0.000000,xspeed:-1.150000,yspeed:2.990000,angle:-4.190000,distense:36.400000,rcs:20.000000
timestame:1619471061.505000000,objid:9,type:0,xpos:0.000000,ypos:0.000000,xspeed:-2.100000,yspeed:-0.210000,angle:-9.500000,distense:77.200000,rcs:6.000000
