timestame:1619470565.740000000,objid:0,type:0,xpos:0.000000,ypos:0.000000,xspeed:6.730000,yspeed:2.210000,angle:20.370000,distense:31.000000,rcs:28.000000
timestame:1619470565.740000000,objid:2,type:0,xpos:0.000000,ypos:0.000000,xspeed:-14.970000,yspeed:-8.090000,angle:-15.350000,distense:19.600000,rcs:28.000000
timestame:1619470565.740000000,objid:3,type:0,xpos:0.000000,ypos:0.000000,xspeed:12.700000,yspeed:0.210000,angle:1.450000,distense:129.400000,rcs:22.000000
