timestame:1619470478.204000000,objid:0,type:0,xpos:0.000000,ypos:0.000000,xspeed:-8.710000,yspeed:-0.520000,angle:-6.190000,distense:107.600000,rcs:22.000000
timestame:1619470478.204000000,objid:2,type:0,xpos:0.000000,ypos:0.000000,xspeed:1.450000,yspeed:-0.350000,angle:12.740000,distense:76.000000,rcs:6.000000
