timestame:1619469535.332000000,objid:4,type:0,xpos:0.000000,ypos:0.000000,xspeed:16.490000,yspeed:0.580000,angle:2.270000,distense:84.200000,rcs:30.000000
timestame:1619469535.332000000,objid:7,type:0,xpos:0.000000,ypos:0.000000,xspeed:16.510000,yspeed:0.380000,angle:1.670000,distense:92.000000,rcs:9.000000
