timestame:1619470227.905000000,objid:4,type:0,xpos:0.000000,ypos:0.000000,xspeed:7.920000,yspeed:-0.710000,angle:7.840000,distense:174.600000,rcs:9.000000
timestame:1619470227.905000000,objid:8,type:0,xpos:0.000000,ypos:0.000000,xspeed:-1.700000,yspeed:-2.640000,angle:-14.970000,distense:40.600000,rcs:37.000000
timestame:1619470227.905000000,objid:11,type:0,xpos:0.000000,ypos:0.000000,xspeed:-8.260000,yspeed:6.630000,angle:-2.070000,distense:186.600000,rcs:12.000000
