timestame:1619470743.988000000,objid:0,type:0,xpos:0.000000,ypos:0.000000,xspeed:-4.420000,yspeed:0.000000,angle:-7.900000,distense:87.400000,rcs:24.000000
timestame:1619470743.988000000,objid:5,type:0,xpos:0.000000,ypos:0.000000,xspeed:-1.210000,yspeed:8.340000,angle:-12.670000,distense:39.800000,rcs:12.000000
timestame:1619470743.988000000,objid:6,type:0,xpos:0.000000,ypos:0.000000,xspeed:12.420000,yspeed:0.180000,angle:1.130000,distense:186.800000,rcs:35.000000
timestame:1619470743.988000000,objid:8,type:0,xpos:0.000000,ypos:0.000000,xspeed:-7.480000,yspeed:-0.230000,angle:-8.330000,distense:84.200000,rcs:15.000000
