timestame:1619470124.347000000,objid:1,type:0,xpos:0.000000,ypos:0.000000,xspeed:3.830000,yspeed:3.190000,angle:-17.630000,distense:36.800000,rcs:12.000000
timestame:1619470124.347000000,objid:3,type:0,xpos:0.000000,ypos:0.000000,xspeed:-6.060000,yspeed:3.600000,angle:12.540000,distense:41.600000,rcs:6.000000
timestame:1619470124.347000000,objid:4,type:0,xpos:0.000000,ypos:0.000000,xspeed:3.820000,yspeed:0.880000,angle:22.190000,distense:28.800000,rcs:6.000000
timestame:1619470124.347000000,objid:6,type:0,xpos:0.000000,ypos:0.000000,xspeed:4.300000,yspeed:2.720000,angle:-16.000000,distense:35.400000,rcs:30.000000
