timestame:1619469974.900000000,objid:6,type:0,xpos:0.000000,ypos:0.000000,xspeed:-1.080000,yspeed:-2.040000,angle:-15.280000,distense:36.200000,rcs:31.000000
timestame:1619469974.900000000,objid:7,type:0,xpos:0.000000,ypos:0.000000,xspeed:-2.070000,yspeed:-4.080000,angle:-15.960000,distense:38.000000,rcs:35.000000
timestame:1619469974.900000000,objid:14,type:0,xpos:0.000000,ypos:0.000000,xspeed:-2.120000,yspeed:-2.320000,angle:-18.000000,distense:32.000000,rcs:13.000000
timestame:1619469974.900000000,objid:16,type:0,xpos:0.000000,ypos:0.000000,xspeed:2.790000,yspeed:-20.480000,angle:-18.000000,distense:70.000000,rcs:6.000000
