timestame:1619470738.529000000,objid:0,type:0,xpos:0.000000,ypos:0.000000,xspeed:-16.570000,yspeed:-1.340000,angle:-5.210000,distense:138.800000,rcs:9.000000
timestame:1619470738.529000000,objid:1,type:0,xpos:0.000000,ypos:0.000000,xspeed:11.870000,yspeed:-0.210000,angle:0.970000,distense:128.800000,rcs:6.000000
timestame:1619470738.529000000,objid:3,type:0,xpos:0.000000,ypos:0.000000,xspeed:1.940000,yspeed:-5.430000,angle:-14.590000,distense:46.800000,rcs:18.000000
timestame:1619470738.529000000,objid:6,type:0,xpos:0.000000,ypos:0.000000,xspeed:12.150000,yspeed:0.130000,angle:1.440000,distense:118.800000,rcs:21.000000
