timestame:1619471294.037000000,objid:0,type:0,xpos:0.000000,ypos:0.000000,xspeed:2.620000,yspeed:4.110000,angle:-12.810000,distense:38.800000,rcs:13.000000
timestame:1619471294.037000000,objid:1,type:0,xpos:0.000000,ypos:0.000000,xspeed:-2.500000,yspeed:11.530000,angle:-1.970000,distense:45.000000,rcs:15.000000
timestame:1619471294.037000000,objid:2,type:0,xpos:0.000000,ypos:0.000000,xspeed:-3.790000,yspeed:0.000000,angle:-6.010000,distense:45.400000,rcs:22.000000
timestame:1619471294.037000000,objid:6,type:0,xpos:0.000000,ypos:0.000000,xspeed:3.480000,yspeed:1.230000,angle:22.790000,distense:31.400000,rcs:20.000000
