timestame:1619470139.985000000,objid:0,type:0,xpos:0.000000,ypos:0.000000,xspeed:-6.990000,yspeed:-0.050000,angle:18.330000,distense:24.000000,rcs:18.000000
timestame:1619470139.985000000,objid:2,type:0,xpos:0.000000,ypos:0.000000,xspeed:-21.630000,yspeed:5.230000,angle:18.240000,distense:24.000000,rcs:13.000000
