timestame:1619470701.006000000,objid:1,type:0,xpos:0.000000,ypos:0.000000,xspeed:9.420000,yspeed:0.150000,angle:3.810000,distense:106.600000,rcs:13.000000
timestame:1619470701.006000000,objid:2,type:0,xpos:0.000000,ypos:0.000000,xspeed:-8.950000,yspeed:0.650000,angle:-11.160000,distense:96.200000,rcs:12.000000
