timestame:1619470919.875000000,objid:2,type:0,xpos:0.000000,ypos:0.000000,xspeed:1.020000,yspeed:-0.730000,angle:12.430000,distense:12.400000,rcs:20.000000
timestame:1619470919.875000000,objid:3,type:0,xpos:0.000000,ypos:0.000000,xspeed:-13.580000,yspeed:-2.910000,angle:-3.980000,distense:176.400000,rcs:9.000000
