timestame:1619469979.255000000,objid:1,type:0,xpos:0.000000,ypos:0.000000,xspeed:-1.780000,yspeed:-8.970000,angle:-2.870000,distense:40.200000,rcs:30.000000
timestame:1619469979.255000000,objid:5,type:0,xpos:0.000000,ypos:0.000000,xspeed:-1.790000,yspeed:-14.660000,angle:1.720000,distense:40.800000,rcs:37.000000
timestame:1619469979.255000000,objid:18,type:0,xpos:0.000000,ypos:0.000000,xspeed:2.020000,yspeed:-8.570000,angle:-18.000000,distense:64.200000,rcs:13.000000
