timestame:1619471448.387000000,objid:3,type:0,xpos:0.000000,ypos:0.000000,xspeed:-3.270000,yspeed:-0.090000,angle:-5.870000,distense:108.800000,rcs:15.000000
timestame:1619471448.387000000,objid:11,type:0,xpos:0.000000,ypos:0.000000,xspeed:-2.950000,yspeed:-0.840000,angle:-8.380000,distense:99.000000,rcs:18.000000
timestame:1619471448.387000000,objid:13,type:0,xpos:0.000000,ypos:0.000000,xspeed:-3.280000,yspeed:0.100000,angle:16.510000,distense:48.000000,rcs:12.000000
