timestame:1619471558.762000000,objid:3,type:0,xpos:0.000000,ypos:0.000000,xspeed:-3.710000,yspeed:-10.900000,angle:-1.800000,distense:38.400000,rcs:30.000000
timestame:1619471558.762000000,objid:7,type:0,xpos:0.000000,ypos:0.000000,xspeed:-2.710000,yspeed:-1.570000,angle:-18.000000,distense:32.000000,rcs:6.000000
timestame:1619471558.762000000,objid:12,type:0,xpos:0.000000,ypos:0.000000,xspeed:2.720000,yspeed:1.950000,angle:-14.910000,distense:35.800000,rcs:19.000000
timestame:1619471558.762000000,objid:13,type:0,xpos:0.000000,ypos:0.000000,xspeed:-13.050000,yspeed:18.340000,angle:2.010000,distense:43.600000,rcs:9.000000
