timestame:1619469555.634000000,objid:2,type:0,xpos:0.000000,ypos:0.000000,xspeed:-1.380000,yspeed:4.870000,angle:-18.000000,distense:39.600000,rcs:25.000000
timestame:1619469555.634000000,objid:3,type:0,xpos:0.000000,ypos:0.000000,xspeed:-1.740000,yspeed:5.970000,angle:-11.850000,distense:44.000000,rcs:12.000000
timestame:1619469555.634000000,objid:4,type:0,xpos:0.000000,ypos:0.000000,xspeed:-2.150000,yspeed:6.080000,angle:-6.990000,distense:42.800000,rcs:25.000000
timestame:1619469555.634000000,objid:10,type:0,xpos:0.000000,ypos:0.000000,xspeed:4.380000,yspeed:-7.330000,angle:8.370000,distense:50.000000,rcs:32.000000
