timestame:1619470127.754000000,objid:0,type:0,xpos:0.000000,ypos:0.000000,xspeed:-5.450000,yspeed:-0.690000,angle:16.750000,distense:23.400000,rcs:13.000000
timestame:1619470127.754000000,objid:4,type:0,xpos:0.000000,ypos:0.000000,xspeed:3.260000,yspeed:4.160000,angle:-8.190000,distense:46.400000,rcs:6.000000
timestame:1619470127.754000000,objid:5,type:0,xpos:0.000000,ypos:0.000000,xspeed:-6.780000,yspeed:-0.390000,angle:14.970000,distense:26.000000,rcs:16.000000
timestame:1619470127.754000000,objid:7,type:0,xpos:0.000000,ypos:0.000000,xspeed:-10.280000,yspeed:1.590000,angle:-4.050000,distense:132.000000,rcs:9.000000
