timestame:1619470841.612000000,objid:0,type:0,xpos:0.000000,ypos:0.000000,xspeed:1.130000,yspeed:2.760000,angle:-4.410000,distense:43.000000,rcs:9.000000
timestame:1619470841.612000000,objid:3,type:0,xpos:0.000000,ypos:0.000000,xspeed:2.590000,yspeed:2.620000,angle:-9.950000,distense:44.800000,rcs:6.000000
timestame:1619470841.612000000,objid:7,type:0,xpos:0.000000,ypos:0.000000,xspeed:13.200000,yspeed:0.420000,angle:2.380000,distense:225.000000,rcs:9.000000
