timestame:1619469624.927000000,objid:1,type:0,xpos:0.000000,ypos:0.000000,xspeed:-4.470000,yspeed:-0.210000,angle:-18.000000,distense:50.200000,rcs:21.000000
timestame:1619469624.927000000,objid:2,type:0,xpos:0.000000,ypos:0.000000,xspeed:-4.390000,yspeed:-0.090000,angle:-15.870000,distense:63.000000,rcs:20.000000
timestame:1619469624.927000000,objid:4,type:0,xpos:0.000000,ypos:0.000000,xspeed:-13.110000,yspeed:-0.400000,angle:-15.840000,distense:46.000000,rcs:25.000000
timestame:1619469624.927000000,objid:5,type:0,xpos:0.000000,ypos:0.000000,xspeed:9.480000,yspeed:2.880000,angle:-12.860000,distense:72.600000,rcs:12.000000
