timestame:1619469531.598000000,objid:1,type:0,xpos:0.000000,ypos:0.000000,xspeed:1.740000,yspeed:-4.670000,angle:-18.000000,distense:77.000000,rcs:6.000000
timestame:1619469531.598000000,objid:4,type:0,xpos:0.000000,ypos:0.000000,xspeed:15.390000,yspeed:1.580000,angle:1.650000,distense:22.600000,rcs:32.000000
timestame:1619469531.598000000,objid:7,type:0,xpos:0.000000,ypos:0.000000,xspeed:17.550000,yspeed:0.360000,angle:1.640000,distense:30.600000,rcs:39.000000
