timestame:1619471259.010000000,objid:2,type:0,xpos:0.000000,ypos:0.000000,xspeed:12.200000,yspeed:0.600000,angle:5.590000,distense:61.800000,rcs:41.000000
timestame:1619471259.010000000,objid:3,type:0,xpos:0.000000,ypos:0.000000,xspeed:-14.920000,yspeed:-0.540000,angle:-18.000000,distense:45.200000,rcs:19.000000
timestame:1619471259.010000000,objid:6,type:0,xpos:0.000000,ypos:0.000000,xspeed:12.290000,yspeed:0.190000,angle:5.490000,distense:74.000000,rcs:12.000000
timestame:1619471259.010000000,objid:10,type:0,xpos:0.000000,ypos:0.000000,xspeed:12.330000,yspeed:0.630000,angle:6.220000,distense:50.000000,rcs:29.000000
