timestame:1619469636.996000000,objid:1,type:0,xpos:0.000000,ypos:0.000000,xspeed:3.500000,yspeed:1.590000,angle:-15.690000,distense:22.200000,rcs:26.000000
timestame:1619469636.996000000,objid:3,type:0,xpos:0.000000,ypos:0.000000,xspeed:-4.450000,yspeed:4.530000,angle:10.680000,distense:42.800000,rcs:18.000000
timestame:1619469636.996000000,objid:4,type:0,xpos:0.000000,ypos:0.000000,xspeed:3.260000,yspeed:2.570000,angle:-13.780000,distense:36.000000,rcs:12.000000
timestame:1619469636.996000000,objid:8,type:0,xpos:0.000000,ypos:0.000000,xspeed:5.240000,yspeed:9.640000,angle:21.950000,distense:23.200000,rcs:22.000000
