timestame:1619471085.532000000,objid:0,type:0,xpos:0.000000,ypos:0.000000,xspeed:8.530000,yspeed:0.290000,angle:1.320000,distense:50.000000,rcs:33.000000
timestame:1619471085.532000000,objid:11,type:0,xpos:0.000000,ypos:0.000000,xspeed:1.900000,yspeed:-0.020000,angle:2.160000,distense:18.800000,rcs:45.000000
