timestame:1619470704.557000000,objid:0,type:0,xpos:0.000000,ypos:0.000000,xspeed:3.580000,yspeed:3.310000,angle:-14.340000,distense:39.200000,rcs:6.000000
timestame:1619470704.557000000,objid:1,type:0,xpos:0.000000,ypos:0.000000,xspeed:11.110000,yspeed:0.000000,angle:2.590000,distense:146.200000,rcs:6.000000
timestame:1619470704.557000000,objid:2,type:0,xpos:0.000000,ypos:0.000000,xspeed:-7.680000,yspeed:-1.130000,angle:-18.000000,distense:70.400000,rcs:6.000000
