timestame:1619469891.447000000,objid:2,type:0,xpos:0.000000,ypos:0.000000,xspeed:-4.250000,yspeed:-0.190000,angle:-15.670000,distense:50.200000,rcs:26.000000
timestame:1619469891.447000000,objid:5,type:0,xpos:0.000000,ypos:0.000000,xspeed:-2.910000,yspeed:-0.090000,angle:-18.000000,distense:53.800000,rcs:16.000000
timestame:1619469891.447000000,objid:10,type:0,xpos:0.000000,ypos:0.000000,xspeed:-11.880000,yspeed:7.620000,angle:-3.480000,distense:152.000000,rcs:6.000000
timestame:1619469891.447000000,objid:16,type:0,xpos:0.000000,ypos:0.000000,xspeed:-3.670000,yspeed:-0.060000,angle:-12.050000,distense:62.200000,rcs:22.000000
