timestame:1619470044.339000000,objid:0,type:0,xpos:0.000000,ypos:0.000000,xspeed:4.870000,yspeed:0.030000,angle:5.380000,distense:65.800000,rcs:12.000000
timestame:1619470044.339000000,objid:1,type:0,xpos:0.000000,ypos:0.000000,xspeed:13.300000,yspeed:-0.010000,angle:0.960000,distense:190.400000,rcs:6.000000
timestame:1619470044.339000000,objid:3,type:0,xpos:0.000000,ypos:0.000000,xspeed:14.110000,yspeed:0.170000,angle:1.340000,distense:165.800000,rcs:13.000000
timestame:1619470044.339000000,objid:5,type:0,xpos:0.000000,ypos:0.000000,xspeed:5.610000,yspeed:0.570000,angle:6.260000,distense:56.000000,rcs:33.000000
