timestame:1619471062.383000000,objid:0,type:0,xpos:0.000000,ypos:0.000000,xspeed:-7.540000,yspeed:1.320000,angle:-4.530000,distense:128.200000,rcs:6.000000
timestame:1619471062.383000000,objid:8,type:0,xpos:0.000000,ypos:0.000000,xspeed:-1.210000,yspeed:3.150000,angle:0.280000,distense:35.200000,rcs:13.000000
timestame:1619471062.383000000,objid:9,type:0,xpos:0.000000,ypos:0.000000,xspeed:-1.660000,yspeed:-0.280000,angle:-9.800000,distense:76.600000,rcs:12.000000
