timestame:1619470595.410000000,objid:1,type:0,xpos:0.000000,ypos:0.000000,xspeed:7.330000,yspeed:0.980000,angle:-17.550000,distense:28.600000,rcs:22.000000
timestame:1619470595.410000000,objid:5,type:0,xpos:0.000000,ypos:0.000000,xspeed:6.500000,yspeed:2.850000,angle:-16.540000,distense:40.000000,rcs:13.000000
timestame:1619470595.410000000,objid:6,type:0,xpos:0.000000,ypos:0.000000,xspeed:5.740000,yspeed:2.690000,angle:21.840000,distense:38.400000,rcs:6.000000
