timestame:1619470105.482000000,objid:1,type:0,xpos:0.000000,ypos:0.000000,xspeed:6.690000,yspeed:0.320000,angle:22.130000,distense:27.400000,rcs:26.000000
timestame:1619470105.482000000,objid:6,type:0,xpos:0.000000,ypos:0.000000,xspeed:-2.640000,yspeed:-0.140000,angle:17.030000,distense:23.800000,rcs:9.000000
timestame:1619470105.482000000,objid:9,type:0,xpos:0.000000,ypos:0.000000,xspeed:3.800000,yspeed:2.310000,angle:-16.430000,distense:25.600000,rcs:36.000000
