timestame:1619470461.899000000,objid:0,type:0,xpos:0.000000,ypos:0.000000,xspeed:-15.430000,yspeed:-0.890000,angle:-9.200000,distense:78.400000,rcs:23.000000
timestame:1619470461.899000000,objid:2,type:0,xpos:0.000000,ypos:0.000000,xspeed:5.970000,yspeed:0.100000,angle:3.250000,distense:186.600000,rcs:13.000000
