timestame:1619470485.542000000,objid:1,type:0,xpos:0.000000,ypos:0.000000,xspeed:-3.100000,yspeed:-0.150000,angle:-8.940000,distense:80.000000,rcs:19.000000
timestame:1619470485.542000000,objid:2,type:0,xpos:0.000000,ypos:0.000000,xspeed:2.350000,yspeed:-6.790000,angle:1.950000,distense:64.400000,rcs:9.000000
timestame:1619470485.542000000,objid:4,type:0,xpos:0.000000,ypos:0.000000,xspeed:-1.120000,yspeed:-5.070000,angle:-12.780000,distense:40.000000,rcs:26.000000
