timestame:1619471084.222000000,objid:4,type:0,xpos:0.000000,ypos:0.000000,xspeed:4.280000,yspeed:0.170000,angle:1.570000,distense:37.400000,rcs:35.000000
timestame:1619471084.222000000,objid:10,type:0,xpos:0.000000,ypos:0.000000,xspeed:5.900000,yspeed:0.480000,angle:2.300000,distense:54.400000,rcs:6.000000
timestame:1619471084.222000000,objid:11,type:0,xpos:0.000000,ypos:0.000000,xspeed:1.290000,yspeed:-0.040000,angle:2.320000,distense:15.600000,rcs:48.000000
