timestame:1619470225.232000000,objid:7,type:0,xpos:0.000000,ypos:0.000000,xspeed:1.380000,yspeed:0.530000,angle:-9.920000,distense:50.400000,rcs:19.000000
timestame:1619470225.232000000,objid:9,type:0,xpos:0.000000,ypos:0.000000,xspeed:-2.060000,yspeed:6.410000,angle:18.000000,distense:38.000000,rcs:6.000000
