timestame:1619469978.322000000,objid:2,type:0,xpos:0.000000,ypos:0.000000,xspeed:-2.040000,yspeed:-1.390000,angle:-18.000000,distense:30.000000,rcs:9.000000
timestame:1619469978.322000000,objid:6,type:0,xpos:0.000000,ypos:0.000000,xspeed:-2.680000,yspeed:-3.140000,angle:-18.000000,distense:32.200000,rcs:6.000000
timestame:1619469978.322000000,objid:18,type:0,xpos:0.000000,ypos:0.000000,xspeed:1.560000,yspeed:-2.780000,angle:-15.440000,distense:59.200000,rcs:13.000000
