timestame:1619469821.613000000,objid:1,type:0,xpos:0.000000,ypos:0.000000,xspeed:1.130000,yspeed:-6.820000,angle:-18.000000,distense:63.800000,rcs:15.000000
timestame:1619469821.613000000,objid:4,type:0,xpos:0.000000,ypos:0.000000,xspeed:-1.850000,yspeed:10.270000,angle:-15.580000,distense:41.200000,rcs:6.000000
timestame:1619469821.613000000,objid:11,type:0,xpos:0.000000,ypos:0.000000,xspeed:-5.300000,yspeed:-0.470000,angle:-6.220000,distense:140.600000,rcs:13.000000
timestame:1619469821.613000000,objid:16,type:0,xpos:0.000000,ypos:0.000000,xspeed:-2.810000,yspeed:9.650000,angle:-17.890000,distense:44.600000,rcs:15.000000
