timestame:1619469928.727000000,objid:1,type:0,xpos:0.000000,ypos:0.000000,xspeed:7.270000,yspeed:0.110000,angle:1.380000,distense:187.800000,rcs:9.000000
timestame:1619469928.727000000,objid:8,type:0,xpos:0.000000,ypos:0.000000,xspeed:7.380000,yspeed:0.020000,angle:1.160000,distense:181.200000,rcs:15.000000
