timestame:1619470220.525000000,objid:6,type:0,xpos:0.000000,ypos:0.000000,xspeed:-5.430000,yspeed:9.230000,angle:-18.000000,distense:50.800000,rcs:12.000000
timestame:1619470220.525000000,objid:7,type:0,xpos:0.000000,ypos:0.000000,xspeed:-2.650000,yspeed:9.180000,angle:-15.660000,distense:41.000000,rcs:6.000000
timestame:1619470220.525000000,objid:8,type:0,xpos:0.000000,ypos:0.000000,xspeed:20.390000,yspeed:0.000000,angle:16.880000,distense:58.200000,rcs:6.000000
