timestame:1619470493.516000000,objid:2,type:0,xpos:0.000000,ypos:0.000000,xspeed:1.380000,yspeed:-5.240000,angle:12.430000,distense:56.600000,rcs:15.000000
timestame:1619470493.516000000,objid:3,type:0,xpos:0.000000,ypos:0.000000,xspeed:1.620000,yspeed:-4.340000,angle:6.630000,distense:45.400000,rcs:38.000000
