timestame:1619470563.006000000,objid:1,type:0,xpos:0.000000,ypos:0.000000,xspeed:6.590000,yspeed:-0.520000,angle:3.470000,distense:202.000000,rcs:9.000000
timestame:1619470563.006000000,objid:3,type:0,xpos:0.000000,ypos:0.000000,xspeed:10.410000,yspeed:0.170000,angle:1.660000,distense:94.200000,rcs:37.000000
timestame:1619470563.006000000,objid:5,type:0,xpos:0.000000,ypos:0.000000,xspeed:7.230000,yspeed:-3.220000,angle:2.270000,distense:213.200000,rcs:9.000000
