timestame:1619470373.100000000,objid:2,type:0,xpos:0.000000,ypos:0.000000,xspeed:-1.260000,yspeed:1.420000,angle:-3.840000,distense:40.400000,rcs:12.000000
timestame:1619470373.100000000,objid:6,type:0,xpos:0.000000,ypos:0.000000,xspeed:-1.850000,yspeed:-0.010000,angle:-18.000000,distense:32.400000,rcs:9.000000
timestame:1619470373.100000000,objid:10,type:0,xpos:0.000000,ypos:0.000000,xspeed:-5.720000,yspeed:-1.700000,angle:-18.000000,distense:32.400000,rcs:6.000000
timestame:1619470373.100000000,objid:14,type:0,xpos:0.000000,ypos:0.000000,xspeed:-2.370000,yspeed:-0.320000,angle:-18.000000,distense:30.000000,rcs:12.000000
