timestame:1619470964.677000000,objid:0,type:0,xpos:0.000000,ypos:0.000000,xspeed:4.000000,yspeed:0.160000,angle:6.210000,distense:55.000000,rcs:37.000000
timestame:1619470964.677000000,objid:1,type:0,xpos:0.000000,ypos:0.000000,xspeed:11.100000,yspeed:4.590000,angle:1.530000,distense:131.600000,rcs:6.000000
timestame:1619470964.677000000,objid:6,type:0,xpos:0.000000,ypos:0.000000,xspeed:10.610000,yspeed:0.470000,angle:2.010000,distense:110.400000,rcs:30.000000
timestame:1619470964.677000000,objid:12,type:0,xpos:0.000000,ypos:0.000000,xspeed:2.990000,yspeed:-0.070000,angle:4.770000,distense:62.600000,rcs:26.000000
