timestame:1619470639.894000000,objid:2,type:0,xpos:0.000000,ypos:0.000000,xspeed:-5.950000,yspeed:-1.710000,angle:-4.630000,distense:189.400000,rcs:16.000000
timestame:1619470639.894000000,objid:6,type:0,xpos:0.000000,ypos:0.000000,xspeed:-2.820000,yspeed:3.200000,angle:-18.000000,distense:49.400000,rcs:6.000000
timestame:1619470639.894000000,objid:7,type:0,xpos:0.000000,ypos:0.000000,xspeed:1.790000,yspeed:-11.040000,angle:-18.000000,distense:65.400000,rcs:9.000000
