timestame:1619469684.324000000,objid:1,type:0,xpos:0.000000,ypos:0.000000,xspeed:-1.460000,yspeed:0.000000,angle:22.020000,distense:49.400000,rcs:19.000000
timestame:1619469684.324000000,objid:2,type:0,xpos:0.000000,ypos:0.000000,xspeed:-1.580000,yspeed:5.580000,angle:-18.000000,distense:51.800000,rcs:12.000000
timestame:1619469684.324000000,objid:4,type:0,xpos:0.000000,ypos:0.000000,xspeed:-1.860000,yspeed:7.850000,angle:-18.000000,distense:53.200000,rcs:16.000000
