timestame:1619469743.921000000,objid:1,type:0,xpos:0.000000,ypos:0.000000,xspeed:-2.560000,yspeed:9.200000,angle:-17.950000,distense:41.200000,rcs:6.000000
timestame:1619469743.921000000,objid:3,type:0,xpos:0.000000,ypos:0.000000,xspeed:1.830000,yspeed:6.560000,angle:-15.790000,distense:42.400000,rcs:15.000000
