timestame:1619469915.957000000,objid:1,type:0,xpos:0.000000,ypos:0.000000,xspeed:5.420000,yspeed:0.130000,angle:1.650000,distense:106.000000,rcs:21.000000
timestame:1619469915.957000000,objid:2,type:0,xpos:0.000000,ypos:0.000000,xspeed:13.540000,yspeed:0.320000,angle:2.430000,distense:207.600000,rcs:20.000000
timestame:1619469915.957000000,objid:8,type:0,xpos:0.000000,ypos:0.000000,xspeed:5.310000,yspeed:0.020000,angle:1.640000,distense:99.000000,rcs:25.000000
