timestame:1619470967.042000000,objid:0,type:0,xpos:0.000000,ypos:0.000000,xspeed:4.590000,yspeed:0.120000,angle:5.380000,distense:66.000000,rcs:29.000000
timestame:1619470967.042000000,objid:1,type:0,xpos:0.000000,ypos:0.000000,xspeed:13.580000,yspeed:0.140000,angle:0.950000,distense:163.400000,rcs:24.000000
timestame:1619470967.042000000,objid:6,type:0,xpos:0.000000,ypos:0.000000,xspeed:11.450000,yspeed:0.360000,angle:1.930000,distense:137.800000,rcs:9.000000
timestame:1619470967.042000000,objid:7,type:0,xpos:0.000000,ypos:0.000000,xspeed:6.490000,yspeed:1.730000,angle:21.050000,distense:24.600000,rcs:26.000000
