timestame:1619470951.893000000,objid:0,type:0,xpos:0.000000,ypos:0.000000,xspeed:5.460000,yspeed:-0.300000,angle:0.780000,distense:31.400000,rcs:41.000000
timestame:1619470951.893000000,objid:7,type:0,xpos:0.000000,ypos:0.000000,xspeed:4.260000,yspeed:-6.320000,angle:-6.510000,distense:42.600000,rcs:12.000000
timestame:1619470951.893000000,objid:10,type:0,xpos:0.000000,ypos:0.000000,xspeed:3.490000,yspeed:0.000000,angle:3.560000,distense:16.600000,rcs:32.000000
