timestame:1619470779.572000000,objid:2,type:0,xpos:0.000000,ypos:0.000000,xspeed:2.440000,yspeed:-3.460000,angle:5.110000,distense:43.400000,rcs:36.000000
timestame:1619470779.572000000,objid:4,type:0,xpos:0.000000,ypos:0.000000,xspeed:-1.730000,yspeed:-1.010000,angle:-2.560000,distense:46.200000,rcs:9.000000
timestame:1619470779.572000000,objid:13,type:0,xpos:0.000000,ypos:0.000000,xspeed:-38.760000,yspeed:0.000000,angle:16.040000,distense:41.800000,rcs:22.000000
