timestame:1619470277.002000000,objid:1,type:0,xpos:0.000000,ypos:0.000000,xspeed:-10.280000,yspeed:0.150000,angle:-5.270000,distense:93.400000,rcs:13.000000
timestame:1619470277.002000000,objid:2,type:0,xpos:0.000000,ypos:0.000000,xspeed:-1.980000,yspeed:0.190000,angle:-6.930000,distense:89.000000,rcs:16.000000
timestame:1619470277.002000000,objid:11,type:0,xpos:0.000000,ypos:0.000000,xspeed:-2.000000,yspeed:-0.110000,angle:-9.500000,distense:74.600000,rcs:21.000000
timestame:1619470277.002000000,objid:22,type:0,xpos:0.000000,ypos:0.000000,xspeed:-1.590000,yspeed:-0.090000,angle:-8.170000,distense:82.400000,rcs:16.000000
