timestame:1619471294.099000000,objid:0,type:0,xpos:0.000000,ypos:0.000000,xspeed:2.640000,yspeed:4.100000,angle:-12.630000,distense:39.000000,rcs:20.000000
timestame:1619471294.099000000,objid:1,type:0,xpos:0.000000,ypos:0.000000,xspeed:-2.500000,yspeed:11.530000,angle:-1.100000,distense:44.800000,rcs:15.000000
timestame:1619471294.099000000,objid:2,type:0,xpos:0.000000,ypos:0.000000,xspeed:-2.760000,yspeed:1.660000,angle:-5.820000,distense:45.200000,rcs:21.000000
timestame:1619471294.099000000,objid:6,type:0,xpos:0.000000,ypos:0.000000,xspeed:3.560000,yspeed:1.480000,angle:-17.900000,distense:31.800000,rcs:18.000000
