timestame:1619471225.607000000,objid:1,type:0,xpos:0.000000,ypos:0.000000,xspeed:5.790000,yspeed:-1.280000,angle:-7.350000,distense:41.800000,rcs:28.000000
timestame:1619471225.607000000,objid:6,type:0,xpos:0.000000,ypos:0.000000,xspeed:5.120000,yspeed:0.300000,angle:2.580000,distense:77.000000,rcs:6.000000
timestame:1619471225.607000000,objid:9,type:0,xpos:0.000000,ypos:0.000000,xspeed:5.160000,yspeed:0.090000,angle:2.420000,distense:58.400000,rcs:42.000000
