timestame:1619469929.847000000,objid:1,type:0,xpos:0.000000,ypos:0.000000,xspeed:7.720000,yspeed:0.190000,angle:1.430000,distense:196.600000,rcs:22.000000
timestame:1619469929.847000000,objid:8,type:0,xpos:0.000000,ypos:0.000000,xspeed:7.650000,yspeed:0.000000,angle:1.080000,distense:190.000000,rcs:24.000000
