timestame:1619469537.132000000,objid:4,type:0,xpos:0.000000,ypos:0.000000,xspeed:16.870000,yspeed:0.380000,angle:1.850000,distense:114.800000,rcs:13.000000
timestame:1619469537.132000000,objid:7,type:0,xpos:0.000000,ypos:0.000000,xspeed:16.850000,yspeed:0.290000,angle:1.480000,distense:122.200000,rcs:13.000000
