timestame:1619469535.892000000,objid:4,type:0,xpos:0.000000,ypos:0.000000,xspeed:16.540000,yspeed:0.400000,angle:2.010000,distense:94.200000,rcs:30.000000
timestame:1619469535.892000000,objid:7,type:0,xpos:0.000000,ypos:0.000000,xspeed:16.230000,yspeed:0.380000,angle:1.660000,distense:101.200000,rcs:18.000000
