timestame:1619471261.175000000,objid:2,type:0,xpos:0.000000,ypos:0.000000,xspeed:12.480000,yspeed:0.280000,angle:4.090000,distense:89.000000,rcs:34.000000
timestame:1619471261.175000000,objid:6,type:0,xpos:0.000000,ypos:0.000000,xspeed:12.540000,yspeed:-0.140000,angle:3.710000,distense:101.200000,rcs:18.000000
timestame:1619471261.175000000,objid:10,type:0,xpos:0.000000,ypos:0.000000,xspeed:12.300000,yspeed:0.610000,angle:5.030000,distense:76.600000,rcs:22.000000
