timestame:1619469931.080000000,objid:0,type:0,xpos:0.000000,ypos:0.000000,xspeed:-2.080000,yspeed:2.040000,angle:-18.000000,distense:39.400000,rcs:6.000000
timestame:1619469931.080000000,objid:1,type:0,xpos:0.000000,ypos:0.000000,xspeed:8.070000,yspeed:0.250000,angle:1.490000,distense:207.400000,rcs:9.000000
timestame:1619469931.080000000,objid:8,type:0,xpos:0.000000,ypos:0.000000,xspeed:8.060000,yspeed:0.230000,angle:1.260000,distense:200.600000,rcs:20.000000
