timestame:1619470636.904000000,objid:2,type:0,xpos:0.000000,ypos:0.000000,xspeed:3.500000,yspeed:-7.560000,angle:0.140000,distense:50.800000,rcs:20.000000
timestame:1619470636.904000000,objid:3,type:0,xpos:0.000000,ypos:0.000000,xspeed:4.260000,yspeed:-14.170000,angle:1.860000,distense:50.200000,rcs:6.000000
timestame:1619470636.904000000,objid:4,type:0,xpos:0.000000,ypos:0.000000,xspeed:-8.770000,yspeed:6.860000,angle:-3.840000,distense:209.200000,rcs:13.000000
timestame:1619470636.904000000,objid:6,type:0,xpos:0.000000,ypos:0.000000,xspeed:3.500000,yspeed:-9.450000,angle:4.420000,distense:50.200000,rcs:26.000000
