timestame:1619470461.155000000,objid:0,type:0,xpos:0.000000,ypos:0.000000,xspeed:-16.180000,yspeed:-1.270000,angle:-7.960000,distense:89.400000,rcs:21.000000
timestame:1619470461.155000000,objid:2,type:0,xpos:0.000000,ypos:0.000000,xspeed:5.910000,yspeed:0.010000,angle:3.240000,distense:181.800000,rcs:9.000000
