timestame:1619470943.202000000,objid:1,type:0,xpos:0.000000,ypos:0.000000,xspeed:-5.550000,yspeed:1.030000,angle:-14.840000,distense:50.000000,rcs:15.000000
timestame:1619470943.202000000,objid:5,type:0,xpos:0.000000,ypos:0.000000,xspeed:-6.240000,yspeed:-0.540000,angle:-18.000000,distense:53.600000,rcs:13.000000
timestame:1619470943.202000000,objid:7,type:0,xpos:0.000000,ypos:0.000000,xspeed:-5.790000,yspeed:-0.740000,angle:-18.000000,distense:50.000000,rcs:20.000000
