timestame:1619471243.148000000,objid:0,type:0,xpos:0.000000,ypos:0.000000,xspeed:-3.860000,yspeed:2.000000,angle:-18.000000,distense:75.200000,rcs:9.000000
timestame:1619471243.148000000,objid:9,type:0,xpos:0.000000,ypos:0.000000,xspeed:10.060000,yspeed:0.220000,angle:1.280000,distense:202.000000,rcs:15.000000
