timestame:1619470745.605000000,objid:0,type:0,xpos:0.000000,ypos:0.000000,xspeed:-2.760000,yspeed:-0.410000,angle:-8.820000,distense:83.000000,rcs:16.000000
timestame:1619470745.605000000,objid:6,type:0,xpos:0.000000,ypos:0.000000,xspeed:12.550000,yspeed:0.440000,angle:1.370000,distense:207.400000,rcs:13.000000
