timestame:1619470363.722000000,objid:2,type:0,xpos:0.000000,ypos:0.000000,xspeed:-5.360000,yspeed:2.100000,angle:18.540000,distense:44.600000,rcs:6.000000
timestame:1619470363.722000000,objid:5,type:0,xpos:0.000000,ypos:0.000000,xspeed:-5.790000,yspeed:10.510000,angle:-12.480000,distense:43.400000,rcs:19.000000
timestame:1619470363.722000000,objid:11,type:0,xpos:0.000000,ypos:0.000000,xspeed:-2.230000,yspeed:5.380000,angle:20.720000,distense:39.200000,rcs:15.000000
