timestame:1619471450.993000000,objid:3,type:0,xpos:0.000000,ypos:0.000000,xspeed:-2.460000,yspeed:-0.200000,angle:-6.430000,distense:102.800000,rcs:16.000000
timestame:1619471450.993000000,objid:11,type:0,xpos:0.000000,ypos:0.000000,xspeed:-1.840000,yspeed:0.310000,angle:-7.610000,distense:94.600000,rcs:12.000000
timestame:1619471450.993000000,objid:13,type:0,xpos:0.000000,ypos:0.000000,xspeed:-3.630000,yspeed:-0.120000,angle:20.250000,distense:38.600000,rcs:12.000000
