timestame:1619470441.399000000,objid:1,type:0,xpos:0.000000,ypos:0.000000,xspeed:15.220000,yspeed:0.590000,angle:2.370000,distense:80.200000,rcs:18.000000
timestame:1619470441.399000000,objid:2,type:0,xpos:0.000000,ypos:0.000000,xspeed:3.810000,yspeed:0.040000,angle:9.510000,distense:80.400000,rcs:22.000000
