timestame:1619471263.034000000,objid:2,type:0,xpos:0.000000,ypos:0.000000,xspeed:12.780000,yspeed:0.070000,angle:3.130000,distense:113.000000,rcs:27.000000
timestame:1619471263.034000000,objid:6,type:0,xpos:0.000000,ypos:0.000000,xspeed:12.680000,yspeed:-0.070000,angle:2.940000,distense:125.000000,rcs:18.000000
timestame:1619471263.034000000,objid:10,type:0,xpos:0.000000,ypos:0.000000,xspeed:12.680000,yspeed:0.120000,angle:3.570000,distense:100.600000,rcs:26.000000
