timestame:1619470791.937000000,objid:0,type:0,xpos:0.000000,ypos:0.000000,xspeed:1.200000,yspeed:0.130000,angle:2.060000,distense:19.400000,rcs:15.000000
timestame:1619470791.937000000,objid:2,type:0,xpos:0.000000,ypos:0.000000,xspeed:1.090000,yspeed:-7.780000,angle:19.860000,distense:46.000000,rcs:28.000000
timestame:1619470791.937000000,objid:5,type:0,xpos:0.000000,ypos:0.000000,xspeed:-2.240000,yspeed:-1.910000,angle:-18.000000,distense:45.200000,rcs:15.000000
