timestame:1619471039.005000000,objid:0,type:0,xpos:0.000000,ypos:0.000000,xspeed:-2.800000,yspeed:-11.030000,angle:13.030000,distense:44.200000,rcs:32.000000
timestame:1619471039.005000000,objid:1,type:0,xpos:0.000000,ypos:0.000000,xspeed:-1.560000,yspeed:-4.120000,angle:6.940000,distense:43.200000,rcs:38.000000
timestame:1619471039.005000000,objid:2,type:0,xpos:0.000000,ypos:0.000000,xspeed:-2.420000,yspeed:-2.070000,angle:-18.000000,distense:38.600000,rcs:9.000000
timestame:1619471039.005000000,objid:3,type:0,xpos:0.000000,ypos:0.000000,xspeed:1.260000,yspeed:-3.460000,angle:12.310000,distense:48.400000,rcs:20.000000
