timestame:1619469560.458000000,objid:3,type:0,xpos:0.000000,ypos:0.000000,xspeed:-1.040000,yspeed:5.550000,angle:22.010000,distense:35.400000,rcs:6.000000
timestame:1619469560.458000000,objid:8,type:0,xpos:0.000000,ypos:0.000000,xspeed:1.250000,yspeed:-2.600000,angle:21.570000,distense:45.000000,rcs:12.000000
timestame:1619469560.458000000,objid:13,type:0,xpos:0.000000,ypos:0.000000,xspeed:2.100000,yspeed:-9.330000,angle:-18.000000,distense:66.600000,rcs:6.000000
timestame:1619469560.458000000,objid:14,type:0,xpos:0.000000,ypos:0.000000,xspeed:-1.400000,yspeed:8.940000,angle:3.280000,distense:53.200000,rcs:6.000000
