timestame:1619470032.083000000,objid:1,type:0,xpos:0.000000,ypos:0.000000,xspeed:6.890000,yspeed:0.390000,angle:2.580000,distense:48.400000,rcs:30.000000
timestame:1619470032.083000000,objid:4,type:0,xpos:0.000000,ypos:0.000000,xspeed:11.690000,yspeed:0.190000,angle:1.900000,distense:80.000000,rcs:26.000000
timestame:1619470032.083000000,objid:7,type:0,xpos:0.000000,ypos:0.000000,xspeed:1.680000,yspeed:-0.800000,angle:6.620000,distense:22.400000,rcs:20.000000
