timestame:1619469923.404000000,objid:1,type:0,xpos:0.000000,ypos:0.000000,xspeed:5.950000,yspeed:0.280000,angle:1.570000,distense:150.000000,rcs:6.000000
timestame:1619469923.404000000,objid:8,type:0,xpos:0.000000,ypos:0.000000,xspeed:6.000000,yspeed:0.060000,angle:1.370000,distense:143.000000,rcs:22.000000
