timestame:1619470168.598000000,objid:0,type:0,xpos:0.000000,ypos:0.000000,xspeed:6.520000,yspeed:0.320000,angle:2.290000,distense:48.400000,rcs:30.000000
timestame:1619470168.598000000,objid:1,type:0,xpos:0.000000,ypos:0.000000,xspeed:10.430000,yspeed:1.200000,angle:1.970000,distense:16.200000,rcs:31.000000
timestame:1619470168.598000000,objid:3,type:0,xpos:0.000000,ypos:0.000000,xspeed:8.240000,yspeed:0.220000,angle:5.320000,distense:81.600000,rcs:27.000000
