timestame:1619470797.265000000,objid:5,type:0,xpos:0.000000,ypos:0.000000,xspeed:2.550000,yspeed:-10.820000,angle:-18.000000,distense:74.400000,rcs:9.000000
timestame:1619470797.265000000,objid:10,type:0,xpos:0.000000,ypos:0.000000,xspeed:-14.860000,yspeed:0.000000,angle:-8.550000,distense:56.200000,rcs:9.000000
timestame:1619470797.265000000,objid:12,type:0,xpos:0.000000,ypos:0.000000,xspeed:2.260000,yspeed:-10.890000,angle:-18.000000,distense:69.800000,rcs:9.000000
timestame:1619470797.265000000,objid:15,type:0,xpos:0.000000,ypos:0.000000,xspeed:-2.890000,yspeed:-3.280000,angle:-18.000000,distense:37.400000,rcs:9.000000
