timestame:1619469694.924000000,objid:1,type:0,xpos:0.000000,ypos:0.000000,xspeed:-1.530000,yspeed:6.810000,angle:5.940000,distense:41.200000,rcs:28.000000
timestame:1619469694.924000000,objid:3,type:0,xpos:0.000000,ypos:0.000000,xspeed:2.070000,yspeed:3.810000,angle:6.890000,distense:48.600000,rcs:15.000000
timestame:1619469694.924000000,objid:6,type:0,xpos:0.000000,ypos:0.000000,xspeed:1.810000,yspeed:-4.360000,angle:12.220000,distense:47.800000,rcs:9.000000
timestame:1619469694.924000000,objid:8,type:0,xpos:0.000000,ypos:0.000000,xspeed:2.090000,yspeed:-7.620000,angle:-18.000000,distense:75.800000,rcs:6.000000
