timestame:1619471068.395000000,objid:0,type:0,xpos:0.000000,ypos:0.000000,xspeed:-5.670000,yspeed:-0.260000,angle:-7.370000,distense:93.000000,rcs:16.000000
timestame:1619471068.395000000,objid:3,type:0,xpos:0.000000,ypos:0.000000,xspeed:-6.820000,yspeed:-0.240000,angle:-4.950000,distense:136.200000,rcs:9.000000
timestame:1619471068.395000000,objid:5,type:0,xpos:0.000000,ypos:0.000000,xspeed:-11.180000,yspeed:-0.530000,angle:-6.860000,distense:127.400000,rcs:19.000000
timestame:1619471068.395000000,objid:9,type:0,xpos:0.000000,ypos:0.000000,xspeed:-2.750000,yspeed:-0.250000,angle:-12.580000,distense:63.400000,rcs:24.000000
