timestame:1619471078.582000000,objid:1,type:0,xpos:0.000000,ypos:0.000000,xspeed:-6.760000,yspeed:-0.430000,angle:-18.000000,distense:48.200000,rcs:22.000000
timestame:1619471078.582000000,objid:3,type:0,xpos:0.000000,ypos:0.000000,xspeed:-9.460000,yspeed:-0.260000,angle:-13.600000,distense:52.600000,rcs:24.000000
timestame:1619471078.582000000,objid:5,type:0,xpos:0.000000,ypos:0.000000,xspeed:-10.270000,yspeed:-0.540000,angle:-18.000000,distense:31.200000,rcs:9.000000
timestame:1619471078.582000000,objid:6,type:0,xpos:0.000000,ypos:0.000000,xspeed:-5.430000,yspeed:-0.300000,angle:-18.000000,distense:44.800000,rcs:27.000000
