timestame:1619469483.883000000,objid:3,type:0,xpos:0.000000,ypos:0.000000,xspeed:3.110000,yspeed:0.260000,angle:11.930000,distense:17.000000,rcs:28.000000
timestame:1619469483.883000000,objid:7,type:0,xpos:0.000000,ypos:0.000000,xspeed:-1.980000,yspeed:0.000000,angle:-10.370000,distense:89.000000,rcs:18.000000
timestame:1619469483.883000000,objid:9,type:0,xpos:0.000000,ypos:0.000000,xspeed:2.430000,yspeed:0.850000,angle:-7.430000,distense:104.800000,rcs:6.000000
timestame:1619469483.883000000,objid:10,type:0,xpos:0.000000,ypos:0.000000,xspeed:-1.190000,yspeed:-0.880000,angle:-11.810000,distense:79.800000,rcs:15.000000
