timestame:1619470873.805000000,objid:4,type:0,xpos:0.000000,ypos:0.000000,xspeed:3.370000,yspeed:0.050000,angle:0.730000,distense:21.200000,rcs:38.000000
timestame:1619470873.805000000,objid:7,type:0,xpos:0.000000,ypos:0.000000,xspeed:-2.920000,yspeed:0.000000,angle:-18.000000,distense:55.400000,rcs:9.000000
timestame:1619470873.805000000,objid:9,type:0,xpos:0.000000,ypos:0.000000,xspeed:1.110000,yspeed:2.670000,angle:2.180000,distense:17.200000,rcs:40.000000
timestame:1619470873.805000000,objid:11,type:0,xpos:0.000000,ypos:0.000000,xspeed:6.880000,yspeed:0.130000,angle:0.560000,distense:36.400000,rcs:28.000000
