timestame:1619471136.746000000,objid:4,type:0,xpos:0.000000,ypos:0.000000,xspeed:2.830000,yspeed:-1.020000,angle:10.350000,distense:42.200000,rcs:27.000000
timestame:1619471136.746000000,objid:5,type:0,xpos:0.000000,ypos:0.000000,xspeed:-3.430000,yspeed:-15.220000,angle:-1.960000,distense:37.600000,rcs:43.000000
