timestame:1619471448.572000000,objid:3,type:0,xpos:0.000000,ypos:0.000000,xspeed:-3.200000,yspeed:0.000000,angle:-5.770000,distense:108.400000,rcs:9.000000
timestame:1619471448.572000000,objid:11,type:0,xpos:0.000000,ypos:0.000000,xspeed:-2.880000,yspeed:-0.780000,angle:-8.430000,distense:98.600000,rcs:22.000000
timestame:1619471448.572000000,objid:13,type:0,xpos:0.000000,ypos:0.000000,xspeed:-3.280000,yspeed:0.060000,angle:16.660000,distense:47.400000,rcs:16.000000
