timestame:1619471462.552000000,objid:1,type:0,xpos:0.000000,ypos:0.000000,xspeed:-6.080000,yspeed:-0.750000,angle:-5.790000,distense:115.000000,rcs:16.000000
timestame:1619471462.552000000,objid:3,type:0,xpos:0.000000,ypos:0.000000,xspeed:-7.220000,yspeed:-1.320000,angle:-5.410000,distense:180.600000,rcs:9.000000
