timestame:1619470150.418000000,objid:1,type:0,xpos:0.000000,ypos:0.000000,xspeed:2.400000,yspeed:1.470000,angle:-16.290000,distense:34.000000,rcs:15.000000
timestame:1619470150.418000000,objid:3,type:0,xpos:0.000000,ypos:0.000000,xspeed:-3.370000,yspeed:-0.260000,angle:-12.510000,distense:63.400000,rcs:20.000000
timestame:1619470150.418000000,objid:5,type:0,xpos:0.000000,ypos:0.000000,xspeed:-9.080000,yspeed:-3.470000,angle:15.960000,distense:21.800000,rcs:9.000000
timestame:1619470150.418000000,objid:13,type:0,xpos:0.000000,ypos:0.000000,xspeed:-14.980000,yspeed:-0.060000,angle:-3.780000,distense:179.000000,rcs:13.000000
