timestame:1619470461.463000000,objid:0,type:0,xpos:0.000000,ypos:0.000000,xspeed:-15.930000,yspeed:-1.020000,angle:-8.330000,distense:85.000000,rcs:20.000000
timestame:1619470461.463000000,objid:2,type:0,xpos:0.000000,ypos:0.000000,xspeed:5.950000,yspeed:0.000000,angle:3.200000,distense:183.800000,rcs:15.000000
