timestame:1619470613.022000000,objid:2,type:0,xpos:0.000000,ypos:0.000000,xspeed:-1.760000,yspeed:7.570000,angle:-8.790000,distense:43.600000,rcs:9.000000
timestame:1619470613.022000000,objid:3,type:0,xpos:0.000000,ypos:0.000000,xspeed:1.820000,yspeed:3.870000,angle:-6.300000,distense:40.400000,rcs:6.000000
timestame:1619470613.022000000,objid:4,type:0,xpos:0.000000,ypos:0.000000,xspeed:3.500000,yspeed:3.970000,angle:-11.300000,distense:40.600000,rcs:6.000000
timestame:1619470613.022000000,objid:9,type:0,xpos:0.000000,ypos:0.000000,xspeed:-1.510000,yspeed:2.960000,angle:-13.840000,distense:44.800000,rcs:9.000000
