timestame:1619470634.419000000,objid:1,type:0,xpos:0.000000,ypos:0.000000,xspeed:-1.620000,yspeed:3.110000,angle:-18.000000,distense:34.000000,rcs:6.000000
timestame:1619470634.419000000,objid:2,type:0,xpos:0.000000,ypos:0.000000,xspeed:-2.670000,yspeed:0.240000,angle:-8.450000,distense:81.800000,rcs:16.000000
