timestame:1619470443.135000000,objid:1,type:0,xpos:0.000000,ypos:0.000000,xspeed:16.470000,yspeed:0.360000,angle:1.930000,distense:110.400000,rcs:23.000000
timestame:1619470443.135000000,objid:2,type:0,xpos:0.000000,ypos:0.000000,xspeed:3.920000,yspeed:-0.160000,angle:8.400000,distense:87.200000,rcs:24.000000
