timestame:1619470060.497000000,objid:0,type:0,xpos:0.000000,ypos:0.000000,xspeed:-11.370000,yspeed:-0.060000,angle:-5.840000,distense:75.600000,rcs:22.000000
timestame:1619470060.497000000,objid:1,type:0,xpos:0.000000,ypos:0.000000,xspeed:-21.340000,yspeed:4.100000,angle:-3.910000,distense:162.400000,rcs:9.000000
timestame:1619470060.497000000,objid:5,type:0,xpos:0.000000,ypos:0.000000,xspeed:9.620000,yspeed:0.560000,angle:2.930000,distense:190.400000,rcs:22.000000
