timestame:1619470736.548000000,objid:0,type:0,xpos:0.000000,ypos:0.000000,xspeed:-19.230000,yspeed:-6.290000,angle:-4.860000,distense:173.000000,rcs:6.000000
timestame:1619470736.548000000,objid:1,type:0,xpos:0.000000,ypos:0.000000,xspeed:12.150000,yspeed:-0.150000,angle:1.360000,distense:105.600000,rcs:9.000000
timestame:1619470736.548000000,objid:6,type:0,xpos:0.000000,ypos:0.000000,xspeed:12.060000,yspeed:0.130000,angle:1.700000,distense:94.600000,rcs:34.000000
