timestame:1619470499.850000000,objid:2,type:0,xpos:0.000000,ypos:0.000000,xspeed:-1.200000,yspeed:-1.400000,angle:-18.000000,distense:38.800000,rcs:26.000000
timestame:1619470499.850000000,objid:4,type:0,xpos:0.000000,ypos:0.000000,xspeed:2.280000,yspeed:-3.460000,angle:12.880000,distense:45.600000,rcs:29.000000
timestame:1619470499.850000000,objid:7,type:0,xpos:0.000000,ypos:0.000000,xspeed:-1.730000,yspeed:-2.550000,angle:-18.000000,distense:45.400000,rcs:9.000000
