timestame:1619469529.614000000,objid:1,type:0,xpos:0.000000,ypos:0.000000,xspeed:1.830000,yspeed:-3.980000,angle:-18.000000,distense:69.000000,rcs:22.000000
timestame:1619469529.614000000,objid:11,type:0,xpos:0.000000,ypos:0.000000,xspeed:1.180000,yspeed:-4.520000,angle:-18.000000,distense:79.200000,rcs:9.000000
