timestame:1619470050.855000000,objid:0,type:0,xpos:0.000000,ypos:0.000000,xspeed:7.130000,yspeed:0.020000,angle:3.460000,distense:111.600000,rcs:6.000000
timestame:1619470050.855000000,objid:5,type:0,xpos:0.000000,ypos:0.000000,xspeed:7.120000,yspeed:0.060000,angle:3.800000,distense:102.000000,rcs:25.000000
