timestame:1619469634.997000000,objid:3,type:0,xpos:0.000000,ypos:0.000000,xspeed:-6.040000,yspeed:2.640000,angle:-2.600000,distense:49.800000,rcs:16.000000
timestame:1619469634.997000000,objid:4,type:0,xpos:0.000000,ypos:0.000000,xspeed:3.480000,yspeed:-0.960000,angle:22.590000,distense:27.200000,rcs:36.000000
