timestame:1619469995.278000000,objid:6,type:0,xpos:0.000000,ypos:0.000000,xspeed:-5.640000,yspeed:2.190000,angle:-15.980000,distense:48.200000,rcs:6.000000
timestame:1619469995.278000000,objid:8,type:0,xpos:0.000000,ypos:0.000000,xspeed:1.140000,yspeed:3.120000,angle:-2.150000,distense:43.200000,rcs:6.000000
timestame:1619469995.278000000,objid:15,type:0,xpos:0.000000,ypos:0.000000,xspeed:-1.190000,yspeed:-1.890000,angle:-17.730000,distense:36.200000,rcs:34.000000
timestame:1619469995.278000000,objid:24,type:0,xpos:0.000000,ypos:0.000000,xspeed:2.280000,yspeed:2.960000,angle:-10.260000,distense:39.400000,rcs:6.000000
