timestame:1619471229.194000000,objid:0,type:0,xpos:0.000000,ypos:0.000000,xspeed:6.170000,yspeed:0.420000,angle:2.360000,distense:89.600000,rcs:13.000000
timestame:1619471229.194000000,objid:1,type:0,xpos:0.000000,ypos:0.000000,xspeed:3.870000,yspeed:-4.520000,angle:-18.000000,distense:59.400000,rcs:9.000000
timestame:1619471229.194000000,objid:9,type:0,xpos:0.000000,ypos:0.000000,xspeed:6.250000,yspeed:0.140000,angle:2.120000,distense:80.600000,rcs:41.000000
