timestame:1619470521.853000000,objid:0,type:0,xpos:0.000000,ypos:0.000000,xspeed:3.050000,yspeed:-7.920000,angle:-15.100000,distense:44.000000,rcs:15.000000
timestame:1619470521.853000000,objid:4,type:0,xpos:0.000000,ypos:0.000000,xspeed:-1.800000,yspeed:5.780000,angle:-16.060000,distense:43.200000,rcs:6.000000
