timestame:1619469914.905000000,objid:1,type:0,xpos:0.000000,ypos:0.000000,xspeed:5.150000,yspeed:-0.020000,angle:1.510000,distense:99.800000,rcs:25.000000
timestame:1619469914.905000000,objid:2,type:0,xpos:0.000000,ypos:0.000000,xspeed:12.930000,yspeed:0.340000,angle:2.530000,distense:192.000000,rcs:20.000000
timestame:1619469914.905000000,objid:8,type:0,xpos:0.000000,ypos:0.000000,xspeed:5.180000,yspeed:-0.110000,angle:1.610000,distense:93.000000,rcs:20.000000
