timestame:1619470141.840000000,objid:0,type:0,xpos:0.000000,ypos:0.000000,xspeed:5.390000,yspeed:3.220000,angle:-15.220000,distense:21.200000,rcs:26.000000
timestame:1619470141.840000000,objid:1,type:0,xpos:0.000000,ypos:0.000000,xspeed:1.630000,yspeed:0.210000,angle:15.630000,distense:28.200000,rcs:16.000000
timestame:1619470141.840000000,objid:2,type:0,xpos:0.000000,ypos:0.000000,xspeed:9.250000,yspeed:17.350000,angle:2.380000,distense:31.400000,rcs:6.000000
timestame:1619470141.840000000,objid:3,type:0,xpos:0.000000,ypos:0.000000,xspeed:8.380000,yspeed:7.700000,angle:-11.680000,distense:43.600000,rcs:6.000000
