timestame:1619470123.913000000,objid:1,type:0,xpos:0.000000,ypos:0.000000,xspeed:2.210000,yspeed:1.380000,angle:22.070000,distense:34.200000,rcs:13.000000
timestame:1619470123.913000000,objid:4,type:0,xpos:0.000000,ypos:0.000000,xspeed:3.700000,yspeed:0.920000,angle:22.880000,distense:27.000000,rcs:20.000000
timestame:1619470123.913000000,objid:6,type:0,xpos:0.000000,ypos:0.000000,xspeed:4.660000,yspeed:2.250000,angle:-17.790000,distense:33.400000,rcs:26.000000
