timestame:1619471365.010000000,objid:1,type:0,xpos:0.000000,ypos:0.000000,xspeed:5.860000,yspeed:-0.860000,angle:3.570000,distense:100.000000,rcs:19.000000
timestame:1619471365.010000000,objid:2,type:0,xpos:0.000000,ypos:0.000000,xspeed:7.250000,yspeed:-0.250000,angle:3.510000,distense:105.400000,rcs:15.000000
timestame:1619471365.010000000,objid:4,type:0,xpos:0.000000,ypos:0.000000,xspeed:6.710000,yspeed:0.150000,angle:4.690000,distense:97.800000,rcs:6.000000
timestame:1619471365.010000000,objid:7,type:0,xpos:0.000000,ypos:0.000000,xspeed:11.140000,yspeed:0.350000,angle:1.720000,distense:129.200000,rcs:22.000000
