timestame:1619470122.861000000,objid:1,type:0,xpos:0.000000,ypos:0.000000,xspeed:7.960000,yspeed:4.550000,angle:20.650000,distense:38.000000,rcs:20.000000
timestame:1619470122.861000000,objid:4,type:0,xpos:0.000000,ypos:0.000000,xspeed:3.130000,yspeed:1.170000,angle:-15.210000,distense:22.600000,rcs:32.000000
timestame:1619470122.861000000,objid:6,type:0,xpos:0.000000,ypos:0.000000,xspeed:5.190000,yspeed:1.770000,angle:21.440000,distense:28.200000,rcs:32.000000
timestame:1619470122.861000000,objid:8,type:0,xpos:0.000000,ypos:0.000000,xspeed:3.960000,yspeed:1.550000,angle:-16.950000,distense:29.800000,rcs:23.000000
