timestame:1619471087.571000000,objid:0,type:0,xpos:0.000000,ypos:0.000000,xspeed:8.500000,yspeed:0.360000,angle:1.660000,distense:67.400000,rcs:19.000000
timestame:1619471087.571000000,objid:1,type:0,xpos:0.000000,ypos:0.000000,xspeed:7.520000,yspeed:1.480000,angle:10.920000,distense:21.000000,rcs:24.000000
timestame:1619471087.571000000,objid:4,type:0,xpos:0.000000,ypos:0.000000,xspeed:-23.190000,yspeed:-0.970000,angle:-7.020000,distense:101.000000,rcs:13.000000
timestame:1619471087.571000000,objid:11,type:0,xpos:0.000000,ypos:0.000000,xspeed:3.460000,yspeed:0.090000,angle:2.280000,distense:27.200000,rcs:38.000000
