timestame:1619470287.577000000,objid:2,type:0,xpos:0.000000,ypos:0.000000,xspeed:-12.490000,yspeed:-0.120000,angle:-8.810000,distense:98.200000,rcs:13.000000
timestame:1619470287.577000000,objid:5,type:0,xpos:0.000000,ypos:0.000000,xspeed:-5.580000,yspeed:-0.510000,angle:-18.000000,distense:39.400000,rcs:30.000000
timestame:1619470287.577000000,objid:7,type:0,xpos:0.000000,ypos:0.000000,xspeed:-5.250000,yspeed:-0.300000,angle:-18.000000,distense:35.000000,rcs:23.000000
timestame:1619470287.577000000,objid:11,type:0,xpos:0.000000,ypos:0.000000,xspeed:-5.390000,yspeed:-0.430000,angle:-18.000000,distense:29.000000,rcs:12.000000
