timestame:1619469576.578000000,objid:3,type:0,xpos:0.000000,ypos:0.000000,xspeed:-7.250000,yspeed:-0.110000,angle:-7.460000,distense:117.200000,rcs:13.000000
timestame:1619469576.578000000,objid:5,type:0,xpos:0.000000,ypos:0.000000,xspeed:-6.810000,yspeed:-0.230000,angle:-7.670000,distense:114.600000,rcs:13.000000
