timestame:1619470535.475000000,objid:0,type:0,xpos:0.000000,ypos:0.000000,xspeed:5.660000,yspeed:1.470000,angle:17.220000,distense:30.200000,rcs:32.000000
timestame:1619470535.475000000,objid:4,type:0,xpos:0.000000,ypos:0.000000,xspeed:1.140000,yspeed:-0.150000,angle:20.040000,distense:24.000000,rcs:29.000000
