timestame:1619470121.372000000,objid:4,type:0,xpos:0.000000,ypos:0.000000,xspeed:4.540000,yspeed:0.700000,angle:-13.810000,distense:18.000000,rcs:29.000000
timestame:1619470121.372000000,objid:5,type:0,xpos:0.000000,ypos:0.000000,xspeed:-1.980000,yspeed:-0.200000,angle:16.590000,distense:22.200000,rcs:6.000000
timestame:1619470121.372000000,objid:6,type:0,xpos:0.000000,ypos:0.000000,xspeed:7.430000,yspeed:-1.130000,angle:20.180000,distense:21.200000,rcs:26.000000
timestame:1619470121.372000000,objid:8,type:0,xpos:0.000000,ypos:0.000000,xspeed:4.380000,yspeed:1.210000,angle:-17.040000,distense:24.000000,rcs:35.000000
