timestame:1619469913.299000000,objid:0,type:0,xpos:0.000000,ypos:0.000000,xspeed:-6.560000,yspeed:1.780000,angle:-18.000000,distense:36.400000,rcs:6.000000
timestame:1619469913.299000000,objid:1,type:0,xpos:0.000000,ypos:0.000000,xspeed:4.790000,yspeed:-0.010000,angle:1.630000,distense:91.400000,rcs:23.000000
timestame:1619469913.299000000,objid:2,type:0,xpos:0.000000,ypos:0.000000,xspeed:11.990000,yspeed:0.170000,angle:2.570000,distense:170.800000,rcs:24.000000
timestame:1619469913.299000000,objid:8,type:0,xpos:0.000000,ypos:0.000000,xspeed:4.740000,yspeed:-0.050000,angle:1.940000,distense:84.400000,rcs:30.000000
