timestame:1619470990.041000000,objid:3,type:0,xpos:0.000000,ypos:0.000000,xspeed:5.250000,yspeed:-0.170000,angle:7.330000,distense:102.000000,rcs:9.000000
timestame:1619470990.041000000,objid:4,type:0,xpos:0.000000,ypos:0.000000,xspeed:-13.480000,yspeed:-0.590000,angle:-14.600000,distense:55.400000,rcs:16.000000
