timestame:1619471153.885000000,objid:1,type:0,xpos:0.000000,ypos:0.000000,xspeed:-7.320000,yspeed:-5.870000,angle:4.050000,distense:72.400000,rcs:6.000000
timestame:1619471153.885000000,objid:2,type:0,xpos:0.000000,ypos:0.000000,xspeed:-2.260000,yspeed:10.830000,angle:-6.130000,distense:43.200000,rcs:6.000000
timestame:1619471153.885000000,objid:4,type:0,xpos:0.000000,ypos:0.000000,xspeed:-12.740000,yspeed:-4.100000,angle:-8.740000,distense:86.200000,rcs:19.000000
timestame:1619471153.885000000,objid:8,type:0,xpos:0.000000,ypos:0.000000,xspeed:6.700000,yspeed:0.000000,angle:-14.990000,distense:15.200000,rcs:25.000000
