timestame:1619469874.905000000,objid:0,type:0,xpos:0.000000,ypos:0.000000,xspeed:-3.000000,yspeed:-0.410000,angle:-18.000000,distense:23.600000,rcs:6.000000
timestame:1619469874.905000000,objid:17,type:0,xpos:0.000000,ypos:0.000000,xspeed:2.970000,yspeed:-5.310000,angle:8.360000,distense:67.600000,rcs:15.000000
