timestame:1619469853.933000000,objid:0,type:0,xpos:0.000000,ypos:0.000000,xspeed:3.880000,yspeed:-3.550000,angle:4.920000,distense:48.600000,rcs:35.000000
timestame:1619469853.933000000,objid:3,type:0,xpos:0.000000,ypos:0.000000,xspeed:-1.670000,yspeed:-1.640000,angle:-4.370000,distense:43.800000,rcs:6.000000
timestame:1619469853.933000000,objid:10,type:0,xpos:0.000000,ypos:0.000000,xspeed:-11.660000,yspeed:-0.080000,angle:-4.260000,distense:151.600000,rcs:15.000000
