timestame:1619469929.226000000,objid:1,type:0,xpos:0.000000,ypos:0.000000,xspeed:7.420000,yspeed:0.180000,angle:1.440000,distense:191.200000,rcs:12.000000
timestame:1619469929.226000000,objid:8,type:0,xpos:0.000000,ypos:0.000000,xspeed:7.540000,yspeed:0.000000,angle:1.120000,distense:184.800000,rcs:29.000000
