timestame:1619470237.072000000,objid:3,type:0,xpos:0.000000,ypos:0.000000,xspeed:-1.650000,yspeed:-3.780000,angle:-18.000000,distense:41.000000,rcs:33.000000
timestame:1619470237.072000000,objid:9,type:0,xpos:0.000000,ypos:0.000000,xspeed:-1.150000,yspeed:-2.390000,angle:-18.000000,distense:38.800000,rcs:24.000000
timestame:1619470237.072000000,objid:11,type:0,xpos:0.000000,ypos:0.000000,xspeed:-4.980000,yspeed:0.050000,angle:-4.940000,distense:125.800000,rcs:16.000000
