timestame:1619469997.519000000,objid:9,type:0,xpos:0.000000,ypos:0.000000,xspeed:1.240000,yspeed:-2.340000,angle:20.100000,distense:45.200000,rcs:35.000000
timestame:1619469997.519000000,objid:10,type:0,xpos:0.000000,ypos:0.000000,xspeed:-1.080000,yspeed:-3.500000,angle:-18.000000,distense:37.400000,rcs:20.000000
timestame:1619469997.519000000,objid:11,type:0,xpos:0.000000,ypos:0.000000,xspeed:-1.170000,yspeed:-0.920000,angle:-18.000000,distense:34.000000,rcs:15.000000
timestame:1619469997.519000000,objid:15,type:0,xpos:0.000000,ypos:0.000000,xspeed:-1.200000,yspeed:-2.440000,angle:-18.000000,distense:35.800000,rcs:12.000000
