timestame:1619470620.225000000,objid:1,type:0,xpos:0.000000,ypos:0.000000,xspeed:-5.450000,yspeed:0.800000,angle:-9.620000,distense:89.000000,rcs:20.000000
timestame:1619470620.225000000,objid:2,type:0,xpos:0.000000,ypos:0.000000,xspeed:-7.860000,yspeed:0.090000,angle:-10.190000,distense:86.200000,rcs:13.000000
