timestame:1619470461.278000000,objid:0,type:0,xpos:0.000000,ypos:0.000000,xspeed:-16.050000,yspeed:-1.220000,angle:-8.160000,distense:87.600000,rcs:16.000000
timestame:1619470461.278000000,objid:2,type:0,xpos:0.000000,ypos:0.000000,xspeed:5.930000,yspeed:-0.030000,angle:3.200000,distense:182.600000,rcs:13.000000
