timestame:1619471086.275000000,objid:0,type:0,xpos:0.000000,ypos:0.000000,xspeed:8.450000,yspeed:0.400000,angle:1.530000,distense:56.000000,rcs:24.000000
timestame:1619471086.275000000,objid:4,type:0,xpos:0.000000,ypos:0.000000,xspeed:-24.490000,yspeed:-0.120000,angle:-4.730000,distense:131.000000,rcs:12.000000
timestame:1619471086.275000000,objid:11,type:0,xpos:0.000000,ypos:0.000000,xspeed:2.480000,yspeed:0.140000,angle:2.600000,distense:21.400000,rcs:44.000000
