timestame:1619469621.927000000,objid:1,type:0,xpos:0.000000,ypos:0.000000,xspeed:-3.370000,yspeed:0.150000,angle:-14.780000,distense:63.400000,rcs:24.000000
timestame:1619469621.927000000,objid:2,type:0,xpos:0.000000,ypos:0.000000,xspeed:-3.990000,yspeed:-0.230000,angle:-13.030000,distense:75.200000,rcs:23.000000
timestame:1619469621.927000000,objid:4,type:0,xpos:0.000000,ypos:0.000000,xspeed:-15.360000,yspeed:0.160000,angle:-7.300000,distense:83.400000,rcs:21.000000
