timestame:1619470568.271000000,objid:1,type:0,xpos:0.000000,ypos:0.000000,xspeed:4.160000,yspeed:2.470000,angle:-15.500000,distense:31.200000,rcs:22.000000
timestame:1619470568.271000000,objid:3,type:0,xpos:0.000000,ypos:0.000000,xspeed:15.230000,yspeed:0.090000,angle:1.070000,distense:170.000000,rcs:21.000000
timestame:1619470568.271000000,objid:8,type:0,xpos:0.000000,ypos:0.000000,xspeed:3.610000,yspeed:4.350000,angle:-8.980000,distense:45.400000,rcs:12.000000
