timestame:1619469572.737000000,objid:1,type:0,xpos:0.000000,ypos:0.000000,xspeed:-6.070000,yspeed:-3.120000,angle:-18.000000,distense:31.600000,rcs:6.000000
timestame:1619469572.737000000,objid:3,type:0,xpos:0.000000,ypos:0.000000,xspeed:-8.400000,yspeed:0.370000,angle:-5.680000,distense:145.000000,rcs:16.000000
timestame:1619469572.737000000,objid:5,type:0,xpos:0.000000,ypos:0.000000,xspeed:-8.690000,yspeed:0.120000,angle:-6.100000,distense:141.000000,rcs:12.000000
timestame:1619469572.737000000,objid:8,type:0,xpos:0.000000,ypos:0.000000,xspeed:-2.610000,yspeed:-1.770000,angle:-18.000000,distense:35.800000,rcs:16.000000
