timestame:1619471088.375000000,objid:0,type:0,xpos:0.000000,ypos:0.000000,xspeed:9.000000,yspeed:0.420000,angle:1.820000,distense:75.000000,rcs:25.000000
timestame:1619471088.375000000,objid:1,type:0,xpos:0.000000,ypos:0.000000,xspeed:8.380000,yspeed:0.550000,angle:8.720000,distense:28.000000,rcs:27.000000
timestame:1619471088.375000000,objid:4,type:0,xpos:0.000000,ypos:0.000000,xspeed:-22.540000,yspeed:-0.970000,angle:-8.930000,distense:84.200000,rcs:13.000000
timestame:1619471088.375000000,objid:11,type:0,xpos:0.000000,ypos:0.000000,xspeed:3.910000,yspeed:-0.160000,angle:1.450000,distense:31.000000,rcs:9.000000
