timestame:1619470871.520000000,objid:1,type:0,xpos:0.000000,ypos:0.000000,xspeed:-13.650000,yspeed:2.420000,angle:-3.490000,distense:143.200000,rcs:9.000000
timestame:1619470871.520000000,objid:3,type:0,xpos:0.000000,ypos:0.000000,xspeed:1.400000,yspeed:-10.280000,angle:-6.770000,distense:51.600000,rcs:6.000000
timestame:1619470871.520000000,objid:4,type:0,xpos:0.000000,ypos:0.000000,xspeed:4.350000,yspeed:-0.510000,angle:0.520000,distense:13.600000,rcs:28.000000
