timestame:1619471003.640000000,objid:1,type:0,xpos:0.000000,ypos:0.000000,xspeed:-13.140000,yspeed:-0.870000,angle:-6.400000,distense:135.200000,rcs:13.000000
timestame:1619471003.640000000,objid:4,type:0,xpos:0.000000,ypos:0.000000,xspeed:1.430000,yspeed:0.170000,angle:0.250000,distense:17.400000,rcs:20.000000
