timestame:1619470166.862000000,objid:0,type:0,xpos:0.000000,ypos:0.000000,xspeed:5.200000,yspeed:0.180000,angle:2.160000,distense:35.800000,rcs:28.000000
timestame:1619470166.862000000,objid:3,type:0,xpos:0.000000,ypos:0.000000,xspeed:7.070000,yspeed:0.470000,angle:6.390000,distense:66.000000,rcs:29.000000
