timestame:1619470229.576000000,objid:2,type:0,xpos:0.000000,ypos:0.000000,xspeed:-1.440000,yspeed:-3.140000,angle:-17.650000,distense:40.800000,rcs:27.000000
timestame:1619470229.576000000,objid:4,type:0,xpos:0.000000,ypos:0.000000,xspeed:17.190000,yspeed:0.000000,angle:-13.910000,distense:46.400000,rcs:25.000000
timestame:1619470229.576000000,objid:8,type:0,xpos:0.000000,ypos:0.000000,xspeed:-2.120000,yspeed:-2.510000,angle:-18.000000,distense:38.200000,rcs:13.000000
timestame:1619470229.576000000,objid:11,type:0,xpos:0.000000,ypos:0.000000,xspeed:-8.990000,yspeed:-2.020000,angle:-4.170000,distense:170.600000,rcs:15.000000
