timestame:1619469484.192000000,objid:3,type:0,xpos:0.000000,ypos:0.000000,xspeed:2.950000,yspeed:0.330000,angle:12.010000,distense:17.600000,rcs:33.000000
timestame:1619469484.192000000,objid:7,type:0,xpos:0.000000,ypos:0.000000,xspeed:-1.990000,yspeed:0.050000,angle:-10.360000,distense:88.400000,rcs:19.000000
timestame:1619469484.192000000,objid:9,type:0,xpos:0.000000,ypos:0.000000,xspeed:1.960000,yspeed:0.210000,angle:-7.490000,distense:105.200000,rcs:13.000000
timestame:1619469484.192000000,objid:11,type:0,xpos:0.000000,ypos:0.000000,xspeed:-1.120000,yspeed:-0.700000,angle:-8.740000,distense:82.000000,rcs:22.000000
