timestame:1619469790.603000000,objid:1,type:0,xpos:0.000000,ypos:0.000000,xspeed:-16.300000,yspeed:-0.740000,angle:-18.000000,distense:37.400000,rcs:25.000000
timestame:1619469790.603000000,objid:3,type:0,xpos:0.000000,ypos:0.000000,xspeed:9.580000,yspeed:0.200000,angle:-18.000000,distense:39.400000,rcs:18.000000
timestame:1619469790.603000000,objid:4,type:0,xpos:0.000000,ypos:0.000000,xspeed:-12.730000,yspeed:2.390000,angle:-18.000000,distense:29.000000,rcs:6.000000
