timestame:1619471231.675000000,objid:0,type:0,xpos:0.000000,ypos:0.000000,xspeed:6.840000,yspeed:-0.070000,angle:1.750000,distense:106.800000,rcs:6.000000
timestame:1619471231.675000000,objid:1,type:0,xpos:0.000000,ypos:0.000000,xspeed:2.780000,yspeed:-5.470000,angle:-18.000000,distense:71.200000,rcs:6.000000
timestame:1619471231.675000000,objid:9,type:0,xpos:0.000000,ypos:0.000000,xspeed:6.830000,yspeed:-0.050000,angle:1.660000,distense:98.400000,rcs:41.000000
