timestame:1619470295.577000000,objid:0,type:0,xpos:0.000000,ypos:0.000000,xspeed:2.480000,yspeed:0.100000,angle:5.010000,distense:25.800000,rcs:15.000000
timestame:1619470295.577000000,objid:2,type:0,xpos:0.000000,ypos:0.000000,xspeed:6.330000,yspeed:-0.940000,angle:1.310000,distense:35.400000,rcs:6.000000
timestame:1619470295.577000000,objid:3,type:0,xpos:0.000000,ypos:0.000000,xspeed:2.570000,yspeed:0.110000,angle:3.950000,distense:14.600000,rcs:41.000000
timestame:1619470295.577000000,objid:5,type:0,xpos:0.000000,ypos:0.000000,xspeed:3.600000,yspeed:0.310000,angle:2.650000,distense:24.600000,rcs:30.000000
