timestame:1619471261.735000000,objid:2,type:0,xpos:0.000000,ypos:0.000000,xspeed:12.570000,yspeed:0.140000,angle:3.670000,distense:96.600000,rcs:32.000000
timestame:1619471261.735000000,objid:6,type:0,xpos:0.000000,ypos:0.000000,xspeed:12.600000,yspeed:-0.150000,angle:3.380000,distense:108.800000,rcs:12.000000
timestame:1619471261.735000000,objid:10,type:0,xpos:0.000000,ypos:0.000000,xspeed:12.510000,yspeed:0.370000,angle:4.450000,distense:84.400000,rcs:23.000000
