timestame:1619469539.243000000,objid:4,type:0,xpos:0.000000,ypos:0.000000,xspeed:17.400000,yspeed:0.230000,angle:1.500000,distense:152.800000,rcs:21.000000
timestame:1619469539.243000000,objid:7,type:0,xpos:0.000000,ypos:0.000000,xspeed:17.210000,yspeed:0.130000,angle:1.160000,distense:159.800000,rcs:9.000000
