timestame:1619470773.307000000,objid:0,type:0,xpos:0.000000,ypos:0.000000,xspeed:-9.290000,yspeed:-0.100000,angle:-6.850000,distense:123.200000,rcs:13.000000
timestame:1619470773.307000000,objid:2,type:0,xpos:0.000000,ypos:0.000000,xspeed:18.830000,yspeed:-0.410000,angle:1.360000,distense:140.800000,rcs:13.000000
