timestame:1619471138.235000000,objid:0,type:0,xpos:0.000000,ypos:0.000000,xspeed:-1.350000,yspeed:3.020000,angle:-11.350000,distense:41.800000,rcs:12.000000
timestame:1619471138.235000000,objid:4,type:0,xpos:0.000000,ypos:0.000000,xspeed:2.870000,yspeed:-0.700000,angle:7.720000,distense:46.600000,rcs:6.000000
timestame:1619471138.235000000,objid:9,type:0,xpos:0.000000,ypos:0.000000,xspeed:4.710000,yspeed:1.510000,angle:7.110000,distense:43.200000,rcs:29.000000
timestame:1619471138.235000000,objid:10,type:0,xpos:0.000000,ypos:0.000000,xspeed:1.440000,yspeed:-7.970000,angle:3.640000,distense:58.000000,rcs:16.000000
