timestame:1619470978.783000000,objid:0,type:0,xpos:0.000000,ypos:0.000000,xspeed:7.170000,yspeed:-0.270000,angle:2.310000,distense:140.600000,rcs:29.000000
timestame:1619470978.783000000,objid:1,type:0,xpos:0.000000,ypos:0.000000,xspeed:-17.340000,yspeed:-2.260000,angle:-3.470000,distense:162.200000,rcs:18.000000
timestame:1619470978.783000000,objid:2,type:0,xpos:0.000000,ypos:0.000000,xspeed:-16.400000,yspeed:-1.280000,angle:-4.200000,distense:160.200000,rcs:19.000000
timestame:1619470978.783000000,objid:5,type:0,xpos:0.000000,ypos:0.000000,xspeed:-18.940000,yspeed:0.110000,angle:-12.140000,distense:71.600000,rcs:6.000000
