timestame:1619470191.959000000,objid:0,type:0,xpos:0.000000,ypos:0.000000,xspeed:-4.690000,yspeed:6.540000,angle:8.240000,distense:43.600000,rcs:32.000000
timestame:1619470191.959000000,objid:1,type:0,xpos:0.000000,ypos:0.000000,xspeed:2.270000,yspeed:2.000000,angle:5.970000,distense:137.200000,rcs:26.000000
timestame:1619470191.959000000,objid:2,type:0,xpos:0.000000,ypos:0.000000,xspeed:-5.230000,yspeed:5.040000,angle:10.810000,distense:42.000000,rcs:34.000000
