timestame:1619471026.720000000,objid:0,type:0,xpos:0.000000,ypos:0.000000,xspeed:-2.950000,yspeed:-3.230000,angle:-18.000000,distense:31.600000,rcs:6.000000
timestame:1619471026.720000000,objid:2,type:0,xpos:0.000000,ypos:0.000000,xspeed:2.210000,yspeed:-6.250000,angle:-16.350000,distense:16.600000,rcs:6.000000
timestame:1619471026.720000000,objid:3,type:0,xpos:0.000000,ypos:0.000000,xspeed:-3.690000,yspeed:-2.460000,angle:-18.000000,distense:29.200000,rcs:6.000000
timestame:1619471026.720000000,objid:8,type:0,xpos:0.000000,ypos:0.000000,xspeed:-1.530000,yspeed:5.180000,angle:-15.570000,distense:40.600000,rcs:6.000000
