timestame:1619470705.484000000,objid:0,type:0,xpos:0.000000,ypos:0.000000,xspeed:3.410000,yspeed:3.550000,angle:-11.830000,distense:43.400000,rcs:6.000000
timestame:1619470705.484000000,objid:1,type:0,xpos:0.000000,ypos:0.000000,xspeed:11.540000,yspeed:0.020000,angle:2.430000,distense:157.400000,rcs:16.000000
