timestame:1619471264.640000000,objid:0,type:0,xpos:0.000000,ypos:0.000000,xspeed:8.190000,yspeed:4.140000,angle:2.850000,distense:157.800000,rcs:6.000000
timestame:1619471264.640000000,objid:2,type:0,xpos:0.000000,ypos:0.000000,xspeed:12.930000,yspeed:0.100000,angle:2.720000,distense:134.000000,rcs:13.000000
timestame:1619471264.640000000,objid:6,type:0,xpos:0.000000,ypos:0.000000,xspeed:12.940000,yspeed:-0.070000,angle:2.460000,distense:146.200000,rcs:9.000000
timestame:1619471264.640000000,objid:10,type:0,xpos:0.000000,ypos:0.000000,xspeed:12.900000,yspeed:-0.040000,angle:2.800000,distense:121.800000,rcs:26.000000
