timestame:1619469647.464000000,objid:2,type:0,xpos:0.000000,ypos:0.000000,xspeed:12.840000,yspeed:0.400000,angle:4.460000,distense:97.400000,rcs:24.000000
timestame:1619469647.464000000,objid:13,type:0,xpos:0.000000,ypos:0.000000,xspeed:15.230000,yspeed:0.680000,angle:2.380000,distense:158.400000,rcs:41.000000
timestame:1619469647.464000000,objid:14,type:0,xpos:0.000000,ypos:0.000000,xspeed:12.890000,yspeed:0.400000,angle:4.510000,distense:94.600000,rcs:26.000000
