timestame:1619470374.953000000,objid:1,type:0,xpos:0.000000,ypos:0.000000,xspeed:-1.530000,yspeed:-3.410000,angle:-18.000000,distense:37.800000,rcs:26.000000
timestame:1619470374.953000000,objid:8,type:0,xpos:0.000000,ypos:0.000000,xspeed:-2.440000,yspeed:2.270000,angle:2.580000,distense:62.600000,rcs:16.000000
timestame:1619470374.953000000,objid:18,type:0,xpos:0.000000,ypos:0.000000,xspeed:-7.960000,yspeed:-0.270000,angle:-7.420000,distense:91.600000,rcs:15.000000
