timestame:1619470690.605000000,objid:0,type:0,xpos:0.000000,ypos:0.000000,xspeed:-4.940000,yspeed:-0.210000,angle:-18.000000,distense:27.600000,rcs:6.000000
timestame:1619470690.605000000,objid:1,type:0,xpos:0.000000,ypos:0.000000,xspeed:2.490000,yspeed:0.100000,angle:8.400000,distense:29.800000,rcs:19.000000
timestame:1619470690.605000000,objid:8,type:0,xpos:0.000000,ypos:0.000000,xspeed:-8.390000,yspeed:-5.870000,angle:-18.000000,distense:30.200000,rcs:6.000000
