timestame:1619470278.914000000,objid:1,type:0,xpos:0.000000,ypos:0.000000,xspeed:-10.120000,yspeed:-0.100000,angle:-6.900000,distense:74.200000,rcs:13.000000
timestame:1619470278.914000000,objid:3,type:0,xpos:0.000000,ypos:0.000000,xspeed:-2.600000,yspeed:0.090000,angle:-9.040000,distense:75.000000,rcs:16.000000
timestame:1619470278.914000000,objid:11,type:0,xpos:0.000000,ypos:0.000000,xspeed:-2.840000,yspeed:-0.340000,angle:-11.230000,distense:68.400000,rcs:16.000000
