timestame:1619470438.105000000,objid:1,type:0,xpos:0.000000,ypos:0.000000,xspeed:13.350000,yspeed:0.390000,angle:2.220000,distense:29.600000,rcs:33.000000
timestame:1619470438.105000000,objid:2,type:0,xpos:0.000000,ypos:0.000000,xspeed:3.830000,yspeed:0.060000,angle:11.310000,distense:68.000000,rcs:19.000000
