timestame:1619470484.917000000,objid:1,type:0,xpos:0.000000,ypos:0.000000,xspeed:-3.270000,yspeed:-0.180000,angle:-8.750000,distense:81.600000,rcs:21.000000
timestame:1619470484.917000000,objid:2,type:0,xpos:0.000000,ypos:0.000000,xspeed:2.210000,yspeed:-6.230000,angle:6.160000,distense:63.200000,rcs:21.000000
timestame:1619470484.917000000,objid:5,type:0,xpos:0.000000,ypos:0.000000,xspeed:-2.320000,yspeed:-4.350000,angle:-13.300000,distense:60.200000,rcs:6.000000
