timestame:1619470104.739000000,objid:1,type:0,xpos:0.000000,ypos:0.000000,xspeed:6.860000,yspeed:8.210000,angle:-15.670000,distense:22.200000,rcs:30.000000
timestame:1619470104.739000000,objid:6,type:0,xpos:0.000000,ypos:0.000000,xspeed:-2.960000,yspeed:-0.010000,angle:16.350000,distense:25.200000,rcs:6.000000
timestame:1619470104.739000000,objid:9,type:0,xpos:0.000000,ypos:0.000000,xspeed:4.460000,yspeed:0.940000,angle:20.930000,distense:23.000000,rcs:22.000000
timestame:1619470104.739000000,objid:11,type:0,xpos:0.000000,ypos:0.000000,xspeed:1.840000,yspeed:0.730000,angle:14.550000,distense:20.800000,rcs:15.000000
