timestame:1619471064.295000000,objid:0,type:0,xpos:0.000000,ypos:0.000000,xspeed:-6.820000,yspeed:0.600000,angle:-4.780000,distense:115.400000,rcs:13.000000
timestame:1619471064.295000000,objid:2,type:0,xpos:0.000000,ypos:0.000000,xspeed:10.500000,yspeed:-10.000000,angle:-10.860000,distense:59.400000,rcs:20.000000
timestame:1619471064.295000000,objid:3,type:0,xpos:0.000000,ypos:0.000000,xspeed:-6.840000,yspeed:-2.500000,angle:-4.340000,distense:164.800000,rcs:12.000000
timestame:1619471064.295000000,objid:9,type:0,xpos:0.000000,ypos:0.000000,xspeed:-1.670000,yspeed:-0.030000,angle:-9.990000,distense:73.400000,rcs:20.000000
