timestame:1619470363.845000000,objid:2,type:0,xpos:0.000000,ypos:0.000000,xspeed:-5.360000,yspeed:2.100000,angle:19.120000,distense:44.000000,rcs:6.000000
timestame:1619470363.845000000,objid:11,type:0,xpos:0.000000,ypos:0.000000,xspeed:-2.160000,yspeed:5.020000,angle:21.210000,distense:39.000000,rcs:6.000000
