timestame:1619470534.604000000,objid:0,type:0,xpos:0.000000,ypos:0.000000,xspeed:5.830000,yspeed:0.560000,angle:16.460000,distense:25.000000,rcs:26.000000
timestame:1619470534.604000000,objid:1,type:0,xpos:0.000000,ypos:0.000000,xspeed:-6.480000,yspeed:-12.090000,angle:20.200000,distense:23.200000,rcs:6.000000
timestame:1619470534.604000000,objid:2,type:0,xpos:0.000000,ypos:0.000000,xspeed:-6.440000,yspeed:-0.990000,angle:-8.490000,distense:110.800000,rcs:9.000000
timestame:1619470534.604000000,objid:4,type:0,xpos:0.000000,ypos:0.000000,xspeed:2.410000,yspeed:-4.620000,angle:18.870000,distense:23.800000,rcs:13.000000
