timestame:1619471038.323000000,objid:2,type:0,xpos:0.000000,ypos:0.000000,xspeed:-1.940000,yspeed:-2.300000,angle:-18.000000,distense:40.200000,rcs:15.000000
timestame:1619471038.323000000,objid:3,type:0,xpos:0.000000,ypos:0.000000,xspeed:1.350000,yspeed:-3.170000,angle:15.850000,distense:48.400000,rcs:35.000000
