timestame:1619470877.102000000,objid:4,type:0,xpos:0.000000,ypos:0.000000,xspeed:2.740000,yspeed:0.460000,angle:2.800000,distense:30.200000,rcs:6.000000
timestame:1619470877.102000000,objid:9,type:0,xpos:0.000000,ypos:0.000000,xspeed:1.000000,yspeed:0.130000,angle:3.730000,distense:21.000000,rcs:16.000000
timestame:1619470877.102000000,objid:12,type:0,xpos:0.000000,ypos:0.000000,xspeed:1.260000,yspeed:-3.850000,angle:-5.920000,distense:52.200000,rcs:9.000000
timestame:1619470877.102000000,objid:14,type:0,xpos:0.000000,ypos:0.000000,xspeed:-6.240000,yspeed:-0.350000,angle:-7.270000,distense:99.400000,rcs:9.000000
