timestame:1619470744.924000000,objid:0,type:0,xpos:0.000000,ypos:0.000000,xspeed:-3.300000,yspeed:-0.750000,angle:-8.660000,distense:84.600000,rcs:16.000000
timestame:1619470744.924000000,objid:1,type:0,xpos:0.000000,ypos:0.000000,xspeed:-1.560000,yspeed:1.590000,angle:14.200000,distense:43.600000,rcs:30.000000
timestame:1619470744.924000000,objid:6,type:0,xpos:0.000000,ypos:0.000000,xspeed:12.560000,yspeed:0.410000,angle:1.330000,distense:198.200000,rcs:22.000000
