timestame:1619470883.255000000,objid:3,type:0,xpos:0.000000,ypos:0.000000,xspeed:-1.850000,yspeed:-2.570000,angle:-18.000000,distense:33.600000,rcs:13.000000
timestame:1619470883.255000000,objid:4,type:0,xpos:0.000000,ypos:0.000000,xspeed:1.650000,yspeed:-5.120000,angle:21.760000,distense:46.400000,rcs:28.000000
timestame:1619470883.255000000,objid:7,type:0,xpos:0.000000,ypos:0.000000,xspeed:-1.840000,yspeed:-1.890000,angle:-18.000000,distense:33.400000,rcs:13.000000
timestame:1619470883.255000000,objid:18,type:0,xpos:0.000000,ypos:0.000000,xspeed:-1.070000,yspeed:-2.590000,angle:-17.610000,distense:35.600000,rcs:13.000000
