timestame:1619471085.347000000,objid:0,type:0,xpos:0.000000,ypos:0.000000,xspeed:8.970000,yspeed:0.330000,angle:1.310000,distense:48.800000,rcs:37.000000
timestame:1619471085.347000000,objid:11,type:0,xpos:0.000000,ypos:0.000000,xspeed:1.730000,yspeed:-0.130000,angle:1.750000,distense:18.000000,rcs:39.000000
