timestame:1619470733.385000000,objid:1,type:0,xpos:0.000000,ypos:0.000000,xspeed:12.200000,yspeed:0.560000,angle:3.190000,distense:67.400000,rcs:9.000000
timestame:1619470733.385000000,objid:6,type:0,xpos:0.000000,ypos:0.000000,xspeed:12.420000,yspeed:0.600000,angle:2.580000,distense:56.400000,rcs:45.000000
