timestame:1619469617.067000000,objid:1,type:0,xpos:0.000000,ypos:0.000000,xspeed:-1.150000,yspeed:0.530000,angle:-12.430000,distense:76.800000,rcs:18.000000
timestame:1619469617.067000000,objid:2,type:0,xpos:0.000000,ypos:0.000000,xspeed:17.190000,yspeed:0.000000,angle:-9.910000,distense:89.800000,rcs:19.000000
