timestame:1619470610.491000000,objid:0,type:0,xpos:0.000000,ypos:0.000000,xspeed:6.830000,yspeed:5.010000,angle:-15.070000,distense:31.800000,rcs:6.000000
timestame:1619470610.491000000,objid:2,type:0,xpos:0.000000,ypos:0.000000,xspeed:7.040000,yspeed:1.280000,angle:16.900000,distense:36.200000,rcs:6.000000
timestame:1619470610.491000000,objid:3,type:0,xpos:0.000000,ypos:0.000000,xspeed:5.240000,yspeed:0.000000,angle:-17.320000,distense:31.600000,rcs:20.000000
