timestame:1619470275.454000000,objid:1,type:0,xpos:0.000000,ypos:0.000000,xspeed:-10.520000,yspeed:-0.100000,angle:-4.890000,distense:109.000000,rcs:13.000000
timestame:1619470275.454000000,objid:2,type:0,xpos:0.000000,ypos:0.000000,xspeed:-1.140000,yspeed:0.370000,angle:-6.710000,distense:92.800000,rcs:9.000000
timestame:1619470275.454000000,objid:11,type:0,xpos:0.000000,ypos:0.000000,xspeed:-1.010000,yspeed:-0.010000,angle:-8.660000,distense:78.600000,rcs:26.000000
