timestame:1619470872.074000000,objid:1,type:0,xpos:0.000000,ypos:0.000000,xspeed:-7.410000,yspeed:-3.910000,angle:-4.610000,distense:139.800000,rcs:9.000000
timestame:1619470872.074000000,objid:3,type:0,xpos:0.000000,ypos:0.000000,xspeed:-1.070000,yspeed:-4.490000,angle:-8.240000,distense:49.400000,rcs:15.000000
timestame:1619470872.074000000,objid:4,type:0,xpos:0.000000,ypos:0.000000,xspeed:4.010000,yspeed:0.020000,angle:1.480000,distense:15.800000,rcs:37.000000
