timestame:1619470708.961000000,objid:1,type:0,xpos:0.000000,ypos:0.000000,xspeed:12.760000,yspeed:0.230000,angle:2.140000,distense:201.800000,rcs:9.000000
timestame:1619470708.961000000,objid:2,type:0,xpos:0.000000,ypos:0.000000,xspeed:3.670000,yspeed:0.460000,angle:22.000000,distense:22.400000,rcs:20.000000
timestame:1619470708.961000000,objid:3,type:0,xpos:0.000000,ypos:0.000000,xspeed:20.610000,yspeed:10.550000,angle:-16.220000,distense:46.000000,rcs:6.000000
timestame:1619470708.961000000,objid:7,type:0,xpos:0.000000,ypos:0.000000,xspeed:9.770000,yspeed:5.890000,angle:-12.050000,distense:23.600000,rcs:9.000000
