timestame:1619470364.160000000,objid:1,type:0,xpos:0.000000,ypos:0.000000,xspeed:-1.060000,yspeed:8.640000,angle:-12.100000,distense:42.200000,rcs:9.000000
timestame:1619470364.160000000,objid:11,type:0,xpos:0.000000,ypos:0.000000,xspeed:-2.160000,yspeed:4.460000,angle:-17.870000,distense:38.800000,rcs:6.000000
