timestame:1619469930.957000000,objid:0,type:0,xpos:0.000000,ypos:0.000000,xspeed:-1.770000,yspeed:1.830000,angle:-18.000000,distense:40.000000,rcs:15.000000
timestame:1619469930.957000000,objid:1,type:0,xpos:0.000000,ypos:0.000000,xspeed:8.070000,yspeed:0.250000,angle:1.490000,distense:206.400000,rcs:9.000000
timestame:1619469930.957000000,objid:8,type:0,xpos:0.000000,ypos:0.000000,xspeed:8.040000,yspeed:0.230000,angle:1.260000,distense:199.600000,rcs:26.000000
