timestame:1619469562.499000000,objid:3,type:0,xpos:0.000000,ypos:0.000000,xspeed:1.520000,yspeed:-1.270000,angle:6.220000,distense:44.000000,rcs:31.000000
timestame:1619469562.499000000,objid:4,type:0,xpos:0.000000,ypos:0.000000,xspeed:3.730000,yspeed:-6.570000,angle:-13.610000,distense:45.400000,rcs:25.000000
