timestame:1619471095.716000000,objid:0,type:0,xpos:0.000000,ypos:0.000000,xspeed:-36.720000,yspeed:0.000000,angle:-9.010000,distense:82.600000,rcs:13.000000
timestame:1619471095.716000000,objid:2,type:0,xpos:0.000000,ypos:0.000000,xspeed:7.820000,yspeed:-0.050000,angle:1.520000,distense:85.000000,rcs:38.000000
