timestame:1619470013.882000000,objid:0,type:0,xpos:0.000000,ypos:0.000000,xspeed:-1.840000,yspeed:-1.580000,angle:-18.000000,distense:32.600000,rcs:23.000000
timestame:1619470013.882000000,objid:1,type:0,xpos:0.000000,ypos:0.000000,xspeed:-1.400000,yspeed:-6.350000,angle:15.520000,distense:41.600000,rcs:30.000000
timestame:1619470013.882000000,objid:8,type:0,xpos:0.000000,ypos:0.000000,xspeed:-2.390000,yspeed:-2.060000,angle:-1.410000,distense:58.800000,rcs:9.000000
