timestame:1619469760.013000000,objid:1,type:0,xpos:0.000000,ypos:0.000000,xspeed:1.530000,yspeed:3.600000,angle:-8.200000,distense:40.600000,rcs:18.000000
timestame:1619469760.013000000,objid:2,type:0,xpos:0.000000,ypos:0.000000,xspeed:4.660000,yspeed:3.370000,angle:-14.160000,distense:42.200000,rcs:18.000000
