timestame:1619470745.980000000,objid:0,type:0,xpos:0.000000,ypos:0.000000,xspeed:-2.220000,yspeed:-0.360000,angle:-8.880000,distense:83.000000,rcs:13.000000
timestame:1619470745.980000000,objid:6,type:0,xpos:0.000000,ypos:0.000000,xspeed:12.590000,yspeed:0.490000,angle:1.430000,distense:212.000000,rcs:24.000000
