timestame:1619470013.141000000,objid:0,type:0,xpos:0.000000,ypos:0.000000,xspeed:-1.900000,yspeed:-1.660000,angle:-18.000000,distense:33.400000,rcs:18.000000
timestame:1619470013.141000000,objid:9,type:0,xpos:0.000000,ypos:0.000000,xspeed:1.980000,yspeed:-1.870000,angle:-5.390000,distense:50.600000,rcs:12.000000
timestame:1619470013.141000000,objid:11,type:0,xpos:0.000000,ypos:0.000000,xspeed:1.090000,yspeed:-10.480000,angle:10.350000,distense:41.200000,rcs:32.000000
