timestame:1619469741.926000000,objid:1,type:0,xpos:0.000000,ypos:0.000000,xspeed:-3.130000,yspeed:9.350000,angle:-9.020000,distense:43.200000,rcs:6.000000
timestame:1619469741.926000000,objid:3,type:0,xpos:0.000000,ypos:0.000000,xspeed:-3.790000,yspeed:0.000000,angle:-3.840000,distense:42.200000,rcs:22.000000
