timestame:1619471237.515000000,objid:0,type:0,xpos:0.000000,ypos:0.000000,xspeed:8.040000,yspeed:0.020000,angle:1.230000,distense:154.000000,rcs:6.000000
timestame:1619471237.515000000,objid:9,type:0,xpos:0.000000,ypos:0.000000,xspeed:8.580000,yspeed:-0.070000,angle:1.160000,distense:145.400000,rcs:19.000000
