timestame:1619469539.803000000,objid:4,type:0,xpos:0.000000,ypos:0.000000,xspeed:17.580000,yspeed:0.170000,angle:1.380000,distense:162.600000,rcs:25.000000
timestame:1619469539.803000000,objid:7,type:0,xpos:0.000000,ypos:0.000000,xspeed:17.370000,yspeed:0.170000,angle:1.150000,distense:169.400000,rcs:6.000000
