timestame:1619471365.445000000,objid:1,type:0,xpos:0.000000,ypos:0.000000,xspeed:6.570000,yspeed:-0.880000,angle:3.230000,distense:103.400000,rcs:23.000000
timestame:1619471365.445000000,objid:2,type:0,xpos:0.000000,ypos:0.000000,xspeed:7.500000,yspeed:-0.140000,angle:3.480000,distense:109.000000,rcs:12.000000
timestame:1619471365.445000000,objid:4,type:0,xpos:0.000000,ypos:0.000000,xspeed:6.710000,yspeed:0.150000,angle:4.600000,distense:100.600000,rcs:6.000000
timestame:1619471365.445000000,objid:7,type:0,xpos:0.000000,ypos:0.000000,xspeed:11.330000,yspeed:0.420000,angle:1.790000,distense:134.400000,rcs:22.000000
