timestame:1619469707.614000000,objid:6,type:0,xpos:0.000000,ypos:0.000000,xspeed:-3.030000,yspeed:-1.280000,angle:-18.000000,distense:32.800000,rcs:18.000000
timestame:1619469707.614000000,objid:8,type:0,xpos:0.000000,ypos:0.000000,xspeed:8.320000,yspeed:-5.310000,angle:-14.330000,distense:41.800000,rcs:31.000000
timestame:1619469707.614000000,objid:10,type:0,xpos:0.000000,ypos:0.000000,xspeed:-3.180000,yspeed:-5.360000,angle:-18.000000,distense:38.200000,rcs:12.000000
