timestame:1619471270.087000000,objid:2,type:0,xpos:0.000000,ypos:0.000000,xspeed:13.960000,yspeed:0.200000,angle:1.980000,distense:209.400000,rcs:13.000000
timestame:1619471270.087000000,objid:10,type:0,xpos:0.000000,ypos:0.000000,xspeed:14.030000,yspeed:0.030000,angle:1.800000,distense:197.000000,rcs:18.000000
