timestame:1619470438.912000000,objid:1,type:0,xpos:0.000000,ypos:0.000000,xspeed:13.860000,yspeed:0.710000,angle:2.630000,distense:40.800000,rcs:40.000000
timestame:1619470438.912000000,objid:2,type:0,xpos:0.000000,ypos:0.000000,xspeed:3.870000,yspeed:0.010000,angle:10.780000,distense:71.000000,rcs:15.000000
