timestame:1619469618.632000000,objid:1,type:0,xpos:0.000000,ypos:0.000000,xspeed:-1.520000,yspeed:0.280000,angle:-12.630000,distense:74.600000,rcs:20.000000
timestame:1619469618.632000000,objid:3,type:0,xpos:0.000000,ypos:0.000000,xspeed:-1.200000,yspeed:-0.130000,angle:-10.700000,distense:88.000000,rcs:18.000000
timestame:1619469618.632000000,objid:4,type:0,xpos:0.000000,ypos:0.000000,xspeed:-17.830000,yspeed:1.540000,angle:-4.610000,distense:133.400000,rcs:9.000000
