timestame:1619469527.067000000,objid:0,type:0,xpos:0.000000,ypos:0.000000,xspeed:-1.510000,yspeed:-5.210000,angle:-18.000000,distense:66.600000,rcs:6.000000
timestame:1619469527.067000000,objid:2,type:0,xpos:0.000000,ypos:0.000000,xspeed:2.630000,yspeed:-3.420000,angle:-18.000000,distense:60.000000,rcs:26.000000
timestame:1619469527.067000000,objid:3,type:0,xpos:0.000000,ypos:0.000000,xspeed:-2.190000,yspeed:0.450000,angle:-18.000000,distense:59.400000,rcs:6.000000
timestame:1619469527.067000000,objid:11,type:0,xpos:0.000000,ypos:0.000000,xspeed:1.550000,yspeed:-4.940000,angle:-18.000000,distense:70.600000,rcs:15.000000
