timestame:1619469540.049000000,objid:4,type:0,xpos:0.000000,ypos:0.000000,xspeed:17.590000,yspeed:0.110000,angle:1.310000,distense:166.800000,rcs:20.000000
timestame:1619469540.049000000,objid:7,type:0,xpos:0.000000,ypos:0.000000,xspeed:17.580000,yspeed:0.090000,angle:1.060000,distense:174.000000,rcs:6.000000
