timestame:1619470165.872000000,objid:0,type:0,xpos:0.000000,ypos:0.000000,xspeed:3.460000,yspeed:-0.640000,angle:1.830000,distense:29.600000,rcs:40.000000
timestame:1619470165.872000000,objid:3,type:0,xpos:0.000000,ypos:0.000000,xspeed:6.500000,yspeed:0.550000,angle:6.930000,distense:58.000000,rcs:24.000000
timestame:1619470165.872000000,objid:6,type:0,xpos:0.000000,ypos:0.000000,xspeed:2.200000,yspeed:0.090000,angle:1.350000,distense:26.400000,rcs:6.000000
