timestame:1619470191.713000000,objid:0,type:0,xpos:0.000000,ypos:0.000000,xspeed:-5.640000,yspeed:6.110000,angle:5.880000,distense:44.000000,rcs:26.000000
timestame:1619470191.713000000,objid:1,type:0,xpos:0.000000,ypos:0.000000,xspeed:2.320000,yspeed:2.300000,angle:5.940000,distense:136.800000,rcs:27.000000
timestame:1619470191.713000000,objid:2,type:0,xpos:0.000000,ypos:0.000000,xspeed:-5.310000,yspeed:4.870000,angle:8.600000,distense:42.800000,rcs:30.000000
