timestame:1619470495.572000000,objid:2,type:0,xpos:0.000000,ypos:0.000000,xspeed:-3.370000,yspeed:-10.660000,angle:-3.370000,distense:41.800000,rcs:42.000000
timestame:1619470495.572000000,objid:3,type:0,xpos:0.000000,ypos:0.000000,xspeed:1.020000,yspeed:-2.580000,angle:0.900000,distense:46.800000,rcs:16.000000
timestame:1619470495.572000000,objid:5,type:0,xpos:0.000000,ypos:0.000000,xspeed:10.860000,yspeed:8.600000,angle:-8.920000,distense:50.200000,rcs:6.000000
