timestame:1619471139.103000000,objid:0,type:0,xpos:0.000000,ypos:0.000000,xspeed:-1.070000,yspeed:2.750000,angle:-8.370000,distense:42.400000,rcs:9.000000
timestame:1619471139.103000000,objid:9,type:0,xpos:0.000000,ypos:0.000000,xspeed:4.140000,yspeed:1.110000,angle:7.570000,distense:46.800000,rcs:6.000000
