timestame:1619469824.393000000,objid:2,type:0,xpos:0.000000,ypos:0.000000,xspeed:-2.120000,yspeed:-3.730000,angle:-18.000000,distense:39.600000,rcs:16.000000
timestame:1619469824.393000000,objid:10,type:0,xpos:0.000000,ypos:0.000000,xspeed:-1.080000,yspeed:-3.490000,angle:-13.330000,distense:41.800000,rcs:26.000000
timestame:1619469824.393000000,objid:11,type:0,xpos:0.000000,ypos:0.000000,xspeed:-3.630000,yspeed:0.100000,angle:-6.190000,distense:130.800000,rcs:18.000000
