timestame:1619470474.041000000,objid:1,type:0,xpos:0.000000,ypos:0.000000,xspeed:-12.100000,yspeed:-0.710000,angle:-4.680000,distense:146.600000,rcs:12.000000
timestame:1619470474.041000000,objid:2,type:0,xpos:0.000000,ypos:0.000000,xspeed:1.370000,yspeed:-1.170000,angle:14.080000,distense:71.200000,rcs:6.000000
