timestame:1619469533.218000000,objid:4,type:0,xpos:0.000000,ypos:0.000000,xspeed:16.330000,yspeed:1.150000,angle:3.060000,distense:49.600000,rcs:26.000000
timestame:1619469533.218000000,objid:7,type:0,xpos:0.000000,ypos:0.000000,xspeed:16.850000,yspeed:0.640000,angle:1.850000,distense:57.600000,rcs:22.000000
