timestame:1619470498.923000000,objid:2,type:0,xpos:0.000000,ypos:0.000000,xspeed:-1.570000,yspeed:-2.210000,angle:-18.000000,distense:39.200000,rcs:29.000000
timestame:1619470498.923000000,objid:7,type:0,xpos:0.000000,ypos:0.000000,xspeed:-1.640000,yspeed:-1.780000,angle:-17.650000,distense:46.000000,rcs:6.000000
