timestame:1619469533.280000000,objid:4,type:0,xpos:0.000000,ypos:0.000000,xspeed:16.320000,yspeed:1.090000,angle:2.990000,distense:50.600000,rcs:37.000000
timestame:1619469533.280000000,objid:7,type:0,xpos:0.000000,ypos:0.000000,xspeed:16.850000,yspeed:0.640000,angle:1.850000,distense:58.600000,rcs:22.000000
