timestame:1619469565.908000000,objid:6,type:0,xpos:0.000000,ypos:0.000000,xspeed:-10.950000,yspeed:-1.970000,angle:-3.810000,distense:204.000000,rcs:16.000000
timestame:1619469565.908000000,objid:8,type:0,xpos:0.000000,ypos:0.000000,xspeed:-5.880000,yspeed:0.700000,angle:22.320000,distense:39.000000,rcs:12.000000
timestame:1619469565.908000000,objid:15,type:0,xpos:0.000000,ypos:0.000000,xspeed:-4.050000,yspeed:8.870000,angle:17.160000,distense:56.200000,rcs:6.000000
