timestame:1619470445.183000000,objid:1,type:0,xpos:0.000000,ypos:0.000000,xspeed:17.420000,yspeed:0.280000,angle:1.590000,distense:147.000000,rcs:13.000000
timestame:1619470445.183000000,objid:2,type:0,xpos:0.000000,ypos:0.000000,xspeed:4.410000,yspeed:-0.120000,angle:7.550000,distense:96.400000,rcs:18.000000
