timestame:1619470161.964000000,objid:0,type:0,xpos:0.000000,ypos:0.000000,xspeed:-15.360000,yspeed:-1.200000,angle:-18.000000,distense:27.800000,rcs:6.000000
timestame:1619470161.964000000,objid:3,type:0,xpos:0.000000,ypos:0.000000,xspeed:4.060000,yspeed:0.500000,angle:8.460000,distense:32.800000,rcs:32.000000
timestame:1619470161.964000000,objid:6,type:0,xpos:0.000000,ypos:0.000000,xspeed:-1.490000,yspeed:3.480000,angle:1.220000,distense:18.000000,rcs:20.000000
