timestame:1619470562.263000000,objid:0,type:0,xpos:0.000000,ypos:0.000000,xspeed:5.570000,yspeed:-0.440000,angle:2.410000,distense:203.800000,rcs:9.000000
timestame:1619470562.263000000,objid:1,type:0,xpos:0.000000,ypos:0.000000,xspeed:6.140000,yspeed:-0.470000,angle:3.740000,distense:196.200000,rcs:20.000000
timestame:1619470562.263000000,objid:2,type:0,xpos:0.000000,ypos:0.000000,xspeed:6.520000,yspeed:-4.330000,angle:2.490000,distense:212.800000,rcs:6.000000
timestame:1619470562.263000000,objid:3,type:0,xpos:0.000000,ypos:0.000000,xspeed:9.890000,yspeed:0.230000,angle:1.800000,distense:85.200000,rcs:36.000000
