timestame:1619469870.118000000,objid:3,type:0,xpos:0.000000,ypos:0.000000,xspeed:-1.170000,yspeed:0.000000,angle:4.200000,distense:41.800000,rcs:29.000000
timestame:1619469870.118000000,objid:8,type:0,xpos:0.000000,ypos:0.000000,xspeed:-2.690000,yspeed:-0.010000,angle:-18.000000,distense:31.600000,rcs:15.000000
timestame:1619469870.118000000,objid:13,type:0,xpos:0.000000,ypos:0.000000,xspeed:-1.930000,yspeed:-0.770000,angle:-18.000000,distense:34.800000,rcs:16.000000
timestame:1619469870.118000000,objid:16,type:0,xpos:0.000000,ypos:0.000000,xspeed:-1.300000,yspeed:-1.390000,angle:-18.000000,distense:38.000000,rcs:26.000000
