timestame:1619471433.918000000,objid:2,type:0,xpos:0.000000,ypos:0.000000,xspeed:2.340000,yspeed:-3.570000,angle:0.560000,distense:45.600000,rcs:6.000000
timestame:1619471433.918000000,objid:5,type:0,xpos:0.000000,ypos:0.000000,xspeed:-1.590000,yspeed:-6.080000,angle:-8.300000,distense:38.800000,rcs:32.000000
timestame:1619471433.918000000,objid:14,type:0,xpos:0.000000,ypos:0.000000,xspeed:-2.050000,yspeed:12.070000,angle:1.970000,distense:48.000000,rcs:9.000000
timestame:1619471433.918000000,objid:16,type:0,xpos:0.000000,ypos:0.000000,xspeed:-2.140000,yspeed:0.150000,angle:-7.290000,distense:88.200000,rcs:20.000000
