timestame:1619471262.233000000,objid:2,type:0,xpos:0.000000,ypos:0.000000,xspeed:12.630000,yspeed:0.120000,angle:3.460000,distense:102.800000,rcs:27.000000
timestame:1619471262.233000000,objid:6,type:0,xpos:0.000000,ypos:0.000000,xspeed:12.670000,yspeed:-0.190000,angle:3.110000,distense:115.000000,rcs:18.000000
timestame:1619471262.233000000,objid:10,type:0,xpos:0.000000,ypos:0.000000,xspeed:12.640000,yspeed:0.120000,angle:3.900000,distense:90.600000,rcs:20.000000
