timestame:1619470983.155000000,objid:0,type:0,xpos:0.000000,ypos:0.000000,xspeed:8.270000,yspeed:0.250000,angle:2.330000,distense:176.600000,rcs:32.000000
timestame:1619470983.155000000,objid:1,type:0,xpos:0.000000,ypos:0.000000,xspeed:-15.550000,yspeed:-0.220000,angle:-6.780000,distense:95.200000,rcs:21.000000
timestame:1619470983.155000000,objid:3,type:0,xpos:0.000000,ypos:0.000000,xspeed:3.560000,yspeed:-2.860000,angle:12.970000,distense:68.200000,rcs:9.000000
