timestame:1619471006.062000000,objid:2,type:0,xpos:0.000000,ypos:0.000000,xspeed:-9.350000,yspeed:-1.640000,angle:-8.340000,distense:110.600000,rcs:16.000000
timestame:1619471006.062000000,objid:6,type:0,xpos:0.000000,ypos:0.000000,xspeed:9.500000,yspeed:8.830000,angle:-4.110000,distense:125.200000,rcs:6.000000
timestame:1619471006.062000000,objid:7,type:0,xpos:0.000000,ypos:0.000000,xspeed:-2.640000,yspeed:5.070000,angle:-18.000000,distense:48.800000,rcs:12.000000
