timestame:1619471077.963000000,objid:1,type:0,xpos:0.000000,ypos:0.000000,xspeed:-6.760000,yspeed:-0.470000,angle:-18.000000,distense:52.000000,rcs:27.000000
timestame:1619471077.963000000,objid:3,type:0,xpos:0.000000,ypos:0.000000,xspeed:-9.340000,yspeed:-0.280000,angle:-12.200000,distense:58.200000,rcs:13.000000
timestame:1619471077.963000000,objid:5,type:0,xpos:0.000000,ypos:0.000000,xspeed:-10.150000,yspeed:-0.610000,angle:-18.000000,distense:36.800000,rcs:21.000000
timestame:1619471077.963000000,objid:6,type:0,xpos:0.000000,ypos:0.000000,xspeed:-5.940000,yspeed:-0.710000,angle:-18.000000,distense:47.200000,rcs:23.000000
