timestame:1619470945.006000000,objid:1,type:0,xpos:0.000000,ypos:0.000000,xspeed:-7.160000,yspeed:-0.120000,angle:-18.000000,distense:36.800000,rcs:9.000000
timestame:1619470945.006000000,objid:5,type:0,xpos:0.000000,ypos:0.000000,xspeed:-6.250000,yspeed:-0.420000,angle:-18.000000,distense:43.400000,rcs:18.000000
timestame:1619470945.006000000,objid:7,type:0,xpos:0.000000,ypos:0.000000,xspeed:-5.740000,yspeed:-0.370000,angle:-18.000000,distense:41.000000,rcs:12.000000
