timestame:1619470440.158000000,objid:1,type:0,xpos:0.000000,ypos:0.000000,xspeed:14.900000,yspeed:0.640000,angle:2.460000,distense:60.800000,rcs:25.000000
timestame:1619470440.158000000,objid:2,type:0,xpos:0.000000,ypos:0.000000,xspeed:3.830000,yspeed:-0.100000,angle:9.900000,distense:75.600000,rcs:25.000000
