timestame:1619469633.507000000,objid:3,type:0,xpos:0.000000,ypos:0.000000,xspeed:-7.760000,yspeed:1.170000,angle:-6.380000,distense:58.600000,rcs:26.000000
timestame:1619469633.507000000,objid:4,type:0,xpos:0.000000,ypos:0.000000,xspeed:3.590000,yspeed:5.180000,angle:-17.750000,distense:22.400000,rcs:9.000000
timestame:1619469633.507000000,objid:6,type:0,xpos:0.000000,ypos:0.000000,xspeed:-9.010000,yspeed:0.020000,angle:-8.470000,distense:55.000000,rcs:19.000000
