timestame:1619470287.700000000,objid:2,type:0,xpos:0.000000,ypos:0.000000,xspeed:-12.460000,yspeed:-0.120000,angle:-8.950000,distense:96.800000,rcs:25.000000
timestame:1619470287.700000000,objid:5,type:0,xpos:0.000000,ypos:0.000000,xspeed:-5.590000,yspeed:-0.520000,angle:-18.000000,distense:38.800000,rcs:20.000000
timestame:1619470287.700000000,objid:7,type:0,xpos:0.000000,ypos:0.000000,xspeed:-5.270000,yspeed:-0.250000,angle:-18.000000,distense:34.400000,rcs:26.000000
timestame:1619470287.700000000,objid:11,type:0,xpos:0.000000,ypos:0.000000,xspeed:-5.400000,yspeed:-0.450000,angle:-18.000000,distense:28.600000,rcs:13.000000
