timestame:1619470640.202000000,objid:2,type:0,xpos:0.000000,ypos:0.000000,xspeed:-5.740000,yspeed:-1.260000,angle:-4.690000,distense:187.800000,rcs:12.000000
timestame:1619470640.202000000,objid:6,type:0,xpos:0.000000,ypos:0.000000,xspeed:-1.510000,yspeed:3.950000,angle:-18.000000,distense:48.800000,rcs:12.000000
timestame:1619470640.202000000,objid:13,type:0,xpos:0.000000,ypos:0.000000,xspeed:-7.000000,yspeed:1.250000,angle:-18.000000,distense:46.600000,rcs:19.000000
