timestame:1619470707.532000000,objid:0,type:0,xpos:0.000000,ypos:0.000000,xspeed:2.670000,yspeed:-3.370000,angle:-18.000000,distense:73.400000,rcs:6.000000
timestame:1619470707.532000000,objid:1,type:0,xpos:0.000000,ypos:0.000000,xspeed:12.170000,yspeed:0.100000,angle:2.180000,distense:182.600000,rcs:6.000000
timestame:1619470707.532000000,objid:2,type:0,xpos:0.000000,ypos:0.000000,xspeed:3.330000,yspeed:0.840000,angle:-15.170000,distense:17.000000,rcs:28.000000
timestame:1619470707.532000000,objid:8,type:0,xpos:0.000000,ypos:0.000000,xspeed:1.170000,yspeed:-1.570000,angle:18.090000,distense:16.600000,rcs:24.000000
