timestame:1619471165.595000000,objid:0,type:0,xpos:0.000000,ypos:0.000000,xspeed:-10.200000,yspeed:0.780000,angle:-3.390000,distense:151.800000,rcs:12.000000
timestame:1619471165.595000000,objid:2,type:0,xpos:0.000000,ypos:0.000000,xspeed:-9.860000,yspeed:5.240000,angle:-2.860000,distense:155.000000,rcs:13.000000
timestame:1619471165.595000000,objid:3,type:0,xpos:0.000000,ypos:0.000000,xspeed:2.200000,yspeed:5.460000,angle:-2.660000,distense:48.800000,rcs:6.000000
