timestame:1619470938.622000000,objid:1,type:0,xpos:0.000000,ypos:0.000000,xspeed:4.090000,yspeed:0.260000,angle:-13.210000,distense:74.000000,rcs:20.000000
timestame:1619470938.622000000,objid:7,type:0,xpos:0.000000,ypos:0.000000,xspeed:-1.770000,yspeed:-0.300000,angle:-12.660000,distense:75.800000,rcs:13.000000
timestame:1619470938.622000000,objid:10,type:0,xpos:0.000000,ypos:0.000000,xspeed:-2.480000,yspeed:-0.450000,angle:-10.310000,distense:75.600000,rcs:13.000000
