timestame:1619470914.045000000,objid:0,type:0,xpos:0.000000,ypos:0.000000,xspeed:5.090000,yspeed:3.150000,angle:-16.140000,distense:35.200000,rcs:26.000000
timestame:1619470914.045000000,objid:3,type:0,xpos:0.000000,ypos:0.000000,xspeed:-12.800000,yspeed:5.350000,angle:-2.930000,distense:38.400000,rcs:6.000000
timestame:1619470914.045000000,objid:7,type:0,xpos:0.000000,ypos:0.000000,xspeed:4.580000,yspeed:2.950000,angle:-15.930000,distense:47.400000,rcs:6.000000
timestame:1619470914.045000000,objid:10,type:0,xpos:0.000000,ypos:0.000000,xspeed:5.580000,yspeed:3.340000,angle:-16.940000,distense:42.000000,rcs:6.000000
