timestame:1619471065.471000000,objid:0,type:0,xpos:0.000000,ypos:0.000000,xspeed:-6.370000,yspeed:0.110000,angle:-5.470000,distense:108.400000,rcs:13.000000
timestame:1619471065.471000000,objid:3,type:0,xpos:0.000000,ypos:0.000000,xspeed:-7.010000,yspeed:-0.510000,angle:-4.150000,distense:156.000000,rcs:13.000000
timestame:1619471065.471000000,objid:5,type:0,xpos:0.000000,ypos:0.000000,xspeed:-6.340000,yspeed:1.320000,angle:-4.800000,distense:160.800000,rcs:13.000000
timestame:1619471065.471000000,objid:9,type:0,xpos:0.000000,ypos:0.000000,xspeed:-1.780000,yspeed:-0.080000,angle:-10.480000,distense:71.200000,rcs:16.000000
