timestame:1619470788.154000000,objid:1,type:0,xpos:0.000000,ypos:0.000000,xspeed:-3.680000,yspeed:-1.670000,angle:-18.000000,distense:27.400000,rcs:12.000000
timestame:1619470788.154000000,objid:2,type:0,xpos:0.000000,ypos:0.000000,xspeed:-3.900000,yspeed:-2.490000,angle:-18.000000,distense:29.400000,rcs:15.000000
timestame:1619470788.154000000,objid:6,type:0,xpos:0.000000,ypos:0.000000,xspeed:-3.670000,yspeed:-1.200000,angle:-18.000000,distense:26.200000,rcs:18.000000
timestame:1619470788.154000000,objid:11,type:0,xpos:0.000000,ypos:0.000000,xspeed:-4.530000,yspeed:-0.850000,angle:-18.000000,distense:23.800000,rcs:6.000000
