timestame:1619470154.643000000,objid:3,type:0,xpos:0.000000,ypos:0.000000,xspeed:-4.940000,yspeed:-0.380000,angle:-18.000000,distense:44.200000,rcs:19.000000
timestame:1619470154.643000000,objid:5,type:0,xpos:0.000000,ypos:0.000000,xspeed:3.890000,yspeed:2.940000,angle:-15.570000,distense:34.800000,rcs:6.000000
timestame:1619470154.643000000,objid:7,type:0,xpos:0.000000,ypos:0.000000,xspeed:-15.130000,yspeed:-0.740000,angle:-7.920000,distense:112.000000,rcs:18.000000
timestame:1619470154.643000000,objid:13,type:0,xpos:0.000000,ypos:0.000000,xspeed:-14.990000,yspeed:-0.500000,angle:-7.510000,distense:117.000000,rcs:13.000000
