timestame:1619470143.272000000,objid:0,type:0,xpos:0.000000,ypos:0.000000,xspeed:4.570000,yspeed:0.300000,angle:19.540000,distense:26.600000,rcs:30.000000
timestame:1619470143.272000000,objid:4,type:0,xpos:0.000000,ypos:0.000000,xspeed:-3.600000,yspeed:1.030000,angle:17.020000,distense:23.800000,rcs:6.000000
