timestame:1619471461.429000000,objid:1,type:0,xpos:0.000000,ypos:0.000000,xspeed:-6.150000,yspeed:-1.520000,angle:-5.520000,distense:121.800000,rcs:19.000000
timestame:1619471461.429000000,objid:3,type:0,xpos:0.000000,ypos:0.000000,xspeed:-7.750000,yspeed:-2.120000,angle:-5.100000,distense:188.200000,rcs:9.000000
