timestame:1619469945.318000000,objid:2,type:0,xpos:0.000000,ypos:0.000000,xspeed:-3.540000,yspeed:0.440000,angle:-5.500000,distense:48.800000,rcs:6.000000
timestame:1619469945.318000000,objid:3,type:0,xpos:0.000000,ypos:0.000000,xspeed:2.530000,yspeed:2.680000,angle:0.400000,distense:15.000000,rcs:12.000000
