timestame:1619471058.592000000,objid:1,type:0,xpos:0.000000,ypos:0.000000,xspeed:-3.710000,yspeed:-3.510000,angle:-18.000000,distense:32.000000,rcs:25.000000
timestame:1619471058.592000000,objid:3,type:0,xpos:0.000000,ypos:0.000000,xspeed:7.540000,yspeed:4.320000,angle:-15.230000,distense:44.000000,rcs:18.000000
timestame:1619471058.592000000,objid:9,type:0,xpos:0.000000,ypos:0.000000,xspeed:-2.940000,yspeed:0.390000,angle:-8.210000,distense:83.200000,rcs:19.000000
timestame:1619471058.592000000,objid:10,type:0,xpos:0.000000,ypos:0.000000,xspeed:-2.320000,yspeed:-1.210000,angle:-18.000000,distense:29.800000,rcs:12.000000
