timestame:1619470974.872000000,objid:0,type:0,xpos:0.000000,ypos:0.000000,xspeed:6.510000,yspeed:0.080000,angle:3.570000,distense:112.600000,rcs:22.000000
timestame:1619470974.872000000,objid:3,type:0,xpos:0.000000,ypos:0.000000,xspeed:7.030000,yspeed:-0.310000,angle:2.220000,distense:122.400000,rcs:9.000000
timestame:1619470974.872000000,objid:5,type:0,xpos:0.000000,ypos:0.000000,xspeed:-19.530000,yspeed:0.000000,angle:-6.380000,distense:144.600000,rcs:9.000000
timestame:1619470974.872000000,objid:9,type:0,xpos:0.000000,ypos:0.000000,xspeed:2.090000,yspeed:3.370000,angle:-7.940000,distense:42.600000,rcs:9.000000
