timestame:1619470229.699000000,objid:2,type:0,xpos:0.000000,ypos:0.000000,xspeed:-1.520000,yspeed:-3.190000,angle:-18.000000,distense:40.800000,rcs:31.000000
timestame:1619470229.699000000,objid:4,type:0,xpos:0.000000,ypos:0.000000,xspeed:17.190000,yspeed:0.000000,angle:-13.320000,distense:48.400000,rcs:25.000000
timestame:1619470229.699000000,objid:8,type:0,xpos:0.000000,ypos:0.000000,xspeed:-2.070000,yspeed:-2.570000,angle:-18.000000,distense:38.200000,rcs:16.000000
timestame:1619470229.699000000,objid:11,type:0,xpos:0.000000,ypos:0.000000,xspeed:-8.910000,yspeed:-2.120000,angle:-4.320000,distense:169.800000,rcs:16.000000
