timestame:1619469931.892000000,objid:0,type:0,xpos:0.000000,ypos:0.000000,xspeed:-1.160000,yspeed:2.720000,angle:-18.000000,distense:38.200000,rcs:18.000000
timestame:1619469931.892000000,objid:1,type:0,xpos:0.000000,ypos:0.000000,xspeed:8.270000,yspeed:0.390000,angle:1.620000,distense:214.600000,rcs:13.000000
timestame:1619469931.892000000,objid:8,type:0,xpos:0.000000,ypos:0.000000,xspeed:8.220000,yspeed:0.370000,angle:1.400000,distense:207.800000,rcs:26.000000
