timestame:1619471293.539000000,objid:0,type:0,xpos:0.000000,ypos:0.000000,xspeed:2.790000,yspeed:2.830000,angle:-15.970000,distense:36.600000,rcs:15.000000
timestame:1619471293.539000000,objid:1,type:0,xpos:0.000000,ypos:0.000000,xspeed:-2.780000,yspeed:12.140000,angle:-8.060000,distense:46.400000,rcs:26.000000
timestame:1619471293.539000000,objid:3,type:0,xpos:0.000000,ypos:0.000000,xspeed:19.610000,yspeed:18.520000,angle:-10.210000,distense:46.600000,rcs:6.000000
timestame:1619471293.539000000,objid:6,type:0,xpos:0.000000,ypos:0.000000,xspeed:3.570000,yspeed:0.720000,angle:22.690000,distense:29.600000,rcs:19.000000
