timestame:1619470975.552000000,objid:0,type:0,xpos:0.000000,ypos:0.000000,xspeed:6.660000,yspeed:0.000000,angle:3.360000,distense:117.400000,rcs:24.000000
timestame:1619470975.552000000,objid:3,type:0,xpos:0.000000,ypos:0.000000,xspeed:7.130000,yspeed:-0.020000,angle:2.380000,distense:127.200000,rcs:9.000000
timestame:1619470975.552000000,objid:5,type:0,xpos:0.000000,ypos:0.000000,xspeed:-18.490000,yspeed:2.740000,angle:-6.090000,distense:132.600000,rcs:9.000000
timestame:1619470975.552000000,objid:9,type:0,xpos:0.000000,ypos:0.000000,xspeed:1.870000,yspeed:3.660000,angle:-5.570000,distense:45.000000,rcs:12.000000
