timestame:1619471371.996000000,objid:1,type:0,xpos:0.000000,ypos:0.000000,xspeed:8.950000,yspeed:0.020000,angle:2.340000,distense:159.600000,rcs:23.000000
timestame:1619471371.996000000,objid:7,type:0,xpos:0.000000,ypos:0.000000,xspeed:10.340000,yspeed:0.200000,angle:1.490000,distense:206.200000,rcs:20.000000
