timestame:1619469621.490000000,objid:1,type:0,xpos:0.000000,ypos:0.000000,xspeed:-3.040000,yspeed:0.120000,angle:-14.440000,distense:65.400000,rcs:22.000000
timestame:1619469621.490000000,objid:2,type:0,xpos:0.000000,ypos:0.000000,xspeed:-3.850000,yspeed:-0.490000,angle:-12.840000,distense:77.000000,rcs:20.000000
timestame:1619469621.490000000,objid:4,type:0,xpos:0.000000,ypos:0.000000,xspeed:-15.520000,yspeed:0.150000,angle:-6.850000,distense:89.600000,rcs:22.000000
