timestame:1619470483.183000000,objid:1,type:0,xpos:0.000000,ypos:0.000000,xspeed:-3.950000,yspeed:-0.220000,angle:-8.040000,distense:86.600000,rcs:20.000000
timestame:1619470483.183000000,objid:3,type:0,xpos:0.000000,ypos:0.000000,xspeed:1.900000,yspeed:-4.630000,angle:16.290000,distense:45.600000,rcs:33.000000
timestame:1619470483.183000000,objid:8,type:0,xpos:0.000000,ypos:0.000000,xspeed:-13.990000,yspeed:-14.350000,angle:7.530000,distense:34.000000,rcs:32.000000
