timestame:1619470289.812000000,objid:2,type:0,xpos:0.000000,ypos:0.000000,xspeed:-12.080000,yspeed:-0.290000,angle:-12.540000,distense:72.400000,rcs:26.000000
timestame:1619470289.812000000,objid:5,type:0,xpos:0.000000,ypos:0.000000,xspeed:-6.030000,yspeed:-0.340000,angle:-18.000000,distense:27.600000,rcs:9.000000
timestame:1619470289.812000000,objid:7,type:0,xpos:0.000000,ypos:0.000000,xspeed:-6.320000,yspeed:-0.750000,angle:-18.000000,distense:24.000000,rcs:6.000000
