timestame:1619470458.235000000,objid:0,type:0,xpos:0.000000,ypos:0.000000,xspeed:-20.830000,yspeed:10.080000,angle:-4.160000,distense:137.200000,rcs:12.000000
timestame:1619470458.235000000,objid:2,type:0,xpos:0.000000,ypos:0.000000,xspeed:5.670000,yspeed:-0.110000,angle:3.560000,distense:164.600000,rcs:18.000000
