timestame:1619471151.579000000,objid:0,type:0,xpos:0.000000,ypos:0.000000,xspeed:-1.700000,yspeed:10.600000,angle:6.820000,distense:39.800000,rcs:24.000000
timestame:1619471151.579000000,objid:1,type:0,xpos:0.000000,ypos:0.000000,xspeed:-10.350000,yspeed:1.010000,angle:11.480000,distense:90.400000,rcs:15.000000
timestame:1619471151.579000000,objid:2,type:0,xpos:0.000000,ypos:0.000000,xspeed:-1.190000,yspeed:5.010000,angle:-3.790000,distense:40.800000,rcs:9.000000
