timestame:1619470907.779000000,objid:7,type:0,xpos:0.000000,ypos:0.000000,xspeed:-3.580000,yspeed:-2.130000,angle:-18.000000,distense:31.000000,rcs:6.000000
timestame:1619470907.779000000,objid:10,type:0,xpos:0.000000,ypos:0.000000,xspeed:-1.070000,yspeed:-0.590000,angle:-17.510000,distense:36.200000,rcs:25.000000
timestame:1619470907.779000000,objid:16,type:0,xpos:0.000000,ypos:0.000000,xspeed:-2.600000,yspeed:-0.640000,angle:-18.000000,distense:33.000000,rcs:19.000000
