timestame:1619470644.719000000,objid:2,type:0,xpos:0.000000,ypos:0.000000,xspeed:-6.350000,yspeed:-0.120000,angle:-5.320000,distense:158.000000,rcs:9.000000
timestame:1619470644.719000000,objid:5,type:0,xpos:0.000000,ypos:0.000000,xspeed:5.150000,yspeed:0.960000,angle:19.730000,distense:53.200000,rcs:6.000000
timestame:1619470644.719000000,objid:8,type:0,xpos:0.000000,ypos:0.000000,xspeed:-1.770000,yspeed:-3.420000,angle:8.980000,distense:86.000000,rcs:19.000000
timestame:1619470644.719000000,objid:9,type:0,xpos:0.000000,ypos:0.000000,xspeed:2.030000,yspeed:0.000000,angle:-17.680000,distense:42.000000,rcs:12.000000
