timestame:1619470705.422000000,objid:0,type:0,xpos:0.000000,ypos:0.000000,xspeed:3.410000,yspeed:3.550000,angle:-11.940000,distense:43.000000,rcs:6.000000
timestame:1619470705.422000000,objid:1,type:0,xpos:0.000000,ypos:0.000000,xspeed:11.490000,yspeed:0.000000,angle:2.420000,distense:156.600000,rcs:18.000000
timestame:1619470705.422000000,objid:2,type:0,xpos:0.000000,ypos:0.000000,xspeed:-7.480000,yspeed:-1.300000,angle:-18.000000,distense:65.200000,rcs:9.000000
