timestame:1619471409.872000000,objid:1,type:0,xpos:0.000000,ypos:0.000000,xspeed:-1.030000,yspeed:-2.480000,angle:-11.970000,distense:41.000000,rcs:34.000000
timestame:1619471409.872000000,objid:4,type:0,xpos:0.000000,ypos:0.000000,xspeed:-1.900000,yspeed:1.140000,angle:-0.080000,distense:43.200000,rcs:31.000000
timestame:1619471409.872000000,objid:7,type:0,xpos:0.000000,ypos:0.000000,xspeed:-2.090000,yspeed:-3.100000,angle:-17.830000,distense:38.600000,rcs:26.000000
timestame:1619471409.872000000,objid:12,type:0,xpos:0.000000,ypos:0.000000,xspeed:-9.670000,yspeed:-0.690000,angle:-4.210000,distense:188.600000,rcs:15.000000
