timestame:1619469567.332000000,objid:5,type:0,xpos:0.000000,ypos:0.000000,xspeed:-1.390000,yspeed:-2.420000,angle:-14.940000,distense:48.600000,rcs:6.000000
timestame:1619469567.332000000,objid:8,type:0,xpos:0.000000,ypos:0.000000,xspeed:4.850000,yspeed:-5.950000,angle:1.450000,distense:60.000000,rcs:13.000000
timestame:1619469567.332000000,objid:11,type:0,xpos:0.000000,ypos:0.000000,xspeed:-2.070000,yspeed:-4.820000,angle:-10.270000,distense:35.400000,rcs:31.000000
