timestame:1619470634.234000000,objid:1,type:0,xpos:0.000000,ypos:0.000000,xspeed:-2.360000,yspeed:3.250000,angle:-18.000000,distense:34.200000,rcs:6.000000
timestame:1619470634.234000000,objid:2,type:0,xpos:0.000000,ypos:0.000000,xspeed:-2.810000,yspeed:0.260000,angle:-8.430000,distense:82.000000,rcs:20.000000
