timestame:1619471090.807000000,objid:1,type:0,xpos:0.000000,ypos:0.000000,xspeed:10.600000,yspeed:0.420000,angle:5.710000,distense:55.200000,rcs:23.000000
timestame:1619471090.807000000,objid:2,type:0,xpos:0.000000,ypos:0.000000,xspeed:6.040000,yspeed:0.160000,angle:2.020000,distense:47.000000,rcs:39.000000
timestame:1619471090.807000000,objid:4,type:0,xpos:0.000000,ypos:0.000000,xspeed:-21.910000,yspeed:-0.850000,angle:-18.000000,distense:33.600000,rcs:19.000000
timestame:1619471090.807000000,objid:5,type:0,xpos:0.000000,ypos:0.000000,xspeed:10.850000,yspeed:2.260000,angle:2.270000,distense:105.800000,rcs:20.000000
