timestame:1619469920.045000000,objid:1,type:0,xpos:0.000000,ypos:0.000000,xspeed:5.730000,yspeed:-0.080000,angle:1.210000,distense:129.600000,rcs:18.000000
timestame:1619469920.045000000,objid:8,type:0,xpos:0.000000,ypos:0.000000,xspeed:5.740000,yspeed:0.130000,angle:1.550000,distense:123.000000,rcs:24.000000
