timestame:1619470768.214000000,objid:0,type:0,xpos:0.000000,ypos:0.000000,xspeed:-11.840000,yspeed:-1.550000,angle:-5.050000,distense:173.600000,rcs:12.000000
timestame:1619470768.214000000,objid:1,type:0,xpos:0.000000,ypos:0.000000,xspeed:10.740000,yspeed:0.870000,angle:2.550000,distense:66.200000,rcs:32.000000
