timestame:1619470213.335000000,objid:1,type:0,xpos:0.000000,ypos:0.000000,xspeed:-2.150000,yspeed:9.350000,angle:-8.140000,distense:41.400000,rcs:9.000000
timestame:1619470213.335000000,objid:2,type:0,xpos:0.000000,ypos:0.000000,xspeed:-2.260000,yspeed:8.140000,angle:-5.370000,distense:40.600000,rcs:13.000000
timestame:1619470213.335000000,objid:5,type:0,xpos:0.000000,ypos:0.000000,xspeed:2.040000,yspeed:-4.000000,angle:-9.010000,distense:49.600000,rcs:19.000000
timestame:1619470213.335000000,objid:6,type:0,xpos:0.000000,ypos:0.000000,xspeed:-2.920000,yspeed:0.000000,angle:-3.330000,distense:40.600000,rcs:28.000000
