timestame:1619471232.788000000,objid:0,type:0,xpos:0.000000,ypos:0.000000,xspeed:7.020000,yspeed:-0.120000,angle:1.520000,distense:114.800000,rcs:6.000000
timestame:1619471232.788000000,objid:9,type:0,xpos:0.000000,ypos:0.000000,xspeed:6.940000,yspeed:-0.020000,angle:1.540000,distense:106.000000,rcs:34.000000
