timestame:1619471261.920000000,objid:2,type:0,xpos:0.000000,ypos:0.000000,xspeed:12.610000,yspeed:0.120000,angle:3.580000,distense:99.000000,rcs:30.000000
timestame:1619471261.920000000,objid:6,type:0,xpos:0.000000,ypos:0.000000,xspeed:12.620000,yspeed:-0.170000,angle:3.280000,distense:111.200000,rcs:18.000000
timestame:1619471261.920000000,objid:10,type:0,xpos:0.000000,ypos:0.000000,xspeed:12.540000,yspeed:0.320000,angle:4.310000,distense:86.800000,rcs:25.000000
