timestame:1619470766.297000000,objid:0,type:0,xpos:0.000000,ypos:0.000000,xspeed:-18.090000,yspeed:-5.100000,angle:-3.360000,distense:195.000000,rcs:13.000000
timestame:1619470766.297000000,objid:4,type:0,xpos:0.000000,ypos:0.000000,xspeed:-2.430000,yspeed:-1.250000,angle:-18.000000,distense:29.600000,rcs:9.000000
timestame:1619470766.297000000,objid:9,type:0,xpos:0.000000,ypos:0.000000,xspeed:6.370000,yspeed:0.340000,angle:2.710000,distense:46.000000,rcs:28.000000
