timestame:1619470633.987000000,objid:1,type:0,xpos:0.000000,ypos:0.000000,xspeed:-3.080000,yspeed:1.660000,angle:-18.000000,distense:34.800000,rcs:6.000000
timestame:1619470633.987000000,objid:2,type:0,xpos:0.000000,ypos:0.000000,xspeed:-2.920000,yspeed:0.260000,angle:-8.430000,distense:82.400000,rcs:16.000000
