timestame:1619470839.197000000,objid:2,type:0,xpos:0.000000,ypos:0.000000,xspeed:3.900000,yspeed:2.360000,angle:-16.790000,distense:38.000000,rcs:20.000000
timestame:1619470839.197000000,objid:3,type:0,xpos:0.000000,ypos:0.000000,xspeed:2.740000,yspeed:1.640000,angle:-14.370000,distense:35.800000,rcs:15.000000
timestame:1619470839.197000000,objid:7,type:0,xpos:0.000000,ypos:0.000000,xspeed:13.030000,yspeed:0.340000,angle:2.420000,distense:192.800000,rcs:20.000000
