timestame:1619470478.078000000,objid:0,type:0,xpos:0.000000,ypos:0.000000,xspeed:-8.520000,yspeed:-0.530000,angle:-6.100000,distense:108.800000,rcs:26.000000
timestame:1619470478.078000000,objid:2,type:0,xpos:0.000000,ypos:0.000000,xspeed:1.430000,yspeed:-0.330000,angle:12.840000,distense:76.000000,rcs:6.000000
