timestame:1619471370.243000000,objid:1,type:0,xpos:0.000000,ypos:0.000000,xspeed:8.340000,yspeed:-0.040000,angle:2.590000,distense:143.400000,rcs:19.000000
timestame:1619471370.243000000,objid:7,type:0,xpos:0.000000,ypos:0.000000,xspeed:10.870000,yspeed:0.270000,angle:1.570000,distense:188.600000,rcs:15.000000
