timestame:1619469531.163000000,objid:1,type:0,xpos:0.000000,ypos:0.000000,xspeed:1.860000,yspeed:-4.510000,angle:-18.000000,distense:75.200000,rcs:6.000000
timestame:1619469531.163000000,objid:3,type:0,xpos:0.000000,ypos:0.000000,xspeed:-1.140000,yspeed:-1.750000,angle:-3.430000,distense:11.400000,rcs:34.000000
timestame:1619469531.163000000,objid:7,type:0,xpos:0.000000,ypos:0.000000,xspeed:14.260000,yspeed:1.560000,angle:2.320000,distense:22.200000,rcs:34.000000
