timestame:1619470045.330000000,objid:0,type:0,xpos:0.000000,ypos:0.000000,xspeed:6.510000,yspeed:-0.140000,angle:4.600000,distense:73.200000,rcs:16.000000
timestame:1619470045.330000000,objid:3,type:0,xpos:0.000000,ypos:0.000000,xspeed:14.290000,yspeed:0.160000,angle:1.280000,distense:180.800000,rcs:15.000000
timestame:1619470045.330000000,objid:5,type:0,xpos:0.000000,ypos:0.000000,xspeed:6.080000,yspeed:0.410000,angle:5.770000,distense:63.000000,rcs:30.000000
