timestame:1619470465.680000000,objid:0,type:0,xpos:0.000000,ypos:0.000000,xspeed:-13.380000,yspeed:-0.820000,angle:-18.000000,distense:31.600000,rcs:6.000000
timestame:1619470465.680000000,objid:1,type:0,xpos:0.000000,ypos:0.000000,xspeed:-10.100000,yspeed:4.190000,angle:-18.000000,distense:34.600000,rcs:9.000000
timestame:1619470465.680000000,objid:2,type:0,xpos:0.000000,ypos:0.000000,xspeed:5.830000,yspeed:0.260000,angle:3.140000,distense:208.800000,rcs:13.000000
