timestame:1619471532.088000000,objid:4,type:0,xpos:0.000000,ypos:0.000000,xspeed:-13.510000,yspeed:1.890000,angle:-2.420000,distense:194.400000,rcs:9.000000
timestame:1619471532.088000000,objid:6,type:0,xpos:0.000000,ypos:0.000000,xspeed:1.640000,yspeed:1.910000,angle:8.010000,distense:41.800000,rcs:32.000000
timestame:1619471532.088000000,objid:10,type:0,xpos:0.000000,ypos:0.000000,xspeed:-13.410000,yspeed:0.000000,angle:-2.750000,distense:201.600000,rcs:18.000000
