timestame:1619470072.025000000,objid:3,type:0,xpos:0.000000,ypos:0.000000,xspeed:-1.550000,yspeed:2.710000,angle:14.800000,distense:48.600000,rcs:36.000000
timestame:1619470072.025000000,objid:4,type:0,xpos:0.000000,ypos:0.000000,xspeed:-1.530000,yspeed:2.560000,angle:18.830000,distense:43.800000,rcs:22.000000
timestame:1619470072.025000000,objid:8,type:0,xpos:0.000000,ypos:0.000000,xspeed:2.460000,yspeed:2.480000,angle:-12.190000,distense:37.800000,rcs:6.000000
