timestame:1619471365.697000000,objid:1,type:0,xpos:0.000000,ypos:0.000000,xspeed:6.860000,yspeed:-0.720000,angle:3.180000,distense:105.200000,rcs:28.000000
timestame:1619471365.697000000,objid:2,type:0,xpos:0.000000,ypos:0.000000,xspeed:7.500000,yspeed:-0.140000,angle:3.400000,distense:110.800000,rcs:12.000000
timestame:1619471365.697000000,objid:7,type:0,xpos:0.000000,ypos:0.000000,xspeed:11.410000,yspeed:0.450000,angle:1.820000,distense:137.200000,rcs:22.000000
