timestame:1619470952.571000000,objid:0,type:0,xpos:0.000000,ypos:0.000000,xspeed:5.130000,yspeed:-0.150000,angle:0.720000,distense:34.600000,rcs:43.000000
timestame:1619470952.571000000,objid:10,type:0,xpos:0.000000,ypos:0.000000,xspeed:3.690000,yspeed:-0.190000,angle:2.430000,distense:19.200000,rcs:35.000000
