timestame:1619469920.107000000,objid:1,type:0,xpos:0.000000,ypos:0.000000,xspeed:5.730000,yspeed:-0.080000,angle:1.200000,distense:130.000000,rcs:18.000000
timestame:1619469920.107000000,objid:8,type:0,xpos:0.000000,ypos:0.000000,xspeed:5.750000,yspeed:0.120000,angle:1.540000,distense:123.400000,rcs:33.000000
