timestame:1619470190.481000000,objid:1,type:0,xpos:0.000000,ypos:0.000000,xspeed:4.850000,yspeed:2.750000,angle:4.830000,distense:134.200000,rcs:27.000000
timestame:1619470190.481000000,objid:2,type:0,xpos:0.000000,ypos:0.000000,xspeed:-5.940000,yspeed:3.590000,angle:-0.780000,distense:48.000000,rcs:24.000000
timestame:1619470190.481000000,objid:7,type:0,xpos:0.000000,ypos:0.000000,xspeed:3.510000,yspeed:0.480000,angle:6.120000,distense:139.600000,rcs:12.000000
