timestame:1619469481.085000000,objid:1,type:0,xpos:0.000000,ypos:0.000000,xspeed:-5.830000,yspeed:7.340000,angle:-7.410000,distense:88.600000,rcs:16.000000
timestame:1619469481.085000000,objid:7,type:0,xpos:0.000000,ypos:0.000000,xspeed:5.000000,yspeed:-2.820000,angle:-9.670000,distense:96.000000,rcs:15.000000
