timestame:1619470562.139000000,objid:0,type:0,xpos:0.000000,ypos:0.000000,xspeed:5.570000,yspeed:-0.440000,angle:2.430000,distense:203.200000,rcs:9.000000
timestame:1619470562.139000000,objid:1,type:0,xpos:0.000000,ypos:0.000000,xspeed:6.060000,yspeed:-0.400000,angle:3.830000,distense:195.400000,rcs:20.000000
timestame:1619470562.139000000,objid:2,type:0,xpos:0.000000,ypos:0.000000,xspeed:6.520000,yspeed:-4.330000,angle:2.640000,distense:212.000000,rcs:6.000000
timestame:1619470562.139000000,objid:3,type:0,xpos:0.000000,ypos:0.000000,xspeed:9.840000,yspeed:0.230000,angle:1.810000,distense:84.000000,rcs:35.000000
