timestame:1619470913.429000000,objid:0,type:0,xpos:0.000000,ypos:0.000000,xspeed:5.560000,yspeed:2.760000,angle:22.880000,distense:32.200000,rcs:12.000000
timestame:1619470913.429000000,objid:4,type:0,xpos:0.000000,ypos:0.000000,xspeed:15.340000,yspeed:15.220000,angle:-8.010000,distense:52.000000,rcs:6.000000
timestame:1619470913.429000000,objid:7,type:0,xpos:0.000000,ypos:0.000000,xspeed:4.510000,yspeed:2.660000,angle:-16.890000,distense:44.000000,rcs:6.000000
timestame:1619470913.429000000,objid:10,type:0,xpos:0.000000,ypos:0.000000,xspeed:5.510000,yspeed:2.070000,angle:22.310000,distense:37.800000,rcs:12.000000
