timestame:1619470744.985000000,objid:0,type:0,xpos:0.000000,ypos:0.000000,xspeed:-3.170000,yspeed:-0.390000,angle:-8.510000,distense:84.200000,rcs:9.000000
timestame:1619470744.985000000,objid:1,type:0,xpos:0.000000,ypos:0.000000,xspeed:-1.080000,yspeed:1.640000,angle:14.420000,distense:43.800000,rcs:36.000000
timestame:1619470744.985000000,objid:6,type:0,xpos:0.000000,ypos:0.000000,xspeed:12.600000,yspeed:0.410000,angle:1.330000,distense:199.800000,rcs:27.000000
