timestame:1619471261.360000000,objid:2,type:0,xpos:0.000000,ypos:0.000000,xspeed:12.510000,yspeed:0.240000,angle:3.960000,distense:91.200000,rcs:33.000000
timestame:1619471261.360000000,objid:6,type:0,xpos:0.000000,ypos:0.000000,xspeed:12.540000,yspeed:-0.140000,angle:3.610000,distense:103.400000,rcs:20.000000
timestame:1619471261.360000000,objid:10,type:0,xpos:0.000000,ypos:0.000000,xspeed:12.410000,yspeed:0.550000,angle:4.860000,distense:79.000000,rcs:24.000000
