timestame:1619470442.389000000,objid:1,type:0,xpos:0.000000,ypos:0.000000,xspeed:15.930000,yspeed:0.490000,angle:2.160000,distense:96.600000,rcs:16.000000
timestame:1619470442.389000000,objid:2,type:0,xpos:0.000000,ypos:0.000000,xspeed:3.920000,yspeed:-0.090000,angle:8.890000,distense:84.200000,rcs:20.000000
