timestame:1619471233.974000000,objid:0,type:0,xpos:0.000000,ypos:0.000000,xspeed:7.860000,yspeed:-0.010000,angle:1.490000,distense:125.400000,rcs:6.000000
timestame:1619471233.974000000,objid:9,type:0,xpos:0.000000,ypos:0.000000,xspeed:7.310000,yspeed:0.050000,angle:1.530000,distense:115.200000,rcs:30.000000
