timestame:1619469714.622000000,objid:1,type:0,xpos:0.000000,ypos:0.000000,xspeed:-1.910000,yspeed:6.350000,angle:21.580000,distense:37.000000,rcs:21.000000
timestame:1619469714.622000000,objid:3,type:0,xpos:0.000000,ypos:0.000000,xspeed:13.930000,yspeed:-1.000000,angle:0.990000,distense:154.200000,rcs:18.000000
timestame:1619469714.622000000,objid:6,type:0,xpos:0.000000,ypos:0.000000,xspeed:-1.590000,yspeed:7.090000,angle:20.530000,distense:37.000000,rcs:9.000000
