timestame:1619470220.463000000,objid:6,type:0,xpos:0.000000,ypos:0.000000,xspeed:-3.460000,yspeed:-5.270000,angle:-18.000000,distense:52.200000,rcs:12.000000
timestame:1619470220.463000000,objid:7,type:0,xpos:0.000000,ypos:0.000000,xspeed:-2.260000,yspeed:8.480000,angle:-17.060000,distense:41.000000,rcs:9.000000
timestame:1619470220.463000000,objid:8,type:0,xpos:0.000000,ypos:0.000000,xspeed:20.390000,yspeed:0.000000,angle:17.240000,distense:57.000000,rcs:6.000000
