timestame:1619470030.959000000,objid:1,type:0,xpos:0.000000,ypos:0.000000,xspeed:5.980000,yspeed:0.440000,angle:2.670000,distense:39.600000,rcs:26.000000
timestame:1619470030.959000000,objid:4,type:0,xpos:0.000000,ypos:0.000000,xspeed:10.350000,yspeed:0.030000,angle:2.030000,distense:66.200000,rcs:29.000000
timestame:1619470030.959000000,objid:7,type:0,xpos:0.000000,ypos:0.000000,xspeed:1.100000,yspeed:-2.050000,angle:8.710000,distense:20.200000,rcs:12.000000
