timestame:1619470941.162000000,objid:1,type:0,xpos:0.000000,ypos:0.000000,xspeed:-4.710000,yspeed:-0.120000,angle:-15.040000,distense:62.200000,rcs:18.000000
timestame:1619470941.162000000,objid:5,type:0,xpos:0.000000,ypos:0.000000,xspeed:-5.290000,yspeed:0.300000,angle:-14.610000,distense:65.600000,rcs:19.000000
timestame:1619470941.162000000,objid:10,type:0,xpos:0.000000,ypos:0.000000,xspeed:-4.360000,yspeed:0.290000,angle:-11.070000,distense:63.600000,rcs:20.000000
