timestame:1619471229.317000000,objid:0,type:0,xpos:0.000000,ypos:0.000000,xspeed:6.100000,yspeed:0.460000,angle:2.420000,distense:90.200000,rcs:16.000000
timestame:1619471229.317000000,objid:1,type:0,xpos:0.000000,ypos:0.000000,xspeed:3.870000,yspeed:-4.520000,angle:-18.000000,distense:60.000000,rcs:9.000000
timestame:1619471229.317000000,objid:9,type:0,xpos:0.000000,ypos:0.000000,xspeed:6.300000,yspeed:0.060000,angle:1.990000,distense:81.400000,rcs:29.000000
