timestame:1619469583.384000000,objid:1,type:0,xpos:0.000000,ypos:0.000000,xspeed:-4.960000,yspeed:-0.140000,angle:-9.740000,distense:91.800000,rcs:19.000000
timestame:1619469583.384000000,objid:2,type:0,xpos:0.000000,ypos:0.000000,xspeed:-1.330000,yspeed:-0.610000,angle:-11.240000,distense:83.800000,rcs:22.000000
