timestame:1619470496.440000000,objid:0,type:0,xpos:0.000000,ypos:0.000000,xspeed:-1.170000,yspeed:0.000000,angle:21.850000,distense:44.800000,rcs:26.000000
timestame:1619470496.440000000,objid:2,type:0,xpos:0.000000,ypos:0.000000,xspeed:-2.240000,yspeed:-6.850000,angle:-12.480000,distense:40.800000,rcs:19.000000
timestame:1619470496.440000000,objid:7,type:0,xpos:0.000000,ypos:0.000000,xspeed:-1.460000,yspeed:0.000000,angle:-11.320000,distense:49.600000,rcs:9.000000
