timestame:1619470772.057000000,objid:0,type:0,xpos:0.000000,ypos:0.000000,xspeed:-10.060000,yspeed:-0.170000,angle:-6.350000,distense:133.800000,rcs:16.000000
timestame:1619470772.057000000,objid:1,type:0,xpos:0.000000,ypos:0.000000,xspeed:13.650000,yspeed:0.090000,angle:1.560000,distense:117.400000,rcs:15.000000
timestame:1619470772.057000000,objid:3,type:0,xpos:0.000000,ypos:0.000000,xspeed:-8.130000,yspeed:0.630000,angle:-18.000000,distense:51.800000,rcs:6.000000
