timestame:1619470377.317000000,objid:1,type:0,xpos:0.000000,ypos:0.000000,xspeed:-2.380000,yspeed:-2.280000,angle:-18.000000,distense:34.200000,rcs:13.000000
timestame:1619470377.317000000,objid:5,type:0,xpos:0.000000,ypos:0.000000,xspeed:-2.890000,yspeed:-2.320000,angle:-18.000000,distense:35.200000,rcs:19.000000
timestame:1619470377.317000000,objid:8,type:0,xpos:0.000000,ypos:0.000000,xspeed:1.350000,yspeed:-5.920000,angle:-9.450000,distense:67.000000,rcs:9.000000
timestame:1619470377.317000000,objid:18,type:0,xpos:0.000000,ypos:0.000000,xspeed:-5.170000,yspeed:-0.330000,angle:-9.010000,distense:80.400000,rcs:13.000000
