timestame:1619471518.615000000,objid:7,type:0,xpos:0.000000,ypos:0.000000,xspeed:16.290000,yspeed:0.170000,angle:1.440000,distense:190.800000,rcs:16.000000
timestame:1619471518.615000000,objid:10,type:0,xpos:0.000000,ypos:0.000000,xspeed:16.200000,yspeed:0.150000,angle:1.310000,distense:180.200000,rcs:27.000000
