timestame:1619470473.425000000,objid:1,type:0,xpos:0.000000,ypos:0.000000,xspeed:-11.100000,yspeed:-0.480000,angle:-4.190000,distense:154.600000,rcs:20.000000
timestame:1619470473.425000000,objid:2,type:0,xpos:0.000000,ypos:0.000000,xspeed:2.830000,yspeed:-3.170000,angle:13.770000,distense:71.200000,rcs:6.000000
