timestame:1619469634.437000000,objid:1,type:0,xpos:0.000000,ypos:0.000000,xspeed:2.810000,yspeed:-1.080000,angle:17.420000,distense:22.400000,rcs:25.000000
timestame:1619469634.437000000,objid:3,type:0,xpos:0.000000,ypos:0.000000,xspeed:-6.560000,yspeed:2.650000,angle:-4.020000,distense:52.600000,rcs:15.000000
timestame:1619469634.437000000,objid:4,type:0,xpos:0.000000,ypos:0.000000,xspeed:2.660000,yspeed:1.020000,angle:-14.780000,distense:25.400000,rcs:18.000000
