timestame:1619471517.925000000,objid:3,type:0,xpos:0.000000,ypos:0.000000,xspeed:29.220000,yspeed:-0.240000,angle:0.240000,distense:190.200000,rcs:9.000000
timestame:1619471517.925000000,objid:7,type:0,xpos:0.000000,ypos:0.000000,xspeed:16.130000,yspeed:0.260000,angle:1.550000,distense:179.800000,rcs:13.000000
timestame:1619471517.925000000,objid:10,type:0,xpos:0.000000,ypos:0.000000,xspeed:16.180000,yspeed:0.080000,angle:1.300000,distense:169.400000,rcs:20.000000
