timestame:1619471254.613000000,objid:1,type:0,xpos:0.000000,ypos:0.000000,xspeed:4.000000,yspeed:2.750000,angle:6.010000,distense:88.600000,rcs:9.000000
timestame:1619471254.613000000,objid:3,type:0,xpos:0.000000,ypos:0.000000,xspeed:-16.030000,yspeed:-0.420000,angle:-8.040000,distense:107.400000,rcs:13.000000
