timestame:1619471563.023000000,objid:3,type:0,xpos:0.000000,ypos:0.000000,xspeed:-2.000000,yspeed:-2.600000,angle:-18.000000,distense:33.200000,rcs:12.000000
timestame:1619471563.023000000,objid:5,type:0,xpos:0.000000,ypos:0.000000,xspeed:-2.780000,yspeed:-0.140000,angle:-18.000000,distense:30.200000,rcs:19.000000
timestame:1619471563.023000000,objid:6,type:0,xpos:0.000000,ypos:0.000000,xspeed:7.590000,yspeed:-7.110000,angle:-18.000000,distense:62.600000,rcs:6.000000
timestame:1619471563.023000000,objid:10,type:0,xpos:0.000000,ypos:0.000000,xspeed:2.240000,yspeed:2.880000,angle:-15.550000,distense:61.200000,rcs:19.000000
