timestame:1619469632.625000000,objid:1,type:0,xpos:0.000000,ypos:0.000000,xspeed:-14.840000,yspeed:-2.960000,angle:-12.010000,distense:12.000000,rcs:6.000000
timestame:1619469632.625000000,objid:6,type:0,xpos:0.000000,ypos:0.000000,xspeed:-9.180000,yspeed:-0.050000,angle:-7.600000,distense:62.200000,rcs:26.000000
