timestame:1619471254.179000000,objid:1,type:0,xpos:0.000000,ypos:0.000000,xspeed:3.680000,yspeed:2.610000,angle:5.240000,distense:86.200000,rcs:15.000000
timestame:1619471254.179000000,objid:3,type:0,xpos:0.000000,ypos:0.000000,xspeed:-16.150000,yspeed:-0.260000,angle:-7.320000,distense:113.800000,rcs:15.000000
