timestame:1619470488.470000000,objid:5,type:0,xpos:0.000000,ypos:0.000000,xspeed:-4.370000,yspeed:-3.190000,angle:-18.000000,distense:31.400000,rcs:9.000000
timestame:1619470488.470000000,objid:6,type:0,xpos:0.000000,ypos:0.000000,xspeed:-2.280000,yspeed:-3.950000,angle:-18.000000,distense:36.800000,rcs:33.000000
