timestame:1619470169.093000000,objid:0,type:0,xpos:0.000000,ypos:0.000000,xspeed:6.830000,yspeed:0.370000,angle:2.380000,distense:52.200000,rcs:34.000000
timestame:1619470169.093000000,objid:1,type:0,xpos:0.000000,ypos:0.000000,xspeed:9.960000,yspeed:0.390000,angle:1.920000,distense:20.800000,rcs:31.000000
timestame:1619470169.093000000,objid:2,type:0,xpos:0.000000,ypos:0.000000,xspeed:25.050000,yspeed:0.000000,angle:14.970000,distense:27.800000,rcs:6.000000
timestame:1619470169.093000000,objid:3,type:0,xpos:0.000000,ypos:0.000000,xspeed:8.660000,yspeed:0.100000,angle:4.900000,distense:86.400000,rcs:27.000000
