timestame:1619470887.117000000,objid:3,type:0,xpos:0.000000,ypos:0.000000,xspeed:-2.160000,yspeed:-3.490000,angle:-18.000000,distense:34.000000,rcs:15.000000
timestame:1619470887.117000000,objid:19,type:0,xpos:0.000000,ypos:0.000000,xspeed:-1.050000,yspeed:-3.610000,angle:-14.690000,distense:36.200000,rcs:27.000000
