timestame:1619470167.672000000,objid:0,type:0,xpos:0.000000,ypos:0.000000,xspeed:5.850000,yspeed:0.200000,angle:2.120000,distense:41.200000,rcs:27.000000
timestame:1619470167.672000000,objid:3,type:0,xpos:0.000000,ypos:0.000000,xspeed:7.610000,yspeed:0.470000,angle:6.060000,distense:72.800000,rcs:33.000000
