timestame:1619469567.949000000,objid:1,type:0,xpos:0.000000,ypos:0.000000,xspeed:1.100000,yspeed:1.140000,angle:-18.000000,distense:41.400000,rcs:27.000000
timestame:1619469567.949000000,objid:2,type:0,xpos:0.000000,ypos:0.000000,xspeed:-1.160000,yspeed:-3.850000,angle:-7.480000,distense:37.000000,rcs:31.000000
timestame:1619469567.949000000,objid:8,type:0,xpos:0.000000,ypos:0.000000,xspeed:3.190000,yspeed:-6.230000,angle:-1.950000,distense:61.400000,rcs:9.000000
timestame:1619469567.949000000,objid:11,type:0,xpos:0.000000,ypos:0.000000,xspeed:-2.310000,yspeed:-5.150000,angle:-16.120000,distense:34.600000,rcs:27.000000
