timestame:1619469924.699000000,objid:1,type:0,xpos:0.000000,ypos:0.000000,xspeed:6.270000,yspeed:0.250000,angle:1.530000,distense:158.600000,rcs:18.000000
timestame:1619469924.699000000,objid:8,type:0,xpos:0.000000,ypos:0.000000,xspeed:6.290000,yspeed:0.050000,angle:1.310000,distense:151.800000,rcs:20.000000
