timestame:1619470793.862000000,objid:4,type:0,xpos:0.000000,ypos:0.000000,xspeed:2.320000,yspeed:-8.870000,angle:-5.800000,distense:52.800000,rcs:24.000000
timestame:1619470793.862000000,objid:7,type:0,xpos:0.000000,ypos:0.000000,xspeed:2.790000,yspeed:1.930000,angle:14.530000,distense:54.400000,rcs:6.000000
timestame:1619470793.862000000,objid:11,type:0,xpos:0.000000,ypos:0.000000,xspeed:-16.320000,yspeed:0.000000,angle:-3.380000,distense:40.000000,rcs:25.000000
