timestame:1619471165.096000000,objid:0,type:0,xpos:0.000000,ypos:0.000000,xspeed:-10.360000,yspeed:2.170000,angle:-2.960000,distense:156.400000,rcs:15.000000
timestame:1619471165.096000000,objid:2,type:0,xpos:0.000000,ypos:0.000000,xspeed:-8.940000,yspeed:6.120000,angle:-3.580000,distense:160.200000,rcs:15.000000
timestame:1619471165.096000000,objid:3,type:0,xpos:0.000000,ypos:0.000000,xspeed:2.450000,yspeed:5.250000,angle:-4.910000,distense:46.600000,rcs:9.000000
