timestame:1619470140.603000000,objid:0,type:0,xpos:0.000000,ypos:0.000000,xspeed:-6.810000,yspeed:-0.430000,angle:20.060000,distense:20.000000,rcs:6.000000
timestame:1619470140.603000000,objid:1,type:0,xpos:0.000000,ypos:0.000000,xspeed:-2.310000,yspeed:-1.640000,angle:15.750000,distense:25.000000,rcs:9.000000
timestame:1619470140.603000000,objid:2,type:0,xpos:0.000000,ypos:0.000000,xspeed:-23.930000,yspeed:-3.340000,angle:-11.580000,distense:9.200000,rcs:6.000000
