timestame:1619471253.378000000,objid:1,type:0,xpos:0.000000,ypos:0.000000,xspeed:2.950000,yspeed:2.880000,angle:4.290000,distense:82.000000,rcs:6.000000
timestame:1619471253.378000000,objid:3,type:0,xpos:0.000000,ypos:0.000000,xspeed:-16.590000,yspeed:-0.140000,angle:-6.370000,distense:126.800000,rcs:13.000000
