timestame:1619469775.143000000,objid:1,type:0,xpos:0.000000,ypos:0.000000,xspeed:3.150000,yspeed:3.600000,angle:-9.750000,distense:38.400000,rcs:23.000000
timestame:1619469775.143000000,objid:3,type:0,xpos:0.000000,ypos:0.000000,xspeed:3.330000,yspeed:0.840000,angle:20.670000,distense:20.400000,rcs:23.000000
timestame:1619469775.143000000,objid:4,type:0,xpos:0.000000,ypos:0.000000,xspeed:3.650000,yspeed:-3.660000,angle:20.080000,distense:26.800000,rcs:27.000000
timestame:1619469775.143000000,objid:10,type:0,xpos:0.000000,ypos:0.000000,xspeed:12.500000,yspeed:6.360000,angle:-16.180000,distense:47.400000,rcs:9.000000
