timestame:1619470277.804000000,objid:1,type:0,xpos:0.000000,ypos:0.000000,xspeed:-10.250000,yspeed:0.150000,angle:-5.680000,distense:84.800000,rcs:13.000000
timestame:1619470277.804000000,objid:2,type:0,xpos:0.000000,ypos:0.000000,xspeed:-2.300000,yspeed:0.040000,angle:-7.240000,distense:86.600000,rcs:9.000000
timestame:1619470277.804000000,objid:11,type:0,xpos:0.000000,ypos:0.000000,xspeed:-2.540000,yspeed:-0.390000,angle:-10.460000,distense:71.800000,rcs:20.000000
