timestame:1619470122.553000000,objid:1,type:0,xpos:0.000000,ypos:0.000000,xspeed:7.960000,yspeed:4.550000,angle:19.950000,distense:35.400000,rcs:20.000000
timestame:1619470122.553000000,objid:4,type:0,xpos:0.000000,ypos:0.000000,xspeed:3.110000,yspeed:1.050000,angle:-15.130000,distense:21.600000,rcs:6.000000
timestame:1619470122.553000000,objid:6,type:0,xpos:0.000000,ypos:0.000000,xspeed:5.140000,yspeed:1.510000,angle:21.150000,distense:26.600000,rcs:34.000000
timestame:1619470122.553000000,objid:8,type:0,xpos:0.000000,ypos:0.000000,xspeed:4.000000,yspeed:1.480000,angle:-17.030000,distense:28.600000,rcs:37.000000
