timestame:1619470479.400000000,objid:0,type:0,xpos:0.000000,ypos:0.000000,xspeed:-7.390000,yspeed:-0.330000,angle:-6.760000,distense:100.200000,rcs:24.000000
timestame:1619470479.400000000,objid:2,type:0,xpos:0.000000,ypos:0.000000,xspeed:1.690000,yspeed:-0.460000,angle:11.880000,distense:78.200000,rcs:6.000000
