timestame:1619470105.235000000,objid:1,type:0,xpos:0.000000,ypos:0.000000,xspeed:7.630000,yspeed:2.470000,angle:-17.170000,distense:26.400000,rcs:35.000000
timestame:1619470105.235000000,objid:6,type:0,xpos:0.000000,ypos:0.000000,xspeed:-2.640000,yspeed:-0.140000,angle:16.660000,distense:24.400000,rcs:9.000000
timestame:1619470105.235000000,objid:9,type:0,xpos:0.000000,ypos:0.000000,xspeed:3.770000,yspeed:2.120000,angle:-17.060000,distense:24.600000,rcs:30.000000
timestame:1619470105.235000000,objid:11,type:0,xpos:0.000000,ypos:0.000000,xspeed:1.910000,yspeed:0.560000,angle:13.970000,distense:21.800000,rcs:6.000000
