timestame:1619470344.001000000,objid:6,type:0,xpos:0.000000,ypos:0.000000,xspeed:-1.810000,yspeed:4.840000,angle:-14.220000,distense:35.200000,rcs:13.000000
timestame:1619470344.001000000,objid:9,type:0,xpos:0.000000,ypos:0.000000,xspeed:-6.710000,yspeed:0.000000,angle:-3.040000,distense:122.200000,rcs:12.000000
