timestame:1619470147.452000000,objid:0,type:0,xpos:0.000000,ypos:0.000000,xspeed:2.060000,yspeed:2.640000,angle:-13.040000,distense:40.000000,rcs:16.000000
timestame:1619470147.452000000,objid:1,type:0,xpos:0.000000,ypos:0.000000,xspeed:2.450000,yspeed:0.880000,angle:22.470000,distense:25.600000,rcs:23.000000
timestame:1619470147.452000000,objid:2,type:0,xpos:0.000000,ypos:0.000000,xspeed:3.110000,yspeed:2.110000,angle:22.710000,distense:37.400000,rcs:6.000000
timestame:1619470147.452000000,objid:3,type:0,xpos:0.000000,ypos:0.000000,xspeed:-1.100000,yspeed:-0.040000,angle:-10.140000,distense:73.600000,rcs:12.000000
