timestame:1619470030.589000000,objid:1,type:0,xpos:0.000000,ypos:0.000000,xspeed:5.500000,yspeed:0.510000,angle:2.750000,distense:36.400000,rcs:31.000000
timestame:1619470030.589000000,objid:4,type:0,xpos:0.000000,ypos:0.000000,xspeed:9.650000,yspeed:0.160000,angle:2.230000,distense:61.600000,rcs:22.000000
timestame:1619470030.589000000,objid:5,type:0,xpos:0.000000,ypos:0.000000,xspeed:1.490000,yspeed:-0.100000,angle:-18.000000,distense:56.000000,rcs:13.000000
