timestame:1619471228.694000000,objid:0,type:0,xpos:0.000000,ypos:0.000000,xspeed:6.010000,yspeed:0.540000,angle:2.410000,distense:86.200000,rcs:9.000000
timestame:1619471228.694000000,objid:1,type:0,xpos:0.000000,ypos:0.000000,xspeed:4.140000,yspeed:-4.270000,angle:-18.000000,distense:57.200000,rcs:12.000000
timestame:1619471228.694000000,objid:9,type:0,xpos:0.000000,ypos:0.000000,xspeed:6.090000,yspeed:0.170000,angle:2.200000,distense:77.200000,rcs:39.000000
