timestame:1619470164.325000000,objid:3,type:0,xpos:0.000000,ypos:0.000000,xspeed:5.690000,yspeed:0.540000,angle:7.710000,distense:47.000000,rcs:32.000000
timestame:1619470164.325000000,objid:6,type:0,xpos:0.000000,ypos:0.000000,xspeed:1.250000,yspeed:0.290000,angle:1.560000,distense:21.600000,rcs:27.000000
