timestame:1619471233.912000000,objid:0,type:0,xpos:0.000000,ypos:0.000000,xspeed:7.860000,yspeed:-0.010000,angle:1.500000,distense:124.800000,rcs:6.000000
timestame:1619471233.912000000,objid:9,type:0,xpos:0.000000,ypos:0.000000,xspeed:7.280000,yspeed:0.040000,angle:1.520000,distense:114.800000,rcs:33.000000
