timestame:1619469715.243000000,objid:1,type:0,xpos:0.000000,ypos:0.000000,xspeed:-1.860000,yspeed:7.100000,angle:-12.350000,distense:37.800000,rcs:6.000000
timestame:1619469715.243000000,objid:3,type:0,xpos:0.000000,ypos:0.000000,xspeed:14.270000,yspeed:-1.000000,angle:0.720000,distense:163.200000,rcs:9.000000
