timestame:1619471041.482000000,objid:2,type:0,xpos:0.000000,ypos:0.000000,xspeed:-2.380000,yspeed:-0.990000,angle:-18.000000,distense:34.800000,rcs:19.000000
timestame:1619471041.482000000,objid:6,type:0,xpos:0.000000,ypos:0.000000,xspeed:-3.880000,yspeed:-5.310000,angle:-18.000000,distense:38.000000,rcs:20.000000
timestame:1619471041.482000000,objid:10,type:0,xpos:0.000000,ypos:0.000000,xspeed:-3.540000,yspeed:-10.950000,angle:-18.000000,distense:40.400000,rcs:21.000000
timestame:1619471041.482000000,objid:13,type:0,xpos:0.000000,ypos:0.000000,xspeed:-20.110000,yspeed:0.000000,angle:-11.170000,distense:43.600000,rcs:16.000000
