timestame:1619470014.375000000,objid:0,type:0,xpos:0.000000,ypos:0.000000,xspeed:-2.030000,yspeed:-1.630000,angle:-18.000000,distense:31.800000,rcs:9.000000
timestame:1619470014.375000000,objid:1,type:0,xpos:0.000000,ypos:0.000000,xspeed:-1.220000,yspeed:-3.100000,angle:14.880000,distense:41.000000,rcs:28.000000
timestame:1619470014.375000000,objid:5,type:0,xpos:0.000000,ypos:0.000000,xspeed:-1.060000,yspeed:-1.370000,angle:-13.450000,distense:36.600000,rcs:26.000000
timestame:1619470014.375000000,objid:8,type:0,xpos:0.000000,ypos:0.000000,xspeed:-3.600000,yspeed:0.780000,angle:-0.480000,distense:56.800000,rcs:6.000000
