timestame:1619469891.509000000,objid:2,type:0,xpos:0.000000,ypos:0.000000,xspeed:-4.280000,yspeed:-0.200000,angle:-15.780000,distense:49.800000,rcs:27.000000
timestame:1619469891.509000000,objid:5,type:0,xpos:0.000000,ypos:0.000000,xspeed:-2.930000,yspeed:-0.100000,angle:-18.000000,distense:53.600000,rcs:18.000000
timestame:1619469891.509000000,objid:10,type:0,xpos:0.000000,ypos:0.000000,xspeed:-11.880000,yspeed:7.620000,angle:-3.330000,distense:151.200000,rcs:6.000000
timestame:1619469891.509000000,objid:16,type:0,xpos:0.000000,ypos:0.000000,xspeed:-3.700000,yspeed:-0.220000,angle:-12.400000,distense:62.000000,rcs:16.000000
