timestame:1619469690.874000000,objid:2,type:0,xpos:0.000000,ypos:0.000000,xspeed:1.470000,yspeed:-7.740000,angle:-5.800000,distense:59.000000,rcs:20.000000
timestame:1619469690.874000000,objid:3,type:0,xpos:0.000000,ypos:0.000000,xspeed:4.460000,yspeed:-4.800000,angle:-14.200000,distense:48.400000,rcs:24.000000
timestame:1619469690.874000000,objid:4,type:0,xpos:0.000000,ypos:0.000000,xspeed:2.590000,yspeed:-5.740000,angle:22.200000,distense:47.200000,rcs:20.000000
timestame:1619469690.874000000,objid:13,type:0,xpos:0.000000,ypos:0.000000,xspeed:-1.770000,yspeed:6.810000,angle:7.050000,distense:35.000000,rcs:20.000000
