timestame:1619470479.647000000,objid:0,type:0,xpos:0.000000,ypos:0.000000,xspeed:-7.390000,yspeed:-0.330000,angle:-6.930000,distense:98.400000,rcs:24.000000
timestame:1619470479.647000000,objid:1,type:0,xpos:0.000000,ypos:0.000000,xspeed:-3.690000,yspeed:-0.810000,angle:-6.520000,distense:102.000000,rcs:23.000000
timestame:1619470479.647000000,objid:2,type:0,xpos:0.000000,ypos:0.000000,xspeed:1.750000,yspeed:-0.550000,angle:11.580000,distense:78.600000,rcs:6.000000
