timestame:1619469531.040000000,objid:1,type:0,xpos:0.000000,ypos:0.000000,xspeed:1.890000,yspeed:-4.570000,angle:-18.000000,distense:75.000000,rcs:12.000000
timestame:1619469531.040000000,objid:3,type:0,xpos:0.000000,ypos:0.000000,xspeed:-1.140000,yspeed:-1.750000,angle:-2.350000,distense:11.400000,rcs:34.000000
timestame:1619469531.040000000,objid:7,type:0,xpos:0.000000,ypos:0.000000,xspeed:15.690000,yspeed:1.170000,angle:1.850000,distense:21.000000,rcs:41.000000
