timestame:1619470136.260000000,objid:7,type:0,xpos:0.000000,ypos:0.000000,xspeed:-4.560000,yspeed:-0.140000,angle:-9.480000,distense:77.000000,rcs:15.000000
timestame:1619470136.260000000,objid:8,type:0,xpos:0.000000,ypos:0.000000,xspeed:3.250000,yspeed:3.690000,angle:-8.520000,distense:41.200000,rcs:9.000000
