timestame:1619469878.992000000,objid:2,type:0,xpos:0.000000,ypos:0.000000,xspeed:-2.630000,yspeed:0.000000,angle:-14.940000,distense:38.400000,rcs:28.000000
timestame:1619469878.992000000,objid:3,type:0,xpos:0.000000,ypos:0.000000,xspeed:-4.000000,yspeed:-0.110000,angle:-18.000000,distense:27.000000,rcs:6.000000
timestame:1619469878.992000000,objid:6,type:0,xpos:0.000000,ypos:0.000000,xspeed:-3.950000,yspeed:-2.680000,angle:-18.000000,distense:35.400000,rcs:21.000000
