timestame:1619471260.989000000,objid:2,type:0,xpos:0.000000,ypos:0.000000,xspeed:12.460000,yspeed:0.320000,angle:4.220000,distense:86.600000,rcs:20.000000
timestame:1619471260.989000000,objid:6,type:0,xpos:0.000000,ypos:0.000000,xspeed:12.480000,yspeed:-0.130000,angle:3.820000,distense:98.800000,rcs:16.000000
timestame:1619471260.989000000,objid:10,type:0,xpos:0.000000,ypos:0.000000,xspeed:12.290000,yspeed:0.610000,angle:5.090000,distense:74.400000,rcs:20.000000
