timestame:1619471028.345000000,objid:2,type:0,xpos:0.000000,ypos:0.000000,xspeed:5.600000,yspeed:0.650000,angle:18.650000,distense:26.200000,rcs:19.000000
timestame:1619471028.345000000,objid:3,type:0,xpos:0.000000,ypos:0.000000,xspeed:5.960000,yspeed:2.130000,angle:-12.910000,distense:18.800000,rcs:15.000000
timestame:1619471028.345000000,objid:5,type:0,xpos:0.000000,ypos:0.000000,xspeed:5.070000,yspeed:0.660000,angle:-17.550000,distense:23.800000,rcs:34.000000
