timestame:1619471098.872000000,objid:0,type:0,xpos:0.000000,ypos:0.000000,xspeed:-10.470000,yspeed:4.260000,angle:-18.000000,distense:37.600000,rcs:21.000000
timestame:1619471098.872000000,objid:2,type:0,xpos:0.000000,ypos:0.000000,xspeed:9.390000,yspeed:0.070000,angle:1.210000,distense:114.800000,rcs:27.000000
timestame:1619471098.872000000,objid:3,type:0,xpos:0.000000,ypos:0.000000,xspeed:-17.840000,yspeed:-1.180000,angle:-18.000000,distense:34.000000,rcs:25.000000
