timestame:1619470979.532000000,objid:0,type:0,xpos:0.000000,ypos:0.000000,xspeed:7.310000,yspeed:-0.130000,angle:2.300000,distense:146.200000,rcs:26.000000
timestame:1619470979.532000000,objid:1,type:0,xpos:0.000000,ypos:0.000000,xspeed:-15.860000,yspeed:-0.870000,angle:-4.050000,distense:150.400000,rcs:18.000000
timestame:1619470979.532000000,objid:2,type:0,xpos:0.000000,ypos:0.000000,xspeed:-16.010000,yspeed:-1.180000,angle:-4.770000,distense:149.200000,rcs:19.000000
