timestame:1619469916.577000000,objid:1,type:0,xpos:0.000000,ypos:0.000000,xspeed:5.490000,yspeed:0.010000,angle:1.470000,distense:109.400000,rcs:20.000000
timestame:1619469916.577000000,objid:2,type:0,xpos:0.000000,ypos:0.000000,xspeed:13.640000,yspeed:0.360000,angle:2.410000,distense:216.000000,rcs:25.000000
timestame:1619469916.577000000,objid:8,type:0,xpos:0.000000,ypos:0.000000,xspeed:5.540000,yspeed:0.010000,angle:1.580000,distense:102.600000,rcs:28.000000
