timestame:1619470472.802000000,objid:1,type:0,xpos:0.000000,ypos:0.000000,xspeed:-11.360000,yspeed:0.690000,angle:-3.680000,distense:161.800000,rcs:18.000000
timestame:1619470472.802000000,objid:2,type:0,xpos:0.000000,ypos:0.000000,xspeed:5.380000,yspeed:-12.420000,angle:14.190000,distense:70.200000,rcs:6.000000
