timestame:1619470666.162000000,objid:0,type:0,xpos:0.000000,ypos:0.000000,xspeed:-1.070000,yspeed:0.220000,angle:-9.520000,distense:92.200000,rcs:20.000000
timestame:1619470666.162000000,objid:1,type:0,xpos:0.000000,ypos:0.000000,xspeed:1.330000,yspeed:0.770000,angle:-7.430000,distense:110.200000,rcs:9.000000
timestame:1619470666.162000000,objid:3,type:0,xpos:0.000000,ypos:0.000000,xspeed:-1.270000,yspeed:-0.060000,angle:-8.220000,distense:103.200000,rcs:12.000000
