timestame:1619469758.394000000,objid:1,type:0,xpos:0.000000,ypos:0.000000,xspeed:3.570000,yspeed:5.270000,angle:-11.580000,distense:55.600000,rcs:6.000000
timestame:1619469758.394000000,objid:2,type:0,xpos:0.000000,ypos:0.000000,xspeed:5.010000,yspeed:2.700000,angle:-17.910000,distense:33.200000,rcs:26.000000
timestame:1619469758.394000000,objid:3,type:0,xpos:0.000000,ypos:0.000000,xspeed:5.130000,yspeed:2.660000,angle:-17.010000,distense:44.400000,rcs:13.000000
timestame:1619469758.394000000,objid:6,type:0,xpos:0.000000,ypos:0.000000,xspeed:1.890000,yspeed:5.730000,angle:15.900000,distense:31.000000,rcs:6.000000
