timestame:1619469761.691000000,objid:3,type:0,xpos:0.000000,ypos:0.000000,xspeed:5.750000,yspeed:0.870000,angle:21.550000,distense:19.400000,rcs:19.000000
timestame:1619469761.691000000,objid:5,type:0,xpos:0.000000,ypos:0.000000,xspeed:-19.290000,yspeed:1.870000,angle:-11.270000,distense:83.000000,rcs:20.000000
timestame:1619469761.691000000,objid:6,type:0,xpos:0.000000,ypos:0.000000,xspeed:8.520000,yspeed:8.430000,angle:-15.340000,distense:16.400000,rcs:15.000000
