timestame:1619471229.440000000,objid:0,type:0,xpos:0.000000,ypos:0.000000,xspeed:6.060000,yspeed:0.520000,angle:2.490000,distense:90.800000,rcs:12.000000
timestame:1619471229.440000000,objid:1,type:0,xpos:0.000000,ypos:0.000000,xspeed:3.830000,yspeed:-4.560000,angle:-18.000000,distense:60.600000,rcs:6.000000
timestame:1619471229.440000000,objid:9,type:0,xpos:0.000000,ypos:0.000000,xspeed:6.390000,yspeed:0.110000,angle:2.060000,distense:82.400000,rcs:31.000000
