timestame:1619470767.162000000,objid:0,type:0,xpos:0.000000,ypos:0.000000,xspeed:-11.690000,yspeed:-3.250000,angle:-4.500000,distense:186.400000,rcs:20.000000
timestame:1619470767.162000000,objid:9,type:0,xpos:0.000000,ypos:0.000000,xspeed:7.200000,yspeed:0.220000,angle:2.400000,distense:53.400000,rcs:26.000000
