timestame:1619470329.865000000,objid:0,type:0,xpos:0.000000,ypos:0.000000,xspeed:16.210000,yspeed:-0.410000,angle:0.460000,distense:175.600000,rcs:12.000000
timestame:1619470329.865000000,objid:2,type:0,xpos:0.000000,ypos:0.000000,xspeed:9.650000,yspeed:0.260000,angle:1.000000,distense:200.600000,rcs:23.000000
timestame:1619470329.865000000,objid:4,type:0,xpos:0.000000,ypos:0.000000,xspeed:-1.210000,yspeed:-2.410000,angle:12.720000,distense:67.600000,rcs:6.000000
timestame:1619470329.865000000,objid:5,type:0,xpos:0.000000,ypos:0.000000,xspeed:9.400000,yspeed:0.280000,angle:1.300000,distense:215.000000,rcs:9.000000
