timestame:1619470289.067000000,objid:2,type:0,xpos:0.000000,ypos:0.000000,xspeed:-11.980000,yspeed:-0.170000,angle:-10.920000,distense:81.000000,rcs:25.000000
timestame:1619470289.067000000,objid:5,type:0,xpos:0.000000,ypos:0.000000,xspeed:-5.840000,yspeed:-0.460000,angle:-18.000000,distense:31.600000,rcs:16.000000
timestame:1619470289.067000000,objid:7,type:0,xpos:0.000000,ypos:0.000000,xspeed:-5.850000,yspeed:-0.540000,angle:-18.000000,distense:27.400000,rcs:13.000000
timestame:1619470289.067000000,objid:11,type:0,xpos:0.000000,ypos:0.000000,xspeed:-5.740000,yspeed:-0.320000,angle:-18.000000,distense:22.200000,rcs:6.000000
