timestame:1619470193.752000000,objid:0,type:0,xpos:0.000000,ypos:0.000000,xspeed:-4.170000,yspeed:7.200000,angle:-12.690000,distense:41.000000,rcs:20.000000
timestame:1619470193.752000000,objid:1,type:0,xpos:0.000000,ypos:0.000000,xspeed:1.730000,yspeed:1.080000,angle:6.210000,distense:140.200000,rcs:23.000000
timestame:1619470193.752000000,objid:2,type:0,xpos:0.000000,ypos:0.000000,xspeed:-4.640000,yspeed:5.730000,angle:-11.610000,distense:38.600000,rcs:9.000000
timestame:1619470193.752000000,objid:4,type:0,xpos:0.000000,ypos:0.000000,xspeed:-3.770000,yspeed:7.570000,angle:5.280000,distense:154.200000,rcs:6.000000
