timestame:1619470228.591000000,objid:1,type:0,xpos:0.000000,ypos:0.000000,xspeed:1.850000,yspeed:-1.790000,angle:-7.110000,distense:42.800000,rcs:31.000000
timestame:1619470228.591000000,objid:2,type:0,xpos:0.000000,ypos:0.000000,xspeed:-1.170000,yspeed:-3.440000,angle:-13.250000,distense:41.800000,rcs:34.000000
timestame:1619470228.591000000,objid:8,type:0,xpos:0.000000,ypos:0.000000,xspeed:-1.700000,yspeed:-2.640000,angle:-17.770000,distense:40.000000,rcs:27.000000
timestame:1619470228.591000000,objid:11,type:0,xpos:0.000000,ypos:0.000000,xspeed:-11.100000,yspeed:-6.910000,angle:-4.240000,distense:178.800000,rcs:9.000000
