timestame:1619470876.172000000,objid:4,type:0,xpos:0.000000,ypos:0.000000,xspeed:2.950000,yspeed:0.370000,angle:2.110000,distense:28.000000,rcs:9.000000
timestame:1619470876.172000000,objid:9,type:0,xpos:0.000000,ypos:0.000000,xspeed:1.100000,yspeed:0.230000,angle:3.550000,distense:20.200000,rcs:27.000000
timestame:1619470876.172000000,objid:10,type:0,xpos:0.000000,ypos:0.000000,xspeed:1.620000,yspeed:0.950000,angle:1.790000,distense:38.800000,rcs:6.000000
timestame:1619470876.172000000,objid:14,type:0,xpos:0.000000,ypos:0.000000,xspeed:-6.540000,yspeed:1.730000,angle:-6.340000,distense:105.200000,rcs:9.000000
