timestame:1619471221.087000000,objid:0,type:0,xpos:0.000000,ypos:0.000000,xspeed:1.220000,yspeed:1.010000,angle:1.810000,distense:54.200000,rcs:6.000000
timestame:1619471221.087000000,objid:6,type:0,xpos:0.000000,ypos:0.000000,xspeed:3.790000,yspeed:0.120000,angle:2.170000,distense:54.400000,rcs:16.000000
timestame:1619471221.087000000,objid:9,type:0,xpos:0.000000,ypos:0.000000,xspeed:3.810000,yspeed:0.280000,angle:2.860000,distense:35.600000,rcs:44.000000
timestame:1619471221.087000000,objid:10,type:0,xpos:0.000000,ypos:0.000000,xspeed:3.630000,yspeed:0.360000,angle:1.560000,distense:44.400000,rcs:15.000000
