timestame:1619470484.666000000,objid:1,type:0,xpos:0.000000,ypos:0.000000,xspeed:-3.330000,yspeed:-0.160000,angle:-8.630000,distense:82.200000,rcs:20.000000
timestame:1619470484.666000000,objid:2,type:0,xpos:0.000000,ypos:0.000000,xspeed:1.900000,yspeed:-5.720000,angle:7.980000,distense:62.600000,rcs:18.000000
timestame:1619470484.666000000,objid:5,type:0,xpos:0.000000,ypos:0.000000,xspeed:-3.120000,yspeed:-5.590000,angle:-12.660000,distense:60.400000,rcs:12.000000
