timestame:1619470691.353000000,objid:1,type:0,xpos:0.000000,ypos:0.000000,xspeed:3.040000,yspeed:0.000000,angle:7.440000,distense:32.800000,rcs:28.000000
timestame:1619470691.353000000,objid:2,type:0,xpos:0.000000,ypos:0.000000,xspeed:-1.520000,yspeed:-0.120000,angle:-18.000000,distense:39.400000,rcs:12.000000
timestame:1619470691.353000000,objid:3,type:0,xpos:0.000000,ypos:0.000000,xspeed:-9.740000,yspeed:0.130000,angle:-18.000000,distense:32.400000,rcs:6.000000
timestame:1619470691.353000000,objid:8,type:0,xpos:0.000000,ypos:0.000000,xspeed:-3.290000,yspeed:0.060000,angle:-18.000000,distense:27.600000,rcs:6.000000
