timestame:1619470053.144000000,objid:0,type:0,xpos:0.000000,ypos:0.000000,xspeed:7.670000,yspeed:-0.120000,angle:2.690000,distense:129.600000,rcs:6.000000
timestame:1619470053.144000000,objid:5,type:0,xpos:0.000000,ypos:0.000000,xspeed:8.010000,yspeed:0.050000,angle:3.270000,distense:120.600000,rcs:25.000000
