timestame:1619471076.222000000,objid:0,type:0,xpos:0.000000,ypos:0.000000,xspeed:-9.760000,yspeed:-0.490000,angle:-18.000000,distense:32.000000,rcs:12.000000
timestame:1619471076.222000000,objid:3,type:0,xpos:0.000000,ypos:0.000000,xspeed:-8.810000,yspeed:-0.100000,angle:-8.880000,distense:75.200000,rcs:21.000000
timestame:1619471076.222000000,objid:5,type:0,xpos:0.000000,ypos:0.000000,xspeed:-9.720000,yspeed:-0.220000,angle:-13.800000,distense:54.200000,rcs:16.000000
timestame:1619471076.222000000,objid:6,type:0,xpos:0.000000,ypos:0.000000,xspeed:-5.260000,yspeed:-0.560000,angle:-17.550000,distense:57.600000,rcs:24.000000
