timestame:1619469623.553000000,objid:1,type:0,xpos:0.000000,ypos:0.000000,xspeed:-4.120000,yspeed:-0.100000,angle:-17.140000,distense:56.200000,rcs:20.000000
timestame:1619469623.553000000,objid:2,type:0,xpos:0.000000,ypos:0.000000,xspeed:-3.820000,yspeed:-0.130000,angle:-14.220000,distense:69.400000,rcs:26.000000
timestame:1619469623.553000000,objid:4,type:0,xpos:0.000000,ypos:0.000000,xspeed:-14.120000,yspeed:-0.430000,angle:-11.140000,distense:62.200000,rcs:20.000000
