timestame:1619470104.429000000,objid:6,type:0,xpos:0.000000,ypos:0.000000,xspeed:-2.840000,yspeed:0.020000,angle:15.810000,distense:26.200000,rcs:16.000000
timestame:1619470104.429000000,objid:9,type:0,xpos:0.000000,ypos:0.000000,xspeed:4.440000,yspeed:0.970000,angle:21.530000,distense:21.600000,rcs:18.000000
timestame:1619470104.429000000,objid:11,type:0,xpos:0.000000,ypos:0.000000,xspeed:1.840000,yspeed:0.730000,angle:14.340000,distense:20.200000,rcs:15.000000
