timestame:1619470138.564000000,objid:0,type:0,xpos:0.000000,ypos:0.000000,xspeed:-6.750000,yspeed:-0.250000,angle:12.740000,distense:33.800000,rcs:13.000000
timestame:1619470138.564000000,objid:7,type:0,xpos:0.000000,ypos:0.000000,xspeed:-2.290000,yspeed:-0.340000,angle:-10.580000,distense:73.800000,rcs:6.000000
