timestame:1619471363.520000000,objid:2,type:0,xpos:0.000000,ypos:0.000000,xspeed:6.690000,yspeed:-0.180000,angle:4.230000,distense:94.000000,rcs:20.000000
timestame:1619471363.520000000,objid:4,type:0,xpos:0.000000,ypos:0.000000,xspeed:6.440000,yspeed:0.080000,angle:5.100000,distense:87.400000,rcs:20.000000
timestame:1619471363.520000000,objid:7,type:0,xpos:0.000000,ypos:0.000000,xspeed:10.300000,yspeed:0.130000,angle:1.570000,distense:111.600000,rcs:21.000000
