timestame:1619470796.957000000,objid:5,type:0,xpos:0.000000,ypos:0.000000,xspeed:2.550000,yspeed:-10.820000,angle:-18.000000,distense:71.800000,rcs:9.000000
timestame:1619470796.957000000,objid:6,type:0,xpos:0.000000,ypos:0.000000,xspeed:1.190000,yspeed:-2.680000,angle:-9.640000,distense:42.400000,rcs:38.000000
timestame:1619470796.957000000,objid:12,type:0,xpos:0.000000,ypos:0.000000,xspeed:2.180000,yspeed:-11.010000,angle:-18.000000,distense:67.400000,rcs:9.000000
timestame:1619470796.957000000,objid:15,type:0,xpos:0.000000,ypos:0.000000,xspeed:-4.120000,yspeed:-0.640000,angle:-18.000000,distense:37.000000,rcs:9.000000
