timestame:1619471088.005000000,objid:0,type:0,xpos:0.000000,ypos:0.000000,xspeed:8.730000,yspeed:0.420000,angle:1.780000,distense:71.400000,rcs:25.000000
timestame:1619471088.005000000,objid:1,type:0,xpos:0.000000,ypos:0.000000,xspeed:8.150000,yspeed:0.540000,angle:9.360000,distense:24.800000,rcs:29.000000
timestame:1619471088.005000000,objid:4,type:0,xpos:0.000000,ypos:0.000000,xspeed:-22.760000,yspeed:-1.000000,angle:-7.990000,distense:92.000000,rcs:15.000000
timestame:1619471088.005000000,objid:11,type:0,xpos:0.000000,ypos:0.000000,xspeed:3.700000,yspeed:0.020000,angle:2.070000,distense:29.200000,rcs:38.000000
