timestame:1619470117.194000000,objid:2,type:0,xpos:0.000000,ypos:0.000000,xspeed:-13.990000,yspeed:0.000000,angle:-0.680000,distense:38.000000,rcs:6.000000
timestame:1619470117.194000000,objid:4,type:0,xpos:0.000000,ypos:0.000000,xspeed:1.930000,yspeed:7.540000,angle:0.400000,distense:53.800000,rcs:6.000000
timestame:1619470117.194000000,objid:5,type:0,xpos:0.000000,ypos:0.000000,xspeed:-8.350000,yspeed:-0.430000,angle:15.400000,distense:27.800000,rcs:21.000000
timestame:1619470117.194000000,objid:10,type:0,xpos:0.000000,ypos:0.000000,xspeed:2.850000,yspeed:4.980000,angle:-7.680000,distense:43.400000,rcs:12.000000
