timestame:1619469540.604000000,objid:4,type:0,xpos:0.000000,ypos:0.000000,xspeed:17.810000,yspeed:0.100000,angle:1.240000,distense:176.800000,rcs:22.000000
timestame:1619469540.604000000,objid:7,type:0,xpos:0.000000,ypos:0.000000,xspeed:17.580000,yspeed:0.090000,angle:1.020000,distense:183.600000,rcs:6.000000
