timestame:1619469759.203000000,objid:2,type:0,xpos:0.000000,ypos:0.000000,xspeed:4.640000,yspeed:3.270000,angle:-15.370000,distense:37.800000,rcs:9.000000
timestame:1619469759.203000000,objid:7,type:0,xpos:0.000000,ypos:0.000000,xspeed:8.590000,yspeed:5.080000,angle:-9.780000,distense:51.200000,rcs:6.000000
