timestame:1619469919.059000000,objid:1,type:0,xpos:0.000000,ypos:0.000000,xspeed:5.780000,yspeed:0.000000,angle:1.390000,distense:124.200000,rcs:16.000000
timestame:1619469919.059000000,objid:8,type:0,xpos:0.000000,ypos:0.000000,xspeed:5.760000,yspeed:0.080000,angle:1.520000,distense:117.400000,rcs:24.000000
