timestame:1619471168.757000000,objid:0,type:0,xpos:0.000000,ypos:0.000000,xspeed:-9.350000,yspeed:-0.300000,angle:-5.200000,distense:121.200000,rcs:13.000000
timestame:1619471168.757000000,objid:2,type:0,xpos:0.000000,ypos:0.000000,xspeed:2.810000,yspeed:0.650000,angle:4.360000,distense:15.200000,rcs:25.000000
timestame:1619471168.757000000,objid:6,type:0,xpos:0.000000,ypos:0.000000,xspeed:5.820000,yspeed:0.000000,angle:21.090000,distense:19.600000,rcs:16.000000
timestame:1619471168.757000000,objid:7,type:0,xpos:0.000000,ypos:0.000000,xspeed:6.660000,yspeed:-0.380000,angle:22.780000,distense:15.600000,rcs:24.000000
