timestame:1619470220.586000000,objid:2,type:0,xpos:0.000000,ypos:0.000000,xspeed:2.620000,yspeed:0.000000,angle:21.650000,distense:46.000000,rcs:12.000000
timestame:1619470220.586000000,objid:6,type:0,xpos:0.000000,ypos:0.000000,xspeed:-4.080000,yspeed:5.410000,angle:-18.000000,distense:50.800000,rcs:6.000000
timestame:1619470220.586000000,objid:7,type:0,xpos:0.000000,ypos:0.000000,xspeed:-2.440000,yspeed:9.230000,angle:-14.930000,distense:41.200000,rcs:15.000000
timestame:1619470220.586000000,objid:8,type:0,xpos:0.000000,ypos:0.000000,xspeed:20.390000,yspeed:0.000000,angle:16.540000,distense:59.400000,rcs:6.000000
