timestame:1619471212.782000000,objid:2,type:0,xpos:0.000000,ypos:0.000000,xspeed:6.330000,yspeed:3.250000,angle:21.700000,distense:29.800000,rcs:18.000000
timestame:1619471212.782000000,objid:3,type:0,xpos:0.000000,ypos:0.000000,xspeed:5.300000,yspeed:2.500000,angle:-16.680000,distense:26.400000,rcs:35.000000
timestame:1619471212.782000000,objid:4,type:0,xpos:0.000000,ypos:0.000000,xspeed:-7.690000,yspeed:-0.270000,angle:-18.000000,distense:36.000000,rcs:23.000000
timestame:1619471212.782000000,objid:5,type:0,xpos:0.000000,ypos:0.000000,xspeed:-6.910000,yspeed:-0.550000,angle:-18.000000,distense:34.200000,rcs:9.000000
