timestame:1619470888.178000000,objid:2,type:0,xpos:0.000000,ypos:0.000000,xspeed:-1.190000,yspeed:-2.720000,angle:-18.000000,distense:35.800000,rcs:18.000000
timestame:1619470888.178000000,objid:3,type:0,xpos:0.000000,ypos:0.000000,xspeed:-2.000000,yspeed:-2.850000,angle:-18.000000,distense:33.600000,rcs:9.000000
timestame:1619470888.178000000,objid:10,type:0,xpos:0.000000,ypos:0.000000,xspeed:-1.340000,yspeed:0.250000,angle:-3.630000,distense:38.600000,rcs:33.000000
timestame:1619470888.178000000,objid:19,type:0,xpos:0.000000,ypos:0.000000,xspeed:-1.210000,yspeed:-3.160000,angle:-18.000000,distense:35.800000,rcs:26.000000
