timestame:1619470030.465000000,objid:1,type:0,xpos:0.000000,ypos:0.000000,xspeed:5.410000,yspeed:0.500000,angle:2.690000,distense:35.600000,rcs:39.000000
timestame:1619470030.465000000,objid:4,type:0,xpos:0.000000,ypos:0.000000,xspeed:9.370000,yspeed:0.020000,angle:2.200000,distense:60.200000,rcs:32.000000
timestame:1619470030.465000000,objid:5,type:0,xpos:0.000000,ypos:0.000000,xspeed:2.320000,yspeed:-0.360000,angle:-18.000000,distense:56.200000,rcs:9.000000
