timestame:1619470192.206000000,objid:0,type:0,xpos:0.000000,ypos:0.000000,xspeed:-4.580000,yspeed:6.880000,angle:10.880000,distense:43.000000,rcs:34.000000
timestame:1619470192.206000000,objid:1,type:0,xpos:0.000000,ypos:0.000000,xspeed:2.190000,yspeed:1.670000,angle:5.940000,distense:137.800000,rcs:32.000000
timestame:1619470192.206000000,objid:2,type:0,xpos:0.000000,ypos:0.000000,xspeed:-5.130000,yspeed:5.140000,angle:13.000000,distense:41.200000,rcs:13.000000
