timestame:1619470287.454000000,objid:2,type:0,xpos:0.000000,ypos:0.000000,xspeed:-12.450000,yspeed:-0.100000,angle:-8.640000,distense:99.600000,rcs:20.000000
timestame:1619470287.454000000,objid:5,type:0,xpos:0.000000,ypos:0.000000,xspeed:-5.620000,yspeed:-0.500000,angle:-18.000000,distense:40.000000,rcs:27.000000
timestame:1619470287.454000000,objid:7,type:0,xpos:0.000000,ypos:0.000000,xspeed:-5.330000,yspeed:-0.330000,angle:-18.000000,distense:35.400000,rcs:26.000000
timestame:1619470287.454000000,objid:11,type:0,xpos:0.000000,ypos:0.000000,xspeed:-5.400000,yspeed:-0.340000,angle:-18.000000,distense:29.600000,rcs:16.000000
