timestame:1619471078.394000000,objid:1,type:0,xpos:0.000000,ypos:0.000000,xspeed:-6.760000,yspeed:-0.430000,angle:-18.000000,distense:49.400000,rcs:22.000000
timestame:1619471078.394000000,objid:3,type:0,xpos:0.000000,ypos:0.000000,xspeed:-9.360000,yspeed:-0.240000,angle:-13.060000,distense:54.400000,rcs:26.000000
timestame:1619471078.394000000,objid:5,type:0,xpos:0.000000,ypos:0.000000,xspeed:-10.370000,yspeed:-0.670000,angle:-18.000000,distense:32.600000,rcs:16.000000
timestame:1619471078.394000000,objid:6,type:0,xpos:0.000000,ypos:0.000000,xspeed:-5.560000,yspeed:-0.390000,angle:-18.000000,distense:45.600000,rcs:32.000000
