timestame:1619470640.078000000,objid:2,type:0,xpos:0.000000,ypos:0.000000,xspeed:-5.740000,yspeed:-1.260000,angle:-4.620000,distense:188.400000,rcs:12.000000
timestame:1619470640.078000000,objid:6,type:0,xpos:0.000000,ypos:0.000000,xspeed:-1.380000,yspeed:1.780000,angle:-18.000000,distense:49.600000,rcs:6.000000
timestame:1619470640.078000000,objid:13,type:0,xpos:0.000000,ypos:0.000000,xspeed:-7.580000,yspeed:0.000000,angle:-18.000000,distense:47.400000,rcs:18.000000
