timestame:1619471449.317000000,objid:3,type:0,xpos:0.000000,ypos:0.000000,xspeed:-3.280000,yspeed:-0.150000,angle:-6.120000,distense:106.000000,rcs:12.000000
timestame:1619471449.317000000,objid:11,type:0,xpos:0.000000,ypos:0.000000,xspeed:-2.720000,yspeed:-0.530000,angle:-8.500000,distense:96.800000,rcs:19.000000
timestame:1619471449.317000000,objid:13,type:0,xpos:0.000000,ypos:0.000000,xspeed:-3.460000,yspeed:0.090000,angle:17.760000,distense:44.800000,rcs:16.000000
