timestame:1619469713.133000000,objid:1,type:0,xpos:0.000000,ypos:0.000000,xspeed:-4.180000,yspeed:-1.750000,angle:-18.000000,distense:28.200000,rcs:6.000000
timestame:1619469713.133000000,objid:3,type:0,xpos:0.000000,ypos:0.000000,xspeed:12.710000,yspeed:-1.330000,angle:1.570000,distense:131.800000,rcs:9.000000
timestame:1619469713.133000000,objid:6,type:0,xpos:0.000000,ypos:0.000000,xspeed:-1.510000,yspeed:6.740000,angle:3.100000,distense:37.200000,rcs:28.000000
