timestame:1619470033.385000000,objid:1,type:0,xpos:0.000000,ypos:0.000000,xspeed:8.090000,yspeed:0.310000,angle:2.380000,distense:60.600000,rcs:35.000000
timestame:1619470033.385000000,objid:3,type:0,xpos:0.000000,ypos:0.000000,xspeed:9.550000,yspeed:0.330000,angle:0.890000,distense:24.600000,rcs:37.000000
timestame:1619470033.385000000,objid:4,type:0,xpos:0.000000,ypos:0.000000,xspeed:12.500000,yspeed:0.070000,angle:1.570000,distense:97.600000,rcs:15.000000
timestame:1619470033.385000000,objid:7,type:0,xpos:0.000000,ypos:0.000000,xspeed:1.380000,yspeed:-0.090000,angle:7.370000,distense:23.800000,rcs:25.000000
