timestame:1619470129.429000000,objid:7,type:0,xpos:0.000000,ypos:0.000000,xspeed:-9.500000,yspeed:-0.090000,angle:-5.340000,distense:116.600000,rcs:15.000000
timestame:1619470129.429000000,objid:8,type:0,xpos:0.000000,ypos:0.000000,xspeed:-5.520000,yspeed:0.740000,angle:17.140000,distense:23.400000,rcs:15.000000
timestame:1619470129.429000000,objid:9,type:0,xpos:0.000000,ypos:0.000000,xspeed:5.780000,yspeed:1.550000,angle:22.170000,distense:27.200000,rcs:13.000000
timestame:1619470129.429000000,objid:11,type:0,xpos:0.000000,ypos:0.000000,xspeed:-1.420000,yspeed:2.860000,angle:-18.000000,distense:39.000000,rcs:6.000000
