timestame:1619469787.763000000,objid:1,type:0,xpos:0.000000,ypos:0.000000,xspeed:-16.070000,yspeed:-0.040000,angle:-10.710000,distense:80.400000,rcs:28.000000
timestame:1619469787.763000000,objid:2,type:0,xpos:0.000000,ypos:0.000000,xspeed:16.920000,yspeed:0.290000,angle:1.070000,distense:224.600000,rcs:12.000000
timestame:1619469787.763000000,objid:4,type:0,xpos:0.000000,ypos:0.000000,xspeed:-16.790000,yspeed:-0.640000,angle:-13.530000,distense:71.200000,rcs:25.000000
timestame:1619469787.763000000,objid:10,type:0,xpos:0.000000,ypos:0.000000,xspeed:17.110000,yspeed:0.290000,angle:1.170000,distense:212.600000,rcs:26.000000
