timestame:1619469622.737000000,objid:1,type:0,xpos:0.000000,ypos:0.000000,xspeed:-3.820000,yspeed:0.040000,angle:-15.870000,distense:59.800000,rcs:22.000000
timestame:1619469622.737000000,objid:2,type:0,xpos:0.000000,ypos:0.000000,xspeed:-3.890000,yspeed:-0.150000,angle:-13.620000,distense:72.000000,rcs:27.000000
timestame:1619469622.737000000,objid:4,type:0,xpos:0.000000,ypos:0.000000,xspeed:-14.830000,yspeed:-0.280000,angle:-9.220000,distense:72.000000,rcs:18.000000
