timestame:1619469699.194000000,objid:2,type:0,xpos:0.000000,ypos:0.000000,xspeed:-1.830000,yspeed:-2.310000,angle:-18.000000,distense:41.800000,rcs:18.000000
timestame:1619469699.194000000,objid:5,type:0,xpos:0.000000,ypos:0.000000,xspeed:-3.870000,yspeed:-2.340000,angle:-18.000000,distense:39.200000,rcs:20.000000
timestame:1619469699.194000000,objid:8,type:0,xpos:0.000000,ypos:0.000000,xspeed:3.710000,yspeed:6.360000,angle:-8.360000,distense:46.000000,rcs:21.000000
