timestame:1619470042.978000000,objid:1,type:0,xpos:0.000000,ypos:0.000000,xspeed:13.060000,yspeed:0.000000,angle:1.050000,distense:172.400000,rcs:9.000000
timestame:1619470042.978000000,objid:3,type:0,xpos:0.000000,ypos:0.000000,xspeed:13.700000,yspeed:0.070000,angle:1.350000,distense:146.600000,rcs:19.000000
timestame:1619470042.978000000,objid:4,type:0,xpos:0.000000,ypos:0.000000,xspeed:8.390000,yspeed:0.330000,angle:4.290000,distense:64.200000,rcs:6.000000
timestame:1619470042.978000000,objid:5,type:0,xpos:0.000000,ypos:0.000000,xspeed:4.850000,yspeed:0.270000,angle:5.990000,distense:47.600000,rcs:36.000000
