timestame:1619471368.191000000,objid:1,type:0,xpos:0.000000,ypos:0.000000,xspeed:7.830000,yspeed:0.080000,angle:3.110000,distense:125.800000,rcs:21.000000
timestame:1619471368.191000000,objid:7,type:0,xpos:0.000000,ypos:0.000000,xspeed:11.590000,yspeed:0.160000,angle:1.490000,distense:167.000000,rcs:19.000000
