timestame:1619469916.080000000,objid:1,type:0,xpos:0.000000,ypos:0.000000,xspeed:5.460000,yspeed:0.120000,angle:1.630000,distense:106.800000,rcs:16.000000
timestame:1619469916.080000000,objid:2,type:0,xpos:0.000000,ypos:0.000000,xspeed:13.590000,yspeed:0.310000,angle:2.410000,distense:209.200000,rcs:31.000000
timestame:1619469916.080000000,objid:8,type:0,xpos:0.000000,ypos:0.000000,xspeed:5.420000,yspeed:0.040000,angle:1.660000,distense:99.800000,rcs:27.000000
