timestame:1619471251.587000000,objid:1,type:0,xpos:0.000000,ypos:0.000000,xspeed:1.830000,yspeed:2.880000,angle:0.720000,distense:75.600000,rcs:15.000000
timestame:1619471251.587000000,objid:3,type:0,xpos:0.000000,ypos:0.000000,xspeed:-17.670000,yspeed:-1.120000,angle:-5.400000,distense:155.000000,rcs:9.000000
