timestame:1619471150.205000000,objid:1,type:0,xpos:0.000000,ypos:0.000000,xspeed:-1.260000,yspeed:5.980000,angle:-12.080000,distense:42.200000,rcs:6.000000
timestame:1619471150.205000000,objid:2,type:0,xpos:0.000000,ypos:0.000000,xspeed:-1.660000,yspeed:0.560000,angle:-13.740000,distense:43.600000,rcs:15.000000
timestame:1619471150.205000000,objid:3,type:0,xpos:0.000000,ypos:0.000000,xspeed:11.410000,yspeed:-4.960000,angle:-17.610000,distense:53.000000,rcs:13.000000
