timestame:1619469931.954000000,objid:0,type:0,xpos:0.000000,ypos:0.000000,xspeed:-1.180000,yspeed:2.750000,angle:-18.000000,distense:38.000000,rcs:9.000000
timestame:1619469931.954000000,objid:1,type:0,xpos:0.000000,ypos:0.000000,xspeed:8.290000,yspeed:0.360000,angle:1.600000,distense:215.200000,rcs:13.000000
timestame:1619469931.954000000,objid:8,type:0,xpos:0.000000,ypos:0.000000,xspeed:8.240000,yspeed:0.420000,angle:1.450000,distense:208.400000,rcs:20.000000
