timestame:1619469948.794000000,objid:4,type:0,xpos:0.000000,ypos:0.000000,xspeed:2.200000,yspeed:-4.710000,angle:8.390000,distense:53.200000,rcs:25.000000
timestame:1619469948.794000000,objid:6,type:0,xpos:0.000000,ypos:0.000000,xspeed:4.100000,yspeed:-8.390000,angle:8.420000,distense:169.400000,rcs:16.000000
timestame:1619469948.794000000,objid:8,type:0,xpos:0.000000,ypos:0.000000,xspeed:-1.850000,yspeed:6.810000,angle:-17.200000,distense:46.400000,rcs:16.000000
