timestame:1619471085.782000000,objid:0,type:0,xpos:0.000000,ypos:0.000000,xspeed:8.520000,yspeed:0.390000,angle:1.440000,distense:52.000000,rcs:31.000000
timestame:1619471085.782000000,objid:11,type:0,xpos:0.000000,ypos:0.000000,xspeed:2.080000,yspeed:-0.050000,angle:1.950000,distense:19.600000,rcs:44.000000
