timestame:1619471237.330000000,objid:0,type:0,xpos:0.000000,ypos:0.000000,xspeed:8.070000,yspeed:-0.010000,angle:1.210000,distense:152.600000,rcs:6.000000
timestame:1619471237.330000000,objid:9,type:0,xpos:0.000000,ypos:0.000000,xspeed:8.460000,yspeed:-0.040000,angle:1.220000,distense:143.600000,rcs:20.000000
