timestame:1619470563.883000000,objid:1,type:0,xpos:0.000000,ypos:0.000000,xspeed:6.860000,yspeed:-0.430000,angle:3.320000,distense:208.200000,rcs:21.000000
timestame:1619470563.883000000,objid:2,type:0,xpos:0.000000,ypos:0.000000,xspeed:-14.210000,yspeed:-3.320000,angle:2.560000,distense:7.800000,rcs:9.000000
timestame:1619470563.883000000,objid:3,type:0,xpos:0.000000,ypos:0.000000,xspeed:11.010000,yspeed:0.100000,angle:1.480000,distense:104.200000,rcs:20.000000
timestame:1619470563.883000000,objid:6,type:0,xpos:0.000000,ypos:0.000000,xspeed:-5.590000,yspeed:0.370000,angle:-18.000000,distense:39.200000,rcs:6.000000
