timestame:1619471097.323000000,objid:2,type:0,xpos:0.000000,ypos:0.000000,xspeed:8.530000,yspeed:-0.020000,angle:1.260000,distense:99.200000,rcs:32.000000
timestame:1619471097.323000000,objid:3,type:0,xpos:0.000000,ypos:0.000000,xspeed:-18.080000,yspeed:-1.220000,angle:-12.610000,distense:59.600000,rcs:24.000000
