timestame:1619471124.799000000,objid:0,type:0,xpos:0.000000,ypos:0.000000,xspeed:-1.720000,yspeed:3.320000,angle:16.680000,distense:40.200000,rcs:21.000000
timestame:1619471124.799000000,objid:1,type:0,xpos:0.000000,ypos:0.000000,xspeed:-4.720000,yspeed:4.840000,angle:16.450000,distense:38.400000,rcs:18.000000
timestame:1619471124.799000000,objid:2,type:0,xpos:0.000000,ypos:0.000000,xspeed:-1.090000,yspeed:6.020000,angle:19.880000,distense:40.000000,rcs:24.000000
