timestame:1619470104.177000000,objid:3,type:0,xpos:0.000000,ypos:0.000000,xspeed:2.470000,yspeed:-13.740000,angle:-18.000000,distense:69.400000,rcs:6.000000
timestame:1619470104.177000000,objid:6,type:0,xpos:0.000000,ypos:0.000000,xspeed:-1.960000,yspeed:-0.420000,angle:14.870000,distense:27.400000,rcs:19.000000
timestame:1619470104.177000000,objid:9,type:0,xpos:0.000000,ypos:0.000000,xspeed:5.270000,yspeed:-0.220000,angle:20.690000,distense:21.000000,rcs:13.000000
timestame:1619470104.177000000,objid:11,type:0,xpos:0.000000,ypos:0.000000,xspeed:1.910000,yspeed:0.740000,angle:14.110000,distense:19.800000,rcs:12.000000
