timestame:1619470444.875000000,objid:1,type:0,xpos:0.000000,ypos:0.000000,xspeed:17.420000,yspeed:0.280000,angle:1.610000,distense:141.800000,rcs:13.000000
timestame:1619470444.875000000,objid:2,type:0,xpos:0.000000,ypos:0.000000,xspeed:4.340000,yspeed:-0.040000,angle:7.790000,distense:95.000000,rcs:24.000000
