timestame:1619469822.604000000,objid:2,type:0,xpos:0.000000,ypos:0.000000,xspeed:-1.490000,yspeed:-4.800000,angle:-10.690000,distense:42.000000,rcs:27.000000
timestame:1619469822.604000000,objid:11,type:0,xpos:0.000000,ypos:0.000000,xspeed:-4.390000,yspeed:0.500000,angle:-5.770000,distense:136.600000,rcs:12.000000
