timestame:1619470936.894000000,objid:6,type:0,xpos:0.000000,ypos:0.000000,xspeed:16.310000,yspeed:0.000000,angle:-9.440000,distense:96.400000,rcs:19.000000
timestame:1619470936.894000000,objid:7,type:0,xpos:0.000000,ypos:0.000000,xspeed:-1.090000,yspeed:-0.060000,angle:-11.440000,distense:79.600000,rcs:18.000000
timestame:1619470936.894000000,objid:10,type:0,xpos:0.000000,ypos:0.000000,xspeed:-3.510000,yspeed:-2.320000,angle:-9.180000,distense:79.000000,rcs:15.000000
timestame:1619470936.894000000,objid:12,type:0,xpos:0.000000,ypos:0.000000,xspeed:-1.040000,yspeed:-2.430000,angle:9.310000,distense:21.400000,rcs:26.000000
