timestame:1619470045.022000000,objid:0,type:0,xpos:0.000000,ypos:0.000000,xspeed:6.090000,yspeed:-0.270000,angle:4.690000,distense:70.800000,rcs:15.000000
timestame:1619470045.022000000,objid:3,type:0,xpos:0.000000,ypos:0.000000,xspeed:14.260000,yspeed:0.100000,angle:1.240000,distense:176.400000,rcs:12.000000
timestame:1619470045.022000000,objid:5,type:0,xpos:0.000000,ypos:0.000000,xspeed:5.910000,yspeed:0.410000,angle:5.860000,distense:60.800000,rcs:31.000000
