timestame:1619470779.077000000,objid:0,type:0,xpos:0.000000,ypos:0.000000,xspeed:-2.490000,yspeed:-16.170000,angle:18.370000,distense:43.600000,rcs:28.000000
timestame:1619470779.077000000,objid:4,type:0,xpos:0.000000,ypos:0.000000,xspeed:-1.630000,yspeed:-0.660000,angle:-2.520000,distense:47.400000,rcs:6.000000
timestame:1619470779.077000000,objid:6,type:0,xpos:0.000000,ypos:0.000000,xspeed:-2.040000,yspeed:0.000000,angle:-14.310000,distense:49.800000,rcs:20.000000
timestame:1619470779.077000000,objid:7,type:0,xpos:0.000000,ypos:0.000000,xspeed:-22.440000,yspeed:0.000000,angle:-11.070000,distense:84.200000,rcs:22.000000
