timestame:1619470237.503000000,objid:3,type:0,xpos:0.000000,ypos:0.000000,xspeed:-1.790000,yspeed:-3.640000,angle:-18.000000,distense:40.600000,rcs:20.000000
timestame:1619470237.503000000,objid:11,type:0,xpos:0.000000,ypos:0.000000,xspeed:-4.800000,yspeed:0.120000,angle:-4.910000,distense:123.800000,rcs:18.000000
timestame:1619470237.503000000,objid:14,type:0,xpos:0.000000,ypos:0.000000,xspeed:3.360000,yspeed:3.440000,angle:-18.000000,distense:37.000000,rcs:20.000000
