timestame:1619469558.236000000,objid:1,type:0,xpos:0.000000,ypos:0.000000,xspeed:5.910000,yspeed:-9.300000,angle:19.730000,distense:42.800000,rcs:6.000000
timestame:1619469558.236000000,objid:5,type:0,xpos:0.000000,ypos:0.000000,xspeed:-1.800000,yspeed:6.990000,angle:22.890000,distense:41.200000,rcs:6.000000
timestame:1619469558.236000000,objid:9,type:0,xpos:0.000000,ypos:0.000000,xspeed:-1.810000,yspeed:8.380000,angle:-17.720000,distense:41.400000,rcs:6.000000
timestame:1619469558.236000000,objid:10,type:0,xpos:0.000000,ypos:0.000000,xspeed:1.580000,yspeed:-5.370000,angle:-6.840000,distense:53.200000,rcs:9.000000
