timestame:1619469533.902000000,objid:4,type:0,xpos:0.000000,ypos:0.000000,xspeed:16.310000,yspeed:0.770000,angle:2.570000,distense:60.200000,rcs:38.000000
timestame:1619469533.902000000,objid:7,type:0,xpos:0.000000,ypos:0.000000,xspeed:16.600000,yspeed:0.720000,angle:2.020000,distense:68.400000,rcs:24.000000
