timestame:1619470797.699000000,objid:3,type:0,xpos:0.000000,ypos:0.000000,xspeed:3.020000,yspeed:-13.130000,angle:-14.700000,distense:64.600000,rcs:13.000000
timestame:1619470797.699000000,objid:5,type:0,xpos:0.000000,ypos:0.000000,xspeed:-3.140000,yspeed:5.410000,angle:20.230000,distense:45.000000,rcs:30.000000
timestame:1619470797.699000000,objid:12,type:0,xpos:0.000000,ypos:0.000000,xspeed:2.320000,yspeed:-10.830000,angle:-18.000000,distense:73.000000,rcs:6.000000
timestame:1619470797.699000000,objid:15,type:0,xpos:0.000000,ypos:0.000000,xspeed:-1.840000,yspeed:-1.580000,angle:-18.000000,distense:37.400000,rcs:26.000000
