timestame:1619470940.788000000,objid:1,type:0,xpos:0.000000,ypos:0.000000,xspeed:-4.480000,yspeed:0.100000,angle:-14.320000,distense:64.200000,rcs:19.000000
timestame:1619470940.788000000,objid:5,type:0,xpos:0.000000,ypos:0.000000,xspeed:-4.700000,yspeed:0.440000,angle:-14.290000,distense:67.800000,rcs:16.000000
timestame:1619470940.788000000,objid:10,type:0,xpos:0.000000,ypos:0.000000,xspeed:-4.250000,yspeed:0.280000,angle:-10.880000,distense:65.400000,rcs:20.000000
