timestame:1619470344.685000000,objid:1,type:0,xpos:0.000000,ypos:0.000000,xspeed:-2.040000,yspeed:0.000000,angle:-11.470000,distense:49.400000,rcs:16.000000
timestame:1619470344.685000000,objid:6,type:0,xpos:0.000000,ypos:0.000000,xspeed:-1.630000,yspeed:4.920000,angle:-8.600000,distense:33.600000,rcs:20.000000
timestame:1619470344.685000000,objid:9,type:0,xpos:0.000000,ypos:0.000000,xspeed:-6.620000,yspeed:-3.800000,angle:-4.510000,distense:117.400000,rcs:9.000000
timestame:1619470344.685000000,objid:14,type:0,xpos:0.000000,ypos:0.000000,xspeed:4.480000,yspeed:4.230000,angle:20.120000,distense:56.400000,rcs:12.000000
