timestame:1619470463.144000000,objid:0,type:0,xpos:0.000000,ypos:0.000000,xspeed:-14.350000,yspeed:-0.640000,angle:-11.780000,distense:62.800000,rcs:24.000000
timestame:1619470463.144000000,objid:2,type:0,xpos:0.000000,ypos:0.000000,xspeed:6.080000,yspeed:0.070000,angle:3.140000,distense:194.000000,rcs:13.000000
