timestame:1619469632.563000000,objid:1,type:0,xpos:0.000000,ypos:0.000000,xspeed:-16.830000,yspeed:-10.820000,angle:-14.800000,distense:12.400000,rcs:13.000000
timestame:1619469632.563000000,objid:6,type:0,xpos:0.000000,ypos:0.000000,xspeed:-9.180000,yspeed:-0.050000,angle:-7.530000,distense:62.800000,rcs:26.000000
timestame:1619469632.563000000,objid:7,type:0,xpos:0.000000,ypos:0.000000,xspeed:-6.940000,yspeed:-0.670000,angle:-18.000000,distense:28.200000,rcs:6.000000
