timestame:1619471270.025000000,objid:2,type:0,xpos:0.000000,ypos:0.000000,xspeed:13.960000,yspeed:0.250000,angle:2.030000,distense:208.600000,rcs:15.000000
timestame:1619471270.025000000,objid:10,type:0,xpos:0.000000,ypos:0.000000,xspeed:14.000000,yspeed:0.030000,angle:1.810000,distense:196.200000,rcs:28.000000
