timestame:1619470570.505000000,objid:1,type:0,xpos:0.000000,ypos:0.000000,xspeed:3.480000,yspeed:3.230000,angle:-10.950000,distense:41.600000,rcs:13.000000
timestame:1619470570.505000000,objid:3,type:0,xpos:0.000000,ypos:0.000000,xspeed:15.410000,yspeed:0.260000,angle:1.110000,distense:205.400000,rcs:18.000000
timestame:1619470570.505000000,objid:5,type:0,xpos:0.000000,ypos:0.000000,xspeed:-1.110000,yspeed:-0.330000,angle:-3.100000,distense:41.200000,rcs:9.000000
