timestame:1619470738.406000000,objid:0,type:0,xpos:0.000000,ypos:0.000000,xspeed:-16.280000,yspeed:-1.320000,angle:-5.060000,distense:140.800000,rcs:9.000000
timestame:1619470738.406000000,objid:1,type:0,xpos:0.000000,ypos:0.000000,xspeed:11.910000,yspeed:-0.150000,angle:1.050000,distense:127.400000,rcs:6.000000
timestame:1619470738.406000000,objid:3,type:0,xpos:0.000000,ypos:0.000000,xspeed:-1.380000,yspeed:5.890000,angle:-12.380000,distense:46.800000,rcs:18.000000
timestame:1619470738.406000000,objid:6,type:0,xpos:0.000000,ypos:0.000000,xspeed:12.150000,yspeed:0.130000,angle:1.450000,distense:117.200000,rcs:30.000000
