timestame:1619470293.221000000,objid:0,type:0,xpos:0.000000,ypos:0.000000,xspeed:1.030000,yspeed:0.040000,angle:5.820000,distense:18.800000,rcs:31.000000
timestame:1619470293.221000000,objid:1,type:0,xpos:0.000000,ypos:0.000000,xspeed:-1.740000,yspeed:0.200000,angle:6.690000,distense:10.600000,rcs:12.000000
timestame:1619470293.221000000,objid:2,type:0,xpos:0.000000,ypos:0.000000,xspeed:-12.380000,yspeed:-0.650000,angle:-18.000000,distense:33.800000,rcs:9.000000
