timestame:1619470192.144000000,objid:0,type:0,xpos:0.000000,ypos:0.000000,xspeed:-4.670000,yspeed:6.900000,angle:10.320000,distense:43.200000,rcs:27.000000
timestame:1619470192.144000000,objid:1,type:0,xpos:0.000000,ypos:0.000000,xspeed:2.180000,yspeed:1.690000,angle:5.910000,distense:137.600000,rcs:22.000000
timestame:1619470192.144000000,objid:2,type:0,xpos:0.000000,ypos:0.000000,xspeed:-5.170000,yspeed:5.320000,angle:12.900000,distense:41.600000,rcs:32.000000
