timestame:1619469926.132000000,objid:1,type:0,xpos:0.000000,ypos:0.000000,xspeed:6.710000,yspeed:0.220000,angle:1.510000,distense:168.800000,rcs:6.000000
timestame:1619469926.132000000,objid:8,type:0,xpos:0.000000,ypos:0.000000,xspeed:6.670000,yspeed:0.090000,angle:1.290000,distense:161.800000,rcs:13.000000
