timestame:1619471253.501000000,objid:1,type:0,xpos:0.000000,ypos:0.000000,xspeed:3.050000,yspeed:2.830000,angle:4.430000,distense:82.400000,rcs:6.000000
timestame:1619471253.501000000,objid:3,type:0,xpos:0.000000,ypos:0.000000,xspeed:-16.580000,yspeed:-0.280000,angle:-6.620000,distense:124.800000,rcs:13.000000
