timestame:1619470482.566000000,objid:1,type:0,xpos:0.000000,ypos:0.000000,xspeed:-4.190000,yspeed:-0.160000,angle:-7.730000,distense:88.600000,rcs:27.000000
timestame:1619470482.566000000,objid:2,type:0,xpos:0.000000,ypos:0.000000,xspeed:1.700000,yspeed:-0.130000,angle:10.860000,distense:83.400000,rcs:6.000000
timestame:1619470482.566000000,objid:3,type:0,xpos:0.000000,ypos:0.000000,xspeed:2.970000,yspeed:-2.480000,angle:20.350000,distense:45.200000,rcs:33.000000
