timestame:1619470045.823000000,objid:0,type:0,xpos:0.000000,ypos:0.000000,xspeed:6.510000,yspeed:-0.090000,angle:4.430000,distense:76.400000,rcs:12.000000
timestame:1619470045.823000000,objid:3,type:0,xpos:0.000000,ypos:0.000000,xspeed:14.530000,yspeed:0.140000,angle:1.230000,distense:188.200000,rcs:16.000000
timestame:1619470045.823000000,objid:5,type:0,xpos:0.000000,ypos:0.000000,xspeed:6.330000,yspeed:0.300000,angle:5.420000,distense:66.400000,rcs:31.000000
