timestame:1619471307.652000000,objid:0,type:0,xpos:0.000000,ypos:0.000000,xspeed:3.630000,yspeed:0.430000,angle:17.950000,distense:27.400000,rcs:18.000000
timestame:1619471307.652000000,objid:2,type:0,xpos:0.000000,ypos:0.000000,xspeed:4.610000,yspeed:1.500000,angle:-17.610000,distense:26.400000,rcs:13.000000
