timestame:1619470778.830000000,objid:0,type:0,xpos:0.000000,ypos:0.000000,xspeed:-2.040000,yspeed:0.000000,angle:-17.590000,distense:45.800000,rcs:25.000000
timestame:1619470778.830000000,objid:4,type:0,xpos:0.000000,ypos:0.000000,xspeed:-1.300000,yspeed:-1.170000,angle:-3.230000,distense:47.800000,rcs:16.000000
timestame:1619470778.830000000,objid:10,type:0,xpos:0.000000,ypos:0.000000,xspeed:2.400000,yspeed:-6.460000,angle:16.420000,distense:61.000000,rcs:9.000000
