timestame:1619469535.144000000,objid:4,type:0,xpos:0.000000,ypos:0.000000,xspeed:16.440000,yspeed:0.600000,angle:2.310000,distense:81.200000,rcs:34.000000
timestame:1619469535.144000000,objid:7,type:0,xpos:0.000000,ypos:0.000000,xspeed:16.500000,yspeed:0.510000,angle:1.830000,distense:89.000000,rcs:20.000000
