timestame:1619470701.317000000,objid:0,type:0,xpos:0.000000,ypos:0.000000,xspeed:5.640000,yspeed:2.020000,angle:18.770000,distense:24.600000,rcs:24.000000
timestame:1619470701.317000000,objid:1,type:0,xpos:0.000000,ypos:0.000000,xspeed:9.580000,yspeed:0.120000,angle:3.690000,distense:109.800000,rcs:12.000000
timestame:1619470701.317000000,objid:2,type:0,xpos:0.000000,ypos:0.000000,xspeed:-8.900000,yspeed:0.370000,angle:-11.620000,distense:93.800000,rcs:15.000000
