timestame:1619471407.700000000,objid:5,type:0,xpos:0.000000,ypos:0.000000,xspeed:-1.640000,yspeed:5.310000,angle:21.710000,distense:40.800000,rcs:9.000000
timestame:1619471407.700000000,objid:7,type:0,xpos:0.000000,ypos:0.000000,xspeed:-1.240000,yspeed:-3.370000,angle:-7.300000,distense:42.000000,rcs:28.000000
timestame:1619471407.700000000,objid:11,type:0,xpos:0.000000,ypos:0.000000,xspeed:-13.700000,yspeed:-11.300000,angle:-0.740000,distense:135.600000,rcs:6.000000
timestame:1619471407.700000000,objid:12,type:0,xpos:0.000000,ypos:0.000000,xspeed:-10.200000,yspeed:0.000000,angle:-3.430000,distense:209.600000,rcs:12.000000
