timestame:1619471233.044000000,objid:0,type:0,xpos:0.000000,ypos:0.000000,xspeed:7.180000,yspeed:-0.100000,angle:1.510000,distense:116.800000,rcs:9.000000
timestame:1619471233.044000000,objid:9,type:0,xpos:0.000000,ypos:0.000000,xspeed:7.000000,yspeed:0.040000,angle:1.590000,distense:107.800000,rcs:29.000000
