timestame:1619470213.212000000,objid:1,type:0,xpos:0.000000,ypos:0.000000,xspeed:-1.880000,yspeed:8.730000,angle:-10.010000,distense:42.000000,rcs:6.000000
timestame:1619470213.212000000,objid:2,type:0,xpos:0.000000,ypos:0.000000,xspeed:-2.260000,yspeed:8.140000,angle:-6.690000,distense:41.000000,rcs:13.000000
timestame:1619470213.212000000,objid:5,type:0,xpos:0.000000,ypos:0.000000,xspeed:-1.830000,yspeed:-7.640000,angle:-8.300000,distense:48.600000,rcs:15.000000
