timestame:1619469538.252000000,objid:4,type:0,xpos:0.000000,ypos:0.000000,xspeed:17.050000,yspeed:0.310000,angle:1.670000,distense:134.600000,rcs:12.000000
timestame:1619469538.252000000,objid:7,type:0,xpos:0.000000,ypos:0.000000,xspeed:17.040000,yspeed:0.210000,angle:1.310000,distense:142.000000,rcs:12.000000
