timestame:1619470913.983000000,objid:0,type:0,xpos:0.000000,ypos:0.000000,xspeed:5.170000,yspeed:3.080000,angle:-16.460000,distense:35.000000,rcs:28.000000
timestame:1619470913.983000000,objid:3,type:0,xpos:0.000000,ypos:0.000000,xspeed:-12.800000,yspeed:5.350000,angle:-4.000000,distense:38.800000,rcs:6.000000
timestame:1619470913.983000000,objid:7,type:0,xpos:0.000000,ypos:0.000000,xspeed:4.580000,yspeed:2.950000,angle:-15.990000,distense:47.200000,rcs:6.000000
timestame:1619470913.983000000,objid:10,type:0,xpos:0.000000,ypos:0.000000,xspeed:5.540000,yspeed:3.240000,angle:-17.090000,distense:41.400000,rcs:6.000000
