timestame:1619469743.422000000,objid:1,type:0,xpos:0.000000,ypos:0.000000,xspeed:-2.560000,yspeed:9.200000,angle:16.640000,distense:40.800000,rcs:6.000000
timestame:1619469743.422000000,objid:2,type:0,xpos:0.000000,ypos:0.000000,xspeed:1.870000,yspeed:9.480000,angle:17.780000,distense:42.000000,rcs:29.000000
