timestame:1619470767.593000000,objid:0,type:0,xpos:0.000000,ypos:0.000000,xspeed:-11.590000,yspeed:-2.440000,angle:-4.760000,distense:181.600000,rcs:20.000000
timestame:1619470767.593000000,objid:9,type:0,xpos:0.000000,ypos:0.000000,xspeed:7.350000,yspeed:0.230000,angle:2.370000,distense:56.600000,rcs:35.000000
