timestame:1619470946.685000000,objid:1,type:0,xpos:0.000000,ypos:0.000000,xspeed:-7.740000,yspeed:-0.380000,angle:-18.000000,distense:25.000000,rcs:6.000000
timestame:1619470946.685000000,objid:5,type:0,xpos:0.000000,ypos:0.000000,xspeed:-6.650000,yspeed:-0.560000,angle:-18.000000,distense:33.800000,rcs:6.000000
timestame:1619470946.685000000,objid:7,type:0,xpos:0.000000,ypos:0.000000,xspeed:-6.270000,yspeed:-0.270000,angle:-18.000000,distense:31.800000,rcs:6.000000
