timestame:1619469855.051000000,objid:0,type:0,xpos:0.000000,ypos:0.000000,xspeed:3.520000,yspeed:-4.000000,angle:-0.420000,distense:52.000000,rcs:6.000000
timestame:1619469855.051000000,objid:4,type:0,xpos:0.000000,ypos:0.000000,xspeed:-8.840000,yspeed:2.140000,angle:-7.150000,distense:47.800000,rcs:9.000000
timestame:1619469855.051000000,objid:8,type:0,xpos:0.000000,ypos:0.000000,xspeed:17.190000,yspeed:0.000000,angle:-4.720000,distense:68.400000,rcs:16.000000
timestame:1619469855.051000000,objid:10,type:0,xpos:0.000000,ypos:0.000000,xspeed:-11.390000,yspeed:-0.160000,angle:-4.730000,distense:139.600000,rcs:9.000000
