timestame:1619470561.770000000,objid:0,type:0,xpos:0.000000,ypos:0.000000,xspeed:5.570000,yspeed:-0.440000,angle:2.500000,distense:201.200000,rcs:9.000000
timestame:1619470561.770000000,objid:1,type:0,xpos:0.000000,ypos:0.000000,xspeed:5.900000,yspeed:-0.320000,angle:3.990000,distense:193.000000,rcs:20.000000
timestame:1619470561.770000000,objid:2,type:0,xpos:0.000000,ypos:0.000000,xspeed:9.540000,yspeed:-0.520000,angle:3.000000,distense:209.600000,rcs:12.000000
timestame:1619470561.770000000,objid:3,type:0,xpos:0.000000,ypos:0.000000,xspeed:9.570000,yspeed:0.320000,angle:1.960000,distense:80.000000,rcs:34.000000
