timestame:1619470026.886000000,objid:1,type:0,xpos:0.000000,ypos:0.000000,xspeed:3.980000,yspeed:0.580000,angle:-0.410000,distense:16.400000,rcs:20.000000
timestame:1619470026.886000000,objid:2,type:0,xpos:0.000000,ypos:0.000000,xspeed:6.010000,yspeed:0.400000,angle:2.440000,distense:30.800000,rcs:35.000000
