timestame:1619469556.621000000,objid:2,type:0,xpos:0.000000,ypos:0.000000,xspeed:-1.040000,yspeed:4.840000,angle:-13.260000,distense:37.800000,rcs:20.000000
timestame:1619469556.621000000,objid:4,type:0,xpos:0.000000,ypos:0.000000,xspeed:-1.720000,yspeed:6.470000,angle:1.510000,distense:41.400000,rcs:27.000000
timestame:1619469556.621000000,objid:5,type:0,xpos:0.000000,ypos:0.000000,xspeed:-2.770000,yspeed:8.440000,angle:7.240000,distense:40.600000,rcs:24.000000
timestame:1619469556.621000000,objid:10,type:0,xpos:0.000000,ypos:0.000000,xspeed:1.290000,yspeed:-4.540000,angle:3.840000,distense:50.200000,rcs:16.000000
