timestame:1619470593.675000000,objid:0,type:0,xpos:0.000000,ypos:0.000000,xspeed:-14.500000,yspeed:-0.640000,angle:-18.000000,distense:26.000000,rcs:6.000000
timestame:1619470593.675000000,objid:5,type:0,xpos:0.000000,ypos:0.000000,xspeed:8.330000,yspeed:2.180000,angle:-17.370000,distense:28.600000,rcs:38.000000
timestame:1619470593.675000000,objid:6,type:0,xpos:0.000000,ypos:0.000000,xspeed:6.620000,yspeed:2.110000,angle:19.910000,distense:28.000000,rcs:36.000000
