timestame:1619471037.707000000,objid:0,type:0,xpos:0.000000,ypos:0.000000,xspeed:3.660000,yspeed:-10.880000,angle:-15.110000,distense:46.200000,rcs:28.000000
timestame:1619471037.707000000,objid:2,type:0,xpos:0.000000,ypos:0.000000,xspeed:-1.850000,yspeed:-2.780000,angle:-18.000000,distense:41.200000,rcs:22.000000
timestame:1619471037.707000000,objid:3,type:0,xpos:0.000000,ypos:0.000000,xspeed:1.580000,yspeed:-3.320000,angle:17.880000,distense:48.400000,rcs:31.000000
