timestame:1619471362.839000000,objid:2,type:0,xpos:0.000000,ypos:0.000000,xspeed:6.360000,yspeed:-0.100000,angle:4.630000,distense:89.000000,rcs:25.000000
timestame:1619471362.839000000,objid:4,type:0,xpos:0.000000,ypos:0.000000,xspeed:6.180000,yspeed:0.250000,angle:5.550000,distense:82.800000,rcs:20.000000
timestame:1619471362.839000000,objid:6,type:0,xpos:0.000000,ypos:0.000000,xspeed:15.390000,yspeed:1.560000,angle:2.100000,distense:223.800000,rcs:9.000000
timestame:1619471362.839000000,objid:7,type:0,xpos:0.000000,ypos:0.000000,xspeed:9.880000,yspeed:0.070000,angle:1.590000,distense:104.000000,rcs:23.000000
