timestame:1619469979.440000000,objid:1,type:0,xpos:0.000000,ypos:0.000000,xspeed:-1.320000,yspeed:-5.740000,angle:-3.160000,distense:40.200000,rcs:35.000000
timestame:1619469979.440000000,objid:18,type:0,xpos:0.000000,ypos:0.000000,xspeed:2.150000,yspeed:-9.000000,angle:-18.000000,distense:65.600000,rcs:6.000000
