timestame:1619470759.102000000,objid:0,type:0,xpos:0.000000,ypos:0.000000,xspeed:-5.670000,yspeed:-8.260000,angle:-14.980000,distense:36.400000,rcs:32.000000
timestame:1619470759.102000000,objid:1,type:0,xpos:0.000000,ypos:0.000000,xspeed:-1.490000,yspeed:-3.100000,angle:-17.500000,distense:38.000000,rcs:32.000000
timestame:1619470759.102000000,objid:5,type:0,xpos:0.000000,ypos:0.000000,xspeed:5.940000,yspeed:-0.870000,angle:-1.370000,distense:43.600000,rcs:33.000000
