timestame:1619470800.316000000,objid:2,type:0,xpos:0.000000,ypos:0.000000,xspeed:-6.990000,yspeed:5.630000,angle:-6.240000,distense:36.400000,rcs:6.000000
timestame:1619470800.316000000,objid:3,type:0,xpos:0.000000,ypos:0.000000,xspeed:-2.100000,yspeed:-5.920000,angle:-17.750000,distense:40.000000,rcs:24.000000
timestame:1619470800.316000000,objid:4,type:0,xpos:0.000000,ypos:0.000000,xspeed:-4.780000,yspeed:6.140000,angle:-8.780000,distense:43.200000,rcs:46.000000
timestame:1619470800.316000000,objid:8,type:0,xpos:0.000000,ypos:0.000000,xspeed:-1.050000,yspeed:-5.220000,angle:-18.000000,distense:43.400000,rcs:9.000000
