timestame:1619469575.895000000,objid:2,type:0,xpos:0.000000,ypos:0.000000,xspeed:2.310000,yspeed:-10.380000,angle:-18.000000,distense:57.200000,rcs:6.000000
timestame:1619469575.895000000,objid:3,type:0,xpos:0.000000,ypos:0.000000,xspeed:-7.320000,yspeed:-0.010000,angle:-7.050000,distense:121.800000,rcs:18.000000
timestame:1619469575.895000000,objid:5,type:0,xpos:0.000000,ypos:0.000000,xspeed:-7.010000,yspeed:-0.150000,angle:-7.260000,distense:118.800000,rcs:13.000000
timestame:1619469575.895000000,objid:6,type:0,xpos:0.000000,ypos:0.000000,xspeed:-3.600000,yspeed:0.150000,angle:-6.680000,distense:135.000000,rcs:6.000000
