timestame:1619470715.883000000,objid:1,type:0,xpos:0.000000,ypos:0.000000,xspeed:6.590000,yspeed:-9.040000,angle:7.490000,distense:179.600000,rcs:6.000000
timestame:1619470715.883000000,objid:3,type:0,xpos:0.000000,ypos:0.000000,xspeed:2.700000,yspeed:4.250000,angle:-7.510000,distense:42.400000,rcs:12.000000
