timestame:1619471520.285000000,objid:7,type:0,xpos:0.000000,ypos:0.000000,xspeed:16.710000,yspeed:0.240000,angle:1.390000,distense:219.600000,rcs:25.000000
timestame:1619471520.285000000,objid:10,type:0,xpos:0.000000,ypos:0.000000,xspeed:16.590000,yspeed:0.320000,angle:1.390000,distense:208.600000,rcs:24.000000
