timestame:1619471227.770000000,objid:0,type:0,xpos:0.000000,ypos:0.000000,xspeed:5.330000,yspeed:0.670000,angle:2.400000,distense:80.400000,rcs:12.000000
timestame:1619471227.770000000,objid:1,type:0,xpos:0.000000,ypos:0.000000,xspeed:4.690000,yspeed:-3.500000,angle:-15.560000,distense:53.000000,rcs:18.000000
timestame:1619471227.770000000,objid:9,type:0,xpos:0.000000,ypos:0.000000,xspeed:5.770000,yspeed:0.080000,angle:2.110000,distense:71.400000,rcs:37.000000
