timestame:1619471091.238000000,objid:1,type:0,xpos:0.000000,ypos:0.000000,xspeed:10.950000,yspeed:0.300000,angle:5.190000,distense:60.400000,rcs:22.000000
timestame:1619471091.238000000,objid:2,type:0,xpos:0.000000,ypos:0.000000,xspeed:6.230000,yspeed:0.340000,angle:2.340000,distense:50.000000,rcs:45.000000
timestame:1619471091.238000000,objid:4,type:0,xpos:0.000000,ypos:0.000000,xspeed:-21.960000,yspeed:-0.910000,angle:-18.000000,distense:26.000000,rcs:12.000000
timestame:1619471091.238000000,objid:5,type:0,xpos:0.000000,ypos:0.000000,xspeed:11.740000,yspeed:1.110000,angle:2.120000,distense:111.200000,rcs:18.000000
