timestame:1619471448.325000000,objid:3,type:0,xpos:0.000000,ypos:0.000000,xspeed:-3.330000,yspeed:-0.080000,angle:-5.850000,distense:108.800000,rcs:19.000000
timestame:1619471448.325000000,objid:11,type:0,xpos:0.000000,ypos:0.000000,xspeed:-2.950000,yspeed:-0.790000,angle:-8.280000,distense:99.000000,rcs:12.000000
timestame:1619471448.325000000,objid:13,type:0,xpos:0.000000,ypos:0.000000,xspeed:-3.190000,yspeed:0.050000,angle:16.270000,distense:48.200000,rcs:6.000000
