timestame:1619470483.059000000,objid:1,type:0,xpos:0.000000,ypos:0.000000,xspeed:-3.970000,yspeed:-0.170000,angle:-7.920000,distense:87.000000,rcs:16.000000
timestame:1619470483.059000000,objid:3,type:0,xpos:0.000000,ypos:0.000000,xspeed:2.480000,yspeed:-4.900000,angle:16.840000,distense:45.800000,rcs:26.000000
timestame:1619470483.059000000,objid:8,type:0,xpos:0.000000,ypos:0.000000,xspeed:-13.990000,yspeed:-14.350000,angle:9.900000,distense:36.000000,rcs:32.000000
