timestame:1619470213.027000000,objid:1,type:0,xpos:0.000000,ypos:0.000000,xspeed:-1.640000,yspeed:9.650000,angle:-11.430000,distense:42.800000,rcs:18.000000
timestame:1619470213.027000000,objid:2,type:0,xpos:0.000000,ypos:0.000000,xspeed:-2.380000,yspeed:8.510000,angle:-8.050000,distense:41.400000,rcs:25.000000
timestame:1619470213.027000000,objid:3,type:0,xpos:0.000000,ypos:0.000000,xspeed:1.530000,yspeed:-5.410000,angle:-13.640000,distense:47.400000,rcs:13.000000
