timestame:1619469947.614000000,objid:3,type:0,xpos:0.000000,ypos:0.000000,xspeed:1.450000,yspeed:0.120000,angle:0.950000,distense:18.200000,rcs:27.000000
timestame:1619469947.614000000,objid:4,type:0,xpos:0.000000,ypos:0.000000,xspeed:-1.820000,yspeed:-12.200000,angle:6.710000,distense:48.200000,rcs:12.000000
timestame:1619469947.614000000,objid:8,type:0,xpos:0.000000,ypos:0.000000,xspeed:-4.670000,yspeed:0.000000,angle:-18.000000,distense:51.800000,rcs:12.000000
