timestame:1619471366.507000000,objid:1,type:0,xpos:0.000000,ypos:0.000000,xspeed:7.510000,yspeed:-0.330000,angle:3.080000,distense:112.400000,rcs:22.000000
timestame:1619471366.507000000,objid:2,type:0,xpos:0.000000,ypos:0.000000,xspeed:7.910000,yspeed:-0.080000,angle:3.220000,distense:118.000000,rcs:13.000000
timestame:1619471366.507000000,objid:7,type:0,xpos:0.000000,ypos:0.000000,xspeed:11.720000,yspeed:0.340000,angle:1.710000,distense:147.600000,rcs:19.000000
