timestame:1619469816.412000000,objid:3,type:0,xpos:0.000000,ypos:0.000000,xspeed:1.300000,yspeed:-3.320000,angle:-6.820000,distense:50.000000,rcs:20.000000
timestame:1619469816.412000000,objid:4,type:0,xpos:0.000000,ypos:0.000000,xspeed:-8.350000,yspeed:-1.240000,angle:-4.790000,distense:175.800000,rcs:9.000000
timestame:1619469816.412000000,objid:6,type:0,xpos:0.000000,ypos:0.000000,xspeed:4.270000,yspeed:2.820000,angle:22.450000,distense:28.200000,rcs:12.000000
timestame:1619469816.412000000,objid:10,type:0,xpos:0.000000,ypos:0.000000,xspeed:1.840000,yspeed:-3.120000,angle:22.460000,distense:46.000000,rcs:24.000000
