timestame:1619470880.636000000,objid:3,type:0,xpos:0.000000,ypos:0.000000,xspeed:-1.850000,yspeed:-3.200000,angle:-18.000000,distense:34.200000,rcs:15.000000
timestame:1619470880.636000000,objid:4,type:0,xpos:0.000000,ypos:0.000000,xspeed:-21.270000,yspeed:-5.730000,angle:-18.000000,distense:17.400000,rcs:18.000000
timestame:1619470880.636000000,objid:23,type:0,xpos:0.000000,ypos:0.000000,xspeed:-2.690000,yspeed:-3.340000,angle:-18.000000,distense:49.600000,rcs:9.000000
