timestame:1619470481.019000000,objid:1,type:0,xpos:0.000000,ypos:0.000000,xspeed:-4.450000,yspeed:0.340000,angle:-6.750000,distense:95.000000,rcs:22.000000
timestame:1619470481.019000000,objid:2,type:0,xpos:0.000000,ypos:0.000000,xspeed:1.700000,yspeed:-0.280000,angle:11.260000,distense:80.800000,rcs:6.000000
timestame:1619470481.019000000,objid:6,type:0,xpos:0.000000,ypos:0.000000,xspeed:-2.780000,yspeed:1.780000,angle:-6.090000,distense:101.600000,rcs:12.000000
