timestame:1619470729.287000000,objid:0,type:0,xpos:0.000000,ypos:0.000000,xspeed:-12.520000,yspeed:-0.330000,angle:-11.840000,distense:61.800000,rcs:19.000000
timestame:1619470729.287000000,objid:1,type:0,xpos:0.000000,ypos:0.000000,xspeed:12.770000,yspeed:0.560000,angle:4.400000,distense:17.400000,rcs:34.000000
timestame:1619470729.287000000,objid:3,type:0,xpos:0.000000,ypos:0.000000,xspeed:-14.650000,yspeed:-2.730000,angle:-13.830000,distense:57.800000,rcs:24.000000
