timestame:1619469978.255000000,objid:2,type:0,xpos:0.000000,ypos:0.000000,xspeed:-2.040000,yspeed:-1.390000,angle:-18.000000,distense:30.000000,rcs:9.000000
timestame:1619469978.255000000,objid:6,type:0,xpos:0.000000,ypos:0.000000,xspeed:-2.680000,yspeed:-3.140000,angle:-18.000000,distense:32.400000,rcs:6.000000
timestame:1619469978.255000000,objid:18,type:0,xpos:0.000000,ypos:0.000000,xspeed:1.360000,yspeed:-2.010000,angle:-15.050000,distense:59.000000,rcs:15.000000
