timestame:1619469856.542000000,objid:0,type:0,xpos:0.000000,ypos:0.000000,xspeed:-1.760000,yspeed:-0.710000,angle:-6.060000,distense:43.800000,rcs:40.000000
timestame:1619469856.542000000,objid:3,type:0,xpos:0.000000,ypos:0.000000,xspeed:-1.120000,yspeed:-2.990000,angle:-14.400000,distense:43.000000,rcs:25.000000
timestame:1619469856.542000000,objid:5,type:0,xpos:0.000000,ypos:0.000000,xspeed:-1.630000,yspeed:-1.650000,angle:-7.730000,distense:60.400000,rcs:9.000000
timestame:1619469856.542000000,objid:10,type:0,xpos:0.000000,ypos:0.000000,xspeed:-10.710000,yspeed:-0.030000,angle:-5.220000,distense:124.400000,rcs:16.000000
