timestame:1619471295.965000000,objid:0,type:0,xpos:0.000000,ypos:0.000000,xspeed:1.270000,yspeed:4.470000,angle:-3.630000,distense:44.600000,rcs:6.000000
timestame:1619471295.965000000,objid:3,type:0,xpos:0.000000,ypos:0.000000,xspeed:1.500000,yspeed:4.710000,angle:-5.790000,distense:41.600000,rcs:6.000000
timestame:1619471295.965000000,objid:6,type:0,xpos:0.000000,ypos:0.000000,xspeed:2.710000,yspeed:3.560000,angle:-10.940000,distense:39.200000,rcs:12.000000
timestame:1619471295.965000000,objid:8,type:0,xpos:0.000000,ypos:0.000000,xspeed:-2.440000,yspeed:7.540000,angle:16.590000,distense:42.400000,rcs:20.000000
