timestame:1619470102.998000000,objid:3,type:0,xpos:0.000000,ypos:0.000000,xspeed:2.560000,yspeed:-12.770000,angle:-18.000000,distense:58.800000,rcs:16.000000
timestame:1619470102.998000000,objid:7,type:0,xpos:0.000000,ypos:0.000000,xspeed:-11.220000,yspeed:3.440000,angle:15.140000,distense:30.800000,rcs:19.000000
timestame:1619470102.998000000,objid:9,type:0,xpos:0.000000,ypos:0.000000,xspeed:2.490000,yspeed:-12.260000,angle:-18.000000,distense:57.800000,rcs:6.000000
timestame:1619470102.998000000,objid:11,type:0,xpos:0.000000,ypos:0.000000,xspeed:2.630000,yspeed:0.820000,angle:13.330000,distense:18.400000,rcs:30.000000
