timestame:1619471363.147000000,objid:2,type:0,xpos:0.000000,ypos:0.000000,xspeed:6.420000,yspeed:-0.110000,angle:4.490000,distense:91.200000,rcs:24.000000
timestame:1619471363.147000000,objid:4,type:0,xpos:0.000000,ypos:0.000000,xspeed:6.270000,yspeed:0.160000,angle:5.340000,distense:84.800000,rcs:25.000000
timestame:1619471363.147000000,objid:7,type:0,xpos:0.000000,ypos:0.000000,xspeed:10.050000,yspeed:0.060000,angle:1.540000,distense:107.400000,rcs:30.000000
