timestame:1619470914.418000000,objid:0,type:0,xpos:0.000000,ypos:0.000000,xspeed:4.790000,yspeed:3.290000,angle:-15.050000,distense:37.000000,rcs:21.000000
timestame:1619470914.418000000,objid:7,type:0,xpos:0.000000,ypos:0.000000,xspeed:4.580000,yspeed:2.950000,angle:-15.630000,distense:49.400000,rcs:6.000000
timestame:1619470914.418000000,objid:10,type:0,xpos:0.000000,ypos:0.000000,xspeed:5.580000,yspeed:3.340000,angle:-16.580000,distense:44.200000,rcs:6.000000
