timestame:1619470143.462000000,objid:0,type:0,xpos:0.000000,ypos:0.000000,xspeed:4.410000,yspeed:0.570000,angle:19.920000,distense:27.400000,rcs:21.000000
timestame:1619470143.462000000,objid:4,type:0,xpos:0.000000,ypos:0.000000,xspeed:-3.600000,yspeed:1.030000,angle:17.920000,distense:23.400000,rcs:6.000000
