timestame:1619470789.409000000,objid:0,type:0,xpos:0.000000,ypos:0.000000,xspeed:1.130000,yspeed:-0.190000,angle:1.100000,distense:16.000000,rcs:31.000000
timestame:1619470789.409000000,objid:1,type:0,xpos:0.000000,ypos:0.000000,xspeed:-3.670000,yspeed:-1.260000,angle:-18.000000,distense:24.600000,rcs:6.000000
timestame:1619470789.409000000,objid:2,type:0,xpos:0.000000,ypos:0.000000,xspeed:-4.210000,yspeed:-2.470000,angle:-18.000000,distense:26.800000,rcs:6.000000
