timestame:1619470169.596000000,objid:0,type:0,xpos:0.000000,ypos:0.000000,xspeed:7.160000,yspeed:0.380000,angle:2.420000,distense:56.200000,rcs:41.000000
timestame:1619470169.596000000,objid:1,type:0,xpos:0.000000,ypos:0.000000,xspeed:10.270000,yspeed:0.840000,angle:2.780000,distense:26.000000,rcs:34.000000
timestame:1619470169.596000000,objid:3,type:0,xpos:0.000000,ypos:0.000000,xspeed:9.060000,yspeed:0.070000,angle:4.620000,distense:91.400000,rcs:25.000000
timestame:1619470169.596000000,objid:5,type:0,xpos:0.000000,ypos:0.000000,xspeed:20.930000,yspeed:0.790000,angle:15.430000,distense:28.000000,rcs:9.000000
