timestame:1619469630.643000000,objid:1,type:0,xpos:0.000000,ypos:0.000000,xspeed:-4.400000,yspeed:-0.020000,angle:-18.000000,distense:27.600000,rcs:6.000000
timestame:1619469630.643000000,objid:2,type:0,xpos:0.000000,ypos:0.000000,xspeed:-5.960000,yspeed:-0.520000,angle:-18.000000,distense:35.000000,rcs:13.000000
timestame:1619469630.643000000,objid:6,type:0,xpos:0.000000,ypos:0.000000,xspeed:-10.410000,yspeed:-0.030000,angle:-5.810000,distense:79.200000,rcs:15.000000
timestame:1619469630.643000000,objid:7,type:0,xpos:0.000000,ypos:0.000000,xspeed:-6.210000,yspeed:-0.250000,angle:-18.000000,distense:39.000000,rcs:9.000000
