timestame:1619470375.015000000,objid:1,type:0,xpos:0.000000,ypos:0.000000,xspeed:-1.500000,yspeed:-3.300000,angle:-18.000000,distense:37.800000,rcs:20.000000
timestame:1619470375.015000000,objid:18,type:0,xpos:0.000000,ypos:0.000000,xspeed:-7.710000,yspeed:-0.330000,angle:-7.480000,distense:91.400000,rcs:22.000000
