timestame:1619471450.805000000,objid:3,type:0,xpos:0.000000,ypos:0.000000,xspeed:-2.440000,yspeed:-0.140000,angle:-6.310000,distense:103.200000,rcs:19.000000
timestame:1619471450.805000000,objid:11,type:0,xpos:0.000000,ypos:0.000000,xspeed:-1.850000,yspeed:0.320000,angle:-7.600000,distense:95.000000,rcs:18.000000
timestame:1619471450.805000000,objid:13,type:0,xpos:0.000000,ypos:0.000000,xspeed:-3.600000,yspeed:-0.070000,angle:20.030000,distense:39.400000,rcs:16.000000
