timestame:1619469699.634000000,objid:2,type:0,xpos:0.000000,ypos:0.000000,xspeed:-1.850000,yspeed:-2.150000,angle:-18.000000,distense:41.200000,rcs:26.000000
timestame:1619469699.634000000,objid:5,type:0,xpos:0.000000,ypos:0.000000,xspeed:-3.820000,yspeed:-2.140000,angle:-18.000000,distense:38.200000,rcs:16.000000
timestame:1619469699.634000000,objid:6,type:0,xpos:0.000000,ypos:0.000000,xspeed:4.610000,yspeed:-5.870000,angle:-10.650000,distense:76.800000,rcs:6.000000
timestame:1619469699.634000000,objid:8,type:0,xpos:0.000000,ypos:0.000000,xspeed:3.010000,yspeed:5.230000,angle:-5.850000,distense:46.600000,rcs:13.000000
