timestame:1619470464.749000000,objid:0,type:0,xpos:0.000000,ypos:0.000000,xspeed:-13.530000,yspeed:-0.660000,angle:-18.000000,distense:43.000000,rcs:18.000000
timestame:1619470464.749000000,objid:2,type:0,xpos:0.000000,ypos:0.000000,xspeed:5.830000,yspeed:0.030000,angle:2.980000,distense:203.200000,rcs:12.000000
