timestame:1619471229.995000000,objid:0,type:0,xpos:0.000000,ypos:0.000000,xspeed:6.340000,yspeed:0.360000,angle:2.370000,distense:95.000000,rcs:9.000000
timestame:1619471229.995000000,objid:1,type:0,xpos:0.000000,ypos:0.000000,xspeed:3.290000,yspeed:-5.120000,angle:-18.000000,distense:63.200000,rcs:12.000000
timestame:1619471229.995000000,objid:9,type:0,xpos:0.000000,ypos:0.000000,xspeed:6.570000,yspeed:0.210000,angle:2.140000,distense:86.600000,rcs:35.000000
