timestame:1619471005.625000000,objid:5,type:0,xpos:0.000000,ypos:0.000000,xspeed:9.030000,yspeed:0.000000,angle:-7.130000,distense:125.600000,rcs:16.000000
timestame:1619471005.625000000,objid:6,type:0,xpos:0.000000,ypos:0.000000,xspeed:1.490000,yspeed:2.000000,angle:-6.630000,distense:119.600000,rcs:15.000000
timestame:1619471005.625000000,objid:7,type:0,xpos:0.000000,ypos:0.000000,xspeed:-2.240000,yspeed:-9.220000,angle:-18.000000,distense:51.800000,rcs:9.000000
