timestame:1619470832.080000000,objid:0,type:0,xpos:0.000000,ypos:0.000000,xspeed:7.170000,yspeed:-5.660000,angle:3.220000,distense:107.800000,rcs:23.000000
timestame:1619470832.080000000,objid:1,type:0,xpos:0.000000,ypos:0.000000,xspeed:9.500000,yspeed:0.090000,angle:2.950000,distense:114.200000,rcs:18.000000
timestame:1619470832.080000000,objid:3,type:0,xpos:0.000000,ypos:0.000000,xspeed:8.840000,yspeed:0.010000,angle:3.580000,distense:105.800000,rcs:21.000000
timestame:1619470832.080000000,objid:6,type:0,xpos:0.000000,ypos:0.000000,xspeed:12.360000,yspeed:0.000000,angle:1.250000,distense:146.800000,rcs:15.000000
