timestame:1619470224.050000000,objid:8,type:0,xpos:0.000000,ypos:0.000000,xspeed:-2.080000,yspeed:7.800000,angle:2.950000,distense:38.800000,rcs:9.000000
timestame:1619470224.050000000,objid:11,type:0,xpos:0.000000,ypos:0.000000,xspeed:-1.990000,yspeed:6.610000,angle:4.020000,distense:38.400000,rcs:22.000000
