timestame:1619469929.292000000,objid:1,type:0,xpos:0.000000,ypos:0.000000,xspeed:7.500000,yspeed:0.160000,angle:1.420000,distense:192.200000,rcs:15.000000
timestame:1619469929.292000000,objid:8,type:0,xpos:0.000000,ypos:0.000000,xspeed:7.530000,yspeed:-0.030000,angle:1.080000,distense:185.600000,rcs:20.000000
