timestame:1619471464.102000000,objid:0,type:0,xpos:0.000000,ypos:0.000000,xspeed:-4.090000,yspeed:-8.180000,angle:-12.170000,distense:82.600000,rcs:23.000000
timestame:1619471464.102000000,objid:1,type:0,xpos:0.000000,ypos:0.000000,xspeed:-4.800000,yspeed:-0.440000,angle:-6.250000,distense:108.800000,rcs:15.000000
timestame:1619471464.102000000,objid:3,type:0,xpos:0.000000,ypos:0.000000,xspeed:-6.800000,yspeed:-0.420000,angle:-5.410000,distense:170.400000,rcs:13.000000
