timestame:1619470596.346000000,objid:1,type:0,xpos:0.000000,ypos:0.000000,xspeed:6.060000,yspeed:2.660000,angle:-16.280000,distense:34.000000,rcs:25.000000
timestame:1619470596.346000000,objid:5,type:0,xpos:0.000000,ypos:0.000000,xspeed:5.130000,yspeed:3.980000,angle:-12.460000,distense:44.600000,rcs:22.000000
