timestame:1619469579.625000000,objid:1,type:0,xpos:0.000000,ypos:0.000000,xspeed:-6.260000,yspeed:-0.530000,angle:-8.070000,distense:109.200000,rcs:12.000000
timestame:1619469579.625000000,objid:3,type:0,xpos:0.000000,ypos:0.000000,xspeed:-6.190000,yspeed:-0.150000,angle:-9.160000,distense:99.400000,rcs:16.000000
timestame:1619469579.625000000,objid:5,type:0,xpos:0.000000,ypos:0.000000,xspeed:-6.230000,yspeed:-0.210000,angle:-9.570000,distense:96.200000,rcs:20.000000
