timestame:1619470500.232000000,objid:2,type:0,xpos:0.000000,ypos:0.000000,xspeed:-1.120000,yspeed:-1.320000,angle:-18.000000,distense:38.600000,rcs:24.000000
timestame:1619470500.232000000,objid:3,type:0,xpos:0.000000,ypos:0.000000,xspeed:-2.500000,yspeed:3.960000,angle:1.520000,distense:41.000000,rcs:37.000000
timestame:1619470500.232000000,objid:4,type:0,xpos:0.000000,ypos:0.000000,xspeed:1.400000,yspeed:-3.080000,angle:11.730000,distense:45.200000,rcs:25.000000
timestame:1619470500.232000000,objid:7,type:0,xpos:0.000000,ypos:0.000000,xspeed:-1.810000,yspeed:-2.580000,angle:-18.000000,distense:45.000000,rcs:13.000000
