timestame:1619469931.203000000,objid:0,type:0,xpos:0.000000,ypos:0.000000,xspeed:-1.910000,yspeed:2.590000,angle:-18.000000,distense:39.200000,rcs:6.000000
timestame:1619469931.203000000,objid:1,type:0,xpos:0.000000,ypos:0.000000,xspeed:8.060000,yspeed:0.270000,angle:1.510000,distense:208.400000,rcs:12.000000
timestame:1619469931.203000000,objid:8,type:0,xpos:0.000000,ypos:0.000000,xspeed:8.090000,yspeed:0.230000,angle:1.260000,distense:201.600000,rcs:27.000000
