timestame:1619470224.795000000,objid:7,type:0,xpos:0.000000,ypos:0.000000,xspeed:1.330000,yspeed:0.900000,angle:-9.550000,distense:49.800000,rcs:6.000000
timestame:1619470224.795000000,objid:9,type:0,xpos:0.000000,ypos:0.000000,xspeed:-2.130000,yspeed:4.070000,angle:12.320000,distense:38.000000,rcs:6.000000
timestame:1619470224.795000000,objid:11,type:0,xpos:0.000000,ypos:0.000000,xspeed:-1.890000,yspeed:6.440000,angle:11.360000,distense:37.800000,rcs:6.000000
timestame:1619470224.795000000,objid:14,type:0,xpos:0.000000,ypos:0.000000,xspeed:-1.500000,yspeed:7.020000,angle:17.710000,distense:38.600000,rcs:18.000000
