timestame:1619470594.172000000,objid:5,type:0,xpos:0.000000,ypos:0.000000,xspeed:8.110000,yspeed:2.420000,angle:-17.870000,distense:32.400000,rcs:22.000000
timestame:1619470594.172000000,objid:6,type:0,xpos:0.000000,ypos:0.000000,xspeed:6.060000,yspeed:1.560000,angle:19.140000,distense:30.400000,rcs:18.000000
