timestame:1619470939.243000000,objid:1,type:0,xpos:0.000000,ypos:0.000000,xspeed:-1.960000,yspeed:1.300000,angle:-12.960000,distense:71.200000,rcs:18.000000
timestame:1619470939.243000000,objid:10,type:0,xpos:0.000000,ypos:0.000000,xspeed:-3.190000,yspeed:0.130000,angle:-10.170000,distense:72.800000,rcs:12.000000
