timestame:1619470883.194000000,objid:3,type:0,xpos:0.000000,ypos:0.000000,xspeed:-1.850000,yspeed:-2.570000,angle:-18.000000,distense:33.600000,rcs:13.000000
timestame:1619470883.194000000,objid:4,type:0,xpos:0.000000,ypos:0.000000,xspeed:1.320000,yspeed:-5.380000,angle:22.120000,distense:46.200000,rcs:20.000000
timestame:1619470883.194000000,objid:7,type:0,xpos:0.000000,ypos:0.000000,xspeed:-1.840000,yspeed:-1.890000,angle:-18.000000,distense:33.400000,rcs:13.000000
timestame:1619470883.194000000,objid:18,type:0,xpos:0.000000,ypos:0.000000,xspeed:-1.170000,yspeed:-2.640000,angle:-17.530000,distense:35.400000,rcs:24.000000
