timestame:1619470440.839000000,objid:1,type:0,xpos:0.000000,ypos:0.000000,xspeed:14.940000,yspeed:0.630000,angle:2.450000,distense:71.600000,rcs:21.000000
timestame:1619470440.839000000,objid:2,type:0,xpos:0.000000,ypos:0.000000,xspeed:3.790000,yspeed:0.010000,angle:9.700000,distense:78.400000,rcs:13.000000
