timestame:1619470977.290000000,objid:0,type:0,xpos:0.000000,ypos:0.000000,xspeed:6.900000,yspeed:-0.210000,angle:2.740000,distense:129.600000,rcs:20.000000
timestame:1619470977.290000000,objid:2,type:0,xpos:0.000000,ypos:0.000000,xspeed:-18.540000,yspeed:-0.210000,angle:-2.830000,distense:184.200000,rcs:6.000000
timestame:1619470977.290000000,objid:3,type:0,xpos:0.000000,ypos:0.000000,xspeed:7.040000,yspeed:0.090000,angle:2.300000,distense:139.400000,rcs:6.000000
timestame:1619470977.290000000,objid:5,type:0,xpos:0.000000,ypos:0.000000,xspeed:-19.220000,yspeed:0.120000,angle:-8.760000,distense:99.200000,rcs:13.000000
