timestame:1619469760.947000000,objid:1,type:0,xpos:0.000000,ypos:0.000000,xspeed:1.570000,yspeed:5.620000,angle:-2.470000,distense:45.600000,rcs:9.000000
timestame:1619469760.947000000,objid:2,type:0,xpos:0.000000,ypos:0.000000,xspeed:39.760000,yspeed:-4.160000,angle:-6.690000,distense:37.400000,rcs:6.000000
