timestame:1619470771.872000000,objid:0,type:0,xpos:0.000000,ypos:0.000000,xspeed:-10.160000,yspeed:-0.190000,angle:-6.280000,distense:135.400000,rcs:16.000000
timestame:1619470771.872000000,objid:1,type:0,xpos:0.000000,ypos:0.000000,xspeed:13.560000,yspeed:0.100000,angle:1.600000,distense:114.600000,rcs:21.000000
timestame:1619470771.872000000,objid:3,type:0,xpos:0.000000,ypos:0.000000,xspeed:-1.890000,yspeed:-0.560000,angle:-18.000000,distense:54.200000,rcs:9.000000
