timestame:1619471409.374000000,objid:4,type:0,xpos:0.000000,ypos:0.000000,xspeed:-1.350000,yspeed:-4.880000,angle:-3.460000,distense:44.400000,rcs:34.000000
timestame:1619471409.374000000,objid:7,type:0,xpos:0.000000,ypos:0.000000,xspeed:-1.820000,yspeed:-3.080000,angle:-15.160000,distense:39.600000,rcs:27.000000
timestame:1619471409.374000000,objid:12,type:0,xpos:0.000000,ypos:0.000000,xspeed:-9.690000,yspeed:-1.480000,angle:-4.270000,distense:193.200000,rcs:13.000000
