timestame:1619471308.585000000,objid:0,type:0,xpos:0.000000,ypos:0.000000,xspeed:3.550000,yspeed:1.300000,angle:19.340000,distense:31.000000,rcs:28.000000
timestame:1619471308.585000000,objid:1,type:0,xpos:0.000000,ypos:0.000000,xspeed:4.830000,yspeed:3.060000,angle:22.380000,distense:34.400000,rcs:24.000000
timestame:1619471308.585000000,objid:2,type:0,xpos:0.000000,ypos:0.000000,xspeed:4.350000,yspeed:1.290000,angle:22.300000,distense:30.000000,rcs:41.000000
timestame:1619471308.585000000,objid:3,type:0,xpos:0.000000,ypos:0.000000,xspeed:2.760000,yspeed:3.680000,angle:-16.570000,distense:22.000000,rcs:9.000000
