timestame:1619469913.237000000,objid:0,type:0,xpos:0.000000,ypos:0.000000,xspeed:-6.570000,yspeed:2.980000,angle:-18.000000,distense:36.400000,rcs:6.000000
timestame:1619469913.237000000,objid:1,type:0,xpos:0.000000,ypos:0.000000,xspeed:4.790000,yspeed:-0.010000,angle:1.630000,distense:91.000000,rcs:23.000000
timestame:1619469913.237000000,objid:2,type:0,xpos:0.000000,ypos:0.000000,xspeed:11.930000,yspeed:0.170000,angle:2.580000,distense:170.000000,rcs:20.000000
timestame:1619469913.237000000,objid:8,type:0,xpos:0.000000,ypos:0.000000,xspeed:4.750000,yspeed:-0.040000,angle:1.960000,distense:84.200000,rcs:26.000000
