timestame:1619470189.742000000,objid:1,type:0,xpos:0.000000,ypos:0.000000,xspeed:1.240000,yspeed:2.830000,angle:-6.100000,distense:44.200000,rcs:6.000000
timestame:1619470189.742000000,objid:2,type:0,xpos:0.000000,ypos:0.000000,xspeed:-5.770000,yspeed:3.620000,angle:-3.680000,distense:53.000000,rcs:29.000000
timestame:1619470189.742000000,objid:7,type:0,xpos:0.000000,ypos:0.000000,xspeed:3.750000,yspeed:0.310000,angle:5.950000,distense:137.000000,rcs:16.000000
timestame:1619470189.742000000,objid:11,type:0,xpos:0.000000,ypos:0.000000,xspeed:4.600000,yspeed:0.200000,angle:4.280000,distense:136.000000,rcs:20.000000
