timestame:1619469915.090000000,objid:1,type:0,xpos:0.000000,ypos:0.000000,xspeed:5.220000,yspeed:0.030000,angle:1.560000,distense:100.800000,rcs:24.000000
timestame:1619469915.090000000,objid:2,type:0,xpos:0.000000,ypos:0.000000,xspeed:13.060000,yspeed:0.360000,angle:2.530000,distense:194.600000,rcs:25.000000
timestame:1619469915.090000000,objid:8,type:0,xpos:0.000000,ypos:0.000000,xspeed:5.170000,yspeed:-0.070000,angle:1.640000,distense:94.000000,rcs:29.000000
