timestame:1619470226.908000000,objid:8,type:0,xpos:0.000000,ypos:0.000000,xspeed:-1.510000,yspeed:-2.330000,angle:-10.400000,distense:42.000000,rcs:30.000000
timestame:1619470226.908000000,objid:11,type:0,xpos:0.000000,ypos:0.000000,xspeed:-10.490000,yspeed:0.000000,angle:-3.330000,distense:195.800000,rcs:9.000000
