timestame:1619470050.357000000,objid:0,type:0,xpos:0.000000,ypos:0.000000,xspeed:6.950000,yspeed:0.000000,angle:3.560000,distense:107.400000,rcs:12.000000
timestame:1619470050.357000000,objid:5,type:0,xpos:0.000000,ypos:0.000000,xspeed:6.920000,yspeed:0.160000,angle:4.050000,distense:97.800000,rcs:13.000000
