timestame:1619471452.726000000,objid:3,type:0,xpos:0.000000,ypos:0.000000,xspeed:-1.930000,yspeed:-0.180000,angle:-6.730000,distense:100.000000,rcs:16.000000
timestame:1619471452.726000000,objid:11,type:0,xpos:0.000000,ypos:0.000000,xspeed:-1.330000,yspeed:0.380000,angle:-7.260000,distense:92.800000,rcs:9.000000
timestame:1619471452.726000000,objid:13,type:0,xpos:0.000000,ypos:0.000000,xspeed:-3.950000,yspeed:-0.120000,angle:-16.670000,distense:31.800000,rcs:6.000000
