timestame:1619470665.112000000,objid:0,type:0,xpos:0.000000,ypos:0.000000,xspeed:-1.220000,yspeed:0.140000,angle:-9.670000,distense:93.200000,rcs:22.000000
timestame:1619470665.112000000,objid:3,type:0,xpos:0.000000,ypos:0.000000,xspeed:-1.710000,yspeed:-0.090000,angle:-8.130000,distense:104.000000,rcs:9.000000
