timestame:1619470872.567000000,objid:1,type:0,xpos:0.000000,ypos:0.000000,xspeed:-8.800000,yspeed:-2.280000,angle:-4.950000,distense:135.000000,rcs:9.000000
timestame:1619470872.567000000,objid:3,type:0,xpos:0.000000,ypos:0.000000,xspeed:-1.050000,yspeed:-4.160000,angle:-9.780000,distense:48.200000,rcs:15.000000
timestame:1619470872.567000000,objid:4,type:0,xpos:0.000000,ypos:0.000000,xspeed:3.710000,yspeed:-0.140000,angle:0.730000,distense:17.200000,rcs:40.000000
