timestame:1619470707.593000000,objid:0,type:0,xpos:0.000000,ypos:0.000000,xspeed:2.670000,yspeed:-3.370000,angle:-18.000000,distense:73.600000,rcs:6.000000
timestame:1619470707.593000000,objid:1,type:0,xpos:0.000000,ypos:0.000000,xspeed:12.170000,yspeed:0.100000,angle:2.170000,distense:183.400000,rcs:6.000000
timestame:1619470707.593000000,objid:2,type:0,xpos:0.000000,ypos:0.000000,xspeed:3.240000,yspeed:0.840000,angle:-15.200000,distense:17.200000,rcs:25.000000
