timestame:1619471319.020000000,objid:0,type:0,xpos:0.000000,ypos:0.000000,xspeed:4.100000,yspeed:2.940000,angle:-4.370000,distense:123.600000,rcs:13.000000
timestame:1619471319.020000000,objid:1,type:0,xpos:0.000000,ypos:0.000000,xspeed:-7.950000,yspeed:-2.100000,angle:-6.050000,distense:108.400000,rcs:20.000000
timestame:1619471319.020000000,objid:3,type:0,xpos:0.000000,ypos:0.000000,xspeed:-12.710000,yspeed:-2.500000,angle:-3.030000,distense:199.800000,rcs:12.000000
