timestame:1619470280.520000000,objid:1,type:0,xpos:0.000000,ypos:0.000000,xspeed:-8.890000,yspeed:0.030000,angle:-8.170000,distense:61.000000,rcs:9.000000
timestame:1619470280.520000000,objid:2,type:0,xpos:0.000000,ypos:0.000000,xspeed:-13.740000,yspeed:-1.550000,angle:-4.250000,distense:190.600000,rcs:20.000000
timestame:1619470280.520000000,objid:3,type:0,xpos:0.000000,ypos:0.000000,xspeed:-2.780000,yspeed:-0.290000,angle:-10.380000,distense:70.000000,rcs:30.000000
timestame:1619470280.520000000,objid:11,type:0,xpos:0.000000,ypos:0.000000,xspeed:-3.320000,yspeed:-0.160000,angle:-12.300000,distense:62.400000,rcs:22.000000
