timestame:1619469854.928000000,objid:0,type:0,xpos:0.000000,ypos:0.000000,xspeed:3.520000,yspeed:-4.000000,angle:0.110000,distense:51.600000,rcs:6.000000
timestame:1619469854.928000000,objid:4,type:0,xpos:0.000000,ypos:0.000000,xspeed:-9.660000,yspeed:7.880000,angle:-6.550000,distense:49.000000,rcs:12.000000
timestame:1619469854.928000000,objid:8,type:0,xpos:0.000000,ypos:0.000000,xspeed:17.190000,yspeed:0.000000,angle:-4.870000,distense:66.400000,rcs:16.000000
timestame:1619469854.928000000,objid:10,type:0,xpos:0.000000,ypos:0.000000,xspeed:-11.450000,yspeed:-0.170000,angle:-4.680000,distense:140.800000,rcs:9.000000
