timestame:1619470213.771000000,objid:1,type:0,xpos:0.000000,ypos:0.000000,xspeed:-2.230000,yspeed:9.810000,angle:-2.130000,distense:40.000000,rcs:12.000000
timestame:1619470213.771000000,objid:2,type:0,xpos:0.000000,ypos:0.000000,xspeed:-2.100000,yspeed:7.960000,angle:-1.000000,distense:39.800000,rcs:22.000000
timestame:1619470213.771000000,objid:6,type:0,xpos:0.000000,ypos:0.000000,xspeed:-6.130000,yspeed:10.230000,angle:3.520000,distense:37.600000,rcs:12.000000
