timestame:1619470776.904000000,objid:0,type:0,xpos:0.000000,ypos:0.000000,xspeed:19.730000,yspeed:1.330000,angle:1.430000,distense:207.800000,rcs:9.000000
timestame:1619470776.904000000,objid:1,type:0,xpos:0.000000,ypos:0.000000,xspeed:-7.490000,yspeed:-0.980000,angle:-9.640000,distense:99.200000,rcs:16.000000
