timestame:1619469993.600000000,objid:1,type:0,xpos:0.000000,ypos:0.000000,xspeed:1.780000,yspeed:-0.920000,angle:1.950000,distense:41.400000,rcs:26.000000
timestame:1619469993.600000000,objid:8,type:0,xpos:0.000000,ypos:0.000000,xspeed:1.200000,yspeed:3.210000,angle:-6.490000,distense:38.600000,rcs:6.000000
timestame:1619469993.600000000,objid:9,type:0,xpos:0.000000,ypos:0.000000,xspeed:-1.990000,yspeed:-14.250000,angle:-14.750000,distense:32.600000,rcs:15.000000
timestame:1619469993.600000000,objid:24,type:0,xpos:0.000000,ypos:0.000000,xspeed:2.690000,yspeed:1.920000,angle:-15.230000,distense:33.400000,rcs:22.000000
