timestame:1619471068.333000000,objid:0,type:0,xpos:0.000000,ypos:0.000000,xspeed:-5.680000,yspeed:-0.280000,angle:-7.360000,distense:93.200000,rcs:15.000000
timestame:1619471068.333000000,objid:3,type:0,xpos:0.000000,ypos:0.000000,xspeed:-6.810000,yspeed:-0.270000,angle:-4.960000,distense:136.600000,rcs:12.000000
timestame:1619471068.333000000,objid:5,type:0,xpos:0.000000,ypos:0.000000,xspeed:-11.200000,yspeed:-0.550000,angle:-6.820000,distense:128.200000,rcs:13.000000
timestame:1619471068.333000000,objid:9,type:0,xpos:0.000000,ypos:0.000000,xspeed:-2.680000,yspeed:-0.260000,angle:-12.520000,distense:63.600000,rcs:15.000000
