timestame:1619470038.821000000,objid:0,type:0,xpos:0.000000,ypos:0.000000,xspeed:1.940000,yspeed:0.600000,angle:10.560000,distense:30.800000,rcs:6.000000
timestame:1619470038.821000000,objid:1,type:0,xpos:0.000000,ypos:0.000000,xspeed:10.860000,yspeed:0.000000,angle:1.510000,distense:117.800000,rcs:18.000000
timestame:1619470038.821000000,objid:3,type:0,xpos:0.000000,ypos:0.000000,xspeed:12.480000,yspeed:0.380000,angle:2.300000,distense:88.800000,rcs:23.000000
timestame:1619470038.821000000,objid:5,type:0,xpos:0.000000,ypos:0.000000,xspeed:3.750000,yspeed:0.290000,angle:8.860000,distense:28.400000,rcs:30.000000
