timestame:1619470800.377000000,objid:2,type:0,xpos:0.000000,ypos:0.000000,xspeed:-8.600000,yspeed:0.310000,angle:-7.470000,distense:35.600000,rcs:6.000000
timestame:1619470800.377000000,objid:3,type:0,xpos:0.000000,ypos:0.000000,xspeed:-2.160000,yspeed:-4.170000,angle:-17.840000,distense:39.800000,rcs:25.000000
timestame:1619470800.377000000,objid:4,type:0,xpos:0.000000,ypos:0.000000,xspeed:-3.810000,yspeed:-0.990000,angle:-9.640000,distense:43.400000,rcs:43.000000
timestame:1619470800.377000000,objid:8,type:0,xpos:0.000000,ypos:0.000000,xspeed:-1.050000,yspeed:-5.220000,angle:-18.000000,distense:43.600000,rcs:9.000000
