timestame:1619469714.437000000,objid:1,type:0,xpos:0.000000,ypos:0.000000,xspeed:-1.290000,yspeed:5.060000,angle:19.090000,distense:37.000000,rcs:27.000000
timestame:1619469714.437000000,objid:3,type:0,xpos:0.000000,ypos:0.000000,xspeed:13.770000,yspeed:-1.070000,angle:1.010000,distense:151.400000,rcs:9.000000
timestame:1619469714.437000000,objid:6,type:0,xpos:0.000000,ypos:0.000000,xspeed:-1.590000,yspeed:7.090000,angle:18.520000,distense:36.800000,rcs:9.000000
