timestame:1619469534.898000000,objid:4,type:0,xpos:0.000000,ypos:0.000000,xspeed:16.450000,yspeed:0.650000,angle:2.380000,distense:77.200000,rcs:29.000000
timestame:1619469534.898000000,objid:7,type:0,xpos:0.000000,ypos:0.000000,xspeed:16.450000,yspeed:0.580000,angle:1.920000,distense:85.000000,rcs:20.000000
