timestame:1619470033.195000000,objid:1,type:0,xpos:0.000000,ypos:0.000000,xspeed:7.870000,yspeed:0.340000,angle:2.440000,distense:58.600000,rcs:29.000000
timestame:1619470033.195000000,objid:3,type:0,xpos:0.000000,ypos:0.000000,xspeed:9.740000,yspeed:0.160000,angle:0.660000,distense:23.000000,rcs:35.000000
timestame:1619470033.195000000,objid:4,type:0,xpos:0.000000,ypos:0.000000,xspeed:12.480000,yspeed:0.160000,angle:1.710000,distense:95.200000,rcs:15.000000
timestame:1619470033.195000000,objid:7,type:0,xpos:0.000000,ypos:0.000000,xspeed:1.280000,yspeed:-0.100000,angle:7.500000,distense:23.200000,rcs:24.000000
