timestame:1619470609.686000000,objid:0,type:0,xpos:0.000000,ypos:0.000000,xspeed:5.960000,yspeed:2.820000,angle:22.810000,distense:25.000000,rcs:22.000000
timestame:1619470609.686000000,objid:2,type:0,xpos:0.000000,ypos:0.000000,xspeed:7.110000,yspeed:1.280000,angle:18.070000,distense:30.800000,rcs:13.000000
