timestame:1619470223.495000000,objid:7,type:0,xpos:0.000000,ypos:0.000000,xspeed:9.070000,yspeed:4.900000,angle:-11.490000,distense:49.600000,rcs:12.000000
timestame:1619470223.495000000,objid:8,type:0,xpos:0.000000,ypos:0.000000,xspeed:-2.070000,yspeed:7.760000,angle:-3.210000,distense:40.000000,rcs:6.000000
timestame:1619470223.495000000,objid:11,type:0,xpos:0.000000,ypos:0.000000,xspeed:-2.270000,yspeed:7.000000,angle:-0.500000,distense:39.000000,rcs:13.000000
