timestame:1619471269.963000000,objid:2,type:0,xpos:0.000000,ypos:0.000000,xspeed:13.970000,yspeed:0.260000,angle:2.030000,distense:207.800000,rcs:15.000000
timestame:1619471269.963000000,objid:6,type:0,xpos:0.000000,ypos:0.000000,xspeed:13.660000,yspeed:0.090000,angle:1.830000,distense:218.800000,rcs:9.000000
timestame:1619471269.963000000,objid:10,type:0,xpos:0.000000,ypos:0.000000,xspeed:13.970000,yspeed:0.010000,angle:1.800000,distense:195.200000,rcs:28.000000
