timestame:1619470975.925000000,objid:0,type:0,xpos:0.000000,ypos:0.000000,xspeed:6.790000,yspeed:0.000000,angle:3.280000,distense:120.000000,rcs:22.000000
timestame:1619470975.925000000,objid:3,type:0,xpos:0.000000,ypos:0.000000,xspeed:7.260000,yspeed:-0.070000,angle:2.280000,distense:130.000000,rcs:6.000000
timestame:1619470975.925000000,objid:5,type:0,xpos:0.000000,ypos:0.000000,xspeed:-19.020000,yspeed:1.560000,angle:-6.470000,distense:125.400000,rcs:12.000000
timestame:1619470975.925000000,objid:9,type:0,xpos:0.000000,ypos:0.000000,xspeed:1.610000,yspeed:3.890000,angle:-3.930000,distense:46.200000,rcs:6.000000
