timestame:1619470647.944000000,objid:0,type:0,xpos:0.000000,ypos:0.000000,xspeed:-1.850000,yspeed:-10.110000,angle:7.430000,distense:41.000000,rcs:20.000000
timestame:1619470647.944000000,objid:2,type:0,xpos:0.000000,ypos:0.000000,xspeed:-5.570000,yspeed:-0.110000,angle:-6.160000,distense:140.800000,rcs:9.000000
timestame:1619470647.944000000,objid:4,type:0,xpos:0.000000,ypos:0.000000,xspeed:-1.630000,yspeed:-3.270000,angle:-18.000000,distense:41.000000,rcs:32.000000
timestame:1619470647.944000000,objid:9,type:0,xpos:0.000000,ypos:0.000000,xspeed:-1.830000,yspeed:-2.880000,angle:-10.990000,distense:41.000000,rcs:15.000000
