timestame:1619470510.367000000,objid:2,type:0,xpos:0.000000,ypos:0.000000,xspeed:-2.030000,yspeed:7.870000,angle:21.750000,distense:38.800000,rcs:18.000000
timestame:1619470510.367000000,objid:6,type:0,xpos:0.000000,ypos:0.000000,xspeed:-2.130000,yspeed:8.760000,angle:19.100000,distense:39.000000,rcs:6.000000
timestame:1619470510.367000000,objid:8,type:0,xpos:0.000000,ypos:0.000000,xspeed:-4.960000,yspeed:-2.040000,angle:7.940000,distense:74.800000,rcs:20.000000
timestame:1619470510.367000000,objid:10,type:0,xpos:0.000000,ypos:0.000000,xspeed:3.780000,yspeed:0.000000,angle:-0.270000,distense:12.000000,rcs:21.000000
