timestame:1619471163.860000000,objid:0,type:0,xpos:0.000000,ypos:0.000000,xspeed:-5.920000,yspeed:9.570000,angle:-3.200000,distense:169.600000,rcs:12.000000
timestame:1619471163.860000000,objid:3,type:0,xpos:0.000000,ypos:0.000000,xspeed:3.860000,yspeed:4.520000,angle:-11.610000,distense:41.600000,rcs:6.000000
timestame:1619471163.860000000,objid:5,type:0,xpos:0.000000,ypos:0.000000,xspeed:2.420000,yspeed:5.570000,angle:-3.620000,distense:48.800000,rcs:6.000000
timestame:1619471163.860000000,objid:8,type:0,xpos:0.000000,ypos:0.000000,xspeed:3.170000,yspeed:4.360000,angle:-8.890000,distense:43.600000,rcs:6.000000
