timestame:1619470447.672000000,objid:0,type:0,xpos:0.000000,ypos:0.000000,xspeed:18.300000,yspeed:-2.150000,angle:1.260000,distense:194.400000,rcs:9.000000
timestame:1619470447.672000000,objid:1,type:0,xpos:0.000000,ypos:0.000000,xspeed:-6.250000,yspeed:3.130000,angle:5.360000,distense:177.200000,rcs:6.000000
timestame:1619470447.672000000,objid:2,type:0,xpos:0.000000,ypos:0.000000,xspeed:4.540000,yspeed:-0.210000,angle:6.460000,distense:107.600000,rcs:20.000000
