timestame:1619471005.812000000,objid:2,type:0,xpos:0.000000,ypos:0.000000,xspeed:-8.750000,yspeed:0.000000,angle:-7.910000,distense:113.400000,rcs:19.000000
timestame:1619471005.812000000,objid:5,type:0,xpos:0.000000,ypos:0.000000,xspeed:9.030000,yspeed:0.000000,angle:-7.040000,distense:127.200000,rcs:16.000000
timestame:1619471005.812000000,objid:6,type:0,xpos:0.000000,ypos:0.000000,xspeed:9.500000,yspeed:8.830000,angle:-5.440000,distense:122.400000,rcs:6.000000
timestame:1619471005.812000000,objid:7,type:0,xpos:0.000000,ypos:0.000000,xspeed:-1.730000,yspeed:3.320000,angle:-18.000000,distense:50.600000,rcs:6.000000
