timestame:1619470029.353000000,objid:1,type:0,xpos:0.000000,ypos:0.000000,xspeed:4.960000,yspeed:0.460000,angle:2.050000,distense:29.200000,rcs:37.000000
timestame:1619470029.353000000,objid:2,type:0,xpos:0.000000,ypos:0.000000,xspeed:6.840000,yspeed:0.310000,angle:2.410000,distense:47.800000,rcs:39.000000
