timestame:1619469925.385000000,objid:1,type:0,xpos:0.000000,ypos:0.000000,xspeed:6.500000,yspeed:0.180000,angle:1.460000,distense:163.400000,rcs:16.000000
timestame:1619469925.385000000,objid:8,type:0,xpos:0.000000,ypos:0.000000,xspeed:6.480000,yspeed:0.100000,angle:1.330000,distense:156.200000,rcs:24.000000
