timestame:1619471089.194000000,objid:0,type:0,xpos:0.000000,ypos:0.000000,xspeed:9.770000,yspeed:0.420000,angle:1.860000,distense:84.400000,rcs:22.000000
timestame:1619471089.194000000,objid:1,type:0,xpos:0.000000,ypos:0.000000,xspeed:9.170000,yspeed:0.790000,angle:8.020000,distense:36.600000,rcs:29.000000
timestame:1619471089.194000000,objid:2,type:0,xpos:0.000000,ypos:0.000000,xspeed:4.760000,yspeed:0.520000,angle:2.440000,distense:36.600000,rcs:42.000000
timestame:1619471089.194000000,objid:4,type:0,xpos:0.000000,ypos:0.000000,xspeed:-22.130000,yspeed:-0.920000,angle:-11.880000,distense:66.600000,rcs:12.000000
