timestame:1619470424.639000000,objid:2,type:0,xpos:0.000000,ypos:0.000000,xspeed:1.530000,yspeed:-0.220000,angle:-14.200000,distense:28.000000,rcs:16.000000
timestame:1619470424.639000000,objid:7,type:0,xpos:0.000000,ypos:0.000000,xspeed:1.160000,yspeed:0.000000,angle:-18.000000,distense:73.800000,rcs:9.000000
timestame:1619470424.639000000,objid:8,type:0,xpos:0.000000,ypos:0.000000,xspeed:3.060000,yspeed:4.050000,angle:-9.670000,distense:42.200000,rcs:6.000000
