timestame:1619470488.087000000,objid:4,type:0,xpos:0.000000,ypos:0.000000,xspeed:-1.760000,yspeed:-4.150000,angle:-18.000000,distense:38.600000,rcs:6.000000
timestame:1619470488.087000000,objid:5,type:0,xpos:0.000000,ypos:0.000000,xspeed:-3.780000,yspeed:-2.890000,angle:-18.000000,distense:32.600000,rcs:12.000000
timestame:1619470488.087000000,objid:6,type:0,xpos:0.000000,ypos:0.000000,xspeed:-1.770000,yspeed:-3.650000,angle:-17.290000,distense:37.800000,rcs:32.000000
timestame:1619470488.087000000,objid:7,type:0,xpos:0.000000,ypos:0.000000,xspeed:1.610000,yspeed:12.440000,angle:-9.210000,distense:48.000000,rcs:16.000000
