timestame:1619471056.347000000,objid:10,type:0,xpos:0.000000,ypos:0.000000,xspeed:-3.100000,yspeed:-2.550000,angle:-18.000000,distense:32.200000,rcs:9.000000
timestame:1619471056.347000000,objid:13,type:0,xpos:0.000000,ypos:0.000000,xspeed:1.410000,yspeed:-7.500000,angle:-6.510000,distense:62.000000,rcs:13.000000
timestame:1619471056.347000000,objid:14,type:0,xpos:0.000000,ypos:0.000000,xspeed:-1.740000,yspeed:-3.060000,angle:-18.000000,distense:35.800000,rcs:26.000000
