timestame:1619471265.628000000,objid:0,type:0,xpos:0.000000,ypos:0.000000,xspeed:12.780000,yspeed:0.880000,angle:2.870000,distense:171.800000,rcs:12.000000
timestame:1619471265.628000000,objid:2,type:0,xpos:0.000000,ypos:0.000000,xspeed:13.070000,yspeed:0.120000,angle:2.540000,distense:147.600000,rcs:20.000000
timestame:1619471265.628000000,objid:6,type:0,xpos:0.000000,ypos:0.000000,xspeed:13.090000,yspeed:0.020000,angle:2.310000,distense:159.800000,rcs:6.000000
timestame:1619471265.628000000,objid:10,type:0,xpos:0.000000,ypos:0.000000,xspeed:13.050000,yspeed:-0.040000,angle:2.500000,distense:135.200000,rcs:9.000000
