timestame:1619469568.822000000,objid:2,type:0,xpos:0.000000,ypos:0.000000,xspeed:-1.220000,yspeed:-3.470000,angle:-11.910000,distense:36.200000,rcs:29.000000
timestame:1619469568.822000000,objid:3,type:0,xpos:0.000000,ypos:0.000000,xspeed:-1.140000,yspeed:-4.090000,angle:-18.000000,distense:42.200000,rcs:9.000000
timestame:1619469568.822000000,objid:11,type:0,xpos:0.000000,ypos:0.000000,xspeed:-2.940000,yspeed:-5.050000,angle:-18.000000,distense:32.800000,rcs:22.000000
timestame:1619469568.822000000,objid:17,type:0,xpos:0.000000,ypos:0.000000,xspeed:-8.290000,yspeed:-9.190000,angle:-18.000000,distense:39.400000,rcs:25.000000
