timestame:1619469645.668000000,objid:2,type:0,xpos:0.000000,ypos:0.000000,xspeed:12.650000,yspeed:0.940000,angle:5.530000,distense:73.400000,rcs:29.000000
timestame:1619469645.668000000,objid:6,type:0,xpos:0.000000,ypos:0.000000,xspeed:12.210000,yspeed:0.560000,angle:4.960000,distense:82.600000,rcs:16.000000
timestame:1619469645.668000000,objid:13,type:0,xpos:0.000000,ypos:0.000000,xspeed:15.170000,yspeed:0.580000,angle:2.260000,distense:130.000000,rcs:29.000000
timestame:1619469645.668000000,objid:14,type:0,xpos:0.000000,ypos:0.000000,xspeed:12.840000,yspeed:0.400000,angle:5.430000,distense:70.600000,rcs:23.000000
