timestame:1619470772.622000000,objid:0,type:0,xpos:0.000000,ypos:0.000000,xspeed:-9.710000,yspeed:-0.110000,angle:-6.530000,distense:129.200000,rcs:16.000000
timestame:1619470772.622000000,objid:1,type:0,xpos:0.000000,ypos:0.000000,xspeed:13.880000,yspeed:0.130000,angle:1.520000,distense:125.200000,rcs:18.000000
