timestame:1619470661.387000000,objid:0,type:0,xpos:0.000000,ypos:0.000000,xspeed:-2.550000,yspeed:-0.580000,angle:-9.640000,distense:97.400000,rcs:13.000000
timestame:1619470661.387000000,objid:2,type:0,xpos:0.000000,ypos:0.000000,xspeed:3.120000,yspeed:3.620000,angle:-11.200000,distense:43.800000,rcs:6.000000
timestame:1619470661.387000000,objid:3,type:0,xpos:0.000000,ypos:0.000000,xspeed:-1.720000,yspeed:-0.330000,angle:-7.670000,distense:109.600000,rcs:15.000000
timestame:1619470661.387000000,objid:8,type:0,xpos:0.000000,ypos:0.000000,xspeed:-5.620000,yspeed:4.090000,angle:-0.810000,distense:37.800000,rcs:6.000000
