timestame:1619470439.657000000,objid:1,type:0,xpos:0.000000,ypos:0.000000,xspeed:14.520000,yspeed:0.640000,angle:2.500000,distense:53.000000,rcs:30.000000
timestame:1619470439.657000000,objid:2,type:0,xpos:0.000000,ypos:0.000000,xspeed:3.780000,yspeed:-0.090000,angle:10.210000,distense:73.800000,rcs:22.000000
