timestame:1619470202.782000000,objid:0,type:0,xpos:0.000000,ypos:0.000000,xspeed:1.540000,yspeed:-1.980000,angle:4.910000,distense:142.800000,rcs:20.000000
timestame:1619470202.782000000,objid:1,type:0,xpos:0.000000,ypos:0.000000,xspeed:3.090000,yspeed:0.000000,angle:6.130000,distense:163.200000,rcs:9.000000
