timestame:1619470060.805000000,objid:0,type:0,xpos:0.000000,ypos:0.000000,xspeed:-11.250000,yspeed:-0.060000,angle:-6.110000,distense:72.600000,rcs:20.000000
timestame:1619470060.805000000,objid:1,type:0,xpos:0.000000,ypos:0.000000,xspeed:-20.630000,yspeed:1.700000,angle:-4.300000,distense:156.600000,rcs:9.000000
timestame:1619470060.805000000,objid:2,type:0,xpos:0.000000,ypos:0.000000,xspeed:-8.160000,yspeed:0.000000,angle:-5.410000,distense:79.400000,rcs:20.000000
timestame:1619470060.805000000,objid:5,type:0,xpos:0.000000,ypos:0.000000,xspeed:9.750000,yspeed:0.530000,angle:2.900000,distense:193.600000,rcs:19.000000
