timestame:1619470213.832000000,objid:1,type:0,xpos:0.000000,ypos:0.000000,xspeed:-2.310000,yspeed:10.280000,angle:-0.770000,distense:39.800000,rcs:6.000000
timestame:1619470213.832000000,objid:2,type:0,xpos:0.000000,ypos:0.000000,xspeed:-2.100000,yspeed:7.920000,angle:-0.400000,distense:39.800000,rcs:18.000000
timestame:1619470213.832000000,objid:6,type:0,xpos:0.000000,ypos:0.000000,xspeed:-6.130000,yspeed:10.230000,angle:4.500000,distense:37.400000,rcs:12.000000
timestame:1619470213.832000000,objid:9,type:0,xpos:0.000000,ypos:0.000000,xspeed:-1.170000,yspeed:13.400000,angle:4.320000,distense:39.200000,rcs:15.000000
