timestame:1619471404.534000000,objid:5,type:0,xpos:0.000000,ypos:0.000000,xspeed:-1.180000,yspeed:11.710000,angle:-17.200000,distense:41.400000,rcs:6.000000
timestame:1619471404.534000000,objid:6,type:0,xpos:0.000000,ypos:0.000000,xspeed:-34.680000,yspeed:0.000000,angle:-13.800000,distense:37.400000,rcs:20.000000
timestame:1619471404.534000000,objid:10,type:0,xpos:0.000000,ypos:0.000000,xspeed:-1.450000,yspeed:0.530000,angle:-14.750000,distense:47.200000,rcs:9.000000
