timestame:1619470841.925000000,objid:0,type:0,xpos:0.000000,ypos:0.000000,xspeed:1.000000,yspeed:2.900000,angle:-3.200000,distense:43.800000,rcs:6.000000
timestame:1619470841.925000000,objid:3,type:0,xpos:0.000000,ypos:0.000000,xspeed:2.430000,yspeed:2.750000,angle:-9.100000,distense:46.000000,rcs:6.000000
