timestame:1619469787.516000000,objid:1,type:0,xpos:0.000000,ypos:0.000000,xspeed:-16.020000,yspeed:0.160000,angle:-10.000000,distense:84.200000,rcs:18.000000
timestame:1619469787.516000000,objid:2,type:0,xpos:0.000000,ypos:0.000000,xspeed:16.920000,yspeed:0.290000,angle:1.070000,distense:220.400000,rcs:12.000000
timestame:1619469787.516000000,objid:4,type:0,xpos:0.000000,ypos:0.000000,xspeed:-16.900000,yspeed:-0.450000,angle:-12.460000,distense:74.800000,rcs:22.000000
timestame:1619469787.516000000,objid:10,type:0,xpos:0.000000,ypos:0.000000,xspeed:17.090000,yspeed:0.260000,angle:1.150000,distense:208.400000,rcs:32.000000
