timestame:1619470443.508000000,objid:1,type:0,xpos:0.000000,ypos:0.000000,xspeed:16.770000,yspeed:0.260000,angle:1.760000,distense:116.800000,rcs:19.000000
timestame:1619470443.508000000,objid:2,type:0,xpos:0.000000,ypos:0.000000,xspeed:3.950000,yspeed:-0.110000,angle:8.300000,distense:88.600000,rcs:13.000000
