timestame:1619470145.194000000,objid:0,type:0,xpos:0.000000,ypos:0.000000,xspeed:3.780000,yspeed:1.580000,angle:21.390000,distense:34.200000,rcs:13.000000
timestame:1619470145.194000000,objid:2,type:0,xpos:0.000000,ypos:0.000000,xspeed:3.670000,yspeed:0.370000,angle:20.200000,distense:28.200000,rcs:22.000000
