timestame:1619470881.944000000,objid:3,type:0,xpos:0.000000,ypos:0.000000,xspeed:-1.400000,yspeed:-2.780000,angle:-18.000000,distense:34.600000,rcs:24.000000
timestame:1619470881.944000000,objid:11,type:0,xpos:0.000000,ypos:0.000000,xspeed:-3.310000,yspeed:-12.680000,angle:14.840000,distense:40.200000,rcs:31.000000
timestame:1619470881.944000000,objid:23,type:0,xpos:0.000000,ypos:0.000000,xspeed:-1.450000,yspeed:-1.160000,angle:-18.000000,distense:48.800000,rcs:12.000000
