timestame:1619470448.975000000,objid:0,type:0,xpos:0.000000,ypos:0.000000,xspeed:18.900000,yspeed:1.100000,angle:1.420000,distense:219.600000,rcs:9.000000
timestame:1619470448.975000000,objid:1,type:0,xpos:0.000000,ypos:0.000000,xspeed:-5.540000,yspeed:-2.380000,angle:4.690000,distense:170.400000,rcs:6.000000
timestame:1619470448.975000000,objid:2,type:0,xpos:0.000000,ypos:0.000000,xspeed:4.800000,yspeed:-0.200000,angle:5.940000,distense:114.200000,rcs:25.000000
