timestame:1619469634.375000000,objid:1,type:0,xpos:0.000000,ypos:0.000000,xspeed:2.490000,yspeed:-2.100000,angle:17.100000,distense:22.000000,rcs:12.000000
timestame:1619469634.375000000,objid:3,type:0,xpos:0.000000,ypos:0.000000,xspeed:-6.470000,yspeed:2.520000,angle:-4.270000,distense:53.000000,rcs:22.000000
timestame:1619469634.375000000,objid:4,type:0,xpos:0.000000,ypos:0.000000,xspeed:2.330000,yspeed:2.230000,angle:-13.750000,distense:25.200000,rcs:6.000000
