timestame:1619471093.046000000,objid:1,type:0,xpos:0.000000,ypos:0.000000,xspeed:12.480000,yspeed:-0.260000,angle:3.040000,distense:84.400000,rcs:12.000000
timestame:1619471093.046000000,objid:2,type:0,xpos:0.000000,ypos:0.000000,xspeed:7.030000,yspeed:0.280000,angle:2.290000,distense:63.600000,rcs:48.000000
timestame:1619471093.046000000,objid:5,type:0,xpos:0.000000,ypos:0.000000,xspeed:12.820000,yspeed:0.270000,angle:1.620000,distense:135.000000,rcs:9.000000
