timestame:1619471150.082000000,objid:1,type:0,xpos:0.000000,ypos:0.000000,xspeed:-1.260000,yspeed:5.980000,angle:-13.040000,distense:42.000000,rcs:6.000000
timestame:1619471150.082000000,objid:2,type:0,xpos:0.000000,ypos:0.000000,xspeed:-1.720000,yspeed:3.300000,angle:-13.340000,distense:43.800000,rcs:15.000000
timestame:1619471150.082000000,objid:3,type:0,xpos:0.000000,ypos:0.000000,xspeed:11.410000,yspeed:-4.960000,angle:-17.440000,distense:51.400000,rcs:13.000000
