timestame:1619469685.133000000,objid:1,type:0,xpos:0.000000,ypos:0.000000,xspeed:-2.860000,yspeed:3.940000,angle:-13.450000,distense:49.200000,rcs:12.000000
timestame:1619469685.133000000,objid:2,type:0,xpos:0.000000,ypos:0.000000,xspeed:-1.750000,yspeed:5.660000,angle:-18.000000,distense:48.600000,rcs:13.000000
timestame:1619469685.133000000,objid:3,type:0,xpos:0.000000,ypos:0.000000,xspeed:-1.660000,yspeed:0.700000,angle:20.320000,distense:49.000000,rcs:18.000000
timestame:1619469685.133000000,objid:4,type:0,xpos:0.000000,ypos:0.000000,xspeed:-2.170000,yspeed:7.480000,angle:-17.010000,distense:49.600000,rcs:16.000000
