timestame:1619469918.565000000,objid:1,type:0,xpos:0.000000,ypos:0.000000,xspeed:5.850000,yspeed:0.120000,angle:1.540000,distense:121.200000,rcs:12.000000
timestame:1619469918.565000000,objid:8,type:0,xpos:0.000000,ypos:0.000000,xspeed:5.790000,yspeed:0.130000,angle:1.590000,distense:114.400000,rcs:25.000000
