timestame:1619471410.928000000,objid:2,type:0,xpos:0.000000,ypos:0.000000,xspeed:-4.170000,yspeed:-1.930000,angle:-18.000000,distense:38.600000,rcs:34.000000
timestame:1619471410.928000000,objid:4,type:0,xpos:0.000000,ypos:0.000000,xspeed:-1.530000,yspeed:-0.390000,angle:-1.620000,distense:41.800000,rcs:20.000000
timestame:1619471410.928000000,objid:7,type:0,xpos:0.000000,ypos:0.000000,xspeed:-2.460000,yspeed:-2.980000,angle:-18.000000,distense:36.800000,rcs:13.000000
timestame:1619471410.928000000,objid:12,type:0,xpos:0.000000,ypos:0.000000,xspeed:-9.320000,yspeed:-0.460000,angle:-4.490000,distense:178.800000,rcs:9.000000
