timestame:1619471235.715000000,objid:0,type:0,xpos:0.000000,ypos:0.000000,xspeed:8.050000,yspeed:0.090000,angle:1.410000,distense:139.400000,rcs:12.000000
timestame:1619471235.715000000,objid:9,type:0,xpos:0.000000,ypos:0.000000,xspeed:7.770000,yspeed:0.110000,angle:1.500000,distense:129.200000,rcs:29.000000
