timestame:1619470701.132000000,objid:0,type:0,xpos:0.000000,ypos:0.000000,xspeed:5.530000,yspeed:0.000000,angle:18.700000,distense:23.600000,rcs:22.000000
timestame:1619470701.132000000,objid:1,type:0,xpos:0.000000,ypos:0.000000,xspeed:9.450000,yspeed:0.130000,angle:3.760000,distense:107.800000,rcs:20.000000
timestame:1619470701.132000000,objid:2,type:0,xpos:0.000000,ypos:0.000000,xspeed:-8.940000,yspeed:0.450000,angle:-11.400000,distense:95.200000,rcs:12.000000
