timestame:1619470772.997000000,objid:0,type:0,xpos:0.000000,ypos:0.000000,xspeed:-9.490000,yspeed:-0.100000,angle:-6.680000,distense:126.200000,rcs:20.000000
timestame:1619470772.997000000,objid:1,type:0,xpos:0.000000,ypos:0.000000,xspeed:13.880000,yspeed:0.130000,angle:1.480000,distense:130.200000,rcs:18.000000
timestame:1619470772.997000000,objid:2,type:0,xpos:0.000000,ypos:0.000000,xspeed:11.400000,yspeed:-8.790000,angle:1.410000,distense:133.000000,rcs:6.000000
