timestame:1619470142.898000000,objid:0,type:0,xpos:0.000000,ypos:0.000000,xspeed:4.590000,yspeed:0.180000,angle:20.330000,distense:25.000000,rcs:22.000000
timestame:1619470142.898000000,objid:1,type:0,xpos:0.000000,ypos:0.000000,xspeed:1.730000,yspeed:-0.210000,angle:13.660000,distense:29.800000,rcs:6.000000
timestame:1619470142.898000000,objid:3,type:0,xpos:0.000000,ypos:0.000000,xspeed:12.350000,yspeed:-7.930000,angle:6.820000,distense:32.000000,rcs:6.000000
timestame:1619470142.898000000,objid:4,type:0,xpos:0.000000,ypos:0.000000,xspeed:-3.890000,yspeed:-0.350000,angle:14.910000,distense:24.800000,rcs:6.000000
