timestame:1619469704.944000000,objid:1,type:0,xpos:0.000000,ypos:0.000000,xspeed:-1.510000,yspeed:-3.260000,angle:-18.000000,distense:41.200000,rcs:24.000000
timestame:1619469704.944000000,objid:4,type:0,xpos:0.000000,ypos:0.000000,xspeed:-1.060000,yspeed:-3.350000,angle:-15.720000,distense:42.200000,rcs:23.000000
timestame:1619469704.944000000,objid:6,type:0,xpos:0.000000,ypos:0.000000,xspeed:-1.220000,yspeed:-0.830000,angle:-18.000000,distense:38.200000,rcs:23.000000
timestame:1619469704.944000000,objid:14,type:0,xpos:0.000000,ypos:0.000000,xspeed:-3.120000,yspeed:-3.010000,angle:-18.000000,distense:38.800000,rcs:21.000000
