timestame:1619471224.185000000,objid:0,type:0,xpos:0.000000,ypos:0.000000,xspeed:2.260000,yspeed:0.360000,angle:2.110000,distense:61.600000,rcs:6.000000
timestame:1619471224.185000000,objid:1,type:0,xpos:0.000000,ypos:0.000000,xspeed:5.990000,yspeed:-0.290000,angle:-5.050000,distense:33.400000,rcs:27.000000
timestame:1619471224.185000000,objid:6,type:0,xpos:0.000000,ypos:0.000000,xspeed:4.620000,yspeed:0.360000,angle:2.620000,distense:69.000000,rcs:6.000000
timestame:1619471224.185000000,objid:9,type:0,xpos:0.000000,ypos:0.000000,xspeed:4.730000,yspeed:0.040000,angle:2.520000,distense:50.400000,rcs:40.000000
