timestame:1619470425.132000000,objid:2,type:0,xpos:0.000000,ypos:0.000000,xspeed:1.760000,yspeed:-0.120000,angle:-15.130000,distense:29.000000,rcs:20.000000
timestame:1619470425.132000000,objid:7,type:0,xpos:0.000000,ypos:0.000000,xspeed:13.400000,yspeed:14.180000,angle:-15.690000,distense:79.000000,rcs:6.000000
timestame:1619470425.132000000,objid:8,type:0,xpos:0.000000,ypos:0.000000,xspeed:2.990000,yspeed:3.990000,angle:-8.530000,distense:44.200000,rcs:6.000000
