timestame:1619469700.254000000,objid:2,type:0,xpos:0.000000,ypos:0.000000,xspeed:-2.090000,yspeed:-1.960000,angle:-18.000000,distense:40.200000,rcs:24.000000
timestame:1619469700.254000000,objid:5,type:0,xpos:0.000000,ypos:0.000000,xspeed:-4.120000,yspeed:-2.290000,angle:-18.000000,distense:36.600000,rcs:12.000000
timestame:1619469700.254000000,objid:8,type:0,xpos:0.000000,ypos:0.000000,xspeed:2.670000,yspeed:5.890000,angle:-1.130000,distense:47.800000,rcs:9.000000
