timestame:1619470375.397000000,objid:1,type:0,xpos:0.000000,ypos:0.000000,xspeed:-1.750000,yspeed:-3.350000,angle:-18.000000,distense:37.400000,rcs:19.000000
timestame:1619470375.397000000,objid:8,type:0,xpos:0.000000,ypos:0.000000,xspeed:1.780000,yspeed:-4.580000,angle:0.520000,distense:64.000000,rcs:15.000000
timestame:1619470375.397000000,objid:18,type:0,xpos:0.000000,ypos:0.000000,xspeed:-7.180000,yspeed:-0.040000,angle:-7.530000,distense:89.200000,rcs:15.000000
