timestame:1619471269.655000000,objid:2,type:0,xpos:0.000000,ypos:0.000000,xspeed:13.860000,yspeed:0.160000,angle:1.980000,distense:203.400000,rcs:12.000000
timestame:1619471269.655000000,objid:4,type:0,xpos:0.000000,ypos:0.000000,xspeed:-1.050000,yspeed:-2.370000,angle:19.040000,distense:53.400000,rcs:12.000000
timestame:1619471269.655000000,objid:6,type:0,xpos:0.000000,ypos:0.000000,xspeed:13.660000,yspeed:0.090000,angle:1.850000,distense:214.800000,rcs:9.000000
timestame:1619471269.655000000,objid:10,type:0,xpos:0.000000,ypos:0.000000,xspeed:13.920000,yspeed:0.050000,angle:1.870000,distense:191.000000,rcs:27.000000
