timestame:1619470796.895000000,objid:5,type:0,xpos:0.000000,ypos:0.000000,xspeed:2.550000,yspeed:-10.820000,angle:-18.000000,distense:71.400000,rcs:9.000000
timestame:1619470796.895000000,objid:6,type:0,xpos:0.000000,ypos:0.000000,xspeed:1.610000,yspeed:-2.640000,angle:-9.320000,distense:42.600000,rcs:32.000000
timestame:1619470796.895000000,objid:12,type:0,xpos:0.000000,ypos:0.000000,xspeed:2.120000,yspeed:-11.120000,angle:-18.000000,distense:67.000000,rcs:6.000000
timestame:1619470796.895000000,objid:15,type:0,xpos:0.000000,ypos:0.000000,xspeed:-4.900000,yspeed:-1.720000,angle:-18.000000,distense:37.000000,rcs:12.000000
