timestame:1619471499.414000000,objid:0,type:0,xpos:0.000000,ypos:0.000000,xspeed:7.950000,yspeed:0.120000,angle:1.780000,distense:93.200000,rcs:25.000000
timestame:1619471499.414000000,objid:3,type:0,xpos:0.000000,ypos:0.000000,xspeed:7.800000,yspeed:0.040000,angle:3.310000,distense:122.400000,rcs:20.000000
timestame:1619471499.414000000,objid:10,type:0,xpos:0.000000,ypos:0.000000,xspeed:7.130000,yspeed:0.340000,angle:5.480000,distense:81.600000,rcs:22.000000
