timestame:1619470007.562000000,objid:9,type:0,xpos:0.000000,ypos:0.000000,xspeed:-2.230000,yspeed:-2.880000,angle:-18.000000,distense:34.000000,rcs:15.000000
timestame:1619470007.562000000,objid:11,type:0,xpos:0.000000,ypos:0.000000,xspeed:-2.900000,yspeed:-2.080000,angle:-18.000000,distense:31.200000,rcs:6.000000
