timestame:1619471251.275000000,objid:1,type:0,xpos:0.000000,ypos:0.000000,xspeed:1.740000,yspeed:2.860000,angle:-0.090000,distense:75.000000,rcs:16.000000
timestame:1619471251.275000000,objid:3,type:0,xpos:0.000000,ypos:0.000000,xspeed:-17.050000,yspeed:-1.840000,angle:-5.190000,distense:161.600000,rcs:12.000000
