timestame:1619469697.028000000,objid:3,type:0,xpos:0.000000,ypos:0.000000,xspeed:-1.240000,yspeed:-2.680000,angle:-2.010000,distense:45.000000,rcs:13.000000
timestame:1619469697.028000000,objid:10,type:0,xpos:0.000000,ypos:0.000000,xspeed:-2.410000,yspeed:7.790000,angle:-12.560000,distense:42.600000,rcs:15.000000
