timestame:1619470050.542000000,objid:0,type:0,xpos:0.000000,ypos:0.000000,xspeed:7.000000,yspeed:0.030000,angle:3.560000,distense:108.800000,rcs:6.000000
timestame:1619470050.542000000,objid:5,type:0,xpos:0.000000,ypos:0.000000,xspeed:6.990000,yspeed:0.190000,angle:4.060000,distense:99.200000,rcs:25.000000
