timestame:1619471364.574000000,objid:1,type:0,xpos:0.000000,ypos:0.000000,xspeed:3.660000,yspeed:-0.690000,angle:3.940000,distense:96.400000,rcs:20.000000
timestame:1619471364.574000000,objid:2,type:0,xpos:0.000000,ypos:0.000000,xspeed:6.970000,yspeed:-0.260000,angle:3.680000,distense:101.800000,rcs:19.000000
timestame:1619471364.574000000,objid:4,type:0,xpos:0.000000,ypos:0.000000,xspeed:6.670000,yspeed:0.110000,angle:4.760000,distense:95.000000,rcs:6.000000
timestame:1619471364.574000000,objid:7,type:0,xpos:0.000000,ypos:0.000000,xspeed:10.920000,yspeed:0.290000,angle:1.650000,distense:124.200000,rcs:26.000000
