timestame:1619470472.677000000,objid:1,type:0,xpos:0.000000,ypos:0.000000,xspeed:-12.110000,yspeed:2.920000,angle:-3.350000,distense:162.800000,rcs:9.000000
timestame:1619470472.677000000,objid:2,type:0,xpos:0.000000,ypos:0.000000,xspeed:1.600000,yspeed:-4.900000,angle:16.550000,distense:69.400000,rcs:9.000000
