timestame:1619470058.552000000,objid:0,type:0,xpos:0.000000,ypos:0.000000,xspeed:-13.090000,yspeed:0.690000,angle:-4.150000,distense:96.800000,rcs:23.000000
timestame:1619470058.552000000,objid:5,type:0,xpos:0.000000,ypos:0.000000,xspeed:9.350000,yspeed:0.300000,angle:2.730000,distense:171.800000,rcs:26.000000
