timestame:1619471403.834000000,objid:2,type:0,xpos:0.000000,ypos:0.000000,xspeed:1.160000,yspeed:-0.770000,angle:2.870000,distense:41.800000,rcs:23.000000
timestame:1619471403.834000000,objid:4,type:0,xpos:0.000000,ypos:0.000000,xspeed:-2.190000,yspeed:9.080000,angle:13.390000,distense:40.000000,rcs:6.000000
timestame:1619471403.834000000,objid:12,type:0,xpos:0.000000,ypos:0.000000,xspeed:-19.250000,yspeed:-2.510000,angle:11.040000,distense:32.400000,rcs:9.000000
