timestame:1619469788.689000000,objid:1,type:0,xpos:0.000000,ypos:0.000000,xspeed:-16.230000,yspeed:-0.480000,angle:-14.020000,distense:66.200000,rcs:27.000000
timestame:1619469788.689000000,objid:4,type:0,xpos:0.000000,ypos:0.000000,xspeed:-16.650000,yspeed:-0.710000,angle:-17.740000,distense:57.200000,rcs:24.000000
