timestame:1619469621.429000000,objid:1,type:0,xpos:0.000000,ypos:0.000000,xspeed:-2.980000,yspeed:0.070000,angle:-14.460000,distense:65.600000,rcs:26.000000
timestame:1619469621.429000000,objid:2,type:0,xpos:0.000000,ypos:0.000000,xspeed:-3.650000,yspeed:-0.680000,angle:-12.880000,distense:77.400000,rcs:19.000000
timestame:1619469621.429000000,objid:4,type:0,xpos:0.000000,ypos:0.000000,xspeed:-15.550000,yspeed:0.150000,angle:-6.800000,distense:90.400000,rcs:19.000000
