timestame:1619470377.255000000,objid:1,type:0,xpos:0.000000,ypos:0.000000,xspeed:-2.380000,yspeed:-2.280000,angle:-18.000000,distense:34.400000,rcs:13.000000
timestame:1619470377.255000000,objid:5,type:0,xpos:0.000000,ypos:0.000000,xspeed:-2.820000,yspeed:-2.270000,angle:-18.000000,distense:35.400000,rcs:28.000000
timestame:1619470377.255000000,objid:8,type:0,xpos:0.000000,ypos:0.000000,xspeed:1.260000,yspeed:-5.850000,angle:-9.080000,distense:66.800000,rcs:15.000000
timestame:1619470377.255000000,objid:18,type:0,xpos:0.000000,ypos:0.000000,xspeed:-5.170000,yspeed:-0.330000,angle:-8.960000,distense:80.600000,rcs:13.000000
