timestame:1619470608.263000000,objid:0,type:0,xpos:0.000000,ypos:0.000000,xspeed:21.570000,yspeed:-4.410000,angle:20.100000,distense:21.400000,rcs:20.000000
timestame:1619470608.263000000,objid:2,type:0,xpos:0.000000,ypos:0.000000,xspeed:8.210000,yspeed:2.550000,angle:-17.470000,distense:21.000000,rcs:15.000000
