timestame:1619471213.525000000,objid:3,type:0,xpos:0.000000,ypos:0.000000,xspeed:5.790000,yspeed:2.500000,angle:-17.100000,distense:31.400000,rcs:32.000000
timestame:1619471213.525000000,objid:4,type:0,xpos:0.000000,ypos:0.000000,xspeed:-7.750000,yspeed:-0.500000,angle:-18.000000,distense:31.600000,rcs:6.000000
timestame:1619471213.525000000,objid:5,type:0,xpos:0.000000,ypos:0.000000,xspeed:-6.880000,yspeed:-0.330000,angle:-18.000000,distense:30.200000,rcs:9.000000
timestame:1619471213.525000000,objid:10,type:0,xpos:0.000000,ypos:0.000000,xspeed:-3.260000,yspeed:1.180000,angle:1.380000,distense:26.800000,rcs:6.000000
