timestame:1619469532.223000000,objid:1,type:0,xpos:0.000000,ypos:0.000000,xspeed:1.700000,yspeed:-5.040000,angle:-18.000000,distense:79.800000,rcs:6.000000
timestame:1619469532.223000000,objid:4,type:0,xpos:0.000000,ypos:0.000000,xspeed:16.170000,yspeed:1.530000,angle:2.910000,distense:32.800000,rcs:41.000000
timestame:1619469532.223000000,objid:7,type:0,xpos:0.000000,ypos:0.000000,xspeed:17.370000,yspeed:0.340000,angle:1.460000,distense:41.000000,rcs:35.000000
