timestame:1619469762.193000000,objid:3,type:0,xpos:0.000000,ypos:0.000000,xspeed:5.230000,yspeed:0.720000,angle:19.910000,distense:21.800000,rcs:20.000000
timestame:1619469762.193000000,objid:5,type:0,xpos:0.000000,ypos:0.000000,xspeed:-18.330000,yspeed:0.100000,angle:-13.060000,distense:73.800000,rcs:18.000000
timestame:1619469762.193000000,objid:6,type:0,xpos:0.000000,ypos:0.000000,xspeed:3.780000,yspeed:1.540000,angle:-15.190000,distense:17.800000,rcs:13.000000
