timestame:1619470191.775000000,objid:0,type:0,xpos:0.000000,ypos:0.000000,xspeed:-5.410000,yspeed:6.210000,angle:6.440000,distense:43.800000,rcs:28.000000
timestame:1619470191.775000000,objid:1,type:0,xpos:0.000000,ypos:0.000000,xspeed:2.320000,yspeed:2.300000,angle:5.990000,distense:137.000000,rcs:27.000000
timestame:1619470191.775000000,objid:2,type:0,xpos:0.000000,ypos:0.000000,xspeed:-5.280000,yspeed:4.940000,angle:9.190000,distense:42.600000,rcs:32.000000
