timestame:1619470274.954000000,objid:1,type:0,xpos:0.000000,ypos:0.000000,xspeed:-10.650000,yspeed:-0.200000,angle:-4.760000,distense:113.800000,rcs:15.000000
timestame:1619470274.954000000,objid:2,type:0,xpos:0.000000,ypos:0.000000,xspeed:-1.180000,yspeed:0.510000,angle:-6.680000,distense:93.200000,rcs:12.000000
