timestame:1619470003.346000000,objid:2,type:0,xpos:0.000000,ypos:0.000000,xspeed:-3.400000,yspeed:-1.560000,angle:-18.000000,distense:34.800000,rcs:19.000000
timestame:1619470003.346000000,objid:6,type:0,xpos:0.000000,ypos:0.000000,xspeed:1.440000,yspeed:-0.380000,angle:-18.000000,distense:40.800000,rcs:13.000000
timestame:1619470003.346000000,objid:7,type:0,xpos:0.000000,ypos:0.000000,xspeed:-1.730000,yspeed:-1.610000,angle:8.520000,distense:40.400000,rcs:32.000000
timestame:1619470003.346000000,objid:19,type:0,xpos:0.000000,ypos:0.000000,xspeed:1.320000,yspeed:0.200000,angle:12.470000,distense:15.000000,rcs:22.000000
