timestame:1619470664.614000000,objid:0,type:0,xpos:0.000000,ypos:0.000000,xspeed:-1.290000,yspeed:0.100000,angle:-9.710000,distense:93.800000,rcs:15.000000
timestame:1619470664.614000000,objid:1,type:0,xpos:0.000000,ypos:0.000000,xspeed:3.150000,yspeed:-4.440000,angle:-18.000000,distense:54.800000,rcs:9.000000
timestame:1619470664.614000000,objid:3,type:0,xpos:0.000000,ypos:0.000000,xspeed:-1.650000,yspeed:-0.010000,angle:-7.960000,distense:104.800000,rcs:6.000000
