timestame:1619469619.944000000,objid:1,type:0,xpos:0.000000,ypos:0.000000,xspeed:-2.230000,yspeed:0.030000,angle:-13.560000,distense:70.800000,rcs:18.000000
timestame:1619469619.944000000,objid:3,type:0,xpos:0.000000,ypos:0.000000,xspeed:-1.840000,yspeed:-0.050000,angle:-11.100000,distense:84.600000,rcs:19.000000
timestame:1619469619.944000000,objid:4,type:0,xpos:0.000000,ypos:0.000000,xspeed:-16.300000,yspeed:1.090000,angle:-4.860000,distense:112.800000,rcs:19.000000
timestame:1619469619.944000000,objid:5,type:0,xpos:0.000000,ypos:0.000000,xspeed:-10.010000,yspeed:3.270000,angle:-13.520000,distense:167.800000,rcs:9.000000
