timestame:1619471305.850000000,objid:0,type:0,xpos:0.000000,ypos:0.000000,xspeed:3.140000,yspeed:2.850000,angle:22.510000,distense:21.000000,rcs:12.000000
timestame:1619471305.850000000,objid:1,type:0,xpos:0.000000,ypos:0.000000,xspeed:-7.150000,yspeed:0.490000,angle:-18.000000,distense:36.200000,rcs:13.000000
