timestame:1619471500.154000000,objid:0,type:0,xpos:0.000000,ypos:0.000000,xspeed:7.950000,yspeed:0.170000,angle:1.810000,distense:99.000000,rcs:25.000000
timestame:1619471500.154000000,objid:3,type:0,xpos:0.000000,ypos:0.000000,xspeed:8.100000,yspeed:0.010000,angle:3.120000,distense:128.800000,rcs:13.000000
timestame:1619471500.154000000,objid:10,type:0,xpos:0.000000,ypos:0.000000,xspeed:7.370000,yspeed:0.250000,angle:5.130000,distense:87.200000,rcs:20.000000
