timestame:1619471410.620000000,objid:2,type:0,xpos:0.000000,ypos:0.000000,xspeed:-4.470000,yspeed:-1.760000,angle:-18.000000,distense:39.400000,rcs:32.000000
timestame:1619471410.620000000,objid:4,type:0,xpos:0.000000,ypos:0.000000,xspeed:-1.700000,yspeed:0.080000,angle:-0.770000,distense:42.000000,rcs:34.000000
timestame:1619471410.620000000,objid:7,type:0,xpos:0.000000,ypos:0.000000,xspeed:-2.390000,yspeed:-3.200000,angle:-18.000000,distense:37.400000,rcs:22.000000
timestame:1619471410.620000000,objid:12,type:0,xpos:0.000000,ypos:0.000000,xspeed:-9.420000,yspeed:-0.400000,angle:-4.340000,distense:181.400000,rcs:9.000000
