timestame:1619470464.996000000,objid:0,type:0,xpos:0.000000,ypos:0.000000,xspeed:-13.490000,yspeed:-0.690000,angle:-18.000000,distense:40.000000,rcs:15.000000
timestame:1619470464.996000000,objid:2,type:0,xpos:0.000000,ypos:0.000000,xspeed:5.820000,yspeed:0.130000,angle:3.050000,distense:204.600000,rcs:9.000000
