timestame:1619470060.312000000,objid:0,type:0,xpos:0.000000,ypos:0.000000,xspeed:-11.580000,yspeed:-0.050000,angle:-5.680000,distense:77.400000,rcs:20.000000
timestame:1619470060.312000000,objid:1,type:0,xpos:0.000000,ypos:0.000000,xspeed:-22.010000,yspeed:5.970000,angle:-3.870000,distense:166.200000,rcs:9.000000
timestame:1619470060.312000000,objid:5,type:0,xpos:0.000000,ypos:0.000000,xspeed:9.620000,yspeed:0.560000,angle:2.930000,distense:188.800000,rcs:22.000000
