timestame:1619470749.277000000,objid:4,type:0,xpos:0.000000,ypos:0.000000,xspeed:-6.130000,yspeed:0.950000,angle:-18.000000,distense:32.600000,rcs:6.000000
timestame:1619470749.277000000,objid:7,type:0,xpos:0.000000,ypos:0.000000,xspeed:1.160000,yspeed:9.700000,angle:-8.720000,distense:49.000000,rcs:16.000000
