timestame:1619471153.824000000,objid:1,type:0,xpos:0.000000,ypos:0.000000,xspeed:-7.320000,yspeed:-5.820000,angle:4.360000,distense:73.000000,rcs:9.000000
timestame:1619471153.824000000,objid:2,type:0,xpos:0.000000,ypos:0.000000,xspeed:-2.260000,yspeed:10.830000,angle:-6.950000,distense:42.800000,rcs:6.000000
timestame:1619471153.824000000,objid:4,type:0,xpos:0.000000,ypos:0.000000,xspeed:-12.740000,yspeed:-4.100000,angle:-8.500000,distense:87.000000,rcs:19.000000
