timestame:1619470841.052000000,objid:0,type:0,xpos:0.000000,ypos:0.000000,xspeed:1.160000,yspeed:2.370000,angle:-6.160000,distense:41.200000,rcs:12.000000
timestame:1619470841.052000000,objid:3,type:0,xpos:0.000000,ypos:0.000000,xspeed:2.660000,yspeed:2.620000,angle:-10.700000,distense:43.000000,rcs:6.000000
timestame:1619470841.052000000,objid:7,type:0,xpos:0.000000,ypos:0.000000,xspeed:13.200000,yspeed:0.420000,angle:2.390000,distense:217.800000,rcs:9.000000
