timestame:1619470213.524000000,objid:1,type:0,xpos:0.000000,ypos:0.000000,xspeed:-2.230000,yspeed:9.810000,angle:-5.410000,distense:40.800000,rcs:12.000000
timestame:1619470213.524000000,objid:2,type:0,xpos:0.000000,ypos:0.000000,xspeed:-2.130000,yspeed:8.000000,angle:-3.600000,distense:40.400000,rcs:15.000000
timestame:1619470213.524000000,objid:6,type:0,xpos:0.000000,ypos:0.000000,xspeed:-5.260000,yspeed:10.750000,angle:-0.010000,distense:39.200000,rcs:12.000000
timestame:1619470213.524000000,objid:9,type:0,xpos:0.000000,ypos:0.000000,xspeed:1.540000,yspeed:6.880000,angle:-2.700000,distense:40.200000,rcs:12.000000
