timestame:1619470705.176000000,objid:0,type:0,xpos:0.000000,ypos:0.000000,xspeed:3.410000,yspeed:3.550000,angle:-12.420000,distense:42.000000,rcs:6.000000
timestame:1619470705.176000000,objid:1,type:0,xpos:0.000000,ypos:0.000000,xspeed:11.400000,yspeed:0.010000,angle:2.480000,distense:153.600000,rcs:13.000000
timestame:1619470705.176000000,objid:2,type:0,xpos:0.000000,ypos:0.000000,xspeed:-7.480000,yspeed:-1.300000,angle:-18.000000,distense:66.800000,rcs:9.000000
