timestame:1619470569.882000000,objid:1,type:0,xpos:0.000000,ypos:0.000000,xspeed:3.900000,yspeed:2.900000,angle:-12.910000,distense:38.800000,rcs:21.000000
timestame:1619470569.882000000,objid:3,type:0,xpos:0.000000,ypos:0.000000,xspeed:15.490000,yspeed:0.140000,angle:1.030000,distense:195.400000,rcs:21.000000
timestame:1619470569.882000000,objid:5,type:0,xpos:0.000000,ypos:0.000000,xspeed:-1.640000,yspeed:3.390000,angle:-2.620000,distense:42.400000,rcs:6.000000
