timestame:1619471135.201000000,objid:0,type:0,xpos:0.000000,ypos:0.000000,xspeed:-1.460000,yspeed:0.000000,angle:16.670000,distense:40.400000,rcs:26.000000
timestame:1619471135.201000000,objid:7,type:0,xpos:0.000000,ypos:0.000000,xspeed:-20.110000,yspeed:0.000000,angle:17.130000,distense:37.000000,rcs:39.000000
