timestame:1619471063.801000000,objid:0,type:0,xpos:0.000000,ypos:0.000000,xspeed:-7.080000,yspeed:0.690000,angle:-4.710000,distense:118.200000,rcs:15.000000
timestame:1619471063.801000000,objid:3,type:0,xpos:0.000000,ypos:0.000000,xspeed:-8.490000,yspeed:-4.520000,angle:-4.220000,distense:167.200000,rcs:9.000000
timestame:1619471063.801000000,objid:9,type:0,xpos:0.000000,ypos:0.000000,xspeed:-1.620000,yspeed:-0.050000,angle:-9.890000,distense:74.400000,rcs:20.000000
