timestame:1619469646.225000000,objid:2,type:0,xpos:0.000000,ypos:0.000000,xspeed:12.800000,yspeed:1.000000,angle:5.430000,distense:81.400000,rcs:15.000000
timestame:1619469646.225000000,objid:13,type:0,xpos:0.000000,ypos:0.000000,xspeed:15.140000,yspeed:0.640000,angle:2.320000,distense:139.000000,rcs:37.000000
timestame:1619469646.225000000,objid:14,type:0,xpos:0.000000,ypos:0.000000,xspeed:12.870000,yspeed:0.420000,angle:5.110000,distense:78.400000,rcs:23.000000
