timestame:1619470977.351000000,objid:0,type:0,xpos:0.000000,ypos:0.000000,xspeed:6.880000,yspeed:-0.220000,angle:2.720000,distense:130.000000,rcs:22.000000
timestame:1619470977.351000000,objid:2,type:0,xpos:0.000000,ypos:0.000000,xspeed:-17.660000,yspeed:-0.220000,angle:-2.840000,distense:183.600000,rcs:12.000000
timestame:1619470977.351000000,objid:3,type:0,xpos:0.000000,ypos:0.000000,xspeed:7.100000,yspeed:0.110000,angle:2.310000,distense:140.000000,rcs:6.000000
timestame:1619470977.351000000,objid:5,type:0,xpos:0.000000,ypos:0.000000,xspeed:-19.190000,yspeed:0.060000,angle:-8.930000,distense:98.200000,rcs:16.000000
