timestame:1619470570.875000000,objid:1,type:0,xpos:0.000000,ypos:0.000000,xspeed:3.350000,yspeed:3.360000,angle:-10.020000,distense:43.200000,rcs:12.000000
timestame:1619470570.875000000,objid:3,type:0,xpos:0.000000,ypos:0.000000,xspeed:15.430000,yspeed:0.260000,angle:1.110000,distense:211.000000,rcs:22.000000
