timestame:1619470014.313000000,objid:0,type:0,xpos:0.000000,ypos:0.000000,xspeed:-2.030000,yspeed:-1.720000,angle:-18.000000,distense:32.000000,rcs:12.000000
timestame:1619470014.313000000,objid:1,type:0,xpos:0.000000,ypos:0.000000,xspeed:-1.420000,yspeed:-3.570000,angle:14.760000,distense:40.800000,rcs:33.000000
timestame:1619470014.313000000,objid:8,type:0,xpos:0.000000,ypos:0.000000,xspeed:-4.070000,yspeed:2.940000,angle:0.220000,distense:56.800000,rcs:6.000000
