timestame:1619471151.887000000,objid:0,type:0,xpos:0.000000,ypos:0.000000,xspeed:-1.360000,yspeed:8.580000,angle:9.870000,distense:39.800000,rcs:27.000000
timestame:1619471151.887000000,objid:1,type:0,xpos:0.000000,ypos:0.000000,xspeed:-8.840000,yspeed:-2.510000,angle:11.010000,distense:88.000000,rcs:13.000000
timestame:1619471151.887000000,objid:7,type:0,xpos:0.000000,ypos:0.000000,xspeed:-1.020000,yspeed:6.440000,angle:3.980000,distense:40.400000,rcs:6.000000
