timestame:1619470330.050000000,objid:0,type:0,xpos:0.000000,ypos:0.000000,xspeed:16.230000,yspeed:-0.420000,angle:0.420000,distense:178.600000,rcs:31.000000
timestame:1619470330.050000000,objid:2,type:0,xpos:0.000000,ypos:0.000000,xspeed:9.720000,yspeed:0.330000,angle:1.070000,distense:202.400000,rcs:16.000000
timestame:1619470330.050000000,objid:4,type:0,xpos:0.000000,ypos:0.000000,xspeed:-1.150000,yspeed:-1.200000,angle:13.120000,distense:67.600000,rcs:6.000000
timestame:1619470330.050000000,objid:5,type:0,xpos:0.000000,ypos:0.000000,xspeed:9.400000,yspeed:0.280000,angle:1.300000,distense:216.600000,rcs:9.000000
