timestame:1619469995.904000000,objid:8,type:0,xpos:0.000000,ypos:0.000000,xspeed:1.120000,yspeed:2.990000,angle:-1.040000,distense:44.800000,rcs:6.000000
timestame:1619469995.904000000,objid:15,type:0,xpos:0.000000,ypos:0.000000,xspeed:-1.330000,yspeed:-2.110000,angle:-18.000000,distense:35.600000,rcs:28.000000
timestame:1619469995.904000000,objid:18,type:0,xpos:0.000000,ypos:0.000000,xspeed:3.010000,yspeed:1.010000,angle:-1.190000,distense:61.400000,rcs:9.000000
timestame:1619469995.904000000,objid:24,type:0,xpos:0.000000,ypos:0.000000,xspeed:1.870000,yspeed:3.320000,angle:-7.670000,distense:41.200000,rcs:9.000000
