timestame:1619471165.964000000,objid:0,type:0,xpos:0.000000,ypos:0.000000,xspeed:-10.890000,yspeed:0.540000,angle:-3.540000,distense:146.600000,rcs:6.000000
timestame:1619471165.964000000,objid:2,type:0,xpos:0.000000,ypos:0.000000,xspeed:-9.770000,yspeed:-0.360000,angle:-3.540000,distense:151.000000,rcs:15.000000
timestame:1619471165.964000000,objid:3,type:0,xpos:0.000000,ypos:0.000000,xspeed:2.090000,yspeed:5.550000,angle:-0.990000,distense:51.000000,rcs:6.000000
