timestame:1619469924.822000000,objid:1,type:0,xpos:0.000000,ypos:0.000000,xspeed:6.320000,yspeed:0.240000,angle:1.520000,distense:159.600000,rcs:16.000000
timestame:1619469924.822000000,objid:8,type:0,xpos:0.000000,ypos:0.000000,xspeed:6.300000,yspeed:0.010000,angle:1.270000,distense:152.400000,rcs:18.000000
