timestame:1619471153.572000000,objid:1,type:0,xpos:0.000000,ypos:0.000000,xspeed:-7.440000,yspeed:-5.720000,angle:5.440000,distense:74.600000,rcs:9.000000
timestame:1619471153.572000000,objid:2,type:0,xpos:0.000000,ypos:0.000000,xspeed:-2.260000,yspeed:10.830000,angle:-10.300000,distense:42.000000,rcs:6.000000
