timestame:1619470058.055000000,objid:0,type:0,xpos:0.000000,ypos:0.000000,xspeed:-12.950000,yspeed:1.170000,angle:-3.840000,distense:103.200000,rcs:15.000000
timestame:1619470058.055000000,objid:5,type:0,xpos:0.000000,ypos:0.000000,xspeed:9.390000,yspeed:0.410000,angle:2.850000,distense:167.400000,rcs:22.000000
