timestame:1619470217.306000000,objid:6,type:0,xpos:0.000000,ypos:0.000000,xspeed:-1.710000,yspeed:0.230000,angle:-18.000000,distense:48.000000,rcs:9.000000
timestame:1619470217.306000000,objid:8,type:0,xpos:0.000000,ypos:0.000000,xspeed:-1.260000,yspeed:9.520000,angle:14.470000,distense:40.000000,rcs:31.000000
timestame:1619470217.306000000,objid:14,type:0,xpos:0.000000,ypos:0.000000,xspeed:-3.190000,yspeed:7.250000,angle:-11.790000,distense:45.200000,rcs:12.000000
