timestame:1619471162.804000000,objid:3,type:0,xpos:0.000000,ypos:0.000000,xspeed:4.660000,yspeed:4.200000,angle:-15.570000,distense:36.200000,rcs:24.000000
timestame:1619471162.804000000,objid:4,type:0,xpos:0.000000,ypos:0.000000,xspeed:-4.050000,yspeed:-1.810000,angle:-18.000000,distense:30.400000,rcs:6.000000
timestame:1619471162.804000000,objid:5,type:0,xpos:0.000000,ypos:0.000000,xspeed:3.380000,yspeed:5.520000,angle:-8.560000,distense:43.800000,rcs:6.000000
timestame:1619471162.804000000,objid:8,type:0,xpos:0.000000,ypos:0.000000,xspeed:4.750000,yspeed:3.390000,angle:-14.590000,distense:39.600000,rcs:22.000000
