timestame:1619471446.397000000,objid:3,type:0,xpos:0.000000,ypos:0.000000,xspeed:-3.870000,yspeed:-0.490000,angle:-5.860000,distense:114.600000,rcs:22.000000
timestame:1619471446.397000000,objid:11,type:0,xpos:0.000000,ypos:0.000000,xspeed:-3.440000,yspeed:-0.260000,angle:-6.580000,distense:103.800000,rcs:13.000000
timestame:1619471446.397000000,objid:13,type:0,xpos:0.000000,ypos:0.000000,xspeed:-2.450000,yspeed:-0.110000,angle:13.990000,distense:54.800000,rcs:12.000000
