timestame:1619471225.853000000,objid:1,type:0,xpos:0.000000,ypos:0.000000,xspeed:5.700000,yspeed:-1.530000,angle:-8.110000,distense:43.200000,rcs:22.000000
timestame:1619471225.853000000,objid:6,type:0,xpos:0.000000,ypos:0.000000,xspeed:5.120000,yspeed:0.300000,angle:2.590000,distense:78.200000,rcs:6.000000
timestame:1619471225.853000000,objid:9,type:0,xpos:0.000000,ypos:0.000000,xspeed:5.210000,yspeed:0.110000,angle:2.410000,distense:59.800000,rcs:46.000000
