timestame:1619469621.055000000,objid:1,type:0,xpos:0.000000,ypos:0.000000,xspeed:-2.680000,yspeed:0.050000,angle:-14.160000,distense:67.200000,rcs:20.000000
timestame:1619469621.055000000,objid:2,type:0,xpos:0.000000,ypos:0.000000,xspeed:-3.670000,yspeed:-0.270000,angle:-12.280000,distense:78.600000,rcs:26.000000
timestame:1619469621.055000000,objid:4,type:0,xpos:0.000000,ypos:0.000000,xspeed:-15.610000,yspeed:0.280000,angle:-6.280000,distense:96.000000,rcs:9.000000
timestame:1619469621.055000000,objid:5,type:0,xpos:0.000000,ypos:0.000000,xspeed:-7.700000,yspeed:0.060000,angle:-13.060000,distense:160.000000,rcs:6.000000
