timestame:1619470167.302000000,objid:0,type:0,xpos:0.000000,ypos:0.000000,xspeed:5.510000,yspeed:0.230000,angle:2.220000,distense:38.600000,rcs:31.000000
timestame:1619470167.302000000,objid:3,type:0,xpos:0.000000,ypos:0.000000,xspeed:7.300000,yspeed:0.410000,angle:6.140000,distense:69.600000,rcs:28.000000
