timestame:1619470125.209000000,objid:3,type:0,xpos:0.000000,ypos:0.000000,xspeed:-7.490000,yspeed:-1.290000,angle:12.380000,distense:35.000000,rcs:19.000000
timestame:1619470125.209000000,objid:4,type:0,xpos:0.000000,ypos:0.000000,xspeed:4.150000,yspeed:1.710000,angle:-17.660000,distense:33.400000,rcs:25.000000
timestame:1619470125.209000000,objid:6,type:0,xpos:0.000000,ypos:0.000000,xspeed:4.030000,yspeed:3.250000,angle:-13.490000,distense:39.400000,rcs:24.000000
