timestame:1619470167.918000000,objid:0,type:0,xpos:0.000000,ypos:0.000000,xspeed:6.030000,yspeed:0.100000,angle:1.910000,distense:43.000000,rcs:41.000000
timestame:1619470167.918000000,objid:3,type:0,xpos:0.000000,ypos:0.000000,xspeed:7.690000,yspeed:0.370000,angle:5.830000,distense:74.800000,rcs:29.000000
