timestame:1619470482.690000000,objid:1,type:0,xpos:0.000000,ypos:0.000000,xspeed:-4.070000,yspeed:-0.150000,angle:-7.750000,distense:88.200000,rcs:27.000000
timestame:1619470482.690000000,objid:2,type:0,xpos:0.000000,ypos:0.000000,xspeed:1.700000,yspeed:-0.130000,angle:10.830000,distense:83.600000,rcs:6.000000
timestame:1619470482.690000000,objid:3,type:0,xpos:0.000000,ypos:0.000000,xspeed:4.850000,yspeed:-1.050000,angle:19.890000,distense:46.000000,rcs:28.000000
timestame:1619470482.690000000,objid:8,type:0,xpos:0.000000,ypos:0.000000,xspeed:-19.820000,yspeed:0.000000,angle:16.560000,distense:41.400000,rcs:30.000000
