timestame:1619470941.286000000,objid:1,type:0,xpos:0.000000,ypos:0.000000,xspeed:-4.870000,yspeed:-0.180000,angle:-15.330000,distense:61.600000,rcs:24.000000
timestame:1619470941.286000000,objid:5,type:0,xpos:0.000000,ypos:0.000000,xspeed:-5.600000,yspeed:0.160000,angle:-14.840000,distense:64.800000,rcs:21.000000
timestame:1619470941.286000000,objid:10,type:0,xpos:0.000000,ypos:0.000000,xspeed:-4.290000,yspeed:0.400000,angle:-10.920000,distense:63.200000,rcs:6.000000
