timestame:1619470216.307000000,objid:2,type:0,xpos:0.000000,ypos:0.000000,xspeed:-2.630000,yspeed:0.000000,angle:1.180000,distense:40.600000,rcs:22.000000
timestame:1619470216.307000000,objid:7,type:0,xpos:0.000000,ypos:0.000000,xspeed:-2.430000,yspeed:6.580000,angle:-1.540000,distense:41.200000,rcs:6.000000
timestame:1619470216.307000000,objid:13,type:0,xpos:0.000000,ypos:0.000000,xspeed:-8.660000,yspeed:-4.010000,angle:-18.000000,distense:50.400000,rcs:9.000000
