timestame:1619469697.336000000,objid:1,type:0,xpos:0.000000,ypos:0.000000,xspeed:-2.980000,yspeed:10.430000,angle:-15.300000,distense:46.000000,rcs:30.000000
timestame:1619469697.336000000,objid:2,type:0,xpos:0.000000,ypos:0.000000,xspeed:-1.670000,yspeed:-2.820000,angle:-16.290000,distense:44.000000,rcs:26.000000
timestame:1619469697.336000000,objid:3,type:0,xpos:0.000000,ypos:0.000000,xspeed:-1.010000,yspeed:-2.090000,angle:-2.260000,distense:45.000000,rcs:9.000000
timestame:1619469697.336000000,objid:10,type:0,xpos:0.000000,ypos:0.000000,xspeed:-2.390000,yspeed:7.710000,angle:-8.850000,distense:43.200000,rcs:6.000000
