timestame:1619471405.529000000,objid:0,type:0,xpos:0.000000,ypos:0.000000,xspeed:1.260000,yspeed:-0.890000,angle:7.490000,distense:44.800000,rcs:34.000000
timestame:1619471405.529000000,objid:2,type:0,xpos:0.000000,ypos:0.000000,xspeed:-1.390000,yspeed:-1.320000,angle:19.640000,distense:45.400000,rcs:26.000000
timestame:1619471405.529000000,objid:5,type:0,xpos:0.000000,ypos:0.000000,xspeed:-10.890000,yspeed:-3.440000,angle:7.620000,distense:169.800000,rcs:9.000000
timestame:1619471405.529000000,objid:10,type:0,xpos:0.000000,ypos:0.000000,xspeed:-1.180000,yspeed:-0.350000,angle:-15.020000,distense:45.800000,rcs:6.000000
