timestame:1619470510.799000000,objid:6,type:0,xpos:0.000000,ypos:0.000000,xspeed:-2.150000,yspeed:8.740000,angle:-16.430000,distense:39.400000,rcs:6.000000
timestame:1619470510.799000000,objid:8,type:0,xpos:0.000000,ypos:0.000000,xspeed:-4.810000,yspeed:-2.600000,angle:6.720000,distense:72.800000,rcs:12.000000
timestame:1619470510.799000000,objid:10,type:0,xpos:0.000000,ypos:0.000000,xspeed:4.250000,yspeed:-0.150000,angle:0.360000,distense:14.000000,rcs:6.000000
