timestame:1619470111.748000000,objid:2,type:0,xpos:0.000000,ypos:0.000000,xspeed:6.700000,yspeed:1.030000,angle:17.860000,distense:27.600000,rcs:26.000000
timestame:1619470111.748000000,objid:5,type:0,xpos:0.000000,ypos:0.000000,xspeed:3.310000,yspeed:3.680000,angle:-7.940000,distense:45.200000,rcs:6.000000
timestame:1619470111.748000000,objid:7,type:0,xpos:0.000000,ypos:0.000000,xspeed:6.380000,yspeed:1.240000,angle:-16.910000,distense:25.800000,rcs:38.000000
