timestame:1619471224.124000000,objid:0,type:0,xpos:0.000000,ypos:0.000000,xspeed:2.260000,yspeed:0.360000,angle:2.100000,distense:61.400000,rcs:6.000000
timestame:1619471224.124000000,objid:1,type:0,xpos:0.000000,ypos:0.000000,xspeed:5.970000,yspeed:-0.250000,angle:-5.000000,distense:33.000000,rcs:21.000000
timestame:1619471224.124000000,objid:6,type:0,xpos:0.000000,ypos:0.000000,xspeed:4.580000,yspeed:0.400000,angle:2.680000,distense:68.600000,rcs:6.000000
timestame:1619471224.124000000,objid:9,type:0,xpos:0.000000,ypos:0.000000,xspeed:4.690000,yspeed:0.040000,angle:2.520000,distense:50.000000,rcs:45.000000
