timestame:1619470950.284000000,objid:2,type:0,xpos:0.000000,ypos:0.000000,xspeed:20.660000,yspeed:0.090000,angle:2.050000,distense:40.000000,rcs:19.000000
timestame:1619470950.284000000,objid:3,type:0,xpos:0.000000,ypos:0.000000,xspeed:1.560000,yspeed:0.120000,angle:1.250000,distense:42.800000,rcs:6.000000
