timestame:1619470770.563000000,objid:0,type:0,xpos:0.000000,ypos:0.000000,xspeed:-10.940000,yspeed:-0.280000,angle:-5.730000,distense:148.000000,rcs:9.000000
timestame:1619470770.563000000,objid:1,type:0,xpos:0.000000,ypos:0.000000,xspeed:12.290000,yspeed:0.250000,angle:1.970000,distense:95.200000,rcs:24.000000
timestame:1619470770.563000000,objid:2,type:0,xpos:0.000000,ypos:0.000000,xspeed:-11.300000,yspeed:1.010000,angle:-6.130000,distense:144.800000,rcs:15.000000
