timestame:1619469540.234000000,objid:4,type:0,xpos:0.000000,ypos:0.000000,xspeed:17.680000,yspeed:0.100000,angle:1.280000,distense:170.200000,rcs:20.000000
timestame:1619469540.234000000,objid:7,type:0,xpos:0.000000,ypos:0.000000,xspeed:17.580000,yspeed:0.090000,angle:1.050000,distense:177.200000,rcs:6.000000
