timestame:1619469953.944000000,objid:6,type:0,xpos:0.000000,ypos:0.000000,xspeed:4.720000,yspeed:-6.050000,angle:-3.340000,distense:44.600000,rcs:12.000000
timestame:1619469953.944000000,objid:10,type:0,xpos:0.000000,ypos:0.000000,xspeed:-3.990000,yspeed:13.090000,angle:-3.780000,distense:38.400000,rcs:6.000000
timestame:1619469953.944000000,objid:14,type:0,xpos:0.000000,ypos:0.000000,xspeed:-3.640000,yspeed:9.060000,angle:-0.170000,distense:37.200000,rcs:20.000000
timestame:1619469953.944000000,objid:16,type:0,xpos:0.000000,ypos:0.000000,xspeed:2.620000,yspeed:0.000000,angle:-12.090000,distense:57.800000,rcs:27.000000
