timestame:1619470256.728000000,objid:4,type:0,xpos:0.000000,ypos:0.000000,xspeed:3.730000,yspeed:3.280000,angle:-10.420000,distense:41.000000,rcs:6.000000
timestame:1619470256.728000000,objid:8,type:0,xpos:0.000000,ypos:0.000000,xspeed:1.110000,yspeed:3.190000,angle:-6.640000,distense:47.200000,rcs:6.000000
