timestame:1619469856.789000000,objid:0,type:0,xpos:0.000000,ypos:0.000000,xspeed:-1.870000,yspeed:-2.490000,angle:-7.600000,distense:43.600000,rcs:39.000000
timestame:1619469856.789000000,objid:3,type:0,xpos:0.000000,ypos:0.000000,xspeed:-1.120000,yspeed:-2.900000,angle:-15.190000,distense:42.800000,rcs:6.000000
timestame:1619469856.789000000,objid:5,type:0,xpos:0.000000,ypos:0.000000,xspeed:-1.550000,yspeed:-1.340000,angle:-7.860000,distense:60.200000,rcs:9.000000
timestame:1619469856.789000000,objid:10,type:0,xpos:0.000000,ypos:0.000000,xspeed:-10.520000,yspeed:-0.070000,angle:-5.360000,distense:122.200000,rcs:9.000000
