timestame:1619470438.044000000,objid:1,type:0,xpos:0.000000,ypos:0.000000,xspeed:13.340000,yspeed:0.460000,angle:2.310000,distense:28.800000,rcs:38.000000
timestame:1619470438.044000000,objid:2,type:0,xpos:0.000000,ypos:0.000000,xspeed:3.850000,yspeed:0.080000,angle:11.360000,distense:67.800000,rcs:22.000000
