timestame:1619470441.276000000,objid:1,type:0,xpos:0.000000,ypos:0.000000,xspeed:15.200000,yspeed:0.640000,angle:2.440000,distense:78.400000,rcs:13.000000
timestame:1619470441.276000000,objid:2,type:0,xpos:0.000000,ypos:0.000000,xspeed:3.810000,yspeed:0.020000,angle:9.540000,distense:80.000000,rcs:20.000000
