timestame:1619470952.386000000,objid:0,type:0,xpos:0.000000,ypos:0.000000,xspeed:5.110000,yspeed:-0.200000,angle:0.690000,distense:33.600000,rcs:34.000000
timestame:1619470952.386000000,objid:10,type:0,xpos:0.000000,ypos:0.000000,xspeed:3.690000,yspeed:-0.190000,angle:2.610000,distense:18.600000,rcs:35.000000
timestame:1619470952.386000000,objid:12,type:0,xpos:0.000000,ypos:0.000000,xspeed:2.840000,yspeed:-3.980000,angle:-1.060000,distense:44.200000,rcs:20.000000
