timestame:1619470611.047000000,objid:3,type:0,xpos:0.000000,ypos:0.000000,xspeed:1.560000,yspeed:5.430000,angle:-12.560000,distense:33.400000,rcs:18.000000
timestame:1619470611.047000000,objid:4,type:0,xpos:0.000000,ypos:0.000000,xspeed:4.830000,yspeed:-1.040000,angle:-17.960000,distense:31.000000,rcs:13.000000
