timestame:1619469874.597000000,objid:0,type:0,xpos:0.000000,ypos:0.000000,xspeed:-3.000000,yspeed:-0.410000,angle:-18.000000,distense:24.200000,rcs:6.000000
timestame:1619469874.597000000,objid:6,type:0,xpos:0.000000,ypos:0.000000,xspeed:11.530000,yspeed:-4.930000,angle:15.860000,distense:54.600000,rcs:12.000000
timestame:1619469874.597000000,objid:17,type:0,xpos:0.000000,ypos:0.000000,xspeed:4.920000,yspeed:-4.310000,angle:9.880000,distense:67.600000,rcs:6.000000
