timestame:1619470002.599000000,objid:2,type:0,xpos:0.000000,ypos:0.000000,xspeed:-6.100000,yspeed:-7.010000,angle:-18.000000,distense:36.000000,rcs:12.000000
timestame:1619470002.599000000,objid:6,type:0,xpos:0.000000,ypos:0.000000,xspeed:1.580000,yspeed:-0.570000,angle:-18.000000,distense:40.200000,rcs:24.000000
timestame:1619470002.599000000,objid:11,type:0,xpos:0.000000,ypos:0.000000,xspeed:-1.500000,yspeed:-0.350000,angle:-18.000000,distense:28.600000,rcs:6.000000
timestame:1619470002.599000000,objid:19,type:0,xpos:0.000000,ypos:0.000000,xspeed:1.430000,yspeed:-0.060000,angle:11.520000,distense:14.200000,rcs:31.000000
