timestame:1619471223.379000000,objid:0,type:0,xpos:0.000000,ypos:0.000000,xspeed:2.370000,yspeed:0.380000,angle:1.900000,distense:59.800000,rcs:6.000000
timestame:1619471223.379000000,objid:1,type:0,xpos:0.000000,ypos:0.000000,xspeed:5.960000,yspeed:-0.790000,angle:-6.040000,distense:28.400000,rcs:32.000000
timestame:1619471223.379000000,objid:6,type:0,xpos:0.000000,ypos:0.000000,xspeed:4.390000,yspeed:0.250000,angle:2.380000,distense:64.800000,rcs:12.000000
timestame:1619471223.379000000,objid:9,type:0,xpos:0.000000,ypos:0.000000,xspeed:4.410000,yspeed:0.380000,angle:3.220000,distense:46.000000,rcs:47.000000
