timestame:1619470757.034000000,objid:2,type:0,xpos:0.000000,ypos:0.000000,xspeed:-2.100000,yspeed:-1.060000,angle:-18.000000,distense:31.400000,rcs:18.000000
timestame:1619470757.034000000,objid:3,type:0,xpos:0.000000,ypos:0.000000,xspeed:5.010000,yspeed:-6.520000,angle:-1.000000,distense:47.600000,rcs:20.000000
timestame:1619470757.034000000,objid:10,type:0,xpos:0.000000,ypos:0.000000,xspeed:-3.370000,yspeed:-0.770000,angle:-18.000000,distense:27.000000,rcs:6.000000
timestame:1619470757.034000000,objid:11,type:0,xpos:0.000000,ypos:0.000000,xspeed:-2.550000,yspeed:0.140000,angle:-18.000000,distense:25.400000,rcs:9.000000
