timestame:1619469618.005000000,objid:1,type:0,xpos:0.000000,ypos:0.000000,xspeed:-1.100000,yspeed:0.300000,angle:-12.500000,distense:76.000000,rcs:21.000000
timestame:1619469618.005000000,objid:2,type:0,xpos:0.000000,ypos:0.000000,xspeed:14.620000,yspeed:9.590000,angle:-4.530000,distense:100.800000,rcs:6.000000
timestame:1619469618.005000000,objid:4,type:0,xpos:0.000000,ypos:0.000000,xspeed:-18.450000,yspeed:2.620000,angle:-4.470000,distense:144.000000,rcs:9.000000
timestame:1619469618.005000000,objid:6,type:0,xpos:0.000000,ypos:0.000000,xspeed:-2.040000,yspeed:0.000000,angle:-11.920000,distense:78.800000,rcs:23.000000
