timestame:1619470466.670000000,objid:1,type:0,xpos:0.000000,ypos:0.000000,xspeed:-13.180000,yspeed:-1.720000,angle:-18.000000,distense:24.000000,rcs:6.000000
timestame:1619470466.670000000,objid:2,type:0,xpos:0.000000,ypos:0.000000,xspeed:5.760000,yspeed:0.390000,angle:3.240000,distense:214.400000,rcs:9.000000
