timestame:1619470663.502000000,objid:0,type:0,xpos:0.000000,ypos:0.000000,xspeed:-1.560000,yspeed:-0.020000,angle:-9.810000,distense:94.800000,rcs:24.000000
timestame:1619470663.502000000,objid:3,type:0,xpos:0.000000,ypos:0.000000,xspeed:-1.290000,yspeed:-0.210000,angle:-7.980000,distense:107.200000,rcs:9.000000
