timestame:1619469917.944000000,objid:1,type:0,xpos:0.000000,ypos:0.000000,xspeed:5.700000,yspeed:0.180000,angle:1.620000,distense:117.600000,rcs:15.000000
timestame:1619469917.944000000,objid:8,type:0,xpos:0.000000,ypos:0.000000,xspeed:5.760000,yspeed:0.040000,angle:1.510000,distense:110.800000,rcs:26.000000
