timestame:1619470007.747000000,objid:9,type:0,xpos:0.000000,ypos:0.000000,xspeed:-2.380000,yspeed:-2.820000,angle:-18.000000,distense:33.400000,rcs:13.000000
timestame:1619470007.747000000,objid:11,type:0,xpos:0.000000,ypos:0.000000,xspeed:-2.910000,yspeed:-2.020000,angle:-18.000000,distense:31.000000,rcs:6.000000
