timestame:1619470531.555000000,objid:0,type:0,xpos:0.000000,ypos:0.000000,xspeed:-14.180000,yspeed:0.930000,angle:-6.340000,distense:117.200000,rcs:6.000000
timestame:1619470531.555000000,objid:1,type:0,xpos:0.000000,ypos:0.000000,xspeed:-9.390000,yspeed:0.350000,angle:-7.090000,distense:122.000000,rcs:15.000000
