timestame:1619470213.647000000,objid:1,type:0,xpos:0.000000,ypos:0.000000,xspeed:-2.230000,yspeed:9.810000,angle:-3.790000,distense:40.400000,rcs:12.000000
timestame:1619470213.647000000,objid:2,type:0,xpos:0.000000,ypos:0.000000,xspeed:-2.060000,yspeed:7.920000,angle:-2.430000,distense:40.200000,rcs:15.000000
timestame:1619470213.647000000,objid:6,type:0,xpos:0.000000,ypos:0.000000,xspeed:-6.130000,yspeed:10.230000,angle:1.630000,distense:38.400000,rcs:12.000000
