timestame:1619469889.344000000,objid:2,type:0,xpos:0.000000,ypos:0.000000,xspeed:-3.520000,yspeed:-0.200000,angle:-12.940000,distense:59.400000,rcs:20.000000
timestame:1619469889.344000000,objid:5,type:0,xpos:0.000000,ypos:0.000000,xspeed:-2.720000,yspeed:-0.270000,angle:-17.010000,distense:60.000000,rcs:6.000000
timestame:1619469889.344000000,objid:16,type:0,xpos:0.000000,ypos:0.000000,xspeed:-3.510000,yspeed:-0.190000,angle:-10.660000,distense:70.000000,rcs:23.000000
