timestame:1619469917.445000000,objid:1,type:0,xpos:0.000000,ypos:0.000000,xspeed:5.510000,yspeed:0.060000,angle:1.490000,distense:114.400000,rcs:18.000000
timestame:1619469917.445000000,objid:8,type:0,xpos:0.000000,ypos:0.000000,xspeed:5.660000,yspeed:0.020000,angle:1.520000,distense:108.000000,rcs:25.000000
