timestame:1619470767.408000000,objid:0,type:0,xpos:0.000000,ypos:0.000000,xspeed:-11.730000,yspeed:-2.790000,angle:-4.670000,distense:183.600000,rcs:22.000000
timestame:1619470767.408000000,objid:9,type:0,xpos:0.000000,ypos:0.000000,xspeed:7.280000,yspeed:0.220000,angle:2.380000,distense:55.200000,rcs:27.000000
