timestame:1619470832.018000000,objid:0,type:0,xpos:0.000000,ypos:0.000000,xspeed:7.170000,yspeed:-5.660000,angle:3.420000,distense:107.400000,rcs:23.000000
timestame:1619470832.018000000,objid:1,type:0,xpos:0.000000,ypos:0.000000,xspeed:9.450000,yspeed:0.070000,angle:2.950000,distense:113.400000,rcs:19.000000
timestame:1619470832.018000000,objid:3,type:0,xpos:0.000000,ypos:0.000000,xspeed:8.810000,yspeed:0.030000,angle:3.610000,distense:105.200000,rcs:25.000000
timestame:1619470832.018000000,objid:6,type:0,xpos:0.000000,ypos:0.000000,xspeed:12.310000,yspeed:-0.010000,angle:1.250000,distense:145.800000,rcs:9.000000
