timestame:1619470640.325000000,objid:2,type:0,xpos:0.000000,ypos:0.000000,xspeed:-6.120000,yspeed:-1.120000,angle:-4.720000,distense:186.800000,rcs:9.000000
timestame:1619470640.325000000,objid:6,type:0,xpos:0.000000,ypos:0.000000,xspeed:-1.510000,yspeed:3.950000,angle:-18.000000,distense:48.600000,rcs:12.000000
timestame:1619470640.325000000,objid:13,type:0,xpos:0.000000,ypos:0.000000,xspeed:-4.750000,yspeed:0.150000,angle:-18.000000,distense:46.600000,rcs:13.000000
