timestame:1619469913.483000000,objid:0,type:0,xpos:0.000000,ypos:0.000000,xspeed:-6.020000,yspeed:1.950000,angle:-18.000000,distense:35.600000,rcs:9.000000
timestame:1619469913.483000000,objid:1,type:0,xpos:0.000000,ypos:0.000000,xspeed:4.820000,yspeed:0.040000,angle:1.680000,distense:92.200000,rcs:19.000000
timestame:1619469913.483000000,objid:2,type:0,xpos:0.000000,ypos:0.000000,xspeed:12.050000,yspeed:0.230000,angle:2.600000,distense:173.000000,rcs:18.000000
timestame:1619469913.483000000,objid:8,type:0,xpos:0.000000,ypos:0.000000,xspeed:4.780000,yspeed:-0.020000,angle:1.950000,distense:85.400000,rcs:27.000000
