timestame:1619471319.893000000,objid:1,type:0,xpos:0.000000,ypos:0.000000,xspeed:-7.080000,yspeed:-0.550000,angle:-6.300000,distense:102.400000,rcs:18.000000
timestame:1619471319.893000000,objid:2,type:0,xpos:0.000000,ypos:0.000000,xspeed:1.440000,yspeed:-6.490000,angle:21.640000,distense:46.000000,rcs:20.000000
timestame:1619471319.893000000,objid:3,type:0,xpos:0.000000,ypos:0.000000,xspeed:-14.980000,yspeed:1.180000,angle:-3.000000,distense:186.200000,rcs:6.000000
timestame:1619471319.893000000,objid:4,type:0,xpos:0.000000,ypos:0.000000,xspeed:-15.700000,yspeed:-2.220000,angle:-2.640000,distense:192.800000,rcs:9.000000
