timestame:1619470635.112000000,objid:1,type:0,xpos:0.000000,ypos:0.000000,xspeed:-1.020000,yspeed:1.990000,angle:-18.000000,distense:33.600000,rcs:20.000000
timestame:1619470635.112000000,objid:2,type:0,xpos:0.000000,ypos:0.000000,xspeed:-2.230000,yspeed:0.010000,angle:-8.780000,distense:81.000000,rcs:15.000000
timestame:1619470635.112000000,objid:3,type:0,xpos:0.000000,ypos:0.000000,xspeed:3.770000,yspeed:-6.070000,angle:-16.980000,distense:51.200000,rcs:18.000000
