timestame:1619469910.874000000,objid:1,type:0,xpos:0.000000,ypos:0.000000,xspeed:4.140000,yspeed:-0.050000,angle:1.860000,distense:79.200000,rcs:22.000000
timestame:1619469910.874000000,objid:2,type:0,xpos:0.000000,ypos:0.000000,xspeed:10.350000,yspeed:0.060000,angle:2.880000,distense:140.400000,rcs:22.000000
timestame:1619469910.874000000,objid:8,type:0,xpos:0.000000,ypos:0.000000,xspeed:4.160000,yspeed:0.150000,angle:2.410000,distense:72.400000,rcs:34.000000
