timestame:1619471231.799000000,objid:0,type:0,xpos:0.000000,ypos:0.000000,xspeed:6.840000,yspeed:-0.070000,angle:1.730000,distense:107.800000,rcs:6.000000
timestame:1619471231.799000000,objid:1,type:0,xpos:0.000000,ypos:0.000000,xspeed:2.780000,yspeed:-5.470000,angle:-18.000000,distense:71.800000,rcs:6.000000
timestame:1619471231.799000000,objid:9,type:0,xpos:0.000000,ypos:0.000000,xspeed:6.850000,yspeed:-0.040000,angle:1.650000,distense:99.200000,rcs:23.000000
