timestame:1619470614.264000000,objid:0,type:0,xpos:0.000000,ypos:0.000000,xspeed:1.890000,yspeed:-8.690000,angle:-15.180000,distense:55.400000,rcs:12.000000
timestame:1619470614.264000000,objid:2,type:0,xpos:0.000000,ypos:0.000000,xspeed:-1.800000,yspeed:7.310000,angle:3.270000,distense:40.800000,rcs:6.000000
timestame:1619470614.264000000,objid:7,type:0,xpos:0.000000,ypos:0.000000,xspeed:-18.470000,yspeed:-0.950000,angle:-6.330000,distense:144.400000,rcs:6.000000
timestame:1619470614.264000000,objid:10,type:0,xpos:0.000000,ypos:0.000000,xspeed:-1.010000,yspeed:7.000000,angle:3.610000,distense:41.200000,rcs:12.000000
