timestame:1619471221.835000000,objid:0,type:0,xpos:0.000000,ypos:0.000000,xspeed:1.240000,yspeed:0.170000,angle:1.250000,distense:55.000000,rcs:6.000000
timestame:1619471221.835000000,objid:6,type:0,xpos:0.000000,ypos:0.000000,xspeed:3.880000,yspeed:0.120000,angle:2.170000,distense:57.600000,rcs:15.000000
timestame:1619471221.835000000,objid:9,type:0,xpos:0.000000,ypos:0.000000,xspeed:3.960000,yspeed:0.090000,angle:2.440000,distense:38.800000,rcs:47.000000
timestame:1619471221.835000000,objid:10,type:0,xpos:0.000000,ypos:0.000000,xspeed:3.870000,yspeed:0.290000,angle:1.580000,distense:47.800000,rcs:15.000000
