timestame:1619469537.568000000,objid:4,type:0,xpos:0.000000,ypos:0.000000,xspeed:16.920000,yspeed:0.390000,angle:1.820000,distense:123.000000,rcs:28.000000
timestame:1619469537.568000000,objid:7,type:0,xpos:0.000000,ypos:0.000000,xspeed:17.060000,yspeed:0.240000,angle:1.380000,distense:130.800000,rcs:9.000000
