timestame:1619471083.661000000,objid:4,type:0,xpos:0.000000,ypos:0.000000,xspeed:3.840000,yspeed:0.250000,angle:1.700000,distense:34.400000,rcs:38.000000
timestame:1619471083.661000000,objid:10,type:0,xpos:0.000000,ypos:0.000000,xspeed:5.910000,yspeed:0.410000,angle:2.050000,distense:51.200000,rcs:6.000000
timestame:1619471083.661000000,objid:11,type:0,xpos:0.000000,ypos:0.000000,xspeed:1.050000,yspeed:0.050000,angle:3.300000,distense:14.400000,rcs:46.000000
