timestame:1619469761.445000000,objid:1,type:0,xpos:0.000000,ypos:0.000000,xspeed:1.290000,yspeed:5.810000,angle:0.190000,distense:47.600000,rcs:6.000000
timestame:1619469761.445000000,objid:3,type:0,xpos:0.000000,ypos:0.000000,xspeed:5.370000,yspeed:-0.050000,angle:22.010000,distense:18.000000,rcs:27.000000
timestame:1619469761.445000000,objid:5,type:0,xpos:0.000000,ypos:0.000000,xspeed:-16.830000,yspeed:2.370000,angle:-10.900000,distense:88.000000,rcs:20.000000
timestame:1619469761.445000000,objid:6,type:0,xpos:0.000000,ypos:0.000000,xspeed:4.660000,yspeed:0.000000,angle:-16.420000,distense:14.000000,rcs:6.000000
