timestame:1619470459.972000000,objid:0,type:0,xpos:0.000000,ypos:0.000000,xspeed:-18.270000,yspeed:-5.280000,angle:-6.930000,distense:107.800000,rcs:13.000000
timestame:1619470459.972000000,objid:2,type:0,xpos:0.000000,ypos:0.000000,xspeed:5.730000,yspeed:-0.120000,angle:3.290000,distense:174.600000,rcs:20.000000
