timestame:1619469755.486000000,objid:3,type:0,xpos:0.000000,ypos:0.000000,xspeed:6.230000,yspeed:1.280000,angle:22.060000,distense:28.000000,rcs:40.000000
timestame:1619469755.486000000,objid:5,type:0,xpos:0.000000,ypos:0.000000,xspeed:5.860000,yspeed:0.500000,angle:18.140000,distense:30.000000,rcs:34.000000
