timestame:1619470479.770000000,objid:0,type:0,xpos:0.000000,ypos:0.000000,xspeed:-7.300000,yspeed:-0.340000,angle:-7.000000,distense:97.600000,rcs:23.000000
timestame:1619470479.770000000,objid:1,type:0,xpos:0.000000,ypos:0.000000,xspeed:-5.690000,yspeed:-1.190000,angle:-6.710000,distense:100.800000,rcs:21.000000
timestame:1619470479.770000000,objid:2,type:0,xpos:0.000000,ypos:0.000000,xspeed:1.730000,yspeed:-0.530000,angle:11.540000,distense:78.800000,rcs:6.000000
