timestame:1619470965.429000000,objid:0,type:0,xpos:0.000000,ypos:0.000000,xspeed:4.220000,yspeed:0.190000,angle:6.050000,distense:58.400000,rcs:32.000000
timestame:1619470965.429000000,objid:1,type:0,xpos:0.000000,ypos:0.000000,xspeed:12.830000,yspeed:-0.490000,angle:0.850000,distense:141.200000,rcs:6.000000
timestame:1619470965.429000000,objid:6,type:0,xpos:0.000000,ypos:0.000000,xspeed:10.770000,yspeed:0.500000,angle:2.070000,distense:118.400000,rcs:24.000000
timestame:1619470965.429000000,objid:12,type:0,xpos:0.000000,ypos:0.000000,xspeed:3.090000,yspeed:-0.040000,angle:4.620000,distense:65.000000,rcs:24.000000
