timestame:1619469698.759000000,objid:2,type:0,xpos:0.000000,ypos:0.000000,xspeed:-2.080000,yspeed:-2.840000,angle:-18.000000,distense:42.000000,rcs:27.000000
timestame:1619469698.759000000,objid:5,type:0,xpos:0.000000,ypos:0.000000,xspeed:-6.710000,yspeed:-6.220000,angle:-18.000000,distense:39.600000,rcs:19.000000
timestame:1619469698.759000000,objid:8,type:0,xpos:0.000000,ypos:0.000000,xspeed:3.130000,yspeed:10.560000,angle:-10.970000,distense:44.400000,rcs:30.000000
