timestame:1619471095.963000000,objid:0,type:0,xpos:0.000000,ypos:0.000000,xspeed:-36.720000,yspeed:0.000000,angle:-10.080000,distense:74.000000,rcs:13.000000
timestame:1619471095.963000000,objid:2,type:0,xpos:0.000000,ypos:0.000000,xspeed:7.930000,yspeed:-0.100000,angle:1.410000,distense:87.200000,rcs:34.000000
