timestame:1619469533.778000000,objid:4,type:0,xpos:0.000000,ypos:0.000000,xspeed:16.320000,yspeed:0.770000,angle:2.580000,distense:58.400000,rcs:28.000000
timestame:1619469533.778000000,objid:7,type:0,xpos:0.000000,ypos:0.000000,xspeed:16.650000,yspeed:0.710000,angle:2.000000,distense:66.400000,rcs:26.000000
