timestame:1619469485.558000000,objid:1,type:0,xpos:0.000000,ypos:0.000000,xspeed:-3.060000,yspeed:-1.410000,angle:-13.570000,distense:70.600000,rcs:27.000000
timestame:1619469485.558000000,objid:3,type:0,xpos:0.000000,ypos:0.000000,xspeed:1.820000,yspeed:0.160000,angle:11.420000,distense:18.600000,rcs:35.000000
timestame:1619469485.558000000,objid:7,type:0,xpos:0.000000,ypos:0.000000,xspeed:-2.390000,yspeed:-0.100000,angle:-11.040000,distense:84.800000,rcs:15.000000
timestame:1619469485.558000000,objid:11,type:0,xpos:0.000000,ypos:0.000000,xspeed:-1.160000,yspeed:-0.210000,angle:-9.060000,distense:80.400000,rcs:6.000000
