timestame:1619469558.485000000,objid:1,type:0,xpos:0.000000,ypos:0.000000,xspeed:5.910000,yspeed:-9.300000,angle:16.330000,distense:43.400000,rcs:6.000000
timestame:1619469558.485000000,objid:9,type:0,xpos:0.000000,ypos:0.000000,xspeed:-1.810000,yspeed:8.380000,angle:-14.960000,distense:41.800000,rcs:6.000000
timestame:1619469558.485000000,objid:13,type:0,xpos:0.000000,ypos:0.000000,xspeed:1.630000,yspeed:-5.270000,angle:-13.080000,distense:55.000000,rcs:13.000000
timestame:1619469558.485000000,objid:14,type:0,xpos:0.000000,ypos:0.000000,xspeed:2.620000,yspeed:0.000000,angle:22.450000,distense:46.400000,rcs:21.000000
