timestame:1619471230.374000000,objid:0,type:0,xpos:0.000000,ypos:0.000000,xspeed:6.510000,yspeed:0.200000,angle:2.180000,distense:97.600000,rcs:6.000000
timestame:1619471230.374000000,objid:1,type:0,xpos:0.000000,ypos:0.000000,xspeed:2.960000,yspeed:-5.380000,angle:-18.000000,distense:64.600000,rcs:6.000000
timestame:1619471230.374000000,objid:9,type:0,xpos:0.000000,ypos:0.000000,xspeed:6.640000,yspeed:0.200000,angle:2.130000,distense:89.200000,rcs:40.000000
