timestame:1619471099.305000000,objid:0,type:0,xpos:0.000000,ypos:0.000000,xspeed:-16.080000,yspeed:-0.580000,angle:-18.000000,distense:30.800000,rcs:6.000000
timestame:1619471099.305000000,objid:1,type:0,xpos:0.000000,ypos:0.000000,xspeed:-18.940000,yspeed:-0.890000,angle:-18.000000,distense:27.600000,rcs:15.000000
timestame:1619471099.305000000,objid:2,type:0,xpos:0.000000,ypos:0.000000,xspeed:9.540000,yspeed:0.060000,angle:1.170000,distense:119.000000,rcs:22.000000
