timestame:1619470608.447000000,objid:0,type:0,xpos:0.000000,ypos:0.000000,xspeed:19.910000,yspeed:-2.400000,angle:16.870000,distense:24.400000,rcs:22.000000
timestame:1619470608.447000000,objid:1,type:0,xpos:0.000000,ypos:0.000000,xspeed:1.300000,yspeed:-1.220000,angle:-14.370000,distense:51.400000,rcs:13.000000
timestame:1619470608.447000000,objid:2,type:0,xpos:0.000000,ypos:0.000000,xspeed:7.370000,yspeed:1.100000,angle:22.270000,distense:22.000000,rcs:20.000000
