timestame:1619469953.327000000,objid:4,type:0,xpos:0.000000,ypos:0.000000,xspeed:1.070000,yspeed:-4.950000,angle:-12.680000,distense:58.600000,rcs:19.000000
timestame:1619469953.327000000,objid:8,type:0,xpos:0.000000,ypos:0.000000,xspeed:-1.350000,yspeed:-0.240000,angle:18.590000,distense:44.600000,rcs:31.000000
timestame:1619469953.327000000,objid:13,type:0,xpos:0.000000,ypos:0.000000,xspeed:-6.630000,yspeed:2.620000,angle:-3.630000,distense:40.400000,rcs:6.000000
timestame:1619469953.327000000,objid:14,type:0,xpos:0.000000,ypos:0.000000,xspeed:-3.960000,yspeed:8.860000,angle:-8.350000,distense:39.400000,rcs:16.000000
