timestame:1619470839.874000000,objid:2,type:0,xpos:0.000000,ypos:0.000000,xspeed:3.860000,yspeed:2.290000,angle:-16.380000,distense:40.800000,rcs:6.000000
timestame:1619470839.874000000,objid:3,type:0,xpos:0.000000,ypos:0.000000,xspeed:2.860000,yspeed:2.160000,angle:-13.090000,distense:38.600000,rcs:15.000000
timestame:1619470839.874000000,objid:7,type:0,xpos:0.000000,ypos:0.000000,xspeed:13.220000,yspeed:0.380000,angle:2.410000,distense:201.800000,rcs:18.000000
