timestame:1619470977.166000000,objid:0,type:0,xpos:0.000000,ypos:0.000000,xspeed:6.900000,yspeed:-0.190000,angle:2.790000,distense:128.800000,rcs:21.000000
timestame:1619470977.166000000,objid:2,type:0,xpos:0.000000,ypos:0.000000,xspeed:-18.030000,yspeed:0.550000,angle:-2.670000,distense:186.600000,rcs:6.000000
timestame:1619470977.166000000,objid:3,type:0,xpos:0.000000,ypos:0.000000,xspeed:7.050000,yspeed:0.120000,angle:2.340000,distense:138.600000,rcs:6.000000
timestame:1619470977.166000000,objid:5,type:0,xpos:0.000000,ypos:0.000000,xspeed:-19.100000,yspeed:0.060000,angle:-8.620000,distense:101.600000,rcs:19.000000
