timestame:1619470236.944000000,objid:3,type:0,xpos:0.000000,ypos:0.000000,xspeed:-1.500000,yspeed:-3.600000,angle:-18.000000,distense:41.200000,rcs:31.000000
timestame:1619470236.944000000,objid:9,type:0,xpos:0.000000,ypos:0.000000,xspeed:-1.170000,yspeed:-2.410000,angle:-18.000000,distense:38.800000,rcs:20.000000
timestame:1619470236.944000000,objid:11,type:0,xpos:0.000000,ypos:0.000000,xspeed:-5.070000,yspeed:0.020000,angle:-4.960000,distense:126.200000,rcs:16.000000
