timestame:1619471166.149000000,objid:0,type:0,xpos:0.000000,ypos:0.000000,xspeed:-10.990000,yspeed:0.140000,angle:-3.840000,distense:144.400000,rcs:12.000000
timestame:1619471166.149000000,objid:2,type:0,xpos:0.000000,ypos:0.000000,xspeed:-9.720000,yspeed:-0.550000,angle:-3.660000,distense:149.400000,rcs:12.000000
timestame:1619471166.149000000,objid:3,type:0,xpos:0.000000,ypos:0.000000,xspeed:2.090000,yspeed:5.550000,angle:-0.410000,distense:51.800000,rcs:6.000000
