timestame:1619470645.595000000,objid:2,type:0,xpos:0.000000,ypos:0.000000,xspeed:-6.160000,yspeed:-0.190000,angle:-5.620000,distense:153.000000,rcs:18.000000
timestame:1619470645.595000000,objid:5,type:0,xpos:0.000000,ypos:0.000000,xspeed:-1.960000,yspeed:2.260000,angle:-13.120000,distense:47.200000,rcs:25.000000
timestame:1619470645.595000000,objid:8,type:0,xpos:0.000000,ypos:0.000000,xspeed:-1.770000,yspeed:-4.700000,angle:5.970000,distense:83.800000,rcs:13.000000
timestame:1619470645.595000000,objid:9,type:0,xpos:0.000000,ypos:0.000000,xspeed:-1.510000,yspeed:10.770000,angle:-6.090000,distense:45.000000,rcs:6.000000
