timestame:1619471182.377000000,objid:8,type:0,xpos:0.000000,ypos:0.000000,xspeed:4.490000,yspeed:2.250000,angle:-9.150000,distense:42.800000,rcs:12.000000
timestame:1619471182.377000000,objid:10,type:0,xpos:0.000000,ypos:0.000000,xspeed:-6.090000,yspeed:1.110000,angle:-7.100000,distense:117.400000,rcs:15.000000
timestame:1619471182.377000000,objid:13,type:0,xpos:0.000000,ypos:0.000000,xspeed:-3.770000,yspeed:-0.130000,angle:-10.380000,distense:88.000000,rcs:19.000000
timestame:1619471182.377000000,objid:16,type:0,xpos:0.000000,ypos:0.000000,xspeed:2.020000,yspeed:3.910000,angle:-5.350000,distense:44.000000,rcs:6.000000
