timestame:1619469526.757000000,objid:0,type:0,xpos:0.000000,ypos:0.000000,xspeed:3.200000,yspeed:0.000000,angle:-18.000000,distense:66.600000,rcs:16.000000
timestame:1619469526.757000000,objid:2,type:0,xpos:0.000000,ypos:0.000000,xspeed:2.780000,yspeed:-3.280000,angle:-17.130000,distense:59.200000,rcs:29.000000
timestame:1619469526.757000000,objid:3,type:0,xpos:0.000000,ypos:0.000000,xspeed:-1.820000,yspeed:0.190000,angle:-18.000000,distense:60.400000,rcs:9.000000
timestame:1619469526.757000000,objid:11,type:0,xpos:0.000000,ypos:0.000000,xspeed:1.670000,yspeed:-4.830000,angle:-18.000000,distense:69.600000,rcs:12.000000
