timestame:1619470941.655000000,objid:1,type:0,xpos:0.000000,ypos:0.000000,xspeed:-4.880000,yspeed:0.260000,angle:-15.130000,distense:59.600000,rcs:21.000000
timestame:1619470941.655000000,objid:5,type:0,xpos:0.000000,ypos:0.000000,xspeed:-6.180000,yspeed:-0.360000,angle:-15.720000,distense:62.400000,rcs:22.000000
timestame:1619470941.655000000,objid:10,type:0,xpos:0.000000,ypos:0.000000,xspeed:-4.500000,yspeed:0.400000,angle:-11.140000,distense:61.200000,rcs:16.000000
