timestame:1619471262.603000000,objid:2,type:0,xpos:0.000000,ypos:0.000000,xspeed:12.710000,yspeed:0.090000,angle:3.290000,distense:107.600000,rcs:30.000000
timestame:1619471262.603000000,objid:6,type:0,xpos:0.000000,ypos:0.000000,xspeed:12.680000,yspeed:-0.200000,angle:2.950000,distense:119.600000,rcs:19.000000
timestame:1619471262.603000000,objid:10,type:0,xpos:0.000000,ypos:0.000000,xspeed:12.660000,yspeed:0.110000,angle:3.730000,distense:95.200000,rcs:28.000000
