timestame:1619471086.460000000,objid:0,type:0,xpos:0.000000,ypos:0.000000,xspeed:8.450000,yspeed:0.380000,angle:1.540000,distense:57.600000,rcs:32.000000
timestame:1619471086.460000000,objid:4,type:0,xpos:0.000000,ypos:0.000000,xspeed:-23.800000,yspeed:1.780000,angle:-4.470000,distense:127.000000,rcs:9.000000
timestame:1619471086.460000000,objid:11,type:0,xpos:0.000000,ypos:0.000000,xspeed:2.690000,yspeed:0.150000,angle:2.620000,distense:22.200000,rcs:41.000000
