timestame:1619471439.317000000,objid:1,type:0,xpos:0.000000,ypos:0.000000,xspeed:-1.100000,yspeed:-5.270000,angle:-8.300000,distense:39.200000,rcs:36.000000
timestame:1619471439.317000000,objid:6,type:0,xpos:0.000000,ypos:0.000000,xspeed:5.890000,yspeed:0.650000,angle:-6.600000,distense:92.800000,rcs:9.000000
timestame:1619471439.317000000,objid:8,type:0,xpos:0.000000,ypos:0.000000,xspeed:-3.970000,yspeed:-2.040000,angle:-18.000000,distense:29.000000,rcs:6.000000
