timestame:1619470215.871000000,objid:2,type:0,xpos:0.000000,ypos:0.000000,xspeed:-4.670000,yspeed:0.000000,angle:-12.620000,distense:42.000000,rcs:6.000000
timestame:1619470215.871000000,objid:7,type:0,xpos:0.000000,ypos:0.000000,xspeed:-2.510000,yspeed:6.980000,angle:-4.580000,distense:42.400000,rcs:23.000000
timestame:1619470215.871000000,objid:10,type:0,xpos:0.000000,ypos:0.000000,xspeed:1.100000,yspeed:-3.850000,angle:7.880000,distense:106.000000,rcs:12.000000
timestame:1619470215.871000000,objid:11,type:0,xpos:0.000000,ypos:0.000000,xspeed:-1.210000,yspeed:5.420000,angle:-12.460000,distense:40.400000,rcs:13.000000
