timestame:1619469783.792000000,objid:2,type:0,xpos:0.000000,ypos:0.000000,xspeed:16.920000,yspeed:-0.040000,angle:1.090000,distense:156.600000,rcs:9.000000
timestame:1619469783.792000000,objid:4,type:0,xpos:0.000000,ypos:0.000000,xspeed:-17.740000,yspeed:-0.400000,angle:-6.180000,distense:137.600000,rcs:13.000000
timestame:1619469783.792000000,objid:5,type:0,xpos:0.000000,ypos:0.000000,xspeed:1.600000,yspeed:3.520000,angle:-3.100000,distense:45.600000,rcs:6.000000
timestame:1619469783.792000000,objid:10,type:0,xpos:0.000000,ypos:0.000000,xspeed:16.660000,yspeed:0.160000,angle:1.230000,distense:144.000000,rcs:28.000000
