timestame:1619470771.241000000,objid:0,type:0,xpos:0.000000,ypos:0.000000,xspeed:-10.840000,yspeed:-0.220000,angle:-6.010000,distense:141.200000,rcs:13.000000
timestame:1619470771.241000000,objid:1,type:0,xpos:0.000000,ypos:0.000000,xspeed:12.830000,yspeed:0.200000,angle:1.820000,distense:104.600000,rcs:18.000000
timestame:1619470771.241000000,objid:2,type:0,xpos:0.000000,ypos:0.000000,xspeed:-10.610000,yspeed:1.050000,angle:-6.130000,distense:138.000000,rcs:20.000000
