timestame:1619470660.217000000,objid:0,type:0,xpos:0.000000,ypos:0.000000,xspeed:-1.330000,yspeed:-1.470000,angle:-9.040000,distense:100.800000,rcs:20.000000
timestame:1619470660.217000000,objid:1,type:0,xpos:0.000000,ypos:0.000000,xspeed:-15.160000,yspeed:0.000000,angle:-9.050000,distense:35.800000,rcs:16.000000
timestame:1619470660.217000000,objid:2,type:0,xpos:0.000000,ypos:0.000000,xspeed:4.220000,yspeed:2.700000,angle:-16.150000,distense:39.600000,rcs:12.000000
timestame:1619470660.217000000,objid:3,type:0,xpos:0.000000,ypos:0.000000,xspeed:-2.170000,yspeed:0.400000,angle:-7.090000,distense:111.200000,rcs:12.000000
