timestame:1619470505.508000000,objid:1,type:0,xpos:0.000000,ypos:0.000000,xspeed:2.070000,yspeed:0.130000,angle:-6.760000,distense:42.800000,rcs:9.000000
timestame:1619470505.508000000,objid:3,type:0,xpos:0.000000,ypos:0.000000,xspeed:-1.670000,yspeed:-1.620000,angle:-18.000000,distense:35.800000,rcs:16.000000
timestame:1619470505.508000000,objid:4,type:0,xpos:0.000000,ypos:0.000000,xspeed:-2.410000,yspeed:4.630000,angle:-5.640000,distense:43.400000,rcs:18.000000
timestame:1619470505.508000000,objid:8,type:0,xpos:0.000000,ypos:0.000000,xspeed:-4.060000,yspeed:-0.860000,angle:-18.000000,distense:33.600000,rcs:22.000000
