timestame:1619471057.287000000,objid:5,type:0,xpos:0.000000,ypos:0.000000,xspeed:39.250000,yspeed:-5.320000,angle:-17.790000,distense:43.800000,rcs:23.000000
timestame:1619471057.287000000,objid:10,type:0,xpos:0.000000,ypos:0.000000,xspeed:-2.110000,yspeed:-1.630000,angle:-18.000000,distense:32.000000,rcs:6.000000
timestame:1619471057.287000000,objid:13,type:0,xpos:0.000000,ypos:0.000000,xspeed:1.320000,yspeed:-7.900000,angle:-13.080000,distense:64.400000,rcs:9.000000
timestame:1619471057.287000000,objid:14,type:0,xpos:0.000000,ypos:0.000000,xspeed:-1.940000,yspeed:-2.740000,angle:-18.000000,distense:34.800000,rcs:9.000000
