timestame:1619470779.323000000,objid:2,type:0,xpos:0.000000,ypos:0.000000,xspeed:1.140000,yspeed:-6.300000,angle:5.250000,distense:42.200000,rcs:34.000000
timestame:1619470779.323000000,objid:4,type:0,xpos:0.000000,ypos:0.000000,xspeed:-1.730000,yspeed:-1.010000,angle:-2.640000,distense:46.600000,rcs:9.000000
timestame:1619470779.323000000,objid:6,type:0,xpos:0.000000,ypos:0.000000,xspeed:3.010000,yspeed:-1.140000,angle:-14.890000,distense:50.400000,rcs:16.000000
timestame:1619470779.323000000,objid:7,type:0,xpos:0.000000,ypos:0.000000,xspeed:-22.440000,yspeed:0.000000,angle:-11.820000,distense:78.800000,rcs:22.000000
