timestame:1619471229.625000000,objid:0,type:0,xpos:0.000000,ypos:0.000000,xspeed:6.190000,yspeed:0.400000,angle:2.400000,distense:92.400000,rcs:9.000000
timestame:1619471229.625000000,objid:1,type:0,xpos:0.000000,ypos:0.000000,xspeed:3.540000,yspeed:-4.860000,angle:-18.000000,distense:61.600000,rcs:15.000000
timestame:1619471229.625000000,objid:9,type:0,xpos:0.000000,ypos:0.000000,xspeed:6.470000,yspeed:0.150000,angle:2.080000,distense:84.000000,rcs:43.000000
