timestame:1619470226.847000000,objid:8,type:0,xpos:0.000000,ypos:0.000000,xspeed:-1.500000,yspeed:-2.460000,angle:-10.360000,distense:42.000000,rcs:35.000000
timestame:1619470226.847000000,objid:11,type:0,xpos:0.000000,ypos:0.000000,xspeed:-10.490000,yspeed:0.000000,angle:-3.320000,distense:196.400000,rcs:9.000000
