timestame:1619470482.072000000,objid:0,type:0,xpos:0.000000,ypos:0.000000,xspeed:-4.160000,yspeed:-8.910000,angle:14.730000,distense:43.600000,rcs:29.000000
timestame:1619470482.072000000,objid:1,type:0,xpos:0.000000,ypos:0.000000,xspeed:-4.650000,yspeed:-0.110000,angle:-7.510000,distense:89.800000,rcs:19.000000
timestame:1619470482.072000000,objid:2,type:0,xpos:0.000000,ypos:0.000000,xspeed:1.700000,yspeed:-0.140000,angle:11.010000,distense:82.600000,rcs:9.000000
timestame:1619470482.072000000,objid:6,type:0,xpos:0.000000,ypos:0.000000,xspeed:-3.630000,yspeed:0.720000,angle:-6.670000,distense:96.200000,rcs:13.000000
