timestame:1619469618.755000000,objid:1,type:0,xpos:0.000000,ypos:0.000000,xspeed:-1.700000,yspeed:0.280000,angle:-12.700000,distense:74.000000,rcs:26.000000
timestame:1619469618.755000000,objid:3,type:0,xpos:0.000000,ypos:0.000000,xspeed:-1.200000,yspeed:-0.130000,angle:-10.730000,distense:87.800000,rcs:18.000000
timestame:1619469618.755000000,objid:4,type:0,xpos:0.000000,ypos:0.000000,xspeed:-17.600000,yspeed:1.580000,angle:-4.580000,distense:131.600000,rcs:13.000000
