timestame:1619470445.685000000,objid:1,type:0,xpos:0.000000,ypos:0.000000,xspeed:17.590000,yspeed:0.280000,angle:1.550000,distense:155.800000,rcs:6.000000
timestame:1619470445.685000000,objid:2,type:0,xpos:0.000000,ypos:0.000000,xspeed:4.500000,yspeed:-0.140000,angle:7.310000,distense:98.600000,rcs:15.000000
