timestame:1619470116.386000000,objid:4,type:0,xpos:0.000000,ypos:0.000000,xspeed:-1.560000,yspeed:8.080000,angle:-4.370000,distense:47.200000,rcs:13.000000
timestame:1619470116.386000000,objid:5,type:0,xpos:0.000000,ypos:0.000000,xspeed:-9.300000,yspeed:-2.070000,angle:12.140000,distense:35.200000,rcs:13.000000
timestame:1619470116.386000000,objid:10,type:0,xpos:0.000000,ypos:0.000000,xspeed:3.020000,yspeed:4.930000,angle:-11.580000,distense:38.800000,rcs:22.000000
