timestame:1619469645.792000000,objid:2,type:0,xpos:0.000000,ypos:0.000000,xspeed:12.740000,yspeed:0.890000,angle:5.430000,distense:75.800000,rcs:27.000000
timestame:1619469645.792000000,objid:13,type:0,xpos:0.000000,ypos:0.000000,xspeed:15.190000,yspeed:0.580000,angle:2.250000,distense:132.800000,rcs:29.000000
timestame:1619469645.792000000,objid:14,type:0,xpos:0.000000,ypos:0.000000,xspeed:12.840000,yspeed:0.400000,angle:5.320000,distense:72.800000,rcs:23.000000
