timestame:1619470278.728000000,objid:1,type:0,xpos:0.000000,ypos:0.000000,xspeed:-10.170000,yspeed:-0.050000,angle:-6.660000,distense:75.800000,rcs:18.000000
timestame:1619470278.728000000,objid:3,type:0,xpos:0.000000,ypos:0.000000,xspeed:-2.380000,yspeed:0.180000,angle:-8.910000,distense:75.600000,rcs:20.000000
timestame:1619470278.728000000,objid:11,type:0,xpos:0.000000,ypos:0.000000,xspeed:-2.920000,yspeed:-0.390000,angle:-11.200000,distense:68.800000,rcs:15.000000
