timestame:1619470075.132000000,objid:3,type:0,xpos:0.000000,ypos:0.000000,xspeed:-1.510000,yspeed:2.410000,angle:-17.230000,distense:47.200000,rcs:27.000000
timestame:1619470075.132000000,objid:4,type:0,xpos:0.000000,ypos:0.000000,xspeed:-1.080000,yspeed:1.770000,angle:-13.710000,distense:42.800000,rcs:24.000000
