timestame:1619469579.821000000,objid:1,type:0,xpos:0.000000,ypos:0.000000,xspeed:-6.070000,yspeed:-0.580000,angle:-8.230000,distense:108.600000,rcs:13.000000
timestame:1619469579.821000000,objid:3,type:0,xpos:0.000000,ypos:0.000000,xspeed:-6.190000,yspeed:-0.150000,angle:-9.280000,distense:98.400000,rcs:16.000000
timestame:1619469579.821000000,objid:5,type:0,xpos:0.000000,ypos:0.000000,xspeed:-6.190000,yspeed:-0.160000,angle:-9.620000,distense:95.200000,rcs:21.000000
