timestame:1619470032.332000000,objid:1,type:0,xpos:0.000000,ypos:0.000000,xspeed:7.050000,yspeed:0.360000,angle:2.520000,distense:50.400000,rcs:36.000000
timestame:1619470032.332000000,objid:4,type:0,xpos:0.000000,ypos:0.000000,xspeed:11.880000,yspeed:0.220000,angle:1.900000,distense:83.200000,rcs:20.000000
timestame:1619470032.332000000,objid:7,type:0,xpos:0.000000,ypos:0.000000,xspeed:1.370000,yspeed:-0.540000,angle:7.050000,distense:22.200000,rcs:27.000000
