timestame:1619469754.727000000,objid:2,type:0,xpos:0.000000,ypos:0.000000,xspeed:-10.910000,yspeed:-3.160000,angle:-5.920000,distense:14.600000,rcs:12.000000
timestame:1619469754.727000000,objid:3,type:0,xpos:0.000000,ypos:0.000000,xspeed:6.910000,yspeed:-0.590000,angle:22.780000,distense:23.400000,rcs:35.000000
timestame:1619469754.727000000,objid:4,type:0,xpos:0.000000,ypos:0.000000,xspeed:-13.240000,yspeed:-0.670000,angle:15.650000,distense:10.000000,rcs:6.000000
timestame:1619469754.727000000,objid:5,type:0,xpos:0.000000,ypos:0.000000,xspeed:5.270000,yspeed:2.420000,angle:21.890000,distense:25.400000,rcs:21.000000
