timestame:1619471219.783000000,objid:6,type:0,xpos:0.000000,ypos:0.000000,xspeed:3.310000,yspeed:0.680000,angle:2.940000,distense:49.000000,rcs:15.000000
timestame:1619471219.783000000,objid:9,type:0,xpos:0.000000,ypos:0.000000,xspeed:3.640000,yspeed:0.220000,angle:2.750000,distense:30.600000,rcs:40.000000
timestame:1619471219.783000000,objid:10,type:0,xpos:0.000000,ypos:0.000000,xspeed:3.570000,yspeed:0.400000,angle:0.980000,distense:39.800000,rcs:15.000000
