timestame:1619470474.596000000,objid:1,type:0,xpos:0.000000,ypos:0.000000,xspeed:-11.510000,yspeed:-0.400000,angle:-4.750000,distense:141.000000,rcs:20.000000
timestame:1619470474.596000000,objid:2,type:0,xpos:0.000000,ypos:0.000000,xspeed:1.140000,yspeed:-0.680000,angle:14.100000,distense:71.600000,rcs:9.000000
