timestame:1619470154.135000000,objid:3,type:0,xpos:0.000000,ypos:0.000000,xspeed:-4.730000,yspeed:-0.230000,angle:-18.000000,distense:46.600000,rcs:20.000000
timestame:1619470154.135000000,objid:5,type:0,xpos:0.000000,ypos:0.000000,xspeed:4.040000,yspeed:2.820000,angle:-16.690000,distense:32.600000,rcs:18.000000
timestame:1619470154.135000000,objid:7,type:0,xpos:0.000000,ypos:0.000000,xspeed:-15.040000,yspeed:-0.940000,angle:-7.450000,distense:119.400000,rcs:19.000000
timestame:1619470154.135000000,objid:13,type:0,xpos:0.000000,ypos:0.000000,xspeed:-14.970000,yspeed:-0.500000,angle:-6.970000,distense:124.000000,rcs:9.000000
