timestame:1619470167.610000000,objid:0,type:0,xpos:0.000000,ypos:0.000000,xspeed:5.830000,yspeed:0.180000,angle:2.090000,distense:40.800000,rcs:24.000000
timestame:1619470167.610000000,objid:3,type:0,xpos:0.000000,ypos:0.000000,xspeed:7.560000,yspeed:0.470000,angle:6.090000,distense:72.200000,rcs:22.000000
