timestame:1619470137.317000000,objid:7,type:0,xpos:0.000000,ypos:0.000000,xspeed:-3.490000,yspeed:-0.360000,angle:-10.230000,distense:75.000000,rcs:21.000000
timestame:1619470137.317000000,objid:8,type:0,xpos:0.000000,ypos:0.000000,xspeed:2.890000,yspeed:3.960000,angle:-5.610000,distense:45.600000,rcs:6.000000
