timestame:1619471447.136000000,objid:3,type:0,xpos:0.000000,ypos:0.000000,xspeed:-3.300000,yspeed:-0.070000,angle:-5.580000,distense:113.000000,rcs:20.000000
timestame:1619471447.136000000,objid:11,type:0,xpos:0.000000,ypos:0.000000,xspeed:-3.190000,yspeed:-0.630000,angle:-7.370000,distense:102.200000,rcs:12.000000
timestame:1619471447.136000000,objid:13,type:0,xpos:0.000000,ypos:0.000000,xspeed:-2.770000,yspeed:0.030000,angle:14.870000,distense:52.400000,rcs:19.000000
