timestame:1619470050.665000000,objid:0,type:0,xpos:0.000000,ypos:0.000000,xspeed:6.990000,yspeed:0.010000,angle:3.500000,distense:110.000000,rcs:6.000000
timestame:1619470050.665000000,objid:5,type:0,xpos:0.000000,ypos:0.000000,xspeed:7.060000,yspeed:0.090000,angle:3.890000,distense:100.600000,rcs:20.000000
