timestame:1619470049.668000000,objid:0,type:0,xpos:0.000000,ypos:0.000000,xspeed:6.880000,yspeed:0.030000,angle:3.740000,distense:102.800000,rcs:18.000000
timestame:1619470049.668000000,objid:5,type:0,xpos:0.000000,ypos:0.000000,xspeed:6.860000,yspeed:0.120000,angle:4.160000,distense:93.200000,rcs:21.000000
