timestame:1619470735.618000000,objid:1,type:0,xpos:0.000000,ypos:0.000000,xspeed:12.070000,yspeed:-0.200000,angle:1.560000,distense:94.000000,rcs:15.000000
timestame:1619470735.618000000,objid:6,type:0,xpos:0.000000,ypos:0.000000,xspeed:12.040000,yspeed:0.170000,angle:1.900000,distense:83.000000,rcs:39.000000
