timestame:1619469755.852000000,objid:3,type:0,xpos:0.000000,ypos:0.000000,xspeed:6.280000,yspeed:1.450000,angle:21.570000,distense:30.400000,rcs:36.000000
timestame:1619469755.852000000,objid:4,type:0,xpos:0.000000,ypos:0.000000,xspeed:-12.820000,yspeed:0.000000,angle:-17.600000,distense:18.000000,rcs:22.000000
timestame:1619469755.852000000,objid:5,type:0,xpos:0.000000,ypos:0.000000,xspeed:5.680000,yspeed:0.650000,angle:17.720000,distense:32.000000,rcs:20.000000
timestame:1619469755.852000000,objid:6,type:0,xpos:0.000000,ypos:0.000000,xspeed:-1.350000,yspeed:4.470000,angle:-3.160000,distense:18.200000,rcs:6.000000
