timestame:1619471136.935000000,objid:4,type:0,xpos:0.000000,ypos:0.000000,xspeed:3.540000,yspeed:-0.840000,angle:9.990000,distense:43.400000,rcs:6.000000
timestame:1619471136.935000000,objid:5,type:0,xpos:0.000000,ypos:0.000000,xspeed:-1.540000,yspeed:-0.510000,angle:-0.410000,distense:37.600000,rcs:34.000000
timestame:1619471136.935000000,objid:8,type:0,xpos:0.000000,ypos:0.000000,xspeed:1.050000,yspeed:-0.510000,angle:21.610000,distense:50.600000,rcs:6.000000
