timestame:1619470707.224000000,objid:0,type:0,xpos:0.000000,ypos:0.000000,xspeed:2.670000,yspeed:-3.370000,angle:-18.000000,distense:72.200000,rcs:6.000000
timestame:1619470707.224000000,objid:1,type:0,xpos:0.000000,ypos:0.000000,xspeed:12.100000,yspeed:0.020000,angle:2.150000,distense:179.000000,rcs:9.000000
timestame:1619470707.224000000,objid:2,type:0,xpos:0.000000,ypos:0.000000,xspeed:3.860000,yspeed:1.310000,angle:-14.280000,distense:16.400000,rcs:20.000000
timestame:1619470707.224000000,objid:4,type:0,xpos:0.000000,ypos:0.000000,xspeed:-14.020000,yspeed:-6.030000,angle:-17.970000,distense:5.600000,rcs:20.000000
