timestame:1619471532.522000000,objid:4,type:0,xpos:0.000000,ypos:0.000000,xspeed:-13.560000,yspeed:-2.060000,angle:-3.200000,distense:188.000000,rcs:9.000000
timestame:1619471532.522000000,objid:6,type:0,xpos:0.000000,ypos:0.000000,xspeed:2.740000,yspeed:4.170000,angle:11.070000,distense:44.000000,rcs:37.000000
timestame:1619471532.522000000,objid:7,type:0,xpos:0.000000,ypos:0.000000,xspeed:2.610000,yspeed:-4.320000,angle:12.180000,distense:53.400000,rcs:9.000000
timestame:1619471532.522000000,objid:10,type:0,xpos:0.000000,ypos:0.000000,xspeed:-12.260000,yspeed:-3.570000,angle:-3.210000,distense:195.600000,rcs:9.000000
