timestame:1619469947.179000000,objid:3,type:0,xpos:0.000000,ypos:0.000000,xspeed:1.670000,yspeed:0.160000,angle:0.900000,distense:18.000000,rcs:15.000000
timestame:1619469947.179000000,objid:4,type:0,xpos:0.000000,ypos:0.000000,xspeed:-3.410000,yspeed:-11.080000,angle:12.920000,distense:49.000000,rcs:12.000000
timestame:1619469947.179000000,objid:5,type:0,xpos:0.000000,ypos:0.000000,xspeed:-6.740000,yspeed:-12.260000,angle:-18.000000,distense:56.600000,rcs:6.000000
