timestame:1619471530.790000000,objid:3,type:0,xpos:0.000000,ypos:0.000000,xspeed:-18.030000,yspeed:-5.340000,angle:11.940000,distense:30.800000,rcs:18.000000
timestame:1619471530.790000000,objid:5,type:0,xpos:0.000000,ypos:0.000000,xspeed:-38.170000,yspeed:0.000000,angle:-7.490000,distense:35.200000,rcs:27.000000
