timestame:1619471232.916000000,objid:0,type:0,xpos:0.000000,ypos:0.000000,xspeed:7.100000,yspeed:-0.100000,angle:1.520000,distense:115.800000,rcs:9.000000
timestame:1619471232.916000000,objid:9,type:0,xpos:0.000000,ypos:0.000000,xspeed:7.010000,yspeed:0.070000,angle:1.630000,distense:107.000000,rcs:30.000000
