timestame:1619470797.637000000,objid:3,type:0,xpos:0.000000,ypos:0.000000,xspeed:3.090000,yspeed:-12.210000,angle:-13.820000,distense:64.200000,rcs:13.000000
timestame:1619470797.637000000,objid:10,type:0,xpos:0.000000,ypos:0.000000,xspeed:-14.860000,yspeed:0.000000,angle:-9.440000,distense:50.800000,rcs:9.000000
timestame:1619470797.637000000,objid:12,type:0,xpos:0.000000,ypos:0.000000,xspeed:2.320000,yspeed:-10.830000,angle:-18.000000,distense:72.600000,rcs:6.000000
timestame:1619470797.637000000,objid:15,type:0,xpos:0.000000,ypos:0.000000,xspeed:-1.840000,yspeed:-1.580000,angle:-18.000000,distense:37.400000,rcs:26.000000
