timestame:1619470841.545000000,objid:0,type:0,xpos:0.000000,ypos:0.000000,xspeed:1.170000,yspeed:2.710000,angle:-4.660000,distense:42.800000,rcs:9.000000
timestame:1619470841.545000000,objid:3,type:0,xpos:0.000000,ypos:0.000000,xspeed:2.590000,yspeed:2.620000,angle:-10.020000,distense:44.600000,rcs:6.000000
timestame:1619470841.545000000,objid:7,type:0,xpos:0.000000,ypos:0.000000,xspeed:13.200000,yspeed:0.420000,angle:2.380000,distense:224.200000,rcs:9.000000
