timestame:1619471210.298000000,objid:0,type:0,xpos:0.000000,ypos:0.000000,xspeed:-8.250000,yspeed:-1.210000,angle:-18.000000,distense:51.400000,rcs:16.000000
timestame:1619471210.298000000,objid:2,type:0,xpos:0.000000,ypos:0.000000,xspeed:-5.310000,yspeed:-1.130000,angle:-18.000000,distense:34.800000,rcs:9.000000
timestame:1619471210.298000000,objid:3,type:0,xpos:0.000000,ypos:0.000000,xspeed:-2.370000,yspeed:-3.870000,angle:-18.000000,distense:34.000000,rcs:9.000000
timestame:1619471210.298000000,objid:5,type:0,xpos:0.000000,ypos:0.000000,xspeed:-6.060000,yspeed:-0.540000,angle:-18.000000,distense:49.600000,rcs:23.000000
