timestame:1619469649.335000000,objid:2,type:0,xpos:0.000000,ypos:0.000000,xspeed:13.020000,yspeed:0.120000,angle:3.560000,distense:121.800000,rcs:19.000000
timestame:1619469649.335000000,objid:3,type:0,xpos:0.000000,ypos:0.000000,xspeed:26.070000,yspeed:1.250000,angle:1.890000,distense:66.000000,rcs:33.000000
timestame:1619469649.335000000,objid:13,type:0,xpos:0.000000,ypos:0.000000,xspeed:15.480000,yspeed:0.630000,angle:2.360000,distense:187.400000,rcs:28.000000
timestame:1619469649.335000000,objid:14,type:0,xpos:0.000000,ypos:0.000000,xspeed:13.160000,yspeed:0.230000,angle:3.680000,distense:119.400000,rcs:23.000000
