timestame:1619470449.163000000,objid:0,type:0,xpos:0.000000,ypos:0.000000,xspeed:18.900000,yspeed:1.100000,angle:1.440000,distense:223.000000,rcs:9.000000
timestame:1619470449.163000000,objid:2,type:0,xpos:0.000000,ypos:0.000000,xspeed:4.830000,yspeed:-0.220000,angle:5.860000,distense:115.000000,rcs:26.000000
