timestame:1619469714.874000000,objid:1,type:0,xpos:0.000000,ypos:0.000000,xspeed:-1.980000,yspeed:6.910000,angle:-16.400000,distense:37.200000,rcs:16.000000
timestame:1619469714.874000000,objid:3,type:0,xpos:0.000000,ypos:0.000000,xspeed:14.040000,yspeed:-1.030000,angle:0.850000,distense:157.800000,rcs:12.000000
