timestame:1619470559.908000000,objid:0,type:0,xpos:0.000000,ypos:0.000000,xspeed:4.900000,yspeed:-0.400000,angle:2.910000,distense:190.400000,rcs:9.000000
timestame:1619470559.908000000,objid:1,type:0,xpos:0.000000,ypos:0.000000,xspeed:4.770000,yspeed:0.010000,angle:4.640000,distense:181.000000,rcs:12.000000
timestame:1619470559.908000000,objid:2,type:0,xpos:0.000000,ypos:0.000000,xspeed:1.350000,yspeed:4.610000,angle:-4.060000,distense:44.200000,rcs:9.000000
timestame:1619470559.908000000,objid:3,type:0,xpos:0.000000,ypos:0.000000,xspeed:7.710000,yspeed:0.070000,angle:1.850000,distense:60.400000,rcs:37.000000
