timestame:1619469578.685000000,objid:1,type:0,xpos:0.000000,ypos:0.000000,xspeed:-6.020000,yspeed:-1.230000,angle:-7.830000,distense:115.200000,rcs:12.000000
timestame:1619469578.685000000,objid:3,type:0,xpos:0.000000,ypos:0.000000,xspeed:-6.320000,yspeed:-0.280000,angle:-8.790000,distense:104.800000,rcs:21.000000
timestame:1619469578.685000000,objid:5,type:0,xpos:0.000000,ypos:0.000000,xspeed:-6.390000,yspeed:-0.290000,angle:-9.030000,distense:101.400000,rcs:15.000000
