timestame:1619469918.998000000,objid:1,type:0,xpos:0.000000,ypos:0.000000,xspeed:5.770000,yspeed:0.010000,angle:1.400000,distense:124.000000,rcs:18.000000
timestame:1619469918.998000000,objid:8,type:0,xpos:0.000000,ypos:0.000000,xspeed:5.750000,yspeed:0.080000,angle:1.530000,distense:117.000000,rcs:28.000000
