timestame:1619470189.557000000,objid:1,type:0,xpos:0.000000,ypos:0.000000,xspeed:1.240000,yspeed:2.830000,angle:-6.480000,distense:43.600000,rcs:6.000000
timestame:1619470189.557000000,objid:2,type:0,xpos:0.000000,ypos:0.000000,xspeed:-6.050000,yspeed:3.510000,angle:-4.410000,distense:53.800000,rcs:28.000000
timestame:1619470189.557000000,objid:7,type:0,xpos:0.000000,ypos:0.000000,xspeed:3.840000,yspeed:0.150000,angle:5.820000,distense:136.400000,rcs:16.000000
timestame:1619470189.557000000,objid:11,type:0,xpos:0.000000,ypos:0.000000,xspeed:4.600000,yspeed:0.200000,angle:4.290000,distense:135.200000,rcs:20.000000
