timestame:1619470882.067000000,objid:3,type:0,xpos:0.000000,ypos:0.000000,xspeed:-1.420000,yspeed:-2.510000,angle:-18.000000,distense:34.400000,rcs:9.000000
timestame:1619470882.067000000,objid:11,type:0,xpos:0.000000,ypos:0.000000,xspeed:-2.900000,yspeed:-12.660000,angle:11.780000,distense:39.400000,rcs:27.000000
timestame:1619470882.067000000,objid:15,type:0,xpos:0.000000,ypos:0.000000,xspeed:-1.400000,yspeed:-3.940000,angle:11.050000,distense:48.400000,rcs:12.000000
timestame:1619470882.067000000,objid:23,type:0,xpos:0.000000,ypos:0.000000,xspeed:-1.420000,yspeed:-0.970000,angle:-18.000000,distense:48.600000,rcs:9.000000
