timestame:1619471039.067000000,objid:0,type:0,xpos:0.000000,ypos:0.000000,xspeed:-3.840000,yspeed:-8.110000,angle:13.060000,distense:43.600000,rcs:38.000000
timestame:1619471039.067000000,objid:1,type:0,xpos:0.000000,ypos:0.000000,xspeed:-1.560000,yspeed:-4.120000,angle:6.630000,distense:43.000000,rcs:38.000000
timestame:1619471039.067000000,objid:2,type:0,xpos:0.000000,ypos:0.000000,xspeed:-2.440000,yspeed:-2.150000,angle:-18.000000,distense:38.400000,rcs:18.000000
timestame:1619471039.067000000,objid:3,type:0,xpos:0.000000,ypos:0.000000,xspeed:1.260000,yspeed:-3.460000,angle:12.050000,distense:48.400000,rcs:20.000000
