timestame:1619470222.995000000,objid:6,type:0,xpos:0.000000,ypos:0.000000,xspeed:22.980000,yspeed:11.970000,angle:17.070000,distense:59.800000,rcs:15.000000
timestame:1619470222.995000000,objid:8,type:0,xpos:0.000000,ypos:0.000000,xspeed:-2.130000,yspeed:8.150000,angle:-7.910000,distense:41.200000,rcs:13.000000
timestame:1619470222.995000000,objid:11,type:0,xpos:0.000000,ypos:0.000000,xspeed:-2.030000,yspeed:6.970000,angle:-5.290000,distense:40.600000,rcs:23.000000
