timestame:1619469931.645000000,objid:0,type:0,xpos:0.000000,ypos:0.000000,xspeed:-1.400000,yspeed:2.190000,angle:-18.000000,distense:38.600000,rcs:12.000000
timestame:1619469931.645000000,objid:1,type:0,xpos:0.000000,ypos:0.000000,xspeed:8.250000,yspeed:0.350000,angle:1.580000,distense:212.600000,rcs:9.000000
timestame:1619469931.645000000,objid:8,type:0,xpos:0.000000,ypos:0.000000,xspeed:8.170000,yspeed:0.330000,angle:1.360000,distense:205.600000,rcs:21.000000
