timestame:1619471002.470000000,objid:1,type:0,xpos:0.000000,ypos:0.000000,xspeed:-13.880000,yspeed:-0.730000,angle:-5.390000,distense:149.400000,rcs:13.000000
timestame:1619471002.470000000,objid:3,type:0,xpos:0.000000,ypos:0.000000,xspeed:2.080000,yspeed:-2.750000,angle:-14.110000,distense:47.000000,rcs:20.000000
timestame:1619471002.470000000,objid:4,type:0,xpos:0.000000,ypos:0.000000,xspeed:2.200000,yspeed:-0.020000,angle:-0.720000,distense:16.200000,rcs:15.000000
