timestame:1619470029.784000000,objid:1,type:0,xpos:0.000000,ypos:0.000000,xspeed:5.100000,yspeed:0.530000,angle:2.470000,distense:31.600000,rcs:19.000000
timestame:1619470029.784000000,objid:2,type:0,xpos:0.000000,ypos:0.000000,xspeed:7.030000,yspeed:0.310000,angle:2.390000,distense:51.000000,rcs:31.000000
timestame:1619470029.784000000,objid:5,type:0,xpos:0.000000,ypos:0.000000,xspeed:3.800000,yspeed:-0.680000,angle:-18.000000,distense:54.400000,rcs:12.000000
timestame:1619470029.784000000,objid:7,type:0,xpos:0.000000,ypos:0.000000,xspeed:2.080000,yspeed:12.580000,angle:12.600000,distense:19.200000,rcs:26.000000
