timestame:1619470800.501000000,objid:2,type:0,xpos:0.000000,ypos:0.000000,xspeed:-8.600000,yspeed:0.310000,angle:-7.630000,distense:34.600000,rcs:6.000000
timestame:1619470800.501000000,objid:4,type:0,xpos:0.000000,ypos:0.000000,xspeed:-3.030000,yspeed:-1.830000,angle:-10.110000,distense:43.200000,rcs:33.000000
timestame:1619470800.501000000,objid:8,type:0,xpos:0.000000,ypos:0.000000,xspeed:-1.050000,yspeed:-5.220000,angle:-18.000000,distense:43.800000,rcs:9.000000
timestame:1619470800.501000000,objid:15,type:0,xpos:0.000000,ypos:0.000000,xspeed:-1.130000,yspeed:-1.780000,angle:-18.000000,distense:37.400000,rcs:15.000000
