timestame:1619471092.245000000,objid:1,type:0,xpos:0.000000,ypos:0.000000,xspeed:11.900000,yspeed:-0.010000,angle:3.940000,distense:73.800000,rcs:19.000000
timestame:1619471092.245000000,objid:2,type:0,xpos:0.000000,ypos:0.000000,xspeed:6.710000,yspeed:0.350000,angle:2.410000,distense:57.600000,rcs:45.000000
timestame:1619471092.245000000,objid:5,type:0,xpos:0.000000,ypos:0.000000,xspeed:12.640000,yspeed:-0.180000,angle:1.350000,distense:124.800000,rcs:6.000000
