timestame:1619471452.357000000,objid:3,type:0,xpos:0.000000,ypos:0.000000,xspeed:-2.160000,yspeed:-0.180000,angle:-6.690000,distense:100.400000,rcs:12.000000
timestame:1619471452.357000000,objid:11,type:0,xpos:0.000000,ypos:0.000000,xspeed:-1.340000,yspeed:0.330000,angle:-7.360000,distense:93.200000,rcs:9.000000
timestame:1619471452.357000000,objid:13,type:0,xpos:0.000000,ypos:0.000000,xspeed:-4.000000,yspeed:-0.110000,angle:-17.500000,distense:33.000000,rcs:6.000000
