timestame:1619471518.367000000,objid:7,type:0,xpos:0.000000,ypos:0.000000,xspeed:16.260000,yspeed:0.200000,angle:1.470000,distense:187.000000,rcs:13.000000
timestame:1619471518.367000000,objid:10,type:0,xpos:0.000000,ypos:0.000000,xspeed:16.190000,yspeed:0.160000,angle:1.340000,distense:176.200000,rcs:20.000000
