timestame:1619470521.544000000,objid:3,type:0,xpos:0.000000,ypos:0.000000,xspeed:-1.800000,yspeed:6.760000,angle:19.330000,distense:43.200000,rcs:6.000000
timestame:1619470521.544000000,objid:4,type:0,xpos:0.000000,ypos:0.000000,xspeed:-1.800000,yspeed:5.780000,angle:22.030000,distense:43.000000,rcs:6.000000
timestame:1619470521.544000000,objid:9,type:0,xpos:0.000000,ypos:0.000000,xspeed:-3.520000,yspeed:-2.180000,angle:-18.000000,distense:28.200000,rcs:6.000000
