timestame:1619470442.452000000,objid:1,type:0,xpos:0.000000,ypos:0.000000,xspeed:15.960000,yspeed:0.480000,angle:2.140000,distense:97.600000,rcs:18.000000
timestame:1619470442.452000000,objid:2,type:0,xpos:0.000000,ypos:0.000000,xspeed:3.910000,yspeed:-0.120000,angle:8.820000,distense:84.400000,rcs:15.000000
