timestame:1619470129.306000000,objid:7,type:0,xpos:0.000000,ypos:0.000000,xspeed:-9.600000,yspeed:0.010000,angle:-5.190000,distense:117.600000,rcs:12.000000
timestame:1619470129.306000000,objid:8,type:0,xpos:0.000000,ypos:0.000000,xspeed:-5.520000,yspeed:0.740000,angle:16.480000,distense:24.000000,rcs:15.000000
timestame:1619470129.306000000,objid:9,type:0,xpos:0.000000,ypos:0.000000,xspeed:5.740000,yspeed:1.490000,angle:22.280000,distense:26.400000,rcs:21.000000
