timestame:1619469623.742000000,objid:1,type:0,xpos:0.000000,ypos:0.000000,xspeed:-4.160000,yspeed:-0.080000,angle:-17.440000,distense:55.200000,rcs:26.000000
timestame:1619469623.742000000,objid:2,type:0,xpos:0.000000,ypos:0.000000,xspeed:-3.850000,yspeed:-0.150000,angle:-14.480000,distense:68.400000,rcs:30.000000
timestame:1619469623.742000000,objid:4,type:0,xpos:0.000000,ypos:0.000000,xspeed:-13.900000,yspeed:-0.390000,angle:-11.700000,distense:59.400000,rcs:16.000000
