timestame:1619470030.277000000,objid:1,type:0,xpos:0.000000,ypos:0.000000,xspeed:5.220000,yspeed:0.550000,angle:2.750000,distense:34.200000,rcs:40.000000
timestame:1619470030.277000000,objid:2,type:0,xpos:0.000000,ypos:0.000000,xspeed:7.030000,yspeed:0.310000,angle:2.400000,distense:54.400000,rcs:31.000000
timestame:1619470030.277000000,objid:4,type:0,xpos:0.000000,ypos:0.000000,xspeed:8.600000,yspeed:0.040000,angle:2.280000,distense:58.200000,rcs:34.000000
timestame:1619470030.277000000,objid:5,type:0,xpos:0.000000,ypos:0.000000,xspeed:3.500000,yspeed:-0.400000,angle:-18.000000,distense:56.400000,rcs:12.000000
