timestame:1619471445.898000000,objid:3,type:0,xpos:0.000000,ypos:0.000000,xspeed:-4.340000,yspeed:-0.850000,angle:-5.960000,distense:115.800000,rcs:15.000000
timestame:1619471445.898000000,objid:11,type:0,xpos:0.000000,ypos:0.000000,xspeed:-3.540000,yspeed:-0.180000,angle:-6.330000,distense:105.200000,rcs:12.000000
timestame:1619471445.898000000,objid:13,type:0,xpos:0.000000,ypos:0.000000,xspeed:-2.290000,yspeed:-0.030000,angle:13.790000,distense:56.200000,rcs:9.000000
