timestame:1619470493.701000000,objid:2,type:0,xpos:0.000000,ypos:0.000000,xspeed:1.240000,yspeed:-5.270000,angle:11.120000,distense:56.400000,rcs:21.000000
timestame:1619470493.701000000,objid:3,type:0,xpos:0.000000,ypos:0.000000,xspeed:1.420000,yspeed:-3.900000,angle:6.060000,distense:45.400000,rcs:30.000000
