timestame:1619469891.570000000,objid:2,type:0,xpos:0.000000,ypos:0.000000,xspeed:-4.290000,yspeed:-0.200000,angle:-15.890000,distense:49.600000,rcs:22.000000
timestame:1619469891.570000000,objid:5,type:0,xpos:0.000000,ypos:0.000000,xspeed:-2.950000,yspeed:-0.130000,angle:-18.000000,distense:53.400000,rcs:19.000000
timestame:1619469891.570000000,objid:10,type:0,xpos:0.000000,ypos:0.000000,xspeed:-11.880000,yspeed:7.620000,angle:-3.170000,distense:150.600000,rcs:6.000000
timestame:1619469891.570000000,objid:16,type:0,xpos:0.000000,ypos:0.000000,xspeed:-3.770000,yspeed:-0.180000,angle:-12.420000,distense:61.600000,rcs:24.000000
