timestame:1619470758.104000000,objid:1,type:0,xpos:0.000000,ypos:0.000000,xspeed:-1.270000,yspeed:-3.200000,angle:-12.440000,distense:39.000000,rcs:39.000000
timestame:1619470758.104000000,objid:10,type:0,xpos:0.000000,ypos:0.000000,xspeed:-2.910000,yspeed:-0.710000,angle:-18.000000,distense:25.400000,rcs:6.000000
