timestame:1619469557.435000000,objid:4,type:0,xpos:0.000000,ypos:0.000000,xspeed:-1.580000,yspeed:6.650000,angle:9.680000,distense:40.800000,rcs:27.000000
timestame:1619469557.435000000,objid:5,type:0,xpos:0.000000,ypos:0.000000,xspeed:-1.880000,yspeed:6.610000,angle:13.900000,distense:40.600000,rcs:23.000000
timestame:1619469557.435000000,objid:10,type:0,xpos:0.000000,ypos:0.000000,xspeed:1.200000,yspeed:-5.550000,angle:-2.200000,distense:51.000000,rcs:20.000000
