timestame:1619470926.193000000,objid:3,type:0,xpos:0.000000,ypos:0.000000,xspeed:-9.430000,yspeed:-0.520000,angle:-7.940000,distense:111.000000,rcs:13.000000
timestame:1619470926.193000000,objid:4,type:0,xpos:0.000000,ypos:0.000000,xspeed:3.360000,yspeed:11.190000,angle:20.370000,distense:14.400000,rcs:12.000000
