timestame:1619470047.868000000,objid:0,type:0,xpos:0.000000,ypos:0.000000,xspeed:6.680000,yspeed:0.280000,angle:4.440000,distense:90.200000,rcs:13.000000
timestame:1619470047.868000000,objid:3,type:0,xpos:0.000000,ypos:0.000000,xspeed:14.900000,yspeed:0.270000,angle:1.250000,distense:218.800000,rcs:9.000000
timestame:1619470047.868000000,objid:5,type:0,xpos:0.000000,ypos:0.000000,xspeed:6.790000,yspeed:0.180000,angle:4.740000,distense:80.800000,rcs:33.000000
