timestame:1619469634.935000000,objid:3,type:0,xpos:0.000000,ypos:0.000000,xspeed:-6.070000,yspeed:2.700000,angle:-2.680000,distense:50.000000,rcs:25.000000
timestame:1619469634.935000000,objid:4,type:0,xpos:0.000000,ypos:0.000000,xspeed:3.340000,yspeed:-0.670000,angle:-17.680000,distense:27.000000,rcs:9.000000
