timestame:1619470939.182000000,objid:1,type:0,xpos:0.000000,ypos:0.000000,xspeed:-1.770000,yspeed:1.630000,angle:-12.820000,distense:71.400000,rcs:16.000000
timestame:1619470939.182000000,objid:10,type:0,xpos:0.000000,ypos:0.000000,xspeed:-3.190000,yspeed:0.130000,angle:-10.150000,distense:73.000000,rcs:12.000000
