timestame:1619469633.194000000,objid:1,type:0,xpos:0.000000,ypos:0.000000,xspeed:-14.840000,yspeed:-2.960000,angle:17.710000,distense:5.000000,rcs:6.000000
timestame:1619469633.194000000,objid:4,type:0,xpos:0.000000,ypos:0.000000,xspeed:6.530000,yspeed:4.620000,angle:19.440000,distense:20.800000,rcs:24.000000
timestame:1619469633.194000000,objid:6,type:0,xpos:0.000000,ypos:0.000000,xspeed:-9.010000,yspeed:0.020000,angle:-8.080000,distense:57.600000,rcs:19.000000
