timestame:1619470919.937000000,objid:2,type:0,xpos:0.000000,ypos:0.000000,xspeed:1.100000,yspeed:-0.520000,angle:12.680000,distense:12.400000,rcs:20.000000
timestame:1619470919.937000000,objid:3,type:0,xpos:0.000000,ypos:0.000000,xspeed:-10.980000,yspeed:-2.890000,angle:-4.040000,distense:176.200000,rcs:16.000000
