timestame:1619470940.850000000,objid:1,type:0,xpos:0.000000,ypos:0.000000,xspeed:-4.480000,yspeed:0.100000,angle:-14.380000,distense:63.800000,rcs:19.000000
timestame:1619470940.850000000,objid:5,type:0,xpos:0.000000,ypos:0.000000,xspeed:-5.270000,yspeed:0.930000,angle:-14.240000,distense:67.200000,rcs:20.000000
timestame:1619470940.850000000,objid:10,type:0,xpos:0.000000,ypos:0.000000,xspeed:-4.250000,yspeed:0.280000,angle:-10.910000,distense:65.000000,rcs:20.000000
