timestame:1619470887.613000000,objid:3,type:0,xpos:0.000000,ypos:0.000000,xspeed:-2.150000,yspeed:-3.200000,angle:-18.000000,distense:33.800000,rcs:9.000000
timestame:1619470887.613000000,objid:10,type:0,xpos:0.000000,ypos:0.000000,xspeed:-1.170000,yspeed:0.000000,angle:-4.790000,distense:39.800000,rcs:29.000000
timestame:1619470887.613000000,objid:19,type:0,xpos:0.000000,ypos:0.000000,xspeed:-1.020000,yspeed:-3.380000,angle:-16.850000,distense:36.200000,rcs:27.000000
