timestame:1619470977.536000000,objid:0,type:0,xpos:0.000000,ypos:0.000000,xspeed:6.920000,yspeed:-0.280000,angle:2.610000,distense:131.400000,rcs:25.000000
timestame:1619470977.536000000,objid:2,type:0,xpos:0.000000,ypos:0.000000,xspeed:-18.040000,yspeed:-1.240000,angle:-3.190000,distense:180.200000,rcs:13.000000
timestame:1619470977.536000000,objid:3,type:0,xpos:0.000000,ypos:0.000000,xspeed:7.110000,yspeed:0.160000,angle:2.350000,distense:141.400000,rcs:6.000000
timestame:1619470977.536000000,objid:5,type:0,xpos:0.000000,ypos:0.000000,xspeed:-19.090000,yspeed:0.130000,angle:-9.130000,distense:94.800000,rcs:12.000000
