timestame:1619471146.614000000,objid:1,type:0,xpos:0.000000,ypos:0.000000,xspeed:-1.560000,yspeed:6.390000,angle:17.130000,distense:39.600000,rcs:6.000000
timestame:1619471146.614000000,objid:3,type:0,xpos:0.000000,ypos:0.000000,xspeed:4.540000,yspeed:8.200000,angle:22.010000,distense:42.400000,rcs:19.000000
timestame:1619471146.614000000,objid:4,type:0,xpos:0.000000,ypos:0.000000,xspeed:-1.340000,yspeed:5.760000,angle:11.380000,distense:40.200000,rcs:6.000000
timestame:1619471146.614000000,objid:9,type:0,xpos:0.000000,ypos:0.000000,xspeed:-1.660000,yspeed:5.010000,angle:-9.690000,distense:43.600000,rcs:18.000000
