timestame:1619470136.198000000,objid:3,type:0,xpos:0.000000,ypos:0.000000,xspeed:-3.660000,yspeed:-0.930000,angle:-18.000000,distense:23.000000,rcs:6.000000
timestame:1619470136.198000000,objid:7,type:0,xpos:0.000000,ypos:0.000000,xspeed:-4.720000,yspeed:-0.150000,angle:-9.450000,distense:77.200000,rcs:9.000000
timestame:1619470136.198000000,objid:8,type:0,xpos:0.000000,ypos:0.000000,xspeed:3.280000,yspeed:3.650000,angle:-8.850000,distense:40.600000,rcs:6.000000
