timestame:1619470830.779000000,objid:1,type:0,xpos:0.000000,ypos:0.000000,xspeed:8.860000,yspeed:0.090000,angle:3.250000,distense:101.200000,rcs:15.000000
timestame:1619470830.779000000,objid:2,type:0,xpos:0.000000,ypos:0.000000,xspeed:7.140000,yspeed:-0.110000,angle:3.050000,distense:105.800000,rcs:19.000000
timestame:1619470830.779000000,objid:3,type:0,xpos:0.000000,ypos:0.000000,xspeed:8.590000,yspeed:0.100000,angle:4.070000,distense:94.400000,rcs:20.000000
timestame:1619470830.779000000,objid:6,type:0,xpos:0.000000,ypos:0.000000,xspeed:11.190000,yspeed:-0.020000,angle:1.410000,distense:129.800000,rcs:20.000000
