timestame:1619471258.764000000,objid:2,type:0,xpos:0.000000,ypos:0.000000,xspeed:12.160000,yspeed:0.700000,angle:5.880000,distense:58.800000,rcs:39.000000
timestame:1619471258.764000000,objid:3,type:0,xpos:0.000000,ypos:0.000000,xspeed:-14.820000,yspeed:-0.450000,angle:-18.000000,distense:48.600000,rcs:22.000000
timestame:1619471258.764000000,objid:6,type:0,xpos:0.000000,ypos:0.000000,xspeed:12.220000,yspeed:0.200000,angle:5.700000,distense:71.000000,rcs:13.000000
timestame:1619471258.764000000,objid:10,type:0,xpos:0.000000,ypos:0.000000,xspeed:12.220000,yspeed:0.490000,angle:6.200000,distense:47.000000,rcs:32.000000
