timestame:1619470275.824000000,objid:1,type:0,xpos:0.000000,ypos:0.000000,xspeed:-10.420000,yspeed:-0.060000,angle:-5.050000,distense:104.800000,rcs:9.000000
timestame:1619470275.824000000,objid:2,type:0,xpos:0.000000,ypos:0.000000,xspeed:-1.360000,yspeed:0.300000,angle:-6.770000,distense:91.800000,rcs:16.000000
timestame:1619470275.824000000,objid:11,type:0,xpos:0.000000,ypos:0.000000,xspeed:-1.240000,yspeed:-0.170000,angle:-9.040000,distense:77.800000,rcs:20.000000
timestame:1619470275.824000000,objid:22,type:0,xpos:0.000000,ypos:0.000000,xspeed:-1.270000,yspeed:-0.100000,angle:-7.920000,distense:84.600000,rcs:18.000000
