timestame:1619470944.195000000,objid:1,type:0,xpos:0.000000,ypos:0.000000,xspeed:-6.360000,yspeed:0.400000,angle:-17.750000,distense:43.200000,rcs:22.000000
timestame:1619470944.195000000,objid:5,type:0,xpos:0.000000,ypos:0.000000,xspeed:-6.080000,yspeed:-0.380000,angle:-18.000000,distense:48.200000,rcs:9.000000
timestame:1619470944.195000000,objid:7,type:0,xpos:0.000000,ypos:0.000000,xspeed:-5.270000,yspeed:-0.690000,angle:-18.000000,distense:45.800000,rcs:18.000000
