timestame:1619470736.049000000,objid:0,type:0,xpos:0.000000,ypos:0.000000,xspeed:-18.190000,yspeed:-0.810000,angle:-3.410000,distense:183.600000,rcs:13.000000
timestame:1619470736.049000000,objid:1,type:0,xpos:0.000000,ypos:0.000000,xspeed:12.050000,yspeed:-0.220000,angle:1.410000,distense:99.000000,rcs:6.000000
timestame:1619470736.049000000,objid:6,type:0,xpos:0.000000,ypos:0.000000,xspeed:12.050000,yspeed:0.150000,angle:1.800000,distense:88.000000,rcs:36.000000
