timestame:1619471253.008000000,objid:1,type:0,xpos:0.000000,ypos:0.000000,xspeed:2.720000,yspeed:3.010000,angle:3.770000,distense:80.400000,rcs:12.000000
timestame:1619471253.008000000,objid:3,type:0,xpos:0.000000,ypos:0.000000,xspeed:-16.710000,yspeed:-0.260000,angle:-6.170000,distense:132.400000,rcs:15.000000
