timestame:1619469822.420000000,objid:1,type:0,xpos:0.000000,ypos:0.000000,xspeed:1.290000,yspeed:-7.070000,angle:-18.000000,distense:68.000000,rcs:6.000000
timestame:1619469822.420000000,objid:4,type:0,xpos:0.000000,ypos:0.000000,xspeed:-1.840000,yspeed:9.860000,angle:-5.260000,distense:44.000000,rcs:6.000000
timestame:1619469822.420000000,objid:11,type:0,xpos:0.000000,ypos:0.000000,xspeed:-4.430000,yspeed:0.360000,angle:-5.870000,distense:137.400000,rcs:15.000000
