timestame:1619469536.261000000,objid:4,type:0,xpos:0.000000,ypos:0.000000,xspeed:16.590000,yspeed:0.370000,angle:1.930000,distense:100.400000,rcs:13.000000
timestame:1619469536.261000000,objid:7,type:0,xpos:0.000000,ypos:0.000000,xspeed:16.150000,yspeed:0.410000,angle:1.690000,distense:107.000000,rcs:16.000000
