timestame:1619471231.057000000,objid:0,type:0,xpos:0.000000,ypos:0.000000,xspeed:6.590000,yspeed:0.010000,angle:1.920000,distense:102.000000,rcs:9.000000
timestame:1619471231.057000000,objid:1,type:0,xpos:0.000000,ypos:0.000000,xspeed:2.920000,yspeed:-5.380000,angle:-18.000000,distense:68.000000,rcs:9.000000
timestame:1619471231.057000000,objid:9,type:0,xpos:0.000000,ypos:0.000000,xspeed:6.770000,yspeed:0.010000,angle:1.820000,distense:93.800000,rcs:38.000000
