timestame:1619470703.314000000,objid:0,type:0,xpos:0.000000,ypos:0.000000,xspeed:4.130000,yspeed:2.530000,angle:22.440000,distense:33.600000,rcs:12.000000
timestame:1619470703.314000000,objid:1,type:0,xpos:0.000000,ypos:0.000000,xspeed:10.560000,yspeed:-0.110000,angle:2.800000,distense:131.600000,rcs:12.000000
timestame:1619470703.314000000,objid:2,type:0,xpos:0.000000,ypos:0.000000,xspeed:-8.440000,yspeed:-0.250000,angle:-14.900000,distense:78.000000,rcs:9.000000
