timestame:1619471558.885000000,objid:3,type:0,xpos:0.000000,ypos:0.000000,xspeed:-1.700000,yspeed:-2.340000,angle:-1.190000,distense:38.600000,rcs:29.000000
timestame:1619471558.885000000,objid:7,type:0,xpos:0.000000,ypos:0.000000,xspeed:-2.660000,yspeed:-1.660000,angle:-18.000000,distense:32.000000,rcs:15.000000
timestame:1619471558.885000000,objid:12,type:0,xpos:0.000000,ypos:0.000000,xspeed:2.720000,yspeed:1.980000,angle:-14.740000,distense:36.200000,rcs:16.000000
timestame:1619471558.885000000,objid:13,type:0,xpos:0.000000,ypos:0.000000,xspeed:-8.570000,yspeed:4.410000,angle:2.300000,distense:43.200000,rcs:12.000000
