timestame:1619470161.528000000,objid:0,type:0,xpos:0.000000,ypos:0.000000,xspeed:-15.340000,yspeed:-1.250000,angle:-18.000000,distense:31.800000,rcs:6.000000
timestame:1619470161.528000000,objid:2,type:0,xpos:0.000000,ypos:0.000000,xspeed:2.540000,yspeed:0.440000,angle:9.860000,distense:27.800000,rcs:25.000000
timestame:1619470161.528000000,objid:3,type:0,xpos:0.000000,ypos:0.000000,xspeed:3.860000,yspeed:-0.350000,angle:7.800000,distense:30.800000,rcs:26.000000
timestame:1619470161.528000000,objid:5,type:0,xpos:0.000000,ypos:0.000000,xspeed:-8.860000,yspeed:-1.990000,angle:-18.000000,distense:29.400000,rcs:6.000000
