timestame:1619470488.963000000,objid:1,type:0,xpos:0.000000,ypos:0.000000,xspeed:-7.790000,yspeed:-0.950000,angle:-18.000000,distense:38.000000,rcs:6.000000
timestame:1619470488.963000000,objid:4,type:0,xpos:0.000000,ypos:0.000000,xspeed:-2.820000,yspeed:1.510000,angle:-17.340000,distense:45.000000,rcs:24.000000
timestame:1619470488.963000000,objid:5,type:0,xpos:0.000000,ypos:0.000000,xspeed:-4.350000,yspeed:-2.960000,angle:-18.000000,distense:30.400000,rcs:13.000000
timestame:1619470488.963000000,objid:6,type:0,xpos:0.000000,ypos:0.000000,xspeed:-2.730000,yspeed:-4.040000,angle:-18.000000,distense:35.600000,rcs:9.000000
