timestame:1619470964.865000000,objid:0,type:0,xpos:0.000000,ypos:0.000000,xspeed:4.020000,yspeed:0.190000,angle:6.210000,distense:55.800000,rcs:38.000000
timestame:1619470964.865000000,objid:1,type:0,xpos:0.000000,ypos:0.000000,xspeed:11.900000,yspeed:-1.040000,angle:0.940000,distense:133.800000,rcs:9.000000
timestame:1619470964.865000000,objid:6,type:0,xpos:0.000000,ypos:0.000000,xspeed:10.600000,yspeed:0.480000,angle:2.020000,distense:112.400000,rcs:27.000000
timestame:1619470964.865000000,objid:12,type:0,xpos:0.000000,ypos:0.000000,xspeed:3.000000,yspeed:-0.070000,angle:4.730000,distense:63.200000,rcs:24.000000
