timestame:1619470793.677000000,objid:4,type:0,xpos:0.000000,ypos:0.000000,xspeed:2.200000,yspeed:-8.810000,angle:-4.060000,distense:52.200000,rcs:22.000000
timestame:1619470793.677000000,objid:6,type:0,xpos:0.000000,ypos:0.000000,xspeed:11.390000,yspeed:-4.230000,angle:7.680000,distense:63.000000,rcs:6.000000
timestame:1619470793.677000000,objid:7,type:0,xpos:0.000000,ypos:0.000000,xspeed:2.790000,yspeed:1.930000,angle:14.310000,distense:53.800000,rcs:6.000000
timestame:1619470793.677000000,objid:11,type:0,xpos:0.000000,ypos:0.000000,xspeed:-16.320000,yspeed:0.000000,angle:-3.150000,distense:43.000000,rcs:25.000000
