timestame:1619469911.994000000,objid:1,type:0,xpos:0.000000,ypos:0.000000,xspeed:4.440000,yspeed:-0.090000,angle:1.650000,distense:84.600000,rcs:20.000000
timestame:1619469911.994000000,objid:2,type:0,xpos:0.000000,ypos:0.000000,xspeed:11.010000,yspeed:0.120000,angle:2.720000,distense:153.800000,rcs:6.000000
timestame:1619469911.994000000,objid:8,type:0,xpos:0.000000,ypos:0.000000,xspeed:4.360000,yspeed:0.040000,angle:2.180000,distense:77.600000,rcs:26.000000
