timestame:1619470289.442000000,objid:2,type:0,xpos:0.000000,ypos:0.000000,xspeed:-12.040000,yspeed:-0.140000,angle:-11.540000,distense:76.600000,rcs:29.000000
timestame:1619470289.442000000,objid:5,type:0,xpos:0.000000,ypos:0.000000,xspeed:-5.960000,yspeed:-0.360000,angle:-18.000000,distense:29.400000,rcs:20.000000
timestame:1619470289.442000000,objid:7,type:0,xpos:0.000000,ypos:0.000000,xspeed:-5.700000,yspeed:-0.360000,angle:-18.000000,distense:25.800000,rcs:9.000000
