timestame:1619470749.708000000,objid:4,type:0,xpos:0.000000,ypos:0.000000,xspeed:-6.040000,yspeed:1.000000,angle:-18.000000,distense:30.600000,rcs:6.000000
timestame:1619470749.708000000,objid:10,type:0,xpos:0.000000,ypos:0.000000,xspeed:-4.990000,yspeed:-6.060000,angle:-18.000000,distense:35.800000,rcs:9.000000
