timestame:1619470771.744000000,objid:0,type:0,xpos:0.000000,ypos:0.000000,xspeed:-10.390000,yspeed:-0.200000,angle:-6.220000,distense:136.800000,rcs:19.000000
timestame:1619470771.744000000,objid:1,type:0,xpos:0.000000,ypos:0.000000,xspeed:13.390000,yspeed:0.120000,angle:1.640000,distense:112.000000,rcs:22.000000
timestame:1619470771.744000000,objid:2,type:0,xpos:0.000000,ypos:0.000000,xspeed:-10.370000,yspeed:0.940000,angle:-6.200000,distense:133.200000,rcs:21.000000
