timestame:1619469554.830000000,objid:2,type:0,xpos:0.000000,ypos:0.000000,xspeed:-1.580000,yspeed:4.260000,angle:-18.000000,distense:42.000000,rcs:6.000000
timestame:1619469554.830000000,objid:3,type:0,xpos:0.000000,ypos:0.000000,xspeed:-1.630000,yspeed:5.390000,angle:-17.620000,distense:46.800000,rcs:15.000000
timestame:1619469554.830000000,objid:4,type:0,xpos:0.000000,ypos:0.000000,xspeed:-3.170000,yspeed:7.200000,angle:-12.600000,distense:44.800000,rcs:22.000000
