timestame:1619469853.872000000,objid:0,type:0,xpos:0.000000,ypos:0.000000,xspeed:4.240000,yspeed:-3.510000,angle:5.190000,distense:48.800000,rcs:30.000000
timestame:1619469853.872000000,objid:10,type:0,xpos:0.000000,ypos:0.000000,xspeed:-11.600000,yspeed:-0.080000,angle:-4.230000,distense:152.400000,rcs:9.000000
