timestame:1619469919.491000000,objid:1,type:0,xpos:0.000000,ypos:0.000000,xspeed:5.610000,yspeed:-0.110000,angle:1.240000,distense:126.400000,rcs:15.000000
timestame:1619469919.491000000,objid:8,type:0,xpos:0.000000,ypos:0.000000,xspeed:5.770000,yspeed:0.120000,angle:1.550000,distense:120.000000,rcs:20.000000
