timestame:1619470771.434000000,objid:0,type:0,xpos:0.000000,ypos:0.000000,xspeed:-10.740000,yspeed:-0.250000,angle:-6.140000,distense:139.400000,rcs:24.000000
timestame:1619470771.434000000,objid:1,type:0,xpos:0.000000,ypos:0.000000,xspeed:13.040000,yspeed:0.150000,angle:1.740000,distense:107.200000,rcs:20.000000
timestame:1619470771.434000000,objid:2,type:0,xpos:0.000000,ypos:0.000000,xspeed:-10.370000,yspeed:0.940000,angle:-6.180000,distense:136.400000,rcs:21.000000
