timestame:1619470739.083000000,objid:0,type:0,xpos:0.000000,ypos:0.000000,xspeed:-16.340000,yspeed:-0.560000,angle:-5.350000,distense:130.000000,rcs:13.000000
timestame:1619470739.083000000,objid:1,type:0,xpos:0.000000,ypos:0.000000,xspeed:11.900000,yspeed:-0.090000,angle:1.010000,distense:135.200000,rcs:6.000000
timestame:1619470739.083000000,objid:6,type:0,xpos:0.000000,ypos:0.000000,xspeed:12.280000,yspeed:0.150000,angle:1.420000,distense:125.600000,rcs:32.000000
