timestame:1619469996.775000000,objid:10,type:0,xpos:0.000000,ypos:0.000000,xspeed:-1.160000,yspeed:-3.880000,angle:-18.000000,distense:37.200000,rcs:29.000000
timestame:1619469996.775000000,objid:11,type:0,xpos:0.000000,ypos:0.000000,xspeed:-1.710000,yspeed:-1.560000,angle:-18.000000,distense:34.200000,rcs:22.000000
timestame:1619469996.775000000,objid:15,type:0,xpos:0.000000,ypos:0.000000,xspeed:-1.530000,yspeed:-2.630000,angle:-18.000000,distense:35.400000,rcs:16.000000
timestame:1619469996.775000000,objid:24,type:0,xpos:0.000000,ypos:0.000000,xspeed:1.570000,yspeed:3.590000,angle:-4.430000,distense:44.000000,rcs:6.000000
