timestame:1619471318.583000000,objid:0,type:0,xpos:0.000000,ypos:0.000000,xspeed:4.100000,yspeed:2.940000,angle:-5.010000,distense:121.800000,rcs:13.000000
timestame:1619471318.583000000,objid:1,type:0,xpos:0.000000,ypos:0.000000,xspeed:-9.750000,yspeed:-3.590000,angle:-5.490000,distense:111.200000,rcs:15.000000
timestame:1619471318.583000000,objid:3,type:0,xpos:0.000000,ypos:0.000000,xspeed:-16.700000,yspeed:-2.600000,angle:-2.710000,distense:205.200000,rcs:6.000000
