timestame:1619470489.092000000,objid:1,type:0,xpos:0.000000,ypos:0.000000,xspeed:-5.660000,yspeed:0.800000,angle:-18.000000,distense:37.800000,rcs:6.000000
timestame:1619470489.092000000,objid:4,type:0,xpos:0.000000,ypos:0.000000,xspeed:-1.770000,yspeed:2.730000,angle:-16.700000,distense:45.400000,rcs:26.000000
timestame:1619470489.092000000,objid:5,type:0,xpos:0.000000,ypos:0.000000,xspeed:-4.210000,yspeed:-2.930000,angle:-18.000000,distense:30.400000,rcs:6.000000
timestame:1619470489.092000000,objid:6,type:0,xpos:0.000000,ypos:0.000000,xspeed:-2.930000,yspeed:-4.070000,angle:-18.000000,distense:35.200000,rcs:22.000000
