timestame:1619471163.367000000,objid:0,type:0,xpos:0.000000,ypos:0.000000,xspeed:-10.790000,yspeed:0.000000,angle:-4.560000,distense:172.800000,rcs:9.000000
timestame:1619471163.367000000,objid:3,type:0,xpos:0.000000,ypos:0.000000,xspeed:4.140000,yspeed:3.950000,angle:-14.100000,distense:38.600000,rcs:25.000000
timestame:1619471163.367000000,objid:5,type:0,xpos:0.000000,ypos:0.000000,xspeed:2.690000,yspeed:5.750000,angle:-5.670000,distense:46.400000,rcs:6.000000
timestame:1619471163.367000000,objid:8,type:0,xpos:0.000000,ypos:0.000000,xspeed:3.970000,yspeed:3.810000,angle:-12.060000,distense:41.600000,rcs:18.000000
