timestame:1619470840.619000000,objid:3,type:0,xpos:0.000000,ypos:0.000000,xspeed:2.750000,yspeed:2.400000,angle:-11.710000,distense:41.400000,rcs:9.000000
timestame:1619470840.619000000,objid:7,type:0,xpos:0.000000,ypos:0.000000,xspeed:13.350000,yspeed:0.440000,angle:2.410000,distense:212.400000,rcs:37.000000
