timestame:1619469774.707000000,objid:1,type:0,xpos:0.000000,ypos:0.000000,xspeed:3.450000,yspeed:2.990000,angle:-12.270000,distense:36.200000,rcs:12.000000
timestame:1619469774.707000000,objid:3,type:0,xpos:0.000000,ypos:0.000000,xspeed:3.040000,yspeed:1.180000,angle:21.940000,distense:18.400000,rcs:30.000000
timestame:1619469774.707000000,objid:10,type:0,xpos:0.000000,ypos:0.000000,xspeed:12.500000,yspeed:6.360000,angle:-18.000000,distense:42.600000,rcs:9.000000
