timestame:1619469929.908000000,objid:1,type:0,xpos:0.000000,ypos:0.000000,xspeed:7.780000,yspeed:0.210000,angle:1.450000,distense:197.800000,rcs:13.000000
timestame:1619469929.908000000,objid:8,type:0,xpos:0.000000,ypos:0.000000,xspeed:7.650000,yspeed:0.010000,angle:1.090000,distense:190.800000,rcs:28.000000
