timestame:1619470640.387000000,objid:2,type:0,xpos:0.000000,ypos:0.000000,xspeed:-6.280000,yspeed:-0.920000,angle:-4.690000,distense:186.400000,rcs:9.000000
timestame:1619470640.387000000,objid:6,type:0,xpos:0.000000,ypos:0.000000,xspeed:-1.020000,yspeed:4.860000,angle:-18.000000,distense:48.400000,rcs:6.000000
timestame:1619470640.387000000,objid:13,type:0,xpos:0.000000,ypos:0.000000,xspeed:-4.170000,yspeed:2.060000,angle:-18.000000,distense:46.400000,rcs:13.000000
