timestame:1619471222.393000000,objid:0,type:0,xpos:0.000000,ypos:0.000000,xspeed:1.510000,yspeed:0.310000,angle:1.570000,distense:56.200000,rcs:6.000000
timestame:1619471222.393000000,objid:6,type:0,xpos:0.000000,ypos:0.000000,xspeed:4.090000,yspeed:0.120000,angle:2.130000,distense:60.200000,rcs:13.000000
timestame:1619471222.393000000,objid:9,type:0,xpos:0.000000,ypos:0.000000,xspeed:4.100000,yspeed:0.320000,angle:2.940000,distense:41.400000,rcs:45.000000
