timestame:1619470977.598000000,objid:0,type:0,xpos:0.000000,ypos:0.000000,xspeed:6.910000,yspeed:-0.290000,angle:2.580000,distense:131.600000,rcs:19.000000
timestame:1619470977.598000000,objid:2,type:0,xpos:0.000000,ypos:0.000000,xspeed:-18.040000,yspeed:-1.240000,angle:-3.230000,distense:179.000000,rcs:13.000000
timestame:1619470977.598000000,objid:3,type:0,xpos:0.000000,ypos:0.000000,xspeed:7.110000,yspeed:0.160000,angle:2.350000,distense:141.800000,rcs:6.000000
timestame:1619470977.598000000,objid:5,type:0,xpos:0.000000,ypos:0.000000,xspeed:-19.040000,yspeed:0.100000,angle:-9.270000,distense:93.800000,rcs:18.000000
