timestame:1619471136.130000000,objid:3,type:0,xpos:0.000000,ypos:0.000000,xspeed:-1.460000,yspeed:0.000000,angle:15.250000,distense:39.800000,rcs:35.000000
timestame:1619471136.130000000,objid:4,type:0,xpos:0.000000,ypos:0.000000,xspeed:5.240000,yspeed:-3.250000,angle:10.920000,distense:41.200000,rcs:30.000000
