timestame:1619470135.459000000,objid:3,type:0,xpos:0.000000,ypos:0.000000,xspeed:-3.770000,yspeed:-1.170000,angle:-18.000000,distense:24.400000,rcs:6.000000
timestame:1619470135.459000000,objid:6,type:0,xpos:0.000000,ypos:0.000000,xspeed:1.550000,yspeed:3.590000,angle:-2.350000,distense:46.600000,rcs:6.000000
timestame:1619470135.459000000,objid:7,type:0,xpos:0.000000,ypos:0.000000,xspeed:-5.130000,yspeed:-0.150000,angle:-9.070000,distense:79.800000,rcs:13.000000
timestame:1619470135.459000000,objid:8,type:0,xpos:0.000000,ypos:0.000000,xspeed:3.710000,yspeed:3.010000,angle:-11.700000,distense:37.400000,rcs:24.000000
