timestame:1619469713.322000000,objid:3,type:0,xpos:0.000000,ypos:0.000000,xspeed:12.910000,yspeed:-1.260000,angle:1.510000,distense:134.600000,rcs:16.000000
timestame:1619469713.322000000,objid:6,type:0,xpos:0.000000,ypos:0.000000,xspeed:-1.560000,yspeed:6.810000,angle:5.160000,distense:37.000000,rcs:32.000000
