timestame:1619470103.561000000,objid:3,type:0,xpos:0.000000,ypos:0.000000,xspeed:2.600000,yspeed:-13.500000,angle:-18.000000,distense:63.400000,rcs:9.000000
timestame:1619470103.561000000,objid:5,type:0,xpos:0.000000,ypos:0.000000,xspeed:12.400000,yspeed:12.160000,angle:-13.190000,distense:20.200000,rcs:6.000000
timestame:1619470103.561000000,objid:7,type:0,xpos:0.000000,ypos:0.000000,xspeed:-8.540000,yspeed:0.170000,angle:16.190000,distense:27.200000,rcs:16.000000
timestame:1619470103.561000000,objid:11,type:0,xpos:0.000000,ypos:0.000000,xspeed:2.400000,yspeed:0.570000,angle:12.770000,distense:19.200000,rcs:12.000000
