timestame:1619469950.658000000,objid:4,type:0,xpos:0.000000,ypos:0.000000,xspeed:1.190000,yspeed:-3.810000,angle:0.810000,distense:54.400000,rcs:22.000000
timestame:1619469950.658000000,objid:9,type:0,xpos:0.000000,ypos:0.000000,xspeed:6.400000,yspeed:-1.970000,angle:-10.250000,distense:49.000000,rcs:16.000000
timestame:1619469950.658000000,objid:13,type:0,xpos:0.000000,ypos:0.000000,xspeed:-1.570000,yspeed:6.620000,angle:0.520000,distense:40.800000,rcs:9.000000
timestame:1619469950.658000000,objid:15,type:0,xpos:0.000000,ypos:0.000000,xspeed:-3.500000,yspeed:6.970000,angle:3.420000,distense:39.600000,rcs:22.000000
