timestame:1619470715.078000000,objid:0,type:0,xpos:0.000000,ypos:0.000000,xspeed:22.140000,yspeed:0.000000,angle:-11.000000,distense:46.400000,rcs:15.000000
timestame:1619470715.078000000,objid:3,type:0,xpos:0.000000,ypos:0.000000,xspeed:3.720000,yspeed:3.350000,angle:-12.020000,distense:39.600000,rcs:6.000000
