timestame:1619470143.083000000,objid:0,type:0,xpos:0.000000,ypos:0.000000,xspeed:4.700000,yspeed:0.220000,angle:19.760000,distense:26.000000,rcs:26.000000
timestame:1619470143.083000000,objid:3,type:0,xpos:0.000000,ypos:0.000000,xspeed:12.350000,yspeed:-7.930000,angle:4.000000,distense:34.000000,rcs:6.000000
timestame:1619470143.083000000,objid:4,type:0,xpos:0.000000,ypos:0.000000,xspeed:-3.600000,yspeed:1.030000,angle:16.160000,distense:24.400000,rcs:6.000000
