timestame:1619470139.924000000,objid:0,type:0,xpos:0.000000,ypos:0.000000,xspeed:-6.990000,yspeed:-0.050000,angle:18.020000,distense:24.400000,rcs:18.000000
timestame:1619470139.924000000,objid:2,type:0,xpos:0.000000,ypos:0.000000,xspeed:-22.970000,yspeed:-1.350000,angle:15.680000,distense:24.800000,rcs:19.000000
