timestame:1619470073.330000000,objid:3,type:0,xpos:0.000000,ypos:0.000000,xspeed:-1.310000,yspeed:2.220000,angle:17.790000,distense:48.000000,rcs:30.000000
timestame:1619470073.330000000,objid:4,type:0,xpos:0.000000,ypos:0.000000,xspeed:-1.530000,yspeed:2.260000,angle:22.920000,distense:43.000000,rcs:13.000000
timestame:1619470073.330000000,objid:8,type:0,xpos:0.000000,ypos:0.000000,xspeed:1.810000,yspeed:3.050000,angle:-8.120000,distense:41.400000,rcs:9.000000
