timestame:1619469976.640000000,objid:2,type:0,xpos:0.000000,ypos:0.000000,xspeed:-1.380000,yspeed:-1.040000,angle:-18.000000,distense:32.000000,rcs:15.000000
timestame:1619469976.640000000,objid:4,type:0,xpos:0.000000,ypos:0.000000,xspeed:1.800000,yspeed:-2.180000,angle:5.600000,distense:44.400000,rcs:33.000000
timestame:1619469976.640000000,objid:6,type:0,xpos:0.000000,ypos:0.000000,xspeed:-2.090000,yspeed:-2.750000,angle:-18.000000,distense:33.800000,rcs:15.000000
timestame:1619469976.640000000,objid:7,type:0,xpos:0.000000,ypos:0.000000,xspeed:-3.890000,yspeed:-4.510000,angle:-18.000000,distense:34.600000,rcs:9.000000
