timestame:1619470028.922000000,objid:1,type:0,xpos:0.000000,ypos:0.000000,xspeed:4.960000,yspeed:0.440000,angle:1.740000,distense:27.000000,rcs:33.000000
timestame:1619470028.922000000,objid:2,type:0,xpos:0.000000,ypos:0.000000,xspeed:6.500000,yspeed:0.260000,angle:2.320000,distense:44.200000,rcs:28.000000
