timestame:1619470118.185000000,objid:3,type:0,xpos:0.000000,ypos:0.000000,xspeed:-9.130000,yspeed:-1.850000,angle:8.660000,distense:31.800000,rcs:15.000000
timestame:1619470118.185000000,objid:5,type:0,xpos:0.000000,ypos:0.000000,xspeed:-8.020000,yspeed:-0.660000,angle:18.620000,distense:20.600000,rcs:16.000000
timestame:1619470118.185000000,objid:10,type:0,xpos:0.000000,ypos:0.000000,xspeed:2.190000,yspeed:5.560000,angle:-2.510000,distense:48.000000,rcs:6.000000
