timestame:1619470776.781000000,objid:0,type:0,xpos:0.000000,ypos:0.000000,xspeed:19.570000,yspeed:1.450000,angle:1.430000,distense:205.400000,rcs:12.000000
timestame:1619470776.781000000,objid:1,type:0,xpos:0.000000,ypos:0.000000,xspeed:-7.220000,yspeed:-1.070000,angle:-9.520000,distense:100.600000,rcs:15.000000
timestame:1619470776.781000000,objid:3,type:0,xpos:0.000000,ypos:0.000000,xspeed:-3.190000,yspeed:5.380000,angle:-9.040000,distense:47.400000,rcs:6.000000
