timestame:1619470859.272000000,objid:0,type:0,xpos:0.000000,ypos:0.000000,xspeed:6.090000,yspeed:3.860000,angle:-16.510000,distense:38.400000,rcs:6.000000
timestame:1619470859.272000000,objid:1,type:0,xpos:0.000000,ypos:0.000000,xspeed:1.900000,yspeed:-0.870000,angle:-12.910000,distense:38.400000,rcs:6.000000
