timestame:1619470798.505000000,objid:3,type:0,xpos:0.000000,ypos:0.000000,xspeed:1.310000,yspeed:-11.800000,angle:-18.000000,distense:67.600000,rcs:6.000000
timestame:1619470798.505000000,objid:7,type:0,xpos:0.000000,ypos:0.000000,xspeed:-1.170000,yspeed:0.000000,angle:19.090000,distense:45.000000,rcs:30.000000
timestame:1619470798.505000000,objid:15,type:0,xpos:0.000000,ypos:0.000000,xspeed:-1.240000,yspeed:-2.150000,angle:-18.000000,distense:37.600000,rcs:39.000000
