timestame:1619470491.472000000,objid:0,type:0,xpos:0.000000,ypos:0.000000,xspeed:1.770000,yspeed:-4.830000,angle:15.070000,distense:45.800000,rcs:24.000000
timestame:1619470491.472000000,objid:1,type:0,xpos:0.000000,ypos:0.000000,xspeed:1.140000,yspeed:-2.820000,angle:11.030000,distense:44.600000,rcs:34.000000
timestame:1619470491.472000000,objid:2,type:0,xpos:0.000000,ypos:0.000000,xspeed:1.620000,yspeed:-5.710000,angle:-17.500000,distense:57.400000,rcs:19.000000
timestame:1619470491.472000000,objid:3,type:0,xpos:0.000000,ypos:0.000000,xspeed:-6.270000,yspeed:-8.720000,angle:20.010000,distense:43.800000,rcs:31.000000
