timestame:1619470799.564000000,objid:3,type:0,xpos:0.000000,ypos:0.000000,xspeed:1.750000,yspeed:-11.010000,angle:-18.000000,distense:74.600000,rcs:6.000000
timestame:1619470799.564000000,objid:7,type:0,xpos:0.000000,ypos:0.000000,xspeed:7.150000,yspeed:-0.890000,angle:14.320000,distense:51.000000,rcs:6.000000
