timestame:1619470859.641000000,objid:0,type:0,xpos:0.000000,ypos:0.000000,xspeed:5.970000,yspeed:3.730000,angle:-16.100000,distense:41.000000,rcs:6.000000
timestame:1619470859.641000000,objid:1,type:0,xpos:0.000000,ypos:0.000000,xspeed:2.830000,yspeed:-0.550000,angle:-14.120000,distense:39.800000,rcs:9.000000
