timestame:1619471317.962000000,objid:0,type:0,xpos:0.000000,ypos:0.000000,xspeed:-9.620000,yspeed:0.000000,angle:-5.370000,distense:121.800000,rcs:15.000000
timestame:1619471317.962000000,objid:1,type:0,xpos:0.000000,ypos:0.000000,xspeed:-13.020000,yspeed:-0.260000,angle:-5.930000,distense:113.200000,rcs:18.000000
