timestame:1619469560.273000000,objid:3,type:0,xpos:0.000000,ypos:0.000000,xspeed:-1.040000,yspeed:5.550000,angle:20.390000,distense:35.200000,rcs:6.000000
timestame:1619469560.273000000,objid:7,type:0,xpos:0.000000,ypos:0.000000,xspeed:1.150000,yspeed:1.640000,angle:16.180000,distense:53.200000,rcs:15.000000
timestame:1619469560.273000000,objid:13,type:0,xpos:0.000000,ypos:0.000000,xspeed:2.100000,yspeed:-9.330000,angle:-18.000000,distense:65.400000,rcs:6.000000
timestame:1619469560.273000000,objid:14,type:0,xpos:0.000000,ypos:0.000000,xspeed:-1.400000,yspeed:8.940000,angle:1.830000,distense:52.400000,rcs:6.000000
