timestame:1619469920.172000000,objid:1,type:0,xpos:0.000000,ypos:0.000000,xspeed:5.730000,yspeed:-0.080000,angle:1.200000,distense:130.400000,rcs:18.000000
timestame:1619469920.172000000,objid:8,type:0,xpos:0.000000,ypos:0.000000,xspeed:5.740000,yspeed:0.110000,angle:1.520000,distense:123.600000,rcs:30.000000
