timestame:1619471078.951000000,objid:1,type:0,xpos:0.000000,ypos:0.000000,xspeed:-7.450000,yspeed:-0.610000,angle:-18.000000,distense:45.400000,rcs:27.000000
timestame:1619471078.951000000,objid:3,type:0,xpos:0.000000,ypos:0.000000,xspeed:-9.600000,yspeed:-0.360000,angle:-14.970000,distense:49.000000,rcs:20.000000
timestame:1619471078.951000000,objid:5,type:0,xpos:0.000000,ypos:0.000000,xspeed:-10.330000,yspeed:-0.510000,angle:-18.000000,distense:27.800000,rcs:13.000000
timestame:1619471078.951000000,objid:6,type:0,xpos:0.000000,ypos:0.000000,xspeed:-5.520000,yspeed:-0.350000,angle:-18.000000,distense:43.000000,rcs:22.000000
