timestame:1619471077.717000000,objid:1,type:0,xpos:0.000000,ypos:0.000000,xspeed:-6.400000,yspeed:-0.300000,angle:-18.000000,distense:53.800000,rcs:26.000000
timestame:1619471077.717000000,objid:3,type:0,xpos:0.000000,ypos:0.000000,xspeed:-9.290000,yspeed:-0.230000,angle:-11.580000,distense:60.400000,rcs:25.000000
timestame:1619471077.717000000,objid:5,type:0,xpos:0.000000,ypos:0.000000,xspeed:-10.070000,yspeed:-0.570000,angle:-18.000000,distense:39.200000,rcs:20.000000
timestame:1619471077.717000000,objid:6,type:0,xpos:0.000000,ypos:0.000000,xspeed:-5.940000,yspeed:-0.650000,angle:-18.000000,distense:48.400000,rcs:9.000000
