timestame:1619470635.045000000,objid:1,type:0,xpos:0.000000,ypos:0.000000,xspeed:-1.090000,yspeed:2.020000,angle:-18.000000,distense:33.600000,rcs:9.000000
timestame:1619470635.045000000,objid:2,type:0,xpos:0.000000,ypos:0.000000,xspeed:-2.260000,yspeed:0.040000,angle:-8.730000,distense:81.200000,rcs:16.000000
timestame:1619470635.045000000,objid:3,type:0,xpos:0.000000,ypos:0.000000,xspeed:4.880000,yspeed:-6.350000,angle:-16.670000,distense:51.400000,rcs:6.000000
