timestame:1619470777.838000000,objid:1,type:0,xpos:0.000000,ypos:0.000000,xspeed:-7.210000,yspeed:-0.580000,angle:-10.330000,distense:92.800000,rcs:25.000000
timestame:1619470777.838000000,objid:2,type:0,xpos:0.000000,ypos:0.000000,xspeed:24.150000,yspeed:2.120000,angle:-13.600000,distense:61.000000,rcs:9.000000
timestame:1619470777.838000000,objid:3,type:0,xpos:0.000000,ypos:0.000000,xspeed:1.250000,yspeed:-1.830000,angle:-12.630000,distense:48.600000,rcs:25.000000
