timestame:1619470481.080000000,objid:1,type:0,xpos:0.000000,ypos:0.000000,xspeed:-4.680000,yspeed:0.250000,angle:-6.840000,distense:94.600000,rcs:29.000000
timestame:1619470481.080000000,objid:2,type:0,xpos:0.000000,ypos:0.000000,xspeed:1.720000,yspeed:-0.360000,angle:11.120000,distense:81.000000,rcs:6.000000
timestame:1619470481.080000000,objid:6,type:0,xpos:0.000000,ypos:0.000000,xspeed:-2.780000,yspeed:1.780000,angle:-6.030000,distense:101.400000,rcs:12.000000
