timestame:1619470215.132000000,objid:7,type:0,xpos:0.000000,ypos:0.000000,xspeed:-2.850000,yspeed:7.620000,angle:-10.210000,distense:44.400000,rcs:18.000000
timestame:1619470215.132000000,objid:9,type:0,xpos:0.000000,ypos:0.000000,xspeed:-1.550000,yspeed:9.970000,angle:22.490000,distense:39.800000,rcs:9.000000
timestame:1619470215.132000000,objid:10,type:0,xpos:0.000000,ypos:0.000000,xspeed:-2.060000,yspeed:-1.510000,angle:9.900000,distense:105.000000,rcs:12.000000
timestame:1619470215.132000000,objid:11,type:0,xpos:0.000000,ypos:0.000000,xspeed:-1.750000,yspeed:-6.170000,angle:21.200000,distense:39.000000,rcs:16.000000
