timestame:1619470277.125000000,objid:1,type:0,xpos:0.000000,ypos:0.000000,xspeed:-10.250000,yspeed:0.210000,angle:-5.230000,distense:92.200000,rcs:15.000000
timestame:1619470277.125000000,objid:2,type:0,xpos:0.000000,ypos:0.000000,xspeed:-1.980000,yspeed:0.190000,angle:-6.930000,distense:88.800000,rcs:16.000000
timestame:1619470277.125000000,objid:11,type:0,xpos:0.000000,ypos:0.000000,xspeed:-2.070000,yspeed:-0.090000,angle:-9.520000,distense:74.200000,rcs:20.000000
timestame:1619470277.125000000,objid:22,type:0,xpos:0.000000,ypos:0.000000,xspeed:-1.570000,yspeed:-0.070000,angle:-8.160000,distense:82.200000,rcs:18.000000
