timestame:1619470458.857000000,objid:0,type:0,xpos:0.000000,ypos:0.000000,xspeed:-19.110000,yspeed:4.560000,angle:-3.940000,distense:126.200000,rcs:9.000000
timestame:1619470458.857000000,objid:2,type:0,xpos:0.000000,ypos:0.000000,xspeed:5.860000,yspeed:-0.090000,angle:3.480000,distense:168.600000,rcs:20.000000
