timestame:1619469787.139000000,objid:1,type:0,xpos:0.000000,ypos:0.000000,xspeed:-15.850000,yspeed:0.550000,angle:-8.980000,distense:91.000000,rcs:15.000000
timestame:1619469787.139000000,objid:2,type:0,xpos:0.000000,ypos:0.000000,xspeed:16.810000,yspeed:0.220000,angle:1.020000,distense:213.200000,rcs:9.000000
timestame:1619469787.139000000,objid:4,type:0,xpos:0.000000,ypos:0.000000,xspeed:-16.930000,yspeed:-0.420000,angle:-11.220000,distense:81.600000,rcs:21.000000
timestame:1619469787.139000000,objid:10,type:0,xpos:0.000000,ypos:0.000000,xspeed:17.020000,yspeed:0.150000,angle:1.090000,distense:201.200000,rcs:30.000000
