timestame:1619470920.306000000,objid:2,type:0,xpos:0.000000,ypos:0.000000,xspeed:1.010000,yspeed:-0.370000,angle:11.950000,distense:12.800000,rcs:28.000000
timestame:1619470920.306000000,objid:3,type:0,xpos:0.000000,ypos:0.000000,xspeed:-13.710000,yspeed:-0.870000,angle:-4.160000,distense:170.000000,rcs:12.000000
