timestame:1619470682.912000000,objid:0,type:0,xpos:0.000000,ypos:0.000000,xspeed:-3.500000,yspeed:0.110000,angle:-15.890000,distense:60.200000,rcs:25.000000
timestame:1619470682.912000000,objid:2,type:0,xpos:0.000000,ypos:0.000000,xspeed:-1.900000,yspeed:-0.270000,angle:-12.610000,distense:72.400000,rcs:20.000000
timestame:1619470682.912000000,objid:7,type:0,xpos:0.000000,ypos:0.000000,xspeed:-6.620000,yspeed:0.130000,angle:-13.010000,distense:69.800000,rcs:20.000000
