timestame:1619471187.322000000,objid:3,type:0,xpos:0.000000,ypos:0.000000,xspeed:2.790000,yspeed:-2.540000,angle:-13.430000,distense:58.000000,rcs:26.000000
timestame:1619471187.322000000,objid:8,type:0,xpos:0.000000,ypos:0.000000,xspeed:-1.150000,yspeed:0.240000,angle:-9.840000,distense:84.600000,rcs:12.000000
timestame:1619471187.322000000,objid:10,type:0,xpos:0.000000,ypos:0.000000,xspeed:1.430000,yspeed:-4.530000,angle:16.760000,distense:46.000000,rcs:19.000000
timestame:1619471187.322000000,objid:13,type:0,xpos:0.000000,ypos:0.000000,xspeed:1.250000,yspeed:-5.390000,angle:10.420000,distense:45.400000,rcs:20.000000
