timestame:1619470484.050000000,objid:1,type:0,xpos:0.000000,ypos:0.000000,xspeed:-3.890000,yspeed:-0.260000,angle:-8.600000,distense:83.200000,rcs:20.000000
timestame:1619470484.050000000,objid:5,type:0,xpos:0.000000,ypos:0.000000,xspeed:-3.600000,yspeed:-3.540000,angle:-8.390000,distense:61.600000,rcs:12.000000
