timestame:1619469690.747000000,objid:2,type:0,xpos:0.000000,ypos:0.000000,xspeed:1.520000,yspeed:-7.880000,angle:-5.090000,distense:58.800000,rcs:18.000000
timestame:1619469690.747000000,objid:4,type:0,xpos:0.000000,ypos:0.000000,xspeed:2.880000,yspeed:-6.520000,angle:22.610000,distense:47.200000,rcs:13.000000
timestame:1619469690.747000000,objid:13,type:0,xpos:0.000000,ypos:0.000000,xspeed:-1.790000,yspeed:6.960000,angle:6.040000,distense:35.000000,rcs:24.000000
