timestame:1619471211.723000000,objid:4,type:0,xpos:0.000000,ypos:0.000000,xspeed:-8.640000,yspeed:0.150000,angle:-18.000000,distense:42.400000,rcs:18.000000
timestame:1619471211.723000000,objid:5,type:0,xpos:0.000000,ypos:0.000000,xspeed:-6.550000,yspeed:-0.290000,angle:-18.000000,distense:40.600000,rcs:18.000000
timestame:1619471211.723000000,objid:6,type:0,xpos:0.000000,ypos:0.000000,xspeed:23.010000,yspeed:-7.310000,angle:17.180000,distense:23.800000,rcs:21.000000
