timestame:1619469926.873000000,objid:1,type:0,xpos:0.000000,ypos:0.000000,xspeed:6.780000,yspeed:0.200000,angle:1.500000,distense:173.800000,rcs:12.000000
timestame:1619469926.873000000,objid:8,type:0,xpos:0.000000,ypos:0.000000,xspeed:6.870000,yspeed:0.100000,angle:1.290000,distense:167.000000,rcs:22.000000
