timestame:1619469879.675000000,objid:0,type:0,xpos:0.000000,ypos:0.000000,xspeed:-3.500000,yspeed:0.000000,angle:-18.000000,distense:35.600000,rcs:26.000000
timestame:1619469879.675000000,objid:6,type:0,xpos:0.000000,ypos:0.000000,xspeed:-4.490000,yspeed:-2.800000,angle:-18.000000,distense:33.200000,rcs:13.000000
timestame:1619469879.675000000,objid:15,type:0,xpos:0.000000,ypos:0.000000,xspeed:-1.100000,yspeed:-4.370000,angle:-7.730000,distense:41.200000,rcs:34.000000
