timestame:1619470459.352000000,objid:0,type:0,xpos:0.000000,ypos:0.000000,xspeed:-17.780000,yspeed:0.000000,angle:-4.650000,distense:118.200000,rcs:15.000000
timestame:1619470459.352000000,objid:2,type:0,xpos:0.000000,ypos:0.000000,xspeed:5.810000,yspeed:-0.150000,angle:3.340000,distense:171.200000,rcs:9.000000
