timestame:1619470331.405000000,objid:0,type:0,xpos:0.000000,ypos:0.000000,xspeed:16.480000,yspeed:-0.360000,angle:0.260000,distense:200.800000,rcs:24.000000
timestame:1619470331.405000000,objid:2,type:0,xpos:0.000000,ypos:0.000000,xspeed:10.040000,yspeed:0.380000,angle:1.180000,distense:216.200000,rcs:6.000000
timestame:1619470331.405000000,objid:4,type:0,xpos:0.000000,ypos:0.000000,xspeed:-1.280000,yspeed:0.870000,angle:15.400000,distense:66.400000,rcs:9.000000
