timestame:1619471227.027000000,objid:0,type:0,xpos:0.000000,ypos:0.000000,xspeed:6.430000,yspeed:0.700000,angle:2.200000,distense:76.800000,rcs:15.000000
timestame:1619471227.027000000,objid:1,type:0,xpos:0.000000,ypos:0.000000,xspeed:5.180000,yspeed:-2.790000,angle:-12.410000,distense:49.200000,rcs:20.000000
timestame:1619471227.027000000,objid:9,type:0,xpos:0.000000,ypos:0.000000,xspeed:5.480000,yspeed:0.120000,angle:2.300000,distense:66.400000,rcs:40.000000
