timestame:1619469535.393000000,objid:4,type:0,xpos:0.000000,ypos:0.000000,xspeed:16.500000,yspeed:0.560000,angle:2.250000,distense:85.200000,rcs:29.000000
timestame:1619469535.393000000,objid:7,type:0,xpos:0.000000,ypos:0.000000,xspeed:16.530000,yspeed:0.400000,angle:1.690000,distense:93.000000,rcs:20.000000
