timestame:1619470801.055000000,objid:2,type:0,xpos:0.000000,ypos:0.000000,xspeed:-8.160000,yspeed:-0.870000,angle:-9.710000,distense:30.200000,rcs:6.000000
timestame:1619470801.055000000,objid:4,type:0,xpos:0.000000,ypos:0.000000,xspeed:-1.930000,yspeed:-3.210000,angle:-12.670000,distense:42.800000,rcs:12.000000
timestame:1619470801.055000000,objid:15,type:0,xpos:0.000000,ypos:0.000000,xspeed:-1.370000,yspeed:-1.660000,angle:-18.000000,distense:37.000000,rcs:9.000000
