timestame:1619470079.790000000,objid:0,type:0,xpos:0.000000,ypos:0.000000,xspeed:1.490000,yspeed:-4.860000,angle:18.480000,distense:49.800000,rcs:15.000000
timestame:1619470079.790000000,objid:1,type:0,xpos:0.000000,ypos:0.000000,xspeed:-3.190000,yspeed:-0.630000,angle:-10.650000,distense:46.200000,rcs:15.000000
timestame:1619470079.790000000,objid:4,type:0,xpos:0.000000,ypos:0.000000,xspeed:-6.260000,yspeed:5.720000,angle:3.360000,distense:48.400000,rcs:13.000000
