timestame:1619470460.412000000,objid:0,type:0,xpos:0.000000,ypos:0.000000,xspeed:-17.340000,yspeed:-3.120000,angle:-7.610000,distense:100.000000,rcs:16.000000
timestame:1619470460.412000000,objid:2,type:0,xpos:0.000000,ypos:0.000000,xspeed:5.850000,yspeed:-0.100000,angle:3.230000,distense:177.600000,rcs:16.000000
