timestame:1619470053.021000000,objid:0,type:0,xpos:0.000000,ypos:0.000000,xspeed:7.670000,yspeed:-0.120000,angle:2.720000,distense:128.600000,rcs:6.000000
timestame:1619470053.021000000,objid:5,type:0,xpos:0.000000,ypos:0.000000,xspeed:7.970000,yspeed:0.090000,angle:3.340000,distense:119.600000,rcs:22.000000
