timestame:1619469996.150000000,objid:8,type:0,xpos:0.000000,ypos:0.000000,xspeed:1.120000,yspeed:2.990000,angle:-0.560000,distense:45.400000,rcs:6.000000
timestame:1619469996.150000000,objid:15,type:0,xpos:0.000000,ypos:0.000000,xspeed:-1.480000,yspeed:-2.570000,angle:-18.000000,distense:35.600000,rcs:24.000000
timestame:1619469996.150000000,objid:24,type:0,xpos:0.000000,ypos:0.000000,xspeed:1.630000,yspeed:3.530000,angle:-6.340000,distense:41.800000,rcs:6.000000
