timestame:1619469556.190000000,objid:2,type:0,xpos:0.000000,ypos:0.000000,xspeed:-1.110000,yspeed:4.740000,angle:-16.280000,distense:38.600000,rcs:21.000000
timestame:1619469556.190000000,objid:4,type:0,xpos:0.000000,ypos:0.000000,xspeed:-1.740000,yspeed:5.720000,angle:-3.340000,distense:42.000000,rcs:19.000000
timestame:1619469556.190000000,objid:5,type:0,xpos:0.000000,ypos:0.000000,xspeed:-2.490000,yspeed:7.000000,angle:1.600000,distense:41.600000,rcs:36.000000
timestame:1619469556.190000000,objid:10,type:0,xpos:0.000000,ypos:0.000000,xspeed:1.530000,yspeed:-4.160000,angle:6.300000,distense:50.000000,rcs:21.000000
