timestame:1619471236.527000000,objid:0,type:0,xpos:0.000000,ypos:0.000000,xspeed:8.110000,yspeed:-0.030000,angle:1.250000,distense:146.400000,rcs:6.000000
timestame:1619471236.527000000,objid:9,type:0,xpos:0.000000,ypos:0.000000,xspeed:8.130000,yspeed:0.020000,angle:1.350000,distense:136.600000,rcs:25.000000
