timestame:1619470571.121000000,objid:1,type:0,xpos:0.000000,ypos:0.000000,xspeed:3.330000,yspeed:3.330000,angle:-9.690000,distense:44.200000,rcs:6.000000
timestame:1619470571.121000000,objid:3,type:0,xpos:0.000000,ypos:0.000000,xspeed:15.380000,yspeed:0.250000,angle:1.090000,distense:214.600000,rcs:12.000000
