timestame:1619471164.727000000,objid:0,type:0,xpos:0.000000,ypos:0.000000,xspeed:-10.480000,yspeed:2.540000,angle:-3.080000,distense:160.200000,rcs:12.000000
timestame:1619471164.727000000,objid:2,type:0,xpos:0.000000,ypos:0.000000,xspeed:-4.320000,yspeed:6.290000,angle:-4.050000,distense:164.400000,rcs:13.000000
timestame:1619471164.727000000,objid:3,type:0,xpos:0.000000,ypos:0.000000,xspeed:2.980000,yspeed:5.030000,angle:-7.110000,distense:45.200000,rcs:6.000000
timestame:1619471164.727000000,objid:8,type:0,xpos:0.000000,ypos:0.000000,xspeed:2.930000,yspeed:4.560000,angle:-6.090000,distense:47.600000,rcs:6.000000
