timestame:1619469784.720000000,objid:2,type:0,xpos:0.000000,ypos:0.000000,xspeed:17.060000,yspeed:-0.110000,angle:0.900000,distense:173.200000,rcs:15.000000
timestame:1619469784.720000000,objid:4,type:0,xpos:0.000000,ypos:0.000000,xspeed:-17.560000,yspeed:-0.330000,angle:-7.110000,distense:121.200000,rcs:16.000000
timestame:1619469784.720000000,objid:10,type:0,xpos:0.000000,ypos:0.000000,xspeed:16.690000,yspeed:0.250000,angle:1.280000,distense:160.000000,rcs:27.000000
