timestame:1619470797.822000000,objid:3,type:0,xpos:0.000000,ypos:0.000000,xspeed:2.300000,yspeed:-11.150000,angle:-15.270000,distense:64.600000,rcs:13.000000
timestame:1619470797.822000000,objid:5,type:0,xpos:0.000000,ypos:0.000000,xspeed:-3.320000,yspeed:-0.530000,angle:19.750000,distense:44.400000,rcs:25.000000
timestame:1619470797.822000000,objid:12,type:0,xpos:0.000000,ypos:0.000000,xspeed:2.320000,yspeed:-10.830000,angle:-18.000000,distense:74.000000,rcs:6.000000
timestame:1619470797.822000000,objid:15,type:0,xpos:0.000000,ypos:0.000000,xspeed:-1.840000,yspeed:-1.580000,angle:-18.000000,distense:37.200000,rcs:26.000000
