timestame:1619471152.323000000,objid:0,type:0,xpos:0.000000,ypos:0.000000,xspeed:-1.090000,yspeed:7.490000,angle:13.560000,distense:40.000000,rcs:9.000000
timestame:1619471152.323000000,objid:1,type:0,xpos:0.000000,ypos:0.000000,xspeed:-7.780000,yspeed:-3.090000,angle:10.410000,distense:85.000000,rcs:9.000000
timestame:1619471152.323000000,objid:7,type:0,xpos:0.000000,ypos:0.000000,xspeed:-1.020000,yspeed:6.440000,angle:7.850000,distense:40.400000,rcs:6.000000
