timestame:1619470447.544000000,objid:0,type:0,xpos:0.000000,ypos:0.000000,xspeed:19.210000,yspeed:-3.460000,angle:1.250000,distense:192.600000,rcs:13.000000
timestame:1619470447.544000000,objid:1,type:0,xpos:0.000000,ypos:0.000000,xspeed:-2.070000,yspeed:-0.670000,angle:5.170000,distense:178.400000,rcs:9.000000
timestame:1619470447.544000000,objid:2,type:0,xpos:0.000000,ypos:0.000000,xspeed:4.500000,yspeed:-0.200000,angle:6.520000,distense:107.000000,rcs:15.000000
