timestame:1619470562.016000000,objid:0,type:0,xpos:0.000000,ypos:0.000000,xspeed:5.570000,yspeed:-0.440000,angle:2.450000,distense:202.400000,rcs:9.000000
timestame:1619470562.016000000,objid:1,type:0,xpos:0.000000,ypos:0.000000,xspeed:5.980000,yspeed:-0.350000,angle:3.910000,distense:194.400000,rcs:18.000000
timestame:1619470562.016000000,objid:2,type:0,xpos:0.000000,ypos:0.000000,xspeed:9.540000,yspeed:-0.520000,angle:2.940000,distense:211.800000,rcs:12.000000
timestame:1619470562.016000000,objid:3,type:0,xpos:0.000000,ypos:0.000000,xspeed:9.750000,yspeed:0.230000,angle:1.830000,distense:82.600000,rcs:34.000000
