timestame:1619470293.098000000,objid:1,type:0,xpos:0.000000,ypos:0.000000,xspeed:-1.660000,yspeed:0.950000,angle:8.110000,distense:10.800000,rcs:13.000000
timestame:1619470293.098000000,objid:2,type:0,xpos:0.000000,ypos:0.000000,xspeed:-12.160000,yspeed:-0.510000,angle:-18.000000,distense:35.200000,rcs:24.000000
