timestame:1619469535.455000000,objid:4,type:0,xpos:0.000000,ypos:0.000000,xspeed:16.470000,yspeed:0.610000,angle:2.310000,distense:86.200000,rcs:18.000000
timestame:1619469535.455000000,objid:7,type:0,xpos:0.000000,ypos:0.000000,xspeed:16.450000,yspeed:0.410000,angle:1.710000,distense:93.800000,rcs:15.000000
