timestame:1619470493.578000000,objid:2,type:0,xpos:0.000000,ypos:0.000000,xspeed:1.330000,yspeed:-5.280000,angle:11.720000,distense:56.600000,rcs:12.000000
timestame:1619470493.578000000,objid:3,type:0,xpos:0.000000,ypos:0.000000,xspeed:1.570000,yspeed:-4.100000,angle:6.350000,distense:45.400000,rcs:30.000000
