timestame:1619471320.821000000,objid:0,type:0,xpos:0.000000,ypos:0.000000,xspeed:1.020000,yspeed:-9.940000,angle:15.480000,distense:48.200000,rcs:30.000000
timestame:1619471320.821000000,objid:1,type:0,xpos:0.000000,ypos:0.000000,xspeed:-7.030000,yspeed:-0.520000,angle:-6.960000,distense:96.200000,rcs:16.000000
timestame:1619471320.821000000,objid:3,type:0,xpos:0.000000,ypos:0.000000,xspeed:-13.590000,yspeed:-0.340000,angle:-3.600000,distense:174.000000,rcs:9.000000
