timestame:1619471235.592000000,objid:0,type:0,xpos:0.000000,ypos:0.000000,xspeed:7.980000,yspeed:0.070000,angle:1.400000,distense:138.400000,rcs:12.000000
timestame:1619471235.592000000,objid:9,type:0,xpos:0.000000,ypos:0.000000,xspeed:7.760000,yspeed:0.140000,angle:1.530000,distense:128.200000,rcs:22.000000
