timestame:1619470070.283000000,objid:0,type:0,xpos:0.000000,ypos:0.000000,xspeed:3.590000,yspeed:6.350000,angle:-5.160000,distense:46.200000,rcs:6.000000
timestame:1619470070.283000000,objid:3,type:0,xpos:0.000000,ypos:0.000000,xspeed:-1.710000,yspeed:2.670000,angle:8.690000,distense:50.200000,rcs:33.000000
timestame:1619470070.283000000,objid:4,type:0,xpos:0.000000,ypos:0.000000,xspeed:-1.740000,yspeed:2.650000,angle:12.050000,distense:45.000000,rcs:27.000000
timestame:1619470070.283000000,objid:8,type:0,xpos:0.000000,ypos:0.000000,xspeed:3.160000,yspeed:1.770000,angle:-16.300000,distense:32.400000,rcs:22.000000
