timestame:1619470715.140000000,objid:0,type:0,xpos:0.000000,ypos:0.000000,xspeed:22.140000,yspeed:0.000000,angle:-11.790000,distense:47.600000,rcs:15.000000
timestame:1619470715.140000000,objid:3,type:0,xpos:0.000000,ypos:0.000000,xspeed:3.740000,yspeed:3.400000,angle:-11.870000,distense:39.800000,rcs:9.000000
