timestame:1619469786.893000000,objid:1,type:0,xpos:0.000000,ypos:0.000000,xspeed:-15.650000,yspeed:0.550000,angle:-8.680000,distense:95.000000,rcs:20.000000
timestame:1619469786.893000000,objid:2,type:0,xpos:0.000000,ypos:0.000000,xspeed:16.750000,yspeed:0.190000,angle:1.010000,distense:209.000000,rcs:12.000000
timestame:1619469786.893000000,objid:4,type:0,xpos:0.000000,ypos:0.000000,xspeed:-17.000000,yspeed:-0.390000,angle:-10.600000,distense:85.400000,rcs:20.000000
timestame:1619469786.893000000,objid:10,type:0,xpos:0.000000,ypos:0.000000,xspeed:17.010000,yspeed:0.190000,angle:1.130000,distense:197.000000,rcs:6.000000
