timestame:1619471400.911000000,objid:0,type:0,xpos:0.000000,ypos:0.000000,xspeed:-2.350000,yspeed:4.330000,angle:-18.000000,distense:47.800000,rcs:6.000000
timestame:1619471400.911000000,objid:4,type:0,xpos:0.000000,ypos:0.000000,xspeed:-1.380000,yspeed:-0.420000,angle:8.650000,distense:168.600000,rcs:15.000000
