timestame:1619471031.752000000,objid:3,type:0,xpos:0.000000,ypos:0.000000,xspeed:3.550000,yspeed:0.710000,angle:20.130000,distense:31.000000,rcs:13.000000
timestame:1619471031.752000000,objid:5,type:0,xpos:0.000000,ypos:0.000000,xspeed:3.690000,yspeed:3.550000,angle:-12.410000,distense:40.600000,rcs:16.000000
timestame:1619471031.752000000,objid:6,type:0,xpos:0.000000,ypos:0.000000,xspeed:4.440000,yspeed:2.500000,angle:-15.710000,distense:30.600000,rcs:22.000000
timestame:1619471031.752000000,objid:8,type:0,xpos:0.000000,ypos:0.000000,xspeed:-3.580000,yspeed:-3.350000,angle:-18.000000,distense:38.200000,rcs:15.000000
