timestame:1619470046.316000000,objid:0,type:0,xpos:0.000000,ypos:0.000000,xspeed:6.700000,yspeed:0.060000,angle:4.410000,distense:79.800000,rcs:18.000000
timestame:1619470046.316000000,objid:3,type:0,xpos:0.000000,ypos:0.000000,xspeed:14.620000,yspeed:0.090000,angle:1.160000,distense:195.200000,rcs:13.000000
timestame:1619470046.316000000,objid:5,type:0,xpos:0.000000,ypos:0.000000,xspeed:6.470000,yspeed:0.400000,angle:5.460000,distense:69.800000,rcs:30.000000
