timestame:1619471423.046000000,objid:1,type:0,xpos:0.000000,ypos:0.000000,xspeed:-5.190000,yspeed:-1.040000,angle:-7.780000,distense:110.200000,rcs:9.000000
timestame:1619471423.046000000,objid:9,type:0,xpos:0.000000,ypos:0.000000,xspeed:-5.880000,yspeed:0.010000,angle:-5.090000,distense:125.800000,rcs:20.000000
timestame:1619471423.046000000,objid:12,type:0,xpos:0.000000,ypos:0.000000,xspeed:-4.830000,yspeed:-0.150000,angle:-9.030000,distense:101.200000,rcs:20.000000
