timestame:1619470049.113000000,objid:0,type:0,xpos:0.000000,ypos:0.000000,xspeed:6.760000,yspeed:0.060000,angle:3.910000,distense:98.800000,rcs:12.000000
timestame:1619470049.113000000,objid:5,type:0,xpos:0.000000,ypos:0.000000,xspeed:6.860000,yspeed:0.170000,angle:4.340000,distense:89.400000,rcs:30.000000
