timestame:1619471225.422000000,objid:1,type:0,xpos:0.000000,ypos:0.000000,xspeed:5.860000,yspeed:-1.120000,angle:-6.870000,distense:40.800000,rcs:13.000000
timestame:1619471225.422000000,objid:6,type:0,xpos:0.000000,ypos:0.000000,xspeed:5.090000,yspeed:0.210000,angle:2.460000,distense:76.000000,rcs:9.000000
timestame:1619471225.422000000,objid:9,type:0,xpos:0.000000,ypos:0.000000,xspeed:5.120000,yspeed:0.100000,angle:2.460000,distense:57.400000,rcs:45.000000
