timestame:1619469631.944000000,objid:2,type:0,xpos:0.000000,ypos:0.000000,xspeed:-6.320000,yspeed:-0.460000,angle:-18.000000,distense:28.400000,rcs:6.000000
timestame:1619469631.944000000,objid:6,type:0,xpos:0.000000,ypos:0.000000,xspeed:-9.650000,yspeed:-0.170000,angle:-7.110000,distense:68.000000,rcs:25.000000
timestame:1619469631.944000000,objid:7,type:0,xpos:0.000000,ypos:0.000000,xspeed:-6.890000,yspeed:-0.610000,angle:-18.000000,distense:31.400000,rcs:6.000000
