timestame:1619469774.891000000,objid:1,type:0,xpos:0.000000,ypos:0.000000,xspeed:3.320000,yspeed:3.340000,angle:-10.980000,distense:37.400000,rcs:18.000000
timestame:1619469774.891000000,objid:3,type:0,xpos:0.000000,ypos:0.000000,xspeed:3.110000,yspeed:0.930000,angle:21.330000,distense:19.200000,rcs:27.000000
timestame:1619469774.891000000,objid:4,type:0,xpos:0.000000,ypos:0.000000,xspeed:5.980000,yspeed:-4.880000,angle:21.880000,distense:26.800000,rcs:29.000000
timestame:1619469774.891000000,objid:10,type:0,xpos:0.000000,ypos:0.000000,xspeed:12.500000,yspeed:6.360000,angle:-18.000000,distense:45.000000,rcs:9.000000
