timestame:1619470771.306000000,objid:0,type:0,xpos:0.000000,ypos:0.000000,xspeed:-10.840000,yspeed:-0.220000,angle:-6.050000,distense:140.400000,rcs:13.000000
timestame:1619470771.306000000,objid:1,type:0,xpos:0.000000,ypos:0.000000,xspeed:12.900000,yspeed:0.190000,angle:1.800000,distense:105.400000,rcs:21.000000
timestame:1619470771.306000000,objid:2,type:0,xpos:0.000000,ypos:0.000000,xspeed:-10.370000,yspeed:0.940000,angle:-6.170000,distense:137.600000,rcs:21.000000
