timestame:1619470953.132000000,objid:0,type:0,xpos:0.000000,ypos:0.000000,xspeed:5.050000,yspeed:0.010000,angle:0.920000,distense:37.200000,rcs:46.000000
timestame:1619470953.132000000,objid:2,type:0,xpos:0.000000,ypos:0.000000,xspeed:2.330000,yspeed:0.000000,angle:9.120000,distense:19.000000,rcs:36.000000
timestame:1619470953.132000000,objid:5,type:0,xpos:0.000000,ypos:0.000000,xspeed:-4.450000,yspeed:-2.230000,angle:16.040000,distense:26.800000,rcs:13.000000
timestame:1619470953.132000000,objid:10,type:0,xpos:0.000000,ypos:0.000000,xspeed:4.300000,yspeed:-0.240000,angle:1.690000,distense:22.200000,rcs:29.000000
