timestame:1619471377.275000000,objid:0,type:0,xpos:0.000000,ypos:0.000000,xspeed:11.120000,yspeed:-0.490000,angle:2.280000,distense:222.000000,rcs:6.000000
timestame:1619471377.275000000,objid:1,type:0,xpos:0.000000,ypos:0.000000,xspeed:10.600000,yspeed:0.410000,angle:2.320000,distense:214.400000,rcs:23.000000
