timestame:1619469535.953000000,objid:4,type:0,xpos:0.000000,ypos:0.000000,xspeed:16.540000,yspeed:0.380000,angle:1.980000,distense:95.200000,rcs:26.000000
timestame:1619469535.953000000,objid:7,type:0,xpos:0.000000,ypos:0.000000,xspeed:16.270000,yspeed:0.380000,angle:1.650000,distense:102.400000,rcs:12.000000
