timestame:1619471499.599000000,objid:0,type:0,xpos:0.000000,ypos:0.000000,xspeed:7.930000,yspeed:0.160000,angle:1.830000,distense:94.600000,rcs:27.000000
timestame:1619471499.599000000,objid:3,type:0,xpos:0.000000,ypos:0.000000,xspeed:7.860000,yspeed:0.040000,angle:3.280000,distense:124.000000,rcs:22.000000
timestame:1619471499.599000000,objid:10,type:0,xpos:0.000000,ypos:0.000000,xspeed:7.160000,yspeed:0.280000,angle:5.340000,distense:82.800000,rcs:24.000000
