timestame:1619470083.458000000,objid:4,type:0,xpos:0.000000,ypos:0.000000,xspeed:2.040000,yspeed:-8.800000,angle:-15.490000,distense:55.800000,rcs:9.000000
timestame:1619470083.458000000,objid:5,type:0,xpos:0.000000,ypos:0.000000,xspeed:2.400000,yspeed:-8.660000,angle:-12.750000,distense:55.200000,rcs:18.000000
timestame:1619470083.458000000,objid:9,type:0,xpos:0.000000,ypos:0.000000,xspeed:-1.900000,yspeed:-2.870000,angle:-18.000000,distense:51.800000,rcs:15.000000
