timestame:1619470343.072000000,objid:2,type:0,xpos:0.000000,ypos:0.000000,xspeed:-1.300000,yspeed:-2.430000,angle:21.540000,distense:42.600000,rcs:28.000000
timestame:1619470343.072000000,objid:3,type:0,xpos:0.000000,ypos:0.000000,xspeed:-1.580000,yspeed:-7.290000,angle:-16.200000,distense:50.000000,rcs:12.000000
timestame:1619470343.072000000,objid:6,type:0,xpos:0.000000,ypos:0.000000,xspeed:-2.340000,yspeed:4.990000,angle:-18.000000,distense:37.800000,rcs:13.000000
