timestame:1619470479.955000000,objid:0,type:0,xpos:0.000000,ypos:0.000000,xspeed:-7.120000,yspeed:-0.390000,angle:-7.170000,distense:96.600000,rcs:19.000000
timestame:1619470479.955000000,objid:1,type:0,xpos:0.000000,ypos:0.000000,xspeed:-8.130000,yspeed:-0.270000,angle:-6.800000,distense:98.800000,rcs:16.000000
timestame:1619470479.955000000,objid:2,type:0,xpos:0.000000,ypos:0.000000,xspeed:1.710000,yspeed:-0.350000,angle:11.710000,distense:79.200000,rcs:6.000000
