timestame:1619470638.837000000,objid:2,type:0,xpos:0.000000,ypos:0.000000,xspeed:-6.710000,yspeed:0.000000,angle:-4.090000,distense:196.000000,rcs:12.000000
timestame:1619470638.837000000,objid:4,type:0,xpos:0.000000,ypos:0.000000,xspeed:-7.250000,yspeed:2.550000,angle:-2.520000,distense:195.600000,rcs:9.000000
timestame:1619470638.837000000,objid:5,type:0,xpos:0.000000,ypos:0.000000,xspeed:2.590000,yspeed:2.500000,angle:-7.440000,distense:33.800000,rcs:6.000000
timestame:1619470638.837000000,objid:7,type:0,xpos:0.000000,ypos:0.000000,xspeed:1.360000,yspeed:-9.460000,angle:-18.000000,distense:57.800000,rcs:9.000000
