timestame:1619469786.387000000,objid:1,type:0,xpos:0.000000,ypos:0.000000,xspeed:-16.940000,yspeed:0.350000,angle:-8.370000,distense:101.600000,rcs:16.000000
timestame:1619469786.387000000,objid:2,type:0,xpos:0.000000,ypos:0.000000,xspeed:16.660000,yspeed:0.140000,angle:0.980000,distense:200.800000,rcs:12.000000
timestame:1619469786.387000000,objid:4,type:0,xpos:0.000000,ypos:0.000000,xspeed:-17.080000,yspeed:-0.330000,angle:-9.500000,distense:93.200000,rcs:13.000000
timestame:1619469786.387000000,objid:10,type:0,xpos:0.000000,ypos:0.000000,xspeed:16.910000,yspeed:0.200000,angle:1.160000,distense:188.600000,rcs:30.000000
