timestame:1619470052.898000000,objid:0,type:0,xpos:0.000000,ypos:0.000000,xspeed:7.670000,yspeed:-0.120000,angle:2.750000,distense:127.600000,rcs:6.000000
timestame:1619470052.898000000,objid:5,type:0,xpos:0.000000,ypos:0.000000,xspeed:7.870000,yspeed:0.030000,angle:3.300000,distense:118.600000,rcs:22.000000
