timestame:1619469696.597000000,objid:1,type:0,xpos:0.000000,ypos:0.000000,xspeed:-1.500000,yspeed:6.190000,angle:20.290000,distense:41.000000,rcs:9.000000
timestame:1619469696.597000000,objid:2,type:0,xpos:0.000000,ypos:0.000000,xspeed:-1.260000,yspeed:-2.070000,angle:-13.000000,distense:44.800000,rcs:34.000000
timestame:1619469696.597000000,objid:3,type:0,xpos:0.000000,ypos:0.000000,xspeed:-1.530000,yspeed:-3.400000,angle:-1.270000,distense:45.200000,rcs:13.000000
timestame:1619469696.597000000,objid:7,type:0,xpos:0.000000,ypos:0.000000,xspeed:-1.110000,yspeed:7.110000,angle:17.870000,distense:42.600000,rcs:12.000000
