timestame:1619470989.108000000,objid:3,type:0,xpos:0.000000,ypos:0.000000,xspeed:5.150000,yspeed:0.000000,angle:7.950000,distense:97.000000,rcs:9.000000
timestame:1619470989.108000000,objid:4,type:0,xpos:0.000000,ypos:0.000000,xspeed:-13.480000,yspeed:-0.470000,angle:-11.250000,distense:67.800000,rcs:22.000000
timestame:1619470989.108000000,objid:7,type:0,xpos:0.000000,ypos:0.000000,xspeed:-15.460000,yspeed:-1.910000,angle:-18.000000,distense:19.600000,rcs:9.000000
