timestame:1619470472.864000000,objid:1,type:0,xpos:0.000000,ypos:0.000000,xspeed:-10.190000,yspeed:1.470000,angle:-3.500000,distense:161.800000,rcs:16.000000
timestame:1619470472.864000000,objid:2,type:0,xpos:0.000000,ypos:0.000000,xspeed:5.190000,yspeed:-9.330000,angle:14.300000,distense:70.400000,rcs:6.000000
