timestame:1619470487.278000000,objid:2,type:0,xpos:0.000000,ypos:0.000000,xspeed:1.590000,yspeed:-7.900000,angle:-10.760000,distense:67.200000,rcs:9.000000
timestame:1619470487.278000000,objid:4,type:0,xpos:0.000000,ypos:0.000000,xspeed:-1.790000,yspeed:-4.360000,angle:-18.000000,distense:38.400000,rcs:23.000000
timestame:1619470487.278000000,objid:5,type:0,xpos:0.000000,ypos:0.000000,xspeed:-3.060000,yspeed:-1.980000,angle:-18.000000,distense:34.400000,rcs:26.000000
