timestame:1619469577.944000000,objid:1,type:0,xpos:0.000000,ypos:0.000000,xspeed:-5.940000,yspeed:-1.390000,angle:-7.140000,distense:119.600000,rcs:15.000000
timestame:1619469577.944000000,objid:3,type:0,xpos:0.000000,ypos:0.000000,xspeed:-6.470000,yspeed:-0.290000,angle:-8.320000,distense:109.400000,rcs:19.000000
timestame:1619469577.944000000,objid:5,type:0,xpos:0.000000,ypos:0.000000,xspeed:-6.610000,yspeed:-0.240000,angle:-8.470000,distense:106.000000,rcs:13.000000
