timestame:1619470744.174000000,objid:0,type:0,xpos:0.000000,ypos:0.000000,xspeed:-8.330000,yspeed:-1.780000,angle:-8.410000,distense:85.200000,rcs:12.000000
timestame:1619470744.174000000,objid:5,type:0,xpos:0.000000,ypos:0.000000,xspeed:-1.190000,yspeed:8.660000,angle:-10.240000,distense:40.600000,rcs:9.000000
timestame:1619470744.174000000,objid:6,type:0,xpos:0.000000,ypos:0.000000,xspeed:12.430000,yspeed:0.230000,angle:1.170000,distense:189.000000,rcs:21.000000
timestame:1619470744.174000000,objid:8,type:0,xpos:0.000000,ypos:0.000000,xspeed:-7.480000,yspeed:-0.230000,angle:-8.500000,distense:82.800000,rcs:15.000000
