timestame:1619471261.051000000,objid:2,type:0,xpos:0.000000,ypos:0.000000,xspeed:12.490000,yspeed:0.310000,angle:4.180000,distense:87.600000,rcs:32.000000
timestame:1619471261.051000000,objid:6,type:0,xpos:0.000000,ypos:0.000000,xspeed:12.490000,yspeed:-0.130000,angle:3.780000,distense:99.600000,rcs:20.000000
timestame:1619471261.051000000,objid:10,type:0,xpos:0.000000,ypos:0.000000,xspeed:12.300000,yspeed:0.590000,angle:5.040000,distense:75.200000,rcs:28.000000
