timestame:1619471453.538000000,objid:3,type:0,xpos:0.000000,ypos:0.000000,xspeed:-1.510000,yspeed:-0.170000,angle:-6.840000,distense:99.400000,rcs:6.000000
timestame:1619471453.538000000,objid:11,type:0,xpos:0.000000,ypos:0.000000,xspeed:-1.140000,yspeed:0.150000,angle:-7.480000,distense:92.200000,rcs:6.000000
timestame:1619471453.538000000,objid:13,type:0,xpos:0.000000,ypos:0.000000,xspeed:-3.980000,yspeed:-0.400000,angle:-14.820000,distense:28.400000,rcs:9.000000
