timestame:1619470072.652000000,objid:3,type:0,xpos:0.000000,ypos:0.000000,xspeed:-1.500000,yspeed:2.380000,angle:16.160000,distense:48.200000,rcs:35.000000
timestame:1619470072.652000000,objid:4,type:0,xpos:0.000000,ypos:0.000000,xspeed:-1.540000,yspeed:2.410000,angle:20.770000,distense:43.400000,rcs:6.000000
timestame:1619470072.652000000,objid:8,type:0,xpos:0.000000,ypos:0.000000,xspeed:2.190000,yspeed:2.670000,angle:-10.560000,distense:39.400000,rcs:18.000000
