timestame:1619471243.456000000,objid:0,type:0,xpos:0.000000,ypos:0.000000,xspeed:-2.500000,yspeed:2.500000,angle:-18.000000,distense:74.400000,rcs:18.000000
timestame:1619471243.456000000,objid:9,type:0,xpos:0.000000,ypos:0.000000,xspeed:10.090000,yspeed:0.220000,angle:1.280000,distense:205.200000,rcs:6.000000
