timestame:1619470044.898000000,objid:0,type:0,xpos:0.000000,ypos:0.000000,xspeed:5.870000,yspeed:-0.380000,angle:4.690000,distense:69.800000,rcs:19.000000
timestame:1619470044.898000000,objid:3,type:0,xpos:0.000000,ypos:0.000000,xspeed:14.250000,yspeed:0.150000,angle:1.290000,distense:174.600000,rcs:12.000000
timestame:1619470044.898000000,objid:5,type:0,xpos:0.000000,ypos:0.000000,xspeed:5.860000,yspeed:0.420000,angle:5.900000,distense:60.000000,rcs:33.000000
