timestame:1619469533.403000000,objid:4,type:0,xpos:0.000000,ypos:0.000000,xspeed:16.310000,yspeed:1.030000,angle:2.920000,distense:52.400000,rcs:35.000000
timestame:1619469533.403000000,objid:7,type:0,xpos:0.000000,ypos:0.000000,xspeed:16.850000,yspeed:0.640000,angle:1.860000,distense:60.800000,rcs:22.000000
