timestame:1619470062.408000000,objid:1,type:0,xpos:0.000000,ypos:0.000000,xspeed:-20.630000,yspeed:-0.990000,angle:-6.550000,distense:123.400000,rcs:9.000000
timestame:1619470062.408000000,objid:3,type:0,xpos:0.000000,ypos:0.000000,xspeed:-16.910000,yspeed:-1.540000,angle:-8.090000,distense:117.600000,rcs:12.000000
timestame:1619470062.408000000,objid:4,type:0,xpos:0.000000,ypos:0.000000,xspeed:-5.940000,yspeed:0.270000,angle:-7.120000,distense:65.000000,rcs:26.000000
timestame:1619470062.408000000,objid:5,type:0,xpos:0.000000,ypos:0.000000,xspeed:10.340000,yspeed:0.360000,angle:2.720000,distense:211.000000,rcs:28.000000
