timestame:1619469630.828000000,objid:1,type:0,xpos:0.000000,ypos:0.000000,xspeed:-4.210000,yspeed:0.010000,angle:-18.000000,distense:27.200000,rcs:6.000000
timestame:1619469630.828000000,objid:2,type:0,xpos:0.000000,ypos:0.000000,xspeed:-6.260000,yspeed:-0.770000,angle:-18.000000,distense:33.800000,rcs:18.000000
timestame:1619469630.828000000,objid:6,type:0,xpos:0.000000,ypos:0.000000,xspeed:-10.360000,yspeed:-0.070000,angle:-6.000000,distense:77.400000,rcs:16.000000
timestame:1619469630.828000000,objid:7,type:0,xpos:0.000000,ypos:0.000000,xspeed:-6.340000,yspeed:-0.400000,angle:-18.000000,distense:38.000000,rcs:13.000000
