timestame:1619470135.890000000,objid:3,type:0,xpos:0.000000,ypos:0.000000,xspeed:-3.660000,yspeed:-0.930000,angle:-18.000000,distense:23.600000,rcs:6.000000
timestame:1619470135.890000000,objid:6,type:0,xpos:0.000000,ypos:0.000000,xspeed:1.550000,yspeed:3.590000,angle:-1.430000,distense:48.200000,rcs:6.000000
timestame:1619470135.890000000,objid:7,type:0,xpos:0.000000,ypos:0.000000,xspeed:-4.810000,yspeed:-0.170000,angle:-9.300000,distense:78.400000,rcs:13.000000
timestame:1619470135.890000000,objid:8,type:0,xpos:0.000000,ypos:0.000000,xspeed:3.460000,yspeed:3.310000,angle:-10.230000,distense:39.200000,rcs:18.000000
