timestame:1619471036.775000000,objid:2,type:0,xpos:0.000000,ypos:0.000000,xspeed:-1.740000,yspeed:-3.420000,angle:-16.530000,distense:42.200000,rcs:13.000000
timestame:1619471036.775000000,objid:3,type:0,xpos:0.000000,ypos:0.000000,xspeed:1.860000,yspeed:-3.250000,angle:22.020000,distense:48.400000,rcs:27.000000
timestame:1619471036.775000000,objid:7,type:0,xpos:0.000000,ypos:0.000000,xspeed:-1.780000,yspeed:-7.490000,angle:-10.060000,distense:75.800000,rcs:6.000000
