timestame:1619470145.625000000,objid:0,type:0,xpos:0.000000,ypos:0.000000,xspeed:3.560000,yspeed:1.820000,angle:22.320000,distense:36.000000,rcs:15.000000
timestame:1619470145.625000000,objid:1,type:0,xpos:0.000000,ypos:0.000000,xspeed:2.620000,yspeed:0.000000,angle:22.460000,distense:20.600000,rcs:20.000000
timestame:1619470145.625000000,objid:2,type:0,xpos:0.000000,ypos:0.000000,xspeed:6.470000,yspeed:2.550000,angle:20.040000,distense:32.000000,rcs:20.000000
