timestame:1619470660.586000000,objid:0,type:0,xpos:0.000000,ypos:0.000000,xspeed:-3.140000,yspeed:-0.280000,angle:-9.130000,distense:99.000000,rcs:9.000000
timestame:1619470660.586000000,objid:1,type:0,xpos:0.000000,ypos:0.000000,xspeed:-15.160000,yspeed:0.000000,angle:-3.760000,distense:31.200000,rcs:16.000000
timestame:1619470660.586000000,objid:2,type:0,xpos:0.000000,ypos:0.000000,xspeed:3.770000,yspeed:3.120000,angle:-14.360000,distense:41.000000,rcs:6.000000
timestame:1619470660.586000000,objid:3,type:0,xpos:0.000000,ypos:0.000000,xspeed:-2.040000,yspeed:-0.380000,angle:-7.500000,distense:110.600000,rcs:13.000000
