timestame:1619470510.306000000,objid:2,type:0,xpos:0.000000,ypos:0.000000,xspeed:-2.030000,yspeed:7.870000,angle:21.040000,distense:38.800000,rcs:18.000000
timestame:1619470510.306000000,objid:6,type:0,xpos:0.000000,ypos:0.000000,xspeed:-2.100000,yspeed:8.750000,angle:18.260000,distense:39.000000,rcs:9.000000
timestame:1619470510.306000000,objid:8,type:0,xpos:0.000000,ypos:0.000000,xspeed:-4.960000,yspeed:-2.040000,angle:8.000000,distense:75.000000,rcs:20.000000
