timestame:1619471373.291000000,objid:1,type:0,xpos:0.000000,ypos:0.000000,xspeed:9.360000,yspeed:0.190000,angle:2.370000,distense:172.600000,rcs:19.000000
timestame:1619471373.291000000,objid:7,type:0,xpos:0.000000,ypos:0.000000,xspeed:10.000000,yspeed:0.200000,angle:1.490000,distense:218.800000,rcs:9.000000
