timestame:1619470734.376000000,objid:1,type:0,xpos:0.000000,ypos:0.000000,xspeed:12.120000,yspeed:0.100000,angle:2.370000,distense:79.600000,rcs:16.000000
timestame:1619470734.376000000,objid:6,type:0,xpos:0.000000,ypos:0.000000,xspeed:12.420000,yspeed:0.500000,angle:2.450000,distense:69.000000,rcs:33.000000
