timestame:1619470645.780000000,objid:2,type:0,xpos:0.000000,ypos:0.000000,xspeed:-6.120000,yspeed:-0.170000,angle:-5.640000,distense:152.000000,rcs:16.000000
timestame:1619470645.780000000,objid:5,type:0,xpos:0.000000,ypos:0.000000,xspeed:-1.630000,yspeed:-9.260000,angle:-16.550000,distense:45.600000,rcs:27.000000
timestame:1619470645.780000000,objid:8,type:0,xpos:0.000000,ypos:0.000000,xspeed:-1.770000,yspeed:-4.700000,angle:5.420000,distense:83.400000,rcs:13.000000
timestame:1619470645.780000000,objid:9,type:0,xpos:0.000000,ypos:0.000000,xspeed:-1.510000,yspeed:10.770000,angle:-3.920000,distense:46.000000,rcs:6.000000
