timestame:1619469755.668000000,objid:3,type:0,xpos:0.000000,ypos:0.000000,xspeed:6.440000,yspeed:1.290000,angle:21.480000,distense:29.400000,rcs:38.000000
timestame:1619469755.668000000,objid:5,type:0,xpos:0.000000,ypos:0.000000,xspeed:5.760000,yspeed:0.630000,angle:18.000000,distense:31.000000,rcs:39.000000
