timestame:1619469621.240000000,objid:1,type:0,xpos:0.000000,ypos:0.000000,xspeed:-2.780000,yspeed:0.060000,angle:-14.290000,distense:66.600000,rcs:24.000000
timestame:1619469621.240000000,objid:2,type:0,xpos:0.000000,ypos:0.000000,xspeed:-3.540000,yspeed:-1.110000,angle:-12.930000,distense:78.200000,rcs:13.000000
timestame:1619469621.240000000,objid:4,type:0,xpos:0.000000,ypos:0.000000,xspeed:-15.570000,yspeed:0.170000,angle:-6.590000,distense:93.200000,rcs:9.000000
