timestame:1619470635.358000000,objid:2,type:0,xpos:0.000000,ypos:0.000000,xspeed:-2.140000,yspeed:-0.010000,angle:-8.860000,distense:80.600000,rcs:9.000000
timestame:1619470635.358000000,objid:4,type:0,xpos:0.000000,ypos:0.000000,xspeed:-2.040000,yspeed:0.000000,angle:20.620000,distense:49.600000,rcs:12.000000
