timestame:1619469855.732000000,objid:4,type:0,xpos:0.000000,ypos:0.000000,xspeed:-9.140000,yspeed:3.900000,angle:0.860000,distense:44.200000,rcs:6.000000
timestame:1619469855.732000000,objid:5,type:0,xpos:0.000000,ypos:0.000000,xspeed:-1.560000,yspeed:-4.520000,angle:-7.530000,distense:61.600000,rcs:6.000000
timestame:1619469855.732000000,objid:10,type:0,xpos:0.000000,ypos:0.000000,xspeed:-10.970000,yspeed:-0.160000,angle:-5.040000,distense:132.200000,rcs:12.000000
