timestame:1619469911.310000000,objid:1,type:0,xpos:0.000000,ypos:0.000000,xspeed:4.240000,yspeed:-0.020000,angle:1.850000,distense:81.000000,rcs:13.000000
timestame:1619469911.310000000,objid:2,type:0,xpos:0.000000,ypos:0.000000,xspeed:10.460000,yspeed:0.080000,angle:2.820000,distense:145.000000,rcs:16.000000
timestame:1619469911.310000000,objid:8,type:0,xpos:0.000000,ypos:0.000000,xspeed:4.250000,yspeed:0.140000,angle:2.380000,distense:74.400000,rcs:38.000000
