timestame:1619471551.925000000,objid:7,type:0,xpos:0.000000,ypos:0.000000,xspeed:-2.150000,yspeed:-3.650000,angle:-13.430000,distense:62.800000,rcs:9.000000
timestame:1619471551.925000000,objid:13,type:0,xpos:0.000000,ypos:0.000000,xspeed:3.690000,yspeed:0.950000,angle:21.350000,distense:26.400000,rcs:27.000000
timestame:1619471551.925000000,objid:14,type:0,xpos:0.000000,ypos:0.000000,xspeed:2.250000,yspeed:-7.050000,angle:-10.080000,distense:59.600000,rcs:9.000000
timestame:1619471551.925000000,objid:15,type:0,xpos:0.000000,ypos:0.000000,xspeed:-1.690000,yspeed:-2.780000,angle:-18.000000,distense:35.000000,rcs:20.000000
