timestame:1619469529.675000000,objid:1,type:0,xpos:0.000000,ypos:0.000000,xspeed:1.840000,yspeed:-4.000000,angle:-18.000000,distense:69.200000,rcs:19.000000
timestame:1619469529.675000000,objid:11,type:0,xpos:0.000000,ypos:0.000000,xspeed:1.180000,yspeed:-4.520000,angle:-18.000000,distense:79.400000,rcs:9.000000
