timestame:1619471094.037000000,objid:1,type:0,xpos:0.000000,ypos:0.000000,xspeed:12.660000,yspeed:-0.190000,angle:2.590000,distense:97.600000,rcs:6.000000
timestame:1619471094.037000000,objid:2,type:0,xpos:0.000000,ypos:0.000000,xspeed:7.330000,yspeed:0.170000,angle:2.050000,distense:71.400000,rcs:39.000000
timestame:1619471094.037000000,objid:5,type:0,xpos:0.000000,ypos:0.000000,xspeed:13.310000,yspeed:0.070000,angle:1.340000,distense:149.200000,rcs:6.000000
