timestame:1619469931.769000000,objid:0,type:0,xpos:0.000000,ypos:0.000000,xspeed:-1.250000,yspeed:2.370000,angle:-18.000000,distense:38.400000,rcs:19.000000
timestame:1619469931.769000000,objid:1,type:0,xpos:0.000000,ypos:0.000000,xspeed:8.270000,yspeed:0.380000,angle:1.610000,distense:213.600000,rcs:9.000000
timestame:1619469931.769000000,objid:8,type:0,xpos:0.000000,ypos:0.000000,xspeed:8.190000,yspeed:0.370000,angle:1.400000,distense:206.800000,rcs:22.000000
