timestame:1619470841.735000000,objid:0,type:0,xpos:0.000000,ypos:0.000000,xspeed:1.080000,yspeed:2.800000,angle:-4.010000,distense:43.200000,rcs:6.000000
timestame:1619470841.735000000,objid:3,type:0,xpos:0.000000,ypos:0.000000,xspeed:2.430000,yspeed:2.750000,angle:-9.420000,distense:45.200000,rcs:6.000000
