timestame:1619470643.109000000,objid:2,type:0,xpos:0.000000,ypos:0.000000,xspeed:-6.490000,yspeed:0.110000,angle:-4.760000,distense:168.000000,rcs:16.000000
timestame:1619470643.109000000,objid:6,type:0,xpos:0.000000,ypos:0.000000,xspeed:4.680000,yspeed:-11.840000,angle:13.400000,distense:47.400000,rcs:34.000000
timestame:1619470643.109000000,objid:13,type:0,xpos:0.000000,ypos:0.000000,xspeed:-1.880000,yspeed:7.870000,angle:0.840000,distense:42.000000,rcs:19.000000
