timestame:1619470482.197000000,objid:1,type:0,xpos:0.000000,ypos:0.000000,xspeed:-4.430000,yspeed:-0.130000,angle:-7.570000,distense:89.600000,rcs:26.000000
timestame:1619470482.197000000,objid:2,type:0,xpos:0.000000,ypos:0.000000,xspeed:1.700000,yspeed:-0.140000,angle:10.970000,distense:82.800000,rcs:9.000000
timestame:1619470482.197000000,objid:6,type:0,xpos:0.000000,ypos:0.000000,xspeed:-3.630000,yspeed:0.720000,angle:-6.650000,distense:95.800000,rcs:13.000000
