timestame:1619469485.683000000,objid:1,type:0,xpos:0.000000,ypos:0.000000,xspeed:-3.040000,yspeed:-1.270000,angle:-13.700000,distense:70.400000,rcs:21.000000
timestame:1619469485.683000000,objid:3,type:0,xpos:0.000000,ypos:0.000000,xspeed:1.800000,yspeed:0.150000,angle:11.310000,distense:18.800000,rcs:34.000000
timestame:1619469485.683000000,objid:7,type:0,xpos:0.000000,ypos:0.000000,xspeed:-2.380000,yspeed:-0.110000,angle:-11.100000,distense:84.600000,rcs:12.000000
timestame:1619469485.683000000,objid:11,type:0,xpos:0.000000,ypos:0.000000,xspeed:-1.160000,yspeed:-0.210000,angle:-9.090000,distense:80.400000,rcs:6.000000
