timestame:1619469914.474000000,objid:1,type:0,xpos:0.000000,ypos:0.000000,xspeed:5.040000,yspeed:-0.020000,angle:1.560000,distense:97.400000,rcs:24.000000
timestame:1619469914.474000000,objid:2,type:0,xpos:0.000000,ypos:0.000000,xspeed:12.720000,yspeed:0.330000,angle:2.560000,distense:186.200000,rcs:15.000000
timestame:1619469914.474000000,objid:8,type:0,xpos:0.000000,ypos:0.000000,xspeed:5.100000,yspeed:-0.170000,angle:1.590000,distense:90.600000,rcs:28.000000
