timestame:1619469995.842000000,objid:8,type:0,xpos:0.000000,ypos:0.000000,xspeed:1.120000,yspeed:2.990000,angle:-1.160000,distense:44.600000,rcs:6.000000
timestame:1619469995.842000000,objid:15,type:0,xpos:0.000000,ypos:0.000000,xspeed:-1.300000,yspeed:-2.000000,angle:-18.000000,distense:35.800000,rcs:33.000000
timestame:1619469995.842000000,objid:18,type:0,xpos:0.000000,ypos:0.000000,xspeed:3.010000,yspeed:1.010000,angle:-1.250000,distense:61.200000,rcs:9.000000
timestame:1619469995.842000000,objid:24,type:0,xpos:0.000000,ypos:0.000000,xspeed:1.950000,yspeed:3.210000,angle:-8.120000,distense:41.000000,rcs:9.000000
