timestame:1619471150.332000000,objid:2,type:0,xpos:0.000000,ypos:0.000000,xspeed:-2.610000,yspeed:2.820000,angle:-12.820000,distense:42.800000,rcs:9.000000
timestame:1619471150.332000000,objid:3,type:0,xpos:0.000000,ypos:0.000000,xspeed:11.410000,yspeed:-4.960000,angle:-17.770000,distense:54.400000,rcs:13.000000
