timestame:1619470950.654000000,objid:2,type:0,xpos:0.000000,ypos:0.000000,xspeed:22.920000,yspeed:-0.640000,angle:1.400000,distense:48.800000,rcs:6.000000
timestame:1619470950.654000000,objid:3,type:0,xpos:0.000000,ypos:0.000000,xspeed:1.720000,yspeed:0.100000,angle:1.260000,distense:43.600000,rcs:6.000000
timestame:1619470950.654000000,objid:7,type:0,xpos:0.000000,ypos:0.000000,xspeed:3.200000,yspeed:0.000000,angle:3.110000,distense:37.400000,rcs:19.000000
