timestame:1619470776.658000000,objid:0,type:0,xpos:0.000000,ypos:0.000000,xspeed:19.340000,yspeed:1.340000,angle:1.380000,distense:202.800000,rcs:15.000000
timestame:1619470776.658000000,objid:1,type:0,xpos:0.000000,ypos:0.000000,xspeed:-7.190000,yspeed:-1.060000,angle:-9.370000,distense:101.400000,rcs:20.000000
timestame:1619470776.658000000,objid:3,type:0,xpos:0.000000,ypos:0.000000,xspeed:-4.080000,yspeed:0.000000,angle:-9.760000,distense:47.400000,rcs:12.000000
