timestame:1619470424.762000000,objid:2,type:0,xpos:0.000000,ypos:0.000000,xspeed:1.580000,yspeed:-0.240000,angle:-14.530000,distense:28.200000,rcs:16.000000
timestame:1619470424.762000000,objid:7,type:0,xpos:0.000000,ypos:0.000000,xspeed:13.400000,yspeed:14.180000,angle:-18.000000,distense:76.000000,rcs:6.000000
timestame:1619470424.762000000,objid:8,type:0,xpos:0.000000,ypos:0.000000,xspeed:3.060000,yspeed:4.050000,angle:-9.370000,distense:42.800000,rcs:6.000000
