timestame:1619469568.576000000,objid:2,type:0,xpos:0.000000,ypos:0.000000,xspeed:-1.280000,yspeed:-3.500000,angle:-10.290000,distense:36.400000,rcs:31.000000
timestame:1619469568.576000000,objid:8,type:0,xpos:0.000000,ypos:0.000000,xspeed:3.390000,yspeed:-7.090000,angle:-6.010000,distense:63.800000,rcs:6.000000
timestame:1619469568.576000000,objid:11,type:0,xpos:0.000000,ypos:0.000000,xspeed:-2.790000,yspeed:-5.350000,angle:-18.000000,distense:33.400000,rcs:26.000000
