timestame:1619471124.429000000,objid:0,type:0,xpos:0.000000,ypos:0.000000,xspeed:-1.490000,yspeed:3.000000,angle:14.560000,distense:40.600000,rcs:19.000000
timestame:1619471124.429000000,objid:1,type:0,xpos:0.000000,ypos:0.000000,xspeed:-4.720000,yspeed:4.840000,angle:13.340000,distense:39.600000,rcs:18.000000
timestame:1619471124.429000000,objid:2,type:0,xpos:0.000000,ypos:0.000000,xspeed:-1.470000,yspeed:-6.840000,angle:16.440000,distense:39.600000,rcs:22.000000
