timestame:1619471452.541000000,objid:3,type:0,xpos:0.000000,ypos:0.000000,xspeed:-2.050000,yspeed:-0.120000,angle:-6.640000,distense:100.200000,rcs:16.000000
timestame:1619471452.541000000,objid:11,type:0,xpos:0.000000,ypos:0.000000,xspeed:-1.330000,yspeed:0.300000,angle:-7.390000,distense:93.000000,rcs:9.000000
timestame:1619471452.541000000,objid:13,type:0,xpos:0.000000,ypos:0.000000,xspeed:-3.940000,yspeed:-0.190000,angle:-17.310000,distense:32.400000,rcs:15.000000
