timestame:1619469923.027000000,objid:1,type:0,xpos:0.000000,ypos:0.000000,xspeed:5.960000,yspeed:0.320000,angle:1.590000,distense:147.800000,rcs:6.000000
timestame:1619469923.027000000,objid:8,type:0,xpos:0.000000,ypos:0.000000,xspeed:5.950000,yspeed:0.080000,angle:1.400000,distense:140.800000,rcs:27.000000
