timestame:1619470474.411000000,objid:1,type:0,xpos:0.000000,ypos:0.000000,xspeed:-11.670000,yspeed:-0.500000,angle:-4.740000,distense:143.000000,rcs:20.000000
timestame:1619470474.411000000,objid:2,type:0,xpos:0.000000,ypos:0.000000,xspeed:1.200000,yspeed:-0.660000,angle:14.240000,distense:71.600000,rcs:6.000000
