timestame:1619470492.590000000,objid:2,type:0,xpos:0.000000,ypos:0.000000,xspeed:1.490000,yspeed:-5.820000,angle:16.630000,distense:56.600000,rcs:25.000000
timestame:1619470492.590000000,objid:3,type:0,xpos:0.000000,ypos:0.000000,xspeed:1.810000,yspeed:-5.470000,angle:10.850000,distense:44.600000,rcs:37.000000
