timestame:1619470487.463000000,objid:2,type:0,xpos:0.000000,ypos:0.000000,xspeed:1.340000,yspeed:-8.240000,angle:-12.930000,distense:67.600000,rcs:13.000000
timestame:1619470487.463000000,objid:4,type:0,xpos:0.000000,ypos:0.000000,xspeed:-1.930000,yspeed:-4.310000,angle:-18.000000,distense:38.200000,rcs:18.000000
timestame:1619470487.463000000,objid:5,type:0,xpos:0.000000,ypos:0.000000,xspeed:-3.210000,yspeed:-2.580000,angle:-18.000000,distense:34.000000,rcs:15.000000
