timestame:1619469918.874000000,objid:1,type:0,xpos:0.000000,ypos:0.000000,xspeed:5.790000,yspeed:0.010000,angle:1.410000,distense:123.200000,rcs:15.000000
timestame:1619469918.874000000,objid:8,type:0,xpos:0.000000,ypos:0.000000,xspeed:5.770000,yspeed:0.080000,angle:1.530000,distense:116.400000,rcs:25.000000
