timestame:1619470024.697000000,objid:2,type:0,xpos:0.000000,ypos:0.000000,xspeed:-2.600000,yspeed:-2.060000,angle:-18.000000,distense:31.800000,rcs:15.000000
timestame:1619470024.697000000,objid:7,type:0,xpos:0.000000,ypos:0.000000,xspeed:-14.240000,yspeed:-0.090000,angle:-18.000000,distense:33.600000,rcs:13.000000
timestame:1619470024.697000000,objid:9,type:0,xpos:0.000000,ypos:0.000000,xspeed:-1.470000,yspeed:-0.540000,angle:-18.000000,distense:29.600000,rcs:15.000000
timestame:1619470024.697000000,objid:15,type:0,xpos:0.000000,ypos:0.000000,xspeed:-2.160000,yspeed:-0.420000,angle:-18.000000,distense:28.200000,rcs:6.000000
