timestame:1619470459.414000000,objid:0,type:0,xpos:0.000000,ypos:0.000000,xspeed:-18.000000,yspeed:-6.270000,angle:-4.980000,distense:117.200000,rcs:12.000000
timestame:1619470459.414000000,objid:2,type:0,xpos:0.000000,ypos:0.000000,xspeed:5.800000,yspeed:-0.150000,angle:3.340000,distense:171.600000,rcs:9.000000
