timestame:1619471232.603000000,objid:0,type:0,xpos:0.000000,ypos:0.000000,xspeed:6.930000,yspeed:-0.110000,angle:1.560000,distense:113.200000,rcs:6.000000
timestame:1619471232.603000000,objid:9,type:0,xpos:0.000000,ypos:0.000000,xspeed:6.910000,yspeed:-0.040000,angle:1.530000,distense:104.800000,rcs:35.000000
