timestame:1619470799.754000000,objid:3,type:0,xpos:0.000000,ypos:0.000000,xspeed:1.750000,yspeed:-11.010000,angle:-18.000000,distense:75.800000,rcs:6.000000
timestame:1619470799.754000000,objid:7,type:0,xpos:0.000000,ypos:0.000000,xspeed:7.370000,yspeed:-1.470000,angle:13.500000,distense:52.200000,rcs:6.000000
timestame:1619470799.754000000,objid:8,type:0,xpos:0.000000,ypos:0.000000,xspeed:-1.070000,yspeed:-5.340000,angle:-18.000000,distense:42.800000,rcs:15.000000
