timestame:1619471454.355000000,objid:3,type:0,xpos:0.000000,ypos:0.000000,xspeed:-1.390000,yspeed:-0.130000,angle:-6.900000,distense:98.600000,rcs:6.000000
timestame:1619471454.355000000,objid:13,type:0,xpos:0.000000,ypos:0.000000,xspeed:-4.000000,yspeed:-0.430000,angle:-12.650000,distense:25.400000,rcs:6.000000
