timestame:1619470496.995000000,objid:2,type:0,xpos:0.000000,ypos:0.000000,xspeed:-1.170000,yspeed:-5.170000,angle:-15.440000,distense:41.400000,rcs:33.000000
timestame:1619470496.995000000,objid:6,type:0,xpos:0.000000,ypos:0.000000,xspeed:-1.400000,yspeed:4.700000,angle:-9.460000,distense:47.000000,rcs:21.000000
timestame:1619470496.995000000,objid:7,type:0,xpos:0.000000,ypos:0.000000,xspeed:-2.440000,yspeed:-3.570000,angle:-12.830000,distense:48.000000,rcs:9.000000
