timestame:1619469482.010000000,objid:1,type:0,xpos:0.000000,ypos:0.000000,xspeed:-1.750000,yspeed:0.000000,angle:-10.920000,distense:83.200000,rcs:15.000000
timestame:1619469482.010000000,objid:3,type:0,xpos:0.000000,ypos:0.000000,xspeed:3.030000,yspeed:-2.830000,angle:14.450000,distense:11.200000,rcs:16.000000
timestame:1619469482.010000000,objid:7,type:0,xpos:0.000000,ypos:0.000000,xspeed:-1.710000,yspeed:-0.430000,angle:-10.130000,distense:93.200000,rcs:20.000000
