timestame:1619470620.034000000,objid:1,type:0,xpos:0.000000,ypos:0.000000,xspeed:-5.540000,yspeed:0.000000,angle:-9.600000,distense:90.000000,rcs:20.000000
timestame:1619470620.034000000,objid:2,type:0,xpos:0.000000,ypos:0.000000,xspeed:-7.930000,yspeed:0.120000,angle:-10.020000,distense:87.400000,rcs:16.000000
