timestame:1619470164.570000000,objid:3,type:0,xpos:0.000000,ypos:0.000000,xspeed:5.900000,yspeed:0.470000,angle:7.410000,distense:49.000000,rcs:35.000000
timestame:1619470164.570000000,objid:6,type:0,xpos:0.000000,ypos:0.000000,xspeed:1.550000,yspeed:0.300000,angle:1.770000,distense:22.600000,rcs:32.000000
