timestame:1619470342.579000000,objid:2,type:0,xpos:0.000000,ypos:0.000000,xspeed:-4.700000,yspeed:-4.670000,angle:22.810000,distense:42.600000,rcs:19.000000
timestame:1619470342.579000000,objid:6,type:0,xpos:0.000000,ypos:0.000000,xspeed:-2.800000,yspeed:6.280000,angle:-18.000000,distense:39.400000,rcs:13.000000
