timestame:1619469853.995000000,objid:0,type:0,xpos:0.000000,ypos:0.000000,xspeed:3.760000,yspeed:-3.740000,angle:4.480000,distense:48.800000,rcs:27.000000
timestame:1619469853.995000000,objid:3,type:0,xpos:0.000000,ypos:0.000000,xspeed:-1.190000,yspeed:-2.360000,angle:-4.880000,distense:44.200000,rcs:43.000000
timestame:1619469853.995000000,objid:10,type:0,xpos:0.000000,ypos:0.000000,xspeed:-11.650000,yspeed:-0.190000,angle:-4.350000,distense:150.800000,rcs:20.000000
