timestame:1619470873.933000000,objid:4,type:0,xpos:0.000000,ypos:0.000000,xspeed:3.380000,yspeed:-0.050000,angle:0.380000,distense:21.600000,rcs:33.000000
timestame:1619470873.933000000,objid:7,type:0,xpos:0.000000,ypos:0.000000,xspeed:2.700000,yspeed:4.460000,angle:-18.000000,distense:56.000000,rcs:9.000000
timestame:1619470873.933000000,objid:9,type:0,xpos:0.000000,ypos:0.000000,xspeed:1.780000,yspeed:2.770000,angle:3.250000,distense:17.800000,rcs:45.000000
timestame:1619470873.933000000,objid:11,type:0,xpos:0.000000,ypos:0.000000,xspeed:6.100000,yspeed:-0.720000,angle:-0.190000,distense:36.600000,rcs:20.000000
