timestame:1619469562.252000000,objid:2,type:0,xpos:0.000000,ypos:0.000000,xspeed:1.040000,yspeed:-2.870000,angle:22.800000,distense:44.800000,rcs:24.000000
timestame:1619469562.252000000,objid:3,type:0,xpos:0.000000,ypos:0.000000,xspeed:2.300000,yspeed:-1.720000,angle:6.340000,distense:44.200000,rcs:35.000000
timestame:1619469562.252000000,objid:4,type:0,xpos:0.000000,ypos:0.000000,xspeed:-1.460000,yspeed:0.000000,angle:-11.290000,distense:45.000000,rcs:22.000000
timestame:1619469562.252000000,objid:9,type:0,xpos:0.000000,ypos:0.000000,xspeed:-2.590000,yspeed:1.410000,angle:9.110000,distense:104.400000,rcs:9.000000
