timestame:1619471056.597000000,objid:10,type:0,xpos:0.000000,ypos:0.000000,xspeed:-2.840000,yspeed:-2.510000,angle:-18.000000,distense:32.200000,rcs:19.000000
timestame:1619471056.597000000,objid:13,type:0,xpos:0.000000,ypos:0.000000,xspeed:1.090000,yspeed:-8.320000,angle:-9.140000,distense:62.400000,rcs:9.000000
timestame:1619471056.597000000,objid:14,type:0,xpos:0.000000,ypos:0.000000,xspeed:-1.850000,yspeed:-2.930000,angle:-18.000000,distense:35.400000,rcs:28.000000
