timestame:1619470986.005000000,objid:0,type:0,xpos:0.000000,ypos:0.000000,xspeed:8.820000,yspeed:0.260000,angle:2.240000,distense:201.800000,rcs:15.000000
timestame:1619470986.005000000,objid:1,type:0,xpos:0.000000,ypos:0.000000,xspeed:-15.530000,yspeed:-0.560000,angle:-14.170000,distense:52.600000,rcs:26.000000
timestame:1619470986.005000000,objid:3,type:0,xpos:0.000000,ypos:0.000000,xspeed:4.500000,yspeed:-1.300000,angle:8.720000,distense:80.600000,rcs:13.000000
timestame:1619470986.005000000,objid:4,type:0,xpos:0.000000,ypos:0.000000,xspeed:-13.370000,yspeed:-1.590000,angle:-6.500000,distense:109.400000,rcs:12.000000
