timestame:1619470280.397000000,objid:1,type:0,xpos:0.000000,ypos:0.000000,xspeed:-8.960000,yspeed:0.100000,angle:-7.940000,distense:62.000000,rcs:27.000000
timestame:1619470280.397000000,objid:2,type:0,xpos:0.000000,ypos:0.000000,xspeed:-13.950000,yspeed:-1.880000,angle:-4.270000,distense:192.200000,rcs:13.000000
timestame:1619470280.397000000,objid:3,type:0,xpos:0.000000,ypos:0.000000,xspeed:-2.760000,yspeed:-0.310000,angle:-10.320000,distense:70.400000,rcs:23.000000
timestame:1619470280.397000000,objid:11,type:0,xpos:0.000000,ypos:0.000000,xspeed:-3.310000,yspeed:-0.190000,angle:-12.260000,distense:62.800000,rcs:18.000000
