timestame:1619470049.982000000,objid:0,type:0,xpos:0.000000,ypos:0.000000,xspeed:6.930000,yspeed:0.090000,angle:3.740000,distense:105.000000,rcs:15.000000
timestame:1619470049.982000000,objid:5,type:0,xpos:0.000000,ypos:0.000000,xspeed:6.930000,yspeed:0.150000,angle:4.110000,distense:95.400000,rcs:22.000000
