timestame:1619471450.183000000,objid:3,type:0,xpos:0.000000,ypos:0.000000,xspeed:-2.820000,yspeed:-0.120000,angle:-6.200000,distense:104.000000,rcs:19.000000
timestame:1619471450.183000000,objid:11,type:0,xpos:0.000000,ypos:0.000000,xspeed:-2.180000,yspeed:-0.210000,angle:-8.310000,distense:95.600000,rcs:9.000000
timestame:1619471450.183000000,objid:13,type:0,xpos:0.000000,ypos:0.000000,xspeed:-3.650000,yspeed:0.130000,angle:19.430000,distense:41.400000,rcs:6.000000
