timestame:1619471098.190000000,objid:2,type:0,xpos:0.000000,ypos:0.000000,xspeed:9.040000,yspeed:0.060000,angle:1.250000,distense:108.000000,rcs:32.000000
timestame:1619471098.190000000,objid:3,type:0,xpos:0.000000,ypos:0.000000,xspeed:-17.540000,yspeed:-0.960000,angle:-17.800000,distense:45.000000,rcs:24.000000
