timestame:1619471090.005000000,objid:0,type:0,xpos:0.000000,ypos:0.000000,xspeed:10.410000,yspeed:0.450000,angle:1.920000,distense:94.200000,rcs:12.000000
timestame:1619471090.005000000,objid:1,type:0,xpos:0.000000,ypos:0.000000,xspeed:9.940000,yspeed:0.570000,angle:6.690000,distense:46.000000,rcs:24.000000
timestame:1619471090.005000000,objid:2,type:0,xpos:0.000000,ypos:0.000000,xspeed:5.490000,yspeed:0.190000,angle:2.140000,distense:41.600000,rcs:46.000000
timestame:1619471090.005000000,objid:4,type:0,xpos:0.000000,ypos:0.000000,xspeed:-21.910000,yspeed:-0.980000,angle:-17.200000,distense:49.400000,rcs:13.000000
