timestame:1619470637.402000000,objid:2,type:0,xpos:0.000000,ypos:0.000000,xspeed:1.250000,yspeed:-5.820000,angle:-3.230000,distense:51.200000,rcs:6.000000
timestame:1619470637.402000000,objid:3,type:0,xpos:0.000000,ypos:0.000000,xspeed:4.260000,yspeed:-14.170000,angle:-6.520000,distense:53.000000,rcs:6.000000
timestame:1619470637.402000000,objid:4,type:0,xpos:0.000000,ypos:0.000000,xspeed:-6.830000,yspeed:5.520000,angle:-2.990000,distense:205.800000,rcs:9.000000
timestame:1619470637.402000000,objid:6,type:0,xpos:0.000000,ypos:0.000000,xspeed:2.760000,yspeed:-10.200000,angle:-2.100000,distense:51.200000,rcs:6.000000
