timestame:1619471293.852000000,objid:0,type:0,xpos:0.000000,ypos:0.000000,xspeed:2.630000,yspeed:3.680000,angle:-14.020000,distense:37.800000,rcs:16.000000
timestame:1619471293.852000000,objid:1,type:0,xpos:0.000000,ypos:0.000000,xspeed:-2.610000,yspeed:11.570000,angle:-4.510000,distense:45.400000,rcs:15.000000
timestame:1619471293.852000000,objid:3,type:0,xpos:0.000000,ypos:0.000000,xspeed:19.610000,yspeed:18.520000,angle:-8.360000,distense:54.600000,rcs:6.000000
timestame:1619471293.852000000,objid:6,type:0,xpos:0.000000,ypos:0.000000,xspeed:3.360000,yspeed:0.620000,angle:22.250000,distense:30.600000,rcs:18.000000
