timestame:1619470043.785000000,objid:0,type:0,xpos:0.000000,ypos:0.000000,xspeed:5.880000,yspeed:1.800000,angle:5.890000,distense:63.600000,rcs:18.000000
timestame:1619470043.785000000,objid:1,type:0,xpos:0.000000,ypos:0.000000,xspeed:13.250000,yspeed:0.020000,angle:1.020000,distense:183.200000,rcs:6.000000
timestame:1619470043.785000000,objid:3,type:0,xpos:0.000000,ypos:0.000000,xspeed:14.000000,yspeed:0.110000,angle:1.330000,distense:158.000000,rcs:18.000000
timestame:1619470043.785000000,objid:5,type:0,xpos:0.000000,ypos:0.000000,xspeed:5.270000,yspeed:0.520000,angle:6.270000,distense:52.600000,rcs:34.000000
