timestame:1619471004.873000000,objid:1,type:0,xpos:0.000000,ypos:0.000000,xspeed:-12.770000,yspeed:-0.750000,angle:-7.580000,distense:119.600000,rcs:13.000000
timestame:1619471004.873000000,objid:7,type:0,xpos:0.000000,ypos:0.000000,xspeed:17.770000,yspeed:0.000000,angle:7.770000,distense:180.400000,rcs:12.000000
