timestame:1619470646.027000000,objid:2,type:0,xpos:0.000000,ypos:0.000000,xspeed:-6.080000,yspeed:-0.210000,angle:-5.750000,distense:150.600000,rcs:12.000000
timestame:1619470646.027000000,objid:5,type:0,xpos:0.000000,ypos:0.000000,xspeed:1.300000,yspeed:-7.820000,angle:21.980000,distense:46.200000,rcs:26.000000
timestame:1619470646.027000000,objid:6,type:0,xpos:0.000000,ypos:0.000000,xspeed:-2.470000,yspeed:-1.930000,angle:0.700000,distense:44.000000,rcs:37.000000
timestame:1619470646.027000000,objid:8,type:0,xpos:0.000000,ypos:0.000000,xspeed:-1.820000,yspeed:-5.110000,angle:4.240000,distense:82.800000,rcs:15.000000
