timestame:1619471234.533000000,objid:0,type:0,xpos:0.000000,ypos:0.000000,xspeed:7.910000,yspeed:-0.070000,angle:1.370000,distense:129.600000,rcs:6.000000
timestame:1619471234.533000000,objid:9,type:0,xpos:0.000000,ypos:0.000000,xspeed:7.360000,yspeed:0.070000,angle:1.520000,distense:119.400000,rcs:28.000000
