timestame:1619470014.498000000,objid:0,type:0,xpos:0.000000,ypos:0.000000,xspeed:-2.170000,yspeed:-1.710000,angle:-18.000000,distense:31.600000,rcs:13.000000
timestame:1619470014.498000000,objid:1,type:0,xpos:0.000000,ypos:0.000000,xspeed:-1.100000,yspeed:-2.520000,angle:15.000000,distense:41.000000,rcs:27.000000
timestame:1619470014.498000000,objid:5,type:0,xpos:0.000000,ypos:0.000000,xspeed:-1.100000,yspeed:-1.400000,angle:-13.860000,distense:36.600000,rcs:31.000000
timestame:1619470014.498000000,objid:8,type:0,xpos:0.000000,ypos:0.000000,xspeed:-3.050000,yspeed:1.060000,angle:-0.260000,distense:56.600000,rcs:9.000000
