timestame:1619470475.412000000,objid:1,type:0,xpos:0.000000,ypos:0.000000,xspeed:-11.530000,yspeed:-0.290000,angle:-5.110000,distense:131.400000,rcs:19.000000
timestame:1619470475.412000000,objid:2,type:0,xpos:0.000000,ypos:0.000000,xspeed:1.130000,yspeed:-0.460000,angle:13.800000,distense:72.400000,rcs:6.000000
