timestame:1619470104.306000000,objid:6,type:0,xpos:0.000000,ypos:0.000000,xspeed:-3.030000,yspeed:0.280000,angle:15.900000,distense:26.400000,rcs:15.000000
timestame:1619470104.306000000,objid:9,type:0,xpos:0.000000,ypos:0.000000,xspeed:4.570000,yspeed:0.710000,angle:21.430000,distense:21.200000,rcs:16.000000
timestame:1619470104.306000000,objid:11,type:0,xpos:0.000000,ypos:0.000000,xspeed:1.840000,yspeed:0.730000,angle:14.250000,distense:20.000000,rcs:15.000000
