timestame:1619469714.997000000,objid:1,type:0,xpos:0.000000,ypos:0.000000,xspeed:-1.990000,yspeed:7.030000,angle:-14.970000,distense:37.400000,rcs:15.000000
timestame:1619469714.997000000,objid:3,type:0,xpos:0.000000,ypos:0.000000,xspeed:14.040000,yspeed:-1.030000,angle:0.790000,distense:159.400000,rcs:12.000000
