timestame:1619469647.403000000,objid:2,type:0,xpos:0.000000,ypos:0.000000,xspeed:12.800000,yspeed:0.500000,angle:4.610000,distense:95.800000,rcs:24.000000
timestame:1619469647.403000000,objid:13,type:0,xpos:0.000000,ypos:0.000000,xspeed:15.200000,yspeed:0.700000,angle:2.400000,distense:156.400000,rcs:38.000000
timestame:1619469647.403000000,objid:14,type:0,xpos:0.000000,ypos:0.000000,xspeed:12.890000,yspeed:0.400000,angle:4.550000,distense:93.000000,rcs:26.000000
