timestame:1619470473.174000000,objid:1,type:0,xpos:0.000000,ypos:0.000000,xspeed:-11.830000,yspeed:0.070000,angle:-3.890000,distense:157.400000,rcs:13.000000
timestame:1619470473.174000000,objid:2,type:0,xpos:0.000000,ypos:0.000000,xspeed:3.620000,yspeed:-4.900000,angle:13.990000,distense:70.800000,rcs:9.000000
