timestame:1619471230.435000000,objid:0,type:0,xpos:0.000000,ypos:0.000000,xspeed:6.510000,yspeed:0.200000,angle:2.180000,distense:98.000000,rcs:6.000000
timestame:1619471230.435000000,objid:1,type:0,xpos:0.000000,ypos:0.000000,xspeed:2.960000,yspeed:-5.380000,angle:-18.000000,distense:65.000000,rcs:6.000000
timestame:1619471230.435000000,objid:9,type:0,xpos:0.000000,ypos:0.000000,xspeed:6.640000,yspeed:0.170000,angle:2.070000,distense:89.600000,rcs:33.000000
