timestame:1619470965.737000000,objid:0,type:0,xpos:0.000000,ypos:0.000000,xspeed:4.380000,yspeed:0.110000,angle:5.790000,distense:60.200000,rcs:25.000000
timestame:1619470965.737000000,objid:1,type:0,xpos:0.000000,ypos:0.000000,xspeed:12.900000,yspeed:-0.160000,angle:0.910000,distense:145.800000,rcs:13.000000
timestame:1619470965.737000000,objid:6,type:0,xpos:0.000000,ypos:0.000000,xspeed:11.030000,yspeed:0.450000,angle:2.020000,distense:122.800000,rcs:22.000000
timestame:1619470965.737000000,objid:12,type:0,xpos:0.000000,ypos:0.000000,xspeed:3.070000,yspeed:0.100000,angle:4.780000,distense:66.200000,rcs:6.000000
