timestame:1619470914.357000000,objid:0,type:0,xpos:0.000000,ypos:0.000000,xspeed:4.890000,yspeed:3.260000,angle:-15.300000,distense:36.800000,rcs:18.000000
timestame:1619470914.357000000,objid:3,type:0,xpos:0.000000,ypos:0.000000,xspeed:-2.040000,yspeed:0.280000,angle:-4.260000,distense:39.200000,rcs:9.000000
timestame:1619470914.357000000,objid:7,type:0,xpos:0.000000,ypos:0.000000,xspeed:4.580000,yspeed:2.950000,angle:-15.680000,distense:49.200000,rcs:6.000000
timestame:1619470914.357000000,objid:10,type:0,xpos:0.000000,ypos:0.000000,xspeed:5.580000,yspeed:3.340000,angle:-16.640000,distense:43.800000,rcs:6.000000
