timestame:1619471064.109000000,objid:0,type:0,xpos:0.000000,ypos:0.000000,xspeed:-6.900000,yspeed:0.420000,angle:-4.980000,distense:116.400000,rcs:6.000000
timestame:1619471064.109000000,objid:3,type:0,xpos:0.000000,ypos:0.000000,xspeed:-7.230000,yspeed:-3.390000,angle:-4.400000,distense:165.800000,rcs:9.000000
timestame:1619471064.109000000,objid:9,type:0,xpos:0.000000,ypos:0.000000,xspeed:-1.630000,yspeed:-0.070000,angle:-10.000000,distense:73.800000,rcs:13.000000
