timestame:1619471318.455000000,objid:0,type:0,xpos:0.000000,ypos:0.000000,xspeed:4.100000,yspeed:2.940000,angle:-5.190000,distense:121.400000,rcs:13.000000
timestame:1619471318.455000000,objid:3,type:0,xpos:0.000000,ypos:0.000000,xspeed:-16.030000,yspeed:0.000000,angle:-2.620000,distense:207.200000,rcs:12.000000
