timestame:1619469645.299000000,objid:2,type:0,xpos:0.000000,ypos:0.000000,xspeed:12.750000,yspeed:0.820000,angle:5.480000,distense:69.000000,rcs:31.000000
timestame:1619469645.299000000,objid:6,type:0,xpos:0.000000,ypos:0.000000,xspeed:12.210000,yspeed:0.560000,angle:5.090000,distense:78.200000,rcs:16.000000
timestame:1619469645.299000000,objid:13,type:0,xpos:0.000000,ypos:0.000000,xspeed:15.100000,yspeed:0.480000,angle:2.170000,distense:124.400000,rcs:37.000000
timestame:1619469645.299000000,objid:14,type:0,xpos:0.000000,ypos:0.000000,xspeed:12.740000,yspeed:0.440000,angle:5.760000,distense:65.800000,rcs:37.000000
