timestame:1619471003.332000000,objid:1,type:0,xpos:0.000000,ypos:0.000000,xspeed:-13.300000,yspeed:-0.660000,angle:-5.980000,distense:138.800000,rcs:13.000000
timestame:1619471003.332000000,objid:4,type:0,xpos:0.000000,ypos:0.000000,xspeed:1.610000,yspeed:0.070000,angle:-0.240000,distense:17.200000,rcs:19.000000
