timestame:1619470073.206000000,objid:3,type:0,xpos:0.000000,ypos:0.000000,xspeed:-1.390000,yspeed:2.240000,angle:17.510000,distense:48.000000,rcs:31.000000
timestame:1619470073.206000000,objid:4,type:0,xpos:0.000000,ypos:0.000000,xspeed:-1.580000,yspeed:2.440000,angle:22.890000,distense:43.000000,rcs:20.000000
timestame:1619470073.206000000,objid:8,type:0,xpos:0.000000,ypos:0.000000,xspeed:2.000000,yspeed:2.910000,angle:-8.880000,distense:41.000000,rcs:9.000000
