timestame:1619470510.490000000,objid:2,type:0,xpos:0.000000,ypos:0.000000,xspeed:-2.030000,yspeed:7.870000,angle:-17.800000,distense:39.000000,rcs:18.000000
timestame:1619470510.490000000,objid:6,type:0,xpos:0.000000,ypos:0.000000,xspeed:-2.150000,yspeed:8.740000,angle:20.640000,distense:39.000000,rcs:6.000000
timestame:1619470510.490000000,objid:8,type:0,xpos:0.000000,ypos:0.000000,xspeed:-4.890000,yspeed:-2.310000,angle:7.510000,distense:74.200000,rcs:25.000000
timestame:1619470510.490000000,objid:10,type:0,xpos:0.000000,ypos:0.000000,xspeed:3.700000,yspeed:2.620000,angle:1.760000,distense:12.600000,rcs:18.000000
