timestame:1619470294.835000000,objid:0,type:0,xpos:0.000000,ypos:0.000000,xspeed:1.980000,yspeed:0.100000,angle:5.340000,distense:23.200000,rcs:24.000000
timestame:1619470294.835000000,objid:1,type:0,xpos:0.000000,ypos:0.000000,xspeed:-1.100000,yspeed:-0.050000,angle:5.330000,distense:9.200000,rcs:30.000000
timestame:1619470294.835000000,objid:3,type:0,xpos:0.000000,ypos:0.000000,xspeed:2.860000,yspeed:-0.920000,angle:3.510000,distense:12.800000,rcs:34.000000
timestame:1619470294.835000000,objid:5,type:0,xpos:0.000000,ypos:0.000000,xspeed:3.040000,yspeed:0.550000,angle:2.980000,distense:21.400000,rcs:35.000000
