timestame:1619471146.798000000,objid:1,type:0,xpos:0.000000,ypos:0.000000,xspeed:-1.560000,yspeed:6.390000,angle:18.840000,distense:39.600000,rcs:6.000000
timestame:1619471146.798000000,objid:3,type:0,xpos:0.000000,ypos:0.000000,xspeed:-2.310000,yspeed:-0.710000,angle:21.790000,distense:40.600000,rcs:20.000000
timestame:1619471146.798000000,objid:9,type:0,xpos:0.000000,ypos:0.000000,xspeed:-1.560000,yspeed:5.210000,angle:-8.200000,distense:43.400000,rcs:13.000000
