timestame:1619470984.888000000,objid:0,type:0,xpos:0.000000,ypos:0.000000,xspeed:8.650000,yspeed:0.220000,angle:2.250000,distense:192.000000,rcs:29.000000
timestame:1619470984.888000000,objid:1,type:0,xpos:0.000000,ypos:0.000000,xspeed:-15.370000,yspeed:-0.450000,angle:-10.150000,distense:69.200000,rcs:22.000000
timestame:1619470984.888000000,objid:3,type:0,xpos:0.000000,ypos:0.000000,xspeed:4.150000,yspeed:-2.030000,angle:9.590000,distense:75.400000,rcs:13.000000
timestame:1619470984.888000000,objid:5,type:0,xpos:0.000000,ypos:0.000000,xspeed:9.720000,yspeed:9.430000,angle:3.420000,distense:207.400000,rcs:6.000000
