timestame:1619470458.734000000,objid:0,type:0,xpos:0.000000,ypos:0.000000,xspeed:-19.110000,yspeed:4.560000,angle:-4.110000,distense:128.600000,rcs:9.000000
timestame:1619470458.734000000,objid:2,type:0,xpos:0.000000,ypos:0.000000,xspeed:5.850000,yspeed:-0.120000,angle:3.470000,distense:167.800000,rcs:21.000000
