timestame:1619469761.255000000,objid:1,type:0,xpos:0.000000,ypos:0.000000,xspeed:1.290000,yspeed:5.810000,angle:-0.580000,distense:46.800000,rcs:6.000000
timestame:1619469761.255000000,objid:3,type:0,xpos:0.000000,ypos:0.000000,xspeed:5.120000,yspeed:0.070000,angle:-17.560000,distense:17.000000,rcs:26.000000
