timestame:1619471315.098000000,objid:1,type:0,xpos:0.000000,ypos:0.000000,xspeed:-15.060000,yspeed:-1.000000,angle:-4.610000,distense:149.400000,rcs:19.000000
timestame:1619471315.098000000,objid:2,type:0,xpos:0.000000,ypos:0.000000,xspeed:-2.480000,yspeed:5.520000,angle:-15.520000,distense:36.800000,rcs:15.000000
