timestame:1619470975.675000000,objid:0,type:0,xpos:0.000000,ypos:0.000000,xspeed:6.710000,yspeed:-0.010000,angle:3.310000,distense:118.200000,rcs:22.000000
timestame:1619470975.675000000,objid:3,type:0,xpos:0.000000,ypos:0.000000,xspeed:7.150000,yspeed:0.010000,angle:2.400000,distense:128.200000,rcs:12.000000
timestame:1619470975.675000000,objid:5,type:0,xpos:0.000000,ypos:0.000000,xspeed:-19.050000,yspeed:1.710000,angle:-6.370000,distense:130.000000,rcs:16.000000
timestame:1619470975.675000000,objid:9,type:0,xpos:0.000000,ypos:0.000000,xspeed:1.780000,yspeed:3.760000,angle:-4.980000,distense:45.400000,rcs:6.000000
