timestame:1619470483.434000000,objid:1,type:0,xpos:0.000000,ypos:0.000000,xspeed:-3.980000,yspeed:-0.260000,angle:-8.220000,distense:85.600000,rcs:22.000000
timestame:1619470483.434000000,objid:3,type:0,xpos:0.000000,ypos:0.000000,xspeed:1.970000,yspeed:-3.630000,angle:15.580000,distense:46.000000,rcs:33.000000
