timestame:1619471152.072000000,objid:0,type:0,xpos:0.000000,ypos:0.000000,xspeed:-1.090000,yspeed:6.640000,angle:10.280000,distense:39.800000,rcs:26.000000
timestame:1619471152.072000000,objid:1,type:0,xpos:0.000000,ypos:0.000000,xspeed:-8.660000,yspeed:-2.300000,angle:10.970000,distense:86.600000,rcs:13.000000
timestame:1619471152.072000000,objid:7,type:0,xpos:0.000000,ypos:0.000000,xspeed:-1.020000,yspeed:6.440000,angle:5.640000,distense:40.400000,rcs:6.000000
