timestame:1619471092.368000000,objid:1,type:0,xpos:0.000000,ypos:0.000000,xspeed:11.990000,yspeed:-0.070000,angle:3.780000,distense:75.400000,rcs:9.000000
timestame:1619471092.368000000,objid:2,type:0,xpos:0.000000,ypos:0.000000,xspeed:6.760000,yspeed:0.340000,angle:2.400000,distense:58.400000,rcs:47.000000
timestame:1619471092.368000000,objid:5,type:0,xpos:0.000000,ypos:0.000000,xspeed:12.600000,yspeed:-0.260000,angle:1.270000,distense:126.200000,rcs:6.000000
