timestame:1619470441.152000000,objid:1,type:0,xpos:0.000000,ypos:0.000000,xspeed:15.130000,yspeed:0.600000,angle:2.390000,distense:76.400000,rcs:26.000000
timestame:1619470441.152000000,objid:2,type:0,xpos:0.000000,ypos:0.000000,xspeed:3.850000,yspeed:0.050000,angle:9.610000,distense:79.600000,rcs:13.000000
