timestame:1619470733.821000000,objid:1,type:0,xpos:0.000000,ypos:0.000000,xspeed:12.080000,yspeed:0.510000,angle:3.090000,distense:72.200000,rcs:16.000000
timestame:1619470733.821000000,objid:6,type:0,xpos:0.000000,ypos:0.000000,xspeed:12.410000,yspeed:0.580000,angle:2.560000,distense:61.600000,rcs:38.000000
