timestame:1619471314.421000000,objid:0,type:0,xpos:0.000000,ypos:0.000000,xspeed:-15.160000,yspeed:0.000000,angle:-1.780000,distense:165.800000,rcs:9.000000
timestame:1619471314.421000000,objid:1,type:0,xpos:0.000000,ypos:0.000000,xspeed:-15.570000,yspeed:-1.460000,angle:-4.330000,distense:158.800000,rcs:9.000000
timestame:1619471314.421000000,objid:3,type:0,xpos:0.000000,ypos:0.000000,xspeed:2.600000,yspeed:4.400000,angle:-5.430000,distense:47.400000,rcs:6.000000
timestame:1619471314.421000000,objid:4,type:0,xpos:0.000000,ypos:0.000000,xspeed:-1.370000,yspeed:5.460000,angle:19.230000,distense:36.400000,rcs:6.000000
