timestame:1619470533.664000000,objid:0,type:0,xpos:0.000000,ypos:0.000000,xspeed:7.470000,yspeed:1.360000,angle:19.150000,distense:20.600000,rcs:23.000000
timestame:1619470533.664000000,objid:2,type:0,xpos:0.000000,ypos:0.000000,xspeed:-7.610000,yspeed:-1.140000,angle:-7.710000,distense:115.800000,rcs:16.000000
timestame:1619470533.664000000,objid:3,type:0,xpos:0.000000,ypos:0.000000,xspeed:-3.430000,yspeed:-4.630000,angle:-9.000000,distense:109.600000,rcs:12.000000
timestame:1619470533.664000000,objid:4,type:0,xpos:0.000000,ypos:0.000000,xspeed:5.530000,yspeed:0.000000,angle:-15.780000,distense:21.400000,rcs:13.000000
