timestame:1619470553.016000000,objid:0,type:0,xpos:0.000000,ypos:0.000000,xspeed:8.450000,yspeed:0.760000,angle:18.920000,distense:21.000000,rcs:12.000000
timestame:1619470553.016000000,objid:1,type:0,xpos:0.000000,ypos:0.000000,xspeed:2.440000,yspeed:-0.400000,angle:5.330000,distense:151.000000,rcs:15.000000
timestame:1619470553.016000000,objid:2,type:0,xpos:0.000000,ypos:0.000000,xspeed:-13.700000,yspeed:0.000000,angle:-10.790000,distense:12.200000,rcs:15.000000
timestame:1619470553.016000000,objid:9,type:0,xpos:0.000000,ypos:0.000000,xspeed:3.100000,yspeed:-1.370000,angle:3.850000,distense:167.400000,rcs:12.000000
