timestame:1619471437.585000000,objid:4,type:0,xpos:0.000000,ypos:0.000000,xspeed:8.310000,yspeed:9.890000,angle:1.580000,distense:43.200000,rcs:6.000000
timestame:1619471437.585000000,objid:5,type:0,xpos:0.000000,ypos:0.000000,xspeed:-1.780000,yspeed:-3.250000,angle:-18.000000,distense:36.400000,rcs:6.000000
timestame:1619471437.585000000,objid:10,type:0,xpos:0.000000,ypos:0.000000,xspeed:-3.190000,yspeed:-13.560000,angle:-5.670000,distense:39.400000,rcs:28.000000
timestame:1619471437.585000000,objid:14,type:0,xpos:0.000000,ypos:0.000000,xspeed:14.030000,yspeed:-8.610000,angle:-12.660000,distense:45.400000,rcs:9.000000
