timestame:1619470505.570000000,objid:1,type:0,xpos:0.000000,ypos:0.000000,xspeed:2.070000,yspeed:0.130000,angle:-6.730000,distense:42.800000,rcs:9.000000
timestame:1619470505.570000000,objid:3,type:0,xpos:0.000000,ypos:0.000000,xspeed:-1.680000,yspeed:-1.680000,angle:-18.000000,distense:35.600000,rcs:27.000000
timestame:1619470505.570000000,objid:4,type:0,xpos:0.000000,ypos:0.000000,xspeed:-3.210000,yspeed:4.680000,angle:-5.320000,distense:43.000000,rcs:19.000000
timestame:1619470505.570000000,objid:8,type:0,xpos:0.000000,ypos:0.000000,xspeed:-4.060000,yspeed:-0.860000,angle:-18.000000,distense:33.400000,rcs:22.000000
