timestame:1619470028.183000000,objid:1,type:0,xpos:0.000000,ypos:0.000000,xspeed:4.920000,yspeed:0.540000,angle:1.590000,distense:23.200000,rcs:34.000000
timestame:1619470028.183000000,objid:2,type:0,xpos:0.000000,ypos:0.000000,xspeed:6.110000,yspeed:0.240000,angle:2.320000,distense:38.600000,rcs:34.000000
