timestame:1619469930.710000000,objid:0,type:0,xpos:0.000000,ypos:0.000000,xspeed:-2.060000,yspeed:0.390000,angle:-18.000000,distense:40.600000,rcs:6.000000
timestame:1619469930.710000000,objid:1,type:0,xpos:0.000000,ypos:0.000000,xspeed:8.010000,yspeed:0.240000,angle:1.480000,distense:203.800000,rcs:13.000000
timestame:1619469930.710000000,objid:8,type:0,xpos:0.000000,ypos:0.000000,xspeed:7.880000,yspeed:0.160000,angle:1.200000,distense:197.000000,rcs:21.000000
