timestame:1619470699.462000000,objid:1,type:0,xpos:0.000000,ypos:0.000000,xspeed:8.450000,yspeed:0.280000,angle:4.440000,distense:90.800000,rcs:22.000000
timestame:1619470699.462000000,objid:2,type:0,xpos:0.000000,ypos:0.000000,xspeed:-6.760000,yspeed:5.140000,angle:-10.290000,distense:110.800000,rcs:6.000000
