timestame:1619470182.377000000,objid:1,type:0,xpos:0.000000,ypos:0.000000,xspeed:13.430000,yspeed:-0.050000,angle:1.260000,distense:175.200000,rcs:24.000000
timestame:1619470182.377000000,objid:3,type:0,xpos:0.000000,ypos:0.000000,xspeed:-17.100000,yspeed:1.530000,angle:-3.270000,distense:131.200000,rcs:15.000000
timestame:1619470182.377000000,objid:8,type:0,xpos:0.000000,ypos:0.000000,xspeed:8.610000,yspeed:0.500000,angle:4.170000,distense:110.800000,rcs:15.000000
timestame:1619470182.377000000,objid:11,type:0,xpos:0.000000,ypos:0.000000,xspeed:7.910000,yspeed:0.210000,angle:4.790000,distense:99.400000,rcs:37.000000
