timestame:1619469658.383000000,objid:7,type:0,xpos:0.000000,ypos:0.000000,xspeed:24.840000,yspeed:0.510000,angle:1.080000,distense:220.000000,rcs:9.000000
timestame:1619469658.383000000,objid:8,type:0,xpos:0.000000,ypos:0.000000,xspeed:2.050000,yspeed:3.170000,angle:-7.960000,distense:41.800000,rcs:6.000000
