timestame:1619471088.252000000,objid:0,type:0,xpos:0.000000,ypos:0.000000,xspeed:8.920000,yspeed:0.420000,angle:1.810000,distense:73.800000,rcs:29.000000
timestame:1619471088.252000000,objid:1,type:0,xpos:0.000000,ypos:0.000000,xspeed:8.230000,yspeed:0.540000,angle:8.930000,distense:26.800000,rcs:33.000000
timestame:1619471088.252000000,objid:4,type:0,xpos:0.000000,ypos:0.000000,xspeed:-22.570000,yspeed:-0.940000,angle:-8.550000,distense:86.800000,rcs:19.000000
timestame:1619471088.252000000,objid:11,type:0,xpos:0.000000,ypos:0.000000,xspeed:3.870000,yspeed:-0.020000,angle:1.880000,distense:30.400000,rcs:40.000000
