timestame:1619470567.902000000,objid:1,type:0,xpos:0.000000,ypos:0.000000,xspeed:4.070000,yspeed:3.000000,angle:-14.880000,distense:29.400000,rcs:20.000000
timestame:1619470567.902000000,objid:3,type:0,xpos:0.000000,ypos:0.000000,xspeed:15.110000,yspeed:0.070000,angle:1.080000,distense:164.200000,rcs:28.000000
timestame:1619470567.902000000,objid:8,type:0,xpos:0.000000,ypos:0.000000,xspeed:3.840000,yspeed:4.600000,angle:-9.740000,distense:43.600000,rcs:12.000000
