timestame:1619469658.753000000,objid:7,type:0,xpos:0.000000,ypos:0.000000,xspeed:24.840000,yspeed:0.510000,angle:1.090000,distense:230.600000,rcs:9.000000
timestame:1619469658.753000000,objid:8,type:0,xpos:0.000000,ypos:0.000000,xspeed:1.730000,yspeed:3.370000,angle:-6.260000,distense:43.000000,rcs:6.000000
