timestame:1619470125.274000000,objid:3,type:0,xpos:0.000000,ypos:0.000000,xspeed:-7.380000,yspeed:-0.900000,angle:12.850000,distense:34.600000,rcs:16.000000
timestame:1619470125.274000000,objid:4,type:0,xpos:0.000000,ypos:0.000000,xspeed:4.150000,yspeed:1.690000,angle:-17.720000,distense:33.600000,rcs:20.000000
timestame:1619470125.274000000,objid:6,type:0,xpos:0.000000,ypos:0.000000,xspeed:3.940000,yspeed:3.360000,angle:-13.070000,distense:39.800000,rcs:19.000000
