timestame:1619469538.873000000,objid:4,type:0,xpos:0.000000,ypos:0.000000,xspeed:17.200000,yspeed:0.240000,angle:1.550000,distense:145.200000,rcs:9.000000
timestame:1619469538.873000000,objid:7,type:0,xpos:0.000000,ypos:0.000000,xspeed:17.220000,yspeed:0.220000,angle:1.270000,distense:152.600000,rcs:6.000000
