timestame:1619470792.497000000,objid:5,type:0,xpos:0.000000,ypos:0.000000,xspeed:5.030000,yspeed:-3.430000,angle:-18.000000,distense:50.400000,rcs:6.000000
timestame:1619470792.497000000,objid:7,type:0,xpos:0.000000,ypos:0.000000,xspeed:3.710000,yspeed:1.400000,angle:13.190000,distense:50.800000,rcs:25.000000
timestame:1619470792.497000000,objid:8,type:0,xpos:0.000000,ypos:0.000000,xspeed:2.800000,yspeed:2.030000,angle:-13.030000,distense:47.400000,rcs:19.000000
