timestame:1619469617.572000000,objid:2,type:0,xpos:0.000000,ypos:0.000000,xspeed:14.620000,yspeed:9.590000,angle:-7.240000,distense:95.200000,rcs:6.000000
timestame:1619469617.572000000,objid:4,type:0,xpos:0.000000,ypos:0.000000,xspeed:-21.160000,yspeed:5.760000,angle:-4.440000,distense:151.000000,rcs:15.000000
timestame:1619469617.572000000,objid:6,type:0,xpos:0.000000,ypos:0.000000,xspeed:-2.040000,yspeed:0.000000,angle:-11.790000,distense:79.600000,rcs:23.000000
