timestame:1619469532.162000000,objid:1,type:0,xpos:0.000000,ypos:0.000000,xspeed:1.710000,yspeed:-5.080000,angle:-18.000000,distense:79.600000,rcs:9.000000
timestame:1619469532.162000000,objid:4,type:0,xpos:0.000000,ypos:0.000000,xspeed:16.150000,yspeed:1.620000,angle:2.930000,distense:31.800000,rcs:33.000000
timestame:1619469532.162000000,objid:7,type:0,xpos:0.000000,ypos:0.000000,xspeed:17.410000,yspeed:0.260000,angle:1.360000,distense:40.000000,rcs:35.000000
