timestame:1619469996.027000000,objid:8,type:0,xpos:0.000000,ypos:0.000000,xspeed:1.120000,yspeed:2.990000,angle:-0.800000,distense:45.200000,rcs:6.000000
timestame:1619469996.027000000,objid:15,type:0,xpos:0.000000,ypos:0.000000,xspeed:-1.380000,yspeed:-2.300000,angle:-18.000000,distense:35.600000,rcs:34.000000
timestame:1619469996.027000000,objid:18,type:0,xpos:0.000000,ypos:0.000000,xspeed:1.450000,yspeed:1.440000,angle:-0.960000,distense:61.200000,rcs:9.000000
timestame:1619469996.027000000,objid:24,type:0,xpos:0.000000,ypos:0.000000,xspeed:1.680000,yspeed:3.520000,angle:-6.760000,distense:41.400000,rcs:9.000000
