timestame:1619470940.419000000,objid:1,type:0,xpos:0.000000,ypos:0.000000,xspeed:-3.900000,yspeed:0.440000,angle:-13.570000,distense:66.200000,rcs:24.000000
timestame:1619470940.419000000,objid:5,type:0,xpos:0.000000,ypos:0.000000,xspeed:-4.670000,yspeed:0.000000,angle:-14.070000,distense:69.600000,rcs:20.000000
timestame:1619470940.419000000,objid:10,type:0,xpos:0.000000,ypos:0.000000,xspeed:-3.880000,yspeed:0.160000,angle:-10.770000,distense:67.400000,rcs:13.000000
