timestame:1619470138.378000000,objid:0,type:0,xpos:0.000000,ypos:0.000000,xspeed:-7.290000,yspeed:-1.140000,angle:11.730000,distense:34.400000,rcs:19.000000
timestame:1619470138.378000000,objid:7,type:0,xpos:0.000000,ypos:0.000000,xspeed:-2.290000,yspeed:-0.340000,angle:-10.470000,distense:74.200000,rcs:6.000000
