timestame:1619470569.693000000,objid:1,type:0,xpos:0.000000,ypos:0.000000,xspeed:4.030000,yspeed:2.750000,angle:-13.550000,distense:38.200000,rcs:13.000000
timestame:1619470569.693000000,objid:3,type:0,xpos:0.000000,ypos:0.000000,xspeed:15.480000,yspeed:0.120000,angle:1.020000,distense:192.600000,rcs:29.000000
