timestame:1619470026.512000000,objid:0,type:0,xpos:0.000000,ypos:0.000000,xspeed:6.070000,yspeed:-3.660000,angle:-0.460000,distense:37.200000,rcs:6.000000
timestame:1619470026.512000000,objid:2,type:0,xpos:0.000000,ypos:0.000000,xspeed:5.900000,yspeed:0.040000,angle:1.920000,distense:28.200000,rcs:38.000000
