timestame:1619471376.026000000,objid:0,type:0,xpos:0.000000,ypos:0.000000,xspeed:10.650000,yspeed:2.680000,angle:2.820000,distense:208.200000,rcs:12.000000
timestame:1619471376.026000000,objid:1,type:0,xpos:0.000000,ypos:0.000000,xspeed:10.170000,yspeed:0.210000,angle:2.220000,distense:200.400000,rcs:22.000000
