timestame:1619471369.812000000,objid:1,type:0,xpos:0.000000,ypos:0.000000,xspeed:8.260000,yspeed:-0.100000,angle:2.600000,distense:139.800000,rcs:9.000000
timestame:1619471369.812000000,objid:7,type:0,xpos:0.000000,ypos:0.000000,xspeed:11.000000,yspeed:0.250000,angle:1.560000,distense:184.200000,rcs:20.000000
