timestame:1619470048.738000000,objid:0,type:0,xpos:0.000000,ypos:0.000000,xspeed:6.740000,yspeed:0.060000,angle:4.000000,distense:96.400000,rcs:12.000000
timestame:1619470048.738000000,objid:5,type:0,xpos:0.000000,ypos:0.000000,xspeed:6.830000,yspeed:0.110000,angle:4.350000,distense:87.000000,rcs:13.000000
