timestame:1619469912.615000000,objid:1,type:0,xpos:0.000000,ypos:0.000000,xspeed:4.600000,yspeed:-0.020000,angle:1.670000,distense:87.600000,rcs:16.000000
timestame:1619469912.615000000,objid:2,type:0,xpos:0.000000,ypos:0.000000,xspeed:11.510000,yspeed:0.260000,angle:2.750000,distense:161.400000,rcs:21.000000
timestame:1619469912.615000000,objid:8,type:0,xpos:0.000000,ypos:0.000000,xspeed:4.520000,yspeed:0.100000,angle:2.220000,distense:80.600000,rcs:28.000000
