timestame:1619469623.484000000,objid:1,type:0,xpos:0.000000,ypos:0.000000,xspeed:-4.100000,yspeed:-0.070000,angle:-16.990000,distense:56.600000,rcs:21.000000
timestame:1619469623.484000000,objid:2,type:0,xpos:0.000000,ypos:0.000000,xspeed:-3.800000,yspeed:-0.160000,angle:-14.200000,distense:69.600000,rcs:22.000000
timestame:1619469623.484000000,objid:4,type:0,xpos:0.000000,ypos:0.000000,xspeed:-14.200000,yspeed:-0.410000,angle:-10.960000,distense:63.000000,rcs:21.000000
