timestame:1619470287.078000000,objid:2,type:0,xpos:0.000000,ypos:0.000000,xspeed:-12.650000,yspeed:-0.160000,angle:-8.290000,distense:104.600000,rcs:21.000000
timestame:1619470287.078000000,objid:5,type:0,xpos:0.000000,ypos:0.000000,xspeed:-5.610000,yspeed:-0.480000,angle:-18.000000,distense:42.000000,rcs:29.000000
timestame:1619470287.078000000,objid:7,type:0,xpos:0.000000,ypos:0.000000,xspeed:-5.310000,yspeed:-0.450000,angle:-18.000000,distense:37.600000,rcs:22.000000
timestame:1619470287.078000000,objid:11,type:0,xpos:0.000000,ypos:0.000000,xspeed:-5.400000,yspeed:-0.280000,angle:-18.000000,distense:31.400000,rcs:19.000000
