timestame:1619471373.476000000,objid:1,type:0,xpos:0.000000,ypos:0.000000,xspeed:9.450000,yspeed:0.250000,angle:2.410000,distense:174.400000,rcs:20.000000
timestame:1619471373.476000000,objid:7,type:0,xpos:0.000000,ypos:0.000000,xspeed:10.000000,yspeed:0.200000,angle:1.480000,distense:220.600000,rcs:9.000000
