timestame:1619470491.534000000,objid:0,type:0,xpos:0.000000,ypos:0.000000,xspeed:1.770000,yspeed:-4.830000,angle:14.690000,distense:45.800000,rcs:24.000000
timestame:1619470491.534000000,objid:1,type:0,xpos:0.000000,ypos:0.000000,xspeed:1.000000,yspeed:-2.530000,angle:11.170000,distense:44.400000,rcs:37.000000
timestame:1619470491.534000000,objid:2,type:0,xpos:0.000000,ypos:0.000000,xspeed:1.660000,yspeed:-5.650000,angle:-17.820000,distense:57.400000,rcs:16.000000
timestame:1619470491.534000000,objid:3,type:0,xpos:0.000000,ypos:0.000000,xspeed:-6.270000,yspeed:-8.720000,angle:19.540000,distense:43.400000,rcs:31.000000
