timestame:1619470620.096000000,objid:1,type:0,xpos:0.000000,ypos:0.000000,xspeed:-5.540000,yspeed:0.000000,angle:-9.640000,distense:89.800000,rcs:20.000000
timestame:1619470620.096000000,objid:2,type:0,xpos:0.000000,ypos:0.000000,xspeed:-7.860000,yspeed:0.090000,angle:-10.090000,distense:87.000000,rcs:13.000000
