timestame:1619470032.393000000,objid:1,type:0,xpos:0.000000,ypos:0.000000,xspeed:7.130000,yspeed:0.350000,angle:2.490000,distense:51.000000,rcs:34.000000
timestame:1619470032.393000000,objid:4,type:0,xpos:0.000000,ypos:0.000000,xspeed:11.880000,yspeed:0.220000,angle:1.890000,distense:83.800000,rcs:20.000000
timestame:1619470032.393000000,objid:7,type:0,xpos:0.000000,ypos:0.000000,xspeed:1.370000,yspeed:-0.540000,angle:6.950000,distense:22.400000,rcs:27.000000
