timestame:1619470476.905000000,objid:0,type:0,xpos:0.000000,ypos:0.000000,xspeed:-11.900000,yspeed:-2.140000,angle:-5.400000,distense:118.000000,rcs:24.000000
timestame:1619470476.905000000,objid:1,type:0,xpos:0.000000,ypos:0.000000,xspeed:-11.310000,yspeed:-0.300000,angle:-6.050000,distense:114.800000,rcs:19.000000
timestame:1619470476.905000000,objid:2,type:0,xpos:0.000000,ypos:0.000000,xspeed:1.110000,yspeed:-0.130000,angle:13.730000,distense:74.000000,rcs:6.000000
