timestame:1619469915.275000000,objid:1,type:0,xpos:0.000000,ypos:0.000000,xspeed:5.290000,yspeed:0.060000,angle:1.580000,distense:102.200000,rcs:24.000000
timestame:1619469915.275000000,objid:2,type:0,xpos:0.000000,ypos:0.000000,xspeed:13.200000,yspeed:0.370000,angle:2.520000,distense:198.000000,rcs:21.000000
timestame:1619469915.275000000,objid:8,type:0,xpos:0.000000,ypos:0.000000,xspeed:5.240000,yspeed:-0.110000,angle:1.550000,distense:95.200000,rcs:31.000000
