timestame:1619469556.812000000,objid:2,type:0,xpos:0.000000,ypos:0.000000,xspeed:-1.050000,yspeed:4.800000,angle:-11.710000,distense:37.200000,rcs:19.000000
timestame:1619469556.812000000,objid:4,type:0,xpos:0.000000,ypos:0.000000,xspeed:-1.700000,yspeed:6.740000,angle:4.230000,distense:41.000000,rcs:33.000000
timestame:1619469556.812000000,objid:5,type:0,xpos:0.000000,ypos:0.000000,xspeed:-2.480000,yspeed:7.870000,angle:9.480000,distense:40.400000,rcs:24.000000
timestame:1619469556.812000000,objid:10,type:0,xpos:0.000000,ypos:0.000000,xspeed:1.160000,yspeed:-5.080000,angle:2.020000,distense:50.200000,rcs:28.000000
