timestame:1619470474.972000000,objid:1,type:0,xpos:0.000000,ypos:0.000000,xspeed:-11.280000,yspeed:-0.240000,angle:-4.780000,distense:137.400000,rcs:20.000000
timestame:1619470474.972000000,objid:2,type:0,xpos:0.000000,ypos:0.000000,xspeed:1.200000,yspeed:-0.640000,angle:13.860000,distense:72.000000,rcs:6.000000
