timestame:1619469947.799000000,objid:3,type:0,xpos:0.000000,ypos:0.000000,xspeed:1.340000,yspeed:0.060000,angle:0.740000,distense:18.200000,rcs:28.000000
timestame:1619469947.799000000,objid:4,type:0,xpos:0.000000,ypos:0.000000,xspeed:-1.820000,yspeed:-12.200000,angle:4.140000,distense:47.600000,rcs:12.000000
timestame:1619469947.799000000,objid:8,type:0,xpos:0.000000,ypos:0.000000,xspeed:-1.610000,yspeed:13.890000,angle:-18.000000,distense:50.600000,rcs:9.000000
