timestame:1619470747.346000000,objid:0,type:0,xpos:0.000000,ypos:0.000000,xspeed:-2.000000,yspeed:-0.790000,angle:-10.170000,distense:80.600000,rcs:6.000000
timestame:1619470747.346000000,objid:2,type:0,xpos:0.000000,ypos:0.000000,xspeed:1.100000,yspeed:-1.470000,angle:18.080000,distense:48.200000,rcs:25.000000
