timestame:1619471223.009000000,objid:0,type:0,xpos:0.000000,ypos:0.000000,xspeed:2.060000,yspeed:0.330000,angle:1.750000,distense:58.400000,rcs:6.000000
timestame:1619471223.009000000,objid:1,type:0,xpos:0.000000,ypos:0.000000,xspeed:5.690000,yspeed:-2.340000,angle:-6.960000,distense:26.200000,rcs:21.000000
timestame:1619471223.009000000,objid:6,type:0,xpos:0.000000,ypos:0.000000,xspeed:4.250000,yspeed:0.180000,angle:2.240000,distense:63.000000,rcs:9.000000
timestame:1619471223.009000000,objid:9,type:0,xpos:0.000000,ypos:0.000000,xspeed:4.280000,yspeed:0.390000,angle:3.160000,distense:44.200000,rcs:48.000000
