timestame:1619469869.806000000,objid:8,type:0,xpos:0.000000,ypos:0.000000,xspeed:-2.630000,yspeed:-0.260000,angle:-18.000000,distense:32.600000,rcs:19.000000
timestame:1619469869.806000000,objid:13,type:0,xpos:0.000000,ypos:0.000000,xspeed:-1.720000,yspeed:-0.610000,angle:-18.000000,distense:35.600000,rcs:16.000000
timestame:1619469869.806000000,objid:14,type:0,xpos:0.000000,ypos:0.000000,xspeed:-1.330000,yspeed:3.890000,angle:-0.600000,distense:42.000000,rcs:22.000000
timestame:1619469869.806000000,objid:16,type:0,xpos:0.000000,ypos:0.000000,xspeed:-1.070000,yspeed:-1.280000,angle:-18.000000,distense:38.600000,rcs:26.000000
