timestame:1619470490.407000000,objid:2,type:0,xpos:0.000000,ypos:0.000000,xspeed:-2.040000,yspeed:0.000000,angle:-11.300000,distense:58.200000,rcs:13.000000
timestame:1619470490.407000000,objid:5,type:0,xpos:0.000000,ypos:0.000000,xspeed:-2.030000,yspeed:-1.030000,angle:-18.000000,distense:30.200000,rcs:6.000000
timestame:1619470490.407000000,objid:8,type:0,xpos:0.000000,ypos:0.000000,xspeed:1.640000,yspeed:10.750000,angle:-14.360000,distense:48.800000,rcs:12.000000
