timestame:1619470474.103000000,objid:1,type:0,xpos:0.000000,ypos:0.000000,xspeed:-12.170000,yspeed:-0.730000,angle:-4.740000,distense:145.800000,rcs:13.000000
timestame:1619470474.103000000,objid:2,type:0,xpos:0.000000,ypos:0.000000,xspeed:1.330000,yspeed:-0.970000,angle:14.190000,distense:71.200000,rcs:6.000000
