timestame:1619471229.502000000,objid:0,type:0,xpos:0.000000,ypos:0.000000,xspeed:6.070000,yspeed:0.440000,angle:2.420000,distense:91.200000,rcs:12.000000
timestame:1619471229.502000000,objid:1,type:0,xpos:0.000000,ypos:0.000000,xspeed:3.740000,yspeed:-4.630000,angle:-18.000000,distense:60.800000,rcs:6.000000
timestame:1619471229.502000000,objid:9,type:0,xpos:0.000000,ypos:0.000000,xspeed:6.430000,yspeed:0.110000,angle:2.040000,distense:82.800000,rcs:38.000000
