timestame:1619469573.846000000,objid:3,type:0,xpos:0.000000,ypos:0.000000,xspeed:-8.030000,yspeed:0.000000,angle:-6.250000,distense:136.200000,rcs:12.000000
timestame:1619469573.846000000,objid:4,type:0,xpos:0.000000,ypos:0.000000,xspeed:-7.240000,yspeed:5.150000,angle:-3.610000,distense:143.200000,rcs:9.000000
timestame:1619469573.846000000,objid:5,type:0,xpos:0.000000,ypos:0.000000,xspeed:-7.620000,yspeed:0.280000,angle:-6.280000,distense:132.800000,rcs:13.000000
timestame:1619469573.846000000,objid:8,type:0,xpos:0.000000,ypos:0.000000,xspeed:-2.940000,yspeed:-1.380000,angle:-18.000000,distense:33.400000,rcs:6.000000
