timestame:1619470190.358000000,objid:1,type:0,xpos:0.000000,ypos:0.000000,xspeed:1.430000,yspeed:-1.020000,angle:4.590000,distense:133.000000,rcs:16.000000
timestame:1619470190.358000000,objid:2,type:0,xpos:0.000000,ypos:0.000000,xspeed:-5.860000,yspeed:3.500000,angle:-1.400000,distense:48.800000,rcs:36.000000
timestame:1619470190.358000000,objid:7,type:0,xpos:0.000000,ypos:0.000000,xspeed:3.510000,yspeed:0.480000,angle:6.120000,distense:139.000000,rcs:12.000000
