timestame:1619471092.615000000,objid:1,type:0,xpos:0.000000,ypos:0.000000,xspeed:12.140000,yspeed:-0.180000,angle:3.440000,distense:78.600000,rcs:12.000000
timestame:1619471092.615000000,objid:2,type:0,xpos:0.000000,ypos:0.000000,xspeed:6.880000,yspeed:0.280000,angle:2.300000,distense:60.400000,rcs:48.000000
timestame:1619471092.615000000,objid:5,type:0,xpos:0.000000,ypos:0.000000,xspeed:12.680000,yspeed:-0.070000,angle:1.380000,distense:129.400000,rcs:12.000000
