timestame:1619469557.125000000,objid:4,type:0,xpos:0.000000,ypos:0.000000,xspeed:-1.580000,yspeed:6.650000,angle:6.830000,distense:41.000000,rcs:27.000000
timestame:1619469557.125000000,objid:5,type:0,xpos:0.000000,ypos:0.000000,xspeed:-2.120000,yspeed:7.080000,angle:11.690000,distense:40.400000,rcs:32.000000
timestame:1619469557.125000000,objid:10,type:0,xpos:0.000000,ypos:0.000000,xspeed:1.080000,yspeed:-5.410000,angle:-0.160000,distense:50.400000,rcs:16.000000
