timestame:1619471366.569000000,objid:1,type:0,xpos:0.000000,ypos:0.000000,xspeed:7.520000,yspeed:-0.290000,angle:3.100000,distense:112.800000,rcs:22.000000
timestame:1619471366.569000000,objid:2,type:0,xpos:0.000000,ypos:0.000000,xspeed:7.910000,yspeed:-0.080000,angle:3.200000,distense:118.400000,rcs:13.000000
timestame:1619471366.569000000,objid:7,type:0,xpos:0.000000,ypos:0.000000,xspeed:11.730000,yspeed:0.330000,angle:1.700000,distense:148.400000,rcs:15.000000
