timestame:1619469869.559000000,objid:0,type:0,xpos:0.000000,ypos:0.000000,xspeed:4.970000,yspeed:2.560000,angle:-6.800000,distense:53.200000,rcs:6.000000
timestame:1619469869.559000000,objid:8,type:0,xpos:0.000000,ypos:0.000000,xspeed:-3.170000,yspeed:-1.000000,angle:-18.000000,distense:32.800000,rcs:12.000000
timestame:1619469869.559000000,objid:13,type:0,xpos:0.000000,ypos:0.000000,xspeed:-1.570000,yspeed:-0.530000,angle:-18.000000,distense:36.200000,rcs:19.000000
timestame:1619469869.559000000,objid:14,type:0,xpos:0.000000,ypos:0.000000,xspeed:-1.470000,yspeed:4.130000,angle:-1.590000,distense:42.200000,rcs:22.000000
