timestame:1619470770.748000000,objid:0,type:0,xpos:0.000000,ypos:0.000000,xspeed:-10.940000,yspeed:-0.280000,angle:-5.830000,distense:146.200000,rcs:9.000000
timestame:1619470770.748000000,objid:1,type:0,xpos:0.000000,ypos:0.000000,xspeed:12.440000,yspeed:0.230000,angle:1.920000,distense:97.800000,rcs:24.000000
timestame:1619470770.748000000,objid:2,type:0,xpos:0.000000,ypos:0.000000,xspeed:-11.100000,yspeed:1.060000,angle:-6.120000,distense:143.000000,rcs:12.000000
