timestame:1619470481.266000000,objid:1,type:0,xpos:0.000000,ypos:0.000000,xspeed:-4.720000,yspeed:0.120000,angle:-6.990000,distense:93.600000,rcs:19.000000
timestame:1619470481.266000000,objid:2,type:0,xpos:0.000000,ypos:0.000000,xspeed:1.720000,yspeed:-0.430000,angle:10.930000,distense:81.200000,rcs:6.000000
timestame:1619470481.266000000,objid:6,type:0,xpos:0.000000,ypos:0.000000,xspeed:-2.780000,yspeed:1.780000,angle:-5.880000,distense:100.800000,rcs:12.000000
