timestame:1619470041.926000000,objid:1,type:0,xpos:0.000000,ypos:0.000000,xspeed:12.560000,yspeed:0.070000,angle:1.220000,distense:157.600000,rcs:6.000000
timestame:1619470041.926000000,objid:3,type:0,xpos:0.000000,ypos:0.000000,xspeed:13.500000,yspeed:0.070000,angle:1.480000,distense:131.600000,rcs:16.000000
timestame:1619470041.926000000,objid:4,type:0,xpos:0.000000,ypos:0.000000,xspeed:8.520000,yspeed:-0.490000,angle:4.360000,distense:55.200000,rcs:6.000000
timestame:1619470041.926000000,objid:5,type:0,xpos:0.000000,ypos:0.000000,xspeed:4.360000,yspeed:0.130000,angle:6.380000,distense:41.800000,rcs:34.000000
