timestame:1619471263.716000000,objid:2,type:0,xpos:0.000000,ypos:0.000000,xspeed:12.840000,yspeed:0.070000,angle:2.920000,distense:122.400000,rcs:26.000000
timestame:1619471263.716000000,objid:6,type:0,xpos:0.000000,ypos:0.000000,xspeed:12.820000,yspeed:-0.100000,angle:2.660000,distense:134.400000,rcs:12.000000
timestame:1619471263.716000000,objid:10,type:0,xpos:0.000000,ypos:0.000000,xspeed:12.750000,yspeed:0.000000,angle:3.170000,distense:110.000000,rcs:20.000000
