timestame:1619470749.085000000,objid:4,type:0,xpos:0.000000,ypos:0.000000,xspeed:-6.270000,yspeed:0.820000,angle:-18.000000,distense:33.600000,rcs:6.000000
timestame:1619470749.085000000,objid:7,type:0,xpos:0.000000,ypos:0.000000,xspeed:1.790000,yspeed:9.220000,angle:-10.600000,distense:48.200000,rcs:18.000000
