timestame:1619470104.677000000,objid:1,type:0,xpos:0.000000,ypos:0.000000,xspeed:4.960000,yspeed:0.290000,angle:-17.470000,distense:21.200000,rcs:19.000000
timestame:1619470104.677000000,objid:6,type:0,xpos:0.000000,ypos:0.000000,xspeed:-2.860000,yspeed:-0.310000,angle:15.760000,distense:25.600000,rcs:12.000000
timestame:1619470104.677000000,objid:9,type:0,xpos:0.000000,ypos:0.000000,xspeed:4.290000,yspeed:0.820000,angle:20.970000,distense:22.400000,rcs:20.000000
timestame:1619470104.677000000,objid:11,type:0,xpos:0.000000,ypos:0.000000,xspeed:1.840000,yspeed:0.730000,angle:14.510000,distense:20.600000,rcs:15.000000
