timestame:1619469926.255000000,objid:1,type:0,xpos:0.000000,ypos:0.000000,xspeed:6.710000,yspeed:0.210000,angle:1.510000,distense:169.600000,rcs:6.000000
timestame:1619469926.255000000,objid:8,type:0,xpos:0.000000,ypos:0.000000,xspeed:6.700000,yspeed:0.110000,angle:1.310000,distense:162.600000,rcs:26.000000
