timestame:1619471265.074000000,objid:0,type:0,xpos:0.000000,ypos:0.000000,xspeed:12.170000,yspeed:4.830000,angle:3.480000,distense:164.000000,rcs:12.000000
timestame:1619471265.074000000,objid:2,type:0,xpos:0.000000,ypos:0.000000,xspeed:13.040000,yspeed:0.120000,angle:2.640000,distense:139.800000,rcs:15.000000
timestame:1619471265.074000000,objid:6,type:0,xpos:0.000000,ypos:0.000000,xspeed:13.000000,yspeed:-0.080000,angle:2.340000,distense:151.800000,rcs:9.000000
timestame:1619471265.074000000,objid:10,type:0,xpos:0.000000,ypos:0.000000,xspeed:12.900000,yspeed:-0.100000,angle:2.610000,distense:127.200000,rcs:24.000000
