timestame:1619469532.285000000,objid:1,type:0,xpos:0.000000,ypos:0.000000,xspeed:1.690000,yspeed:-5.050000,angle:-18.000000,distense:80.200000,rcs:6.000000
timestame:1619469532.285000000,objid:4,type:0,xpos:0.000000,ypos:0.000000,xspeed:16.190000,yspeed:1.390000,angle:2.880000,distense:34.600000,rcs:38.000000
timestame:1619469532.285000000,objid:7,type:0,xpos:0.000000,ypos:0.000000,xspeed:17.290000,yspeed:0.390000,angle:1.510000,distense:43.000000,rcs:32.000000
