timestame:1619469910.628000000,objid:1,type:0,xpos:0.000000,ypos:0.000000,xspeed:4.140000,yspeed:-0.050000,angle:1.900000,distense:78.200000,rcs:23.000000
timestame:1619469910.628000000,objid:2,type:0,xpos:0.000000,ypos:0.000000,xspeed:10.180000,yspeed:0.080000,angle:2.960000,distense:137.600000,rcs:18.000000
timestame:1619469910.628000000,objid:8,type:0,xpos:0.000000,ypos:0.000000,xspeed:4.090000,yspeed:0.190000,angle:2.460000,distense:71.400000,rcs:34.000000
