timestame:1619470593.367000000,objid:0,type:0,xpos:0.000000,ypos:0.000000,xspeed:-14.610000,yspeed:-0.660000,angle:-18.000000,distense:29.400000,rcs:6.000000
timestame:1619470593.367000000,objid:5,type:0,xpos:0.000000,ypos:0.000000,xspeed:8.520000,yspeed:2.740000,angle:-16.000000,distense:26.200000,rcs:25.000000
timestame:1619470593.367000000,objid:6,type:0,xpos:0.000000,ypos:0.000000,xspeed:7.020000,yspeed:2.330000,angle:20.050000,distense:26.200000,rcs:25.000000
