timestame:1619469873.029000000,objid:0,type:0,xpos:0.000000,ypos:0.000000,xspeed:-3.060000,yspeed:-0.540000,angle:-18.000000,distense:27.200000,rcs:9.000000
timestame:1619469873.029000000,objid:8,type:0,xpos:0.000000,ypos:0.000000,xspeed:-3.430000,yspeed:-0.590000,angle:-18.000000,distense:25.000000,rcs:6.000000
timestame:1619469873.029000000,objid:13,type:0,xpos:0.000000,ypos:0.000000,xspeed:-2.180000,yspeed:-0.590000,angle:-18.000000,distense:30.400000,rcs:9.000000
