timestame:1619471500.216000000,objid:0,type:0,xpos:0.000000,ypos:0.000000,xspeed:7.950000,yspeed:0.150000,angle:1.790000,distense:99.400000,rcs:26.000000
timestame:1619471500.216000000,objid:3,type:0,xpos:0.000000,ypos:0.000000,xspeed:8.120000,yspeed:0.000000,angle:3.100000,distense:129.200000,rcs:20.000000
timestame:1619471500.216000000,objid:4,type:0,xpos:0.000000,ypos:0.000000,xspeed:-10.490000,yspeed:0.000000,angle:1.580000,distense:106.000000,rcs:9.000000
timestame:1619471500.216000000,objid:10,type:0,xpos:0.000000,ypos:0.000000,xspeed:7.370000,yspeed:0.230000,angle:5.090000,distense:87.600000,rcs:25.000000
