timestame:1619470122.367000000,objid:1,type:0,xpos:0.000000,ypos:0.000000,xspeed:8.610000,yspeed:1.960000,angle:18.160000,distense:34.000000,rcs:22.000000
timestame:1619470122.367000000,objid:4,type:0,xpos:0.000000,ypos:0.000000,xspeed:3.240000,yspeed:0.710000,angle:-15.640000,distense:21.000000,rcs:31.000000
timestame:1619470122.367000000,objid:6,type:0,xpos:0.000000,ypos:0.000000,xspeed:5.500000,yspeed:1.430000,angle:20.830000,distense:26.000000,rcs:32.000000
timestame:1619470122.367000000,objid:8,type:0,xpos:0.000000,ypos:0.000000,xspeed:4.000000,yspeed:1.480000,angle:-16.930000,distense:27.800000,rcs:37.000000
