timestame:1619470728.974000000,objid:0,type:0,xpos:0.000000,ypos:0.000000,xspeed:-12.440000,yspeed:-0.390000,angle:-11.150000,distense:65.600000,rcs:26.000000
timestame:1619470728.974000000,objid:1,type:0,xpos:0.000000,ypos:0.000000,xspeed:12.260000,yspeed:1.460000,angle:5.360000,distense:13.400000,rcs:33.000000
