timestame:1619470977.475000000,objid:0,type:0,xpos:0.000000,ypos:0.000000,xspeed:6.910000,yspeed:-0.270000,angle:2.630000,distense:130.800000,rcs:18.000000
timestame:1619470977.475000000,objid:2,type:0,xpos:0.000000,ypos:0.000000,xspeed:-18.360000,yspeed:-1.750000,angle:-3.280000,distense:181.000000,rcs:9.000000
timestame:1619470977.475000000,objid:3,type:0,xpos:0.000000,ypos:0.000000,xspeed:7.120000,yspeed:0.170000,angle:2.360000,distense:141.000000,rcs:6.000000
timestame:1619470977.475000000,objid:5,type:0,xpos:0.000000,ypos:0.000000,xspeed:-19.090000,yspeed:0.110000,angle:-9.060000,distense:96.000000,rcs:16.000000
