timestame:1619470913.798000000,objid:0,type:0,xpos:0.000000,ypos:0.000000,xspeed:5.270000,yspeed:3.030000,angle:-16.870000,distense:34.000000,rcs:23.000000
timestame:1619470913.798000000,objid:7,type:0,xpos:0.000000,ypos:0.000000,xspeed:4.640000,yspeed:2.860000,angle:-16.360000,distense:46.200000,rcs:9.000000
timestame:1619470913.798000000,objid:10,type:0,xpos:0.000000,ypos:0.000000,xspeed:5.430000,yspeed:2.790000,angle:-17.740000,distense:40.000000,rcs:12.000000
