timestame:1619471451.491000000,objid:3,type:0,xpos:0.000000,ypos:0.000000,xspeed:-2.170000,yspeed:-0.090000,angle:-6.380000,distense:102.200000,rcs:13.000000
timestame:1619471451.491000000,objid:11,type:0,xpos:0.000000,ypos:0.000000,xspeed:-1.760000,yspeed:0.480000,angle:-7.330000,distense:93.800000,rcs:13.000000
timestame:1619471451.491000000,objid:13,type:0,xpos:0.000000,ypos:0.000000,xspeed:-3.840000,yspeed:-0.130000,angle:21.420000,distense:36.400000,rcs:15.000000
