timestame:1619470510.737000000,objid:6,type:0,xpos:0.000000,ypos:0.000000,xspeed:-2.150000,yspeed:8.740000,angle:-17.200000,distense:39.400000,rcs:6.000000
timestame:1619470510.737000000,objid:8,type:0,xpos:0.000000,ypos:0.000000,xspeed:-4.810000,yspeed:-2.600000,angle:6.820000,distense:73.000000,rcs:12.000000
timestame:1619470510.737000000,objid:10,type:0,xpos:0.000000,ypos:0.000000,xspeed:3.590000,yspeed:0.280000,angle:0.920000,distense:13.400000,rcs:12.000000
