timestame:1619471057.089000000,objid:10,type:0,xpos:0.000000,ypos:0.000000,xspeed:-2.060000,yspeed:-1.750000,angle:-18.000000,distense:32.200000,rcs:12.000000
timestame:1619471057.089000000,objid:13,type:0,xpos:0.000000,ypos:0.000000,xspeed:1.200000,yspeed:-7.890000,angle:-11.910000,distense:63.600000,rcs:12.000000
timestame:1619471057.089000000,objid:14,type:0,xpos:0.000000,ypos:0.000000,xspeed:-1.900000,yspeed:-2.870000,angle:-18.000000,distense:35.000000,rcs:16.000000
