timestame:1619470049.052000000,objid:0,type:0,xpos:0.000000,ypos:0.000000,xspeed:6.740000,yspeed:0.050000,angle:3.910000,distense:98.400000,rcs:15.000000
timestame:1619470049.052000000,objid:5,type:0,xpos:0.000000,ypos:0.000000,xspeed:6.860000,yspeed:0.170000,angle:4.350000,distense:89.000000,rcs:27.000000
