timestame:1619470702.874000000,objid:0,type:0,xpos:0.000000,ypos:0.000000,xspeed:4.110000,yspeed:2.530000,angle:21.890000,distense:31.600000,rcs:13.000000
timestame:1619470702.874000000,objid:1,type:0,xpos:0.000000,ypos:0.000000,xspeed:10.360000,yspeed:-0.110000,angle:2.930000,distense:126.800000,rcs:12.000000
timestame:1619470702.874000000,objid:2,type:0,xpos:0.000000,ypos:0.000000,xspeed:-8.680000,yspeed:-0.160000,angle:-14.130000,distense:81.000000,rcs:12.000000
