timestame:1619470030.092000000,objid:1,type:0,xpos:0.000000,ypos:0.000000,xspeed:5.160000,yspeed:0.480000,angle:2.500000,distense:33.200000,rcs:40.000000
timestame:1619470030.092000000,objid:2,type:0,xpos:0.000000,ypos:0.000000,xspeed:7.030000,yspeed:0.310000,angle:2.400000,distense:53.200000,rcs:31.000000
timestame:1619470030.092000000,objid:4,type:0,xpos:0.000000,ypos:0.000000,xspeed:1.070000,yspeed:-1.280000,angle:2.230000,distense:54.800000,rcs:27.000000
timestame:1619470030.092000000,objid:5,type:0,xpos:0.000000,ypos:0.000000,xspeed:4.860000,yspeed:-1.360000,angle:-18.000000,distense:56.400000,rcs:9.000000
