timestame:1619470476.782000000,objid:1,type:0,xpos:0.000000,ypos:0.000000,xspeed:-11.310000,yspeed:-0.300000,angle:-5.960000,distense:116.200000,rcs:19.000000
timestame:1619470476.782000000,objid:2,type:0,xpos:0.000000,ypos:0.000000,xspeed:1.100000,yspeed:-0.160000,angle:13.730000,distense:73.800000,rcs:6.000000
