timestame:1619470990.482000000,objid:3,type:0,xpos:0.000000,ypos:0.000000,xspeed:5.230000,yspeed:-0.170000,angle:7.120000,distense:104.200000,rcs:9.000000
timestame:1619470990.482000000,objid:4,type:0,xpos:0.000000,ypos:0.000000,xspeed:-13.520000,yspeed:-0.500000,angle:-16.320000,distense:49.800000,rcs:24.000000
