timestame:1619471292.739000000,objid:0,type:0,xpos:0.000000,ypos:0.000000,xspeed:2.100000,yspeed:0.790000,angle:22.290000,distense:33.000000,rcs:38.000000
timestame:1619471292.739000000,objid:1,type:0,xpos:0.000000,ypos:0.000000,xspeed:-3.190000,yspeed:13.170000,angle:-18.000000,distense:50.800000,rcs:18.000000
timestame:1619471292.739000000,objid:2,type:0,xpos:0.000000,ypos:0.000000,xspeed:6.310000,yspeed:1.680000,angle:18.540000,distense:38.600000,rcs:9.000000
timestame:1619471292.739000000,objid:5,type:0,xpos:0.000000,ypos:0.000000,xspeed:5.420000,yspeed:-1.100000,angle:18.830000,distense:29.600000,rcs:9.000000
