timestame:1619471363.085000000,objid:2,type:0,xpos:0.000000,ypos:0.000000,xspeed:6.360000,yspeed:-0.110000,angle:4.520000,distense:90.600000,rcs:20.000000
timestame:1619471363.085000000,objid:4,type:0,xpos:0.000000,ypos:0.000000,xspeed:6.270000,yspeed:0.160000,angle:5.350000,distense:84.400000,rcs:25.000000
timestame:1619471363.085000000,objid:7,type:0,xpos:0.000000,ypos:0.000000,xspeed:10.010000,yspeed:0.070000,angle:1.550000,distense:106.800000,rcs:28.000000
