timestame:1619470773.861000000,objid:0,type:0,xpos:0.000000,ypos:0.000000,xspeed:-9.450000,yspeed:-0.160000,angle:-7.270000,distense:117.800000,rcs:18.000000
timestame:1619470773.861000000,objid:2,type:0,xpos:0.000000,ypos:0.000000,xspeed:17.890000,yspeed:0.570000,angle:1.480000,distense:150.400000,rcs:6.000000
