timestame:1619470057.367000000,objid:0,type:0,xpos:0.000000,ypos:0.000000,xspeed:-11.970000,yspeed:1.080000,angle:-3.970000,distense:112.800000,rcs:15.000000
timestame:1619470057.367000000,objid:5,type:0,xpos:0.000000,ypos:0.000000,xspeed:9.360000,yspeed:0.210000,angle:2.710000,distense:160.400000,rcs:24.000000
