timestame:1619469649.212000000,objid:2,type:0,xpos:0.000000,ypos:0.000000,xspeed:13.020000,yspeed:0.120000,angle:3.600000,distense:120.200000,rcs:19.000000
timestame:1619469649.212000000,objid:3,type:0,xpos:0.000000,ypos:0.000000,xspeed:26.020000,yspeed:1.280000,angle:1.880000,distense:62.800000,rcs:33.000000
timestame:1619469649.212000000,objid:13,type:0,xpos:0.000000,ypos:0.000000,xspeed:15.470000,yspeed:0.620000,angle:2.350000,distense:185.600000,rcs:30.000000
timestame:1619469649.212000000,objid:14,type:0,xpos:0.000000,ypos:0.000000,xspeed:13.170000,yspeed:0.270000,angle:3.750000,distense:117.800000,rcs:22.000000
