timestame:1619470167.857000000,objid:0,type:0,xpos:0.000000,ypos:0.000000,xspeed:6.000000,yspeed:0.070000,angle:1.840000,distense:42.400000,rcs:26.000000
timestame:1619470167.857000000,objid:3,type:0,xpos:0.000000,ypos:0.000000,xspeed:7.690000,yspeed:0.370000,angle:5.850000,distense:74.400000,rcs:29.000000
