timestame:1619471041.112000000,objid:2,type:0,xpos:0.000000,ypos:0.000000,xspeed:-2.280000,yspeed:-1.220000,angle:-18.000000,distense:35.600000,rcs:15.000000
timestame:1619471041.112000000,objid:6,type:0,xpos:0.000000,ypos:0.000000,xspeed:-3.880000,yspeed:-5.310000,angle:-18.000000,distense:38.200000,rcs:20.000000
timestame:1619471041.112000000,objid:10,type:0,xpos:0.000000,ypos:0.000000,xspeed:-3.540000,yspeed:-10.950000,angle:-18.000000,distense:39.600000,rcs:21.000000
