timestame:1619471236.465000000,objid:0,type:0,xpos:0.000000,ypos:0.000000,xspeed:8.170000,yspeed:0.020000,angle:1.300000,distense:146.000000,rcs:6.000000
timestame:1619471236.465000000,objid:9,type:0,xpos:0.000000,ypos:0.000000,xspeed:8.090000,yspeed:0.030000,angle:1.360000,distense:136.000000,rcs:23.000000
