timestame:1619470639.647000000,objid:2,type:0,xpos:0.000000,ypos:0.000000,xspeed:-5.270000,yspeed:-1.680000,angle:-4.460000,distense:191.200000,rcs:18.000000
timestame:1619470639.647000000,objid:6,type:0,xpos:0.000000,ypos:0.000000,xspeed:-8.450000,yspeed:0.000000,angle:-18.000000,distense:49.600000,rcs:16.000000
timestame:1619470639.647000000,objid:7,type:0,xpos:0.000000,ypos:0.000000,xspeed:1.790000,yspeed:-11.040000,angle:-18.000000,distense:63.800000,rcs:9.000000
