timestame:1619470078.794000000,objid:2,type:0,xpos:0.000000,ypos:0.000000,xspeed:1.360000,yspeed:-0.470000,angle:-0.360000,distense:18.600000,rcs:13.000000
timestame:1619470078.794000000,objid:4,type:0,xpos:0.000000,ypos:0.000000,xspeed:-6.470000,yspeed:6.660000,angle:-5.800000,distense:49.800000,rcs:15.000000
