timestame:1619470012.025000000,objid:0,type:0,xpos:0.000000,ypos:0.000000,xspeed:-1.980000,yspeed:-1.710000,angle:-18.000000,distense:34.600000,rcs:19.000000
timestame:1619470012.025000000,objid:2,type:0,xpos:0.000000,ypos:0.000000,xspeed:-9.460000,yspeed:3.890000,angle:-8.450000,distense:41.400000,rcs:9.000000
timestame:1619470012.025000000,objid:10,type:0,xpos:0.000000,ypos:0.000000,xspeed:-2.630000,yspeed:0.000000,angle:-8.470000,distense:48.200000,rcs:12.000000
