timestame:1619471434.164000000,objid:2,type:0,xpos:0.000000,ypos:0.000000,xspeed:2.020000,yspeed:-3.460000,angle:-0.370000,distense:45.800000,rcs:6.000000
timestame:1619471434.164000000,objid:5,type:0,xpos:0.000000,ypos:0.000000,xspeed:-1.280000,yspeed:-5.990000,angle:-10.340000,distense:39.000000,rcs:29.000000
timestame:1619471434.164000000,objid:8,type:0,xpos:0.000000,ypos:0.000000,xspeed:1.030000,yspeed:-2.880000,angle:-14.100000,distense:59.400000,rcs:6.000000
timestame:1619471434.164000000,objid:16,type:0,xpos:0.000000,ypos:0.000000,xspeed:-1.860000,yspeed:0.270000,angle:-7.210000,distense:87.800000,rcs:21.000000
