timestame:1619470287.947000000,objid:2,type:0,xpos:0.000000,ypos:0.000000,xspeed:-12.410000,yspeed:-0.170000,angle:-9.310000,distense:93.800000,rcs:19.000000
timestame:1619470287.947000000,objid:5,type:0,xpos:0.000000,ypos:0.000000,xspeed:-5.610000,yspeed:-0.510000,angle:-18.000000,distense:37.600000,rcs:23.000000
timestame:1619470287.947000000,objid:7,type:0,xpos:0.000000,ypos:0.000000,xspeed:-5.370000,yspeed:-0.340000,angle:-18.000000,distense:33.200000,rcs:23.000000
timestame:1619470287.947000000,objid:11,type:0,xpos:0.000000,ypos:0.000000,xspeed:-5.500000,yspeed:-0.390000,angle:-18.000000,distense:27.400000,rcs:9.000000
