timestame:1619470766.974000000,objid:0,type:0,xpos:0.000000,ypos:0.000000,xspeed:-12.030000,yspeed:-4.010000,angle:-4.420000,distense:188.200000,rcs:20.000000
timestame:1619470766.974000000,objid:9,type:0,xpos:0.000000,ypos:0.000000,xspeed:7.060000,yspeed:0.260000,angle:2.500000,distense:51.800000,rcs:27.000000
