timestame:1619470289.873000000,objid:2,type:0,xpos:0.000000,ypos:0.000000,xspeed:-12.070000,yspeed:-0.330000,angle:-12.750000,distense:71.600000,rcs:27.000000
timestame:1619470289.873000000,objid:5,type:0,xpos:0.000000,ypos:0.000000,xspeed:-6.110000,yspeed:-0.410000,angle:-18.000000,distense:27.200000,rcs:16.000000
timestame:1619470289.873000000,objid:7,type:0,xpos:0.000000,ypos:0.000000,xspeed:-6.320000,yspeed:-0.750000,angle:-18.000000,distense:23.600000,rcs:6.000000
