timestame:1619470988.676000000,objid:2,type:0,xpos:0.000000,ypos:0.000000,xspeed:-13.760000,yspeed:-0.990000,angle:-18.000000,distense:22.400000,rcs:9.000000
timestame:1619470988.676000000,objid:3,type:0,xpos:0.000000,ypos:0.000000,xspeed:5.120000,yspeed:-0.020000,angle:8.120000,distense:94.800000,rcs:6.000000
timestame:1619470988.676000000,objid:4,type:0,xpos:0.000000,ypos:0.000000,xspeed:-13.480000,yspeed:-0.500000,angle:-10.280000,distense:73.400000,rcs:13.000000
timestame:1619470988.676000000,objid:7,type:0,xpos:0.000000,ypos:0.000000,xspeed:-15.140000,yspeed:-1.050000,angle:-18.000000,distense:22.400000,rcs:13.000000
