timestame:1619469685.575000000,objid:2,type:0,xpos:0.000000,ypos:0.000000,xspeed:-1.600000,yspeed:5.450000,angle:-18.000000,distense:47.400000,rcs:12.000000
timestame:1619469685.575000000,objid:4,type:0,xpos:0.000000,ypos:0.000000,xspeed:-1.990000,yspeed:8.120000,angle:-12.860000,distense:48.000000,rcs:16.000000
timestame:1619469685.575000000,objid:5,type:0,xpos:0.000000,ypos:0.000000,xspeed:1.300000,yspeed:-4.670000,angle:13.090000,distense:48.800000,rcs:29.000000
timestame:1619469685.575000000,objid:6,type:0,xpos:0.000000,ypos:0.000000,xspeed:-2.370000,yspeed:-1.360000,angle:-17.280000,distense:46.400000,rcs:15.000000
