timestame:1619469923.588000000,objid:1,type:0,xpos:0.000000,ypos:0.000000,xspeed:6.020000,yspeed:0.120000,angle:1.420000,distense:151.200000,rcs:6.000000
timestame:1619469923.588000000,objid:8,type:0,xpos:0.000000,ypos:0.000000,xspeed:6.040000,yspeed:0.040000,angle:1.350000,distense:144.200000,rcs:20.000000
