timestame:1619470083.581000000,objid:4,type:0,xpos:0.000000,ypos:0.000000,xspeed:1.950000,yspeed:-8.760000,angle:-16.910000,distense:56.400000,rcs:15.000000
timestame:1619470083.581000000,objid:5,type:0,xpos:0.000000,ypos:0.000000,xspeed:2.400000,yspeed:-8.660000,angle:-14.210000,distense:56.000000,rcs:18.000000
