timestame:1619471164.665000000,objid:0,type:0,xpos:0.000000,ypos:0.000000,xspeed:-10.480000,yspeed:2.540000,angle:-3.120000,distense:160.800000,rcs:12.000000
timestame:1619471164.665000000,objid:2,type:0,xpos:0.000000,ypos:0.000000,xspeed:-10.490000,yspeed:0.000000,angle:-4.260000,distense:163.800000,rcs:13.000000
timestame:1619471164.665000000,objid:3,type:0,xpos:0.000000,ypos:0.000000,xspeed:2.980000,yspeed:5.030000,angle:-7.300000,distense:45.000000,rcs:6.000000
timestame:1619471164.665000000,objid:8,type:0,xpos:0.000000,ypos:0.000000,xspeed:2.930000,yspeed:4.560000,angle:-6.240000,distense:47.200000,rcs:6.000000
