timestame:1619470737.913000000,objid:0,type:0,xpos:0.000000,ypos:0.000000,xspeed:-16.300000,yspeed:-3.310000,angle:-4.830000,distense:149.600000,rcs:6.000000
timestame:1619470737.913000000,objid:1,type:0,xpos:0.000000,ypos:0.000000,xspeed:11.910000,yspeed:-0.080000,angle:1.200000,distense:121.000000,rcs:12.000000
timestame:1619470737.913000000,objid:6,type:0,xpos:0.000000,ypos:0.000000,xspeed:12.110000,yspeed:0.080000,angle:1.460000,distense:110.600000,rcs:34.000000
