timestame:1619469540.357000000,objid:4,type:0,xpos:0.000000,ypos:0.000000,xspeed:17.720000,yspeed:0.080000,angle:1.260000,distense:172.400000,rcs:19.000000
timestame:1619469540.357000000,objid:7,type:0,xpos:0.000000,ypos:0.000000,xspeed:17.580000,yspeed:0.090000,angle:1.040000,distense:179.400000,rcs:6.000000
