timestame:1619470775.418000000,objid:0,type:0,xpos:0.000000,ypos:0.000000,xspeed:26.420000,yspeed:3.480000,angle:0.850000,distense:180.800000,rcs:13.000000
timestame:1619470775.418000000,objid:1,type:0,xpos:0.000000,ypos:0.000000,xspeed:-7.300000,yspeed:-1.300000,angle:-8.030000,distense:109.800000,rcs:24.000000
