timestame:1619471064.418000000,objid:0,type:0,xpos:0.000000,ypos:0.000000,xspeed:-6.740000,yspeed:0.580000,angle:-4.790000,distense:114.600000,rcs:16.000000
timestame:1619471064.418000000,objid:2,type:0,xpos:0.000000,ypos:0.000000,xspeed:5.670000,yspeed:-20.480000,angle:-14.480000,distense:60.000000,rcs:13.000000
timestame:1619471064.418000000,objid:3,type:0,xpos:0.000000,ypos:0.000000,xspeed:-7.500000,yspeed:-1.660000,angle:-4.190000,distense:163.400000,rcs:12.000000
timestame:1619471064.418000000,objid:9,type:0,xpos:0.000000,ypos:0.000000,xspeed:-1.660000,yspeed:-0.060000,angle:-10.080000,distense:73.200000,rcs:13.000000
