timestame:1619470977.228000000,objid:0,type:0,xpos:0.000000,ypos:0.000000,xspeed:6.910000,yspeed:-0.200000,angle:2.770000,distense:129.200000,rcs:24.000000
timestame:1619470977.228000000,objid:2,type:0,xpos:0.000000,ypos:0.000000,xspeed:-17.960000,yspeed:0.370000,angle:-2.710000,distense:185.600000,rcs:9.000000
timestame:1619470977.228000000,objid:3,type:0,xpos:0.000000,ypos:0.000000,xspeed:7.050000,yspeed:0.120000,angle:2.340000,distense:139.000000,rcs:6.000000
timestame:1619470977.228000000,objid:5,type:0,xpos:0.000000,ypos:0.000000,xspeed:-19.170000,yspeed:0.100000,angle:-8.680000,distense:100.400000,rcs:20.000000
