timestame:1619471402.839000000,objid:6,type:0,xpos:0.000000,ypos:0.000000,xspeed:8.180000,yspeed:3.660000,angle:-10.000000,distense:54.800000,rcs:6.000000
timestame:1619471402.839000000,objid:8,type:0,xpos:0.000000,ypos:0.000000,xspeed:3.280000,yspeed:-6.320000,angle:22.380000,distense:106.200000,rcs:13.000000
timestame:1619471402.839000000,objid:9,type:0,xpos:0.000000,ypos:0.000000,xspeed:-1.460000,yspeed:0.000000,angle:-5.920000,distense:41.200000,rcs:12.000000
timestame:1619471402.839000000,objid:11,type:0,xpos:0.000000,ypos:0.000000,xspeed:5.800000,yspeed:2.040000,angle:-7.910000,distense:49.400000,rcs:20.000000
