timestame:1619470510.178000000,objid:2,type:0,xpos:0.000000,ypos:0.000000,xspeed:-2.030000,yspeed:7.870000,angle:19.600000,distense:38.800000,rcs:18.000000
timestame:1619470510.178000000,objid:6,type:0,xpos:0.000000,ypos:0.000000,xspeed:-2.220000,yspeed:8.780000,angle:16.790000,distense:38.800000,rcs:13.000000
timestame:1619470510.178000000,objid:8,type:0,xpos:0.000000,ypos:0.000000,xspeed:-5.070000,yspeed:-1.840000,angle:8.320000,distense:75.600000,rcs:23.000000
