timestame:1619470762.893000000,objid:0,type:0,xpos:0.000000,ypos:0.000000,xspeed:-3.520000,yspeed:-3.310000,angle:-18.000000,distense:32.000000,rcs:6.000000
timestame:1619470762.893000000,objid:1,type:0,xpos:0.000000,ypos:0.000000,xspeed:-1.790000,yspeed:-2.160000,angle:-18.000000,distense:35.600000,rcs:24.000000
timestame:1619470762.893000000,objid:4,type:0,xpos:0.000000,ypos:0.000000,xspeed:-2.280000,yspeed:-2.120000,angle:-18.000000,distense:34.000000,rcs:24.000000
timestame:1619470762.893000000,objid:9,type:0,xpos:0.000000,ypos:0.000000,xspeed:5.170000,yspeed:0.490000,angle:2.410000,distense:24.800000,rcs:34.000000
