timestame:1619469577.572000000,objid:1,type:0,xpos:0.000000,ypos:0.000000,xspeed:-6.280000,yspeed:-2.810000,angle:-7.090000,distense:121.600000,rcs:13.000000
timestame:1619469577.572000000,objid:3,type:0,xpos:0.000000,ypos:0.000000,xspeed:-6.510000,yspeed:-0.280000,angle:-8.090000,distense:111.600000,rcs:20.000000
timestame:1619469577.572000000,objid:5,type:0,xpos:0.000000,ypos:0.000000,xspeed:-6.640000,yspeed:-0.220000,angle:-8.230000,distense:108.200000,rcs:15.000000
