timestame:1619470768.953000000,objid:0,type:0,xpos:0.000000,ypos:0.000000,xspeed:-11.920000,yspeed:-0.810000,angle:-5.240000,distense:165.000000,rcs:16.000000
timestame:1619470768.953000000,objid:1,type:0,xpos:0.000000,ypos:0.000000,xspeed:11.120000,yspeed:0.380000,angle:2.310000,distense:74.400000,rcs:26.000000
timestame:1619470768.953000000,objid:2,type:0,xpos:0.000000,ypos:0.000000,xspeed:-12.330000,yspeed:-1.580000,angle:-4.570000,distense:160.800000,rcs:12.000000
