timestame:1619470942.277000000,objid:1,type:0,xpos:0.000000,ypos:0.000000,xspeed:-4.970000,yspeed:1.050000,angle:-14.260000,distense:56.000000,rcs:20.000000
timestame:1619470942.277000000,objid:5,type:0,xpos:0.000000,ypos:0.000000,xspeed:-5.910000,yspeed:-0.510000,angle:-17.110000,distense:59.000000,rcs:13.000000
timestame:1619470942.277000000,objid:7,type:0,xpos:0.000000,ypos:0.000000,xspeed:-7.950000,yspeed:4.000000,angle:-18.000000,distense:55.200000,rcs:24.000000
