timestame:1619471448.944000000,objid:3,type:0,xpos:0.000000,ypos:0.000000,xspeed:-3.250000,yspeed:-0.050000,angle:-5.910000,distense:107.200000,rcs:18.000000
timestame:1619471448.944000000,objid:11,type:0,xpos:0.000000,ypos:0.000000,xspeed:-2.780000,yspeed:-0.630000,angle:-8.440000,distense:97.800000,rcs:19.000000
timestame:1619471448.944000000,objid:13,type:0,xpos:0.000000,ypos:0.000000,xspeed:-3.420000,yspeed:0.000000,angle:17.080000,distense:46.000000,rcs:9.000000
