timestame:1619470706.663000000,objid:1,type:0,xpos:0.000000,ypos:0.000000,xspeed:11.910000,yspeed:0.040000,angle:2.240000,distense:172.000000,rcs:9.000000
timestame:1619470706.663000000,objid:2,type:0,xpos:0.000000,ypos:0.000000,xspeed:5.530000,yspeed:0.000000,angle:-12.330000,distense:14.800000,rcs:13.000000
