timestame:1619471090.745000000,objid:1,type:0,xpos:0.000000,ypos:0.000000,xspeed:10.530000,yspeed:0.400000,angle:5.740000,distense:54.400000,rcs:27.000000
timestame:1619471090.745000000,objid:2,type:0,xpos:0.000000,ypos:0.000000,xspeed:6.020000,yspeed:0.210000,angle:2.110000,distense:46.600000,rcs:45.000000
timestame:1619471090.745000000,objid:4,type:0,xpos:0.000000,ypos:0.000000,xspeed:-21.890000,yspeed:-0.880000,angle:-18.000000,distense:34.800000,rcs:19.000000
timestame:1619471090.745000000,objid:5,type:0,xpos:0.000000,ypos:0.000000,xspeed:11.200000,yspeed:3.020000,angle:2.380000,distense:105.400000,rcs:16.000000
