timestame:1619470478.579000000,objid:0,type:0,xpos:0.000000,ypos:0.000000,xspeed:-7.740000,yspeed:-0.360000,angle:-6.300000,distense:105.400000,rcs:22.000000
timestame:1619470478.579000000,objid:2,type:0,xpos:0.000000,ypos:0.000000,xspeed:1.450000,yspeed:-0.370000,angle:12.510000,distense:76.600000,rcs:6.000000
