timestame:1619469701.821000000,objid:1,type:0,xpos:0.000000,ypos:0.000000,xspeed:-2.260000,yspeed:-5.680000,angle:-11.030000,distense:42.200000,rcs:39.000000
timestame:1619469701.821000000,objid:2,type:0,xpos:0.000000,ypos:0.000000,xspeed:-2.480000,yspeed:-1.150000,angle:-18.000000,distense:36.800000,rcs:13.000000
timestame:1619469701.821000000,objid:5,type:0,xpos:0.000000,ypos:0.000000,xspeed:-3.360000,yspeed:-1.170000,angle:-18.000000,distense:33.400000,rcs:6.000000
timestame:1619469701.821000000,objid:10,type:0,xpos:0.000000,ypos:0.000000,xspeed:-2.010000,yspeed:-3.240000,angle:-15.900000,distense:41.200000,rcs:21.000000
