timestame:1619470367.200000000,objid:0,type:0,xpos:0.000000,ypos:0.000000,xspeed:2.530000,yspeed:4.340000,angle:9.580000,distense:50.600000,rcs:16.000000
timestame:1619470367.200000000,objid:4,type:0,xpos:0.000000,ypos:0.000000,xspeed:-2.460000,yspeed:-3.570000,angle:-18.000000,distense:41.000000,rcs:21.000000
timestame:1619470367.200000000,objid:6,type:0,xpos:0.000000,ypos:0.000000,xspeed:-4.630000,yspeed:-8.730000,angle:-16.370000,distense:42.000000,rcs:22.000000
timestame:1619470367.200000000,objid:9,type:0,xpos:0.000000,ypos:0.000000,xspeed:2.780000,yspeed:9.690000,angle:18.330000,distense:36.000000,rcs:23.000000
