timestame:1619470217.114000000,objid:6,type:0,xpos:0.000000,ypos:0.000000,xspeed:-1.710000,yspeed:0.230000,angle:-18.000000,distense:48.400000,rcs:9.000000
timestame:1619470217.114000000,objid:8,type:0,xpos:0.000000,ypos:0.000000,xspeed:-1.070000,yspeed:10.170000,angle:12.290000,distense:40.000000,rcs:29.000000
timestame:1619470217.114000000,objid:14,type:0,xpos:0.000000,ypos:0.000000,xspeed:-3.060000,yspeed:5.530000,angle:-13.710000,distense:46.200000,rcs:21.000000
