timestame:1619470492.652000000,objid:2,type:0,xpos:0.000000,ypos:0.000000,xspeed:1.490000,yspeed:-5.800000,angle:16.300000,distense:56.600000,rcs:16.000000
timestame:1619470492.652000000,objid:3,type:0,xpos:0.000000,ypos:0.000000,xspeed:2.030000,yspeed:-5.390000,angle:10.440000,distense:44.800000,rcs:27.000000
