timestame:1619470192.267000000,objid:0,type:0,xpos:0.000000,ypos:0.000000,xspeed:-4.490000,yspeed:6.930000,angle:11.520000,distense:43.000000,rcs:29.000000
timestame:1619470192.267000000,objid:1,type:0,xpos:0.000000,ypos:0.000000,xspeed:2.190000,yspeed:1.630000,angle:5.950000,distense:137.800000,rcs:29.000000
timestame:1619470192.267000000,objid:2,type:0,xpos:0.000000,ypos:0.000000,xspeed:-5.080000,yspeed:5.220000,angle:13.670000,distense:41.200000,rcs:24.000000
