timestame:1619470748.165000000,objid:4,type:0,xpos:0.000000,ypos:0.000000,xspeed:-7.180000,yspeed:-0.110000,angle:-18.000000,distense:38.800000,rcs:20.000000
timestame:1619470748.165000000,objid:5,type:0,xpos:0.000000,ypos:0.000000,xspeed:-29.830000,yspeed:-4.090000,angle:4.690000,distense:39.400000,rcs:9.000000
