timestame:1619470920.245000000,objid:2,type:0,xpos:0.000000,ypos:0.000000,xspeed:1.030000,yspeed:-0.530000,angle:11.710000,distense:12.600000,rcs:31.000000
timestame:1619470920.245000000,objid:3,type:0,xpos:0.000000,ypos:0.000000,xspeed:-14.130000,yspeed:-0.150000,angle:-4.000000,distense:171.400000,rcs:6.000000
