timestame:1619469929.477000000,objid:1,type:0,xpos:0.000000,ypos:0.000000,xspeed:7.580000,yspeed:0.150000,angle:1.400000,distense:193.600000,rcs:13.000000
timestame:1619469929.477000000,objid:8,type:0,xpos:0.000000,ypos:0.000000,xspeed:7.540000,yspeed:-0.010000,angle:1.090000,distense:187.000000,rcs:23.000000
