timestame:1619471209.925000000,objid:0,type:0,xpos:0.000000,ypos:0.000000,xspeed:-8.440000,yspeed:-1.630000,angle:-18.000000,distense:54.000000,rcs:22.000000
timestame:1619471209.925000000,objid:2,type:0,xpos:0.000000,ypos:0.000000,xspeed:-4.010000,yspeed:-0.920000,angle:-18.000000,distense:37.000000,rcs:16.000000
timestame:1619471209.925000000,objid:5,type:0,xpos:0.000000,ypos:0.000000,xspeed:-6.090000,yspeed:-0.530000,angle:-18.000000,distense:51.400000,rcs:18.000000
timestame:1619471209.925000000,objid:11,type:0,xpos:0.000000,ypos:0.000000,xspeed:-6.330000,yspeed:-0.190000,angle:-18.000000,distense:39.000000,rcs:18.000000
