timestame:1619471259.134000000,objid:2,type:0,xpos:0.000000,ypos:0.000000,xspeed:12.220000,yspeed:0.630000,angle:5.560000,distense:63.400000,rcs:37.000000
timestame:1619471259.134000000,objid:3,type:0,xpos:0.000000,ypos:0.000000,xspeed:-14.830000,yspeed:-0.560000,angle:-18.000000,distense:43.800000,rcs:19.000000
timestame:1619471259.134000000,objid:6,type:0,xpos:0.000000,ypos:0.000000,xspeed:12.310000,yspeed:0.160000,angle:5.360000,distense:75.600000,rcs:20.000000
timestame:1619471259.134000000,objid:10,type:0,xpos:0.000000,ypos:0.000000,xspeed:12.310000,yspeed:0.590000,angle:6.060000,distense:51.600000,rcs:30.000000
