timestame:1619470078.609000000,objid:0,type:0,xpos:0.000000,ypos:0.000000,xspeed:-2.190000,yspeed:7.160000,angle:3.570000,distense:53.600000,rcs:6.000000
timestame:1619470078.609000000,objid:2,type:0,xpos:0.000000,ypos:0.000000,xspeed:2.780000,yspeed:-0.830000,angle:-0.350000,distense:19.000000,rcs:20.000000
timestame:1619470078.609000000,objid:4,type:0,xpos:0.000000,ypos:0.000000,xspeed:-6.390000,yspeed:6.940000,angle:-8.230000,distense:50.200000,rcs:13.000000
