timestame:1619471006.252000000,objid:2,type:0,xpos:0.000000,ypos:0.000000,xspeed:-7.390000,yspeed:1.270000,angle:-8.360000,distense:109.400000,rcs:20.000000
timestame:1619471006.252000000,objid:7,type:0,xpos:0.000000,ypos:0.000000,xspeed:-2.100000,yspeed:6.070000,angle:-18.000000,distense:48.200000,rcs:12.000000
timestame:1619471006.252000000,objid:9,type:0,xpos:0.000000,ypos:0.000000,xspeed:-6.200000,yspeed:-5.340000,angle:-7.830000,distense:112.200000,rcs:20.000000
