timestame:1619470735.176000000,objid:1,type:0,xpos:0.000000,ypos:0.000000,xspeed:12.080000,yspeed:-0.200000,angle:1.710000,distense:88.800000,rcs:18.000000
timestame:1619470735.176000000,objid:6,type:0,xpos:0.000000,ypos:0.000000,xspeed:12.160000,yspeed:0.290000,angle:2.100000,distense:78.200000,rcs:31.000000
