timestame:1619470568.764000000,objid:1,type:0,xpos:0.000000,ypos:0.000000,xspeed:4.230000,yspeed:2.560000,angle:-14.930000,distense:34.000000,rcs:21.000000
timestame:1619470568.764000000,objid:3,type:0,xpos:0.000000,ypos:0.000000,xspeed:15.420000,yspeed:0.130000,angle:1.070000,distense:178.600000,rcs:23.000000
timestame:1619470568.764000000,objid:8,type:0,xpos:0.000000,ypos:0.000000,xspeed:3.130000,yspeed:4.130000,angle:-7.630000,distense:47.400000,rcs:13.000000
