timestame:1619470479.075000000,objid:0,type:0,xpos:0.000000,ypos:0.000000,xspeed:-7.540000,yspeed:-0.420000,angle:-6.660000,distense:102.200000,rcs:24.000000
timestame:1619470479.075000000,objid:2,type:0,xpos:0.000000,ypos:0.000000,xspeed:1.650000,yspeed:-0.350000,angle:12.210000,distense:77.800000,rcs:6.000000
timestame:1619470479.075000000,objid:4,type:0,xpos:0.000000,ypos:0.000000,xspeed:1.060000,yspeed:-5.980000,angle:-14.210000,distense:46.400000,rcs:20.000000
