timestame:1619471236.589000000,objid:0,type:0,xpos:0.000000,ypos:0.000000,xspeed:8.170000,yspeed:-0.030000,angle:1.240000,distense:147.000000,rcs:6.000000
timestame:1619471236.589000000,objid:9,type:0,xpos:0.000000,ypos:0.000000,xspeed:8.150000,yspeed:0.020000,angle:1.340000,distense:137.000000,rcs:26.000000
