timestame:1619471259.503000000,objid:2,type:0,xpos:0.000000,ypos:0.000000,xspeed:12.250000,yspeed:0.580000,angle:5.320000,distense:67.800000,rcs:35.000000
timestame:1619471259.503000000,objid:3,type:0,xpos:0.000000,ypos:0.000000,xspeed:-14.860000,yspeed:-0.680000,angle:-18.000000,distense:39.200000,rcs:21.000000
timestame:1619471259.503000000,objid:6,type:0,xpos:0.000000,ypos:0.000000,xspeed:12.340000,yspeed:0.160000,angle:5.090000,distense:80.000000,rcs:9.000000
timestame:1619471259.503000000,objid:10,type:0,xpos:0.000000,ypos:0.000000,xspeed:12.260000,yspeed:0.600000,angle:5.810000,distense:55.800000,rcs:34.000000
