timestame:1619470510.552000000,objid:6,type:0,xpos:0.000000,ypos:0.000000,xspeed:-2.150000,yspeed:8.740000,angle:21.430000,distense:39.200000,rcs:6.000000
timestame:1619470510.552000000,objid:8,type:0,xpos:0.000000,ypos:0.000000,xspeed:-4.880000,yspeed:-2.610000,angle:7.100000,distense:73.800000,rcs:27.000000
timestame:1619470510.552000000,objid:10,type:0,xpos:0.000000,ypos:0.000000,xspeed:3.270000,yspeed:2.690000,angle:2.510000,distense:12.600000,rcs:15.000000
