timestame:1619471243.702000000,objid:0,type:0,xpos:0.000000,ypos:0.000000,xspeed:-1.070000,yspeed:2.040000,angle:-18.000000,distense:74.600000,rcs:15.000000
timestame:1619471243.702000000,objid:9,type:0,xpos:0.000000,ypos:0.000000,xspeed:10.120000,yspeed:0.270000,angle:1.330000,distense:207.600000,rcs:24.000000
