timestame:1619470967.354000000,objid:0,type:0,xpos:0.000000,ypos:0.000000,xspeed:4.640000,yspeed:0.210000,angle:5.450000,distense:67.600000,rcs:23.000000
timestame:1619470967.354000000,objid:1,type:0,xpos:0.000000,ypos:0.000000,xspeed:13.830000,yspeed:0.330000,angle:1.080000,distense:168.000000,rcs:20.000000
timestame:1619470967.354000000,objid:6,type:0,xpos:0.000000,ypos:0.000000,xspeed:11.690000,yspeed:0.320000,angle:1.870000,distense:141.800000,rcs:23.000000
timestame:1619470967.354000000,objid:7,type:0,xpos:0.000000,ypos:0.000000,xspeed:6.300000,yspeed:1.660000,angle:20.660000,distense:26.200000,rcs:25.000000
