timestame:1619470701.563000000,objid:0,type:0,xpos:0.000000,ypos:0.000000,xspeed:5.230000,yspeed:2.200000,angle:19.030000,distense:25.800000,rcs:16.000000
timestame:1619470701.563000000,objid:1,type:0,xpos:0.000000,ypos:0.000000,xspeed:9.670000,yspeed:0.100000,angle:3.600000,distense:112.200000,rcs:6.000000
timestame:1619470701.563000000,objid:2,type:0,xpos:0.000000,ypos:0.000000,xspeed:-8.890000,yspeed:0.270000,angle:-11.930000,distense:91.600000,rcs:24.000000
