timestame:1619471225.545000000,objid:1,type:0,xpos:0.000000,ypos:0.000000,xspeed:5.810000,yspeed:-1.220000,angle:-7.170000,distense:41.600000,rcs:28.000000
timestame:1619471225.545000000,objid:6,type:0,xpos:0.000000,ypos:0.000000,xspeed:5.090000,yspeed:0.210000,angle:2.460000,distense:76.600000,rcs:9.000000
timestame:1619471225.545000000,objid:9,type:0,xpos:0.000000,ypos:0.000000,xspeed:5.130000,yspeed:0.120000,angle:2.490000,distense:58.000000,rcs:37.000000
