timestame:1619469625.792000000,objid:1,type:0,xpos:0.000000,ypos:0.000000,xspeed:-4.470000,yspeed:-0.080000,angle:-18.000000,distense:46.400000,rcs:25.000000
timestame:1619469625.792000000,objid:2,type:0,xpos:0.000000,ypos:0.000000,xspeed:-4.350000,yspeed:0.110000,angle:-16.470000,distense:59.200000,rcs:21.000000
timestame:1619469625.792000000,objid:4,type:0,xpos:0.000000,ypos:0.000000,xspeed:-12.710000,yspeed:-0.540000,angle:-18.000000,distense:36.000000,rcs:18.000000
timestame:1619469625.792000000,objid:5,type:0,xpos:0.000000,ypos:0.000000,xspeed:-3.180000,yspeed:4.310000,angle:-11.020000,distense:68.000000,rcs:6.000000
