timestame:1619471446.520000000,objid:3,type:0,xpos:0.000000,ypos:0.000000,xspeed:-3.720000,yspeed:-0.350000,angle:-5.760000,distense:114.400000,rcs:15.000000
timestame:1619471446.520000000,objid:11,type:0,xpos:0.000000,ypos:0.000000,xspeed:-3.400000,yspeed:-0.340000,angle:-6.720000,distense:103.600000,rcs:20.000000
timestame:1619471446.520000000,objid:13,type:0,xpos:0.000000,ypos:0.000000,xspeed:-2.520000,yspeed:-0.080000,angle:14.130000,distense:54.400000,rcs:15.000000
