timestame:1619470459.783000000,objid:0,type:0,xpos:0.000000,ypos:0.000000,xspeed:-17.070000,yspeed:-6.790000,angle:-6.540000,distense:111.400000,rcs:16.000000
timestame:1619470459.783000000,objid:2,type:0,xpos:0.000000,ypos:0.000000,xspeed:5.760000,yspeed:-0.090000,angle:3.340000,distense:173.600000,rcs:9.000000
