timestame:1619470756.973000000,objid:2,type:0,xpos:0.000000,ypos:0.000000,xspeed:-1.980000,yspeed:-0.980000,angle:-18.000000,distense:31.600000,rcs:15.000000
timestame:1619470756.973000000,objid:3,type:0,xpos:0.000000,ypos:0.000000,xspeed:6.030000,yspeed:-7.140000,angle:-0.670000,distense:47.600000,rcs:9.000000
timestame:1619470756.973000000,objid:10,type:0,xpos:0.000000,ypos:0.000000,xspeed:-3.340000,yspeed:-0.730000,angle:-18.000000,distense:27.000000,rcs:6.000000
timestame:1619470756.973000000,objid:11,type:0,xpos:0.000000,ypos:0.000000,xspeed:-2.550000,yspeed:0.140000,angle:-18.000000,distense:25.400000,rcs:9.000000
