timestame:1619469705.697000000,objid:1,type:0,xpos:0.000000,ypos:0.000000,xspeed:-1.430000,yspeed:-3.170000,angle:-18.000000,distense:41.600000,rcs:12.000000
timestame:1619469705.697000000,objid:5,type:0,xpos:0.000000,ypos:0.000000,xspeed:-3.800000,yspeed:0.810000,angle:-13.600000,distense:56.000000,rcs:18.000000
timestame:1619469705.697000000,objid:6,type:0,xpos:0.000000,ypos:0.000000,xspeed:-1.540000,yspeed:-0.820000,angle:-18.000000,distense:37.000000,rcs:13.000000
timestame:1619469705.697000000,objid:14,type:0,xpos:0.000000,ypos:0.000000,xspeed:-2.590000,yspeed:-2.510000,angle:-18.000000,distense:38.200000,rcs:20.000000
