timestame:1619470780.632000000,objid:1,type:0,xpos:0.000000,ypos:0.000000,xspeed:-1.170000,yspeed:0.000000,angle:1.410000,distense:45.600000,rcs:31.000000
timestame:1619470780.632000000,objid:2,type:0,xpos:0.000000,ypos:0.000000,xspeed:1.340000,yspeed:-2.900000,angle:0.650000,distense:44.000000,rcs:20.000000
timestame:1619470780.632000000,objid:4,type:0,xpos:0.000000,ypos:0.000000,xspeed:-2.050000,yspeed:-0.650000,angle:-0.720000,distense:44.000000,rcs:6.000000
timestame:1619470780.632000000,objid:14,type:0,xpos:0.000000,ypos:0.000000,xspeed:-19.820000,yspeed:0.000000,angle:5.590000,distense:56.200000,rcs:12.000000
