timestame:1619469635.058000000,objid:2,type:0,xpos:0.000000,ypos:0.000000,xspeed:4.370000,yspeed:0.000000,angle:21.300000,distense:20.000000,rcs:28.000000
timestame:1619469635.058000000,objid:3,type:0,xpos:0.000000,ypos:0.000000,xspeed:-5.980000,yspeed:2.710000,angle:-2.330000,distense:49.400000,rcs:23.000000
timestame:1619469635.058000000,objid:4,type:0,xpos:0.000000,ypos:0.000000,xspeed:3.540000,yspeed:-1.100000,angle:22.090000,distense:27.400000,rcs:38.000000
