timestame:1619470704.054000000,objid:0,type:0,xpos:0.000000,ypos:0.000000,xspeed:3.890000,yspeed:2.780000,angle:-16.750000,distense:36.800000,rcs:15.000000
timestame:1619470704.054000000,objid:1,type:0,xpos:0.000000,ypos:0.000000,xspeed:10.920000,yspeed:-0.060000,angle:2.660000,distense:140.000000,rcs:12.000000
timestame:1619470704.054000000,objid:2,type:0,xpos:0.000000,ypos:0.000000,xspeed:-7.910000,yspeed:-0.720000,angle:-16.820000,distense:73.600000,rcs:9.000000
