timestame:1619470967.104000000,objid:0,type:0,xpos:0.000000,ypos:0.000000,xspeed:4.610000,yspeed:0.150000,angle:5.410000,distense:66.400000,rcs:33.000000
timestame:1619470967.104000000,objid:1,type:0,xpos:0.000000,ypos:0.000000,xspeed:13.590000,yspeed:0.140000,angle:0.940000,distense:164.200000,rcs:16.000000
timestame:1619470967.104000000,objid:6,type:0,xpos:0.000000,ypos:0.000000,xspeed:11.510000,yspeed:0.380000,angle:1.940000,distense:138.600000,rcs:9.000000
timestame:1619470967.104000000,objid:7,type:0,xpos:0.000000,ypos:0.000000,xspeed:6.470000,yspeed:1.810000,angle:21.140000,distense:25.000000,rcs:26.000000
