timestame:1619471408.567000000,objid:1,type:0,xpos:0.000000,ypos:0.000000,xspeed:-2.010000,yspeed:-4.630000,angle:-8.170000,distense:41.400000,rcs:37.000000
timestame:1619471408.567000000,objid:5,type:0,xpos:0.000000,ypos:0.000000,xspeed:-1.350000,yspeed:9.050000,angle:-7.690000,distense:44.000000,rcs:6.000000
timestame:1619471408.567000000,objid:7,type:0,xpos:0.000000,ypos:0.000000,xspeed:-1.620000,yspeed:-3.310000,angle:-11.480000,distense:40.800000,rcs:24.000000
timestame:1619471408.567000000,objid:12,type:0,xpos:0.000000,ypos:0.000000,xspeed:-10.380000,yspeed:-1.230000,angle:-3.730000,distense:200.400000,rcs:9.000000
