timestame:1619470438.418000000,objid:1,type:0,xpos:0.000000,ypos:0.000000,xspeed:13.460000,yspeed:0.560000,angle:2.410000,distense:33.600000,rcs:38.000000
timestame:1619470438.418000000,objid:2,type:0,xpos:0.000000,ypos:0.000000,xspeed:3.840000,yspeed:0.090000,angle:11.170000,distense:69.200000,rcs:22.000000
