timestame:1619471363.582000000,objid:2,type:0,xpos:0.000000,ypos:0.000000,xspeed:6.740000,yspeed:-0.180000,angle:4.200000,distense:94.400000,rcs:20.000000
timestame:1619471363.582000000,objid:4,type:0,xpos:0.000000,ypos:0.000000,xspeed:6.480000,yspeed:0.040000,angle:5.030000,distense:87.800000,rcs:24.000000
timestame:1619471363.582000000,objid:7,type:0,xpos:0.000000,ypos:0.000000,xspeed:10.350000,yspeed:0.140000,angle:1.580000,distense:112.200000,rcs:23.000000
