timestame:1619469690.624000000,objid:1,type:0,xpos:0.000000,ypos:0.000000,xspeed:-1.450000,yspeed:2.490000,angle:-18.000000,distense:53.000000,rcs:18.000000
timestame:1619469690.624000000,objid:2,type:0,xpos:0.000000,ypos:0.000000,xspeed:1.470000,yspeed:-7.810000,angle:-4.110000,distense:58.600000,rcs:20.000000
timestame:1619469690.624000000,objid:4,type:0,xpos:0.000000,ypos:0.000000,xspeed:3.060000,yspeed:-6.570000,angle:-17.390000,distense:47.200000,rcs:23.000000
timestame:1619469690.624000000,objid:13,type:0,xpos:0.000000,ypos:0.000000,xspeed:-1.760000,yspeed:6.880000,angle:4.480000,distense:35.200000,rcs:19.000000
