timestame:1619471372.614000000,objid:1,type:0,xpos:0.000000,ypos:0.000000,xspeed:9.180000,yspeed:0.110000,angle:2.350000,distense:166.000000,rcs:20.000000
timestame:1619471372.614000000,objid:7,type:0,xpos:0.000000,ypos:0.000000,xspeed:10.180000,yspeed:0.220000,angle:1.500000,distense:212.600000,rcs:18.000000
