timestame:1619471459.318000000,objid:0,type:0,xpos:0.000000,ypos:0.000000,xspeed:-9.940000,yspeed:-0.510000,angle:-5.180000,distense:133.600000,rcs:16.000000
timestame:1619471459.318000000,objid:3,type:0,xpos:0.000000,ypos:0.000000,xspeed:-8.750000,yspeed:0.000000,angle:-3.300000,distense:204.800000,rcs:13.000000
