timestame:1619470802.297000000,objid:2,type:0,xpos:0.000000,ypos:0.000000,xspeed:-6.630000,yspeed:-3.320000,angle:-18.000000,distense:23.800000,rcs:9.000000
timestame:1619470802.297000000,objid:3,type:0,xpos:0.000000,ypos:0.000000,xspeed:-1.720000,yspeed:-1.620000,angle:-18.000000,distense:38.400000,rcs:15.000000
timestame:1619470802.297000000,objid:4,type:0,xpos:0.000000,ypos:0.000000,xspeed:-1.870000,yspeed:-3.400000,angle:-18.000000,distense:41.800000,rcs:32.000000
timestame:1619470802.297000000,objid:15,type:0,xpos:0.000000,ypos:0.000000,xspeed:-1.260000,yspeed:-1.080000,angle:-18.000000,distense:36.000000,rcs:16.000000
