timestame:1619471082.736000000,objid:4,type:0,xpos:0.000000,ypos:0.000000,xspeed:3.090000,yspeed:0.050000,angle:1.040000,distense:29.600000,rcs:32.000000
timestame:1619471082.736000000,objid:6,type:0,xpos:0.000000,ypos:0.000000,xspeed:-6.970000,yspeed:-0.310000,angle:-18.000000,distense:22.600000,rcs:6.000000
timestame:1619471082.736000000,objid:10,type:0,xpos:0.000000,ypos:0.000000,xspeed:5.920000,yspeed:0.520000,angle:1.900000,distense:45.400000,rcs:6.000000
