timestame:1619470569.134000000,objid:1,type:0,xpos:0.000000,ypos:0.000000,xspeed:4.080000,yspeed:2.680000,angle:-14.210000,distense:35.600000,rcs:16.000000
timestame:1619470569.134000000,objid:3,type:0,xpos:0.000000,ypos:0.000000,xspeed:15.380000,yspeed:0.100000,angle:1.030000,distense:184.000000,rcs:30.000000
timestame:1619470569.134000000,objid:6,type:0,xpos:0.000000,ypos:0.000000,xspeed:-29.930000,yspeed:-4.600000,angle:-2.020000,distense:34.400000,rcs:9.000000
timestame:1619470569.134000000,objid:8,type:0,xpos:0.000000,ypos:0.000000,xspeed:2.890000,yspeed:4.270000,angle:-6.450000,distense:49.000000,rcs:6.000000
