timestame:1619470771.495000000,objid:0,type:0,xpos:0.000000,ypos:0.000000,xspeed:-10.650000,yspeed:-0.240000,angle:-6.150000,distense:139.000000,rcs:25.000000
timestame:1619470771.495000000,objid:1,type:0,xpos:0.000000,ypos:0.000000,xspeed:13.110000,yspeed:0.080000,angle:1.640000,distense:108.200000,rcs:13.000000
timestame:1619470771.495000000,objid:2,type:0,xpos:0.000000,ypos:0.000000,xspeed:-10.370000,yspeed:0.940000,angle:-6.180000,distense:135.800000,rcs:21.000000
