timestame:1619469741.557000000,objid:1,type:0,xpos:0.000000,ypos:0.000000,xspeed:-3.290000,yspeed:9.200000,angle:-13.270000,distense:44.800000,rcs:6.000000
timestame:1619469741.557000000,objid:2,type:0,xpos:0.000000,ypos:0.000000,xspeed:-5.540000,yspeed:0.000000,angle:-9.780000,distense:43.400000,rcs:9.000000
