timestame:1619470290.805000000,objid:2,type:0,xpos:0.000000,ypos:0.000000,xspeed:-11.910000,yspeed:-0.380000,angle:-15.250000,distense:61.600000,rcs:28.000000
timestame:1619470290.805000000,objid:5,type:0,xpos:0.000000,ypos:0.000000,xspeed:-6.280000,yspeed:-0.270000,angle:-18.000000,distense:22.600000,rcs:6.000000
