timestame:1619469630.892000000,objid:1,type:0,xpos:0.000000,ypos:0.000000,xspeed:-4.210000,yspeed:0.010000,angle:-18.000000,distense:27.000000,rcs:6.000000
timestame:1619469630.892000000,objid:2,type:0,xpos:0.000000,ypos:0.000000,xspeed:-6.250000,yspeed:-0.760000,angle:-18.000000,distense:33.600000,rcs:6.000000
timestame:1619469630.892000000,objid:6,type:0,xpos:0.000000,ypos:0.000000,xspeed:-10.340000,yspeed:-0.020000,angle:-5.980000,distense:76.800000,rcs:13.000000
timestame:1619469630.892000000,objid:7,type:0,xpos:0.000000,ypos:0.000000,xspeed:-6.300000,yspeed:-0.300000,angle:-18.000000,distense:37.600000,rcs:13.000000
