timestame:1619471434.103000000,objid:2,type:0,xpos:0.000000,ypos:0.000000,xspeed:2.020000,yspeed:-3.460000,angle:-0.120000,distense:45.600000,rcs:6.000000
timestame:1619471434.103000000,objid:5,type:0,xpos:0.000000,ypos:0.000000,xspeed:-1.460000,yspeed:-6.270000,angle:-10.170000,distense:39.000000,rcs:29.000000
timestame:1619471434.103000000,objid:8,type:0,xpos:0.000000,ypos:0.000000,xspeed:6.990000,yspeed:0.000000,angle:-13.690000,distense:60.000000,rcs:9.000000
timestame:1619471434.103000000,objid:16,type:0,xpos:0.000000,ypos:0.000000,xspeed:-1.780000,yspeed:0.330000,angle:-7.170000,distense:88.000000,rcs:22.000000
