timestame:1619469713.194000000,objid:1,type:0,xpos:0.000000,ypos:0.000000,xspeed:-4.180000,yspeed:-1.750000,angle:-18.000000,distense:28.200000,rcs:6.000000
timestame:1619469713.194000000,objid:3,type:0,xpos:0.000000,ypos:0.000000,xspeed:12.770000,yspeed:-1.300000,angle:1.560000,distense:132.800000,rcs:12.000000
timestame:1619469713.194000000,objid:6,type:0,xpos:0.000000,ypos:0.000000,xspeed:-1.530000,yspeed:6.740000,angle:3.720000,distense:37.200000,rcs:20.000000
