timestame:1619469910.690000000,objid:1,type:0,xpos:0.000000,ypos:0.000000,xspeed:4.100000,yspeed:-0.090000,angle:1.840000,distense:78.200000,rcs:16.000000
timestame:1619469910.690000000,objid:2,type:0,xpos:0.000000,ypos:0.000000,xspeed:10.210000,yspeed:0.060000,angle:2.920000,distense:138.200000,rcs:13.000000
timestame:1619469910.690000000,objid:8,type:0,xpos:0.000000,ypos:0.000000,xspeed:4.090000,yspeed:0.180000,angle:2.450000,distense:71.600000,rcs:26.000000
