timestame:1619470288.193000000,objid:2,type:0,xpos:0.000000,ypos:0.000000,xspeed:-12.400000,yspeed:-0.180000,angle:-9.650000,distense:91.000000,rcs:27.000000
timestame:1619470288.193000000,objid:5,type:0,xpos:0.000000,ypos:0.000000,xspeed:-5.700000,yspeed:-0.480000,angle:-18.000000,distense:36.200000,rcs:25.000000
timestame:1619470288.193000000,objid:7,type:0,xpos:0.000000,ypos:0.000000,xspeed:-5.470000,yspeed:-0.410000,angle:-18.000000,distense:32.000000,rcs:16.000000
timestame:1619470288.193000000,objid:11,type:0,xpos:0.000000,ypos:0.000000,xspeed:-5.570000,yspeed:-0.450000,angle:-18.000000,distense:26.200000,rcs:6.000000
