timestame:1619469947.306000000,objid:3,type:0,xpos:0.000000,ypos:0.000000,xspeed:1.610000,yspeed:0.170000,angle:1.000000,distense:18.000000,rcs:23.000000
timestame:1619469947.306000000,objid:6,type:0,xpos:0.000000,ypos:0.000000,xspeed:3.390000,yspeed:4.290000,angle:17.260000,distense:53.400000,rcs:26.000000
