timestame:1619470294.712000000,objid:0,type:0,xpos:0.000000,ypos:0.000000,xspeed:1.930000,yspeed:0.100000,angle:5.390000,distense:22.800000,rcs:24.000000
timestame:1619470294.712000000,objid:1,type:0,xpos:0.000000,ypos:0.000000,xspeed:-1.100000,yspeed:-0.050000,angle:5.280000,distense:9.200000,rcs:30.000000
timestame:1619470294.712000000,objid:3,type:0,xpos:0.000000,ypos:0.000000,xspeed:3.200000,yspeed:0.000000,angle:4.640000,distense:12.600000,rcs:28.000000
timestame:1619470294.712000000,objid:5,type:0,xpos:0.000000,ypos:0.000000,xspeed:2.930000,yspeed:0.720000,angle:3.300000,distense:20.800000,rcs:24.000000
