timestame:1619471423.603000000,objid:1,type:0,xpos:0.000000,ypos:0.000000,xspeed:-4.810000,yspeed:-0.900000,angle:-8.150000,distense:107.800000,rcs:13.000000
timestame:1619471423.603000000,objid:5,type:0,xpos:0.000000,ypos:0.000000,xspeed:-6.910000,yspeed:9.870000,angle:-12.470000,distense:44.800000,rcs:12.000000
timestame:1619471423.603000000,objid:9,type:0,xpos:0.000000,ypos:0.000000,xspeed:-5.750000,yspeed:0.070000,angle:-5.130000,distense:122.600000,rcs:22.000000
timestame:1619471423.603000000,objid:12,type:0,xpos:0.000000,ypos:0.000000,xspeed:-4.700000,yspeed:-0.030000,angle:-9.130000,distense:98.600000,rcs:20.000000
