timestame:1619470744.862000000,objid:0,type:0,xpos:0.000000,ypos:0.000000,xspeed:-3.320000,yspeed:-0.810000,angle:-8.640000,distense:84.800000,rcs:21.000000
timestame:1619470744.862000000,objid:1,type:0,xpos:0.000000,ypos:0.000000,xspeed:-1.630000,yspeed:1.890000,angle:14.230000,distense:43.800000,rcs:32.000000
timestame:1619470744.862000000,objid:6,type:0,xpos:0.000000,ypos:0.000000,xspeed:12.550000,yspeed:0.380000,angle:1.300000,distense:197.600000,rcs:27.000000
