timestame:1619470480.522000000,objid:1,type:0,xpos:0.000000,ypos:0.000000,xspeed:-5.010000,yspeed:0.660000,angle:-6.580000,distense:96.800000,rcs:21.000000
timestame:1619470480.522000000,objid:2,type:0,xpos:0.000000,ypos:0.000000,xspeed:1.710000,yspeed:-0.370000,angle:11.380000,distense:80.200000,rcs:12.000000
timestame:1619470480.522000000,objid:6,type:0,xpos:0.000000,ypos:0.000000,xspeed:-3.410000,yspeed:1.870000,angle:-6.490000,distense:103.000000,rcs:13.000000
