timestame:1619470058.179000000,objid:0,type:0,xpos:0.000000,ypos:0.000000,xspeed:-13.090000,yspeed:1.030000,angle:-3.910000,distense:101.400000,rcs:18.000000
timestame:1619470058.179000000,objid:5,type:0,xpos:0.000000,ypos:0.000000,xspeed:9.410000,yspeed:0.420000,angle:2.860000,distense:168.400000,rcs:29.000000
