timestame:1619469814.973000000,objid:1,type:0,xpos:0.000000,ypos:0.000000,xspeed:3.480000,yspeed:5.550000,angle:-7.510000,distense:51.400000,rcs:20.000000
timestame:1619469814.973000000,objid:3,type:0,xpos:0.000000,ypos:0.000000,xspeed:-3.160000,yspeed:11.800000,angle:-0.990000,distense:51.200000,rcs:12.000000
timestame:1619469814.973000000,objid:4,type:0,xpos:0.000000,ypos:0.000000,xspeed:-8.340000,yspeed:3.860000,angle:-3.290000,distense:188.600000,rcs:9.000000
