timestame:1619470122.113000000,objid:1,type:0,xpos:0.000000,ypos:0.000000,xspeed:8.610000,yspeed:1.960000,angle:18.510000,distense:31.800000,rcs:22.000000
timestame:1619470122.113000000,objid:4,type:0,xpos:0.000000,ypos:0.000000,xspeed:3.290000,yspeed:0.480000,angle:-15.480000,distense:20.200000,rcs:28.000000
timestame:1619470122.113000000,objid:6,type:0,xpos:0.000000,ypos:0.000000,xspeed:5.670000,yspeed:0.930000,angle:20.090000,distense:24.800000,rcs:38.000000
timestame:1619470122.113000000,objid:8,type:0,xpos:0.000000,ypos:0.000000,xspeed:4.000000,yspeed:1.410000,angle:-16.990000,distense:26.800000,rcs:12.000000
