timestame:1619471231.306000000,objid:0,type:0,xpos:0.000000,ypos:0.000000,xspeed:6.590000,yspeed:0.060000,angle:1.940000,distense:104.000000,rcs:12.000000
timestame:1619471231.306000000,objid:1,type:0,xpos:0.000000,ypos:0.000000,xspeed:2.840000,yspeed:-5.490000,angle:-18.000000,distense:69.400000,rcs:6.000000
timestame:1619471231.306000000,objid:9,type:0,xpos:0.000000,ypos:0.000000,xspeed:6.800000,yspeed:0.000000,angle:1.760000,distense:95.800000,rcs:27.000000
