timestame:1619470498.492000000,objid:2,type:0,xpos:0.000000,ypos:0.000000,xspeed:-1.410000,yspeed:-2.540000,angle:-18.000000,distense:40.000000,rcs:27.000000
timestame:1619470498.492000000,objid:5,type:0,xpos:0.000000,ypos:0.000000,xspeed:2.860000,yspeed:-1.980000,angle:9.550000,distense:44.000000,rcs:35.000000
timestame:1619470498.492000000,objid:7,type:0,xpos:0.000000,ypos:0.000000,xspeed:-1.660000,yspeed:-1.630000,angle:-16.210000,distense:46.400000,rcs:9.000000
