timestame:1619470214.759000000,objid:7,type:0,xpos:0.000000,ypos:0.000000,xspeed:-2.910000,yspeed:7.410000,angle:-14.040000,distense:46.200000,rcs:12.000000
timestame:1619470214.759000000,objid:9,type:0,xpos:0.000000,ypos:0.000000,xspeed:-1.460000,yspeed:10.050000,angle:16.510000,distense:39.200000,rcs:6.000000
