timestame:1619470623.006000000,objid:0,type:0,xpos:0.000000,ypos:0.000000,xspeed:-1.140000,yspeed:1.820000,angle:-10.680000,distense:82.400000,rcs:26.000000
timestame:1619470623.006000000,objid:1,type:0,xpos:0.000000,ypos:0.000000,xspeed:-3.590000,yspeed:-0.460000,angle:-12.030000,distense:79.000000,rcs:16.000000
