timestame:1619470485.167000000,objid:1,type:0,xpos:0.000000,ypos:0.000000,xspeed:-3.270000,yspeed:-0.070000,angle:-8.700000,distense:80.600000,rcs:13.000000
timestame:1619470485.167000000,objid:2,type:0,xpos:0.000000,ypos:0.000000,xspeed:2.230000,yspeed:-6.770000,angle:4.210000,distense:63.400000,rcs:21.000000
timestame:1619470485.167000000,objid:5,type:0,xpos:0.000000,ypos:0.000000,xspeed:-1.030000,yspeed:-3.420000,angle:-13.600000,distense:60.800000,rcs:6.000000
