timestame:1619470750.825000000,objid:0,type:0,xpos:0.000000,ypos:0.000000,xspeed:-1.030000,yspeed:-2.640000,angle:-16.900000,distense:40.400000,rcs:29.000000
timestame:1619470750.825000000,objid:5,type:0,xpos:0.000000,ypos:0.000000,xspeed:1.360000,yspeed:-3.610000,angle:-0.290000,distense:44.000000,rcs:36.000000
timestame:1619470750.825000000,objid:8,type:0,xpos:0.000000,ypos:0.000000,xspeed:2.100000,yspeed:-6.920000,angle:-16.330000,distense:46.400000,rcs:26.000000
