timestame:1619469774.455000000,objid:1,type:0,xpos:0.000000,ypos:0.000000,xspeed:3.700000,yspeed:2.520000,angle:-13.870000,distense:35.200000,rcs:12.000000
timestame:1619469774.455000000,objid:3,type:0,xpos:0.000000,ypos:0.000000,xspeed:2.820000,yspeed:0.610000,angle:21.500000,distense:17.600000,rcs:23.000000
timestame:1619469774.455000000,objid:7,type:0,xpos:0.000000,ypos:0.000000,xspeed:3.110000,yspeed:3.340000,angle:-9.780000,distense:44.600000,rcs:6.000000
