timestame:1619471438.324000000,objid:6,type:0,xpos:0.000000,ypos:0.000000,xspeed:4.190000,yspeed:0.030000,angle:-7.570000,distense:86.800000,rcs:22.000000
timestame:1619471438.324000000,objid:8,type:0,xpos:0.000000,ypos:0.000000,xspeed:-3.440000,yspeed:-1.990000,angle:-18.000000,distense:31.400000,rcs:9.000000
timestame:1619471438.324000000,objid:10,type:0,xpos:0.000000,ypos:0.000000,xspeed:-2.560000,yspeed:-13.790000,angle:-18.000000,distense:40.000000,rcs:13.000000
timestame:1619471438.324000000,objid:16,type:0,xpos:0.000000,ypos:0.000000,xspeed:-23.330000,yspeed:-20.220000,angle:-18.000000,distense:4.800000,rcs:9.000000
