timestame:1619471089.754000000,objid:0,type:0,xpos:0.000000,ypos:0.000000,xspeed:10.170000,yspeed:0.450000,angle:1.910000,distense:90.600000,rcs:21.000000
timestame:1619471089.754000000,objid:1,type:0,xpos:0.000000,ypos:0.000000,xspeed:9.710000,yspeed:0.570000,angle:6.970000,distense:42.600000,rcs:32.000000
timestame:1619471089.754000000,objid:2,type:0,xpos:0.000000,ypos:0.000000,xspeed:5.190000,yspeed:0.080000,angle:2.030000,distense:39.600000,rcs:41.000000
timestame:1619471089.754000000,objid:4,type:0,xpos:0.000000,ypos:0.000000,xspeed:-21.920000,yspeed:-0.940000,angle:-14.850000,distense:55.600000,rcs:19.000000
