timestame:1619470979.030000000,objid:0,type:0,xpos:0.000000,ypos:0.000000,xspeed:7.260000,yspeed:-0.220000,angle:2.310000,distense:142.600000,rcs:21.000000
timestame:1619470979.030000000,objid:1,type:0,xpos:0.000000,ypos:0.000000,xspeed:-19.780000,yspeed:-2.870000,angle:-3.820000,distense:157.400000,rcs:20.000000
timestame:1619470979.030000000,objid:2,type:0,xpos:0.000000,ypos:0.000000,xspeed:-16.070000,yspeed:-1.170000,angle:-4.330000,distense:156.800000,rcs:20.000000
timestame:1619470979.030000000,objid:5,type:0,xpos:0.000000,ypos:0.000000,xspeed:-18.940000,yspeed:0.110000,angle:-12.930000,distense:67.200000,rcs:6.000000
