timestame:1619469695.483000000,objid:1,type:0,xpos:0.000000,ypos:0.000000,xspeed:-1.500000,yspeed:6.710000,angle:11.540000,distense:41.000000,rcs:26.000000
timestame:1619469695.483000000,objid:7,type:0,xpos:0.000000,ypos:0.000000,xspeed:-1.140000,yspeed:7.160000,angle:7.310000,distense:42.000000,rcs:22.000000
timestame:1619469695.483000000,objid:8,type:0,xpos:0.000000,ypos:0.000000,xspeed:2.100000,yspeed:-7.980000,angle:-18.000000,distense:79.600000,rcs:6.000000
timestame:1619469695.483000000,objid:10,type:0,xpos:0.000000,ypos:0.000000,xspeed:17.480000,yspeed:0.000000,angle:22.390000,distense:50.600000,rcs:15.000000
