timestame:1619470642.367000000,objid:2,type:0,xpos:0.000000,ypos:0.000000,xspeed:-6.570000,yspeed:0.400000,angle:-4.470000,distense:173.000000,rcs:12.000000
timestame:1619470642.367000000,objid:5,type:0,xpos:0.000000,ypos:0.000000,xspeed:-1.420000,yspeed:5.120000,angle:-12.240000,distense:45.800000,rcs:9.000000
timestame:1619470642.367000000,objid:8,type:0,xpos:0.000000,ypos:0.000000,xspeed:-2.810000,yspeed:11.020000,angle:16.210000,distense:39.200000,rcs:9.000000
timestame:1619470642.367000000,objid:13,type:0,xpos:0.000000,ypos:0.000000,xspeed:-2.190000,yspeed:11.240000,angle:-6.330000,distense:43.800000,rcs:19.000000
