timestame:1619469853.564000000,objid:0,type:0,xpos:0.000000,ypos:0.000000,xspeed:4.320000,yspeed:-2.940000,angle:6.950000,distense:47.600000,rcs:33.000000
timestame:1619469853.564000000,objid:10,type:0,xpos:0.000000,ypos:0.000000,xspeed:-11.740000,yspeed:0.290000,angle:-3.950000,distense:155.600000,rcs:12.000000
timestame:1619469853.564000000,objid:18,type:0,xpos:0.000000,ypos:0.000000,xspeed:1.660000,yspeed:0.400000,angle:-9.000000,distense:91.400000,rcs:13.000000
