timestame:1619470462.519000000,objid:0,type:0,xpos:0.000000,ypos:0.000000,xspeed:-14.870000,yspeed:-0.700000,angle:-10.290000,distense:70.400000,rcs:24.000000
timestame:1619470462.519000000,objid:2,type:0,xpos:0.000000,ypos:0.000000,xspeed:6.030000,yspeed:0.150000,angle:3.250000,distense:190.400000,rcs:18.000000
