timestame:1619470873.618000000,objid:1,type:0,xpos:0.000000,ypos:0.000000,xspeed:-9.850000,yspeed:-1.560000,angle:-5.980000,distense:123.800000,rcs:9.000000
timestame:1619470873.618000000,objid:4,type:0,xpos:0.000000,ypos:0.000000,xspeed:3.490000,yspeed:-0.150000,angle:0.040000,distense:20.800000,rcs:40.000000
timestame:1619470873.618000000,objid:9,type:0,xpos:0.000000,ypos:0.000000,xspeed:2.150000,yspeed:2.100000,angle:0.470000,distense:17.400000,rcs:36.000000
timestame:1619470873.618000000,objid:11,type:0,xpos:0.000000,ypos:0.000000,xspeed:7.790000,yspeed:0.480000,angle:0.710000,distense:35.800000,rcs:23.000000
