timestame:1619471270.272000000,objid:2,type:0,xpos:0.000000,ypos:0.000000,xspeed:13.990000,yspeed:0.220000,angle:1.980000,distense:212.000000,rcs:13.000000
timestame:1619471270.272000000,objid:10,type:0,xpos:0.000000,ypos:0.000000,xspeed:14.010000,yspeed:0.040000,angle:1.790000,distense:199.400000,rcs:25.000000
