timestame:1619469950.596000000,objid:4,type:0,xpos:0.000000,ypos:0.000000,xspeed:1.190000,yspeed:-3.810000,angle:1.050000,distense:54.200000,rcs:22.000000
timestame:1619469950.596000000,objid:9,type:0,xpos:0.000000,ypos:0.000000,xspeed:2.120000,yspeed:7.960000,angle:-8.540000,distense:48.600000,rcs:6.000000
timestame:1619469950.596000000,objid:13,type:0,xpos:0.000000,ypos:0.000000,xspeed:-1.570000,yspeed:6.620000,angle:-0.040000,distense:41.000000,rcs:9.000000
timestame:1619469950.596000000,objid:15,type:0,xpos:0.000000,ypos:0.000000,xspeed:-3.860000,yspeed:6.900000,angle:2.770000,distense:39.600000,rcs:25.000000
