timestame:1619469699.132000000,objid:2,type:0,xpos:0.000000,ypos:0.000000,xspeed:-1.850000,yspeed:-2.380000,angle:-18.000000,distense:41.800000,rcs:12.000000
timestame:1619469699.132000000,objid:5,type:0,xpos:0.000000,ypos:0.000000,xspeed:-4.570000,yspeed:-2.930000,angle:-18.000000,distense:39.000000,rcs:20.000000
timestame:1619469699.132000000,objid:8,type:0,xpos:0.000000,ypos:0.000000,xspeed:4.160000,yspeed:7.240000,angle:-8.260000,distense:46.000000,rcs:26.000000
