timestame:1619469913.050000000,objid:0,type:0,xpos:0.000000,ypos:0.000000,xspeed:-6.020000,yspeed:2.500000,angle:-18.000000,distense:38.400000,rcs:9.000000
timestame:1619469913.050000000,objid:1,type:0,xpos:0.000000,ypos:0.000000,xspeed:4.700000,yspeed:0.040000,angle:1.720000,distense:89.800000,rcs:24.000000
timestame:1619469913.050000000,objid:2,type:0,xpos:0.000000,ypos:0.000000,xspeed:11.710000,yspeed:0.180000,angle:2.620000,distense:166.800000,rcs:9.000000
timestame:1619469913.050000000,objid:8,type:0,xpos:0.000000,ypos:0.000000,xspeed:4.720000,yspeed:0.070000,angle:2.130000,distense:83.000000,rcs:28.000000
