timestame:1619469912.492000000,objid:1,type:0,xpos:0.000000,ypos:0.000000,xspeed:4.570000,yspeed:-0.010000,angle:1.700000,distense:87.000000,rcs:15.000000
timestame:1619469912.492000000,objid:2,type:0,xpos:0.000000,ypos:0.000000,xspeed:11.440000,yspeed:0.270000,angle:2.770000,distense:160.000000,rcs:19.000000
timestame:1619469912.492000000,objid:8,type:0,xpos:0.000000,ypos:0.000000,xspeed:4.480000,yspeed:0.100000,angle:2.230000,distense:80.000000,rcs:30.000000
