timestame:1619471068.953000000,objid:0,type:0,xpos:0.000000,ypos:0.000000,xspeed:-5.660000,yspeed:-0.340000,angle:-7.870000,distense:89.600000,rcs:9.000000
timestame:1619471068.953000000,objid:3,type:0,xpos:0.000000,ypos:0.000000,xspeed:-6.850000,yspeed:-0.180000,angle:-5.090000,distense:132.000000,rcs:9.000000
timestame:1619471068.953000000,objid:5,type:0,xpos:0.000000,ypos:0.000000,xspeed:-11.020000,yspeed:-0.250000,angle:-7.010000,distense:121.000000,rcs:16.000000
timestame:1619471068.953000000,objid:9,type:0,xpos:0.000000,ypos:0.000000,xspeed:-2.970000,yspeed:-0.220000,angle:-13.070000,distense:61.400000,rcs:13.000000
