timestame:1619469855.424000000,objid:4,type:0,xpos:0.000000,ypos:0.000000,xspeed:-9.280000,yspeed:2.190000,angle:-3.740000,distense:45.400000,rcs:31.000000
timestame:1619469855.424000000,objid:8,type:0,xpos:0.000000,ypos:0.000000,xspeed:17.190000,yspeed:0.000000,angle:-4.330000,distense:74.600000,rcs:16.000000
timestame:1619469855.424000000,objid:10,type:0,xpos:0.000000,ypos:0.000000,xspeed:-11.160000,yspeed:-0.260000,angle:-4.980000,distense:136.000000,rcs:20.000000
