timestame:1619470158.626000000,objid:0,type:0,xpos:0.000000,ypos:0.000000,xspeed:-15.270000,yspeed:-0.550000,angle:-14.880000,distense:70.200000,rcs:29.000000
timestame:1619470158.626000000,objid:1,type:0,xpos:0.000000,ypos:0.000000,xspeed:-15.280000,yspeed:-0.590000,angle:-16.170000,distense:59.400000,rcs:24.000000
timestame:1619470158.626000000,objid:4,type:0,xpos:0.000000,ypos:0.000000,xspeed:1.300000,yspeed:0.390000,angle:8.090000,distense:24.600000,rcs:20.000000
timestame:1619470158.626000000,objid:7,type:0,xpos:0.000000,ypos:0.000000,xspeed:-15.270000,yspeed:-0.500000,angle:-18.000000,distense:53.400000,rcs:28.000000
