timestame:1619469646.038000000,objid:2,type:0,xpos:0.000000,ypos:0.000000,xspeed:12.740000,yspeed:0.890000,angle:5.370000,distense:79.000000,rcs:27.000000
timestame:1619469646.038000000,objid:13,type:0,xpos:0.000000,ypos:0.000000,xspeed:15.140000,yspeed:0.570000,angle:2.250000,distense:136.400000,rcs:30.000000
timestame:1619469646.038000000,objid:14,type:0,xpos:0.000000,ypos:0.000000,xspeed:12.860000,yspeed:0.400000,angle:5.180000,distense:76.000000,rcs:30.000000
