timestame:1619470459.599000000,objid:0,type:0,xpos:0.000000,ypos:0.000000,xspeed:-17.370000,yspeed:-8.910000,angle:-6.030000,distense:114.400000,rcs:9.000000
timestame:1619470459.599000000,objid:2,type:0,xpos:0.000000,ypos:0.000000,xspeed:5.820000,yspeed:-0.070000,angle:3.380000,distense:172.600000,rcs:15.000000
