timestame:1619469950.535000000,objid:4,type:0,xpos:0.000000,ypos:0.000000,xspeed:1.230000,yspeed:-3.930000,angle:1.100000,distense:54.200000,rcs:30.000000
timestame:1619469950.535000000,objid:9,type:0,xpos:0.000000,ypos:0.000000,xspeed:-1.460000,yspeed:0.000000,angle:-8.900000,distense:47.600000,rcs:19.000000
timestame:1619469950.535000000,objid:13,type:0,xpos:0.000000,ypos:0.000000,xspeed:-1.570000,yspeed:6.620000,angle:-0.590000,distense:41.000000,rcs:9.000000
timestame:1619469950.535000000,objid:15,type:0,xpos:0.000000,ypos:0.000000,xspeed:-3.780000,yspeed:5.890000,angle:1.440000,distense:39.800000,rcs:21.000000
