timestame:1619469946.622000000,objid:3,type:0,xpos:0.000000,ypos:0.000000,xspeed:1.920000,yspeed:0.130000,angle:0.460000,distense:17.200000,rcs:21.000000
timestame:1619469946.622000000,objid:5,type:0,xpos:0.000000,ypos:0.000000,xspeed:-4.550000,yspeed:-10.800000,angle:-18.000000,distense:56.000000,rcs:6.000000
