timestame:1619470622.944000000,objid:0,type:0,xpos:0.000000,ypos:0.000000,xspeed:-2.490000,yspeed:2.290000,angle:-10.740000,distense:82.200000,rcs:27.000000
timestame:1619470622.944000000,objid:1,type:0,xpos:0.000000,ypos:0.000000,xspeed:-3.590000,yspeed:-0.460000,angle:-11.980000,distense:79.200000,rcs:16.000000
