timestame:1619470472.306000000,objid:0,type:0,xpos:0.000000,ypos:0.000000,xspeed:-3.370000,yspeed:1.880000,angle:19.940000,distense:65.800000,rcs:6.000000
timestame:1619470472.306000000,objid:1,type:0,xpos:0.000000,ypos:0.000000,xspeed:-12.230000,yspeed:2.180000,angle:-3.510000,distense:167.200000,rcs:16.000000
