timestame:1619471321.693000000,objid:1,type:0,xpos:0.000000,ypos:0.000000,xspeed:-6.600000,yspeed:-0.600000,angle:-7.790000,distense:90.800000,rcs:16.000000
timestame:1619471321.693000000,objid:3,type:0,xpos:0.000000,ypos:0.000000,xspeed:-12.840000,yspeed:-0.170000,angle:-3.830000,distense:163.000000,rcs:15.000000
timestame:1619471321.693000000,objid:4,type:0,xpos:0.000000,ypos:0.000000,xspeed:-1.450000,yspeed:-6.380000,angle:3.390000,distense:41.400000,rcs:24.000000
