timestame:1619470031.960000000,objid:1,type:0,xpos:0.000000,ypos:0.000000,xspeed:6.810000,yspeed:0.390000,angle:2.560000,distense:47.400000,rcs:38.000000
timestame:1619470031.960000000,objid:4,type:0,xpos:0.000000,ypos:0.000000,xspeed:11.530000,yspeed:0.160000,angle:1.900000,distense:78.400000,rcs:25.000000
timestame:1619470031.960000000,objid:7,type:0,xpos:0.000000,ypos:0.000000,xspeed:1.740000,yspeed:-1.080000,angle:6.140000,distense:22.200000,rcs:28.000000
