timestame:1619469716.052000000,objid:1,type:0,xpos:0.000000,ypos:0.000000,xspeed:-2.130000,yspeed:8.060000,angle:-1.610000,distense:40.200000,rcs:6.000000
timestame:1619469716.052000000,objid:3,type:0,xpos:0.000000,ypos:0.000000,xspeed:14.800000,yspeed:-0.920000,angle:0.480000,distense:176.400000,rcs:12.000000
