timestame:1619470768.522000000,objid:0,type:0,xpos:0.000000,ypos:0.000000,xspeed:-12.220000,yspeed:-1.420000,angle:-5.260000,distense:169.800000,rcs:12.000000
timestame:1619470768.522000000,objid:1,type:0,xpos:0.000000,ypos:0.000000,xspeed:10.730000,yspeed:0.530000,angle:2.430000,distense:69.400000,rcs:22.000000
timestame:1619470768.522000000,objid:2,type:0,xpos:0.000000,ypos:0.000000,xspeed:-11.370000,yspeed:0.000000,angle:-4.150000,distense:167.200000,rcs:6.000000
