timestame:1619471307.093000000,objid:0,type:0,xpos:0.000000,ypos:0.000000,xspeed:3.470000,yspeed:0.630000,angle:19.320000,distense:25.200000,rcs:26.000000
timestame:1619471307.093000000,objid:1,type:0,xpos:0.000000,ypos:0.000000,xspeed:-7.040000,yspeed:2.220000,angle:-18.000000,distense:27.200000,rcs:9.000000
timestame:1619471307.093000000,objid:2,type:0,xpos:0.000000,ypos:0.000000,xspeed:4.950000,yspeed:0.780000,angle:22.800000,distense:24.000000,rcs:23.000000
