timestame:1619471090.684000000,objid:1,type:0,xpos:0.000000,ypos:0.000000,xspeed:10.460000,yspeed:0.410000,angle:5.810000,distense:53.600000,rcs:23.000000
timestame:1619471090.684000000,objid:2,type:0,xpos:0.000000,ypos:0.000000,xspeed:6.030000,yspeed:0.180000,angle:2.060000,distense:46.400000,rcs:42.000000
timestame:1619471090.684000000,objid:4,type:0,xpos:0.000000,ypos:0.000000,xspeed:-21.890000,yspeed:-0.860000,angle:-18.000000,distense:36.000000,rcs:9.000000
timestame:1619471090.684000000,objid:5,type:0,xpos:0.000000,ypos:0.000000,xspeed:10.990000,yspeed:2.040000,angle:2.100000,distense:104.600000,rcs:26.000000
