timestame:1619470141.158000000,objid:1,type:0,xpos:0.000000,ypos:0.000000,xspeed:1.320000,yspeed:1.230000,angle:16.750000,distense:26.800000,rcs:13.000000
timestame:1619470141.158000000,objid:2,type:0,xpos:0.000000,ypos:0.000000,xspeed:12.400000,yspeed:17.470000,angle:-12.550000,distense:19.000000,rcs:15.000000
timestame:1619470141.158000000,objid:3,type:0,xpos:0.000000,ypos:0.000000,xspeed:7.850000,yspeed:10.420000,angle:-18.000000,distense:39.400000,rcs:6.000000
