timestame:1619470596.224000000,objid:1,type:0,xpos:0.000000,ypos:0.000000,xspeed:6.160000,yspeed:2.450000,angle:-16.670000,distense:33.200000,rcs:22.000000
timestame:1619470596.224000000,objid:5,type:0,xpos:0.000000,ypos:0.000000,xspeed:5.360000,yspeed:3.820000,angle:-13.150000,distense:44.000000,rcs:22.000000
