timestame:1619470766.045000000,objid:4,type:0,xpos:0.000000,ypos:0.000000,xspeed:-2.430000,yspeed:-1.250000,angle:-18.000000,distense:29.800000,rcs:9.000000
timestame:1619470766.045000000,objid:9,type:0,xpos:0.000000,ypos:0.000000,xspeed:6.200000,yspeed:0.300000,angle:2.630000,distense:44.200000,rcs:34.000000
