timestame:1619470287.516000000,objid:2,type:0,xpos:0.000000,ypos:0.000000,xspeed:-12.440000,yspeed:-0.090000,angle:-8.690000,distense:99.000000,rcs:20.000000
timestame:1619470287.516000000,objid:5,type:0,xpos:0.000000,ypos:0.000000,xspeed:-5.580000,yspeed:-0.510000,angle:-18.000000,distense:39.600000,rcs:25.000000
timestame:1619470287.516000000,objid:7,type:0,xpos:0.000000,ypos:0.000000,xspeed:-5.360000,yspeed:-0.330000,angle:-18.000000,distense:35.000000,rcs:26.000000
timestame:1619470287.516000000,objid:11,type:0,xpos:0.000000,ypos:0.000000,xspeed:-5.440000,yspeed:-0.440000,angle:-18.000000,distense:29.200000,rcs:13.000000
