timestame:1619470061.976000000,objid:1,type:0,xpos:0.000000,ypos:0.000000,xspeed:-20.630000,yspeed:-0.960000,angle:-5.930000,distense:132.000000,rcs:12.000000
timestame:1619470061.976000000,objid:2,type:0,xpos:0.000000,ypos:0.000000,xspeed:-8.870000,yspeed:-1.700000,angle:-7.540000,distense:69.400000,rcs:6.000000
timestame:1619470061.976000000,objid:4,type:0,xpos:0.000000,ypos:0.000000,xspeed:-5.670000,yspeed:0.200000,angle:-6.970000,distense:67.800000,rcs:29.000000
timestame:1619470061.976000000,objid:5,type:0,xpos:0.000000,ypos:0.000000,xspeed:10.150000,yspeed:0.400000,angle:2.780000,distense:206.400000,rcs:23.000000
