timestame:1619470463.390000000,objid:0,type:0,xpos:0.000000,ypos:0.000000,xspeed:-14.170000,yspeed:-0.610000,angle:-12.470000,distense:59.800000,rcs:18.000000
timestame:1619470463.390000000,objid:2,type:0,xpos:0.000000,ypos:0.000000,xspeed:6.050000,yspeed:0.050000,angle:3.110000,distense:195.400000,rcs:12.000000
