timestame:1619469774.645000000,objid:1,type:0,xpos:0.000000,ypos:0.000000,xspeed:3.560000,yspeed:2.890000,angle:-12.710000,distense:36.000000,rcs:12.000000
timestame:1619469774.645000000,objid:3,type:0,xpos:0.000000,ypos:0.000000,xspeed:2.960000,yspeed:1.060000,angle:21.850000,distense:18.200000,rcs:28.000000
timestame:1619469774.645000000,objid:10,type:0,xpos:0.000000,ypos:0.000000,xspeed:16.890000,yspeed:0.000000,angle:-18.000000,distense:42.800000,rcs:12.000000
