timestame:1619469568.637000000,objid:2,type:0,xpos:0.000000,ypos:0.000000,xspeed:-1.250000,yspeed:-3.500000,angle:-10.610000,distense:36.400000,rcs:32.000000
timestame:1619469568.637000000,objid:8,type:0,xpos:0.000000,ypos:0.000000,xspeed:3.390000,yspeed:-7.090000,angle:-6.360000,distense:64.200000,rcs:6.000000
timestame:1619469568.637000000,objid:11,type:0,xpos:0.000000,ypos:0.000000,xspeed:-2.760000,yspeed:-5.210000,angle:-18.000000,distense:33.400000,rcs:22.000000
timestame:1619469568.637000000,objid:17,type:0,xpos:0.000000,ypos:0.000000,xspeed:-5.270000,yspeed:-14.570000,angle:-16.330000,distense:41.200000,rcs:20.000000
