timestame:1619470060.681000000,objid:0,type:0,xpos:0.000000,ypos:0.000000,xspeed:-11.370000,yspeed:-0.060000,angle:-6.010000,distense:73.600000,rcs:22.000000
timestame:1619470060.681000000,objid:1,type:0,xpos:0.000000,ypos:0.000000,xspeed:-20.630000,yspeed:1.700000,angle:-4.310000,distense:159.200000,rcs:9.000000
timestame:1619470060.681000000,objid:5,type:0,xpos:0.000000,ypos:0.000000,xspeed:9.710000,yspeed:0.530000,angle:2.900000,distense:192.400000,rcs:26.000000
