timestame:1619471062.814000000,objid:0,type:0,xpos:0.000000,ypos:0.000000,xspeed:-7.360000,yspeed:0.480000,angle:-4.890000,distense:125.200000,rcs:12.000000
timestame:1619471062.814000000,objid:8,type:0,xpos:0.000000,ypos:0.000000,xspeed:-1.210000,yspeed:3.200000,angle:2.610000,distense:34.800000,rcs:22.000000
timestame:1619471062.814000000,objid:9,type:0,xpos:0.000000,ypos:0.000000,xspeed:-1.640000,yspeed:-0.170000,angle:-9.780000,distense:75.800000,rcs:16.000000
