timestame:1619470222.687000000,objid:6,type:0,xpos:0.000000,ypos:0.000000,xspeed:22.980000,yspeed:11.970000,angle:15.520000,distense:52.200000,rcs:15.000000
timestame:1619470222.687000000,objid:8,type:0,xpos:0.000000,ypos:0.000000,xspeed:-2.240000,yspeed:8.040000,angle:-11.110000,distense:42.200000,rcs:13.000000
timestame:1619470222.687000000,objid:11,type:0,xpos:0.000000,ypos:0.000000,xspeed:-2.030000,yspeed:6.910000,angle:-8.150000,distense:41.400000,rcs:15.000000
