timestame:1619470482.813000000,objid:1,type:0,xpos:0.000000,ypos:0.000000,xspeed:-4.020000,yspeed:-0.130000,angle:-7.770000,distense:87.800000,rcs:26.000000
timestame:1619470482.813000000,objid:2,type:0,xpos:0.000000,ypos:0.000000,xspeed:1.700000,yspeed:-0.130000,angle:10.790000,distense:83.800000,rcs:6.000000
timestame:1619470482.813000000,objid:3,type:0,xpos:0.000000,ypos:0.000000,xspeed:5.880000,yspeed:-6.930000,angle:17.650000,distense:46.400000,rcs:28.000000
timestame:1619470482.813000000,objid:8,type:0,xpos:0.000000,ypos:0.000000,xspeed:-13.990000,yspeed:-14.350000,angle:13.930000,distense:40.000000,rcs:32.000000
