timestame:1619470275.639000000,objid:1,type:0,xpos:0.000000,ypos:0.000000,xspeed:-10.460000,yspeed:-0.060000,angle:-4.960000,distense:106.600000,rcs:13.000000
timestame:1619470275.639000000,objid:2,type:0,xpos:0.000000,ypos:0.000000,xspeed:-1.370000,yspeed:0.270000,angle:-6.820000,distense:92.200000,rcs:12.000000
timestame:1619470275.639000000,objid:11,type:0,xpos:0.000000,ypos:0.000000,xspeed:-1.130000,yspeed:-0.140000,angle:-8.910000,distense:78.200000,rcs:13.000000
timestame:1619470275.639000000,objid:22,type:0,xpos:0.000000,ypos:0.000000,xspeed:-1.160000,yspeed:-0.090000,angle:-7.860000,distense:85.000000,rcs:18.000000
