timestame:1619470051.101000000,objid:0,type:0,xpos:0.000000,ypos:0.000000,xspeed:7.140000,yspeed:-0.070000,angle:3.300000,distense:113.400000,rcs:6.000000
timestame:1619470051.101000000,objid:5,type:0,xpos:0.000000,ypos:0.000000,xspeed:7.140000,yspeed:0.060000,angle:3.750000,distense:103.800000,rcs:31.000000
