timestame:1619470082.707000000,objid:4,type:0,xpos:0.000000,ypos:0.000000,xspeed:2.150000,yspeed:-8.970000,angle:-9.410000,distense:53.200000,rcs:18.000000
timestame:1619470082.707000000,objid:5,type:0,xpos:0.000000,ypos:0.000000,xspeed:2.530000,yspeed:-7.750000,angle:-5.950000,distense:52.400000,rcs:9.000000
timestame:1619470082.707000000,objid:7,type:0,xpos:0.000000,ypos:0.000000,xspeed:1.790000,yspeed:-5.850000,angle:-10.000000,distense:47.200000,rcs:20.000000
