timestame:1619470290.122000000,objid:2,type:0,xpos:0.000000,ypos:0.000000,xspeed:-12.080000,yspeed:-0.320000,angle:-13.320000,distense:68.800000,rcs:27.000000
timestame:1619470290.122000000,objid:5,type:0,xpos:0.000000,ypos:0.000000,xspeed:-6.310000,yspeed:-0.450000,angle:-18.000000,distense:25.800000,rcs:6.000000
timestame:1619470290.122000000,objid:7,type:0,xpos:0.000000,ypos:0.000000,xspeed:-5.490000,yspeed:-0.150000,angle:-18.000000,distense:23.200000,rcs:6.000000
