timestame:1619469701.883000000,objid:1,type:0,xpos:0.000000,ypos:0.000000,xspeed:-2.200000,yspeed:-5.910000,angle:-11.720000,distense:42.400000,rcs:41.000000
timestame:1619469701.883000000,objid:2,type:0,xpos:0.000000,ypos:0.000000,xspeed:-2.540000,yspeed:-1.160000,angle:-18.000000,distense:36.600000,rcs:12.000000
timestame:1619469701.883000000,objid:5,type:0,xpos:0.000000,ypos:0.000000,xspeed:-3.290000,yspeed:-1.110000,angle:-18.000000,distense:33.400000,rcs:9.000000
timestame:1619469701.883000000,objid:10,type:0,xpos:0.000000,ypos:0.000000,xspeed:-2.010000,yspeed:-3.240000,angle:-16.210000,distense:41.200000,rcs:21.000000
