timestame:1619470797.203000000,objid:5,type:0,xpos:0.000000,ypos:0.000000,xspeed:2.550000,yspeed:-10.820000,angle:-18.000000,distense:73.800000,rcs:9.000000
timestame:1619470797.203000000,objid:10,type:0,xpos:0.000000,ypos:0.000000,xspeed:-14.860000,yspeed:0.000000,angle:-8.420000,distense:57.000000,rcs:9.000000
timestame:1619470797.203000000,objid:12,type:0,xpos:0.000000,ypos:0.000000,xspeed:2.260000,yspeed:-10.890000,angle:-18.000000,distense:69.200000,rcs:9.000000
timestame:1619470797.203000000,objid:15,type:0,xpos:0.000000,ypos:0.000000,xspeed:-2.890000,yspeed:-3.280000,angle:-18.000000,distense:37.600000,rcs:9.000000
