timestame:1619470988.922000000,objid:3,type:0,xpos:0.000000,ypos:0.000000,xspeed:5.170000,yspeed:0.050000,angle:8.090000,distense:96.000000,rcs:9.000000
timestame:1619470988.922000000,objid:4,type:0,xpos:0.000000,ypos:0.000000,xspeed:-13.480000,yspeed:-0.490000,angle:-10.830000,distense:70.200000,rcs:15.000000
timestame:1619470988.922000000,objid:7,type:0,xpos:0.000000,ypos:0.000000,xspeed:-15.460000,yspeed:-1.910000,angle:-18.000000,distense:20.600000,rcs:9.000000
