timestame:1619470083.207000000,objid:4,type:0,xpos:0.000000,ypos:0.000000,xspeed:2.200000,yspeed:-9.100000,angle:-13.880000,distense:55.200000,rcs:16.000000
timestame:1619470083.207000000,objid:5,type:0,xpos:0.000000,ypos:0.000000,xspeed:2.400000,yspeed:-8.660000,angle:-10.750000,distense:54.200000,rcs:18.000000
