timestame:1619471037.522000000,objid:0,type:0,xpos:0.000000,ypos:0.000000,xspeed:-1.170000,yspeed:0.000000,angle:-13.450000,distense:45.000000,rcs:34.000000
timestame:1619471037.522000000,objid:2,type:0,xpos:0.000000,ypos:0.000000,xspeed:-1.830000,yspeed:-2.720000,angle:-18.000000,distense:41.200000,rcs:15.000000
timestame:1619471037.522000000,objid:3,type:0,xpos:0.000000,ypos:0.000000,xspeed:1.690000,yspeed:-3.350000,angle:18.560000,distense:48.400000,rcs:12.000000
