timestame:1619470643.914000000,objid:2,type:0,xpos:0.000000,ypos:0.000000,xspeed:-6.510000,yspeed:-0.050000,angle:-5.060000,distense:163.000000,rcs:18.000000
timestame:1619470643.914000000,objid:6,type:0,xpos:0.000000,ypos:0.000000,xspeed:3.620000,yspeed:-10.750000,angle:3.450000,distense:48.400000,rcs:32.000000
timestame:1619470643.914000000,objid:8,type:0,xpos:0.000000,ypos:0.000000,xspeed:-1.920000,yspeed:-4.120000,angle:10.710000,distense:87.800000,rcs:9.000000
