timestame:1619470975.180000000,objid:0,type:0,xpos:0.000000,ypos:0.000000,xspeed:6.570000,yspeed:0.040000,angle:3.470000,distense:114.800000,rcs:20.000000
timestame:1619470975.180000000,objid:3,type:0,xpos:0.000000,ypos:0.000000,xspeed:7.120000,yspeed:-0.120000,angle:2.330000,distense:124.600000,rcs:12.000000
timestame:1619470975.180000000,objid:5,type:0,xpos:0.000000,ypos:0.000000,xspeed:-18.670000,yspeed:5.320000,angle:-5.900000,distense:139.000000,rcs:9.000000
timestame:1619470975.180000000,objid:9,type:0,xpos:0.000000,ypos:0.000000,xspeed:1.940000,yspeed:3.590000,angle:-6.630000,distense:43.800000,rcs:6.000000
