timestame:1619471062.876000000,objid:0,type:0,xpos:0.000000,ypos:0.000000,xspeed:-7.340000,yspeed:0.240000,angle:-5.030000,distense:124.800000,rcs:12.000000
timestame:1619471062.876000000,objid:3,type:0,xpos:0.000000,ypos:0.000000,xspeed:-8.750000,yspeed:0.000000,angle:-2.420000,distense:175.600000,rcs:9.000000
timestame:1619471062.876000000,objid:8,type:0,xpos:0.000000,ypos:0.000000,xspeed:-1.200000,yspeed:3.210000,angle:2.960000,distense:34.600000,rcs:30.000000
timestame:1619471062.876000000,objid:9,type:0,xpos:0.000000,ypos:0.000000,xspeed:-1.640000,yspeed:-0.160000,angle:-9.800000,distense:75.800000,rcs:21.000000
