timestame:1619469624.117000000,objid:1,type:0,xpos:0.000000,ypos:0.000000,xspeed:-4.310000,yspeed:-0.190000,angle:-18.000000,distense:53.600000,rcs:20.000000
timestame:1619469624.117000000,objid:2,type:0,xpos:0.000000,ypos:0.000000,xspeed:-3.900000,yspeed:-0.270000,angle:-15.060000,distense:67.000000,rcs:27.000000
timestame:1619469624.117000000,objid:4,type:0,xpos:0.000000,ypos:0.000000,xspeed:-13.640000,yspeed:-0.480000,angle:-12.960000,distense:55.200000,rcs:24.000000
