timestame:1619470666.347000000,objid:0,type:0,xpos:0.000000,ypos:0.000000,xspeed:-1.020000,yspeed:0.160000,angle:-9.580000,distense:92.200000,rcs:20.000000
timestame:1619470666.347000000,objid:1,type:0,xpos:0.000000,ypos:0.000000,xspeed:1.120000,yspeed:1.700000,angle:-7.030000,distense:110.200000,rcs:9.000000
timestame:1619470666.347000000,objid:3,type:0,xpos:0.000000,ypos:0.000000,xspeed:-1.240000,yspeed:-0.120000,angle:-8.310000,distense:103.000000,rcs:12.000000
