timestame:1619471228.755000000,objid:0,type:0,xpos:0.000000,ypos:0.000000,xspeed:6.090000,yspeed:0.460000,angle:2.350000,distense:86.800000,rcs:12.000000
timestame:1619471228.755000000,objid:1,type:0,xpos:0.000000,ypos:0.000000,xspeed:4.140000,yspeed:-4.330000,angle:-18.000000,distense:57.600000,rcs:13.000000
timestame:1619471228.755000000,objid:9,type:0,xpos:0.000000,ypos:0.000000,xspeed:6.090000,yspeed:0.160000,angle:2.190000,distense:77.600000,rcs:39.000000
