timestame:1619471222.455000000,objid:0,type:0,xpos:0.000000,ypos:0.000000,xspeed:1.580000,yspeed:0.360000,angle:1.670000,distense:56.600000,rcs:12.000000
timestame:1619471222.455000000,objid:6,type:0,xpos:0.000000,ypos:0.000000,xspeed:4.120000,yspeed:0.130000,angle:2.140000,distense:60.400000,rcs:9.000000
timestame:1619471222.455000000,objid:9,type:0,xpos:0.000000,ypos:0.000000,xspeed:4.130000,yspeed:0.340000,angle:3.000000,distense:41.600000,rcs:45.000000
