timestame:1619470171.571000000,objid:0,type:0,xpos:0.000000,ypos:0.000000,xspeed:8.730000,yspeed:0.270000,angle:2.220000,distense:75.000000,rcs:28.000000
timestame:1619470171.571000000,objid:1,type:0,xpos:0.000000,ypos:0.000000,xspeed:10.040000,yspeed:0.500000,angle:2.700000,distense:45.800000,rcs:33.000000
timestame:1619470171.571000000,objid:3,type:0,xpos:0.000000,ypos:0.000000,xspeed:10.770000,yspeed:0.000000,angle:3.670000,distense:114.200000,rcs:16.000000
timestame:1619470171.571000000,objid:4,type:0,xpos:0.000000,ypos:0.000000,xspeed:4.960000,yspeed:1.080000,angle:19.360000,distense:28.800000,rcs:9.000000
