timestame:1619469873.721000000,objid:0,type:0,xpos:0.000000,ypos:0.000000,xspeed:-2.700000,yspeed:-0.260000,angle:-18.000000,distense:26.000000,rcs:6.000000
timestame:1619469873.721000000,objid:3,type:0,xpos:0.000000,ypos:0.000000,xspeed:1.480000,yspeed:-9.530000,angle:14.500000,distense:45.400000,rcs:27.000000
timestame:1619469873.721000000,objid:8,type:0,xpos:0.000000,ypos:0.000000,xspeed:-3.030000,yspeed:-0.210000,angle:-18.000000,distense:23.600000,rcs:6.000000
timestame:1619469873.721000000,objid:11,type:0,xpos:0.000000,ypos:0.000000,xspeed:5.810000,yspeed:2.240000,angle:-9.920000,distense:51.600000,rcs:9.000000
