timestame:1619471462.737000000,objid:1,type:0,xpos:0.000000,ypos:0.000000,xspeed:-5.980000,yspeed:-0.820000,angle:-5.980000,distense:114.000000,rcs:12.000000
timestame:1619471462.737000000,objid:3,type:0,xpos:0.000000,ypos:0.000000,xspeed:-7.250000,yspeed:-1.310000,angle:-5.520000,distense:179.400000,rcs:6.000000
