timestame:1619471551.987000000,objid:7,type:0,xpos:0.000000,ypos:0.000000,xspeed:-2.150000,yspeed:-3.650000,angle:-13.650000,distense:62.800000,rcs:9.000000
timestame:1619471551.987000000,objid:13,type:0,xpos:0.000000,ypos:0.000000,xspeed:3.790000,yspeed:0.940000,angle:21.150000,distense:26.800000,rcs:27.000000
timestame:1619471551.987000000,objid:14,type:0,xpos:0.000000,ypos:0.000000,xspeed:1.900000,yspeed:-6.940000,angle:-10.440000,distense:59.600000,rcs:9.000000
timestame:1619471551.987000000,objid:15,type:0,xpos:0.000000,ypos:0.000000,xspeed:-1.720000,yspeed:-2.860000,angle:-18.000000,distense:35.000000,rcs:15.000000
