timestame:1619469911.682000000,objid:1,type:0,xpos:0.000000,ypos:0.000000,xspeed:4.330000,yspeed:-0.070000,angle:1.720000,distense:83.000000,rcs:25.000000
timestame:1619469911.682000000,objid:2,type:0,xpos:0.000000,ypos:0.000000,xspeed:10.810000,yspeed:0.110000,angle:2.760000,distense:150.000000,rcs:20.000000
timestame:1619469911.682000000,objid:8,type:0,xpos:0.000000,ypos:0.000000,xspeed:4.320000,yspeed:0.090000,angle:2.280000,distense:76.400000,rcs:34.000000
