timestame:1619469559.226000000,objid:2,type:0,xpos:0.000000,ypos:0.000000,xspeed:-1.030000,yspeed:4.510000,angle:5.540000,distense:34.400000,rcs:9.000000
timestame:1619469559.226000000,objid:5,type:0,xpos:0.000000,ypos:0.000000,xspeed:1.190000,yspeed:-1.230000,angle:-13.100000,distense:43.200000,rcs:6.000000
timestame:1619469559.226000000,objid:13,type:0,xpos:0.000000,ypos:0.000000,xspeed:1.820000,yspeed:-8.650000,angle:-18.000000,distense:58.600000,rcs:9.000000
timestame:1619469559.226000000,objid:14,type:0,xpos:0.000000,ypos:0.000000,xspeed:-4.070000,yspeed:11.290000,angle:-7.250000,distense:47.200000,rcs:6.000000
