timestame:1619469690.562000000,objid:1,type:0,xpos:0.000000,ypos:0.000000,xspeed:-1.450000,yspeed:2.490000,angle:-18.000000,distense:53.000000,rcs:18.000000
timestame:1619469690.562000000,objid:2,type:0,xpos:0.000000,ypos:0.000000,xspeed:1.470000,yspeed:-7.730000,angle:-3.560000,distense:58.400000,rcs:24.000000
timestame:1619469690.562000000,objid:4,type:0,xpos:0.000000,ypos:0.000000,xspeed:3.010000,yspeed:-5.870000,angle:-16.580000,distense:47.200000,rcs:16.000000
timestame:1619469690.562000000,objid:13,type:0,xpos:0.000000,ypos:0.000000,xspeed:-1.730000,yspeed:6.810000,angle:3.630000,distense:35.400000,rcs:25.000000
