timestame:1619471156.542000000,objid:7,type:0,xpos:0.000000,ypos:0.000000,xspeed:7.710000,yspeed:6.550000,angle:-11.330000,distense:23.400000,rcs:9.000000
timestame:1619471156.542000000,objid:8,type:0,xpos:0.000000,ypos:0.000000,xspeed:5.210000,yspeed:2.710000,angle:-16.220000,distense:31.400000,rcs:27.000000
timestame:1619471156.542000000,objid:14,type:0,xpos:0.000000,ypos:0.000000,xspeed:-1.830000,yspeed:-3.260000,angle:-18.000000,distense:41.000000,rcs:21.000000
timestame:1619471156.542000000,objid:17,type:0,xpos:0.000000,ypos:0.000000,xspeed:8.480000,yspeed:-5.410000,angle:-1.050000,distense:72.200000,rcs:6.000000
