timestame:1619469695.298000000,objid:1,type:0,xpos:0.000000,ypos:0.000000,xspeed:-1.490000,yspeed:6.840000,angle:10.090000,distense:41.000000,rcs:26.000000
timestame:1619469695.298000000,objid:4,type:0,xpos:0.000000,ypos:0.000000,xspeed:1.060000,yspeed:-4.300000,angle:-1.430000,distense:47.200000,rcs:28.000000
timestame:1619469695.298000000,objid:7,type:0,xpos:0.000000,ypos:0.000000,xspeed:-1.470000,yspeed:7.350000,angle:5.840000,distense:41.800000,rcs:22.000000
timestame:1619469695.298000000,objid:8,type:0,xpos:0.000000,ypos:0.000000,xspeed:2.130000,yspeed:-7.640000,angle:-18.000000,distense:78.200000,rcs:6.000000
