timestame:1619470832.326000000,objid:0,type:0,xpos:0.000000,ypos:0.000000,xspeed:5.840000,yspeed:-4.470000,angle:2.750000,distense:108.800000,rcs:20.000000
timestame:1619470832.326000000,objid:1,type:0,xpos:0.000000,ypos:0.000000,xspeed:9.590000,yspeed:0.070000,angle:2.880000,distense:116.600000,rcs:18.000000
timestame:1619470832.326000000,objid:3,type:0,xpos:0.000000,ypos:0.000000,xspeed:8.840000,yspeed:0.010000,angle:3.510000,distense:107.800000,rcs:21.000000
timestame:1619470832.326000000,objid:6,type:0,xpos:0.000000,ypos:0.000000,xspeed:12.610000,yspeed:-0.020000,angle:1.200000,distense:150.200000,rcs:22.000000
