timestame:1619469910.751000000,objid:1,type:0,xpos:0.000000,ypos:0.000000,xspeed:4.100000,yspeed:-0.070000,angle:1.850000,distense:78.600000,rcs:22.000000
timestame:1619469910.751000000,objid:2,type:0,xpos:0.000000,ypos:0.000000,xspeed:10.240000,yspeed:0.020000,angle:2.870000,distense:139.000000,rcs:16.000000
timestame:1619469910.751000000,objid:8,type:0,xpos:0.000000,ypos:0.000000,xspeed:4.130000,yspeed:0.190000,angle:2.460000,distense:71.800000,rcs:26.000000
