timestame:1619469694.297000000,objid:1,type:0,xpos:0.000000,ypos:0.000000,xspeed:-1.560000,yspeed:6.660000,angle:-0.030000,distense:41.800000,rcs:26.000000
timestame:1619469694.297000000,objid:6,type:0,xpos:0.000000,ypos:0.000000,xspeed:1.780000,yspeed:-4.500000,angle:15.400000,distense:47.400000,rcs:20.000000
timestame:1619469694.297000000,objid:7,type:0,xpos:0.000000,ypos:0.000000,xspeed:-2.270000,yspeed:10.250000,angle:-3.410000,distense:42.800000,rcs:23.000000
timestame:1619469694.297000000,objid:8,type:0,xpos:0.000000,ypos:0.000000,xspeed:2.140000,yspeed:-7.310000,angle:-18.000000,distense:72.400000,rcs:12.000000
