timestame:1619471147.480000000,objid:1,type:0,xpos:0.000000,ypos:0.000000,xspeed:-1.180000,yspeed:6.050000,angle:-16.660000,distense:40.800000,rcs:9.000000
timestame:1619471147.480000000,objid:4,type:0,xpos:0.000000,ypos:0.000000,xspeed:2.330000,yspeed:0.000000,angle:-17.280000,distense:47.800000,rcs:15.000000
timestame:1619471147.480000000,objid:5,type:0,xpos:0.000000,ypos:0.000000,xspeed:-1.240000,yspeed:6.640000,angle:3.260000,distense:41.200000,rcs:28.000000
timestame:1619471147.480000000,objid:9,type:0,xpos:0.000000,ypos:0.000000,xspeed:-1.620000,yspeed:5.780000,angle:-1.820000,distense:41.600000,rcs:24.000000
