timestame:1619471517.863000000,objid:3,type:0,xpos:0.000000,ypos:0.000000,xspeed:29.220000,yspeed:-0.240000,angle:0.250000,distense:188.600000,rcs:9.000000
timestame:1619471517.863000000,objid:7,type:0,xpos:0.000000,ypos:0.000000,xspeed:16.130000,yspeed:0.260000,angle:1.560000,distense:179.000000,rcs:13.000000
timestame:1619471517.863000000,objid:10,type:0,xpos:0.000000,ypos:0.000000,xspeed:16.120000,yspeed:0.130000,angle:1.360000,distense:168.400000,rcs:23.000000
