timestame:1619471163.306000000,objid:3,type:0,xpos:0.000000,ypos:0.000000,xspeed:4.230000,yspeed:3.850000,angle:-14.440000,distense:38.400000,rcs:18.000000
timestame:1619471163.306000000,objid:5,type:0,xpos:0.000000,ypos:0.000000,xspeed:2.690000,yspeed:5.750000,angle:-5.900000,distense:46.000000,rcs:6.000000
timestame:1619471163.306000000,objid:8,type:0,xpos:0.000000,ypos:0.000000,xspeed:4.040000,yspeed:3.720000,angle:-12.430000,distense:41.400000,rcs:12.000000
