timestame:1619470082.461000000,objid:4,type:0,xpos:0.000000,ypos:0.000000,xspeed:2.290000,yspeed:-9.080000,angle:-7.280000,distense:52.600000,rcs:15.000000
timestame:1619470082.461000000,objid:5,type:0,xpos:0.000000,ypos:0.000000,xspeed:1.710000,yspeed:-8.400000,angle:-4.320000,distense:51.200000,rcs:15.000000
timestame:1619470082.461000000,objid:7,type:0,xpos:0.000000,ypos:0.000000,xspeed:2.530000,yspeed:-5.820000,angle:-8.560000,distense:48.000000,rcs:20.000000
