timestame:1619471164.480000000,objid:0,type:0,xpos:0.000000,ypos:0.000000,xspeed:-9.940000,yspeed:2.980000,angle:-3.120000,distense:163.000000,rcs:12.000000
timestame:1619471164.480000000,objid:3,type:0,xpos:0.000000,ypos:0.000000,xspeed:3.130000,yspeed:5.000000,angle:-8.110000,distense:44.200000,rcs:6.000000
timestame:1619471164.480000000,objid:8,type:0,xpos:0.000000,ypos:0.000000,xspeed:2.930000,yspeed:4.560000,angle:-6.700000,distense:46.400000,rcs:6.000000
