timestame:1619470057.182000000,objid:0,type:0,xpos:0.000000,ypos:0.000000,xspeed:-11.450000,yspeed:0.190000,angle:-4.080000,distense:115.000000,rcs:19.000000
timestame:1619470057.182000000,objid:5,type:0,xpos:0.000000,ypos:0.000000,xspeed:9.290000,yspeed:0.200000,angle:2.720000,distense:158.600000,rcs:23.000000
