timestame:1619469623.422000000,objid:1,type:0,xpos:0.000000,ypos:0.000000,xspeed:-4.080000,yspeed:-0.070000,angle:-16.910000,distense:56.800000,rcs:23.000000
timestame:1619469623.422000000,objid:2,type:0,xpos:0.000000,ypos:0.000000,xspeed:-3.760000,yspeed:-0.170000,angle:-14.150000,distense:69.800000,rcs:23.000000
timestame:1619469623.422000000,objid:4,type:0,xpos:0.000000,ypos:0.000000,xspeed:-14.240000,yspeed:-0.360000,angle:-10.720000,distense:63.600000,rcs:20.000000
