timestame:1619469485.060000000,objid:1,type:0,xpos:0.000000,ypos:0.000000,xspeed:-5.380000,yspeed:-1.620000,angle:-13.000000,distense:71.400000,rcs:20.000000
timestame:1619469485.060000000,objid:3,type:0,xpos:0.000000,ypos:0.000000,xspeed:2.130000,yspeed:0.280000,angle:11.870000,distense:18.400000,rcs:32.000000
timestame:1619469485.060000000,objid:7,type:0,xpos:0.000000,ypos:0.000000,xspeed:-2.240000,yspeed:-0.060000,angle:-10.790000,distense:86.200000,rcs:19.000000
timestame:1619469485.060000000,objid:11,type:0,xpos:0.000000,ypos:0.000000,xspeed:-1.220000,yspeed:-0.540000,angle:-9.160000,distense:81.000000,rcs:13.000000
