timestame:1619469948.979000000,objid:4,type:0,xpos:0.000000,ypos:0.000000,xspeed:1.370000,yspeed:-4.730000,angle:7.490000,distense:52.800000,rcs:32.000000
timestame:1619469948.979000000,objid:6,type:0,xpos:0.000000,ypos:0.000000,xspeed:-1.270000,yspeed:-8.140000,angle:7.960000,distense:168.400000,rcs:16.000000
timestame:1619469948.979000000,objid:7,type:0,xpos:0.000000,ypos:0.000000,xspeed:2.280000,yspeed:3.710000,angle:21.990000,distense:46.000000,rcs:22.000000
timestame:1619469948.979000000,objid:8,type:0,xpos:0.000000,ypos:0.000000,xspeed:-1.660000,yspeed:6.040000,angle:-16.740000,distense:46.200000,rcs:9.000000
