timestame:1619471033.916000000,objid:0,type:0,xpos:0.000000,ypos:0.000000,xspeed:-1.510000,yspeed:-1.380000,angle:-18.000000,distense:38.800000,rcs:6.000000
timestame:1619471033.916000000,objid:6,type:0,xpos:0.000000,ypos:0.000000,xspeed:3.380000,yspeed:3.500000,angle:-10.230000,distense:40.200000,rcs:9.000000
timestame:1619471033.916000000,objid:8,type:0,xpos:0.000000,ypos:0.000000,xspeed:-2.100000,yspeed:-0.810000,angle:-18.000000,distense:35.600000,rcs:15.000000
timestame:1619471033.916000000,objid:14,type:0,xpos:0.000000,ypos:0.000000,xspeed:-1.780000,yspeed:-3.210000,angle:6.640000,distense:43.400000,rcs:39.000000
