timestame:1619470703.125000000,objid:0,type:0,xpos:0.000000,ypos:0.000000,xspeed:4.110000,yspeed:2.460000,angle:22.090000,distense:32.800000,rcs:15.000000
timestame:1619470703.125000000,objid:1,type:0,xpos:0.000000,ypos:0.000000,xspeed:10.460000,yspeed:-0.120000,angle:2.850000,distense:129.400000,rcs:13.000000
timestame:1619470703.125000000,objid:2,type:0,xpos:0.000000,ypos:0.000000,xspeed:-8.560000,yspeed:-0.230000,angle:-14.600000,distense:79.200000,rcs:6.000000
