timestame:1619471092.862000000,objid:1,type:0,xpos:0.000000,ypos:0.000000,xspeed:12.320000,yspeed:-0.220000,angle:3.220000,distense:81.800000,rcs:23.000000
timestame:1619471092.862000000,objid:2,type:0,xpos:0.000000,ypos:0.000000,xspeed:6.980000,yspeed:0.260000,angle:2.260000,distense:62.200000,rcs:41.000000
timestame:1619471092.862000000,objid:5,type:0,xpos:0.000000,ypos:0.000000,xspeed:12.720000,yspeed:0.120000,angle:1.500000,distense:132.400000,rcs:9.000000
