timestame:1619471153.317000000,objid:1,type:0,xpos:0.000000,ypos:0.000000,xspeed:-7.450000,yspeed:-5.430000,angle:6.610000,distense:76.600000,rcs:6.000000
timestame:1619471153.317000000,objid:2,type:0,xpos:0.000000,ypos:0.000000,xspeed:-2.180000,yspeed:10.960000,angle:-13.730000,distense:41.200000,rcs:6.000000
