timestame:1619471371.380000000,objid:1,type:0,xpos:0.000000,ypos:0.000000,xspeed:8.720000,yspeed:-0.080000,angle:2.340000,distense:153.800000,rcs:15.000000
timestame:1619471371.380000000,objid:7,type:0,xpos:0.000000,ypos:0.000000,xspeed:10.530000,yspeed:0.200000,angle:1.500000,distense:200.200000,rcs:13.000000
