timestame:1619470039.385000000,objid:0,type:0,xpos:0.000000,ypos:0.000000,xspeed:1.880000,yspeed:0.580000,angle:10.760000,distense:31.800000,rcs:29.000000
timestame:1619470039.385000000,objid:1,type:0,xpos:0.000000,ypos:0.000000,xspeed:11.220000,yspeed:0.040000,angle:1.460000,distense:125.200000,rcs:13.000000
timestame:1619470039.385000000,objid:3,type:0,xpos:0.000000,ypos:0.000000,xspeed:12.770000,yspeed:0.170000,angle:1.940000,distense:97.000000,rcs:24.000000
timestame:1619470039.385000000,objid:5,type:0,xpos:0.000000,ypos:0.000000,xspeed:3.670000,yspeed:-0.040000,angle:7.610000,distense:30.400000,rcs:25.000000
