timestame:1619470277.680000000,objid:1,type:0,xpos:0.000000,ypos:0.000000,xspeed:-10.230000,yspeed:0.110000,angle:-5.670000,distense:86.000000,rcs:12.000000
timestame:1619470277.680000000,objid:2,type:0,xpos:0.000000,ypos:0.000000,xspeed:-2.230000,yspeed:0.100000,angle:-7.140000,distense:87.000000,rcs:12.000000
timestame:1619470277.680000000,objid:11,type:0,xpos:0.000000,ypos:0.000000,xspeed:-2.430000,yspeed:-0.340000,angle:-10.280000,distense:72.200000,rcs:24.000000
