timestame:1619470276.195000000,objid:1,type:0,xpos:0.000000,ypos:0.000000,xspeed:-10.330000,yspeed:0.140000,angle:-4.960000,distense:101.200000,rcs:12.000000
timestame:1619470276.195000000,objid:2,type:0,xpos:0.000000,ypos:0.000000,xspeed:-1.430000,yspeed:0.360000,angle:-6.660000,distense:91.200000,rcs:15.000000
timestame:1619470276.195000000,objid:11,type:0,xpos:0.000000,ypos:0.000000,xspeed:-1.490000,yspeed:-0.180000,angle:-9.220000,distense:76.800000,rcs:25.000000
timestame:1619470276.195000000,objid:22,type:0,xpos:0.000000,ypos:0.000000,xspeed:-1.240000,yspeed:-0.040000,angle:-7.880000,distense:84.200000,rcs:12.000000
