timestame:1619470213.462000000,objid:1,type:0,xpos:0.000000,ypos:0.000000,xspeed:-2.220000,yspeed:9.710000,angle:-6.310000,distense:41.000000,rcs:9.000000
timestame:1619470213.462000000,objid:2,type:0,xpos:0.000000,ypos:0.000000,xspeed:-2.230000,yspeed:8.130000,angle:-4.040000,distense:40.400000,rcs:18.000000
timestame:1619470213.462000000,objid:6,type:0,xpos:0.000000,ypos:0.000000,xspeed:-5.860000,yspeed:14.500000,angle:-0.240000,distense:39.400000,rcs:16.000000
timestame:1619470213.462000000,objid:9,type:0,xpos:0.000000,ypos:0.000000,xspeed:1.740000,yspeed:4.510000,angle:-3.570000,distense:40.200000,rcs:9.000000
