timestame:1619470767.717000000,objid:0,type:0,xpos:0.000000,ypos:0.000000,xspeed:-11.860000,yspeed:-2.160000,angle:-4.790000,distense:180.000000,rcs:20.000000
timestame:1619470767.717000000,objid:1,type:0,xpos:0.000000,ypos:0.000000,xspeed:10.190000,yspeed:0.000000,angle:2.280000,distense:60.400000,rcs:30.000000
timestame:1619470767.717000000,objid:9,type:0,xpos:0.000000,ypos:0.000000,xspeed:7.350000,yspeed:0.230000,angle:2.360000,distense:57.600000,rcs:35.000000
