timestame:1619471533.261000000,objid:2,type:0,xpos:0.000000,ypos:0.000000,xspeed:-10.020000,yspeed:-3.280000,angle:-3.200000,distense:175.800000,rcs:13.000000
timestame:1619471533.261000000,objid:4,type:0,xpos:0.000000,ypos:0.000000,xspeed:-13.440000,yspeed:-1.400000,angle:-3.450000,distense:178.400000,rcs:12.000000
timestame:1619471533.261000000,objid:6,type:0,xpos:0.000000,ypos:0.000000,xspeed:2.500000,yspeed:2.870000,angle:12.370000,distense:45.800000,rcs:31.000000
timestame:1619471533.261000000,objid:10,type:0,xpos:0.000000,ypos:0.000000,xspeed:-13.390000,yspeed:-0.770000,angle:-3.650000,distense:186.000000,rcs:6.000000
