timestame:1619470145.132000000,objid:0,type:0,xpos:0.000000,ypos:0.000000,xspeed:3.830000,yspeed:1.550000,angle:21.260000,distense:34.000000,rcs:18.000000
timestame:1619470145.132000000,objid:2,type:0,xpos:0.000000,ypos:0.000000,xspeed:2.430000,yspeed:-0.440000,angle:20.350000,distense:27.800000,rcs:25.000000
