timestame:1619470227.347000000,objid:8,type:0,xpos:0.000000,ypos:0.000000,xspeed:-1.730000,yspeed:-2.520000,angle:-12.350000,distense:41.200000,rcs:34.000000
timestame:1619470227.347000000,objid:11,type:0,xpos:0.000000,ypos:0.000000,xspeed:-10.830000,yspeed:0.360000,angle:-3.380000,distense:191.200000,rcs:6.000000
