timestame:1619470044.277000000,objid:0,type:0,xpos:0.000000,ypos:0.000000,xspeed:4.930000,yspeed:-0.920000,angle:4.910000,distense:65.400000,rcs:13.000000
timestame:1619470044.277000000,objid:1,type:0,xpos:0.000000,ypos:0.000000,xspeed:13.300000,yspeed:-0.010000,angle:0.960000,distense:189.600000,rcs:6.000000
timestame:1619470044.277000000,objid:3,type:0,xpos:0.000000,ypos:0.000000,xspeed:14.090000,yspeed:0.160000,angle:1.340000,distense:165.000000,rcs:12.000000
timestame:1619470044.277000000,objid:5,type:0,xpos:0.000000,ypos:0.000000,xspeed:5.570000,yspeed:0.490000,angle:6.140000,distense:55.600000,rcs:36.000000
