timestame:1619470793.369000000,objid:4,type:0,xpos:0.000000,ypos:0.000000,xspeed:2.140000,yspeed:-9.010000,angle:-1.350000,distense:51.400000,rcs:22.000000
timestame:1619470793.369000000,objid:6,type:0,xpos:0.000000,ypos:0.000000,xspeed:11.390000,yspeed:-4.230000,angle:9.320000,distense:59.800000,rcs:6.000000
timestame:1619470793.369000000,objid:7,type:0,xpos:0.000000,ypos:0.000000,xspeed:2.790000,yspeed:1.930000,angle:13.920000,distense:52.800000,rcs:6.000000
timestame:1619470793.369000000,objid:11,type:0,xpos:0.000000,ypos:0.000000,xspeed:-16.320000,yspeed:0.000000,angle:-2.830000,distense:47.800000,rcs:25.000000
