timestame:1619470701.440000000,objid:0,type:0,xpos:0.000000,ypos:0.000000,xspeed:5.010000,yspeed:1.180000,angle:18.480000,distense:25.000000,rcs:27.000000
timestame:1619470701.440000000,objid:1,type:0,xpos:0.000000,ypos:0.000000,xspeed:9.590000,yspeed:0.150000,angle:3.700000,distense:111.000000,rcs:15.000000
timestame:1619470701.440000000,objid:2,type:0,xpos:0.000000,ypos:0.000000,xspeed:-8.940000,yspeed:0.340000,angle:-11.760000,distense:92.600000,rcs:16.000000
