timestame:1619471499.537000000,objid:0,type:0,xpos:0.000000,ypos:0.000000,xspeed:7.940000,yspeed:0.160000,angle:1.830000,distense:94.200000,rcs:23.000000
timestame:1619471499.537000000,objid:3,type:0,xpos:0.000000,ypos:0.000000,xspeed:7.820000,yspeed:0.040000,angle:3.290000,distense:123.400000,rcs:19.000000
timestame:1619471499.537000000,objid:10,type:0,xpos:0.000000,ypos:0.000000,xspeed:7.170000,yspeed:0.270000,angle:5.350000,distense:82.400000,rcs:22.000000
