timestame:1619471152.384000000,objid:0,type:0,xpos:0.000000,ypos:0.000000,xspeed:-1.170000,yspeed:7.620000,angle:14.380000,distense:40.000000,rcs:6.000000
timestame:1619471152.384000000,objid:1,type:0,xpos:0.000000,ypos:0.000000,xspeed:-7.780000,yspeed:-3.090000,angle:10.340000,distense:84.400000,rcs:9.000000
