timestame:1619470047.315000000,objid:0,type:0,xpos:0.000000,ypos:0.000000,xspeed:6.580000,yspeed:0.320000,angle:4.570000,distense:86.400000,rcs:16.000000
timestame:1619470047.315000000,objid:3,type:0,xpos:0.000000,ypos:0.000000,xspeed:14.880000,yspeed:0.250000,angle:1.240000,distense:210.800000,rcs:16.000000
timestame:1619470047.315000000,objid:5,type:0,xpos:0.000000,ypos:0.000000,xspeed:6.660000,yspeed:0.240000,angle:4.990000,distense:76.800000,rcs:27.000000
