timestame:1619469714.006000000,objid:3,type:0,xpos:0.000000,ypos:0.000000,xspeed:13.450000,yspeed:-1.140000,angle:1.200000,distense:144.200000,rcs:13.000000
timestame:1619469714.006000000,objid:6,type:0,xpos:0.000000,ypos:0.000000,xspeed:-1.600000,yspeed:7.020000,angle:12.970000,distense:36.600000,rcs:22.000000
