timestame:1619469685.699000000,objid:2,type:0,xpos:0.000000,ypos:0.000000,xspeed:-1.620000,yspeed:5.500000,angle:-18.000000,distense:47.000000,rcs:16.000000
timestame:1619469685.699000000,objid:4,type:0,xpos:0.000000,ypos:0.000000,xspeed:-1.990000,yspeed:8.190000,angle:-11.690000,distense:47.600000,rcs:21.000000
timestame:1619469685.699000000,objid:5,type:0,xpos:0.000000,ypos:0.000000,xspeed:1.270000,yspeed:-4.610000,angle:12.450000,distense:48.800000,rcs:31.000000
timestame:1619469685.699000000,objid:6,type:0,xpos:0.000000,ypos:0.000000,xspeed:-4.330000,yspeed:6.740000,angle:-15.360000,distense:45.000000,rcs:18.000000
