timestame:1619470967.600000000,objid:0,type:0,xpos:0.000000,ypos:0.000000,xspeed:4.670000,yspeed:0.240000,angle:5.450000,distense:69.000000,rcs:34.000000
timestame:1619470967.600000000,objid:1,type:0,xpos:0.000000,ypos:0.000000,xspeed:13.650000,yspeed:0.380000,angle:1.120000,distense:171.800000,rcs:22.000000
timestame:1619470967.600000000,objid:6,type:0,xpos:0.000000,ypos:0.000000,xspeed:11.770000,yspeed:0.330000,angle:1.870000,distense:145.400000,rcs:16.000000
timestame:1619470967.600000000,objid:7,type:0,xpos:0.000000,ypos:0.000000,xspeed:6.330000,yspeed:1.720000,angle:20.380000,distense:28.400000,rcs:32.000000
