timestame:1619470050.480000000,objid:0,type:0,xpos:0.000000,ypos:0.000000,xspeed:7.000000,yspeed:0.030000,angle:3.570000,distense:108.400000,rcs:6.000000
timestame:1619470050.480000000,objid:5,type:0,xpos:0.000000,ypos:0.000000,xspeed:6.990000,yspeed:0.200000,angle:4.070000,distense:98.800000,rcs:21.000000
