timestame:1619471519.356000000,objid:7,type:0,xpos:0.000000,ypos:0.000000,xspeed:16.630000,yspeed:0.240000,angle:1.440000,distense:204.400000,rcs:20.000000
timestame:1619471519.356000000,objid:10,type:0,xpos:0.000000,ypos:0.000000,xspeed:16.580000,yspeed:0.270000,angle:1.370000,distense:193.800000,rcs:24.000000
