timestame:1619470922.657000000,objid:2,type:0,xpos:0.000000,ypos:0.000000,xspeed:1.020000,yspeed:-0.090000,angle:10.080000,distense:15.000000,rcs:26.000000
timestame:1619470922.657000000,objid:3,type:0,xpos:0.000000,ypos:0.000000,xspeed:-11.360000,yspeed:-0.760000,angle:-5.590000,distense:144.000000,rcs:12.000000
