timestame:1619470945.133000000,objid:1,type:0,xpos:0.000000,ypos:0.000000,xspeed:-7.280000,yspeed:-0.090000,angle:-18.000000,distense:35.600000,rcs:13.000000
timestame:1619470945.133000000,objid:5,type:0,xpos:0.000000,ypos:0.000000,xspeed:-6.240000,yspeed:-0.360000,angle:-18.000000,distense:42.800000,rcs:12.000000
timestame:1619470945.133000000,objid:7,type:0,xpos:0.000000,ypos:0.000000,xspeed:-5.850000,yspeed:-0.350000,angle:-18.000000,distense:40.400000,rcs:9.000000
