timestame:1619469915.029000000,objid:1,type:0,xpos:0.000000,ypos:0.000000,xspeed:5.210000,yspeed:0.010000,angle:1.540000,distense:100.600000,rcs:25.000000
timestame:1619469915.029000000,objid:2,type:0,xpos:0.000000,ypos:0.000000,xspeed:13.010000,yspeed:0.350000,angle:2.530000,distense:193.800000,rcs:20.000000
timestame:1619469915.029000000,objid:8,type:0,xpos:0.000000,ypos:0.000000,xspeed:5.150000,yspeed:-0.070000,angle:1.650000,distense:93.600000,rcs:30.000000
