timestame:1619471082.922000000,objid:4,type:0,xpos:0.000000,ypos:0.000000,xspeed:3.250000,yspeed:0.110000,angle:1.180000,distense:30.400000,rcs:27.000000
timestame:1619471082.922000000,objid:10,type:0,xpos:0.000000,ypos:0.000000,xspeed:5.870000,yspeed:0.560000,angle:2.060000,distense:46.400000,rcs:9.000000
