timestame:1619471365.257000000,objid:1,type:0,xpos:0.000000,ypos:0.000000,xspeed:6.420000,yspeed:-0.890000,angle:3.360000,distense:102.000000,rcs:23.000000
timestame:1619471365.257000000,objid:2,type:0,xpos:0.000000,ypos:0.000000,xspeed:7.470000,yspeed:-0.180000,angle:3.490000,distense:107.600000,rcs:19.000000
timestame:1619471365.257000000,objid:4,type:0,xpos:0.000000,ypos:0.000000,xspeed:6.710000,yspeed:0.150000,angle:4.640000,distense:99.400000,rcs:6.000000
timestame:1619471365.257000000,objid:7,type:0,xpos:0.000000,ypos:0.000000,xspeed:11.260000,yspeed:0.350000,angle:1.710000,distense:132.200000,rcs:25.000000
