timestame:1619471022.128000000,objid:0,type:0,xpos:0.000000,ypos:0.000000,xspeed:-1.480000,yspeed:-2.700000,angle:-6.000000,distense:38.000000,rcs:36.000000
timestame:1619471022.128000000,objid:1,type:0,xpos:0.000000,ypos:0.000000,xspeed:1.910000,yspeed:3.170000,angle:-18.000000,distense:49.400000,rcs:15.000000
timestame:1619471022.128000000,objid:2,type:0,xpos:0.000000,ypos:0.000000,xspeed:-5.610000,yspeed:-3.150000,angle:-18.000000,distense:26.200000,rcs:9.000000
timestame:1619471022.128000000,objid:6,type:0,xpos:0.000000,ypos:0.000000,xspeed:-1.800000,yspeed:-5.020000,angle:-18.000000,distense:35.600000,rcs:20.000000
