timestame:1619471532.830000000,objid:4,type:0,xpos:0.000000,ypos:0.000000,xspeed:-13.400000,yspeed:-0.600000,angle:-3.020000,distense:184.000000,rcs:9.000000
timestame:1619471532.830000000,objid:6,type:0,xpos:0.000000,ypos:0.000000,xspeed:2.720000,yspeed:3.010000,angle:11.140000,distense:44.800000,rcs:27.000000
timestame:1619471532.830000000,objid:7,type:0,xpos:0.000000,ypos:0.000000,xspeed:2.610000,yspeed:-4.320000,angle:10.660000,distense:53.800000,rcs:9.000000
timestame:1619471532.830000000,objid:10,type:0,xpos:0.000000,ypos:0.000000,xspeed:-12.570000,yspeed:-4.650000,angle:-3.810000,distense:192.000000,rcs:9.000000
