timestame:1619470191.467000000,objid:0,type:0,xpos:0.000000,ypos:0.000000,xspeed:-5.230000,yspeed:5.140000,angle:3.420000,distense:45.400000,rcs:18.000000
timestame:1619470191.467000000,objid:1,type:0,xpos:0.000000,ypos:0.000000,xspeed:2.460000,yspeed:2.570000,angle:5.840000,distense:136.400000,rcs:30.000000
timestame:1619470191.467000000,objid:2,type:0,xpos:0.000000,ypos:0.000000,xspeed:-5.410000,yspeed:4.640000,angle:6.420000,distense:43.800000,rcs:33.000000
