timestame:1619470166.306000000,objid:0,type:0,xpos:0.000000,ypos:0.000000,xspeed:4.550000,yspeed:0.250000,angle:2.250000,distense:32.000000,rcs:38.000000
timestame:1619470166.306000000,objid:3,type:0,xpos:0.000000,ypos:0.000000,xspeed:6.760000,yspeed:0.440000,angle:6.580000,distense:61.400000,rcs:35.000000
