timestame:1619471092.677000000,objid:1,type:0,xpos:0.000000,ypos:0.000000,xspeed:12.180000,yspeed:-0.190000,angle:3.390000,distense:79.400000,rcs:19.000000
timestame:1619471092.677000000,objid:2,type:0,xpos:0.000000,ypos:0.000000,xspeed:6.900000,yspeed:0.280000,angle:2.290000,distense:60.800000,rcs:48.000000
timestame:1619471092.677000000,objid:5,type:0,xpos:0.000000,ypos:0.000000,xspeed:12.680000,yspeed:-0.040000,angle:1.390000,distense:130.000000,rcs:9.000000
