timestame:1619471033.608000000,objid:0,type:0,xpos:0.000000,ypos:0.000000,xspeed:-1.470000,yspeed:-1.390000,angle:-18.000000,distense:39.200000,rcs:20.000000
timestame:1619471033.608000000,objid:6,type:0,xpos:0.000000,ypos:0.000000,xspeed:3.500000,yspeed:3.350000,angle:-11.160000,distense:38.800000,rcs:13.000000
timestame:1619471033.608000000,objid:8,type:0,xpos:0.000000,ypos:0.000000,xspeed:-2.440000,yspeed:-1.220000,angle:-18.000000,distense:35.800000,rcs:19.000000
timestame:1619471033.608000000,objid:14,type:0,xpos:0.000000,ypos:0.000000,xspeed:-2.370000,yspeed:-3.470000,angle:7.650000,distense:43.600000,rcs:42.000000
