timestame:1619470658.737000000,objid:1,type:0,xpos:0.000000,ypos:0.000000,xspeed:-7.460000,yspeed:-0.470000,angle:-8.560000,distense:101.400000,rcs:15.000000
timestame:1619470658.737000000,objid:2,type:0,xpos:0.000000,ypos:0.000000,xspeed:4.960000,yspeed:2.040000,angle:21.350000,distense:32.800000,rcs:13.000000
timestame:1619470658.737000000,objid:7,type:0,xpos:0.000000,ypos:0.000000,xspeed:-3.210000,yspeed:-0.780000,angle:-18.000000,distense:27.600000,rcs:6.000000
timestame:1619470658.737000000,objid:11,type:0,xpos:0.000000,ypos:0.000000,xspeed:-2.900000,yspeed:-2.110000,angle:-18.000000,distense:31.000000,rcs:13.000000
