timestame:1619471448.448000000,objid:3,type:0,xpos:0.000000,ypos:0.000000,xspeed:-3.200000,yspeed:0.000000,angle:-5.750000,distense:108.800000,rcs:18.000000
timestame:1619471448.448000000,objid:11,type:0,xpos:0.000000,ypos:0.000000,xspeed:-2.920000,yspeed:-0.810000,angle:-8.390000,distense:98.800000,rcs:20.000000
timestame:1619471448.448000000,objid:13,type:0,xpos:0.000000,ypos:0.000000,xspeed:-3.300000,yspeed:0.110000,angle:16.610000,distense:47.800000,rcs:15.000000
