timestame:1619470189.988000000,objid:2,type:0,xpos:0.000000,ypos:0.000000,xspeed:-5.870000,yspeed:3.530000,angle:-2.930000,distense:51.400000,rcs:34.000000
timestame:1619470189.988000000,objid:7,type:0,xpos:0.000000,ypos:0.000000,xspeed:3.670000,yspeed:0.440000,angle:6.050000,distense:137.800000,rcs:16.000000
