timestame:1619471445.836000000,objid:3,type:0,xpos:0.000000,ypos:0.000000,xspeed:-4.330000,yspeed:-0.980000,angle:-6.030000,distense:116.200000,rcs:12.000000
timestame:1619471445.836000000,objid:11,type:0,xpos:0.000000,ypos:0.000000,xspeed:-3.570000,yspeed:-0.160000,angle:-6.290000,distense:105.400000,rcs:12.000000
timestame:1619471445.836000000,objid:13,type:0,xpos:0.000000,ypos:0.000000,xspeed:-2.240000,yspeed:-0.030000,angle:13.740000,distense:56.400000,rcs:13.000000
