timestame:1619470945.317000000,objid:1,type:0,xpos:0.000000,ypos:0.000000,xspeed:-7.440000,yspeed:-0.200000,angle:-18.000000,distense:34.200000,rcs:6.000000
timestame:1619470945.317000000,objid:5,type:0,xpos:0.000000,ypos:0.000000,xspeed:-6.310000,yspeed:-0.360000,angle:-18.000000,distense:41.600000,rcs:12.000000
timestame:1619470945.317000000,objid:7,type:0,xpos:0.000000,ypos:0.000000,xspeed:-5.940000,yspeed:-0.320000,angle:-18.000000,distense:39.200000,rcs:9.000000
