timestame:1619470535.907000000,objid:0,type:0,xpos:0.000000,ypos:0.000000,xspeed:5.590000,yspeed:1.810000,angle:17.900000,distense:32.600000,rcs:23.000000
timestame:1619470535.907000000,objid:1,type:0,xpos:0.000000,ypos:0.000000,xspeed:23.890000,yspeed:0.000000,angle:18.890000,distense:24.200000,rcs:22.000000
timestame:1619470535.907000000,objid:2,type:0,xpos:0.000000,ypos:0.000000,xspeed:-4.510000,yspeed:-0.280000,angle:-10.740000,distense:93.200000,rcs:20.000000
timestame:1619470535.907000000,objid:4,type:0,xpos:0.000000,ypos:0.000000,xspeed:1.400000,yspeed:-0.570000,angle:18.200000,distense:24.600000,rcs:31.000000
