timestame:1619470733.757000000,objid:1,type:0,xpos:0.000000,ypos:0.000000,xspeed:12.170000,yspeed:0.570000,angle:3.170000,distense:71.600000,rcs:13.000000
timestame:1619470733.757000000,objid:6,type:0,xpos:0.000000,ypos:0.000000,xspeed:12.350000,yspeed:0.580000,angle:2.570000,distense:60.800000,rcs:42.000000
