timestame:1619470212.592000000,objid:0,type:0,xpos:0.000000,ypos:0.000000,xspeed:1.090000,yspeed:0.090000,angle:6.220000,distense:16.600000,rcs:22.000000
timestame:1619470212.592000000,objid:1,type:0,xpos:0.000000,ypos:0.000000,xspeed:-5.420000,yspeed:13.020000,angle:-16.700000,distense:43.600000,rcs:12.000000
timestame:1619470212.592000000,objid:2,type:0,xpos:0.000000,ypos:0.000000,xspeed:-2.120000,yspeed:8.370000,angle:-13.210000,distense:43.600000,rcs:15.000000
