timestame:1619470830.841000000,objid:1,type:0,xpos:0.000000,ypos:0.000000,xspeed:8.890000,yspeed:0.110000,angle:3.250000,distense:101.800000,rcs:19.000000
timestame:1619470830.841000000,objid:2,type:0,xpos:0.000000,ypos:0.000000,xspeed:7.230000,yspeed:-0.100000,angle:3.040000,distense:106.400000,rcs:19.000000
timestame:1619470830.841000000,objid:3,type:0,xpos:0.000000,ypos:0.000000,xspeed:8.570000,yspeed:0.100000,angle:4.060000,distense:94.800000,rcs:25.000000
timestame:1619470830.841000000,objid:6,type:0,xpos:0.000000,ypos:0.000000,xspeed:11.220000,yspeed:-0.060000,angle:1.360000,distense:130.400000,rcs:12.000000
