timestame:1619470791.013000000,objid:0,type:0,xpos:0.000000,ypos:0.000000,xspeed:1.660000,yspeed:0.130000,angle:1.720000,distense:19.000000,rcs:28.000000
timestame:1619470791.013000000,objid:1,type:0,xpos:0.000000,ypos:0.000000,xspeed:2.640000,yspeed:-9.820000,angle:22.770000,distense:46.800000,rcs:13.000000
timestame:1619470791.013000000,objid:2,type:0,xpos:0.000000,ypos:0.000000,xspeed:1.630000,yspeed:-7.890000,angle:-13.170000,distense:48.200000,rcs:20.000000
