timestame:1619469577.507000000,objid:1,type:0,xpos:0.000000,ypos:0.000000,xspeed:-5.950000,yspeed:-3.310000,angle:-7.080000,distense:122.200000,rcs:16.000000
timestame:1619469577.507000000,objid:3,type:0,xpos:0.000000,ypos:0.000000,xspeed:-6.560000,yspeed:-0.250000,angle:-8.030000,distense:112.000000,rcs:16.000000
timestame:1619469577.507000000,objid:5,type:0,xpos:0.000000,ypos:0.000000,xspeed:-6.640000,yspeed:-0.220000,angle:-8.190000,distense:108.600000,rcs:15.000000
