timestame:1619471182.315000000,objid:8,type:0,xpos:0.000000,ypos:0.000000,xspeed:4.740000,yspeed:2.010000,angle:-9.530000,distense:42.600000,rcs:9.000000
timestame:1619471182.315000000,objid:10,type:0,xpos:0.000000,ypos:0.000000,xspeed:-6.130000,yspeed:1.130000,angle:-7.100000,distense:117.600000,rcs:19.000000
timestame:1619471182.315000000,objid:13,type:0,xpos:0.000000,ypos:0.000000,xspeed:-3.790000,yspeed:-0.160000,angle:-10.390000,distense:88.200000,rcs:16.000000
timestame:1619471182.315000000,objid:16,type:0,xpos:0.000000,ypos:0.000000,xspeed:2.100000,yspeed:3.800000,angle:-5.800000,distense:43.800000,rcs:15.000000
