timestame:1619470044.524000000,objid:0,type:0,xpos:0.000000,ypos:0.000000,xspeed:5.220000,yspeed:-0.080000,angle:5.220000,distense:67.000000,rcs:18.000000
timestame:1619470044.524000000,objid:3,type:0,xpos:0.000000,ypos:0.000000,xspeed:14.210000,yspeed:0.220000,angle:1.370000,distense:168.600000,rcs:20.000000
timestame:1619470044.524000000,objid:5,type:0,xpos:0.000000,ypos:0.000000,xspeed:5.740000,yspeed:0.540000,angle:6.190000,distense:57.400000,rcs:31.000000
