timestame:1619469852.631000000,objid:4,type:0,xpos:0.000000,ypos:0.000000,xspeed:-2.710000,yspeed:-1.790000,angle:-18.000000,distense:29.600000,rcs:6.000000
timestame:1619469852.631000000,objid:10,type:0,xpos:0.000000,ypos:0.000000,xspeed:-12.610000,yspeed:-4.730000,angle:-4.610000,distense:166.600000,rcs:9.000000
timestame:1619469852.631000000,objid:11,type:0,xpos:0.000000,ypos:0.000000,xspeed:4.370000,yspeed:0.000000,angle:-9.430000,distense:44.800000,rcs:6.000000
timestame:1619469852.631000000,objid:14,type:0,xpos:0.000000,ypos:0.000000,xspeed:-2.130000,yspeed:6.070000,angle:-6.370000,distense:43.000000,rcs:9.000000
