timestame:1619470643.543000000,objid:2,type:0,xpos:0.000000,ypos:0.000000,xspeed:-6.540000,yspeed:-0.030000,angle:-4.970000,distense:165.200000,rcs:12.000000
timestame:1619470643.543000000,objid:6,type:0,xpos:0.000000,ypos:0.000000,xspeed:3.940000,yspeed:-11.150000,angle:7.940000,distense:47.600000,rcs:34.000000
timestame:1619470643.543000000,objid:8,type:0,xpos:0.000000,ypos:0.000000,xspeed:-9.440000,yspeed:9.660000,angle:12.410000,distense:87.800000,rcs:19.000000
timestame:1619470643.543000000,objid:13,type:0,xpos:0.000000,ypos:0.000000,xspeed:-1.910000,yspeed:7.720000,angle:5.170000,distense:41.400000,rcs:22.000000
