timestame:1619470046.008000000,objid:0,type:0,xpos:0.000000,ypos:0.000000,xspeed:6.530000,yspeed:0.060000,angle:4.530000,distense:77.600000,rcs:9.000000
timestame:1619470046.008000000,objid:3,type:0,xpos:0.000000,ypos:0.000000,xspeed:14.570000,yspeed:0.090000,angle:1.180000,distense:190.800000,rcs:15.000000
timestame:1619470046.008000000,objid:5,type:0,xpos:0.000000,ypos:0.000000,xspeed:6.420000,yspeed:0.420000,angle:5.560000,distense:67.800000,rcs:27.000000
