timestame:1619470749.585000000,objid:4,type:0,xpos:0.000000,ypos:0.000000,xspeed:-6.130000,yspeed:0.950000,angle:-18.000000,distense:31.000000,rcs:6.000000
timestame:1619470749.585000000,objid:10,type:0,xpos:0.000000,ypos:0.000000,xspeed:-3.960000,yspeed:-7.110000,angle:-18.000000,distense:36.000000,rcs:6.000000
