timestame:1619471164.912000000,objid:0,type:0,xpos:0.000000,ypos:0.000000,xspeed:-10.110000,yspeed:2.650000,angle:-2.910000,distense:158.600000,rcs:13.000000
timestame:1619471164.912000000,objid:2,type:0,xpos:0.000000,ypos:0.000000,xspeed:-11.580000,yspeed:1.180000,angle:-4.100000,distense:161.400000,rcs:9.000000
timestame:1619471164.912000000,objid:3,type:0,xpos:0.000000,ypos:0.000000,xspeed:2.780000,yspeed:5.080000,angle:-6.200000,distense:46.000000,rcs:6.000000
timestame:1619471164.912000000,objid:8,type:0,xpos:0.000000,ypos:0.000000,xspeed:2.930000,yspeed:4.560000,angle:-5.650000,distense:48.400000,rcs:6.000000
