timestame:1619471531.780000000,objid:2,type:0,xpos:0.000000,ypos:0.000000,xspeed:-18.960000,yspeed:-4.020000,angle:10.290000,distense:27.200000,rcs:6.000000
timestame:1619471531.780000000,objid:4,type:0,xpos:0.000000,ypos:0.000000,xspeed:-12.760000,yspeed:4.200000,angle:-2.260000,distense:198.600000,rcs:19.000000
timestame:1619471531.780000000,objid:6,type:0,xpos:0.000000,ypos:0.000000,xspeed:2.360000,yspeed:9.990000,angle:8.620000,distense:41.600000,rcs:35.000000
