timestame:1619470362.794000000,objid:3,type:0,xpos:0.000000,ypos:0.000000,xspeed:-25.930000,yspeed:-13.770000,angle:20.310000,distense:40.000000,rcs:27.000000
timestame:1619470362.794000000,objid:4,type:0,xpos:0.000000,ypos:0.000000,xspeed:-1.220000,yspeed:7.530000,angle:-7.380000,distense:44.800000,rcs:6.000000
timestame:1619470362.794000000,objid:11,type:0,xpos:0.000000,ypos:0.000000,xspeed:-1.670000,yspeed:5.860000,angle:13.370000,distense:40.000000,rcs:23.000000
