timestame:1619470227.412000000,objid:4,type:0,xpos:0.000000,ypos:0.000000,xspeed:7.920000,yspeed:-0.710000,angle:8.170000,distense:170.400000,rcs:9.000000
timestame:1619470227.412000000,objid:8,type:0,xpos:0.000000,ypos:0.000000,xspeed:-1.750000,yspeed:-2.470000,angle:-12.500000,distense:41.000000,rcs:22.000000
timestame:1619470227.412000000,objid:11,type:0,xpos:0.000000,ypos:0.000000,xspeed:-7.060000,yspeed:4.040000,angle:-3.200000,distense:191.400000,rcs:6.000000
