timestame:1619469953.388000000,objid:4,type:0,xpos:0.000000,ypos:0.000000,xspeed:1.070000,yspeed:-4.910000,angle:-12.880000,distense:58.800000,rcs:21.000000
timestame:1619469953.388000000,objid:13,type:0,xpos:0.000000,ypos:0.000000,xspeed:-6.630000,yspeed:2.620000,angle:-3.110000,distense:40.200000,rcs:6.000000
timestame:1619469953.388000000,objid:14,type:0,xpos:0.000000,ypos:0.000000,xspeed:-3.910000,yspeed:8.910000,angle:-7.530000,distense:39.200000,rcs:18.000000
