timestame:1619471446.890000000,objid:3,type:0,xpos:0.000000,ypos:0.000000,xspeed:-3.450000,yspeed:-0.120000,angle:-5.610000,distense:113.400000,rcs:16.000000
timestame:1619471446.890000000,objid:11,type:0,xpos:0.000000,ypos:0.000000,xspeed:-3.230000,yspeed:-0.560000,angle:-7.160000,distense:102.800000,rcs:6.000000
timestame:1619471446.890000000,objid:13,type:0,xpos:0.000000,ypos:0.000000,xspeed:-2.630000,yspeed:0.030000,angle:14.610000,distense:53.200000,rcs:6.000000
