timestame:1619470636.966000000,objid:2,type:0,xpos:0.000000,ypos:0.000000,xspeed:3.500000,yspeed:-7.560000,angle:-0.360000,distense:51.200000,rcs:20.000000
timestame:1619470636.966000000,objid:3,type:0,xpos:0.000000,ypos:0.000000,xspeed:4.260000,yspeed:-14.170000,angle:0.890000,distense:50.600000,rcs:6.000000
timestame:1619470636.966000000,objid:4,type:0,xpos:0.000000,ypos:0.000000,xspeed:-7.490000,yspeed:8.810000,angle:-3.590000,distense:209.000000,rcs:6.000000
timestame:1619470636.966000000,objid:6,type:0,xpos:0.000000,ypos:0.000000,xspeed:3.390000,yspeed:-9.920000,angle:3.480000,distense:50.200000,rcs:31.000000
