timestame:1619470440.097000000,objid:1,type:0,xpos:0.000000,ypos:0.000000,xspeed:14.840000,yspeed:0.620000,angle:2.440000,distense:59.800000,rcs:24.000000
timestame:1619470440.097000000,objid:2,type:0,xpos:0.000000,ypos:0.000000,xspeed:3.830000,yspeed:-0.090000,angle:9.950000,distense:75.400000,rcs:21.000000
