timestame:1619469553.402000000,objid:2,type:0,xpos:0.000000,ypos:0.000000,xspeed:-5.710000,yspeed:-0.850000,angle:-18.000000,distense:46.200000,rcs:6.000000
timestame:1619469553.402000000,objid:3,type:0,xpos:0.000000,ypos:0.000000,xspeed:-2.520000,yspeed:0.230000,angle:-18.000000,distense:51.400000,rcs:9.000000
