timestame:1619470486.097000000,objid:1,type:0,xpos:0.000000,ypos:0.000000,xspeed:-2.650000,yspeed:-0.390000,angle:-9.470000,distense:79.200000,rcs:9.000000
timestame:1619470486.097000000,objid:2,type:0,xpos:0.000000,ypos:0.000000,xspeed:1.570000,yspeed:-7.430000,angle:-2.670000,distense:64.200000,rcs:18.000000
timestame:1619470486.097000000,objid:4,type:0,xpos:0.000000,ypos:0.000000,xspeed:-1.630000,yspeed:-4.940000,angle:-17.340000,distense:39.000000,rcs:23.000000
timestame:1619470486.097000000,objid:6,type:0,xpos:0.000000,ypos:0.000000,xspeed:3.560000,yspeed:8.750000,angle:-4.420000,distense:41.200000,rcs:36.000000
