timestame:1619469606.597000000,objid:3,type:0,xpos:0.000000,ypos:0.000000,xspeed:-3.720000,yspeed:0.360000,angle:-10.100000,distense:92.000000,rcs:15.000000
timestame:1619469606.597000000,objid:4,type:0,xpos:0.000000,ypos:0.000000,xspeed:1.940000,yspeed:2.800000,angle:-11.880000,distense:80.000000,rcs:19.000000
