timestame:1619470166.985000000,objid:0,type:0,xpos:0.000000,ypos:0.000000,xspeed:5.340000,yspeed:0.190000,angle:2.160000,distense:36.600000,rcs:28.000000
timestame:1619470166.985000000,objid:3,type:0,xpos:0.000000,ypos:0.000000,xspeed:7.140000,yspeed:0.430000,angle:6.290000,distense:67.000000,rcs:27.000000
