timestame:1619469928.792000000,objid:1,type:0,xpos:0.000000,ypos:0.000000,xspeed:7.310000,yspeed:0.150000,angle:1.410000,distense:188.200000,rcs:9.000000
timestame:1619469928.792000000,objid:8,type:0,xpos:0.000000,ypos:0.000000,xspeed:7.410000,yspeed:0.000000,angle:1.130000,distense:181.800000,rcs:27.000000
