timestame:1619470332.953000000,objid:0,type:0,xpos:0.000000,ypos:0.000000,xspeed:16.530000,yspeed:-0.250000,angle:0.200000,distense:226.600000,rcs:15.000000
timestame:1619470332.953000000,objid:4,type:0,xpos:0.000000,ypos:0.000000,xspeed:-1.330000,yspeed:0.870000,angle:17.080000,distense:64.800000,rcs:13.000000
