timestame:1619470110.572000000,objid:3,type:0,xpos:0.000000,ypos:0.000000,xspeed:-1.150000,yspeed:-3.540000,angle:13.380000,distense:25.800000,rcs:6.000000
timestame:1619470110.572000000,objid:4,type:0,xpos:0.000000,ypos:0.000000,xspeed:24.740000,yspeed:-0.690000,angle:-16.460000,distense:22.200000,rcs:22.000000
timestame:1619470110.572000000,objid:5,type:0,xpos:0.000000,ypos:0.000000,xspeed:3.180000,yspeed:3.640000,angle:-10.070000,distense:39.400000,rcs:9.000000
timestame:1619470110.572000000,objid:6,type:0,xpos:0.000000,ypos:0.000000,xspeed:-7.420000,yspeed:-0.920000,angle:16.420000,distense:25.800000,rcs:6.000000
