timestame:1619469878.375000000,objid:0,type:0,xpos:0.000000,ypos:0.000000,xspeed:-1.140000,yspeed:-3.920000,angle:-12.350000,distense:41.200000,rcs:13.000000
timestame:1619469878.375000000,objid:3,type:0,xpos:0.000000,ypos:0.000000,xspeed:-3.930000,yspeed:0.100000,angle:-18.000000,distense:29.200000,rcs:6.000000
timestame:1619469878.375000000,objid:10,type:0,xpos:0.000000,ypos:0.000000,xspeed:3.200000,yspeed:-4.520000,angle:-4.510000,distense:43.400000,rcs:36.000000
timestame:1619469878.375000000,objid:11,type:0,xpos:0.000000,ypos:0.000000,xspeed:-5.500000,yspeed:-4.220000,angle:-12.880000,distense:69.800000,rcs:9.000000
