timestame:1619470937.201000000,objid:7,type:0,xpos:0.000000,ypos:0.000000,xspeed:-1.340000,yspeed:-0.080000,angle:-11.620000,distense:78.800000,rcs:22.000000
timestame:1619470937.201000000,objid:12,type:0,xpos:0.000000,ypos:0.000000,xspeed:1.370000,yspeed:-2.250000,angle:7.650000,distense:22.200000,rcs:26.000000
