timestame:1619470776.597000000,objid:0,type:0,xpos:0.000000,ypos:0.000000,xspeed:19.340000,yspeed:1.340000,angle:1.360000,distense:201.600000,rcs:15.000000
timestame:1619470776.597000000,objid:1,type:0,xpos:0.000000,ypos:0.000000,xspeed:-7.250000,yspeed:-1.120000,angle:-9.350000,distense:101.800000,rcs:18.000000
