timestame:1619469621.306000000,objid:1,type:0,xpos:0.000000,ypos:0.000000,xspeed:-2.840000,yspeed:0.050000,angle:-14.360000,distense:66.200000,rcs:24.000000
timestame:1619469621.306000000,objid:2,type:0,xpos:0.000000,ypos:0.000000,xspeed:-3.560000,yspeed:-0.930000,angle:-12.900000,distense:78.000000,rcs:25.000000
timestame:1619469621.306000000,objid:4,type:0,xpos:0.000000,ypos:0.000000,xspeed:-15.570000,yspeed:0.170000,angle:-6.650000,distense:92.200000,rcs:9.000000
