timestame:1619470492.713000000,objid:2,type:0,xpos:0.000000,ypos:0.000000,xspeed:1.480000,yspeed:-5.730000,angle:16.050000,distense:56.600000,rcs:6.000000
timestame:1619470492.713000000,objid:3,type:0,xpos:0.000000,ypos:0.000000,xspeed:2.020000,yspeed:-5.110000,angle:10.330000,distense:45.000000,rcs:24.000000
