timestame:1619471227.708000000,objid:0,type:0,xpos:0.000000,ypos:0.000000,xspeed:5.330000,yspeed:0.670000,angle:2.380000,distense:80.200000,rcs:12.000000
timestame:1619471227.708000000,objid:1,type:0,xpos:0.000000,ypos:0.000000,xspeed:4.750000,yspeed:-3.460000,angle:-15.330000,distense:52.600000,rcs:19.000000
timestame:1619471227.708000000,objid:9,type:0,xpos:0.000000,ypos:0.000000,xspeed:5.750000,yspeed:0.070000,angle:2.110000,distense:71.000000,rcs:41.000000
