timestame:1619470593.860000000,objid:0,type:0,xpos:0.000000,ypos:0.000000,xspeed:-14.500000,yspeed:-0.640000,angle:-18.000000,distense:24.000000,rcs:6.000000
timestame:1619470593.860000000,objid:5,type:0,xpos:0.000000,ypos:0.000000,xspeed:8.470000,yspeed:2.020000,angle:22.740000,distense:30.200000,rcs:30.000000
timestame:1619470593.860000000,objid:6,type:0,xpos:0.000000,ypos:0.000000,xspeed:6.360000,yspeed:2.010000,angle:19.840000,distense:28.800000,rcs:22.000000
