timestame:1619471219.968000000,objid:6,type:0,xpos:0.000000,ypos:0.000000,xspeed:3.400000,yspeed:0.610000,angle:2.890000,distense:49.800000,rcs:15.000000
timestame:1619471219.968000000,objid:9,type:0,xpos:0.000000,ypos:0.000000,xspeed:3.670000,yspeed:0.150000,angle:2.540000,distense:31.200000,rcs:45.000000
timestame:1619471219.968000000,objid:10,type:0,xpos:0.000000,ypos:0.000000,xspeed:3.590000,yspeed:0.520000,angle:1.350000,distense:40.400000,rcs:19.000000
