timestame:1619470878.963000000,objid:3,type:0,xpos:0.000000,ypos:0.000000,xspeed:-2.050000,yspeed:-3.790000,angle:-14.710000,distense:35.200000,rcs:26.000000
timestame:1619470878.963000000,objid:4,type:0,xpos:0.000000,ypos:0.000000,xspeed:2.570000,yspeed:0.660000,angle:4.950000,distense:35.000000,rcs:6.000000
timestame:1619470878.963000000,objid:9,type:0,xpos:0.000000,ypos:0.000000,xspeed:1.340000,yspeed:-1.100000,angle:-3.970000,distense:24.200000,rcs:20.000000
timestame:1619470878.963000000,objid:14,type:0,xpos:0.000000,ypos:0.000000,xspeed:-5.690000,yspeed:-0.080000,angle:-8.080000,distense:89.000000,rcs:13.000000
