timestame:1619470569.754000000,objid:1,type:0,xpos:0.000000,ypos:0.000000,xspeed:3.990000,yspeed:2.820000,angle:-13.300000,distense:38.400000,rcs:18.000000
timestame:1619470569.754000000,objid:3,type:0,xpos:0.000000,ypos:0.000000,xspeed:15.490000,yspeed:0.140000,angle:1.030000,distense:193.600000,rcs:26.000000
