timestame:1619470770.686000000,objid:0,type:0,xpos:0.000000,ypos:0.000000,xspeed:-10.940000,yspeed:-0.280000,angle:-5.800000,distense:146.800000,rcs:9.000000
timestame:1619470770.686000000,objid:1,type:0,xpos:0.000000,ypos:0.000000,xspeed:12.380000,yspeed:0.230000,angle:1.930000,distense:97.000000,rcs:24.000000
timestame:1619470770.686000000,objid:2,type:0,xpos:0.000000,ypos:0.000000,xspeed:-11.280000,yspeed:1.200000,angle:-6.080000,distense:143.400000,rcs:12.000000
