timestame:1619471268.420000000,objid:0,type:0,xpos:0.000000,ypos:0.000000,xspeed:13.620000,yspeed:0.270000,angle:2.370000,distense:209.600000,rcs:6.000000
timestame:1619471268.420000000,objid:2,type:0,xpos:0.000000,ypos:0.000000,xspeed:13.590000,yspeed:0.080000,angle:2.060000,distense:185.400000,rcs:13.000000
timestame:1619471268.420000000,objid:6,type:0,xpos:0.000000,ypos:0.000000,xspeed:13.530000,yspeed:0.130000,angle:2.020000,distense:197.400000,rcs:9.000000
timestame:1619471268.420000000,objid:10,type:0,xpos:0.000000,ypos:0.000000,xspeed:13.570000,yspeed:0.010000,angle:2.010000,distense:173.000000,rcs:29.000000
