timestame:1619470913.552000000,objid:0,type:0,xpos:0.000000,ypos:0.000000,xspeed:5.480000,yspeed:2.800000,angle:-17.810000,distense:32.800000,rcs:27.000000
timestame:1619470913.552000000,objid:4,type:0,xpos:0.000000,ypos:0.000000,xspeed:15.340000,yspeed:15.220000,angle:-7.450000,distense:54.600000,rcs:6.000000
timestame:1619470913.552000000,objid:7,type:0,xpos:0.000000,ypos:0.000000,xspeed:4.510000,yspeed:2.730000,angle:-16.670000,distense:44.600000,rcs:12.000000
timestame:1619470913.552000000,objid:10,type:0,xpos:0.000000,ypos:0.000000,xspeed:5.670000,yspeed:2.260000,angle:22.400000,distense:38.600000,rcs:12.000000
