timestame:1619469853.317000000,objid:0,type:0,xpos:0.000000,ypos:0.000000,xspeed:4.300000,yspeed:-6.820000,angle:6.790000,distense:46.400000,rcs:34.000000
timestame:1619469853.317000000,objid:4,type:0,xpos:0.000000,ypos:0.000000,xspeed:-2.880000,yspeed:-1.870000,angle:-18.000000,distense:28.800000,rcs:6.000000
timestame:1619469853.317000000,objid:10,type:0,xpos:0.000000,ypos:0.000000,xspeed:-11.920000,yspeed:-0.110000,angle:-4.050000,distense:159.000000,rcs:12.000000
timestame:1619469853.317000000,objid:18,type:0,xpos:0.000000,ypos:0.000000,xspeed:1.660000,yspeed:0.400000,angle:-9.130000,distense:91.000000,rcs:13.000000
