timestame:1619471234.967000000,objid:0,type:0,xpos:0.000000,ypos:0.000000,xspeed:7.870000,yspeed:-0.120000,angle:1.260000,distense:133.400000,rcs:6.000000
timestame:1619471234.967000000,objid:9,type:0,xpos:0.000000,ypos:0.000000,xspeed:7.540000,yspeed:0.110000,angle:1.530000,distense:123.200000,rcs:23.000000
