timestame:1619471098.067000000,objid:2,type:0,xpos:0.000000,ypos:0.000000,xspeed:8.980000,yspeed:0.050000,angle:1.240000,distense:106.800000,rcs:33.000000
timestame:1619471098.067000000,objid:3,type:0,xpos:0.000000,ypos:0.000000,xspeed:-17.570000,yspeed:-0.990000,angle:-16.930000,distense:47.000000,rcs:30.000000
