timestame:1619471123.871000000,objid:0,type:0,xpos:0.000000,ypos:0.000000,xspeed:-1.960000,yspeed:6.720000,angle:12.690000,distense:41.000000,rcs:20.000000
timestame:1619471123.871000000,objid:1,type:0,xpos:0.000000,ypos:0.000000,xspeed:-4.910000,yspeed:4.770000,angle:8.980000,distense:41.200000,rcs:21.000000
