timestame:1619470562.694000000,objid:1,type:0,xpos:0.000000,ypos:0.000000,xspeed:6.490000,yspeed:-0.510000,angle:3.560000,distense:200.000000,rcs:13.000000
timestame:1619470562.694000000,objid:3,type:0,xpos:0.000000,ypos:0.000000,xspeed:10.210000,yspeed:0.200000,angle:1.730000,distense:90.600000,rcs:40.000000
timestame:1619470562.694000000,objid:5,type:0,xpos:0.000000,ypos:0.000000,xspeed:9.860000,yspeed:-3.930000,angle:2.530000,distense:211.600000,rcs:13.000000
