timestame:1619470124.593000000,objid:1,type:0,xpos:0.000000,ypos:0.000000,xspeed:4.250000,yspeed:3.890000,angle:-16.630000,distense:38.600000,rcs:12.000000
timestame:1619470124.593000000,objid:3,type:0,xpos:0.000000,ypos:0.000000,xspeed:-5.470000,yspeed:0.380000,angle:12.560000,distense:40.400000,rcs:13.000000
timestame:1619470124.593000000,objid:4,type:0,xpos:0.000000,ypos:0.000000,xspeed:3.960000,yspeed:1.220000,angle:22.620000,distense:30.200000,rcs:26.000000
timestame:1619470124.593000000,objid:6,type:0,xpos:0.000000,ypos:0.000000,xspeed:4.170000,yspeed:2.990000,angle:-14.980000,distense:36.400000,rcs:24.000000
