timestame:1619470480.212000000,objid:0,type:0,xpos:0.000000,ypos:0.000000,xspeed:-7.120000,yspeed:-0.390000,angle:-7.400000,distense:94.600000,rcs:19.000000
timestame:1619470480.212000000,objid:1,type:0,xpos:0.000000,ypos:0.000000,xspeed:-6.490000,yspeed:0.030000,angle:-6.850000,distense:97.400000,rcs:12.000000
timestame:1619470480.212000000,objid:2,type:0,xpos:0.000000,ypos:0.000000,xspeed:1.680000,yspeed:-0.370000,angle:11.530000,distense:79.600000,rcs:9.000000
timestame:1619470480.212000000,objid:4,type:0,xpos:0.000000,ypos:0.000000,xspeed:1.030000,yspeed:-3.460000,angle:22.320000,distense:46.000000,rcs:9.000000
