timestame:1619470049.606000000,objid:0,type:0,xpos:0.000000,ypos:0.000000,xspeed:6.880000,yspeed:0.030000,angle:3.750000,distense:102.400000,rcs:18.000000
timestame:1619470049.606000000,objid:5,type:0,xpos:0.000000,ypos:0.000000,xspeed:6.800000,yspeed:0.160000,angle:4.230000,distense:92.600000,rcs:26.000000
