timestame:1619470615.625000000,objid:0,type:0,xpos:0.000000,ypos:0.000000,xspeed:2.070000,yspeed:-9.950000,angle:-18.000000,distense:63.800000,rcs:9.000000
timestame:1619470615.625000000,objid:1,type:0,xpos:0.000000,ypos:0.000000,xspeed:-1.440000,yspeed:3.630000,angle:2.680000,distense:40.000000,rcs:6.000000
timestame:1619470615.625000000,objid:7,type:0,xpos:0.000000,ypos:0.000000,xspeed:-16.600000,yspeed:-0.260000,angle:-7.470000,distense:122.600000,rcs:6.000000
timestame:1619470615.625000000,objid:10,type:0,xpos:0.000000,ypos:0.000000,xspeed:-1.060000,yspeed:5.310000,angle:13.540000,distense:40.600000,rcs:12.000000
