timestame:1619469536.323000000,objid:4,type:0,xpos:0.000000,ypos:0.000000,xspeed:16.580000,yspeed:0.350000,angle:1.900000,distense:101.200000,rcs:22.000000
timestame:1619469536.323000000,objid:7,type:0,xpos:0.000000,ypos:0.000000,xspeed:16.200000,yspeed:0.410000,angle:1.670000,distense:108.000000,rcs:20.000000
