timestame:1619470289.380000000,objid:2,type:0,xpos:0.000000,ypos:0.000000,xspeed:-12.000000,yspeed:-0.140000,angle:-11.420000,distense:77.400000,rcs:22.000000
timestame:1619470289.380000000,objid:5,type:0,xpos:0.000000,ypos:0.000000,xspeed:-5.930000,yspeed:-0.370000,angle:-18.000000,distense:29.800000,rcs:22.000000
timestame:1619470289.380000000,objid:7,type:0,xpos:0.000000,ypos:0.000000,xspeed:-5.600000,yspeed:-0.310000,angle:-18.000000,distense:26.200000,rcs:9.000000
