timestame:1619470375.895000000,objid:1,type:0,xpos:0.000000,ypos:0.000000,xspeed:-2.070000,yspeed:-3.230000,angle:-18.000000,distense:36.600000,rcs:15.000000
timestame:1619470375.895000000,objid:5,type:0,xpos:0.000000,ypos:0.000000,xspeed:-4.580000,yspeed:-1.150000,angle:-14.970000,distense:37.400000,rcs:24.000000
timestame:1619470375.895000000,objid:18,type:0,xpos:0.000000,ypos:0.000000,xspeed:-6.630000,yspeed:-0.350000,angle:-8.050000,distense:86.400000,rcs:15.000000
