timestame:1619471097.200000000,objid:2,type:0,xpos:0.000000,ypos:0.000000,xspeed:8.480000,yspeed:-0.050000,angle:1.230000,distense:98.000000,rcs:35.000000
timestame:1619471097.200000000,objid:3,type:0,xpos:0.000000,ypos:0.000000,xspeed:-17.630000,yspeed:-1.500000,angle:-12.120000,distense:62.000000,rcs:24.000000
