timestame:1619469854.187000000,objid:0,type:0,xpos:0.000000,ypos:0.000000,xspeed:3.630000,yspeed:-3.800000,angle:3.580000,distense:49.200000,rcs:29.000000
timestame:1619469854.187000000,objid:10,type:0,xpos:0.000000,ypos:0.000000,xspeed:-11.560000,yspeed:-0.010000,angle:-4.290000,distense:149.000000,rcs:19.000000
