timestame:1619469617.634000000,objid:2,type:0,xpos:0.000000,ypos:0.000000,xspeed:14.620000,yspeed:9.590000,angle:-6.840000,distense:96.000000,rcs:6.000000
timestame:1619469617.634000000,objid:4,type:0,xpos:0.000000,ypos:0.000000,xspeed:-20.350000,yspeed:6.130000,angle:-4.300000,distense:150.000000,rcs:15.000000
timestame:1619469617.634000000,objid:6,type:0,xpos:0.000000,ypos:0.000000,xspeed:-2.040000,yspeed:0.000000,angle:-11.810000,distense:79.600000,rcs:23.000000
