timestame:1619471064.482000000,objid:0,type:0,xpos:0.000000,ypos:0.000000,xspeed:-6.740000,yspeed:0.540000,angle:-4.840000,distense:114.200000,rcs:20.000000
timestame:1619471064.482000000,objid:2,type:0,xpos:0.000000,ypos:0.000000,xspeed:8.080000,yspeed:-20.480000,angle:-15.290000,distense:61.600000,rcs:13.000000
timestame:1619471064.482000000,objid:3,type:0,xpos:0.000000,ypos:0.000000,xspeed:-7.650000,yspeed:-1.340000,angle:-4.120000,distense:162.800000,rcs:13.000000
timestame:1619471064.482000000,objid:9,type:0,xpos:0.000000,ypos:0.000000,xspeed:-1.660000,yspeed:-0.010000,angle:-10.010000,distense:73.200000,rcs:9.000000
