timestame:1619470477.708000000,objid:0,type:0,xpos:0.000000,ypos:0.000000,xspeed:-8.750000,yspeed:-0.450000,angle:-5.810000,distense:111.800000,rcs:23.000000
timestame:1619470477.708000000,objid:2,type:0,xpos:0.000000,ypos:0.000000,xspeed:1.350000,yspeed:-0.390000,angle:12.960000,distense:75.200000,rcs:6.000000
