timestame:1619471312.806000000,objid:2,type:0,xpos:0.000000,ypos:0.000000,xspeed:1.850000,yspeed:3.830000,angle:-8.170000,distense:44.800000,rcs:6.000000
timestame:1619471312.806000000,objid:3,type:0,xpos:0.000000,ypos:0.000000,xspeed:3.250000,yspeed:3.240000,angle:-12.310000,distense:40.000000,rcs:15.000000
timestame:1619471312.806000000,objid:4,type:0,xpos:0.000000,ypos:0.000000,xspeed:-1.070000,yspeed:4.930000,angle:4.170000,distense:37.000000,rcs:29.000000
