timestame:1619469755.791000000,objid:3,type:0,xpos:0.000000,ypos:0.000000,xspeed:6.360000,yspeed:1.440000,angle:21.580000,distense:30.200000,rcs:38.000000
timestame:1619469755.791000000,objid:5,type:0,xpos:0.000000,ypos:0.000000,xspeed:5.680000,yspeed:0.650000,angle:17.840000,distense:31.600000,rcs:20.000000
