timestame:1619470643.420000000,objid:2,type:0,xpos:0.000000,ypos:0.000000,xspeed:-6.510000,yspeed:0.000000,angle:-4.920000,distense:166.000000,rcs:12.000000
timestame:1619470643.420000000,objid:6,type:0,xpos:0.000000,ypos:0.000000,xspeed:3.940000,yspeed:-11.150000,angle:9.610000,distense:47.400000,rcs:34.000000
timestame:1619470643.420000000,objid:8,type:0,xpos:0.000000,ypos:0.000000,xspeed:-2.340000,yspeed:0.000000,angle:11.210000,distense:89.600000,rcs:9.000000
timestame:1619470643.420000000,objid:13,type:0,xpos:0.000000,ypos:0.000000,xspeed:-1.910000,yspeed:7.720000,angle:3.870000,distense:41.600000,rcs:22.000000
