timestame:1619469684.077000000,objid:2,type:0,xpos:0.000000,ypos:0.000000,xspeed:-1.830000,yspeed:4.680000,angle:-18.000000,distense:53.000000,rcs:12.000000
timestame:1619469684.077000000,objid:4,type:0,xpos:0.000000,ypos:0.000000,xspeed:-6.200000,yspeed:1.220000,angle:-18.000000,distense:54.200000,rcs:12.000000
