timestame:1619471305.973000000,objid:0,type:0,xpos:0.000000,ypos:0.000000,xspeed:2.650000,yspeed:2.300000,angle:22.680000,distense:21.000000,rcs:15.000000
timestame:1619471305.973000000,objid:1,type:0,xpos:0.000000,ypos:0.000000,xspeed:-6.530000,yspeed:2.080000,angle:-18.000000,distense:35.400000,rcs:13.000000
