timestame:1619470031.144000000,objid:1,type:0,xpos:0.000000,ypos:0.000000,xspeed:6.080000,yspeed:0.380000,angle:2.560000,distense:41.000000,rcs:35.000000
timestame:1619470031.144000000,objid:4,type:0,xpos:0.000000,ypos:0.000000,xspeed:10.700000,yspeed:0.010000,angle:1.950000,distense:68.600000,rcs:27.000000
timestame:1619470031.144000000,objid:7,type:0,xpos:0.000000,ypos:0.000000,xspeed:1.290000,yspeed:-2.070000,angle:7.490000,distense:20.600000,rcs:26.000000
