timestame:1619469568.452000000,objid:2,type:0,xpos:0.000000,ypos:0.000000,xspeed:-1.240000,yspeed:-3.550000,angle:-9.680000,distense:36.600000,rcs:38.000000
timestame:1619469568.452000000,objid:8,type:0,xpos:0.000000,ypos:0.000000,xspeed:3.390000,yspeed:-7.090000,angle:-5.280000,distense:63.400000,rcs:6.000000
timestame:1619469568.452000000,objid:11,type:0,xpos:0.000000,ypos:0.000000,xspeed:-2.780000,yspeed:-5.380000,angle:-18.000000,distense:33.600000,rcs:15.000000
