timestame:1619470042.419000000,objid:1,type:0,xpos:0.000000,ypos:0.000000,xspeed:12.800000,yspeed:0.040000,angle:1.150000,distense:164.200000,rcs:13.000000
timestame:1619470042.419000000,objid:3,type:0,xpos:0.000000,ypos:0.000000,xspeed:13.630000,yspeed:0.130000,angle:1.480000,distense:138.400000,rcs:9.000000
timestame:1619470042.419000000,objid:4,type:0,xpos:0.000000,ypos:0.000000,xspeed:8.570000,yspeed:-0.260000,angle:4.100000,distense:59.400000,rcs:12.000000
timestame:1619470042.419000000,objid:5,type:0,xpos:0.000000,ypos:0.000000,xspeed:4.600000,yspeed:0.140000,angle:6.090000,distense:44.400000,rcs:29.000000
