timestame:1619470748.839000000,objid:4,type:0,xpos:0.000000,ypos:0.000000,xspeed:-6.420000,yspeed:0.820000,angle:-18.000000,distense:34.800000,rcs:9.000000
timestame:1619470748.839000000,objid:7,type:0,xpos:0.000000,ypos:0.000000,xspeed:-3.430000,yspeed:14.100000,angle:-11.760000,distense:46.000000,rcs:20.000000
