timestame:1619470498.307000000,objid:2,type:0,xpos:0.000000,ypos:0.000000,xspeed:-1.390000,yspeed:-2.770000,angle:-18.000000,distense:40.200000,rcs:29.000000
timestame:1619470498.307000000,objid:5,type:0,xpos:0.000000,ypos:0.000000,xspeed:4.260000,yspeed:-2.520000,angle:9.980000,distense:43.800000,rcs:23.000000
timestame:1619470498.307000000,objid:7,type:0,xpos:0.000000,ypos:0.000000,xspeed:-1.870000,yspeed:-1.990000,angle:-16.300000,distense:46.400000,rcs:9.000000
