timestame:1619471263.347000000,objid:2,type:0,xpos:0.000000,ypos:0.000000,xspeed:12.800000,yspeed:0.070000,angle:3.020000,distense:117.600000,rcs:25.000000
timestame:1619471263.347000000,objid:6,type:0,xpos:0.000000,ypos:0.000000,xspeed:12.770000,yspeed:-0.140000,angle:2.730000,distense:129.600000,rcs:13.000000
timestame:1619471263.347000000,objid:10,type:0,xpos:0.000000,ypos:0.000000,xspeed:12.710000,yspeed:0.090000,angle:3.410000,distense:105.200000,rcs:25.000000
