timestame:1619470938.745000000,objid:1,type:0,xpos:0.000000,ypos:0.000000,xspeed:-1.680000,yspeed:1.860000,angle:-13.160000,distense:72.400000,rcs:22.000000
timestame:1619470938.745000000,objid:7,type:0,xpos:0.000000,ypos:0.000000,xspeed:-1.770000,yspeed:-0.300000,angle:-12.720000,distense:75.600000,rcs:13.000000
timestame:1619470938.745000000,objid:10,type:0,xpos:0.000000,ypos:0.000000,xspeed:-2.800000,yspeed:-0.240000,angle:-10.260000,distense:74.800000,rcs:16.000000
