timestame:1619470166.677000000,objid:0,type:0,xpos:0.000000,ypos:0.000000,xspeed:5.150000,yspeed:0.210000,angle:2.200000,distense:34.800000,rcs:32.000000
timestame:1619470166.677000000,objid:3,type:0,xpos:0.000000,ypos:0.000000,xspeed:6.990000,yspeed:0.480000,angle:6.470000,distense:64.600000,rcs:29.000000
