timestame:1619471453.477000000,objid:3,type:0,xpos:0.000000,ypos:0.000000,xspeed:-1.510000,yspeed:-0.170000,angle:-6.830000,distense:99.600000,rcs:6.000000
timestame:1619471453.477000000,objid:11,type:0,xpos:0.000000,ypos:0.000000,xspeed:-1.140000,yspeed:0.150000,angle:-7.480000,distense:92.200000,rcs:6.000000
timestame:1619471453.477000000,objid:13,type:0,xpos:0.000000,ypos:0.000000,xspeed:-4.010000,yspeed:-0.390000,angle:-14.920000,distense:28.600000,rcs:6.000000
