timestame:1619470043.102000000,objid:1,type:0,xpos:0.000000,ypos:0.000000,xspeed:13.140000,yspeed:0.050000,angle:1.090000,distense:174.200000,rcs:9.000000
timestame:1619470043.102000000,objid:3,type:0,xpos:0.000000,ypos:0.000000,xspeed:13.730000,yspeed:0.070000,angle:1.340000,distense:148.400000,rcs:16.000000
timestame:1619470043.102000000,objid:4,type:0,xpos:0.000000,ypos:0.000000,xspeed:8.240000,yspeed:0.440000,angle:4.340000,distense:65.200000,rcs:6.000000
timestame:1619470043.102000000,objid:5,type:0,xpos:0.000000,ypos:0.000000,xspeed:4.930000,yspeed:0.390000,angle:6.180000,distense:48.400000,rcs:36.000000
