timestame:1619471500.030000000,objid:0,type:0,xpos:0.000000,ypos:0.000000,xspeed:7.940000,yspeed:0.160000,angle:1.810000,distense:98.000000,rcs:33.000000
timestame:1619471500.030000000,objid:3,type:0,xpos:0.000000,ypos:0.000000,xspeed:8.030000,yspeed:0.020000,angle:3.170000,distense:127.600000,rcs:19.000000
timestame:1619471500.030000000,objid:10,type:0,xpos:0.000000,ypos:0.000000,xspeed:7.280000,yspeed:0.230000,angle:5.150000,distense:86.200000,rcs:15.000000
