timestame:1619469926.997000000,objid:1,type:0,xpos:0.000000,ypos:0.000000,xspeed:6.760000,yspeed:0.200000,angle:1.500000,distense:174.600000,rcs:6.000000
timestame:1619469926.997000000,objid:8,type:0,xpos:0.000000,ypos:0.000000,xspeed:6.910000,yspeed:0.090000,angle:1.270000,distense:168.000000,rcs:21.000000
