timestame:1619471534.006000000,objid:2,type:0,xpos:0.000000,ypos:0.000000,xspeed:-13.620000,yspeed:-1.520000,angle:-4.190000,distense:165.200000,rcs:13.000000
timestame:1619471534.006000000,objid:4,type:0,xpos:0.000000,ypos:0.000000,xspeed:-12.680000,yspeed:-1.550000,angle:-4.050000,distense:169.800000,rcs:12.000000
timestame:1619471534.006000000,objid:6,type:0,xpos:0.000000,ypos:0.000000,xspeed:2.620000,yspeed:1.760000,angle:12.740000,distense:48.000000,rcs:22.000000
timestame:1619471534.006000000,objid:7,type:0,xpos:0.000000,ypos:0.000000,xspeed:4.990000,yspeed:3.150000,angle:9.750000,distense:44.200000,rcs:28.000000
