timestame:1619469931.394000000,objid:0,type:0,xpos:0.000000,ypos:0.000000,xspeed:-1.570000,yspeed:2.460000,angle:-18.000000,distense:39.000000,rcs:12.000000
timestame:1619469931.394000000,objid:1,type:0,xpos:0.000000,ypos:0.000000,xspeed:8.110000,yspeed:0.230000,angle:1.480000,distense:209.800000,rcs:6.000000
timestame:1619469931.394000000,objid:8,type:0,xpos:0.000000,ypos:0.000000,xspeed:8.130000,yspeed:0.320000,angle:1.350000,distense:203.200000,rcs:22.000000
