timestame:1619471096.456000000,objid:2,type:0,xpos:0.000000,ypos:0.000000,xspeed:8.090000,yspeed:-0.140000,angle:1.250000,distense:91.200000,rcs:33.000000
timestame:1619471096.456000000,objid:3,type:0,xpos:0.000000,ypos:0.000000,xspeed:-12.520000,yspeed:1.420000,angle:-9.340000,distense:74.800000,rcs:22.000000
