timestame:1619470777.714000000,objid:1,type:0,xpos:0.000000,ypos:0.000000,xspeed:-7.270000,yspeed:-0.620000,angle:-10.250000,distense:93.600000,rcs:16.000000
timestame:1619470777.714000000,objid:2,type:0,xpos:0.000000,ypos:0.000000,xspeed:24.150000,yspeed:2.120000,angle:-12.520000,distense:58.400000,rcs:9.000000
timestame:1619470777.714000000,objid:3,type:0,xpos:0.000000,ypos:0.000000,xspeed:1.360000,yspeed:-1.380000,angle:-12.050000,distense:48.800000,rcs:23.000000
timestame:1619470777.714000000,objid:4,type:0,xpos:0.000000,ypos:0.000000,xspeed:-1.150000,yspeed:1.370000,angle:-2.280000,distense:50.400000,rcs:6.000000
