timestame:1619471062.196000000,objid:0,type:0,xpos:0.000000,ypos:0.000000,xspeed:-7.630000,yspeed:1.110000,angle:-4.660000,distense:129.600000,rcs:12.000000
timestame:1619471062.196000000,objid:8,type:0,xpos:0.000000,ypos:0.000000,xspeed:-1.210000,yspeed:3.100000,angle:-0.760000,distense:35.400000,rcs:22.000000
timestame:1619471062.196000000,objid:9,type:0,xpos:0.000000,ypos:0.000000,xspeed:-1.730000,yspeed:-0.290000,angle:-9.760000,distense:76.800000,rcs:16.000000
