timestame:1619471231.429000000,objid:0,type:0,xpos:0.000000,ypos:0.000000,xspeed:6.690000,yspeed:0.020000,angle:1.880000,distense:105.000000,rcs:12.000000
timestame:1619471231.429000000,objid:1,type:0,xpos:0.000000,ypos:0.000000,xspeed:2.780000,yspeed:-5.470000,angle:-18.000000,distense:70.000000,rcs:6.000000
timestame:1619471231.429000000,objid:9,type:0,xpos:0.000000,ypos:0.000000,xspeed:6.780000,yspeed:0.010000,angle:1.760000,distense:96.600000,rcs:38.000000
