timestame:1619471462.863000000,objid:1,type:0,xpos:0.000000,ypos:0.000000,xspeed:-5.980000,yspeed:-0.820000,angle:-6.060000,distense:113.400000,rcs:12.000000
timestame:1619471462.863000000,objid:3,type:0,xpos:0.000000,ypos:0.000000,xspeed:-7.220000,yspeed:-1.270000,angle:-5.570000,distense:178.600000,rcs:9.000000
