timestame:1619470770.193000000,objid:0,type:0,xpos:0.000000,ypos:0.000000,xspeed:-11.190000,yspeed:-0.400000,angle:-5.650000,distense:151.600000,rcs:15.000000
timestame:1619470770.193000000,objid:1,type:0,xpos:0.000000,ypos:0.000000,xspeed:11.920000,yspeed:0.300000,angle:2.090000,distense:90.200000,rcs:23.000000
timestame:1619470770.193000000,objid:2,type:0,xpos:0.000000,ypos:0.000000,xspeed:-11.000000,yspeed:0.250000,angle:-6.190000,distense:149.000000,rcs:12.000000
