timestame:1619471211.600000000,objid:4,type:0,xpos:0.000000,ypos:0.000000,xspeed:-8.470000,yspeed:0.450000,angle:-18.000000,distense:43.400000,rcs:15.000000
timestame:1619471211.600000000,objid:5,type:0,xpos:0.000000,ypos:0.000000,xspeed:-6.440000,yspeed:-0.410000,angle:-18.000000,distense:41.600000,rcs:20.000000
timestame:1619471211.600000000,objid:6,type:0,xpos:0.000000,ypos:0.000000,xspeed:23.200000,yspeed:-11.320000,angle:20.400000,distense:21.400000,rcs:20.000000
