timestame:1619469625.606000000,objid:1,type:0,xpos:0.000000,ypos:0.000000,xspeed:-4.520000,yspeed:-0.170000,angle:-18.000000,distense:47.200000,rcs:24.000000
timestame:1619469625.606000000,objid:2,type:0,xpos:0.000000,ypos:0.000000,xspeed:-4.390000,yspeed:0.160000,angle:-16.220000,distense:59.800000,rcs:22.000000
timestame:1619469625.606000000,objid:4,type:0,xpos:0.000000,ypos:0.000000,xspeed:-12.770000,yspeed:-0.500000,angle:-18.000000,distense:38.000000,rcs:20.000000
timestame:1619469625.606000000,objid:5,type:0,xpos:0.000000,ypos:0.000000,xspeed:-3.180000,yspeed:4.310000,angle:-11.560000,distense:68.800000,rcs:6.000000
