timestame:1619469788.627000000,objid:1,type:0,xpos:0.000000,ypos:0.000000,xspeed:-16.210000,yspeed:-0.480000,angle:-13.790000,distense:67.200000,rcs:28.000000
timestame:1619469788.627000000,objid:4,type:0,xpos:0.000000,ypos:0.000000,xspeed:-16.640000,yspeed:-0.710000,angle:-17.400000,distense:58.200000,rcs:26.000000
timestame:1619469788.627000000,objid:10,type:0,xpos:0.000000,ypos:0.000000,xspeed:17.040000,yspeed:0.340000,angle:1.210000,distense:226.800000,rcs:16.000000
