timestame:1619469619.193000000,objid:1,type:0,xpos:0.000000,ypos:0.000000,xspeed:-1.970000,yspeed:0.120000,angle:-13.080000,distense:72.800000,rcs:16.000000
timestame:1619469619.193000000,objid:3,type:0,xpos:0.000000,ypos:0.000000,xspeed:-1.570000,yspeed:-0.130000,angle:-10.950000,distense:86.400000,rcs:21.000000
timestame:1619469619.193000000,objid:4,type:0,xpos:0.000000,ypos:0.000000,xspeed:-17.080000,yspeed:1.790000,angle:-4.370000,distense:123.800000,rcs:12.000000
