timestame:1619471306.283000000,objid:0,type:0,xpos:0.000000,ypos:0.000000,xspeed:3.060000,yspeed:1.380000,angle:21.640000,distense:22.200000,rcs:20.000000
timestame:1619471306.283000000,objid:1,type:0,xpos:0.000000,ypos:0.000000,xspeed:-6.300000,yspeed:3.070000,angle:-18.000000,distense:33.200000,rcs:12.000000
timestame:1619471306.283000000,objid:2,type:0,xpos:0.000000,ypos:0.000000,xspeed:4.300000,yspeed:-4.030000,angle:-16.530000,distense:19.600000,rcs:15.000000
