timestame:1619471311.755000000,objid:2,type:0,xpos:0.000000,ypos:0.000000,xspeed:2.880000,yspeed:2.930000,angle:-13.510000,distense:41.400000,rcs:15.000000
timestame:1619471311.755000000,objid:3,type:0,xpos:0.000000,ypos:0.000000,xspeed:3.620000,yspeed:2.050000,angle:-16.410000,distense:35.000000,rcs:25.000000
timestame:1619471311.755000000,objid:4,type:0,xpos:0.000000,ypos:0.000000,xspeed:-1.100000,yspeed:5.160000,angle:-3.570000,distense:38.000000,rcs:24.000000
