timestame:1619469625.420000000,objid:1,type:0,xpos:0.000000,ypos:0.000000,xspeed:-4.500000,yspeed:-0.170000,angle:-18.000000,distense:48.200000,rcs:26.000000
timestame:1619469625.420000000,objid:2,type:0,xpos:0.000000,ypos:0.000000,xspeed:-4.350000,yspeed:0.100000,angle:-16.050000,distense:61.000000,rcs:22.000000
timestame:1619469625.420000000,objid:4,type:0,xpos:0.000000,ypos:0.000000,xspeed:-12.900000,yspeed:-0.560000,angle:-18.000000,distense:40.600000,rcs:19.000000
timestame:1619469625.420000000,objid:5,type:0,xpos:0.000000,ypos:0.000000,xspeed:-1.640000,yspeed:1.800000,angle:-12.580000,distense:70.200000,rcs:12.000000
