timestame:1619470365.772000000,objid:0,type:0,xpos:0.000000,ypos:0.000000,xspeed:2.290000,yspeed:5.320000,angle:3.470000,distense:46.600000,rcs:32.000000
timestame:1619470365.772000000,objid:1,type:0,xpos:0.000000,ypos:0.000000,xspeed:-1.870000,yspeed:-1.040000,angle:-5.760000,distense:60.400000,rcs:12.000000
timestame:1619470365.772000000,objid:3,type:0,xpos:0.000000,ypos:0.000000,xspeed:2.920000,yspeed:-0.410000,angle:-8.270000,distense:45.400000,rcs:12.000000
timestame:1619470365.772000000,objid:5,type:0,xpos:0.000000,ypos:0.000000,xspeed:1.940000,yspeed:-0.360000,angle:4.910000,distense:52.800000,rcs:9.000000
