timestame:1619470733.016000000,objid:1,type:0,xpos:0.000000,ypos:0.000000,xspeed:12.270000,yspeed:0.570000,angle:3.250000,distense:63.000000,rcs:19.000000
timestame:1619470733.016000000,objid:6,type:0,xpos:0.000000,ypos:0.000000,xspeed:12.440000,yspeed:0.520000,angle:2.440000,distense:52.000000,rcs:40.000000
