timestame:1619469975.902000000,objid:2,type:0,xpos:0.000000,ypos:0.000000,xspeed:-1.480000,yspeed:-1.270000,angle:-18.000000,distense:32.600000,rcs:24.000000
timestame:1619469975.902000000,objid:4,type:0,xpos:0.000000,ypos:0.000000,xspeed:4.190000,yspeed:-5.230000,angle:6.310000,distense:44.400000,rcs:33.000000
timestame:1619469975.902000000,objid:6,type:0,xpos:0.000000,ypos:0.000000,xspeed:-1.520000,yspeed:-2.130000,angle:-18.000000,distense:34.800000,rcs:27.000000
timestame:1619469975.902000000,objid:7,type:0,xpos:0.000000,ypos:0.000000,xspeed:-3.860000,yspeed:-4.870000,angle:-18.000000,distense:35.400000,rcs:13.000000
