timestame:1619471194.385000000,objid:2,type:0,xpos:0.000000,ypos:0.000000,xspeed:-2.010000,yspeed:-2.100000,angle:-18.000000,distense:37.800000,rcs:6.000000
timestame:1619471194.385000000,objid:11,type:0,xpos:0.000000,ypos:0.000000,xspeed:1.360000,yspeed:1.720000,angle:-18.000000,distense:40.400000,rcs:32.000000
timestame:1619471194.385000000,objid:15,type:0,xpos:0.000000,ypos:0.000000,xspeed:-2.550000,yspeed:-1.940000,angle:-18.000000,distense:37.000000,rcs:20.000000
timestame:1619471194.385000000,objid:17,type:0,xpos:0.000000,ypos:0.000000,xspeed:7.670000,yspeed:0.360000,angle:3.880000,distense:97.800000,rcs:28.000000
