timestame:1619471369.622000000,objid:1,type:0,xpos:0.000000,ypos:0.000000,xspeed:8.270000,yspeed:-0.100000,angle:2.640000,distense:138.200000,rcs:12.000000
timestame:1619471369.622000000,objid:7,type:0,xpos:0.000000,ypos:0.000000,xspeed:11.050000,yspeed:0.260000,angle:1.560000,distense:182.400000,rcs:20.000000
