timestame:1619470748.900000000,objid:0,type:0,xpos:0.000000,ypos:0.000000,xspeed:-1.100000,yspeed:-9.670000,angle:-9.930000,distense:41.000000,rcs:33.000000
timestame:1619470748.900000000,objid:4,type:0,xpos:0.000000,ypos:0.000000,xspeed:-6.320000,yspeed:0.560000,angle:-18.000000,distense:34.600000,rcs:6.000000
timestame:1619470748.900000000,objid:7,type:0,xpos:0.000000,ypos:0.000000,xspeed:-3.430000,yspeed:14.100000,angle:-10.720000,distense:46.200000,rcs:20.000000
