timestame:1619470608.078000000,objid:1,type:0,xpos:0.000000,ypos:0.000000,xspeed:-1.020000,yspeed:-1.600000,angle:-13.270000,distense:50.400000,rcs:12.000000
timestame:1619470608.078000000,objid:2,type:0,xpos:0.000000,ypos:0.000000,xspeed:9.230000,yspeed:1.990000,angle:-17.560000,distense:19.800000,rcs:22.000000
