timestame:1619470839.936000000,objid:2,type:0,xpos:0.000000,ypos:0.000000,xspeed:3.860000,yspeed:2.290000,angle:-16.340000,distense:41.000000,rcs:6.000000
timestame:1619470839.936000000,objid:3,type:0,xpos:0.000000,ypos:0.000000,xspeed:2.810000,yspeed:2.280000,angle:-12.750000,distense:38.800000,rcs:15.000000
timestame:1619470839.936000000,objid:7,type:0,xpos:0.000000,ypos:0.000000,xspeed:13.250000,yspeed:0.370000,angle:2.400000,distense:202.800000,rcs:34.000000
