timestame:1619469712.265000000,objid:1,type:0,xpos:0.000000,ypos:0.000000,xspeed:-3.690000,yspeed:-1.460000,angle:-18.000000,distense:30.400000,rcs:6.000000
timestame:1619469712.265000000,objid:3,type:0,xpos:0.000000,ypos:0.000000,xspeed:12.210000,yspeed:-1.520000,angle:2.120000,distense:119.600000,rcs:18.000000
timestame:1619469712.265000000,objid:4,type:0,xpos:0.000000,ypos:0.000000,xspeed:-5.360000,yspeed:-2.450000,angle:-18.000000,distense:28.000000,rcs:9.000000
timestame:1619469712.265000000,objid:6,type:0,xpos:0.000000,ypos:0.000000,xspeed:-1.460000,yspeed:6.310000,angle:-6.490000,distense:38.800000,rcs:20.000000
