timestame:1619470125.396000000,objid:3,type:0,xpos:0.000000,ypos:0.000000,xspeed:-7.380000,yspeed:-1.130000,angle:12.690000,distense:33.800000,rcs:15.000000
timestame:1619470125.396000000,objid:4,type:0,xpos:0.000000,ypos:0.000000,xspeed:4.180000,yspeed:1.940000,angle:-17.200000,distense:34.400000,rcs:22.000000
timestame:1619470125.396000000,objid:6,type:0,xpos:0.000000,ypos:0.000000,xspeed:3.840000,yspeed:3.460000,angle:-12.560000,distense:40.200000,rcs:18.000000
