timestame:1619469554.585000000,objid:2,type:0,xpos:0.000000,ypos:0.000000,xspeed:-1.590000,yspeed:3.630000,angle:-18.000000,distense:43.200000,rcs:9.000000
timestame:1619469554.585000000,objid:3,type:0,xpos:0.000000,ypos:0.000000,xspeed:-1.720000,yspeed:4.550000,angle:-18.000000,distense:47.800000,rcs:9.000000
timestame:1619469554.585000000,objid:4,type:0,xpos:0.000000,ypos:0.000000,xspeed:-6.080000,yspeed:8.280000,angle:-14.960000,distense:45.400000,rcs:20.000000
