timestame:1619470567.347000000,objid:1,type:0,xpos:0.000000,ypos:0.000000,xspeed:4.130000,yspeed:3.350000,angle:-15.580000,distense:26.800000,rcs:18.000000
timestame:1619470567.347000000,objid:3,type:0,xpos:0.000000,ypos:0.000000,xspeed:14.630000,yspeed:0.010000,angle:1.080000,distense:155.200000,rcs:30.000000
timestame:1619470567.347000000,objid:8,type:0,xpos:0.000000,ypos:0.000000,xspeed:4.380000,yspeed:4.300000,angle:-11.760000,distense:40.800000,rcs:18.000000
