timestame:1619469708.172000000,objid:1,type:0,xpos:0.000000,ypos:0.000000,xspeed:16.310000,yspeed:0.000000,angle:-18.000000,distense:40.800000,rcs:31.000000
timestame:1619469708.172000000,objid:3,type:0,xpos:0.000000,ypos:0.000000,xspeed:12.860000,yspeed:-5.510000,angle:8.570000,distense:72.600000,rcs:13.000000
timestame:1619469708.172000000,objid:5,type:0,xpos:0.000000,ypos:0.000000,xspeed:-1.790000,yspeed:-2.510000,angle:-18.000000,distense:36.600000,rcs:19.000000
timestame:1619469708.172000000,objid:6,type:0,xpos:0.000000,ypos:0.000000,xspeed:-3.610000,yspeed:-1.400000,angle:-18.000000,distense:31.200000,rcs:9.000000
