timestame:1619470566.172000000,objid:0,type:0,xpos:0.000000,ypos:0.000000,xspeed:6.510000,yspeed:2.210000,angle:20.360000,distense:33.600000,rcs:24.000000
timestame:1619470566.172000000,objid:2,type:0,xpos:0.000000,ypos:0.000000,xspeed:-7.310000,yspeed:0.740000,angle:-11.890000,distense:17.600000,rcs:9.000000
timestame:1619470566.172000000,objid:3,type:0,xpos:0.000000,ypos:0.000000,xspeed:13.250000,yspeed:0.140000,angle:1.330000,distense:136.000000,rcs:13.000000
