timestame:1619470289.935000000,objid:2,type:0,xpos:0.000000,ypos:0.000000,xspeed:-12.080000,yspeed:-0.340000,angle:-12.900000,distense:71.000000,rcs:26.000000
timestame:1619470289.935000000,objid:5,type:0,xpos:0.000000,ypos:0.000000,xspeed:-6.110000,yspeed:-0.410000,angle:-18.000000,distense:27.000000,rcs:16.000000
timestame:1619470289.935000000,objid:7,type:0,xpos:0.000000,ypos:0.000000,xspeed:-5.960000,yspeed:-0.500000,angle:-18.000000,distense:23.600000,rcs:6.000000
