timestame:1619470773.677000000,objid:0,type:0,xpos:0.000000,ypos:0.000000,xspeed:-9.470000,yspeed:-0.120000,angle:-7.110000,distense:119.400000,rcs:15.000000
timestame:1619470773.677000000,objid:2,type:0,xpos:0.000000,ypos:0.000000,xspeed:18.650000,yspeed:1.340000,angle:1.600000,distense:147.600000,rcs:16.000000
