timestame:1619470171.694000000,objid:0,type:0,xpos:0.000000,ypos:0.000000,xspeed:8.840000,yspeed:0.240000,angle:2.180000,distense:76.200000,rcs:23.000000
timestame:1619470171.694000000,objid:1,type:0,xpos:0.000000,ypos:0.000000,xspeed:10.010000,yspeed:0.480000,angle:2.670000,distense:46.800000,rcs:37.000000
timestame:1619470171.694000000,objid:3,type:0,xpos:0.000000,ypos:0.000000,xspeed:10.870000,yspeed:0.000000,angle:3.620000,distense:115.600000,rcs:15.000000
timestame:1619470171.694000000,objid:4,type:0,xpos:0.000000,ypos:0.000000,xspeed:4.850000,yspeed:1.230000,angle:19.680000,distense:29.200000,rcs:24.000000
