timestame:1619470966.172000000,objid:0,type:0,xpos:0.000000,ypos:0.000000,xspeed:4.300000,yspeed:0.130000,angle:5.720000,distense:61.800000,rcs:33.000000
timestame:1619470966.172000000,objid:1,type:0,xpos:0.000000,ypos:0.000000,xspeed:13.010000,yspeed:-0.330000,angle:0.760000,distense:151.400000,rcs:13.000000
timestame:1619470966.172000000,objid:6,type:0,xpos:0.000000,ypos:0.000000,xspeed:11.090000,yspeed:0.390000,angle:1.970000,distense:127.600000,rcs:20.000000
timestame:1619470966.172000000,objid:7,type:0,xpos:0.000000,ypos:0.000000,xspeed:6.410000,yspeed:0.590000,angle:22.180000,distense:19.000000,rcs:16.000000
