timestame:1619469640.842000000,objid:1,type:0,xpos:0.000000,ypos:0.000000,xspeed:3.400000,yspeed:2.800000,angle:-11.150000,distense:39.000000,rcs:12.000000
timestame:1619469640.842000000,objid:6,type:0,xpos:0.000000,ypos:0.000000,xspeed:11.730000,yspeed:0.350000,angle:8.870000,distense:22.800000,rcs:28.000000
timestame:1619469640.842000000,objid:7,type:0,xpos:0.000000,ypos:0.000000,xspeed:14.920000,yspeed:0.000000,angle:2.180000,distense:68.200000,rcs:6.000000
timestame:1619469640.842000000,objid:13,type:0,xpos:0.000000,ypos:0.000000,xspeed:15.400000,yspeed:0.490000,angle:2.510000,distense:57.800000,rcs:43.000000
