timestame:1619470331.657000000,objid:0,type:0,xpos:0.000000,ypos:0.000000,xspeed:16.480000,yspeed:-0.320000,angle:0.260000,distense:205.600000,rcs:27.000000
timestame:1619470331.657000000,objid:2,type:0,xpos:0.000000,ypos:0.000000,xspeed:9.990000,yspeed:0.410000,angle:1.210000,distense:219.000000,rcs:6.000000
timestame:1619470331.657000000,objid:4,type:0,xpos:0.000000,ypos:0.000000,xspeed:-1.190000,yspeed:0.800000,angle:15.570000,distense:66.200000,rcs:6.000000
