timestame:1619471377.025000000,objid:0,type:0,xpos:0.000000,ypos:0.000000,xspeed:11.120000,yspeed:-0.490000,angle:2.340000,distense:219.400000,rcs:6.000000
timestame:1619471377.025000000,objid:1,type:0,xpos:0.000000,ypos:0.000000,xspeed:10.540000,yspeed:0.370000,angle:2.300000,distense:211.800000,rcs:16.000000
