timestame:1619470511.912000000,objid:1,type:0,xpos:0.000000,ypos:0.000000,xspeed:-1.710000,yspeed:-1.990000,angle:3.450000,distense:43.000000,rcs:34.000000
timestame:1619470511.912000000,objid:6,type:0,xpos:0.000000,ypos:0.000000,xspeed:3.110000,yspeed:0.420000,angle:3.090000,distense:12.400000,rcs:30.000000
timestame:1619470511.912000000,objid:8,type:0,xpos:0.000000,ypos:0.000000,xspeed:-4.650000,yspeed:-2.930000,angle:4.090000,distense:67.400000,rcs:26.000000
timestame:1619470511.912000000,objid:10,type:0,xpos:0.000000,ypos:0.000000,xspeed:3.140000,yspeed:0.600000,angle:2.030000,distense:17.000000,rcs:16.000000
