timestame:1619471077.215000000,objid:1,type:0,xpos:0.000000,ypos:0.000000,xspeed:-7.220000,yspeed:2.420000,angle:-16.630000,distense:56.600000,rcs:13.000000
timestame:1619471077.215000000,objid:3,type:0,xpos:0.000000,ypos:0.000000,xspeed:-9.260000,yspeed:-0.230000,angle:-10.630000,distense:65.400000,rcs:29.000000
timestame:1619471077.215000000,objid:5,type:0,xpos:0.000000,ypos:0.000000,xspeed:-9.980000,yspeed:-0.370000,angle:-17.740000,distense:44.200000,rcs:23.000000
timestame:1619471077.215000000,objid:6,type:0,xpos:0.000000,ypos:0.000000,xspeed:-5.700000,yspeed:-0.450000,angle:-18.000000,distense:51.600000,rcs:27.000000
