timestame:1619471193.884000000,objid:2,type:0,xpos:0.000000,ypos:0.000000,xspeed:-2.110000,yspeed:-2.390000,angle:-18.000000,distense:38.000000,rcs:16.000000
timestame:1619471193.884000000,objid:11,type:0,xpos:0.000000,ypos:0.000000,xspeed:2.070000,yspeed:2.290000,angle:-18.000000,distense:40.800000,rcs:24.000000
timestame:1619471193.884000000,objid:15,type:0,xpos:0.000000,ypos:0.000000,xspeed:-2.720000,yspeed:-2.590000,angle:-18.000000,distense:37.800000,rcs:12.000000
timestame:1619471193.884000000,objid:17,type:0,xpos:0.000000,ypos:0.000000,xspeed:7.610000,yspeed:0.490000,angle:4.070000,distense:94.000000,rcs:30.000000
