timestame:1619471321.193000000,objid:1,type:0,xpos:0.000000,ypos:0.000000,xspeed:-6.800000,yspeed:-0.590000,angle:-7.370000,distense:93.600000,rcs:13.000000
timestame:1619471321.193000000,objid:3,type:0,xpos:0.000000,ypos:0.000000,xspeed:-13.040000,yspeed:0.010000,angle:-3.590000,distense:169.000000,rcs:13.000000
timestame:1619471321.193000000,objid:4,type:0,xpos:0.000000,ypos:0.000000,xspeed:-2.040000,yspeed:0.000000,angle:7.380000,distense:42.200000,rcs:26.000000
