timestame:1619470070.719000000,objid:3,type:0,xpos:0.000000,ypos:0.000000,xspeed:-1.800000,yspeed:2.690000,angle:10.180000,distense:49.600000,rcs:39.000000
timestame:1619470070.719000000,objid:4,type:0,xpos:0.000000,ypos:0.000000,xspeed:-1.950000,yspeed:3.090000,angle:14.610000,distense:44.400000,rcs:23.000000
timestame:1619470070.719000000,objid:8,type:0,xpos:0.000000,ypos:0.000000,xspeed:3.080000,yspeed:1.930000,angle:-15.560000,distense:33.800000,rcs:28.000000
