timestame:1619470277.619000000,objid:1,type:0,xpos:0.000000,ypos:0.000000,xspeed:-10.210000,yspeed:0.110000,angle:-5.620000,distense:86.800000,rcs:13.000000
timestame:1619470277.619000000,objid:2,type:0,xpos:0.000000,ypos:0.000000,xspeed:-2.230000,yspeed:0.100000,angle:-7.130000,distense:87.200000,rcs:12.000000
timestame:1619470277.619000000,objid:3,type:0,xpos:0.000000,ypos:0.000000,xspeed:-3.410000,yspeed:-2.330000,angle:-8.960000,distense:77.600000,rcs:22.000000
timestame:1619470277.619000000,objid:11,type:0,xpos:0.000000,ypos:0.000000,xspeed:-2.410000,yspeed:-0.310000,angle:-10.200000,distense:72.400000,rcs:19.000000
