timestame:1619471082.613000000,objid:4,type:0,xpos:0.000000,ypos:0.000000,xspeed:3.030000,yspeed:0.030000,angle:0.970000,distense:29.000000,rcs:37.000000
timestame:1619471082.613000000,objid:6,type:0,xpos:0.000000,ypos:0.000000,xspeed:-6.970000,yspeed:-0.310000,angle:-18.000000,distense:23.000000,rcs:6.000000
timestame:1619471082.613000000,objid:10,type:0,xpos:0.000000,ypos:0.000000,xspeed:5.960000,yspeed:0.540000,angle:1.880000,distense:44.800000,rcs:6.000000
