timestame:1619471221.527000000,objid:0,type:0,xpos:0.000000,ypos:0.000000,xspeed:1.110000,yspeed:0.320000,angle:1.390000,distense:54.600000,rcs:15.000000
timestame:1619471221.527000000,objid:6,type:0,xpos:0.000000,ypos:0.000000,xspeed:3.860000,yspeed:0.110000,angle:2.160000,distense:56.400000,rcs:6.000000
timestame:1619471221.527000000,objid:9,type:0,xpos:0.000000,ypos:0.000000,xspeed:3.880000,yspeed:0.190000,angle:2.670000,distense:37.600000,rcs:43.000000
timestame:1619471221.527000000,objid:10,type:0,xpos:0.000000,ypos:0.000000,xspeed:3.780000,yspeed:0.220000,angle:1.410000,distense:46.400000,rcs:19.000000
