timestame:1619470277.434000000,objid:1,type:0,xpos:0.000000,ypos:0.000000,xspeed:-10.150000,yspeed:0.250000,angle:-5.340000,distense:88.600000,rcs:13.000000
timestame:1619470277.434000000,objid:2,type:0,xpos:0.000000,ypos:0.000000,xspeed:-2.230000,yspeed:0.100000,angle:-7.110000,distense:87.600000,rcs:12.000000
timestame:1619470277.434000000,objid:11,type:0,xpos:0.000000,ypos:0.000000,xspeed:-2.370000,yspeed:-0.210000,angle:-9.920000,distense:72.800000,rcs:25.000000
timestame:1619470277.434000000,objid:22,type:0,xpos:0.000000,ypos:0.000000,xspeed:-1.570000,yspeed:-0.070000,angle:-8.230000,distense:81.800000,rcs:18.000000
