timestame:1619470703.002000000,objid:0,type:0,xpos:0.000000,ypos:0.000000,xspeed:4.100000,yspeed:2.540000,angle:22.100000,distense:32.200000,rcs:20.000000
timestame:1619470703.002000000,objid:1,type:0,xpos:0.000000,ypos:0.000000,xspeed:10.380000,yspeed:-0.160000,angle:2.850000,distense:128.000000,rcs:6.000000
timestame:1619470703.002000000,objid:2,type:0,xpos:0.000000,ypos:0.000000,xspeed:-8.640000,yspeed:-0.180000,angle:-14.350000,distense:80.000000,rcs:6.000000
