timestame:1619469922.904000000,objid:1,type:0,xpos:0.000000,ypos:0.000000,xspeed:5.980000,yspeed:0.290000,angle:1.550000,distense:147.200000,rcs:6.000000
timestame:1619469922.904000000,objid:8,type:0,xpos:0.000000,ypos:0.000000,xspeed:5.900000,yspeed:0.060000,angle:1.390000,distense:140.000000,rcs:26.000000
