timestame:1619470703.499000000,objid:0,type:0,xpos:0.000000,ypos:0.000000,xspeed:4.030000,yspeed:2.620000,angle:-17.980000,distense:34.400000,rcs:9.000000
timestame:1619470703.499000000,objid:1,type:0,xpos:0.000000,ypos:0.000000,xspeed:10.690000,yspeed:-0.070000,angle:2.790000,distense:133.600000,rcs:13.000000
timestame:1619470703.499000000,objid:2,type:0,xpos:0.000000,ypos:0.000000,xspeed:-8.360000,yspeed:-0.320000,angle:-15.290000,distense:76.600000,rcs:9.000000
