timestame:1619470437.859000000,objid:1,type:0,xpos:0.000000,ypos:0.000000,xspeed:13.360000,yspeed:0.710000,angle:2.560000,distense:26.400000,rcs:37.000000
timestame:1619470437.859000000,objid:2,type:0,xpos:0.000000,ypos:0.000000,xspeed:3.840000,yspeed:0.090000,angle:11.480000,distense:67.200000,rcs:20.000000
