timestame:1619470617.617000000,objid:0,type:0,xpos:0.000000,ypos:0.000000,xspeed:-27.980000,yspeed:0.000000,angle:-9.170000,distense:99.400000,rcs:19.000000
timestame:1619470617.617000000,objid:1,type:0,xpos:0.000000,ypos:0.000000,xspeed:-21.380000,yspeed:-1.470000,angle:-9.360000,distense:96.800000,rcs:13.000000
