timestame:1619471235.839000000,objid:0,type:0,xpos:0.000000,ypos:0.000000,xspeed:8.070000,yspeed:0.040000,angle:1.360000,distense:140.400000,rcs:12.000000
timestame:1619471235.839000000,objid:9,type:0,xpos:0.000000,ypos:0.000000,xspeed:7.830000,yspeed:0.110000,angle:1.490000,distense:130.200000,rcs:27.000000
