timestame:1619470051.594000000,objid:0,type:0,xpos:0.000000,ypos:0.000000,xspeed:7.280000,yspeed:-0.170000,angle:3.070000,distense:117.000000,rcs:6.000000
timestame:1619470051.594000000,objid:5,type:0,xpos:0.000000,ypos:0.000000,xspeed:7.290000,yspeed:0.100000,angle:3.680000,distense:107.400000,rcs:27.000000
