timestame:1619470871.335000000,objid:1,type:0,xpos:0.000000,ypos:0.000000,xspeed:-13.650000,yspeed:2.420000,angle:-3.610000,distense:145.800000,rcs:9.000000
timestame:1619470871.335000000,objid:3,type:0,xpos:0.000000,ypos:0.000000,xspeed:11.040000,yspeed:-3.240000,angle:-5.620000,distense:53.800000,rcs:6.000000
timestame:1619470871.335000000,objid:4,type:0,xpos:0.000000,ypos:0.000000,xspeed:4.400000,yspeed:0.390000,angle:2.040000,distense:12.800000,rcs:32.000000
