timestame:1619471027.593000000,objid:2,type:0,xpos:0.000000,ypos:0.000000,xspeed:5.910000,yspeed:0.620000,angle:20.930000,distense:22.200000,rcs:16.000000
timestame:1619471027.593000000,objid:3,type:0,xpos:0.000000,ypos:0.000000,xspeed:-3.510000,yspeed:-2.330000,angle:-18.000000,distense:28.600000,rcs:6.000000
timestame:1619471027.593000000,objid:5,type:0,xpos:0.000000,ypos:0.000000,xspeed:4.230000,yspeed:1.020000,angle:-13.750000,distense:19.600000,rcs:25.000000
