timestame:1619470949.972000000,objid:2,type:0,xpos:0.000000,ypos:0.000000,xspeed:20.600000,yspeed:4.830000,angle:2.310000,distense:33.600000,rcs:24.000000
timestame:1619470949.972000000,objid:3,type:0,xpos:0.000000,ypos:0.000000,xspeed:1.820000,yspeed:0.230000,angle:1.340000,distense:42.600000,rcs:9.000000
