timestame:1619470118.687000000,objid:1,type:0,xpos:0.000000,ypos:0.000000,xspeed:1.060000,yspeed:-0.030000,angle:11.710000,distense:34.400000,rcs:16.000000
timestame:1619470118.687000000,objid:3,type:0,xpos:0.000000,ypos:0.000000,xspeed:-10.080000,yspeed:3.630000,angle:13.840000,distense:26.600000,rcs:19.000000
timestame:1619470118.687000000,objid:4,type:0,xpos:0.000000,ypos:0.000000,xspeed:-14.310000,yspeed:-1.500000,angle:-3.570000,distense:10.200000,rcs:12.000000
timestame:1619470118.687000000,objid:10,type:0,xpos:0.000000,ypos:0.000000,xspeed:2.190000,yspeed:5.560000,angle:-0.690000,distense:50.800000,rcs:6.000000
