timestame:1619470471.810000000,objid:0,type:0,xpos:0.000000,ypos:0.000000,xspeed:-4.670000,yspeed:6.130000,angle:19.300000,distense:67.000000,rcs:9.000000
timestame:1619470471.810000000,objid:1,type:0,xpos:0.000000,ypos:0.000000,xspeed:-21.330000,yspeed:0.340000,angle:-3.800000,distense:172.400000,rcs:19.000000
