timestame:1619470474.349000000,objid:1,type:0,xpos:0.000000,ypos:0.000000,xspeed:-11.710000,yspeed:-0.540000,angle:-4.730000,distense:143.600000,rcs:13.000000
timestame:1619470474.349000000,objid:2,type:0,xpos:0.000000,ypos:0.000000,xspeed:1.230000,yspeed:-0.690000,angle:14.250000,distense:71.400000,rcs:6.000000
