timestame:1619469714.560000000,objid:1,type:0,xpos:0.000000,ypos:0.000000,xspeed:-1.830000,yspeed:6.320000,angle:20.930000,distense:37.000000,rcs:12.000000
timestame:1619469714.560000000,objid:3,type:0,xpos:0.000000,ypos:0.000000,xspeed:13.860000,yspeed:-1.030000,angle:0.990000,distense:153.200000,rcs:13.000000
timestame:1619469714.560000000,objid:6,type:0,xpos:0.000000,ypos:0.000000,xspeed:-1.590000,yspeed:7.090000,angle:19.860000,distense:37.000000,rcs:9.000000
