timestame:1619470483.121000000,objid:1,type:0,xpos:0.000000,ypos:0.000000,xspeed:-3.990000,yspeed:-0.210000,angle:-8.000000,distense:86.800000,rcs:22.000000
timestame:1619470483.121000000,objid:3,type:0,xpos:0.000000,ypos:0.000000,xspeed:2.480000,yspeed:-4.900000,angle:16.440000,distense:45.800000,rcs:26.000000
timestame:1619470483.121000000,objid:8,type:0,xpos:0.000000,ypos:0.000000,xspeed:-13.990000,yspeed:-14.350000,angle:8.750000,distense:35.000000,rcs:32.000000
