timestame:1619471371.442000000,objid:1,type:0,xpos:0.000000,ypos:0.000000,xspeed:8.750000,yspeed:-0.020000,angle:2.390000,distense:154.400000,rcs:13.000000
timestame:1619471371.442000000,objid:7,type:0,xpos:0.000000,ypos:0.000000,xspeed:10.500000,yspeed:0.180000,angle:1.490000,distense:200.800000,rcs:18.000000
