timestame:1619469815.605000000,objid:1,type:0,xpos:0.000000,ypos:0.000000,xspeed:1.340000,yspeed:4.330000,angle:-5.280000,distense:52.600000,rcs:22.000000
timestame:1619469815.605000000,objid:3,type:0,xpos:0.000000,ypos:0.000000,xspeed:1.090000,yspeed:-2.150000,angle:-3.420000,distense:50.600000,rcs:16.000000
timestame:1619469815.605000000,objid:4,type:0,xpos:0.000000,ypos:0.000000,xspeed:-10.310000,yspeed:-4.810000,angle:-4.460000,distense:182.200000,rcs:9.000000
timestame:1619469815.605000000,objid:6,type:0,xpos:0.000000,ypos:0.000000,xspeed:6.270000,yspeed:0.340000,angle:19.910000,distense:24.600000,rcs:25.000000
