timestame:1619471139.843000000,objid:3,type:0,xpos:0.000000,ypos:0.000000,xspeed:-2.210000,yspeed:-3.210000,angle:-18.000000,distense:34.000000,rcs:18.000000
timestame:1619471139.843000000,objid:7,type:0,xpos:0.000000,ypos:0.000000,xspeed:-2.980000,yspeed:-10.040000,angle:-8.790000,distense:38.800000,rcs:19.000000
timestame:1619471139.843000000,objid:11,type:0,xpos:0.000000,ypos:0.000000,xspeed:16.310000,yspeed:0.000000,angle:-16.750000,distense:60.200000,rcs:9.000000
