timestame:1619470728.912000000,objid:0,type:0,xpos:0.000000,ypos:0.000000,xspeed:-12.440000,yspeed:-0.390000,angle:-11.000000,distense:66.200000,rcs:26.000000
timestame:1619470728.912000000,objid:1,type:0,xpos:0.000000,ypos:0.000000,xspeed:12.180000,yspeed:2.290000,angle:5.550000,distense:12.800000,rcs:32.000000
