timestame:1619470101.458000000,objid:3,type:0,xpos:0.000000,ypos:0.000000,xspeed:2.500000,yspeed:0.950000,angle:-0.870000,distense:51.000000,rcs:21.000000
timestame:1619470101.458000000,objid:5,type:0,xpos:0.000000,ypos:0.000000,xspeed:4.250000,yspeed:3.030000,angle:-16.220000,distense:40.800000,rcs:9.000000
timestame:1619470101.458000000,objid:9,type:0,xpos:0.000000,ypos:0.000000,xspeed:2.040000,yspeed:-10.480000,angle:-0.060000,distense:50.000000,rcs:6.000000
timestame:1619470101.458000000,objid:11,type:0,xpos:0.000000,ypos:0.000000,xspeed:3.720000,yspeed:0.960000,angle:12.170000,distense:14.800000,rcs:32.000000
