timestame:1619470049.791000000,objid:0,type:0,xpos:0.000000,ypos:0.000000,xspeed:6.900000,yspeed:0.100000,angle:3.790000,distense:103.600000,rcs:12.000000
timestame:1619470049.791000000,objid:5,type:0,xpos:0.000000,ypos:0.000000,xspeed:6.920000,yspeed:0.080000,angle:4.070000,distense:94.000000,rcs:23.000000
