timestame:1619470499.665000000,objid:2,type:0,xpos:0.000000,ypos:0.000000,xspeed:-1.280000,yspeed:-1.590000,angle:-18.000000,distense:39.000000,rcs:22.000000
timestame:1619470499.665000000,objid:4,type:0,xpos:0.000000,ypos:0.000000,xspeed:2.790000,yspeed:-3.020000,angle:13.890000,distense:45.600000,rcs:19.000000
timestame:1619470499.665000000,objid:7,type:0,xpos:0.000000,ypos:0.000000,xspeed:-1.730000,yspeed:-2.490000,angle:-18.000000,distense:45.400000,rcs:6.000000
