timestame:1619469853.006000000,objid:4,type:0,xpos:0.000000,ypos:0.000000,xspeed:-2.880000,yspeed:-1.870000,angle:-18.000000,distense:29.000000,rcs:6.000000
timestame:1619469853.006000000,objid:10,type:0,xpos:0.000000,ypos:0.000000,xspeed:-12.050000,yspeed:-1.200000,angle:-4.270000,distense:162.600000,rcs:18.000000
timestame:1619469853.006000000,objid:11,type:0,xpos:0.000000,ypos:0.000000,xspeed:4.370000,yspeed:0.000000,angle:-10.450000,distense:46.200000,rcs:6.000000
timestame:1619469853.006000000,objid:18,type:0,xpos:0.000000,ypos:0.000000,xspeed:1.650000,yspeed:0.550000,angle:-9.160000,distense:90.400000,rcs:12.000000
