timestame:1619470010.032000000,objid:2,type:0,xpos:0.000000,ypos:0.000000,xspeed:-1.970000,yspeed:-1.570000,angle:-18.000000,distense:31.200000,rcs:9.000000
timestame:1619470010.032000000,objid:15,type:0,xpos:0.000000,ypos:0.000000,xspeed:-1.040000,yspeed:-5.080000,angle:20.060000,distense:42.400000,rcs:21.000000
timestame:1619470010.032000000,objid:19,type:0,xpos:0.000000,ypos:0.000000,xspeed:1.950000,yspeed:-7.110000,angle:22.700000,distense:46.000000,rcs:24.000000
