timestame:1619471403.772000000,objid:2,type:0,xpos:0.000000,ypos:0.000000,xspeed:1.160000,yspeed:-0.770000,angle:2.940000,distense:41.600000,rcs:23.000000
timestame:1619471403.772000000,objid:4,type:0,xpos:0.000000,ypos:0.000000,xspeed:-1.380000,yspeed:6.770000,angle:11.770000,distense:40.200000,rcs:21.000000
timestame:1619471403.772000000,objid:11,type:0,xpos:0.000000,ypos:0.000000,xspeed:2.640000,yspeed:0.000000,angle:-9.190000,distense:50.800000,rcs:16.000000
timestame:1619471403.772000000,objid:12,type:0,xpos:0.000000,ypos:0.000000,xspeed:-14.440000,yspeed:-10.490000,angle:9.550000,distense:34.400000,rcs:18.000000
