timestame:1619470746.042000000,objid:0,type:0,xpos:0.000000,ypos:0.000000,xspeed:-2.210000,yspeed:-0.220000,angle:-8.740000,distense:82.800000,rcs:9.000000
timestame:1619470746.042000000,objid:6,type:0,xpos:0.000000,ypos:0.000000,xspeed:12.590000,yspeed:0.490000,angle:1.430000,distense:212.600000,rcs:24.000000
