timestame:1619471265.505000000,objid:0,type:0,xpos:0.000000,ypos:0.000000,xspeed:12.610000,yspeed:1.360000,angle:3.010000,distense:170.200000,rcs:12.000000
timestame:1619471265.505000000,objid:2,type:0,xpos:0.000000,ypos:0.000000,xspeed:13.070000,yspeed:0.120000,angle:2.560000,distense:146.000000,rcs:22.000000
timestame:1619471265.505000000,objid:6,type:0,xpos:0.000000,ypos:0.000000,xspeed:13.080000,yspeed:-0.020000,angle:2.300000,distense:158.200000,rcs:12.000000
timestame:1619471265.505000000,objid:10,type:0,xpos:0.000000,ypos:0.000000,xspeed:13.030000,yspeed:-0.050000,angle:2.510000,distense:133.600000,rcs:22.000000
