timestame:1619471227.215000000,objid:0,type:0,xpos:0.000000,ypos:0.000000,xspeed:5.850000,yspeed:0.430000,angle:2.160000,distense:77.600000,rcs:16.000000
timestame:1619471227.215000000,objid:1,type:0,xpos:0.000000,ypos:0.000000,xspeed:5.110000,yspeed:-2.930000,angle:-13.040000,distense:50.000000,rcs:16.000000
timestame:1619471227.215000000,objid:9,type:0,xpos:0.000000,ypos:0.000000,xspeed:5.500000,yspeed:0.050000,angle:2.170000,distense:67.400000,rcs:41.000000
