timestame:1619470938.874000000,objid:1,type:0,xpos:0.000000,ypos:0.000000,xspeed:-1.140000,yspeed:1.130000,angle:-13.180000,distense:72.400000,rcs:22.000000
timestame:1619470938.874000000,objid:10,type:0,xpos:0.000000,ypos:0.000000,xspeed:-2.940000,yspeed:0.110000,angle:-10.020000,distense:74.200000,rcs:12.000000
