timestame:1619471091.809000000,objid:1,type:0,xpos:0.000000,ypos:0.000000,xspeed:11.520000,yspeed:0.160000,angle:4.500000,distense:68.200000,rcs:24.000000
timestame:1619471091.809000000,objid:2,type:0,xpos:0.000000,ypos:0.000000,xspeed:6.490000,yspeed:0.370000,angle:2.420000,distense:54.400000,rcs:39.000000
timestame:1619471091.809000000,objid:4,type:0,xpos:0.000000,ypos:0.000000,xspeed:-22.350000,yspeed:-1.250000,angle:-18.000000,distense:18.200000,rcs:6.000000
timestame:1619471091.809000000,objid:5,type:0,xpos:0.000000,ypos:0.000000,xspeed:12.480000,yspeed:0.490000,angle:1.880000,distense:119.200000,rcs:13.000000
