timestame:1619469754.912000000,objid:2,type:0,xpos:0.000000,ypos:0.000000,xspeed:-7.900000,yspeed:0.140000,angle:-2.830000,distense:14.200000,rcs:9.000000
timestame:1619469754.912000000,objid:3,type:0,xpos:0.000000,ypos:0.000000,xspeed:7.200000,yspeed:0.790000,angle:22.790000,distense:25.000000,rcs:33.000000
timestame:1619469754.912000000,objid:5,type:0,xpos:0.000000,ypos:0.000000,xspeed:5.910000,yspeed:-0.040000,angle:19.380000,distense:26.600000,rcs:24.000000
