timestame:1619470838.334000000,objid:2,type:0,xpos:0.000000,ypos:0.000000,xspeed:4.230000,yspeed:2.200000,angle:22.890000,distense:34.400000,rcs:12.000000
timestame:1619470838.334000000,objid:3,type:0,xpos:0.000000,ypos:0.000000,xspeed:2.420000,yspeed:1.550000,angle:-14.520000,distense:32.600000,rcs:16.000000
timestame:1619470838.334000000,objid:4,type:0,xpos:0.000000,ypos:0.000000,xspeed:1.610000,yspeed:5.780000,angle:-4.110000,distense:45.000000,rcs:9.000000
timestame:1619470838.334000000,objid:7,type:0,xpos:0.000000,ypos:0.000000,xspeed:13.000000,yspeed:0.480000,angle:2.590000,distense:181.800000,rcs:29.000000
