timestame:1619470592.618000000,objid:0,type:0,xpos:0.000000,ypos:0.000000,xspeed:-14.640000,yspeed:-0.650000,angle:-18.000000,distense:39.400000,rcs:9.000000
timestame:1619470592.618000000,objid:2,type:0,xpos:0.000000,ypos:0.000000,xspeed:34.790000,yspeed:-7.020000,angle:-14.630000,distense:32.600000,rcs:6.000000
timestame:1619470592.618000000,objid:5,type:0,xpos:0.000000,ypos:0.000000,xspeed:5.700000,yspeed:-1.180000,angle:-13.660000,distense:18.600000,rcs:13.000000
timestame:1619470592.618000000,objid:6,type:0,xpos:0.000000,ypos:0.000000,xspeed:8.440000,yspeed:0.000000,angle:20.010000,distense:20.600000,rcs:15.000000
