timestame:1619470165.564000000,objid:0,type:0,xpos:0.000000,ypos:0.000000,xspeed:4.690000,yspeed:1.310000,angle:2.670000,distense:28.800000,rcs:27.000000
timestame:1619470165.564000000,objid:3,type:0,xpos:0.000000,ypos:0.000000,xspeed:6.370000,yspeed:0.400000,angle:6.790000,distense:55.800000,rcs:29.000000
timestame:1619470165.564000000,objid:6,type:0,xpos:0.000000,ypos:0.000000,xspeed:2.200000,yspeed:0.090000,angle:1.330000,distense:25.800000,rcs:6.000000
