timestame:1619471228.016000000,objid:0,type:0,xpos:0.000000,ypos:0.000000,xspeed:5.520000,yspeed:0.240000,angle:2.140000,distense:82.000000,rcs:9.000000
timestame:1619471228.016000000,objid:1,type:0,xpos:0.000000,ypos:0.000000,xspeed:4.600000,yspeed:-3.750000,angle:-16.620000,distense:54.200000,rcs:12.000000
timestame:1619471228.016000000,objid:9,type:0,xpos:0.000000,ypos:0.000000,xspeed:5.870000,yspeed:0.160000,angle:2.220000,distense:73.000000,rcs:40.000000
