timestame:1619469786.203000000,objid:1,type:0,xpos:0.000000,ypos:0.000000,xspeed:-17.570000,yspeed:-0.250000,angle:-8.440000,distense:104.200000,rcs:15.000000
timestame:1619469786.203000000,objid:2,type:0,xpos:0.000000,ypos:0.000000,xspeed:16.660000,yspeed:0.090000,angle:0.940000,distense:197.800000,rcs:13.000000
timestame:1619469786.203000000,objid:4,type:0,xpos:0.000000,ypos:0.000000,xspeed:-17.120000,yspeed:-0.210000,angle:-9.020000,distense:96.200000,rcs:19.000000
timestame:1619469786.203000000,objid:10,type:0,xpos:0.000000,ypos:0.000000,xspeed:16.830000,yspeed:0.170000,angle:1.140000,distense:185.400000,rcs:28.000000
