timestame:1619469583.255000000,objid:1,type:0,xpos:0.000000,ypos:0.000000,xspeed:-4.870000,yspeed:-0.140000,angle:-9.650000,distense:92.600000,rcs:18.000000
timestame:1619469583.255000000,objid:2,type:0,xpos:0.000000,ypos:0.000000,xspeed:-1.020000,yspeed:-0.270000,angle:-11.030000,distense:84.200000,rcs:19.000000
