timestame:1619471003.455000000,objid:0,type:0,xpos:0.000000,ypos:0.000000,xspeed:-1.120000,yspeed:-4.530000,angle:-9.110000,distense:47.600000,rcs:15.000000
timestame:1619471003.455000000,objid:1,type:0,xpos:0.000000,ypos:0.000000,xspeed:-13.300000,yspeed:-0.750000,angle:-6.150000,distense:137.400000,rcs:15.000000
timestame:1619471003.455000000,objid:4,type:0,xpos:0.000000,ypos:0.000000,xspeed:1.510000,yspeed:0.120000,angle:-0.040000,distense:17.200000,rcs:28.000000
