timestame:1619470448.729000000,objid:0,type:0,xpos:0.000000,ypos:0.000000,xspeed:18.900000,yspeed:1.100000,angle:1.370000,distense:215.000000,rcs:9.000000
timestame:1619470448.729000000,objid:1,type:0,xpos:0.000000,ypos:0.000000,xspeed:-5.540000,yspeed:-2.380000,angle:4.840000,distense:171.800000,rcs:6.000000
timestame:1619470448.729000000,objid:2,type:0,xpos:0.000000,ypos:0.000000,xspeed:4.760000,yspeed:-0.220000,angle:6.010000,distense:113.000000,rcs:18.000000
