timestame:1619470292.357000000,objid:1,type:0,xpos:0.000000,ypos:0.000000,xspeed:1.450000,yspeed:0.000000,angle:4.000000,distense:12.000000,rcs:15.000000
timestame:1619470292.357000000,objid:2,type:0,xpos:0.000000,ypos:0.000000,xspeed:-12.310000,yspeed:-0.590000,angle:-18.000000,distense:43.400000,rcs:22.000000
