timestame:1619469891.944000000,objid:2,type:0,xpos:0.000000,ypos:0.000000,xspeed:-4.440000,yspeed:-0.310000,angle:-16.930000,distense:47.600000,rcs:26.000000
timestame:1619469891.944000000,objid:5,type:0,xpos:0.000000,ypos:0.000000,xspeed:-2.950000,yspeed:-0.200000,angle:-18.000000,distense:52.400000,rcs:24.000000
timestame:1619469891.944000000,objid:16,type:0,xpos:0.000000,ypos:0.000000,xspeed:-3.720000,yspeed:-0.260000,angle:-12.930000,distense:60.200000,rcs:26.000000
