timestame:1619470220.217000000,objid:7,type:0,xpos:0.000000,ypos:0.000000,xspeed:-1.170000,yspeed:6.760000,angle:19.320000,distense:41.000000,rcs:13.000000
timestame:1619470220.217000000,objid:8,type:0,xpos:0.000000,ypos:0.000000,xspeed:20.390000,yspeed:0.000000,angle:19.260000,distense:51.200000,rcs:6.000000
