timestame:1619469754.974000000,objid:2,type:0,xpos:0.000000,ypos:0.000000,xspeed:-7.900000,yspeed:0.140000,angle:-1.600000,distense:13.800000,rcs:9.000000
timestame:1619469754.974000000,objid:3,type:0,xpos:0.000000,ypos:0.000000,xspeed:7.200000,yspeed:0.790000,angle:22.510000,distense:25.400000,rcs:33.000000
timestame:1619469754.974000000,objid:5,type:0,xpos:0.000000,ypos:0.000000,xspeed:5.470000,yspeed:0.130000,angle:19.490000,distense:26.600000,rcs:28.000000
