timestame:1619469620.870000000,objid:1,type:0,xpos:0.000000,ypos:0.000000,xspeed:-2.590000,yspeed:0.160000,angle:-13.860000,distense:67.800000,rcs:20.000000
timestame:1619469620.870000000,objid:2,type:0,xpos:0.000000,ypos:0.000000,xspeed:-4.690000,yspeed:0.340000,angle:-12.010000,distense:78.400000,rcs:23.000000
timestame:1619469620.870000000,objid:4,type:0,xpos:0.000000,ypos:0.000000,xspeed:-15.740000,yspeed:0.490000,angle:-5.890000,distense:98.400000,rcs:15.000000
timestame:1619469620.870000000,objid:5,type:0,xpos:0.000000,ypos:0.000000,xspeed:-7.700000,yspeed:0.060000,angle:-12.960000,distense:161.400000,rcs:6.000000
