timestame:1619471319.396000000,objid:1,type:0,xpos:0.000000,ypos:0.000000,xspeed:-7.680000,yspeed:-1.130000,angle:-6.240000,distense:105.200000,rcs:18.000000
timestame:1619471319.396000000,objid:3,type:0,xpos:0.000000,ypos:0.000000,xspeed:-14.790000,yspeed:-1.010000,angle:-3.220000,distense:193.400000,rcs:6.000000
