timestame:1619470748.345000000,objid:4,type:0,xpos:0.000000,ypos:0.000000,xspeed:-7.050000,yspeed:0.140000,angle:-18.000000,distense:37.600000,rcs:12.000000
timestame:1619470748.345000000,objid:5,type:0,xpos:0.000000,ypos:0.000000,xspeed:-29.830000,yspeed:-4.090000,angle:10.080000,distense:35.400000,rcs:9.000000
