timestame:1619470443.385000000,objid:1,type:0,xpos:0.000000,ypos:0.000000,xspeed:16.660000,yspeed:0.300000,angle:1.830000,distense:114.600000,rcs:20.000000
timestame:1619470443.385000000,objid:2,type:0,xpos:0.000000,ypos:0.000000,xspeed:3.930000,yspeed:-0.110000,angle:8.360000,distense:88.200000,rcs:9.000000
