timestame:1619470989.980000000,objid:3,type:0,xpos:0.000000,ypos:0.000000,xspeed:5.250000,yspeed:-0.170000,angle:7.360000,distense:101.600000,rcs:9.000000
timestame:1619470989.980000000,objid:4,type:0,xpos:0.000000,ypos:0.000000,xspeed:-13.460000,yspeed:-0.550000,angle:-14.280000,distense:56.200000,rcs:15.000000
