timestame:1619470148.253000000,objid:0,type:0,xpos:0.000000,ypos:0.000000,xspeed:1.580000,yspeed:2.630000,angle:-10.950000,distense:41.400000,rcs:19.000000
timestame:1619470148.253000000,objid:1,type:0,xpos:0.000000,ypos:0.000000,xspeed:2.420000,yspeed:1.140000,angle:-17.850000,distense:27.800000,rcs:20.000000
timestame:1619470148.253000000,objid:3,type:0,xpos:0.000000,ypos:0.000000,xspeed:-1.710000,yspeed:-0.040000,angle:-10.480000,distense:71.800000,rcs:21.000000
timestame:1619470148.253000000,objid:4,type:0,xpos:0.000000,ypos:0.000000,xspeed:4.370000,yspeed:1.600000,angle:22.640000,distense:36.800000,rcs:9.000000
