timestame:1619469623.675000000,objid:1,type:0,xpos:0.000000,ypos:0.000000,xspeed:-4.160000,yspeed:-0.080000,angle:-17.360000,distense:55.600000,rcs:26.000000
timestame:1619469623.675000000,objid:2,type:0,xpos:0.000000,ypos:0.000000,xspeed:-3.820000,yspeed:-0.140000,angle:-14.400000,distense:68.600000,rcs:31.000000
timestame:1619469623.675000000,objid:4,type:0,xpos:0.000000,ypos:0.000000,xspeed:-13.940000,yspeed:-0.420000,angle:-11.580000,distense:60.200000,rcs:18.000000
