timestame:1619470795.901000000,objid:3,type:0,xpos:0.000000,ypos:0.000000,xspeed:2.590000,yspeed:1.270000,angle:11.940000,distense:47.200000,rcs:26.000000
timestame:1619470795.901000000,objid:5,type:0,xpos:0.000000,ypos:0.000000,xspeed:2.370000,yspeed:-11.070000,angle:-18.000000,distense:63.600000,rcs:13.000000
timestame:1619470795.901000000,objid:12,type:0,xpos:0.000000,ypos:0.000000,xspeed:1.990000,yspeed:-11.430000,angle:-18.000000,distense:60.000000,rcs:18.000000
