timestame:1619471320.140000000,objid:0,type:0,xpos:0.000000,ypos:0.000000,xspeed:15.730000,yspeed:0.000000,angle:22.280000,distense:51.400000,rcs:28.000000
timestame:1619471320.140000000,objid:1,type:0,xpos:0.000000,ypos:0.000000,xspeed:-7.180000,yspeed:-0.540000,angle:-6.480000,distense:100.600000,rcs:19.000000
timestame:1619471320.140000000,objid:3,type:0,xpos:0.000000,ypos:0.000000,xspeed:-15.010000,yspeed:-0.150000,angle:-3.320000,distense:182.600000,rcs:6.000000
timestame:1619471320.140000000,objid:4,type:0,xpos:0.000000,ypos:0.000000,xspeed:-16.470000,yspeed:-3.460000,angle:-2.980000,distense:188.800000,rcs:6.000000
