timestame:1619470275.515000000,objid:1,type:0,xpos:0.000000,ypos:0.000000,xspeed:-10.510000,yspeed:-0.120000,angle:-4.970000,distense:107.800000,rcs:15.000000
timestame:1619470275.515000000,objid:2,type:0,xpos:0.000000,ypos:0.000000,xspeed:-1.240000,yspeed:0.300000,angle:-6.780000,distense:92.400000,rcs:12.000000
timestame:1619470275.515000000,objid:11,type:0,xpos:0.000000,ypos:0.000000,xspeed:-1.070000,yspeed:-0.030000,angle:-8.730000,distense:78.400000,rcs:27.000000
timestame:1619470275.515000000,objid:22,type:0,xpos:0.000000,ypos:0.000000,xspeed:-1.080000,yspeed:-0.120000,angle:-7.870000,distense:85.200000,rcs:19.000000
