timestame:1619470859.703000000,objid:0,type:0,xpos:0.000000,ypos:0.000000,xspeed:5.970000,yspeed:3.730000,angle:-16.030000,distense:41.400000,rcs:6.000000
timestame:1619470859.703000000,objid:1,type:0,xpos:0.000000,ypos:0.000000,xspeed:3.270000,yspeed:-0.230000,angle:-14.250000,distense:40.400000,rcs:6.000000
