timestame:1619471243.641000000,objid:0,type:0,xpos:0.000000,ypos:0.000000,xspeed:-1.310000,yspeed:2.060000,angle:-18.000000,distense:74.600000,rcs:13.000000
timestame:1619471243.641000000,objid:9,type:0,xpos:0.000000,ypos:0.000000,xspeed:10.100000,yspeed:0.260000,angle:1.320000,distense:207.000000,rcs:24.000000
