timestame:1619471236.899000000,objid:0,type:0,xpos:0.000000,ypos:0.000000,xspeed:8.080000,yspeed:-0.020000,angle:1.230000,distense:149.200000,rcs:9.000000
timestame:1619471236.899000000,objid:9,type:0,xpos:0.000000,ypos:0.000000,xspeed:8.270000,yspeed:-0.100000,angle:1.190000,distense:139.800000,rcs:15.000000
