timestame:1619471212.034000000,objid:3,type:0,xpos:0.000000,ypos:0.000000,xspeed:6.110000,yspeed:0.000000,angle:22.830000,distense:21.600000,rcs:33.000000
timestame:1619471212.034000000,objid:4,type:0,xpos:0.000000,ypos:0.000000,xspeed:-8.340000,yspeed:0.340000,angle:-18.000000,distense:40.400000,rcs:18.000000
timestame:1619471212.034000000,objid:5,type:0,xpos:0.000000,ypos:0.000000,xspeed:-6.750000,yspeed:-0.230000,angle:-18.000000,distense:38.400000,rcs:9.000000
timestame:1619471212.034000000,objid:6,type:0,xpos:0.000000,ypos:0.000000,xspeed:21.220000,yspeed:-3.980000,angle:12.840000,distense:29.000000,rcs:12.000000
