timestame:1619470975.429000000,objid:0,type:0,xpos:0.000000,ypos:0.000000,xspeed:6.640000,yspeed:0.020000,angle:3.400000,distense:116.400000,rcs:19.000000
timestame:1619470975.429000000,objid:3,type:0,xpos:0.000000,ypos:0.000000,xspeed:7.130000,yspeed:-0.020000,angle:2.400000,distense:126.400000,rcs:9.000000
timestame:1619470975.429000000,objid:5,type:0,xpos:0.000000,ypos:0.000000,xspeed:-17.570000,yspeed:3.380000,angle:-5.980000,distense:135.200000,rcs:9.000000
timestame:1619470975.429000000,objid:9,type:0,xpos:0.000000,ypos:0.000000,xspeed:1.910000,yspeed:3.590000,angle:-6.030000,distense:44.600000,rcs:9.000000
