timestame:1619470032.764000000,objid:1,type:0,xpos:0.000000,ypos:0.000000,xspeed:7.520000,yspeed:0.340000,angle:2.470000,distense:54.800000,rcs:38.000000
timestame:1619470032.764000000,objid:3,type:0,xpos:0.000000,ypos:0.000000,xspeed:10.210000,yspeed:2.640000,angle:1.090000,distense:19.000000,rcs:22.000000
timestame:1619470032.764000000,objid:4,type:0,xpos:0.000000,ypos:0.000000,xspeed:12.200000,yspeed:0.200000,angle:1.810000,distense:89.600000,rcs:15.000000
timestame:1619470032.764000000,objid:7,type:0,xpos:0.000000,ypos:0.000000,xspeed:1.330000,yspeed:-0.220000,angle:7.400000,distense:22.800000,rcs:15.000000
