timestame:1619469948.603000000,objid:3,type:0,xpos:0.000000,ypos:0.000000,xspeed:1.010000,yspeed:0.030000,angle:0.770000,distense:18.600000,rcs:20.000000
timestame:1619469948.603000000,objid:4,type:0,xpos:0.000000,ypos:0.000000,xspeed:1.250000,yspeed:-2.170000,angle:10.410000,distense:52.600000,rcs:26.000000
timestame:1619469948.603000000,objid:5,type:0,xpos:0.000000,ypos:0.000000,xspeed:3.350000,yspeed:-6.390000,angle:15.520000,distense:46.600000,rcs:18.000000
timestame:1619469948.603000000,objid:8,type:0,xpos:0.000000,ypos:0.000000,xspeed:-1.960000,yspeed:7.020000,angle:-18.000000,distense:47.200000,rcs:16.000000
