timestame:1619470377.378000000,objid:1,type:0,xpos:0.000000,ypos:0.000000,xspeed:-2.380000,yspeed:-2.240000,angle:-18.000000,distense:34.200000,rcs:12.000000
timestame:1619470377.378000000,objid:5,type:0,xpos:0.000000,ypos:0.000000,xspeed:-2.890000,yspeed:-2.320000,angle:-18.000000,distense:35.200000,rcs:19.000000
timestame:1619470377.378000000,objid:8,type:0,xpos:0.000000,ypos:0.000000,xspeed:1.370000,yspeed:-5.900000,angle:-9.690000,distense:67.200000,rcs:13.000000
timestame:1619470377.378000000,objid:18,type:0,xpos:0.000000,ypos:0.000000,xspeed:-5.070000,yspeed:-0.290000,angle:-8.990000,distense:80.200000,rcs:15.000000
