timestame:1619470635.852000000,objid:2,type:0,xpos:0.000000,ypos:0.000000,xspeed:-2.020000,yspeed:0.040000,angle:-8.870000,distense:79.800000,rcs:12.000000
timestame:1619470635.852000000,objid:5,type:0,xpos:0.000000,ypos:0.000000,xspeed:-1.230000,yspeed:3.040000,angle:17.250000,distense:49.600000,rcs:25.000000
