timestame:1619470443.197000000,objid:1,type:0,xpos:0.000000,ypos:0.000000,xspeed:16.500000,yspeed:0.310000,angle:1.870000,distense:111.400000,rcs:9.000000
timestame:1619470443.197000000,objid:2,type:0,xpos:0.000000,ypos:0.000000,xspeed:3.960000,yspeed:-0.160000,angle:8.380000,distense:87.400000,rcs:25.000000
