timestame:1619470372.295000000,objid:1,type:0,xpos:0.000000,ypos:0.000000,xspeed:-1.660000,yspeed:-3.830000,angle:-18.000000,distense:42.200000,rcs:6.000000
timestame:1619470372.295000000,objid:6,type:0,xpos:0.000000,ypos:0.000000,xspeed:-1.580000,yspeed:0.220000,angle:-18.000000,distense:34.000000,rcs:13.000000
timestame:1619470372.295000000,objid:10,type:0,xpos:0.000000,ypos:0.000000,xspeed:-5.040000,yspeed:-2.040000,angle:-18.000000,distense:36.200000,rcs:25.000000
timestame:1619470372.295000000,objid:14,type:0,xpos:0.000000,ypos:0.000000,xspeed:-1.980000,yspeed:-0.170000,angle:-18.000000,distense:32.000000,rcs:13.000000
