timestame:1619471363.212000000,objid:2,type:0,xpos:0.000000,ypos:0.000000,xspeed:6.420000,yspeed:-0.120000,angle:4.460000,distense:91.400000,rcs:20.000000
timestame:1619471363.212000000,objid:4,type:0,xpos:0.000000,ypos:0.000000,xspeed:6.330000,yspeed:0.150000,angle:5.300000,distense:85.400000,rcs:25.000000
timestame:1619471363.212000000,objid:7,type:0,xpos:0.000000,ypos:0.000000,xspeed:10.120000,yspeed:0.070000,angle:1.530000,distense:108.200000,rcs:24.000000
