timestame:1619470766.358000000,objid:0,type:0,xpos:0.000000,ypos:0.000000,xspeed:-13.020000,yspeed:-8.500000,angle:-3.650000,distense:195.400000,rcs:18.000000
timestame:1619470766.358000000,objid:4,type:0,xpos:0.000000,ypos:0.000000,xspeed:-2.430000,yspeed:-1.250000,angle:-18.000000,distense:29.400000,rcs:9.000000
timestame:1619470766.358000000,objid:9,type:0,xpos:0.000000,ypos:0.000000,xspeed:6.420000,yspeed:0.340000,angle:2.700000,distense:46.600000,rcs:32.000000
