timestame:1619470568.826000000,objid:1,type:0,xpos:0.000000,ypos:0.000000,xspeed:4.240000,yspeed:2.580000,angle:-14.860000,distense:34.200000,rcs:22.000000
timestame:1619470568.826000000,objid:3,type:0,xpos:0.000000,ypos:0.000000,xspeed:15.410000,yspeed:0.130000,angle:1.070000,distense:179.400000,rcs:26.000000
timestame:1619470568.826000000,objid:8,type:0,xpos:0.000000,ypos:0.000000,xspeed:3.130000,yspeed:4.130000,angle:-7.500000,distense:47.600000,rcs:13.000000
