timestame:1619470597.090000000,objid:1,type:0,xpos:0.000000,ypos:0.000000,xspeed:5.350000,yspeed:3.450000,angle:-13.750000,distense:38.400000,rcs:12.000000
timestame:1619470597.090000000,objid:3,type:0,xpos:0.000000,ypos:0.000000,xspeed:-3.470000,yspeed:1.330000,angle:7.420000,distense:173.400000,rcs:6.000000
timestame:1619470597.090000000,objid:5,type:0,xpos:0.000000,ypos:0.000000,xspeed:4.590000,yspeed:4.290000,angle:-10.100000,distense:48.800000,rcs:6.000000
