timestame:1619469580.882000000,objid:1,type:0,xpos:0.000000,ypos:0.000000,xspeed:-5.760000,yspeed:-0.310000,angle:-8.640000,distense:102.600000,rcs:15.000000
timestame:1619469580.882000000,objid:5,type:0,xpos:0.000000,ypos:0.000000,xspeed:-5.780000,yspeed:-0.130000,angle:-10.280000,distense:89.600000,rcs:13.000000
