timestame:1619470278.420000000,objid:1,type:0,xpos:0.000000,ypos:0.000000,xspeed:-10.230000,yspeed:-0.100000,angle:-6.470000,distense:78.800000,rcs:20.000000
timestame:1619470278.420000000,objid:3,type:0,xpos:0.000000,ypos:0.000000,xspeed:-2.130000,yspeed:0.240000,angle:-8.820000,distense:76.600000,rcs:15.000000
timestame:1619470278.420000000,objid:11,type:0,xpos:0.000000,ypos:0.000000,xspeed:-2.690000,yspeed:-0.350000,angle:-10.850000,distense:70.000000,rcs:20.000000
