timestame:1619471406.829000000,objid:5,type:0,xpos:0.000000,ypos:0.000000,xspeed:-15.260000,yspeed:-4.110000,angle:6.900000,distense:147.800000,rcs:9.000000
timestame:1619471406.829000000,objid:7,type:0,xpos:0.000000,ypos:0.000000,xspeed:-1.480000,yspeed:-2.280000,angle:-2.960000,distense:42.600000,rcs:33.000000
timestame:1619471406.829000000,objid:9,type:0,xpos:0.000000,ypos:0.000000,xspeed:-1.200000,yspeed:6.390000,angle:11.090000,distense:40.400000,rcs:6.000000
