timestame:1619470073.453000000,objid:3,type:0,xpos:0.000000,ypos:0.000000,xspeed:-1.210000,yspeed:2.250000,angle:18.330000,distense:48.000000,rcs:31.000000
timestame:1619470073.453000000,objid:4,type:0,xpos:0.000000,ypos:0.000000,xspeed:-1.500000,yspeed:2.280000,angle:-17.370000,distense:43.000000,rcs:22.000000
timestame:1619470073.453000000,objid:8,type:0,xpos:0.000000,ypos:0.000000,xspeed:1.560000,yspeed:3.140000,angle:-7.220000,distense:41.600000,rcs:9.000000
