timestame:1619469917.821000000,objid:1,type:0,xpos:0.000000,ypos:0.000000,xspeed:5.670000,yspeed:0.150000,angle:1.590000,distense:116.800000,rcs:18.000000
timestame:1619469917.821000000,objid:8,type:0,xpos:0.000000,ypos:0.000000,xspeed:5.740000,yspeed:0.040000,angle:1.520000,distense:110.200000,rcs:28.000000
