timestame:1619471228.263000000,objid:0,type:0,xpos:0.000000,ypos:0.000000,xspeed:5.520000,yspeed:0.240000,angle:2.150000,distense:83.200000,rcs:9.000000
timestame:1619471228.263000000,objid:1,type:0,xpos:0.000000,ypos:0.000000,xspeed:4.430000,yspeed:-3.890000,angle:-17.550000,distense:55.200000,rcs:13.000000
timestame:1619471228.263000000,objid:9,type:0,xpos:0.000000,ypos:0.000000,xspeed:5.970000,yspeed:0.220000,angle:2.290000,distense:74.600000,rcs:35.000000
