timestame:1619469575.705000000,objid:2,type:0,xpos:0.000000,ypos:0.000000,xspeed:2.310000,yspeed:-10.380000,angle:-16.440000,distense:56.200000,rcs:6.000000
timestame:1619469575.705000000,objid:3,type:0,xpos:0.000000,ypos:0.000000,xspeed:-7.390000,yspeed:-0.030000,angle:-7.000000,distense:123.000000,rcs:18.000000
timestame:1619469575.705000000,objid:5,type:0,xpos:0.000000,ypos:0.000000,xspeed:-7.090000,yspeed:-0.100000,angle:-7.130000,distense:120.000000,rcs:18.000000
timestame:1619469575.705000000,objid:6,type:0,xpos:0.000000,ypos:0.000000,xspeed:-3.650000,yspeed:0.130000,angle:-6.670000,distense:135.600000,rcs:6.000000
