timestame:1619471375.287000000,objid:0,type:0,xpos:0.000000,ypos:0.000000,xspeed:10.480000,yspeed:0.000000,angle:2.130000,distense:200.000000,rcs:12.000000
timestame:1619471375.287000000,objid:1,type:0,xpos:0.000000,ypos:0.000000,xspeed:9.950000,yspeed:0.200000,angle:2.250000,distense:192.800000,rcs:25.000000
