timestame:1619469528.620000000,objid:1,type:0,xpos:0.000000,ypos:0.000000,xspeed:1.670000,yspeed:-2.900000,angle:-18.000000,distense:64.800000,rcs:27.000000
timestame:1619469528.620000000,objid:2,type:0,xpos:0.000000,ypos:0.000000,xspeed:2.770000,yspeed:-3.480000,angle:-18.000000,distense:66.000000,rcs:9.000000
timestame:1619469528.620000000,objid:11,type:0,xpos:0.000000,ypos:0.000000,xspeed:1.340000,yspeed:-4.660000,angle:-18.000000,distense:75.800000,rcs:6.000000
