timestame:1619470227.155000000,objid:8,type:0,xpos:0.000000,ypos:0.000000,xspeed:-1.660000,yspeed:-2.530000,angle:-11.640000,distense:41.600000,rcs:6.000000
timestame:1619470227.155000000,objid:11,type:0,xpos:0.000000,ypos:0.000000,xspeed:-10.830000,yspeed:0.360000,angle:-3.360000,distense:193.200000,rcs:6.000000
