timestame:1619469533.840000000,objid:4,type:0,xpos:0.000000,ypos:0.000000,xspeed:16.310000,yspeed:0.780000,angle:2.590000,distense:59.200000,rcs:28.000000
timestame:1619469533.840000000,objid:7,type:0,xpos:0.000000,ypos:0.000000,xspeed:16.630000,yspeed:0.710000,angle:2.010000,distense:67.400000,rcs:26.000000
