timestame:1619470048.862000000,objid:0,type:0,xpos:0.000000,ypos:0.000000,xspeed:6.760000,yspeed:0.060000,angle:3.970000,distense:97.200000,rcs:16.000000
timestame:1619470048.862000000,objid:5,type:0,xpos:0.000000,ypos:0.000000,xspeed:6.830000,yspeed:0.110000,angle:4.320000,distense:87.800000,rcs:20.000000
