timestame:1619470030.528000000,objid:1,type:0,xpos:0.000000,ypos:0.000000,xspeed:5.440000,yspeed:0.480000,angle:2.670000,distense:36.000000,rcs:33.000000
timestame:1619470030.528000000,objid:4,type:0,xpos:0.000000,ypos:0.000000,xspeed:9.710000,yspeed:0.080000,angle:2.200000,distense:61.000000,rcs:29.000000
timestame:1619470030.528000000,objid:5,type:0,xpos:0.000000,ypos:0.000000,xspeed:1.490000,yspeed:-0.100000,angle:-18.000000,distense:55.800000,rcs:13.000000
