timestame:1619470478.265000000,objid:0,type:0,xpos:0.000000,ypos:0.000000,xspeed:-8.520000,yspeed:-0.480000,angle:-6.200000,distense:107.400000,rcs:22.000000
timestame:1619470478.265000000,objid:2,type:0,xpos:0.000000,ypos:0.000000,xspeed:1.450000,yspeed:-0.350000,angle:12.710000,distense:76.200000,rcs:6.000000
timestame:1619470478.265000000,objid:3,type:0,xpos:0.000000,ypos:0.000000,xspeed:1.230000,yspeed:1.820000,angle:-9.640000,distense:48.600000,rcs:15.000000
