timestame:1619471147.419000000,objid:1,type:0,xpos:0.000000,ypos:0.000000,xspeed:-1.180000,yspeed:6.050000,angle:-17.170000,distense:40.600000,rcs:9.000000
timestame:1619471147.419000000,objid:5,type:0,xpos:0.000000,ypos:0.000000,xspeed:-1.130000,yspeed:6.180000,angle:2.220000,distense:41.200000,rcs:20.000000
timestame:1619471147.419000000,objid:9,type:0,xpos:0.000000,ypos:0.000000,xspeed:-1.560000,yspeed:5.760000,angle:-2.330000,distense:41.800000,rcs:15.000000
