timestame:1619470137.883000000,objid:0,type:0,xpos:0.000000,ypos:0.000000,xspeed:-7.290000,yspeed:3.130000,angle:12.610000,distense:38.600000,rcs:20.000000
timestame:1619470137.883000000,objid:7,type:0,xpos:0.000000,ypos:0.000000,xspeed:-2.930000,yspeed:-0.230000,angle:-10.210000,distense:74.200000,rcs:19.000000
