timestame:1619470639.585000000,objid:2,type:0,xpos:0.000000,ypos:0.000000,xspeed:-4.970000,yspeed:-2.610000,angle:-4.560000,distense:191.600000,rcs:6.000000
timestame:1619470639.585000000,objid:7,type:0,xpos:0.000000,ypos:0.000000,xspeed:1.790000,yspeed:-11.040000,angle:-18.000000,distense:63.400000,rcs:9.000000
