timestame:1619470010.155000000,objid:2,type:0,xpos:0.000000,ypos:0.000000,xspeed:-2.090000,yspeed:-1.650000,angle:-18.000000,distense:31.000000,rcs:12.000000
timestame:1619470010.155000000,objid:15,type:0,xpos:0.000000,ypos:0.000000,xspeed:-1.010000,yspeed:-4.910000,angle:19.520000,distense:42.000000,rcs:27.000000
timestame:1619470010.155000000,objid:19,type:0,xpos:0.000000,ypos:0.000000,xspeed:1.430000,yspeed:-7.570000,angle:21.440000,distense:45.200000,rcs:26.000000
