timestame:1619469481.208000000,objid:1,type:0,xpos:0.000000,ypos:0.000000,xspeed:-5.830000,yspeed:7.340000,angle:-6.900000,distense:87.800000,rcs:16.000000
timestame:1619469481.208000000,objid:7,type:0,xpos:0.000000,ypos:0.000000,xspeed:3.440000,yspeed:-4.250000,angle:-10.130000,distense:96.200000,rcs:15.000000
