timestame:1619470769.014000000,objid:0,type:0,xpos:0.000000,ypos:0.000000,xspeed:-11.920000,yspeed:-0.810000,angle:-5.280000,distense:164.200000,rcs:16.000000
timestame:1619470769.014000000,objid:1,type:0,xpos:0.000000,ypos:0.000000,xspeed:11.130000,yspeed:0.310000,angle:2.250000,distense:75.200000,rcs:20.000000
timestame:1619470769.014000000,objid:2,type:0,xpos:0.000000,ypos:0.000000,xspeed:-12.330000,yspeed:-1.580000,angle:-4.630000,distense:160.000000,rcs:12.000000
