timestame:1619470839.012000000,objid:2,type:0,xpos:0.000000,ypos:0.000000,xspeed:3.900000,yspeed:2.360000,angle:-16.950000,distense:37.200000,rcs:20.000000
timestame:1619470839.012000000,objid:3,type:0,xpos:0.000000,ypos:0.000000,xspeed:2.660000,yspeed:1.580000,angle:-14.480000,distense:35.000000,rcs:15.000000
timestame:1619470839.012000000,objid:4,type:0,xpos:0.000000,ypos:0.000000,xspeed:1.140000,yspeed:5.610000,angle:-0.880000,distense:47.400000,rcs:12.000000
timestame:1619470839.012000000,objid:7,type:0,xpos:0.000000,ypos:0.000000,xspeed:13.060000,yspeed:0.320000,angle:2.420000,distense:190.600000,rcs:25.000000
