timestame:1619470496.564000000,objid:0,type:0,xpos:0.000000,ypos:0.000000,xspeed:-4.150000,yspeed:-11.760000,angle:20.150000,distense:43.400000,rcs:28.000000
timestame:1619470496.564000000,objid:2,type:0,xpos:0.000000,ypos:0.000000,xspeed:-1.320000,yspeed:-5.830000,angle:-12.760000,distense:41.200000,rcs:42.000000
timestame:1619470496.564000000,objid:6,type:0,xpos:0.000000,ypos:0.000000,xspeed:-1.650000,yspeed:6.520000,angle:-11.110000,distense:46.600000,rcs:6.000000
timestame:1619470496.564000000,objid:7,type:0,xpos:0.000000,ypos:0.000000,xspeed:-5.290000,yspeed:4.450000,angle:-10.770000,distense:48.400000,rcs:12.000000
