timestame:1619470594.542000000,objid:5,type:0,xpos:0.000000,ypos:0.000000,xspeed:7.870000,yspeed:2.460000,angle:22.870000,distense:35.200000,rcs:35.000000
timestame:1619470594.542000000,objid:6,type:0,xpos:0.000000,ypos:0.000000,xspeed:5.900000,yspeed:2.340000,angle:20.520000,distense:32.600000,rcs:39.000000
