timestame:1619470792.995000000,objid:4,type:0,xpos:0.000000,ypos:0.000000,xspeed:1.150000,yspeed:-9.520000,angle:2.040000,distense:50.000000,rcs:22.000000
timestame:1619470792.995000000,objid:5,type:0,xpos:0.000000,ypos:0.000000,xspeed:5.030000,yspeed:-3.430000,angle:-18.000000,distense:53.600000,rcs:6.000000
timestame:1619470792.995000000,objid:6,type:0,xpos:0.000000,ypos:0.000000,xspeed:4.070000,yspeed:-0.460000,angle:12.010000,distense:55.000000,rcs:9.000000
timestame:1619470792.995000000,objid:7,type:0,xpos:0.000000,ypos:0.000000,xspeed:2.430000,yspeed:0.270000,angle:12.510000,distense:51.200000,rcs:9.000000
