timestame:1619471407.264000000,objid:4,type:0,xpos:0.000000,ypos:0.000000,xspeed:-1.300000,yspeed:7.470000,angle:16.290000,distense:40.000000,rcs:25.000000
timestame:1619471407.264000000,objid:5,type:0,xpos:0.000000,ypos:0.000000,xspeed:2.030000,yspeed:0.000000,angle:19.470000,distense:41.200000,rcs:13.000000
timestame:1619471407.264000000,objid:9,type:0,xpos:0.000000,ypos:0.000000,xspeed:-1.200000,yspeed:6.390000,angle:14.950000,distense:40.400000,rcs:6.000000
timestame:1619471407.264000000,objid:11,type:0,xpos:0.000000,ypos:0.000000,xspeed:-15.710000,yspeed:-17.210000,angle:0.650000,distense:141.000000,rcs:9.000000
