timestame:1619470168.288000000,objid:0,type:0,xpos:0.000000,ypos:0.000000,xspeed:6.320000,yspeed:0.230000,angle:2.120000,distense:46.000000,rcs:29.000000
timestame:1619470168.288000000,objid:3,type:0,xpos:0.000000,ypos:0.000000,xspeed:8.020000,yspeed:0.340000,angle:5.610000,distense:78.800000,rcs:20.000000
