timestame:1619469690.191000000,objid:2,type:0,xpos:0.000000,ypos:0.000000,xspeed:1.290000,yspeed:-7.920000,angle:-0.570000,distense:57.400000,rcs:24.000000
timestame:1619469690.191000000,objid:5,type:0,xpos:0.000000,ypos:0.000000,xspeed:1.830000,yspeed:-6.130000,angle:2.110000,distense:58.600000,rcs:6.000000
timestame:1619469690.191000000,objid:10,type:0,xpos:0.000000,ypos:0.000000,xspeed:2.300000,yspeed:4.300000,angle:-4.570000,distense:50.800000,rcs:12.000000
timestame:1619469690.191000000,objid:13,type:0,xpos:0.000000,ypos:0.000000,xspeed:-1.870000,yspeed:6.760000,angle:-1.070000,distense:35.800000,rcs:15.000000
