timestame:1619470073.145000000,objid:3,type:0,xpos:0.000000,ypos:0.000000,xspeed:-1.380000,yspeed:2.270000,angle:17.380000,distense:48.000000,rcs:34.000000
timestame:1619470073.145000000,objid:4,type:0,xpos:0.000000,ypos:0.000000,xspeed:-1.560000,yspeed:2.450000,angle:22.670000,distense:43.000000,rcs:20.000000
timestame:1619470073.145000000,objid:8,type:0,xpos:0.000000,ypos:0.000000,xspeed:2.000000,yspeed:2.910000,angle:-9.000000,distense:40.800000,rcs:9.000000
