timestame:1619470215.687000000,objid:2,type:0,xpos:0.000000,ypos:0.000000,xspeed:-4.670000,yspeed:0.000000,angle:-12.370000,distense:42.800000,rcs:6.000000
timestame:1619470215.687000000,objid:7,type:0,xpos:0.000000,ypos:0.000000,xspeed:-2.620000,yspeed:7.160000,angle:-5.930000,distense:42.800000,rcs:18.000000
timestame:1619470215.687000000,objid:11,type:0,xpos:0.000000,ypos:0.000000,xspeed:-1.210000,yspeed:5.420000,angle:-13.830000,distense:40.200000,rcs:13.000000
