timestame:1619470278.543000000,objid:1,type:0,xpos:0.000000,ypos:0.000000,xspeed:-10.220000,yspeed:-0.130000,angle:-6.630000,distense:77.600000,rcs:18.000000
timestame:1619470278.543000000,objid:3,type:0,xpos:0.000000,ypos:0.000000,xspeed:-2.350000,yspeed:0.220000,angle:-8.860000,distense:76.000000,rcs:16.000000
timestame:1619470278.543000000,objid:11,type:0,xpos:0.000000,ypos:0.000000,xspeed:-2.760000,yspeed:-0.340000,angle:-10.950000,distense:69.400000,rcs:26.000000
