timestame:1619471233.414000000,objid:0,type:0,xpos:0.000000,ypos:0.000000,xspeed:7.590000,yspeed:0.050000,angle:1.620000,distense:120.600000,rcs:12.000000
timestame:1619471233.414000000,objid:9,type:0,xpos:0.000000,ypos:0.000000,xspeed:7.080000,yspeed:0.080000,angle:1.600000,distense:111.000000,rcs:33.000000
