timestame:1619471235.155000000,objid:0,type:0,xpos:0.000000,ypos:0.000000,xspeed:7.980000,yspeed:-0.070000,angle:1.280000,distense:135.000000,rcs:13.000000
timestame:1619471235.155000000,objid:9,type:0,xpos:0.000000,ypos:0.000000,xspeed:7.660000,yspeed:0.130000,angle:1.550000,distense:124.800000,rcs:15.000000
