timestame:1619471369.182000000,objid:1,type:0,xpos:0.000000,ypos:0.000000,xspeed:8.080000,yspeed:-0.050000,angle:2.790000,distense:134.000000,rcs:20.000000
timestame:1619471369.182000000,objid:7,type:0,xpos:0.000000,ypos:0.000000,xspeed:11.280000,yspeed:0.290000,angle:1.590000,distense:177.400000,rcs:22.000000
