timestame:1619470533.603000000,objid:0,type:0,xpos:0.000000,ypos:0.000000,xspeed:7.940000,yspeed:0.780000,angle:18.900000,distense:20.200000,rcs:26.000000
timestame:1619470533.603000000,objid:2,type:0,xpos:0.000000,ypos:0.000000,xspeed:-8.100000,yspeed:-1.140000,angle:-7.670000,distense:116.000000,rcs:9.000000
timestame:1619470533.603000000,objid:3,type:0,xpos:0.000000,ypos:0.000000,xspeed:-3.430000,yspeed:-4.630000,angle:-8.840000,distense:109.800000,rcs:12.000000
timestame:1619470533.603000000,objid:4,type:0,xpos:0.000000,ypos:0.000000,xspeed:5.530000,yspeed:0.000000,angle:-15.390000,distense:21.000000,rcs:13.000000
