timestame:1619470060.245000000,objid:0,type:0,xpos:0.000000,ypos:0.000000,xspeed:-11.580000,yspeed:-0.050000,angle:-5.630000,distense:78.000000,rcs:20.000000
timestame:1619470060.245000000,objid:1,type:0,xpos:0.000000,ypos:0.000000,xspeed:-22.010000,yspeed:5.970000,angle:-3.960000,distense:167.400000,rcs:9.000000
timestame:1619470060.245000000,objid:5,type:0,xpos:0.000000,ypos:0.000000,xspeed:9.590000,yspeed:0.550000,angle:2.920000,distense:188.200000,rcs:13.000000
