timestame:1619471028.715000000,objid:2,type:0,xpos:0.000000,ypos:0.000000,xspeed:5.540000,yspeed:0.820000,angle:18.290000,distense:28.200000,rcs:6.000000
timestame:1619471028.715000000,objid:3,type:0,xpos:0.000000,ypos:0.000000,xspeed:4.750000,yspeed:1.510000,angle:-13.780000,distense:20.000000,rcs:13.000000
timestame:1619471028.715000000,objid:5,type:0,xpos:0.000000,ypos:0.000000,xspeed:5.140000,yspeed:0.790000,angle:22.490000,distense:25.600000,rcs:31.000000
timestame:1619471028.715000000,objid:7,type:0,xpos:0.000000,ypos:0.000000,xspeed:-20.110000,yspeed:0.000000,angle:-3.780000,distense:42.600000,rcs:13.000000
