timestame:1619471423.664000000,objid:1,type:0,xpos:0.000000,ypos:0.000000,xspeed:-4.780000,yspeed:-0.880000,angle:-8.180000,distense:107.600000,rcs:18.000000
timestame:1619471423.664000000,objid:5,type:0,xpos:0.000000,ypos:0.000000,xspeed:-6.910000,yspeed:9.870000,angle:-11.560000,distense:44.800000,rcs:12.000000
timestame:1619471423.664000000,objid:9,type:0,xpos:0.000000,ypos:0.000000,xspeed:-5.790000,yspeed:0.100000,angle:-5.100000,distense:122.200000,rcs:15.000000
timestame:1619471423.664000000,objid:12,type:0,xpos:0.000000,ypos:0.000000,xspeed:-4.670000,yspeed:-0.050000,angle:-9.190000,distense:98.400000,rcs:15.000000
