timestame:1619471375.657000000,objid:0,type:0,xpos:0.000000,ypos:0.000000,xspeed:12.760000,yspeed:4.740000,angle:2.650000,distense:204.400000,rcs:12.000000
timestame:1619471375.657000000,objid:1,type:0,xpos:0.000000,ypos:0.000000,xspeed:10.060000,yspeed:0.210000,angle:2.240000,distense:196.600000,rcs:22.000000
