timestame:1619470738.652000000,objid:0,type:0,xpos:0.000000,ypos:0.000000,xspeed:-16.480000,yspeed:-1.180000,angle:-5.270000,distense:136.800000,rcs:12.000000
timestame:1619470738.652000000,objid:1,type:0,xpos:0.000000,ypos:0.000000,xspeed:11.930000,yspeed:-0.140000,angle:1.010000,distense:130.200000,rcs:9.000000
timestame:1619470738.652000000,objid:3,type:0,xpos:0.000000,ypos:0.000000,xspeed:2.410000,yspeed:-5.290000,angle:-15.510000,distense:47.000000,rcs:20.000000
timestame:1619470738.652000000,objid:6,type:0,xpos:0.000000,ypos:0.000000,xspeed:12.140000,yspeed:0.130000,angle:1.430000,distense:120.200000,rcs:28.000000
