timestame:1619470112.056000000,objid:2,type:0,xpos:0.000000,ypos:0.000000,xspeed:6.850000,yspeed:1.720000,angle:17.970000,distense:29.800000,rcs:21.000000
timestame:1619470112.056000000,objid:5,type:0,xpos:0.000000,ypos:0.000000,xspeed:3.310000,yspeed:3.680000,angle:-7.470000,distense:46.600000,rcs:6.000000
timestame:1619470112.056000000,objid:7,type:0,xpos:0.000000,ypos:0.000000,xspeed:6.140000,yspeed:1.180000,angle:-17.730000,distense:27.400000,rcs:33.000000
