timestame:1619470214.450000000,objid:2,type:0,xpos:0.000000,ypos:0.000000,xspeed:-2.130000,yspeed:8.110000,angle:7.200000,distense:38.800000,rcs:9.000000
timestame:1619470214.450000000,objid:7,type:0,xpos:0.000000,ypos:0.000000,xspeed:-3.350000,yspeed:8.090000,angle:-16.090000,distense:47.200000,rcs:13.000000
timestame:1619470214.450000000,objid:8,type:0,xpos:0.000000,ypos:0.000000,xspeed:-1.020000,yspeed:12.090000,angle:9.690000,distense:39.000000,rcs:25.000000
timestame:1619470214.450000000,objid:9,type:0,xpos:0.000000,ypos:0.000000,xspeed:-1.480000,yspeed:11.360000,angle:13.500000,distense:39.200000,rcs:32.000000
