timestame:1619469742.111000000,objid:1,type:0,xpos:0.000000,ypos:0.000000,xspeed:-3.130000,yspeed:9.350000,angle:-6.900000,distense:42.400000,rcs:6.000000
timestame:1619469742.111000000,objid:3,type:0,xpos:0.000000,ypos:0.000000,xspeed:-1.780000,yspeed:11.910000,angle:-0.560000,distense:42.200000,rcs:22.000000
timestame:1619469742.111000000,objid:4,type:0,xpos:0.000000,ypos:0.000000,xspeed:-8.590000,yspeed:-5.920000,angle:-7.690000,distense:42.000000,rcs:6.000000
