timestame:1619471079.013000000,objid:1,type:0,xpos:0.000000,ypos:0.000000,xspeed:-7.450000,yspeed:-0.610000,angle:-18.000000,distense:45.000000,rcs:27.000000
timestame:1619471079.013000000,objid:3,type:0,xpos:0.000000,ypos:0.000000,xspeed:-9.690000,yspeed:-0.390000,angle:-15.280000,distense:48.400000,rcs:23.000000
timestame:1619471079.013000000,objid:5,type:0,xpos:0.000000,ypos:0.000000,xspeed:-10.390000,yspeed:-0.680000,angle:-18.000000,distense:27.400000,rcs:6.000000
timestame:1619471079.013000000,objid:6,type:0,xpos:0.000000,ypos:0.000000,xspeed:-5.520000,yspeed:-0.310000,angle:-18.000000,distense:42.600000,rcs:33.000000
