timestame:1619470041.680000000,objid:1,type:0,xpos:0.000000,ypos:0.000000,xspeed:12.420000,yspeed:0.100000,angle:1.270000,distense:154.400000,rcs:9.000000
timestame:1619470041.680000000,objid:3,type:0,xpos:0.000000,ypos:0.000000,xspeed:13.490000,yspeed:0.120000,angle:1.560000,distense:128.400000,rcs:19.000000
timestame:1619470041.680000000,objid:4,type:0,xpos:0.000000,ypos:0.000000,xspeed:12.360000,yspeed:-1.650000,angle:4.170000,distense:54.800000,rcs:22.000000
timestame:1619470041.680000000,objid:5,type:0,xpos:0.000000,ypos:0.000000,xspeed:4.310000,yspeed:0.120000,angle:6.500000,distense:40.600000,rcs:33.000000
