timestame:1619471028.092000000,objid:2,type:0,xpos:0.000000,ypos:0.000000,xspeed:5.750000,yspeed:0.480000,angle:18.810000,distense:25.000000,rcs:19.000000
timestame:1619471028.092000000,objid:5,type:0,xpos:0.000000,ypos:0.000000,xspeed:5.010000,yspeed:0.750000,angle:-16.490000,distense:22.600000,rcs:33.000000
