timestame:1619470164.882000000,objid:3,type:0,xpos:0.000000,ypos:0.000000,xspeed:6.090000,yspeed:0.410000,angle:7.150000,distense:51.200000,rcs:33.000000
timestame:1619470164.882000000,objid:6,type:0,xpos:0.000000,ypos:0.000000,xspeed:1.800000,yspeed:0.230000,angle:1.670000,distense:23.600000,rcs:30.000000
