timestame:1619470465.619000000,objid:0,type:0,xpos:0.000000,ypos:0.000000,xspeed:-13.450000,yspeed:-0.800000,angle:-18.000000,distense:32.200000,rcs:13.000000
timestame:1619470465.619000000,objid:1,type:0,xpos:0.000000,ypos:0.000000,xspeed:-10.100000,yspeed:4.190000,angle:-18.000000,distense:35.200000,rcs:9.000000
timestame:1619470465.619000000,objid:2,type:0,xpos:0.000000,ypos:0.000000,xspeed:5.800000,yspeed:0.240000,angle:3.120000,distense:208.400000,rcs:16.000000
