timestame:1619469526.821000000,objid:0,type:0,xpos:0.000000,ypos:0.000000,xspeed:3.200000,yspeed:0.000000,angle:-18.000000,distense:66.800000,rcs:16.000000
timestame:1619469526.821000000,objid:2,type:0,xpos:0.000000,ypos:0.000000,xspeed:2.750000,yspeed:-3.250000,angle:-17.230000,distense:59.400000,rcs:27.000000
timestame:1619469526.821000000,objid:3,type:0,xpos:0.000000,ypos:0.000000,xspeed:-2.190000,yspeed:0.450000,angle:-18.000000,distense:60.000000,rcs:6.000000
timestame:1619469526.821000000,objid:11,type:0,xpos:0.000000,ypos:0.000000,xspeed:1.640000,yspeed:-4.840000,angle:-18.000000,distense:69.800000,rcs:15.000000
