timestame:1619470942.770000000,objid:1,type:0,xpos:0.000000,ypos:0.000000,xspeed:-5.290000,yspeed:1.110000,angle:-14.390000,distense:52.800000,rcs:15.000000
timestame:1619470942.770000000,objid:5,type:0,xpos:0.000000,ypos:0.000000,xspeed:-6.170000,yspeed:-0.810000,angle:-18.000000,distense:56.200000,rcs:24.000000
timestame:1619470942.770000000,objid:7,type:0,xpos:0.000000,ypos:0.000000,xspeed:-7.950000,yspeed:0.100000,angle:-18.000000,distense:51.400000,rcs:16.000000
