timestame:1619471095.839000000,objid:0,type:0,xpos:0.000000,ypos:0.000000,xspeed:-36.720000,yspeed:0.000000,angle:-9.510000,distense:78.400000,rcs:13.000000
timestame:1619471095.839000000,objid:2,type:0,xpos:0.000000,ypos:0.000000,xspeed:7.860000,yspeed:-0.080000,angle:1.450000,distense:86.000000,rcs:30.000000
