timestame:1619470839.135000000,objid:2,type:0,xpos:0.000000,ypos:0.000000,xspeed:3.900000,yspeed:2.360000,angle:-16.840000,distense:37.600000,rcs:20.000000
timestame:1619470839.135000000,objid:3,type:0,xpos:0.000000,ypos:0.000000,xspeed:2.740000,yspeed:1.640000,angle:-14.400000,distense:35.600000,rcs:15.000000
timestame:1619470839.135000000,objid:7,type:0,xpos:0.000000,ypos:0.000000,xspeed:13.090000,yspeed:0.350000,angle:2.440000,distense:192.200000,rcs:16.000000
