timestame:1619469950.781000000,objid:4,type:0,xpos:0.000000,ypos:0.000000,xspeed:1.220000,yspeed:-4.070000,angle:-0.120000,distense:54.600000,rcs:27.000000
timestame:1619469950.781000000,objid:9,type:0,xpos:0.000000,ypos:0.000000,xspeed:2.250000,yspeed:-6.390000,angle:-11.200000,distense:47.800000,rcs:26.000000
timestame:1619469950.781000000,objid:13,type:0,xpos:0.000000,ypos:0.000000,xspeed:-1.570000,yspeed:6.620000,angle:1.640000,distense:40.600000,rcs:9.000000
timestame:1619469950.781000000,objid:15,type:0,xpos:0.000000,ypos:0.000000,xspeed:-3.220000,yspeed:7.300000,angle:4.970000,distense:39.600000,rcs:24.000000
