timestame:1619470365.464000000,objid:0,type:0,xpos:0.000000,ypos:0.000000,xspeed:2.460000,yspeed:6.290000,angle:1.850000,distense:45.800000,rcs:37.000000
timestame:1619470365.464000000,objid:3,type:0,xpos:0.000000,ypos:0.000000,xspeed:2.250000,yspeed:0.040000,angle:-8.200000,distense:44.000000,rcs:39.000000
timestame:1619470365.464000000,objid:5,type:0,xpos:0.000000,ypos:0.000000,xspeed:3.330000,yspeed:3.110000,angle:5.550000,distense:52.400000,rcs:13.000000
