timestame:1619470449.225000000,objid:0,type:0,xpos:0.000000,ypos:0.000000,xspeed:18.900000,yspeed:1.100000,angle:1.450000,distense:224.200000,rcs:9.000000
timestame:1619470449.225000000,objid:2,type:0,xpos:0.000000,ypos:0.000000,xspeed:4.850000,yspeed:-0.250000,angle:5.790000,distense:115.400000,rcs:16.000000
