timestame:1619471098.437000000,objid:2,type:0,xpos:0.000000,ypos:0.000000,xspeed:9.170000,yspeed:0.080000,angle:1.260000,distense:110.400000,rcs:31.000000
timestame:1619471098.437000000,objid:3,type:0,xpos:0.000000,ypos:0.000000,xspeed:-17.750000,yspeed:-1.160000,angle:-18.000000,distense:40.800000,rcs:24.000000
