timestame:1619470441.772000000,objid:1,type:0,xpos:0.000000,ypos:0.000000,xspeed:15.520000,yspeed:0.580000,angle:2.330000,distense:86.400000,rcs:26.000000
timestame:1619470441.772000000,objid:2,type:0,xpos:0.000000,ypos:0.000000,xspeed:3.830000,yspeed:0.020000,angle:9.330000,distense:81.800000,rcs:18.000000
