timestame:1619470942.585000000,objid:1,type:0,xpos:0.000000,ypos:0.000000,xspeed:-5.080000,yspeed:1.150000,angle:-14.180000,distense:54.200000,rcs:9.000000
timestame:1619470942.585000000,objid:5,type:0,xpos:0.000000,ypos:0.000000,xspeed:-5.950000,yspeed:-0.860000,angle:-18.000000,distense:57.400000,rcs:22.000000
timestame:1619470942.585000000,objid:7,type:0,xpos:0.000000,ypos:0.000000,xspeed:-8.370000,yspeed:1.790000,angle:-18.000000,distense:52.600000,rcs:18.000000
