timestame:1619470123.665000000,objid:1,type:0,xpos:0.000000,ypos:0.000000,xspeed:9.030000,yspeed:0.000000,angle:21.080000,distense:34.200000,rcs:15.000000
timestame:1619470123.665000000,objid:4,type:0,xpos:0.000000,ypos:0.000000,xspeed:3.580000,yspeed:0.680000,angle:22.870000,distense:25.800000,rcs:18.000000
timestame:1619470123.665000000,objid:6,type:0,xpos:0.000000,ypos:0.000000,xspeed:4.740000,yspeed:2.180000,angle:22.830000,distense:32.200000,rcs:36.000000
