timestame:1619471123.998000000,objid:0,type:0,xpos:0.000000,ypos:0.000000,xspeed:-2.200000,yspeed:5.540000,angle:13.410000,distense:40.800000,rcs:24.000000
timestame:1619471123.998000000,objid:1,type:0,xpos:0.000000,ypos:0.000000,xspeed:-4.860000,yspeed:4.880000,angle:10.080000,distense:40.800000,rcs:27.000000
