timestame:1619471520.225000000,objid:7,type:0,xpos:0.000000,ypos:0.000000,xspeed:16.710000,yspeed:0.240000,angle:1.400000,distense:218.600000,rcs:25.000000
timestame:1619471520.225000000,objid:10,type:0,xpos:0.000000,ypos:0.000000,xspeed:16.590000,yspeed:0.350000,angle:1.420000,distense:207.800000,rcs:27.000000
