timestame:1619469690.129000000,objid:2,type:0,xpos:0.000000,ypos:0.000000,xspeed:1.420000,yspeed:-8.040000,angle:-0.210000,distense:57.600000,rcs:24.000000
timestame:1619469690.129000000,objid:5,type:0,xpos:0.000000,ypos:0.000000,xspeed:1.830000,yspeed:-6.130000,angle:2.480000,distense:58.400000,rcs:6.000000
timestame:1619469690.129000000,objid:10,type:0,xpos:0.000000,ypos:0.000000,xspeed:7.810000,yspeed:5.990000,angle:-5.380000,distense:51.800000,rcs:6.000000
timestame:1619469690.129000000,objid:13,type:0,xpos:0.000000,ypos:0.000000,xspeed:-1.880000,yspeed:6.780000,angle:-1.680000,distense:35.800000,rcs:24.000000
