timestame:1619471448.821000000,objid:3,type:0,xpos:0.000000,ypos:0.000000,xspeed:-3.220000,yspeed:0.000000,angle:-5.820000,distense:107.600000,rcs:16.000000
timestame:1619471448.821000000,objid:11,type:0,xpos:0.000000,ypos:0.000000,xspeed:-2.840000,yspeed:-0.690000,angle:-8.450000,distense:98.000000,rcs:15.000000
timestame:1619471448.821000000,objid:13,type:0,xpos:0.000000,ypos:0.000000,xspeed:-3.400000,yspeed:0.060000,angle:17.040000,distense:46.400000,rcs:15.000000
