timestame:1619471518.987000000,objid:7,type:0,xpos:0.000000,ypos:0.000000,xspeed:16.500000,yspeed:0.210000,angle:1.440000,distense:198.200000,rcs:20.000000
timestame:1619471518.987000000,objid:10,type:0,xpos:0.000000,ypos:0.000000,xspeed:16.420000,yspeed:0.230000,angle:1.360000,distense:187.400000,rcs:26.000000
