timestame:1619469557.866000000,objid:5,type:0,xpos:0.000000,ypos:0.000000,xspeed:-1.800000,yspeed:6.990000,angle:18.680000,distense:40.800000,rcs:6.000000
timestame:1619469557.866000000,objid:9,type:0,xpos:0.000000,ypos:0.000000,xspeed:-1.490000,yspeed:7.200000,angle:17.830000,distense:40.800000,rcs:27.000000
timestame:1619469557.866000000,objid:10,type:0,xpos:0.000000,ypos:0.000000,xspeed:1.520000,yspeed:-5.520000,angle:-4.690000,distense:52.200000,rcs:9.000000
