timestame:1619470645.220000000,objid:2,type:0,xpos:0.000000,ypos:0.000000,xspeed:-6.260000,yspeed:-0.190000,angle:-5.520000,distense:155.200000,rcs:15.000000
timestame:1619470645.220000000,objid:8,type:0,xpos:0.000000,ypos:0.000000,xspeed:-2.010000,yspeed:-3.700000,angle:7.800000,distense:84.400000,rcs:15.000000
timestame:1619470645.220000000,objid:9,type:0,xpos:0.000000,ypos:0.000000,xspeed:-1.510000,yspeed:10.770000,angle:-10.690000,distense:43.400000,rcs:6.000000
