timestame:1619470991.225000000,objid:3,type:0,xpos:0.000000,ypos:0.000000,xspeed:5.260000,yspeed:-0.110000,angle:6.880000,distense:108.000000,rcs:6.000000
timestame:1619470991.225000000,objid:4,type:0,xpos:0.000000,ypos:0.000000,xspeed:-13.480000,yspeed:-0.640000,angle:-18.000000,distense:40.800000,rcs:16.000000
