timestame:1619470795.347000000,objid:3,type:0,xpos:0.000000,ypos:0.000000,xspeed:2.190000,yspeed:2.740000,angle:12.450000,distense:45.600000,rcs:28.000000
timestame:1619470795.347000000,objid:5,type:0,xpos:0.000000,ypos:0.000000,xspeed:2.200000,yspeed:-8.200000,angle:-18.000000,distense:59.200000,rcs:15.000000
timestame:1619470795.347000000,objid:12,type:0,xpos:0.000000,ypos:0.000000,xspeed:1.290000,yspeed:-12.520000,angle:-17.510000,distense:56.600000,rcs:16.000000
