timestame:1619470171.324000000,objid:0,type:0,xpos:0.000000,ypos:0.000000,xspeed:8.530000,yspeed:0.300000,angle:2.300000,distense:72.400000,rcs:26.000000
timestame:1619470171.324000000,objid:1,type:0,xpos:0.000000,ypos:0.000000,xspeed:10.030000,yspeed:0.530000,angle:2.740000,distense:43.200000,rcs:40.000000
timestame:1619470171.324000000,objid:3,type:0,xpos:0.000000,ypos:0.000000,xspeed:10.570000,yspeed:0.010000,angle:3.780000,distense:111.200000,rcs:24.000000
timestame:1619470171.324000000,objid:4,type:0,xpos:0.000000,ypos:0.000000,xspeed:4.790000,yspeed:1.100000,angle:19.830000,distense:27.400000,rcs:23.000000
