timestame:1619470936.955000000,objid:7,type:0,xpos:0.000000,ypos:0.000000,xspeed:-1.170000,yspeed:-0.060000,angle:-11.470000,distense:79.400000,rcs:18.000000
timestame:1619470936.955000000,objid:10,type:0,xpos:0.000000,ypos:0.000000,xspeed:-4.030000,yspeed:-2.920000,angle:-9.440000,distense:78.800000,rcs:12.000000
