timestame:1619470375.458000000,objid:1,type:0,xpos:0.000000,ypos:0.000000,xspeed:-1.770000,yspeed:-3.310000,angle:-18.000000,distense:37.200000,rcs:28.000000
timestame:1619470375.458000000,objid:8,type:0,xpos:0.000000,ypos:0.000000,xspeed:1.470000,yspeed:-3.920000,angle:0.570000,distense:64.000000,rcs:12.000000
timestame:1619470375.458000000,objid:18,type:0,xpos:0.000000,ypos:0.000000,xspeed:-7.180000,yspeed:-0.040000,angle:-7.570000,distense:88.600000,rcs:15.000000
