timestame:1619470050.233000000,objid:0,type:0,xpos:0.000000,ypos:0.000000,xspeed:7.020000,yspeed:0.130000,angle:3.740000,distense:106.800000,rcs:12.000000
timestame:1619470050.233000000,objid:5,type:0,xpos:0.000000,ypos:0.000000,xspeed:6.960000,yspeed:0.110000,angle:4.010000,distense:97.000000,rcs:20.000000
