timestame:1619471407.392000000,objid:5,type:0,xpos:0.000000,ypos:0.000000,xspeed:1.220000,yspeed:-3.100000,angle:19.050000,distense:41.000000,rcs:18.000000
timestame:1619471407.392000000,objid:9,type:0,xpos:0.000000,ypos:0.000000,xspeed:-1.200000,yspeed:6.390000,angle:16.050000,distense:40.600000,rcs:6.000000
timestame:1619471407.392000000,objid:11,type:0,xpos:0.000000,ypos:0.000000,xspeed:-13.820000,yspeed:-9.740000,angle:0.800000,distense:139.800000,rcs:6.000000
