timestame:1619470058.367000000,objid:0,type:0,xpos:0.000000,ypos:0.000000,xspeed:-13.140000,yspeed:0.740000,angle:-4.090000,distense:99.000000,rcs:15.000000
timestame:1619470058.367000000,objid:5,type:0,xpos:0.000000,ypos:0.000000,xspeed:9.310000,yspeed:0.370000,angle:2.810000,distense:170.000000,rcs:27.000000
