timestame:1619470944.072000000,objid:1,type:0,xpos:0.000000,ypos:0.000000,xspeed:-6.250000,yspeed:0.460000,angle:-17.320000,distense:44.200000,rcs:20.000000
timestame:1619470944.072000000,objid:5,type:0,xpos:0.000000,ypos:0.000000,xspeed:-6.240000,yspeed:-0.540000,angle:-18.000000,distense:48.800000,rcs:15.000000
timestame:1619470944.072000000,objid:7,type:0,xpos:0.000000,ypos:0.000000,xspeed:-5.490000,yspeed:-0.850000,angle:-18.000000,distense:46.200000,rcs:6.000000
