timestame:1619470773.800000000,objid:0,type:0,xpos:0.000000,ypos:0.000000,xspeed:-9.510000,yspeed:-0.110000,angle:-7.190000,distense:118.200000,rcs:22.000000
timestame:1619470773.800000000,objid:2,type:0,xpos:0.000000,ypos:0.000000,xspeed:18.090000,yspeed:1.110000,angle:1.590000,distense:149.400000,rcs:13.000000
