timestame:1619470794.357000000,objid:3,type:0,xpos:0.000000,ypos:0.000000,xspeed:2.180000,yspeed:0.610000,angle:9.870000,distense:42.800000,rcs:37.000000
timestame:1619470794.357000000,objid:4,type:0,xpos:0.000000,ypos:0.000000,xspeed:2.010000,yspeed:-8.240000,angle:-9.290000,distense:53.800000,rcs:27.000000
timestame:1619470794.357000000,objid:6,type:0,xpos:0.000000,ypos:0.000000,xspeed:22.720000,yspeed:0.000000,angle:-10.750000,distense:60.000000,rcs:23.000000
timestame:1619470794.357000000,objid:9,type:0,xpos:0.000000,ypos:0.000000,xspeed:1.180000,yspeed:-9.080000,angle:-5.250000,distense:51.400000,rcs:6.000000
