timestame:1619471151.395000000,objid:0,type:0,xpos:0.000000,ypos:0.000000,xspeed:-1.660000,yspeed:11.820000,angle:4.330000,distense:39.800000,rcs:24.000000
timestame:1619471151.395000000,objid:2,type:0,xpos:0.000000,ypos:0.000000,xspeed:-1.190000,yspeed:5.010000,angle:-5.030000,distense:41.000000,rcs:9.000000
