timestame:1619471022.744000000,objid:0,type:0,xpos:0.000000,ypos:0.000000,xspeed:-2.080000,yspeed:-3.460000,angle:-10.440000,distense:36.400000,rcs:32.000000
timestame:1619471022.744000000,objid:6,type:0,xpos:0.000000,ypos:0.000000,xspeed:-2.040000,yspeed:-4.830000,angle:-18.000000,distense:35.000000,rcs:25.000000
timestame:1619471022.744000000,objid:10,type:0,xpos:0.000000,ypos:0.000000,xspeed:8.110000,yspeed:-3.140000,angle:-18.000000,distense:58.200000,rcs:15.000000
timestame:1619471022.744000000,objid:15,type:0,xpos:0.000000,ypos:0.000000,xspeed:-1.620000,yspeed:10.330000,angle:-13.250000,distense:45.600000,rcs:19.000000
