timestame:1619470168.042000000,objid:0,type:0,xpos:0.000000,ypos:0.000000,xspeed:6.130000,yspeed:0.170000,angle:2.000000,distense:43.800000,rcs:22.000000
timestame:1619470168.042000000,objid:3,type:0,xpos:0.000000,ypos:0.000000,xspeed:7.800000,yspeed:0.420000,angle:5.850000,distense:76.000000,rcs:29.000000
