timestame:1619470146.383000000,objid:0,type:0,xpos:0.000000,ypos:0.000000,xspeed:2.840000,yspeed:2.050000,angle:-16.820000,distense:37.400000,rcs:6.000000
timestame:1619470146.383000000,objid:1,type:0,xpos:0.000000,ypos:0.000000,xspeed:4.360000,yspeed:2.980000,angle:-17.240000,distense:24.400000,rcs:33.000000
timestame:1619470146.383000000,objid:2,type:0,xpos:0.000000,ypos:0.000000,xspeed:3.460000,yspeed:1.590000,angle:20.820000,distense:33.800000,rcs:15.000000
