timestame:1619469560.522000000,objid:3,type:0,xpos:0.000000,ypos:0.000000,xspeed:-1.040000,yspeed:5.550000,angle:22.540000,distense:35.600000,rcs:6.000000
timestame:1619469560.522000000,objid:8,type:0,xpos:0.000000,ypos:0.000000,xspeed:6.130000,yspeed:7.160000,angle:22.420000,distense:46.600000,rcs:6.000000
timestame:1619469560.522000000,objid:13,type:0,xpos:0.000000,ypos:0.000000,xspeed:2.100000,yspeed:-9.330000,angle:-18.000000,distense:67.000000,rcs:6.000000
