timestame:1619470047.745000000,objid:0,type:0,xpos:0.000000,ypos:0.000000,xspeed:6.690000,yspeed:0.340000,angle:4.540000,distense:89.400000,rcs:12.000000
timestame:1619470047.745000000,objid:3,type:0,xpos:0.000000,ypos:0.000000,xspeed:14.900000,yspeed:0.270000,angle:1.250000,distense:217.200000,rcs:9.000000
timestame:1619470047.745000000,objid:5,type:0,xpos:0.000000,ypos:0.000000,xspeed:6.830000,yspeed:0.190000,angle:4.780000,distense:80.000000,rcs:31.000000
