timestame:1619470682.604000000,objid:0,type:0,xpos:0.000000,ypos:0.000000,xspeed:-3.320000,yspeed:0.140000,angle:-15.520000,distense:61.600000,rcs:20.000000
timestame:1619470682.604000000,objid:2,type:0,xpos:0.000000,ypos:0.000000,xspeed:-2.060000,yspeed:-0.230000,angle:-12.450000,distense:72.600000,rcs:16.000000
timestame:1619470682.604000000,objid:4,type:0,xpos:0.000000,ypos:0.000000,xspeed:-9.260000,yspeed:-2.380000,angle:-18.000000,distense:58.200000,rcs:13.000000
timestame:1619470682.604000000,objid:7,type:0,xpos:0.000000,ypos:0.000000,xspeed:-6.550000,yspeed:0.210000,angle:-12.580000,distense:71.800000,rcs:22.000000
