timestame:1619470228.283000000,objid:1,type:0,xpos:0.000000,ypos:0.000000,xspeed:-1.520000,yspeed:-6.850000,angle:-7.540000,distense:41.400000,rcs:39.000000
timestame:1619470228.283000000,objid:2,type:0,xpos:0.000000,ypos:0.000000,xspeed:-1.290000,yspeed:-3.890000,angle:-12.330000,distense:42.000000,rcs:27.000000
timestame:1619470228.283000000,objid:8,type:0,xpos:0.000000,ypos:0.000000,xspeed:-1.730000,yspeed:-2.620000,angle:-16.470000,distense:40.200000,rcs:25.000000
timestame:1619470228.283000000,objid:11,type:0,xpos:0.000000,ypos:0.000000,xspeed:-12.510000,yspeed:-7.440000,angle:-3.610000,distense:181.400000,rcs:6.000000
