timestame:1619470873.372000000,objid:1,type:0,xpos:0.000000,ypos:0.000000,xspeed:-9.850000,yspeed:-1.560000,angle:-5.700000,distense:126.200000,rcs:9.000000
timestame:1619470873.372000000,objid:4,type:0,xpos:0.000000,ypos:0.000000,xspeed:3.580000,yspeed:-0.320000,angle:-0.470000,distense:20.000000,rcs:22.000000
timestame:1619470873.372000000,objid:11,type:0,xpos:0.000000,ypos:0.000000,xspeed:3.440000,yspeed:-5.140000,angle:-0.920000,distense:32.600000,rcs:13.000000
