timestame:1619470280.274000000,objid:1,type:0,xpos:0.000000,ypos:0.000000,xspeed:-9.060000,yspeed:0.010000,angle:-8.000000,distense:62.800000,rcs:30.000000
timestame:1619470280.274000000,objid:2,type:0,xpos:0.000000,ypos:0.000000,xspeed:-13.810000,yspeed:-2.000000,angle:-4.200000,distense:194.000000,rcs:15.000000
timestame:1619470280.274000000,objid:3,type:0,xpos:0.000000,ypos:0.000000,xspeed:-3.000000,yspeed:-0.290000,angle:-10.280000,distense:70.200000,rcs:23.000000
timestame:1619470280.274000000,objid:11,type:0,xpos:0.000000,ypos:0.000000,xspeed:-3.310000,yspeed:-0.090000,angle:-11.990000,distense:63.200000,rcs:13.000000
