timestame:1619470762.647000000,objid:0,type:0,xpos:0.000000,ypos:0.000000,xspeed:-3.600000,yspeed:-3.480000,angle:-18.000000,distense:32.200000,rcs:25.000000
timestame:1619470762.647000000,objid:1,type:0,xpos:0.000000,ypos:0.000000,xspeed:-1.630000,yspeed:-2.260000,angle:-18.000000,distense:36.000000,rcs:24.000000
timestame:1619470762.647000000,objid:4,type:0,xpos:0.000000,ypos:0.000000,xspeed:-2.330000,yspeed:-2.330000,angle:-18.000000,distense:34.400000,rcs:21.000000
timestame:1619470762.647000000,objid:9,type:0,xpos:0.000000,ypos:0.000000,xspeed:5.560000,yspeed:0.390000,angle:2.140000,distense:23.800000,rcs:25.000000
