timestame:1619470286.339000000,objid:2,type:0,xpos:0.000000,ypos:0.000000,xspeed:-13.140000,yspeed:-0.220000,angle:-7.700000,distense:112.800000,rcs:22.000000
timestame:1619470286.339000000,objid:5,type:0,xpos:0.000000,ypos:0.000000,xspeed:-5.530000,yspeed:-0.340000,angle:-17.760000,distense:45.800000,rcs:24.000000
timestame:1619470286.339000000,objid:7,type:0,xpos:0.000000,ypos:0.000000,xspeed:-5.240000,yspeed:-0.400000,angle:-18.000000,distense:41.000000,rcs:35.000000
timestame:1619470286.339000000,objid:11,type:0,xpos:0.000000,ypos:0.000000,xspeed:-5.340000,yspeed:-0.310000,angle:-18.000000,distense:34.800000,rcs:22.000000
