timestame:1619470701.068000000,objid:1,type:0,xpos:0.000000,ypos:0.000000,xspeed:9.420000,yspeed:0.150000,angle:3.800000,distense:107.200000,rcs:12.000000
timestame:1619470701.068000000,objid:2,type:0,xpos:0.000000,ypos:0.000000,xspeed:-8.970000,yspeed:0.560000,angle:-11.270000,distense:95.800000,rcs:12.000000
