timestame:1619471154.442000000,objid:0,type:0,xpos:0.000000,ypos:0.000000,xspeed:-1.600000,yspeed:-3.830000,angle:-7.890000,distense:60.400000,rcs:6.000000
timestame:1619471154.442000000,objid:1,type:0,xpos:0.000000,ypos:0.000000,xspeed:-6.970000,yspeed:-5.670000,angle:1.670000,distense:68.600000,rcs:9.000000
timestame:1619471154.442000000,objid:4,type:0,xpos:0.000000,ypos:0.000000,xspeed:-21.420000,yspeed:-15.010000,angle:-17.420000,distense:74.800000,rcs:12.000000
timestame:1619471154.442000000,objid:8,type:0,xpos:0.000000,ypos:0.000000,xspeed:7.320000,yspeed:2.240000,angle:-17.240000,distense:19.800000,rcs:21.000000
