timestame:1619470702.190000000,objid:0,type:0,xpos:0.000000,ypos:0.000000,xspeed:4.690000,yspeed:2.450000,angle:20.250000,distense:28.800000,rcs:26.000000
timestame:1619470702.190000000,objid:1,type:0,xpos:0.000000,ypos:0.000000,xspeed:10.010000,yspeed:-0.050000,angle:3.230000,distense:118.800000,rcs:13.000000
timestame:1619470702.190000000,objid:2,type:0,xpos:0.000000,ypos:0.000000,xspeed:-8.850000,yspeed:-0.020000,angle:-12.960000,distense:86.600000,rcs:15.000000
