timestame:1619471091.747000000,objid:1,type:0,xpos:0.000000,ypos:0.000000,xspeed:11.450000,yspeed:0.200000,angle:4.620000,distense:67.400000,rcs:9.000000
timestame:1619471091.747000000,objid:2,type:0,xpos:0.000000,ypos:0.000000,xspeed:6.490000,yspeed:0.320000,angle:2.320000,distense:54.000000,rcs:47.000000
timestame:1619471091.747000000,objid:4,type:0,xpos:0.000000,ypos:0.000000,xspeed:-22.350000,yspeed:-1.250000,angle:-18.000000,distense:18.600000,rcs:6.000000
timestame:1619471091.747000000,objid:5,type:0,xpos:0.000000,ypos:0.000000,xspeed:12.470000,yspeed:0.510000,angle:1.890000,distense:118.400000,rcs:6.000000
