timestame:1619469554.892000000,objid:2,type:0,xpos:0.000000,ypos:0.000000,xspeed:-1.570000,yspeed:4.300000,angle:-18.000000,distense:41.800000,rcs:16.000000
timestame:1619469554.892000000,objid:3,type:0,xpos:0.000000,ypos:0.000000,xspeed:-1.570000,yspeed:5.680000,angle:-16.890000,distense:46.600000,rcs:20.000000
timestame:1619469554.892000000,objid:4,type:0,xpos:0.000000,ypos:0.000000,xspeed:-3.710000,yspeed:7.830000,angle:-11.850000,distense:44.200000,rcs:12.000000
