timestame:1619469561.759000000,objid:2,type:0,xpos:0.000000,ypos:0.000000,xspeed:1.810000,yspeed:-2.840000,angle:-16.400000,distense:45.000000,rcs:25.000000
timestame:1619469561.759000000,objid:3,type:0,xpos:0.000000,ypos:0.000000,xspeed:-1.110000,yspeed:4.500000,angle:8.730000,distense:42.400000,rcs:31.000000
timestame:1619469561.759000000,objid:9,type:0,xpos:0.000000,ypos:0.000000,xspeed:-14.910000,yspeed:8.740000,angle:9.210000,distense:103.800000,rcs:9.000000
