timestame:1619469911.744000000,objid:1,type:0,xpos:0.000000,ypos:0.000000,xspeed:4.330000,yspeed:-0.080000,angle:1.700000,distense:83.200000,rcs:22.000000
timestame:1619469911.744000000,objid:2,type:0,xpos:0.000000,ypos:0.000000,xspeed:10.810000,yspeed:0.110000,angle:2.750000,distense:150.800000,rcs:20.000000
timestame:1619469911.744000000,objid:8,type:0,xpos:0.000000,ypos:0.000000,xspeed:4.320000,yspeed:0.070000,angle:2.250000,distense:76.600000,rcs:35.000000
