timestame:1619471219.227000000,objid:6,type:0,xpos:0.000000,ypos:0.000000,xspeed:3.000000,yspeed:0.660000,angle:2.500000,distense:46.400000,rcs:19.000000
timestame:1619471219.227000000,objid:9,type:0,xpos:0.000000,ypos:0.000000,xspeed:3.250000,yspeed:0.340000,angle:2.980000,distense:27.800000,rcs:40.000000
timestame:1619471219.227000000,objid:10,type:0,xpos:0.000000,ypos:0.000000,xspeed:3.200000,yspeed:0.260000,angle:0.460000,distense:37.000000,rcs:20.000000
