timestame:1619470367.077000000,objid:0,type:0,xpos:0.000000,ypos:0.000000,xspeed:2.530000,yspeed:4.340000,angle:9.050000,distense:50.200000,rcs:16.000000
timestame:1619470367.077000000,objid:1,type:0,xpos:0.000000,ypos:0.000000,xspeed:-2.110000,yspeed:-3.700000,angle:-11.570000,distense:58.600000,rcs:12.000000
timestame:1619470367.077000000,objid:4,type:0,xpos:0.000000,ypos:0.000000,xspeed:-2.600000,yspeed:-4.070000,angle:-18.000000,distense:41.200000,rcs:26.000000
