timestame:1619470490.284000000,objid:5,type:0,xpos:0.000000,ypos:0.000000,xspeed:-2.050000,yspeed:-1.060000,angle:-18.000000,distense:30.200000,rcs:9.000000
timestame:1619470490.284000000,objid:8,type:0,xpos:0.000000,ypos:0.000000,xspeed:1.640000,yspeed:10.750000,angle:-15.630000,distense:48.000000,rcs:12.000000
