timestame:1619471262.172000000,objid:2,type:0,xpos:0.000000,ypos:0.000000,xspeed:12.630000,yspeed:0.120000,angle:3.480000,distense:102.000000,rcs:31.000000
timestame:1619471262.172000000,objid:6,type:0,xpos:0.000000,ypos:0.000000,xspeed:12.650000,yspeed:-0.200000,angle:3.140000,distense:114.200000,rcs:18.000000
timestame:1619471262.172000000,objid:10,type:0,xpos:0.000000,ypos:0.000000,xspeed:12.620000,yspeed:0.160000,angle:3.980000,distense:89.800000,rcs:24.000000
