timestame:1619470007.994000000,objid:1,type:0,xpos:0.000000,ypos:0.000000,xspeed:-20.920000,yspeed:10.020000,angle:-1.810000,distense:35.200000,rcs:6.000000
timestame:1619470007.994000000,objid:9,type:0,xpos:0.000000,ypos:0.000000,xspeed:-2.240000,yspeed:-2.610000,angle:-18.000000,distense:33.400000,rcs:16.000000
timestame:1619470007.994000000,objid:11,type:0,xpos:0.000000,ypos:0.000000,xspeed:-2.710000,yspeed:-1.660000,angle:-18.000000,distense:30.600000,rcs:9.000000
