timestame:1619470211.665000000,objid:0,type:0,xpos:0.000000,ypos:0.000000,xspeed:1.840000,yspeed:0.200000,angle:6.370000,distense:16.600000,rcs:29.000000
timestame:1619470211.665000000,objid:2,type:0,xpos:0.000000,ypos:0.000000,xspeed:-2.230000,yspeed:7.530000,angle:-18.000000,distense:47.600000,rcs:15.000000
timestame:1619470211.665000000,objid:4,type:0,xpos:0.000000,ypos:0.000000,xspeed:-5.400000,yspeed:2.330000,angle:-1.680000,distense:50.400000,rcs:12.000000
