timestame:1619469694.985000000,objid:1,type:0,xpos:0.000000,ypos:0.000000,xspeed:-1.560000,yspeed:6.880000,angle:6.670000,distense:41.200000,rcs:26.000000
timestame:1619469694.985000000,objid:3,type:0,xpos:0.000000,ypos:0.000000,xspeed:2.070000,yspeed:3.810000,angle:7.140000,distense:48.800000,rcs:15.000000
timestame:1619469694.985000000,objid:6,type:0,xpos:0.000000,ypos:0.000000,xspeed:1.810000,yspeed:-4.360000,angle:11.890000,distense:48.000000,rcs:9.000000
timestame:1619469694.985000000,objid:8,type:0,xpos:0.000000,ypos:0.000000,xspeed:2.180000,yspeed:-7.480000,angle:-18.000000,distense:76.200000,rcs:6.000000
