timestame:1619470116.139000000,objid:4,type:0,xpos:0.000000,ypos:0.000000,xspeed:-3.670000,yspeed:5.230000,angle:-5.610000,distense:45.800000,rcs:9.000000
timestame:1619470116.139000000,objid:5,type:0,xpos:0.000000,ypos:0.000000,xspeed:-10.100000,yspeed:-1.160000,angle:12.640000,distense:36.000000,rcs:6.000000
timestame:1619470116.139000000,objid:7,type:0,xpos:0.000000,ypos:0.000000,xspeed:4.750000,yspeed:2.610000,angle:-15.990000,distense:49.400000,rcs:6.000000
timestame:1619470116.139000000,objid:10,type:0,xpos:0.000000,ypos:0.000000,xspeed:3.060000,yspeed:5.060000,angle:-11.940000,distense:38.200000,rcs:34.000000
