timestame:1619470985.443000000,objid:0,type:0,xpos:0.000000,ypos:0.000000,xspeed:8.740000,yspeed:0.230000,angle:2.240000,distense:196.800000,rcs:24.000000
timestame:1619470985.443000000,objid:1,type:0,xpos:0.000000,ypos:0.000000,xspeed:-15.590000,yspeed:-0.350000,angle:-11.640000,distense:60.400000,rcs:26.000000
timestame:1619470985.443000000,objid:3,type:0,xpos:0.000000,ypos:0.000000,xspeed:4.370000,yspeed:-1.690000,angle:9.040000,distense:78.000000,rcs:6.000000
timestame:1619470985.443000000,objid:4,type:0,xpos:0.000000,ypos:0.000000,xspeed:-13.710000,yspeed:-2.100000,angle:-5.800000,distense:116.400000,rcs:9.000000
