timestame:1619470072.585000000,objid:3,type:0,xpos:0.000000,ypos:0.000000,xspeed:-1.580000,yspeed:2.360000,angle:15.980000,distense:48.000000,rcs:32.000000
timestame:1619470072.585000000,objid:4,type:0,xpos:0.000000,ypos:0.000000,xspeed:-1.540000,yspeed:2.410000,angle:20.550000,distense:43.400000,rcs:6.000000
timestame:1619470072.585000000,objid:8,type:0,xpos:0.000000,ypos:0.000000,xspeed:2.230000,yspeed:2.640000,angle:-10.780000,distense:39.200000,rcs:12.000000
