timestame:1619470118.933000000,objid:1,type:0,xpos:0.000000,ypos:0.000000,xspeed:1.060000,yspeed:-0.030000,angle:11.610000,distense:34.600000,rcs:16.000000
timestame:1619470118.933000000,objid:3,type:0,xpos:0.000000,ypos:0.000000,xspeed:-10.240000,yspeed:3.290000,angle:16.660000,distense:24.400000,rcs:18.000000
timestame:1619470118.933000000,objid:4,type:0,xpos:0.000000,ypos:0.000000,xspeed:-7.160000,yspeed:2.940000,angle:1.280000,distense:11.000000,rcs:6.000000
