timestame:1619470441.085000000,objid:1,type:0,xpos:0.000000,ypos:0.000000,xspeed:15.080000,yspeed:0.600000,angle:2.400000,distense:75.400000,rcs:27.000000
timestame:1619470441.085000000,objid:2,type:0,xpos:0.000000,ypos:0.000000,xspeed:3.870000,yspeed:0.030000,angle:9.610000,distense:79.400000,rcs:15.000000
