timestame:1619470750.078000000,objid:4,type:0,xpos:0.000000,ypos:0.000000,xspeed:-6.040000,yspeed:1.000000,angle:-18.000000,distense:28.600000,rcs:6.000000
timestame:1619470750.078000000,objid:6,type:0,xpos:0.000000,ypos:0.000000,xspeed:-1.020000,yspeed:3.910000,angle:21.680000,distense:35.000000,rcs:6.000000
timestame:1619470750.078000000,objid:10,type:0,xpos:0.000000,ypos:0.000000,xspeed:-5.980000,yspeed:-6.100000,angle:-18.000000,distense:35.200000,rcs:6.000000
