timestame:1619471194.324000000,objid:2,type:0,xpos:0.000000,ypos:0.000000,xspeed:-2.010000,yspeed:-2.100000,angle:-18.000000,distense:37.800000,rcs:6.000000
timestame:1619471194.324000000,objid:11,type:0,xpos:0.000000,ypos:0.000000,xspeed:1.500000,yspeed:1.850000,angle:-18.000000,distense:40.600000,rcs:21.000000
timestame:1619471194.324000000,objid:15,type:0,xpos:0.000000,ypos:0.000000,xspeed:-2.610000,yspeed:-2.090000,angle:-18.000000,distense:37.000000,rcs:18.000000
timestame:1619471194.324000000,objid:17,type:0,xpos:0.000000,ypos:0.000000,xspeed:7.690000,yspeed:0.380000,angle:3.920000,distense:97.400000,rcs:26.000000
