timestame:1619469773.212000000,objid:1,type:0,xpos:0.000000,ypos:0.000000,xspeed:3.750000,yspeed:1.920000,angle:-15.880000,distense:29.200000,rcs:22.000000
timestame:1619469773.212000000,objid:3,type:0,xpos:0.000000,ypos:0.000000,xspeed:4.000000,yspeed:1.320000,angle:20.940000,distense:40.800000,rcs:12.000000
timestame:1619469773.212000000,objid:7,type:0,xpos:0.000000,ypos:0.000000,xspeed:3.680000,yspeed:2.400000,angle:-14.070000,distense:39.200000,rcs:25.000000
