timestame:1619471445.343000000,objid:3,type:0,xpos:0.000000,ypos:0.000000,xspeed:-4.460000,yspeed:-1.030000,angle:-5.690000,distense:118.200000,rcs:16.000000
timestame:1619471445.343000000,objid:10,type:0,xpos:0.000000,ypos:0.000000,xspeed:-2.670000,yspeed:-1.140000,angle:-18.000000,distense:28.200000,rcs:6.000000
timestame:1619471445.343000000,objid:11,type:0,xpos:0.000000,ypos:0.000000,xspeed:-3.670000,yspeed:-0.080000,angle:-6.060000,distense:107.200000,rcs:6.000000
timestame:1619471445.343000000,objid:13,type:0,xpos:0.000000,ypos:0.000000,xspeed:-2.090000,yspeed:-0.120000,angle:13.290000,distense:57.800000,rcs:12.000000
