timestame:1619469763.193000000,objid:1,type:0,xpos:0.000000,ypos:0.000000,xspeed:-20.980000,yspeed:0.000000,angle:-3.650000,distense:156.400000,rcs:6.000000
timestame:1619469763.193000000,objid:3,type:0,xpos:0.000000,ypos:0.000000,xspeed:4.850000,yspeed:0.980000,angle:18.910000,distense:26.200000,rcs:24.000000
timestame:1619469763.193000000,objid:5,type:0,xpos:0.000000,ypos:0.000000,xspeed:-18.050000,yspeed:-0.220000,angle:-17.340000,distense:57.400000,rcs:13.000000
timestame:1619469763.193000000,objid:6,type:0,xpos:0.000000,ypos:0.000000,xspeed:2.140000,yspeed:-0.030000,angle:-17.400000,distense:19.200000,rcs:15.000000
