timestame:1619471376.150000000,objid:0,type:0,xpos:0.000000,ypos:0.000000,xspeed:10.010000,yspeed:-0.370000,angle:2.580000,distense:209.200000,rcs:12.000000
timestame:1619471376.150000000,objid:1,type:0,xpos:0.000000,ypos:0.000000,xspeed:10.190000,yspeed:0.210000,angle:2.210000,distense:201.800000,rcs:22.000000
