timestame:1619471423.788000000,objid:1,type:0,xpos:0.000000,ypos:0.000000,xspeed:-4.670000,yspeed:-0.890000,angle:-8.270000,distense:107.200000,rcs:13.000000
timestame:1619471423.788000000,objid:5,type:0,xpos:0.000000,ypos:0.000000,xspeed:-6.910000,yspeed:9.870000,angle:-9.710000,distense:44.600000,rcs:12.000000
timestame:1619471423.788000000,objid:9,type:0,xpos:0.000000,ypos:0.000000,xspeed:-5.790000,yspeed:0.100000,angle:-5.120000,distense:121.400000,rcs:15.000000
timestame:1619471423.788000000,objid:12,type:0,xpos:0.000000,ypos:0.000000,xspeed:-4.630000,yspeed:-0.040000,angle:-9.210000,distense:98.000000,rcs:21.000000
