timestame:1619470568.518000000,objid:1,type:0,xpos:0.000000,ypos:0.000000,xspeed:4.220000,yspeed:2.560000,angle:-15.120000,distense:32.800000,rcs:13.000000
timestame:1619470568.518000000,objid:3,type:0,xpos:0.000000,ypos:0.000000,xspeed:15.350000,yspeed:0.100000,angle:1.060000,distense:174.800000,rcs:26.000000
timestame:1619470568.518000000,objid:8,type:0,xpos:0.000000,ypos:0.000000,xspeed:3.170000,yspeed:4.320000,angle:-7.930000,distense:46.400000,rcs:9.000000
