timestame:1619469621.865000000,objid:1,type:0,xpos:0.000000,ypos:0.000000,xspeed:-3.350000,yspeed:0.140000,angle:-14.750000,distense:63.600000,rcs:26.000000
timestame:1619469621.865000000,objid:2,type:0,xpos:0.000000,ypos:0.000000,xspeed:-3.950000,yspeed:-0.300000,angle:-13.030000,distense:75.400000,rcs:27.000000
timestame:1619469621.865000000,objid:4,type:0,xpos:0.000000,ypos:0.000000,xspeed:-15.400000,yspeed:0.210000,angle:-7.170000,distense:84.200000,rcs:22.000000
