timestame:1619469633.630000000,objid:3,type:0,xpos:0.000000,ypos:0.000000,xspeed:-7.280000,yspeed:1.590000,angle:-6.170000,distense:58.000000,rcs:23.000000
timestame:1619469633.630000000,objid:4,type:0,xpos:0.000000,ypos:0.000000,xspeed:2.350000,yspeed:4.130000,angle:-16.880000,distense:22.400000,rcs:12.000000
