timestame:1619470704.306000000,objid:0,type:0,xpos:0.000000,ypos:0.000000,xspeed:3.750000,yspeed:3.040000,angle:-15.660000,distense:37.800000,rcs:6.000000
timestame:1619470704.306000000,objid:1,type:0,xpos:0.000000,ypos:0.000000,xspeed:11.010000,yspeed:-0.040000,angle:2.620000,distense:142.800000,rcs:13.000000
timestame:1619470704.306000000,objid:2,type:0,xpos:0.000000,ypos:0.000000,xspeed:-7.810000,yspeed:-0.880000,angle:-17.590000,distense:72.000000,rcs:12.000000
