timestame:1619470050.172000000,objid:0,type:0,xpos:0.000000,ypos:0.000000,xspeed:7.010000,yspeed:0.100000,angle:3.720000,distense:106.400000,rcs:13.000000
timestame:1619470050.172000000,objid:5,type:0,xpos:0.000000,ypos:0.000000,xspeed:6.960000,yspeed:0.110000,angle:4.020000,distense:96.600000,rcs:20.000000
