timestame:1619470967.416000000,objid:0,type:0,xpos:0.000000,ypos:0.000000,xspeed:4.640000,yspeed:0.210000,angle:5.440000,distense:67.800000,rcs:23.000000
timestame:1619470967.416000000,objid:1,type:0,xpos:0.000000,ypos:0.000000,xspeed:13.740000,yspeed:0.400000,angle:1.130000,distense:168.600000,rcs:12.000000
timestame:1619470967.416000000,objid:6,type:0,xpos:0.000000,ypos:0.000000,xspeed:11.700000,yspeed:0.320000,angle:1.870000,distense:142.400000,rcs:21.000000
timestame:1619470967.416000000,objid:7,type:0,xpos:0.000000,ypos:0.000000,xspeed:6.370000,yspeed:1.830000,angle:20.870000,distense:26.800000,rcs:22.000000
