timestame:1619470796.271000000,objid:4,type:0,xpos:0.000000,ypos:0.000000,xspeed:1.210000,yspeed:0.400000,angle:1.210000,distense:42.800000,rcs:6.000000
timestame:1619470796.271000000,objid:5,type:0,xpos:0.000000,ypos:0.000000,xspeed:2.400000,yspeed:-10.410000,angle:-18.000000,distense:65.800000,rcs:15.000000
timestame:1619470796.271000000,objid:11,type:0,xpos:0.000000,ypos:0.000000,xspeed:-1.610000,yspeed:6.830000,angle:-10.020000,distense:47.600000,rcs:18.000000
timestame:1619470796.271000000,objid:12,type:0,xpos:0.000000,ypos:0.000000,xspeed:2.000000,yspeed:-11.270000,angle:-18.000000,distense:62.200000,rcs:20.000000
