timestame:1619470748.284000000,objid:4,type:0,xpos:0.000000,ypos:0.000000,xspeed:-7.010000,yspeed:-0.170000,angle:-18.000000,distense:38.200000,rcs:16.000000
timestame:1619470748.284000000,objid:5,type:0,xpos:0.000000,ypos:0.000000,xspeed:-29.830000,yspeed:-4.090000,angle:8.150000,distense:36.600000,rcs:9.000000
