timestame:1619470793.800000000,objid:4,type:0,xpos:0.000000,ypos:0.000000,xspeed:2.310000,yspeed:-8.890000,angle:-5.270000,distense:52.600000,rcs:25.000000
timestame:1619470793.800000000,objid:6,type:0,xpos:0.000000,ypos:0.000000,xspeed:11.390000,yspeed:-4.230000,angle:7.070000,distense:64.400000,rcs:6.000000
timestame:1619470793.800000000,objid:7,type:0,xpos:0.000000,ypos:0.000000,xspeed:2.790000,yspeed:1.930000,angle:14.460000,distense:54.200000,rcs:6.000000
timestame:1619470793.800000000,objid:11,type:0,xpos:0.000000,ypos:0.000000,xspeed:-16.320000,yspeed:0.000000,angle:-3.300000,distense:41.000000,rcs:25.000000
