timestame:1619471423.295000000,objid:1,type:0,xpos:0.000000,ypos:0.000000,xspeed:-4.860000,yspeed:-0.830000,angle:-7.860000,distense:109.200000,rcs:12.000000
timestame:1619471423.295000000,objid:5,type:0,xpos:0.000000,ypos:0.000000,xspeed:-6.170000,yspeed:7.880000,angle:-16.090000,distense:46.000000,rcs:15.000000
timestame:1619471423.295000000,objid:9,type:0,xpos:0.000000,ypos:0.000000,xspeed:-5.670000,yspeed:0.080000,angle:-5.050000,distense:124.400000,rcs:20.000000
timestame:1619471423.295000000,objid:12,type:0,xpos:0.000000,ypos:0.000000,xspeed:-4.720000,yspeed:-0.100000,angle:-9.090000,distense:100.000000,rcs:24.000000
