timestame:1619470444.814000000,objid:1,type:0,xpos:0.000000,ypos:0.000000,xspeed:17.420000,yspeed:0.280000,angle:1.620000,distense:140.600000,rcs:13.000000
timestame:1619470444.814000000,objid:2,type:0,xpos:0.000000,ypos:0.000000,xspeed:4.330000,yspeed:-0.030000,angle:7.820000,distense:94.800000,rcs:20.000000
