timestame:1619470289.256000000,objid:2,type:0,xpos:0.000000,ypos:0.000000,xspeed:-11.900000,yspeed:-0.150000,angle:-11.190000,distense:79.000000,rcs:27.000000
timestame:1619470289.256000000,objid:5,type:0,xpos:0.000000,ypos:0.000000,xspeed:-5.900000,yspeed:-0.390000,angle:-18.000000,distense:30.400000,rcs:22.000000
timestame:1619470289.256000000,objid:7,type:0,xpos:0.000000,ypos:0.000000,xspeed:-5.530000,yspeed:-0.310000,angle:-18.000000,distense:26.800000,rcs:12.000000
