timestame:1619470704.372000000,objid:0,type:0,xpos:0.000000,ypos:0.000000,xspeed:3.650000,yspeed:3.250000,angle:-14.880000,distense:38.400000,rcs:9.000000
timestame:1619470704.372000000,objid:1,type:0,xpos:0.000000,ypos:0.000000,xspeed:11.080000,yspeed:0.000000,angle:2.630000,distense:144.200000,rcs:6.000000
timestame:1619470704.372000000,objid:2,type:0,xpos:0.000000,ypos:0.000000,xspeed:-7.700000,yspeed:-0.980000,angle:-18.000000,distense:71.400000,rcs:6.000000
