timestame:1619471236.837000000,objid:0,type:0,xpos:0.000000,ypos:0.000000,xspeed:8.080000,yspeed:-0.020000,angle:1.230000,distense:148.800000,rcs:9.000000
timestame:1619471236.837000000,objid:9,type:0,xpos:0.000000,ypos:0.000000,xspeed:8.250000,yspeed:-0.030000,angle:1.280000,distense:139.200000,rcs:21.000000
