timestame:1619471423.418000000,objid:1,type:0,xpos:0.000000,ypos:0.000000,xspeed:-4.860000,yspeed:-0.920000,angle:-8.020000,distense:108.600000,rcs:9.000000
timestame:1619471423.418000000,objid:5,type:0,xpos:0.000000,ypos:0.000000,xspeed:-7.250000,yspeed:4.160000,angle:-15.300000,distense:45.000000,rcs:27.000000
timestame:1619471423.418000000,objid:9,type:0,xpos:0.000000,ypos:0.000000,xspeed:-5.710000,yspeed:0.100000,angle:-5.050000,distense:123.800000,rcs:15.000000
timestame:1619471423.418000000,objid:12,type:0,xpos:0.000000,ypos:0.000000,xspeed:-4.720000,yspeed:-0.080000,angle:-9.130000,distense:99.600000,rcs:20.000000
