timestame:1619470168.473000000,objid:0,type:0,xpos:0.000000,ypos:0.000000,xspeed:6.450000,yspeed:0.280000,angle:2.200000,distense:47.400000,rcs:31.000000
timestame:1619470168.473000000,objid:3,type:0,xpos:0.000000,ypos:0.000000,xspeed:8.130000,yspeed:0.230000,angle:5.390000,distense:80.400000,rcs:23.000000
