timestame:1619469815.975000000,objid:1,type:0,xpos:0.000000,ypos:0.000000,xspeed:1.070000,yspeed:3.930000,angle:-4.400000,distense:53.400000,rcs:19.000000
timestame:1619469815.975000000,objid:3,type:0,xpos:0.000000,ypos:0.000000,xspeed:1.790000,yspeed:-2.910000,angle:-5.180000,distense:50.600000,rcs:9.000000
timestame:1619469815.975000000,objid:4,type:0,xpos:0.000000,ypos:0.000000,xspeed:-9.680000,yspeed:-3.510000,angle:-4.890000,distense:178.800000,rcs:9.000000
timestame:1619469815.975000000,objid:6,type:0,xpos:0.000000,ypos:0.000000,xspeed:3.980000,yspeed:4.210000,angle:22.550000,distense:26.000000,rcs:6.000000
