timestame:1619471254.860000000,objid:0,type:0,xpos:0.000000,ypos:0.000000,xspeed:14.400000,yspeed:10.470000,angle:18.280000,distense:16.200000,rcs:16.000000
timestame:1619471254.860000000,objid:1,type:0,xpos:0.000000,ypos:0.000000,xspeed:4.250000,yspeed:2.650000,angle:6.190000,distense:90.000000,rcs:9.000000
timestame:1619471254.860000000,objid:3,type:0,xpos:0.000000,ypos:0.000000,xspeed:-15.920000,yspeed:-0.430000,angle:-8.380000,distense:103.800000,rcs:16.000000
