timestame:1619471362.777000000,objid:2,type:0,xpos:0.000000,ypos:0.000000,xspeed:6.290000,yspeed:-0.100000,angle:4.660000,distense:88.600000,rcs:20.000000
timestame:1619471362.777000000,objid:4,type:0,xpos:0.000000,ypos:0.000000,xspeed:6.140000,yspeed:0.230000,angle:5.550000,distense:82.400000,rcs:20.000000
timestame:1619471362.777000000,objid:6,type:0,xpos:0.000000,ypos:0.000000,xspeed:15.390000,yspeed:1.560000,angle:2.090000,distense:222.800000,rcs:9.000000
timestame:1619471362.777000000,objid:7,type:0,xpos:0.000000,ypos:0.000000,xspeed:9.860000,yspeed:0.060000,angle:1.580000,distense:103.400000,rcs:23.000000
