timestame:1619470048.553000000,objid:0,type:0,xpos:0.000000,ypos:0.000000,xspeed:6.730000,yspeed:0.120000,angle:4.130000,distense:94.800000,rcs:12.000000
timestame:1619470048.553000000,objid:5,type:0,xpos:0.000000,ypos:0.000000,xspeed:6.780000,yspeed:0.020000,angle:4.310000,distense:85.200000,rcs:25.000000
