timestame:1619471150.763000000,objid:2,type:0,xpos:0.000000,ypos:0.000000,xspeed:-1.460000,yspeed:4.990000,angle:-9.430000,distense:42.200000,rcs:19.000000
timestame:1619471150.763000000,objid:7,type:0,xpos:0.000000,ypos:0.000000,xspeed:1.030000,yspeed:8.160000,angle:-4.850000,distense:42.200000,rcs:19.000000
