timestame:1619470367.262000000,objid:0,type:0,xpos:0.000000,ypos:0.000000,xspeed:2.610000,yspeed:4.460000,angle:9.980000,distense:51.000000,rcs:6.000000
timestame:1619470367.262000000,objid:4,type:0,xpos:0.000000,ypos:0.000000,xspeed:-2.440000,yspeed:-4.020000,angle:-18.000000,distense:41.200000,rcs:6.000000
timestame:1619470367.262000000,objid:6,type:0,xpos:0.000000,ypos:0.000000,xspeed:-4.630000,yspeed:-8.730000,angle:-17.160000,distense:41.800000,rcs:22.000000
