timestame:1619470165.933000000,objid:0,type:0,xpos:0.000000,ypos:0.000000,xspeed:3.920000,yspeed:-0.430000,angle:1.870000,distense:30.200000,rcs:42.000000
timestame:1619470165.933000000,objid:3,type:0,xpos:0.000000,ypos:0.000000,xspeed:6.500000,yspeed:0.550000,angle:6.920000,distense:58.400000,rcs:24.000000
