timestame:1619470633.740000000,objid:1,type:0,xpos:0.000000,ypos:0.000000,xspeed:-5.050000,yspeed:2.060000,angle:-18.000000,distense:35.000000,rcs:6.000000
timestame:1619470633.740000000,objid:2,type:0,xpos:0.000000,ypos:0.000000,xspeed:-3.110000,yspeed:0.280000,angle:-8.420000,distense:82.800000,rcs:16.000000
