timestame:1619470123.788000000,objid:1,type:0,xpos:0.000000,ypos:0.000000,xspeed:5.280000,yspeed:3.080000,angle:21.830000,distense:34.600000,rcs:21.000000
timestame:1619470123.788000000,objid:4,type:0,xpos:0.000000,ypos:0.000000,xspeed:3.700000,yspeed:0.670000,angle:22.490000,distense:26.400000,rcs:22.000000
timestame:1619470123.788000000,objid:6,type:0,xpos:0.000000,ypos:0.000000,xspeed:4.700000,yspeed:2.240000,angle:-17.890000,distense:32.800000,rcs:32.000000
