timestame:1619470165.067000000,objid:3,type:0,xpos:0.000000,ypos:0.000000,xspeed:6.180000,yspeed:0.380000,angle:6.990000,distense:52.400000,rcs:27.000000
timestame:1619470165.067000000,objid:6,type:0,xpos:0.000000,ypos:0.000000,xspeed:2.010000,yspeed:0.240000,angle:1.750000,distense:24.400000,rcs:33.000000
