timestame:1619470700.821000000,objid:1,type:0,xpos:0.000000,ypos:0.000000,xspeed:9.280000,yspeed:0.180000,angle:3.920000,distense:104.200000,rcs:15.000000
timestame:1619470700.821000000,objid:2,type:0,xpos:0.000000,ypos:0.000000,xspeed:-8.980000,yspeed:0.930000,angle:-10.820000,distense:98.400000,rcs:18.000000
