timestame:1619470593.614000000,objid:0,type:0,xpos:0.000000,ypos:0.000000,xspeed:-14.500000,yspeed:-0.640000,angle:-18.000000,distense:26.800000,rcs:6.000000
timestame:1619470593.614000000,objid:5,type:0,xpos:0.000000,ypos:0.000000,xspeed:8.230000,yspeed:2.400000,angle:-16.820000,distense:28.000000,rcs:33.000000
timestame:1619470593.614000000,objid:6,type:0,xpos:0.000000,ypos:0.000000,xspeed:6.620000,yspeed:2.110000,angle:19.950000,distense:27.600000,rcs:36.000000
