timestame:1619471056.905000000,objid:10,type:0,xpos:0.000000,ypos:0.000000,xspeed:-2.370000,yspeed:-2.080000,angle:-18.000000,distense:32.200000,rcs:27.000000
timestame:1619471056.905000000,objid:13,type:0,xpos:0.000000,ypos:0.000000,xspeed:1.270000,yspeed:-7.910000,angle:-10.710000,distense:63.200000,rcs:9.000000
timestame:1619471056.905000000,objid:14,type:0,xpos:0.000000,ypos:0.000000,xspeed:-1.900000,yspeed:-2.870000,angle:-18.000000,distense:35.200000,rcs:16.000000
