timestame:1619470274.074000000,objid:1,type:0,xpos:0.000000,ypos:0.000000,xspeed:-11.400000,yspeed:-1.020000,angle:-4.880000,distense:122.000000,rcs:12.000000
timestame:1619470274.074000000,objid:2,type:0,xpos:0.000000,ypos:0.000000,xspeed:-1.110000,yspeed:1.090000,angle:-6.620000,distense:94.400000,rcs:13.000000
