timestame:1619469483.944000000,objid:3,type:0,xpos:0.000000,ypos:0.000000,xspeed:3.220000,yspeed:0.130000,angle:11.190000,distense:17.400000,rcs:6.000000
timestame:1619469483.944000000,objid:7,type:0,xpos:0.000000,ypos:0.000000,xspeed:-2.000000,yspeed:0.010000,angle:-10.370000,distense:89.000000,rcs:13.000000
timestame:1619469483.944000000,objid:9,type:0,xpos:0.000000,ypos:0.000000,xspeed:2.430000,yspeed:0.850000,angle:-7.390000,distense:105.000000,rcs:6.000000
