timestame:1619470364.530000000,objid:0,type:0,xpos:0.000000,ypos:0.000000,xspeed:1.850000,yspeed:15.600000,angle:-2.800000,distense:43.200000,rcs:39.000000
timestame:1619470364.530000000,objid:1,type:0,xpos:0.000000,ypos:0.000000,xspeed:-1.240000,yspeed:8.990000,angle:-7.790000,distense:43.400000,rcs:6.000000
timestame:1619470364.530000000,objid:11,type:0,xpos:0.000000,ypos:0.000000,xspeed:-2.160000,yspeed:4.460000,angle:-15.240000,distense:38.800000,rcs:6.000000
