timestame:1619469829.120000000,objid:7,type:0,xpos:0.000000,ypos:0.000000,xspeed:-3.450000,yspeed:-1.140000,angle:-18.000000,distense:29.200000,rcs:13.000000
timestame:1619469829.120000000,objid:11,type:0,xpos:0.000000,ypos:0.000000,xspeed:-2.820000,yspeed:-0.280000,angle:-7.560000,distense:117.600000,rcs:18.000000
timestame:1619469829.120000000,objid:13,type:0,xpos:0.000000,ypos:0.000000,xspeed:1.520000,yspeed:-6.430000,angle:-5.820000,distense:126.200000,rcs:13.000000
timestame:1619469829.120000000,objid:14,type:0,xpos:0.000000,ypos:0.000000,xspeed:-2.690000,yspeed:-1.480000,angle:-18.000000,distense:32.400000,rcs:19.000000
