timestame:1619470465.244000000,objid:0,type:0,xpos:0.000000,ypos:0.000000,xspeed:-13.480000,yspeed:-0.670000,angle:-18.000000,distense:37.000000,rcs:18.000000
timestame:1619470465.244000000,objid:2,type:0,xpos:0.000000,ypos:0.000000,xspeed:5.820000,yspeed:0.160000,angle:3.060000,distense:206.000000,rcs:12.000000
