timestame:1619471367.132000000,objid:1,type:0,xpos:0.000000,ypos:0.000000,xspeed:7.610000,yspeed:-0.120000,angle:3.100000,distense:117.000000,rcs:22.000000
timestame:1619471367.132000000,objid:2,type:0,xpos:0.000000,ypos:0.000000,xspeed:8.140000,yspeed:-0.040000,angle:3.100000,distense:123.200000,rcs:12.000000
timestame:1619471367.132000000,objid:7,type:0,xpos:0.000000,ypos:0.000000,xspeed:11.700000,yspeed:0.220000,angle:1.580000,distense:154.600000,rcs:19.000000
