timestame:1619470493.208000000,objid:2,type:0,xpos:0.000000,ypos:0.000000,xspeed:1.480000,yspeed:-5.440000,angle:13.720000,distense:56.800000,rcs:13.000000
timestame:1619470493.208000000,objid:3,type:0,xpos:0.000000,ypos:0.000000,xspeed:1.820000,yspeed:-4.880000,angle:7.610000,distense:45.200000,rcs:33.000000
