timestame:1619471406.705000000,objid:5,type:0,xpos:0.000000,ypos:0.000000,xspeed:-15.260000,yspeed:-4.110000,angle:7.010000,distense:149.600000,rcs:9.000000
timestame:1619471406.705000000,objid:6,type:0,xpos:0.000000,ypos:0.000000,xspeed:-1.470000,yspeed:8.170000,angle:8.250000,distense:40.400000,rcs:13.000000
timestame:1619471406.705000000,objid:7,type:0,xpos:0.000000,ypos:0.000000,xspeed:-1.400000,yspeed:-3.280000,angle:-2.850000,distense:42.800000,rcs:31.000000
