timestame:1619471263.963000000,objid:2,type:0,xpos:0.000000,ypos:0.000000,xspeed:12.870000,yspeed:0.080000,angle:2.860000,distense:125.400000,rcs:28.000000
timestame:1619471263.963000000,objid:6,type:0,xpos:0.000000,ypos:0.000000,xspeed:12.840000,yspeed:-0.030000,angle:2.670000,distense:137.400000,rcs:13.000000
timestame:1619471263.963000000,objid:10,type:0,xpos:0.000000,ypos:0.000000,xspeed:12.790000,yspeed:-0.030000,angle:3.040000,distense:113.000000,rcs:24.000000
