timestame:1619470081.342000000,objid:0,type:0,xpos:0.000000,ypos:0.000000,xspeed:1.160000,yspeed:-5.410000,angle:8.380000,distense:49.200000,rcs:9.000000
timestame:1619470081.342000000,objid:4,type:0,xpos:0.000000,ypos:0.000000,xspeed:3.240000,yspeed:-9.820000,angle:3.740000,distense:50.200000,rcs:24.000000
timestame:1619470081.342000000,objid:7,type:0,xpos:0.000000,ypos:0.000000,xspeed:-2.040000,yspeed:0.000000,angle:-2.670000,distense:50.200000,rcs:9.000000
