timestame:1619471038.385000000,objid:2,type:0,xpos:0.000000,ypos:0.000000,xspeed:-2.020000,yspeed:-2.300000,angle:-18.000000,distense:40.000000,rcs:22.000000
timestame:1619471038.385000000,objid:3,type:0,xpos:0.000000,ypos:0.000000,xspeed:1.280000,yspeed:-3.240000,angle:15.510000,distense:48.200000,rcs:25.000000
