timestame:1619471222.332000000,objid:0,type:0,xpos:0.000000,ypos:0.000000,xspeed:1.480000,yspeed:0.310000,angle:1.550000,distense:56.200000,rcs:18.000000
timestame:1619471222.332000000,objid:6,type:0,xpos:0.000000,ypos:0.000000,xspeed:4.090000,yspeed:0.120000,angle:2.130000,distense:59.800000,rcs:13.000000
timestame:1619471222.332000000,objid:9,type:0,xpos:0.000000,ypos:0.000000,xspeed:4.100000,yspeed:0.330000,angle:2.960000,distense:41.000000,rcs:43.000000
timestame:1619471222.332000000,objid:10,type:0,xpos:0.000000,ypos:0.000000,xspeed:3.870000,yspeed:0.290000,angle:1.690000,distense:49.600000,rcs:15.000000
