timestame:1619470505.200000000,objid:1,type:0,xpos:0.000000,ypos:0.000000,xspeed:1.750000,yspeed:-0.360000,angle:-7.410000,distense:41.800000,rcs:24.000000
timestame:1619470505.200000000,objid:3,type:0,xpos:0.000000,ypos:0.000000,xspeed:-1.610000,yspeed:-1.820000,angle:-18.000000,distense:36.200000,rcs:28.000000
timestame:1619470505.200000000,objid:6,type:0,xpos:0.000000,ypos:0.000000,xspeed:-2.240000,yspeed:-0.660000,angle:-18.000000,distense:27.800000,rcs:6.000000
