timestame:1619470943.945000000,objid:1,type:0,xpos:0.000000,ypos:0.000000,xspeed:-6.090000,yspeed:0.580000,angle:-16.750000,distense:45.200000,rcs:12.000000
timestame:1619470943.945000000,objid:5,type:0,xpos:0.000000,ypos:0.000000,xspeed:-6.110000,yspeed:-0.540000,angle:-18.000000,distense:49.600000,rcs:15.000000
timestame:1619470943.945000000,objid:7,type:0,xpos:0.000000,ypos:0.000000,xspeed:-5.300000,yspeed:-0.350000,angle:-18.000000,distense:46.800000,rcs:16.000000
