timestame:1619471063.678000000,objid:0,type:0,xpos:0.000000,ypos:0.000000,xspeed:-7.130000,yspeed:0.800000,angle:-4.630000,distense:119.000000,rcs:6.000000
timestame:1619471063.678000000,objid:3,type:0,xpos:0.000000,ypos:0.000000,xspeed:-8.520000,yspeed:-6.440000,angle:-4.340000,distense:168.400000,rcs:13.000000
timestame:1619471063.678000000,objid:9,type:0,xpos:0.000000,ypos:0.000000,xspeed:-1.580000,yspeed:-0.060000,angle:-9.870000,distense:74.600000,rcs:22.000000
