timestame:1619469824.455000000,objid:2,type:0,xpos:0.000000,ypos:0.000000,xspeed:-2.160000,yspeed:-3.690000,angle:-18.000000,distense:39.600000,rcs:24.000000
timestame:1619469824.455000000,objid:10,type:0,xpos:0.000000,ypos:0.000000,xspeed:-1.040000,yspeed:-3.540000,angle:-13.710000,distense:41.800000,rcs:24.000000
timestame:1619469824.455000000,objid:11,type:0,xpos:0.000000,ypos:0.000000,xspeed:-3.580000,yspeed:0.130000,angle:-6.170000,distense:130.600000,rcs:9.000000
