timestame:1619470463.015000000,objid:0,type:0,xpos:0.000000,ypos:0.000000,xspeed:-14.430000,yspeed:-0.650000,angle:-11.450000,distense:64.400000,rcs:12.000000
timestame:1619470463.015000000,objid:2,type:0,xpos:0.000000,ypos:0.000000,xspeed:6.090000,yspeed:0.080000,angle:3.150000,distense:193.400000,rcs:13.000000
