timestame:1619470965.178000000,objid:0,type:0,xpos:0.000000,ypos:0.000000,xspeed:4.130000,yspeed:0.220000,angle:6.170000,distense:57.200000,rcs:30.000000
timestame:1619470965.178000000,objid:1,type:0,xpos:0.000000,ypos:0.000000,xspeed:12.620000,yspeed:-0.930000,angle:0.810000,distense:138.000000,rcs:12.000000
timestame:1619470965.178000000,objid:6,type:0,xpos:0.000000,ypos:0.000000,xspeed:10.680000,yspeed:0.500000,angle:2.070000,distense:115.600000,rcs:28.000000
timestame:1619470965.178000000,objid:12,type:0,xpos:0.000000,ypos:0.000000,xspeed:3.040000,yspeed:-0.050000,angle:4.680000,distense:64.200000,rcs:20.000000
