timestame:1619471459.882000000,objid:1,type:0,xpos:0.000000,ypos:0.000000,xspeed:-9.830000,yspeed:-6.070000,angle:-4.080000,distense:130.800000,rcs:16.000000
timestame:1619471459.882000000,objid:3,type:0,xpos:0.000000,ypos:0.000000,xspeed:-7.750000,yspeed:-7.520000,angle:-4.450000,distense:200.400000,rcs:9.000000
