timestame:1619471151.702000000,objid:0,type:0,xpos:0.000000,ypos:0.000000,xspeed:-1.660000,yspeed:10.480000,angle:8.590000,distense:39.800000,rcs:22.000000
timestame:1619471151.702000000,objid:1,type:0,xpos:0.000000,ypos:0.000000,xspeed:-7.730000,yspeed:-2.340000,angle:11.050000,distense:90.000000,rcs:18.000000
timestame:1619471151.702000000,objid:2,type:0,xpos:0.000000,ypos:0.000000,xspeed:-1.190000,yspeed:5.010000,angle:-2.960000,distense:40.600000,rcs:9.000000
timestame:1619471151.702000000,objid:7,type:0,xpos:0.000000,ypos:0.000000,xspeed:-1.060000,yspeed:6.310000,angle:2.190000,distense:40.600000,rcs:27.000000
