timestame:1619470831.154000000,objid:1,type:0,xpos:0.000000,ypos:0.000000,xspeed:9.080000,yspeed:0.210000,angle:3.300000,distense:105.000000,rcs:20.000000
timestame:1619470831.154000000,objid:2,type:0,xpos:0.000000,ypos:0.000000,xspeed:7.360000,yspeed:-0.110000,angle:2.940000,distense:108.800000,rcs:18.000000
timestame:1619470831.154000000,objid:3,type:0,xpos:0.000000,ypos:0.000000,xspeed:8.540000,yspeed:0.030000,angle:3.890000,distense:97.400000,rcs:22.000000
timestame:1619470831.154000000,objid:6,type:0,xpos:0.000000,ypos:0.000000,xspeed:11.380000,yspeed:-0.030000,angle:1.340000,distense:134.200000,rcs:19.000000
