timestame:1619471154.688000000,objid:0,type:0,xpos:0.000000,ypos:0.000000,xspeed:-1.600000,yspeed:-3.830000,angle:-8.810000,distense:60.200000,rcs:6.000000
timestame:1619471154.688000000,objid:1,type:0,xpos:0.000000,ypos:0.000000,xspeed:-6.900000,yspeed:-5.570000,angle:0.700000,distense:67.000000,rcs:9.000000
timestame:1619471154.688000000,objid:3,type:0,xpos:0.000000,ypos:0.000000,xspeed:12.230000,yspeed:0.000000,angle:-11.470000,distense:83.000000,rcs:9.000000
timestame:1619471154.688000000,objid:8,type:0,xpos:0.000000,ypos:0.000000,xspeed:6.910000,yspeed:3.150000,angle:-15.880000,distense:21.400000,rcs:23.000000
