timestame:1619469999.319000000,objid:7,type:0,xpos:0.000000,ypos:0.000000,xspeed:-12.370000,yspeed:-6.310000,angle:-18.000000,distense:31.600000,rcs:15.000000
timestame:1619469999.319000000,objid:11,type:0,xpos:0.000000,ypos:0.000000,xspeed:-1.820000,yspeed:-0.900000,angle:-18.000000,distense:31.800000,rcs:9.000000
timestame:1619469999.319000000,objid:15,type:0,xpos:0.000000,ypos:0.000000,xspeed:-1.490000,yspeed:-1.550000,angle:-18.000000,distense:34.200000,rcs:9.000000
