timestame:1619471270.334000000,objid:2,type:0,xpos:0.000000,ypos:0.000000,xspeed:14.010000,yspeed:0.260000,angle:2.010000,distense:212.800000,rcs:13.000000
timestame:1619471270.334000000,objid:10,type:0,xpos:0.000000,ypos:0.000000,xspeed:14.020000,yspeed:0.060000,angle:1.800000,distense:200.400000,rcs:27.000000
