timestame:1619471266.250000000,objid:0,type:0,xpos:0.000000,ypos:0.000000,xspeed:13.140000,yspeed:0.260000,angle:2.590000,distense:180.000000,rcs:12.000000
timestame:1619471266.250000000,objid:2,type:0,xpos:0.000000,ypos:0.000000,xspeed:13.240000,yspeed:0.130000,angle:2.440000,distense:155.800000,rcs:20.000000
timestame:1619471266.250000000,objid:6,type:0,xpos:0.000000,ypos:0.000000,xspeed:13.190000,yspeed:0.030000,angle:2.210000,distense:167.800000,rcs:9.000000
timestame:1619471266.250000000,objid:10,type:0,xpos:0.000000,ypos:0.000000,xspeed:13.250000,yspeed:0.000000,angle:2.380000,distense:143.400000,rcs:20.000000
