timestame:1619471063.616000000,objid:0,type:0,xpos:0.000000,ypos:0.000000,xspeed:-7.170000,yspeed:0.690000,angle:-4.730000,distense:119.400000,rcs:12.000000
timestame:1619471063.616000000,objid:3,type:0,xpos:0.000000,ypos:0.000000,xspeed:-8.190000,yspeed:-7.690000,angle:-4.380000,distense:169.000000,rcs:12.000000
timestame:1619471063.616000000,objid:9,type:0,xpos:0.000000,ypos:0.000000,xspeed:-1.600000,yspeed:-0.060000,angle:-9.860000,distense:74.600000,rcs:22.000000
