timestame:1619469870.054000000,objid:8,type:0,xpos:0.000000,ypos:0.000000,xspeed:-2.600000,yspeed:0.050000,angle:-18.000000,distense:31.800000,rcs:9.000000
timestame:1619469870.054000000,objid:13,type:0,xpos:0.000000,ypos:0.000000,xspeed:-1.870000,yspeed:-0.750000,angle:-18.000000,distense:35.000000,rcs:13.000000
timestame:1619469870.054000000,objid:14,type:0,xpos:0.000000,ypos:0.000000,xspeed:-1.080000,yspeed:3.630000,angle:0.550000,distense:42.000000,rcs:26.000000
timestame:1619469870.054000000,objid:16,type:0,xpos:0.000000,ypos:0.000000,xspeed:-1.200000,yspeed:-1.360000,angle:-18.000000,distense:38.200000,rcs:26.000000
