timestame:1619471222.024000000,objid:0,type:0,xpos:0.000000,ypos:0.000000,xspeed:1.320000,yspeed:0.280000,angle:1.450000,distense:55.400000,rcs:20.000000
timestame:1619471222.024000000,objid:6,type:0,xpos:0.000000,ypos:0.000000,xspeed:4.000000,yspeed:0.070000,angle:2.060000,distense:58.400000,rcs:19.000000
timestame:1619471222.024000000,objid:9,type:0,xpos:0.000000,ypos:0.000000,xspeed:4.060000,yspeed:0.140000,angle:2.520000,distense:39.800000,rcs:30.000000
timestame:1619471222.024000000,objid:10,type:0,xpos:0.000000,ypos:0.000000,xspeed:3.870000,yspeed:0.290000,angle:1.620000,distense:48.400000,rcs:15.000000
