timestame:1619470942.708000000,objid:1,type:0,xpos:0.000000,ypos:0.000000,xspeed:-5.240000,yspeed:1.130000,angle:-14.340000,distense:53.200000,rcs:16.000000
timestame:1619470942.708000000,objid:5,type:0,xpos:0.000000,ypos:0.000000,xspeed:-6.170000,yspeed:-0.810000,angle:-18.000000,distense:56.400000,rcs:24.000000
timestame:1619470942.708000000,objid:7,type:0,xpos:0.000000,ypos:0.000000,xspeed:-8.370000,yspeed:1.790000,angle:-18.000000,distense:51.400000,rcs:18.000000
