timestame:1619470491.842000000,objid:0,type:0,xpos:0.000000,ypos:0.000000,xspeed:1.510000,yspeed:-4.600000,angle:12.930000,distense:45.600000,rcs:31.000000
timestame:1619470491.842000000,objid:2,type:0,xpos:0.000000,ypos:0.000000,xspeed:1.470000,yspeed:-5.560000,angle:21.230000,distense:57.000000,rcs:13.000000
timestame:1619470491.842000000,objid:3,type:0,xpos:0.000000,ypos:0.000000,xspeed:-2.350000,yspeed:-8.060000,angle:16.020000,distense:42.400000,rcs:40.000000
