timestame:1619470237.006000000,objid:3,type:0,xpos:0.000000,ypos:0.000000,xspeed:-1.560000,yspeed:-3.690000,angle:-18.000000,distense:41.200000,rcs:26.000000
timestame:1619470237.006000000,objid:9,type:0,xpos:0.000000,ypos:0.000000,xspeed:-1.150000,yspeed:-2.390000,angle:-18.000000,distense:38.800000,rcs:24.000000
timestame:1619470237.006000000,objid:11,type:0,xpos:0.000000,ypos:0.000000,xspeed:-5.000000,yspeed:0.060000,angle:-4.920000,distense:126.000000,rcs:9.000000
timestame:1619470237.006000000,objid:14,type:0,xpos:0.000000,ypos:0.000000,xspeed:1.830000,yspeed:2.940000,angle:-18.000000,distense:35.800000,rcs:16.000000
