timestame:1619470332.088000000,objid:0,type:0,xpos:0.000000,ypos:0.000000,xspeed:16.560000,yspeed:-0.320000,angle:0.220000,distense:212.800000,rcs:26.000000
timestame:1619470332.088000000,objid:4,type:0,xpos:0.000000,ypos:0.000000,xspeed:-1.320000,yspeed:0.860000,angle:16.110000,distense:65.600000,rcs:6.000000
