timestame:1619471152.754000000,objid:0,type:0,xpos:0.000000,ypos:0.000000,xspeed:-1.180000,yspeed:7.920000,angle:18.750000,distense:40.600000,rcs:6.000000
timestame:1619471152.754000000,objid:1,type:0,xpos:0.000000,ypos:0.000000,xspeed:-7.790000,yspeed:-4.460000,angle:9.080000,distense:81.200000,rcs:9.000000
timestame:1619471152.754000000,objid:2,type:0,xpos:0.000000,ypos:0.000000,xspeed:-1.740000,yspeed:10.780000,angle:17.830000,distense:40.000000,rcs:22.000000
