timestame:1619471220.408000000,objid:0,type:0,xpos:0.000000,ypos:0.000000,xspeed:2.880000,yspeed:4.380000,angle:2.180000,distense:54.000000,rcs:16.000000
timestame:1619471220.408000000,objid:6,type:0,xpos:0.000000,ypos:0.000000,xspeed:3.600000,yspeed:0.420000,angle:2.660000,distense:51.600000,rcs:16.000000
timestame:1619471220.408000000,objid:9,type:0,xpos:0.000000,ypos:0.000000,xspeed:3.740000,yspeed:0.170000,angle:2.600000,distense:33.000000,rcs:38.000000
timestame:1619471220.408000000,objid:10,type:0,xpos:0.000000,ypos:0.000000,xspeed:3.640000,yspeed:0.440000,angle:1.370000,distense:42.000000,rcs:22.000000
