timestame:1619469690.498000000,objid:1,type:0,xpos:0.000000,ypos:0.000000,xspeed:-3.500000,yspeed:0.000000,angle:-18.000000,distense:53.200000,rcs:12.000000
timestame:1619469690.498000000,objid:2,type:0,xpos:0.000000,ypos:0.000000,xspeed:1.410000,yspeed:-7.700000,angle:-2.630000,distense:58.200000,rcs:26.000000
timestame:1619469690.498000000,objid:4,type:0,xpos:0.000000,ypos:0.000000,xspeed:1.290000,yspeed:-4.540000,angle:-14.970000,distense:46.800000,rcs:13.000000
timestame:1619469690.498000000,objid:13,type:0,xpos:0.000000,ypos:0.000000,xspeed:-1.780000,yspeed:6.770000,angle:2.190000,distense:35.400000,rcs:26.000000
