timestame:1619470116.201000000,objid:4,type:0,xpos:0.000000,ypos:0.000000,xspeed:-1.250000,yspeed:5.940000,angle:-5.640000,distense:46.600000,rcs:6.000000
timestame:1619470116.201000000,objid:5,type:0,xpos:0.000000,ypos:0.000000,xspeed:-9.360000,yspeed:-1.810000,angle:12.280000,distense:35.600000,rcs:12.000000
timestame:1619470116.201000000,objid:10,type:0,xpos:0.000000,ypos:0.000000,xspeed:3.010000,yspeed:5.100000,angle:-11.570000,distense:38.600000,rcs:31.000000
