timestame:1619471408.012000000,objid:7,type:0,xpos:0.000000,ypos:0.000000,xspeed:-1.280000,yspeed:-3.060000,angle:-8.260000,distense:41.800000,rcs:27.000000
timestame:1619471408.012000000,objid:11,type:0,xpos:0.000000,ypos:0.000000,xspeed:-13.700000,yspeed:-11.300000,angle:-2.240000,distense:131.600000,rcs:6.000000
timestame:1619471408.012000000,objid:12,type:0,xpos:0.000000,ypos:0.000000,xspeed:-9.650000,yspeed:2.260000,angle:-3.340000,distense:206.800000,rcs:16.000000
