timestame:1619471078.086000000,objid:1,type:0,xpos:0.000000,ypos:0.000000,xspeed:-6.920000,yspeed:-0.480000,angle:-18.000000,distense:51.200000,rcs:30.000000
timestame:1619471078.086000000,objid:3,type:0,xpos:0.000000,ypos:0.000000,xspeed:-9.290000,yspeed:-0.190000,angle:-12.260000,distense:57.200000,rcs:13.000000
timestame:1619471078.086000000,objid:5,type:0,xpos:0.000000,ypos:0.000000,xspeed:-10.150000,yspeed:-0.610000,angle:-18.000000,distense:35.600000,rcs:22.000000
timestame:1619471078.086000000,objid:6,type:0,xpos:0.000000,ypos:0.000000,xspeed:-5.940000,yspeed:-0.710000,angle:-18.000000,distense:46.600000,rcs:23.000000
