timestame:1619470460.095000000,objid:0,type:0,xpos:0.000000,ypos:0.000000,xspeed:-17.550000,yspeed:-3.990000,angle:-7.090000,distense:105.000000,rcs:12.000000
timestame:1619470460.095000000,objid:2,type:0,xpos:0.000000,ypos:0.000000,xspeed:5.760000,yspeed:-0.090000,angle:3.290000,distense:175.600000,rcs:9.000000
