timestame:1619469925.883000000,objid:1,type:0,xpos:0.000000,ypos:0.000000,xspeed:6.620000,yspeed:0.240000,angle:1.530000,distense:166.600000,rcs:15.000000
timestame:1619469925.883000000,objid:8,type:0,xpos:0.000000,ypos:0.000000,xspeed:6.580000,yspeed:0.010000,angle:1.220000,distense:159.600000,rcs:22.000000
