timestame:1619469816.288000000,objid:3,type:0,xpos:0.000000,ypos:0.000000,xspeed:1.310000,yspeed:-3.100000,angle:-6.180000,distense:50.200000,rcs:18.000000
timestame:1619469816.288000000,objid:4,type:0,xpos:0.000000,ypos:0.000000,xspeed:-8.870000,yspeed:-1.920000,angle:-4.880000,distense:176.600000,rcs:9.000000
timestame:1619469816.288000000,objid:6,type:0,xpos:0.000000,ypos:0.000000,xspeed:4.160000,yspeed:2.690000,angle:22.130000,distense:27.400000,rcs:20.000000
timestame:1619469816.288000000,objid:10,type:0,xpos:0.000000,ypos:0.000000,xspeed:2.300000,yspeed:-3.990000,angle:22.620000,distense:46.000000,rcs:18.000000
