timestame:1619470945.995000000,objid:1,type:0,xpos:0.000000,ypos:0.000000,xspeed:-7.730000,yspeed:-0.280000,angle:-18.000000,distense:29.400000,rcs:6.000000
timestame:1619470945.995000000,objid:5,type:0,xpos:0.000000,ypos:0.000000,xspeed:-6.630000,yspeed:-0.570000,angle:-18.000000,distense:37.600000,rcs:6.000000
timestame:1619470945.995000000,objid:7,type:0,xpos:0.000000,ypos:0.000000,xspeed:-6.180000,yspeed:-0.250000,angle:-18.000000,distense:35.400000,rcs:9.000000
