timestame:1619470223.680000000,objid:7,type:0,xpos:0.000000,ypos:0.000000,xspeed:2.130000,yspeed:2.410000,angle:-10.330000,distense:48.800000,rcs:15.000000
timestame:1619470223.680000000,objid:8,type:0,xpos:0.000000,ypos:0.000000,xspeed:-2.080000,yspeed:7.800000,angle:-1.160000,distense:39.600000,rcs:9.000000
timestame:1619470223.680000000,objid:11,type:0,xpos:0.000000,ypos:0.000000,xspeed:-2.090000,yspeed:6.630000,angle:0.500000,distense:38.800000,rcs:19.000000
