timestame:1619471260.928000000,objid:2,type:0,xpos:0.000000,ypos:0.000000,xspeed:12.440000,yspeed:0.300000,angle:4.210000,distense:86.000000,rcs:26.000000
timestame:1619471260.928000000,objid:6,type:0,xpos:0.000000,ypos:0.000000,xspeed:12.490000,yspeed:-0.130000,angle:3.850000,distense:98.200000,rcs:16.000000
timestame:1619471260.928000000,objid:10,type:0,xpos:0.000000,ypos:0.000000,xspeed:12.280000,yspeed:0.650000,angle:5.180000,distense:73.600000,rcs:22.000000
