timestame:1619470913.860000000,objid:0,type:0,xpos:0.000000,ypos:0.000000,xspeed:5.220000,yspeed:3.050000,angle:-16.700000,distense:34.400000,rcs:29.000000
timestame:1619470913.860000000,objid:7,type:0,xpos:0.000000,ypos:0.000000,xspeed:4.580000,yspeed:2.950000,angle:-16.100000,distense:46.600000,rcs:6.000000
timestame:1619470913.860000000,objid:10,type:0,xpos:0.000000,ypos:0.000000,xspeed:5.420000,yspeed:2.840000,angle:-17.620000,distense:40.400000,rcs:12.000000
