timestame:1619470736.979000000,objid:1,type:0,xpos:0.000000,ypos:0.000000,xspeed:11.990000,yspeed:-0.080000,angle:1.360000,distense:110.400000,rcs:6.000000
timestame:1619470736.979000000,objid:2,type:0,xpos:0.000000,ypos:0.000000,xspeed:-1.560000,yspeed:-0.870000,angle:-5.730000,distense:49.200000,rcs:9.000000
timestame:1619470736.979000000,objid:6,type:0,xpos:0.000000,ypos:0.000000,xspeed:12.030000,yspeed:0.070000,angle:1.570000,distense:99.600000,rcs:41.000000
