timestame:1619471307.155000000,objid:0,type:0,xpos:0.000000,ypos:0.000000,xspeed:3.490000,yspeed:0.600000,angle:19.170000,distense:25.600000,rcs:20.000000
timestame:1619471307.155000000,objid:1,type:0,xpos:0.000000,ypos:0.000000,xspeed:-7.040000,yspeed:2.220000,angle:-18.000000,distense:26.600000,rcs:9.000000
timestame:1619471307.155000000,objid:2,type:0,xpos:0.000000,ypos:0.000000,xspeed:4.820000,yspeed:0.990000,angle:-17.980000,distense:24.200000,rcs:19.000000
