timestame:1619469784.843000000,objid:2,type:0,xpos:0.000000,ypos:0.000000,xspeed:17.040000,yspeed:-0.100000,angle:0.900000,distense:175.200000,rcs:12.000000
timestame:1619469784.843000000,objid:4,type:0,xpos:0.000000,ypos:0.000000,xspeed:-17.530000,yspeed:-0.270000,angle:-7.190000,distense:119.000000,rcs:13.000000
timestame:1619469784.843000000,objid:10,type:0,xpos:0.000000,ypos:0.000000,xspeed:16.710000,yspeed:0.250000,angle:1.270000,distense:162.000000,rcs:22.000000
