timestame:1619470044.960000000,objid:0,type:0,xpos:0.000000,ypos:0.000000,xspeed:5.940000,yspeed:-0.270000,angle:4.740000,distense:70.200000,rcs:18.000000
timestame:1619470044.960000000,objid:3,type:0,xpos:0.000000,ypos:0.000000,xspeed:14.280000,yspeed:0.140000,angle:1.280000,distense:175.600000,rcs:15.000000
timestame:1619470044.960000000,objid:5,type:0,xpos:0.000000,ypos:0.000000,xspeed:5.890000,yspeed:0.420000,angle:5.880000,distense:60.400000,rcs:34.000000
