timestame:1619470332.334000000,objid:0,type:0,xpos:0.000000,ypos:0.000000,xspeed:16.590000,yspeed:-0.270000,angle:0.230000,distense:216.800000,rcs:24.000000
timestame:1619470332.334000000,objid:4,type:0,xpos:0.000000,ypos:0.000000,xspeed:-1.320000,yspeed:0.940000,angle:16.480000,distense:65.400000,rcs:9.000000
