timestame:1619469925.630000000,objid:1,type:0,xpos:0.000000,ypos:0.000000,xspeed:6.560000,yspeed:0.200000,angle:1.480000,distense:165.000000,rcs:16.000000
timestame:1619469925.630000000,objid:8,type:0,xpos:0.000000,ypos:0.000000,xspeed:6.520000,yspeed:0.090000,angle:1.320000,distense:158.000000,rcs:20.000000
