timestame:1619469998.695000000,objid:11,type:0,xpos:0.000000,ypos:0.000000,xspeed:-1.770000,yspeed:-0.890000,angle:-18.000000,distense:32.400000,rcs:13.000000
timestame:1619469998.695000000,objid:15,type:0,xpos:0.000000,ypos:0.000000,xspeed:-1.430000,yspeed:-1.820000,angle:-18.000000,distense:34.800000,rcs:21.000000
timestame:1619469998.695000000,objid:17,type:0,xpos:0.000000,ypos:0.000000,xspeed:1.650000,yspeed:6.100000,angle:-7.510000,distense:54.200000,rcs:9.000000
