timestame:1619470747.408000000,objid:0,type:0,xpos:0.000000,ypos:0.000000,xspeed:-2.000000,yspeed:-0.790000,angle:-10.220000,distense:80.600000,rcs:6.000000
timestame:1619470747.408000000,objid:2,type:0,xpos:0.000000,ypos:0.000000,xspeed:1.110000,yspeed:-1.400000,angle:18.080000,distense:48.200000,rcs:20.000000
