timestame:1619471076.715000000,objid:0,type:0,xpos:0.000000,ypos:0.000000,xspeed:-9.720000,yspeed:-0.360000,angle:-18.000000,distense:27.600000,rcs:6.000000
timestame:1619471076.715000000,objid:3,type:0,xpos:0.000000,ypos:0.000000,xspeed:-8.980000,yspeed:-0.240000,angle:-9.800000,distense:70.200000,rcs:24.000000
timestame:1619471076.715000000,objid:5,type:0,xpos:0.000000,ypos:0.000000,xspeed:-9.940000,yspeed:-0.200000,angle:-15.510000,distense:48.800000,rcs:24.000000
timestame:1619471076.715000000,objid:6,type:0,xpos:0.000000,ypos:0.000000,xspeed:-5.430000,yspeed:-0.470000,angle:-18.000000,distense:54.600000,rcs:26.000000
