timestame:1619470595.657000000,objid:1,type:0,xpos:0.000000,ypos:0.000000,xspeed:6.730000,yspeed:1.070000,angle:-17.980000,distense:29.800000,rcs:23.000000
timestame:1619470595.657000000,objid:5,type:0,xpos:0.000000,ypos:0.000000,xspeed:6.080000,yspeed:3.200000,angle:-15.440000,distense:41.200000,rcs:24.000000
timestame:1619470595.657000000,objid:6,type:0,xpos:0.000000,ypos:0.000000,xspeed:5.740000,yspeed:2.690000,angle:21.970000,distense:39.800000,rcs:6.000000
