timestame:1619471224.308000000,objid:0,type:0,xpos:0.000000,ypos:0.000000,xspeed:2.260000,yspeed:0.360000,angle:2.140000,distense:61.800000,rcs:6.000000
timestame:1619471224.308000000,objid:1,type:0,xpos:0.000000,ypos:0.000000,xspeed:6.020000,yspeed:-0.400000,angle:-5.210000,distense:34.200000,rcs:24.000000
timestame:1619471224.308000000,objid:6,type:0,xpos:0.000000,ypos:0.000000,xspeed:4.620000,yspeed:0.360000,angle:2.640000,distense:69.600000,rcs:6.000000
timestame:1619471224.308000000,objid:9,type:0,xpos:0.000000,ypos:0.000000,xspeed:4.800000,yspeed:0.060000,angle:2.540000,distense:51.200000,rcs:45.000000
