timestame:1619471453.034000000,objid:3,type:0,xpos:0.000000,ypos:0.000000,xspeed:-1.700000,yspeed:-0.160000,angle:-6.740000,distense:100.000000,rcs:16.000000
timestame:1619471453.034000000,objid:11,type:0,xpos:0.000000,ypos:0.000000,xspeed:-1.250000,yspeed:0.320000,angle:-7.300000,distense:92.600000,rcs:6.000000
timestame:1619471453.034000000,objid:13,type:0,xpos:0.000000,ypos:0.000000,xspeed:-4.020000,yspeed:-0.120000,angle:-15.710000,distense:30.600000,rcs:9.000000
