timestame:1619470220.648000000,objid:2,type:0,xpos:0.000000,ypos:0.000000,xspeed:5.030000,yspeed:13.900000,angle:22.820000,distense:47.200000,rcs:12.000000
timestame:1619470220.648000000,objid:6,type:0,xpos:0.000000,ypos:0.000000,xspeed:-3.240000,yspeed:3.580000,angle:-18.000000,distense:51.000000,rcs:6.000000
timestame:1619470220.648000000,objid:7,type:0,xpos:0.000000,ypos:0.000000,xspeed:-2.320000,yspeed:9.220000,angle:-14.230000,distense:41.400000,rcs:12.000000
timestame:1619470220.648000000,objid:8,type:0,xpos:0.000000,ypos:0.000000,xspeed:20.390000,yspeed:0.000000,angle:16.210000,distense:60.600000,rcs:6.000000
