timestame:1619471405.221000000,objid:0,type:0,xpos:0.000000,ypos:0.000000,xspeed:1.330000,yspeed:-0.820000,angle:7.940000,distense:44.600000,rcs:32.000000
timestame:1619471405.221000000,objid:2,type:0,xpos:0.000000,ypos:0.000000,xspeed:-2.410000,yspeed:-1.470000,angle:20.070000,distense:45.400000,rcs:31.000000
timestame:1619471405.221000000,objid:8,type:0,xpos:0.000000,ypos:0.000000,xspeed:1.120000,yspeed:0.650000,angle:-10.210000,distense:43.800000,rcs:9.000000
timestame:1619471405.221000000,objid:10,type:0,xpos:0.000000,ypos:0.000000,xspeed:-1.400000,yspeed:-0.040000,angle:-14.670000,distense:46.000000,rcs:28.000000
