timestame:1619470937.078000000,objid:7,type:0,xpos:0.000000,ypos:0.000000,xspeed:-1.290000,yspeed:-0.070000,angle:-11.560000,distense:79.000000,rcs:18.000000
timestame:1619470937.078000000,objid:10,type:0,xpos:0.000000,ypos:0.000000,xspeed:-1.170000,yspeed:0.550000,angle:-8.670000,distense:79.400000,rcs:15.000000
