timestame:1619470154.582000000,objid:3,type:0,xpos:0.000000,ypos:0.000000,xspeed:-4.890000,yspeed:-0.360000,angle:-18.000000,distense:44.600000,rcs:12.000000
timestame:1619470154.582000000,objid:5,type:0,xpos:0.000000,ypos:0.000000,xspeed:4.010000,yspeed:2.880000,angle:-15.910000,distense:34.600000,rcs:12.000000
timestame:1619470154.582000000,objid:7,type:0,xpos:0.000000,ypos:0.000000,xspeed:-15.100000,yspeed:-0.760000,angle:-7.850000,distense:113.000000,rcs:12.000000
timestame:1619470154.582000000,objid:13,type:0,xpos:0.000000,ypos:0.000000,xspeed:-14.990000,yspeed:-0.500000,angle:-7.440000,distense:117.800000,rcs:13.000000
