timestame:1619471089.446000000,objid:0,type:0,xpos:0.000000,ypos:0.000000,xspeed:9.990000,yspeed:0.430000,angle:1.880000,distense:87.200000,rcs:25.000000
timestame:1619471089.446000000,objid:1,type:0,xpos:0.000000,ypos:0.000000,xspeed:9.430000,yspeed:0.700000,angle:7.550000,distense:39.200000,rcs:26.000000
timestame:1619471089.446000000,objid:2,type:0,xpos:0.000000,ypos:0.000000,xspeed:4.980000,yspeed:0.190000,angle:2.200000,distense:37.800000,rcs:47.000000
timestame:1619471089.446000000,objid:4,type:0,xpos:0.000000,ypos:0.000000,xspeed:-21.980000,yspeed:-0.880000,angle:-12.950000,distense:61.800000,rcs:13.000000
