timestame:1619470181.510000000,objid:1,type:0,xpos:0.000000,ypos:0.000000,xspeed:13.120000,yspeed:0.050000,angle:1.440000,distense:163.400000,rcs:16.000000
timestame:1619470181.510000000,objid:8,type:0,xpos:0.000000,ypos:0.000000,xspeed:9.040000,yspeed:0.330000,angle:4.020000,distense:104.200000,rcs:12.000000
timestame:1619470181.510000000,objid:11,type:0,xpos:0.000000,ypos:0.000000,xspeed:8.590000,yspeed:0.500000,angle:5.280000,distense:93.800000,rcs:32.000000
