timestame:1619469618.822000000,objid:1,type:0,xpos:0.000000,ypos:0.000000,xspeed:-1.760000,yspeed:0.270000,angle:-12.750000,distense:73.800000,rcs:25.000000
timestame:1619469618.822000000,objid:3,type:0,xpos:0.000000,ypos:0.000000,xspeed:-1.330000,yspeed:-0.100000,angle:-10.750000,distense:87.400000,rcs:22.000000
timestame:1619469618.822000000,objid:4,type:0,xpos:0.000000,ypos:0.000000,xspeed:-17.500000,yspeed:1.660000,angle:-4.520000,distense:129.600000,rcs:12.000000
