timestame:1619469879.367000000,objid:2,type:0,xpos:0.000000,ypos:0.000000,xspeed:-1.040000,yspeed:0.030000,angle:-14.570000,distense:38.200000,rcs:29.000000
timestame:1619469879.367000000,objid:3,type:0,xpos:0.000000,ypos:0.000000,xspeed:-4.000000,yspeed:-0.110000,angle:-18.000000,distense:25.800000,rcs:6.000000
timestame:1619469879.367000000,objid:6,type:0,xpos:0.000000,ypos:0.000000,xspeed:-4.370000,yspeed:-2.520000,angle:-18.000000,distense:34.000000,rcs:19.000000
