timestame:1619469869.682000000,objid:8,type:0,xpos:0.000000,ypos:0.000000,xspeed:-2.860000,yspeed:-0.640000,angle:-18.000000,distense:32.800000,rcs:19.000000
timestame:1619469869.682000000,objid:13,type:0,xpos:0.000000,ypos:0.000000,xspeed:-1.640000,yspeed:-0.520000,angle:-18.000000,distense:35.800000,rcs:24.000000
timestame:1619469869.682000000,objid:14,type:0,xpos:0.000000,ypos:0.000000,xspeed:-1.420000,yspeed:3.970000,angle:-1.140000,distense:42.000000,rcs:22.000000
timestame:1619469869.682000000,objid:16,type:0,xpos:0.000000,ypos:0.000000,xspeed:-1.020000,yspeed:-1.220000,angle:-18.000000,distense:38.600000,rcs:20.000000
