timestame:1619470662.444000000,objid:0,type:0,xpos:0.000000,ypos:0.000000,xspeed:-1.600000,yspeed:-0.370000,angle:-9.900000,distense:96.600000,rcs:16.000000
timestame:1619470662.444000000,objid:3,type:0,xpos:0.000000,ypos:0.000000,xspeed:-1.220000,yspeed:-0.110000,angle:-7.670000,distense:108.800000,rcs:9.000000
timestame:1619470662.444000000,objid:4,type:0,xpos:0.000000,ypos:0.000000,xspeed:-1.190000,yspeed:-0.370000,angle:-7.990000,distense:104.200000,rcs:9.000000
timestame:1619470662.444000000,objid:6,type:0,xpos:0.000000,ypos:0.000000,xspeed:-13.700000,yspeed:4.640000,angle:-6.960000,distense:90.600000,rcs:9.000000
