timestame:1619470620.407000000,objid:1,type:0,xpos:0.000000,ypos:0.000000,xspeed:-5.160000,yspeed:-1.280000,angle:-10.040000,distense:88.400000,rcs:20.000000
timestame:1619470620.407000000,objid:2,type:0,xpos:0.000000,ypos:0.000000,xspeed:-7.860000,yspeed:0.090000,angle:-10.350000,distense:84.800000,rcs:13.000000
