timestame:1619469564.542000000,objid:1,type:0,xpos:0.000000,ypos:0.000000,xspeed:5.430000,yspeed:-5.440000,angle:15.570000,distense:55.000000,rcs:13.000000
timestame:1619469564.542000000,objid:8,type:0,xpos:0.000000,ypos:0.000000,xspeed:-5.570000,yspeed:0.290000,angle:17.400000,distense:47.200000,rcs:21.000000
