timestame:1619470758.917000000,objid:0,type:0,xpos:0.000000,ypos:0.000000,xspeed:-6.800000,yspeed:-8.830000,angle:-12.910000,distense:36.400000,rcs:32.000000
timestame:1619470758.917000000,objid:1,type:0,xpos:0.000000,ypos:0.000000,xspeed:-1.480000,yspeed:-3.120000,angle:-16.610000,distense:38.000000,rcs:6.000000
timestame:1619470758.917000000,objid:5,type:0,xpos:0.000000,ypos:0.000000,xspeed:8.920000,yspeed:-1.820000,angle:-1.550000,distense:43.400000,rcs:29.000000
