timestame:1619470979.153000000,objid:0,type:0,xpos:0.000000,ypos:0.000000,xspeed:7.260000,yspeed:-0.190000,angle:2.310000,distense:143.400000,rcs:24.000000
timestame:1619470979.153000000,objid:1,type:0,xpos:0.000000,ypos:0.000000,xspeed:-19.410000,yspeed:-1.750000,angle:-3.890000,distense:155.200000,rcs:15.000000
timestame:1619470979.153000000,objid:2,type:0,xpos:0.000000,ypos:0.000000,xspeed:-16.010000,yspeed:-1.180000,angle:-4.440000,distense:155.000000,rcs:19.000000
timestame:1619470979.153000000,objid:5,type:0,xpos:0.000000,ypos:0.000000,xspeed:-18.940000,yspeed:0.110000,angle:-13.360000,distense:65.000000,rcs:6.000000
