timestame:1619470458.795000000,objid:0,type:0,xpos:0.000000,ypos:0.000000,xspeed:-19.110000,yspeed:4.560000,angle:-4.030000,distense:127.400000,rcs:9.000000
timestame:1619470458.795000000,objid:2,type:0,xpos:0.000000,ypos:0.000000,xspeed:5.860000,yspeed:-0.110000,angle:3.470000,distense:168.200000,rcs:16.000000
