timestame:1619470950.838000000,objid:2,type:0,xpos:0.000000,ypos:0.000000,xspeed:22.950000,yspeed:1.650000,angle:1.960000,distense:53.000000,rcs:6.000000
timestame:1619470950.838000000,objid:3,type:0,xpos:0.000000,ypos:0.000000,xspeed:1.720000,yspeed:0.100000,angle:1.280000,distense:43.800000,rcs:6.000000
timestame:1619470950.838000000,objid:7,type:0,xpos:0.000000,ypos:0.000000,xspeed:3.200000,yspeed:0.000000,angle:3.060000,distense:38.000000,rcs:19.000000
