timestame:1619471319.335000000,objid:1,type:0,xpos:0.000000,ypos:0.000000,xspeed:-8.170000,yspeed:-1.420000,angle:-6.330000,distense:105.400000,rcs:16.000000
timestame:1619471319.335000000,objid:3,type:0,xpos:0.000000,ypos:0.000000,xspeed:-15.540000,yspeed:-0.590000,angle:-3.150000,distense:194.000000,rcs:6.000000
