timestame:1619470560.717000000,objid:0,type:0,xpos:0.000000,ypos:0.000000,xspeed:5.130000,yspeed:-0.390000,angle:2.750000,distense:195.000000,rcs:6.000000
timestame:1619470560.717000000,objid:1,type:0,xpos:0.000000,ypos:0.000000,xspeed:5.290000,yspeed:-0.020000,angle:4.470000,distense:186.200000,rcs:13.000000
timestame:1619470560.717000000,objid:3,type:0,xpos:0.000000,ypos:0.000000,xspeed:8.520000,yspeed:0.130000,angle:1.780000,distense:68.600000,rcs:33.000000
timestame:1619470560.717000000,objid:4,type:0,xpos:0.000000,ypos:0.000000,xspeed:-1.050000,yspeed:3.580000,angle:-18.000000,distense:37.600000,rcs:16.000000
