timestame:1619470161.902000000,objid:0,type:0,xpos:0.000000,ypos:0.000000,xspeed:-15.360000,yspeed:-1.200000,angle:-18.000000,distense:28.200000,rcs:6.000000
timestame:1619470161.902000000,objid:3,type:0,xpos:0.000000,ypos:0.000000,xspeed:3.960000,yspeed:0.300000,angle:8.220000,distense:32.400000,rcs:27.000000
timestame:1619470161.902000000,objid:5,type:0,xpos:0.000000,ypos:0.000000,xspeed:-8.860000,yspeed:-1.990000,angle:-18.000000,distense:27.800000,rcs:6.000000
timestame:1619470161.902000000,objid:6,type:0,xpos:0.000000,ypos:0.000000,xspeed:-2.000000,yspeed:4.940000,angle:1.490000,distense:17.800000,rcs:15.000000
