timestame:1619470440.345000000,objid:1,type:0,xpos:0.000000,ypos:0.000000,xspeed:14.860000,yspeed:0.670000,angle:2.520000,distense:63.400000,rcs:31.000000
timestame:1619470440.345000000,objid:2,type:0,xpos:0.000000,ypos:0.000000,xspeed:3.780000,yspeed:-0.080000,angle:9.850000,distense:76.200000,rcs:18.000000
