timestame:1619469559.842000000,objid:2,type:0,xpos:0.000000,ypos:0.000000,xspeed:-1.050000,yspeed:4.320000,angle:10.090000,distense:34.000000,rcs:9.000000
timestame:1619469559.842000000,objid:3,type:0,xpos:0.000000,ypos:0.000000,xspeed:-1.010000,yspeed:5.480000,angle:16.400000,distense:35.000000,rcs:6.000000
timestame:1619469559.842000000,objid:13,type:0,xpos:0.000000,ypos:0.000000,xspeed:2.100000,yspeed:-9.060000,angle:-18.000000,distense:62.800000,rcs:6.000000
timestame:1619469559.842000000,objid:14,type:0,xpos:0.000000,ypos:0.000000,xspeed:-1.690000,yspeed:9.390000,angle:-1.310000,distense:50.400000,rcs:6.000000
