timestame:1619471139.658000000,objid:7,type:0,xpos:0.000000,ypos:0.000000,xspeed:-1.310000,yspeed:-8.730000,angle:-5.700000,distense:39.600000,rcs:30.000000
timestame:1619471139.658000000,objid:11,type:0,xpos:0.000000,ypos:0.000000,xspeed:16.310000,yspeed:0.000000,angle:-17.590000,distense:57.400000,rcs:9.000000
