timestame:1619469920.794000000,objid:1,type:0,xpos:0.000000,ypos:0.000000,xspeed:5.770000,yspeed:-0.070000,angle:1.160000,distense:133.800000,rcs:12.000000
timestame:1619469920.794000000,objid:8,type:0,xpos:0.000000,ypos:0.000000,xspeed:5.770000,yspeed:0.110000,angle:1.520000,distense:127.200000,rcs:26.000000
