timestame:1619471168.449000000,objid:0,type:0,xpos:0.000000,ypos:0.000000,xspeed:-9.500000,yspeed:-0.280000,angle:-5.030000,distense:123.800000,rcs:15.000000
timestame:1619471168.449000000,objid:2,type:0,xpos:0.000000,ypos:0.000000,xspeed:3.040000,yspeed:0.590000,angle:3.710000,distense:14.400000,rcs:27.000000
