timestame:1619471402.284000000,objid:0,type:0,xpos:0.000000,ypos:0.000000,xspeed:-2.160000,yspeed:4.490000,angle:-14.850000,distense:43.400000,rcs:6.000000
timestame:1619471402.284000000,objid:6,type:0,xpos:0.000000,ypos:0.000000,xspeed:-2.800000,yspeed:8.130000,angle:-8.380000,distense:48.600000,rcs:24.000000
timestame:1619471402.284000000,objid:8,type:0,xpos:0.000000,ypos:0.000000,xspeed:-8.610000,yspeed:0.860000,angle:-16.800000,distense:105.800000,rcs:12.000000
