timestame:1619469760.762000000,objid:1,type:0,xpos:0.000000,ypos:0.000000,xspeed:1.760000,yspeed:5.430000,angle:-3.650000,distense:44.800000,rcs:9.000000
timestame:1619469760.762000000,objid:2,type:0,xpos:0.000000,ypos:0.000000,xspeed:39.760000,yspeed:-4.160000,angle:-9.650000,distense:27.800000,rcs:6.000000
