timestame:1619471221.215000000,objid:0,type:0,xpos:0.000000,ypos:0.000000,xspeed:1.080000,yspeed:0.680000,angle:1.600000,distense:54.200000,rcs:12.000000
timestame:1619471221.215000000,objid:6,type:0,xpos:0.000000,ypos:0.000000,xspeed:3.810000,yspeed:0.130000,angle:2.190000,distense:54.800000,rcs:16.000000
timestame:1619471221.215000000,objid:9,type:0,xpos:0.000000,ypos:0.000000,xspeed:3.820000,yspeed:0.250000,angle:2.820000,distense:36.000000,rcs:45.000000
timestame:1619471221.215000000,objid:10,type:0,xpos:0.000000,ypos:0.000000,xspeed:3.640000,yspeed:0.360000,angle:1.600000,distense:44.800000,rcs:16.000000
