timestame:1619469920.603000000,objid:1,type:0,xpos:0.000000,ypos:0.000000,xspeed:5.760000,yspeed:-0.140000,angle:1.100000,distense:132.800000,rcs:12.000000
timestame:1619469920.603000000,objid:8,type:0,xpos:0.000000,ypos:0.000000,xspeed:5.780000,yspeed:0.130000,angle:1.540000,distense:126.200000,rcs:20.000000
