timestame:1619470610.985000000,objid:2,type:0,xpos:0.000000,ypos:0.000000,xspeed:-1.530000,yspeed:11.040000,angle:-18.000000,distense:51.600000,rcs:9.000000
timestame:1619470610.985000000,objid:3,type:0,xpos:0.000000,ypos:0.000000,xspeed:2.030000,yspeed:6.500000,angle:-12.520000,distense:33.400000,rcs:15.000000
timestame:1619470610.985000000,objid:4,type:0,xpos:0.000000,ypos:0.000000,xspeed:5.490000,yspeed:-1.570000,angle:22.880000,distense:31.000000,rcs:16.000000
