timestame:1619470499.480000000,objid:2,type:0,xpos:0.000000,ypos:0.000000,xspeed:-1.360000,yspeed:-1.850000,angle:-18.000000,distense:39.000000,rcs:20.000000
timestame:1619470499.480000000,objid:4,type:0,xpos:0.000000,ypos:0.000000,xspeed:3.550000,yspeed:-3.740000,angle:14.310000,distense:45.600000,rcs:23.000000
timestame:1619470499.480000000,objid:7,type:0,xpos:0.000000,ypos:0.000000,xspeed:-1.670000,yspeed:-2.160000,angle:-18.000000,distense:45.600000,rcs:6.000000
