timestame:1619470649.684000000,objid:4,type:0,xpos:0.000000,ypos:0.000000,xspeed:-2.240000,yspeed:-2.540000,angle:-18.000000,distense:38.200000,rcs:18.000000
timestame:1619470649.684000000,objid:8,type:0,xpos:0.000000,ypos:0.000000,xspeed:-1.460000,yspeed:-5.320000,angle:-14.750000,distense:41.400000,rcs:25.000000
timestame:1619470649.684000000,objid:9,type:0,xpos:0.000000,ypos:0.000000,xspeed:-1.840000,yspeed:-3.530000,angle:-18.000000,distense:39.800000,rcs:20.000000
timestame:1619470649.684000000,objid:13,type:0,xpos:0.000000,ypos:0.000000,xspeed:-2.300000,yspeed:-2.160000,angle:-13.710000,distense:57.000000,rcs:20.000000
