timestame:1619470873.185000000,objid:1,type:0,xpos:0.000000,ypos:0.000000,xspeed:-9.850000,yspeed:-1.560000,angle:-5.430000,distense:128.600000,rcs:9.000000
timestame:1619470873.185000000,objid:4,type:0,xpos:0.000000,ypos:0.000000,xspeed:3.550000,yspeed:-0.110000,angle:0.450000,distense:19.200000,rcs:33.000000
timestame:1619470873.185000000,objid:9,type:0,xpos:0.000000,ypos:0.000000,xspeed:2.330000,yspeed:0.000000,angle:-1.840000,distense:28.400000,rcs:12.000000
