timestame:1619470714.400000000,objid:0,type:0,xpos:0.000000,ypos:0.000000,xspeed:1.920000,yspeed:4.320000,angle:-4.690000,distense:48.800000,rcs:6.000000
timestame:1619470714.400000000,objid:2,type:0,xpos:0.000000,ypos:0.000000,xspeed:3.330000,yspeed:1.830000,angle:21.060000,distense:42.200000,rcs:6.000000
timestame:1619470714.400000000,objid:3,type:0,xpos:0.000000,ypos:0.000000,xspeed:4.870000,yspeed:2.680000,angle:-14.870000,distense:37.200000,rcs:13.000000
timestame:1619470714.400000000,objid:9,type:0,xpos:0.000000,ypos:0.000000,xspeed:-15.160000,yspeed:0.000000,angle:1.700000,distense:27.000000,rcs:12.000000
