timestame:1619469821.798000000,objid:1,type:0,xpos:0.000000,ypos:0.000000,xspeed:1.160000,yspeed:-7.090000,angle:-18.000000,distense:65.000000,rcs:12.000000
timestame:1619469821.798000000,objid:2,type:0,xpos:0.000000,ypos:0.000000,xspeed:1.380000,yspeed:-2.350000,angle:-5.240000,distense:43.200000,rcs:39.000000
timestame:1619469821.798000000,objid:4,type:0,xpos:0.000000,ypos:0.000000,xspeed:-1.550000,yspeed:9.320000,angle:-13.350000,distense:41.800000,rcs:6.000000
timestame:1619469821.798000000,objid:11,type:0,xpos:0.000000,ypos:0.000000,xspeed:-5.000000,yspeed:-0.120000,angle:-6.120000,distense:139.600000,rcs:12.000000
