timestame:1619469919.860000000,objid:1,type:0,xpos:0.000000,ypos:0.000000,xspeed:5.730000,yspeed:-0.070000,angle:1.240000,distense:128.600000,rcs:13.000000
timestame:1619469919.860000000,objid:8,type:0,xpos:0.000000,ypos:0.000000,xspeed:5.760000,yspeed:0.110000,angle:1.530000,distense:122.000000,rcs:31.000000
