timestame:1619470928.542000000,objid:3,type:0,xpos:0.000000,ypos:0.000000,xspeed:-8.050000,yspeed:-0.470000,angle:-10.030000,distense:93.400000,rcs:12.000000
timestame:1619470928.542000000,objid:5,type:0,xpos:0.000000,ypos:0.000000,xspeed:-1.920000,yspeed:1.670000,angle:17.240000,distense:13.000000,rcs:9.000000
