timestame:1619471212.844000000,objid:2,type:0,xpos:0.000000,ypos:0.000000,xspeed:5.580000,yspeed:2.630000,angle:21.630000,distense:29.800000,rcs:31.000000
timestame:1619471212.844000000,objid:3,type:0,xpos:0.000000,ypos:0.000000,xspeed:5.280000,yspeed:2.620000,angle:-16.500000,distense:26.800000,rcs:27.000000
timestame:1619471212.844000000,objid:4,type:0,xpos:0.000000,ypos:0.000000,xspeed:-7.720000,yspeed:-0.300000,angle:-18.000000,distense:35.600000,rcs:20.000000
timestame:1619471212.844000000,objid:5,type:0,xpos:0.000000,ypos:0.000000,xspeed:-6.890000,yspeed:-0.490000,angle:-18.000000,distense:33.800000,rcs:9.000000
