timestame:1619470922.719000000,objid:2,type:0,xpos:0.000000,ypos:0.000000,xspeed:1.000000,yspeed:-0.080000,angle:10.130000,distense:15.000000,rcs:36.000000
timestame:1619470922.719000000,objid:3,type:0,xpos:0.000000,ypos:0.000000,xspeed:-11.360000,yspeed:-0.840000,angle:-5.700000,distense:143.200000,rcs:12.000000
