timestame:1619469533.595000000,objid:4,type:0,xpos:0.000000,ypos:0.000000,xspeed:16.290000,yspeed:0.850000,angle:2.680000,distense:55.400000,rcs:33.000000
timestame:1619469533.595000000,objid:7,type:0,xpos:0.000000,ypos:0.000000,xspeed:16.740000,yspeed:0.670000,angle:1.920000,distense:63.600000,rcs:20.000000
