timestame:1619470056.935000000,objid:0,type:0,xpos:0.000000,ypos:0.000000,xspeed:-14.280000,yspeed:0.000000,angle:-4.030000,distense:117.600000,rcs:15.000000
timestame:1619470056.935000000,objid:5,type:0,xpos:0.000000,ypos:0.000000,xspeed:9.240000,yspeed:0.210000,angle:2.750000,distense:156.400000,rcs:16.000000
