timestame:1619469919.799000000,objid:1,type:0,xpos:0.000000,ypos:0.000000,xspeed:5.740000,yspeed:-0.100000,angle:1.210000,distense:128.400000,rcs:15.000000
timestame:1619469919.799000000,objid:8,type:0,xpos:0.000000,ypos:0.000000,xspeed:5.780000,yspeed:0.110000,angle:1.530000,distense:121.600000,rcs:28.000000
