timestame:1619470049.483000000,objid:0,type:0,xpos:0.000000,ypos:0.000000,xspeed:6.820000,yspeed:0.070000,angle:3.820000,distense:101.400000,rcs:16.000000
timestame:1619470049.483000000,objid:5,type:0,xpos:0.000000,ypos:0.000000,xspeed:6.800000,yspeed:0.150000,angle:4.250000,distense:91.800000,rcs:28.000000
