timestame:1619471365.944000000,objid:1,type:0,xpos:0.000000,ypos:0.000000,xspeed:7.170000,yspeed:-0.530000,angle:3.180000,distense:107.400000,rcs:22.000000
timestame:1619471365.944000000,objid:2,type:0,xpos:0.000000,ypos:0.000000,xspeed:7.560000,yspeed:-0.090000,angle:3.390000,distense:112.600000,rcs:13.000000
timestame:1619471365.944000000,objid:7,type:0,xpos:0.000000,ypos:0.000000,xspeed:11.500000,yspeed:0.400000,angle:1.780000,distense:140.200000,rcs:18.000000
