timestame:1619470101.581000000,objid:5,type:0,xpos:0.000000,ypos:0.000000,xspeed:4.230000,yspeed:3.170000,angle:-15.760000,distense:41.400000,rcs:6.000000
timestame:1619470101.581000000,objid:9,type:0,xpos:0.000000,ypos:0.000000,xspeed:1.950000,yspeed:-11.030000,angle:-1.970000,distense:50.200000,rcs:6.000000
timestame:1619470101.581000000,objid:11,type:0,xpos:0.000000,ypos:0.000000,xspeed:3.630000,yspeed:0.620000,angle:11.450000,distense:15.200000,rcs:26.000000
