timestame:1619470078.671000000,objid:0,type:0,xpos:0.000000,ypos:0.000000,xspeed:-2.190000,yspeed:7.160000,angle:4.000000,distense:53.800000,rcs:6.000000
timestame:1619470078.671000000,objid:2,type:0,xpos:0.000000,ypos:0.000000,xspeed:2.540000,yspeed:-0.690000,angle:-0.340000,distense:19.000000,rcs:24.000000
timestame:1619470078.671000000,objid:4,type:0,xpos:0.000000,ypos:0.000000,xspeed:-6.370000,yspeed:6.920000,angle:-7.610000,distense:50.200000,rcs:13.000000
