timestame:1619469631.448000000,objid:2,type:0,xpos:0.000000,ypos:0.000000,xspeed:-6.350000,yspeed:-0.590000,angle:-18.000000,distense:30.800000,rcs:12.000000
timestame:1619469631.448000000,objid:6,type:0,xpos:0.000000,ypos:0.000000,xspeed:-10.020000,yspeed:-0.130000,angle:-6.590000,distense:72.000000,rcs:12.000000
timestame:1619469631.448000000,objid:7,type:0,xpos:0.000000,ypos:0.000000,xspeed:-6.720000,yspeed:-0.480000,angle:-18.000000,distense:34.200000,rcs:6.000000
