timestame:1619470081.588000000,objid:0,type:0,xpos:0.000000,ypos:0.000000,xspeed:1.160000,yspeed:-5.410000,angle:6.850000,distense:49.400000,rcs:9.000000
timestame:1619470081.588000000,objid:4,type:0,xpos:0.000000,ypos:0.000000,xspeed:2.660000,yspeed:-8.460000,angle:2.040000,distense:50.400000,rcs:24.000000
timestame:1619470081.588000000,objid:7,type:0,xpos:0.000000,ypos:0.000000,xspeed:-3.140000,yspeed:6.800000,angle:-0.400000,distense:50.800000,rcs:6.000000
