timestame:1619470117.067000000,objid:2,type:0,xpos:0.000000,ypos:0.000000,xspeed:-13.990000,yspeed:0.000000,angle:-3.010000,distense:40.000000,rcs:6.000000
timestame:1619470117.067000000,objid:4,type:0,xpos:0.000000,ypos:0.000000,xspeed:1.930000,yspeed:7.540000,angle:-0.460000,distense:52.600000,rcs:6.000000
timestame:1619470117.067000000,objid:5,type:0,xpos:0.000000,ypos:0.000000,xspeed:-8.270000,yspeed:-0.370000,angle:14.800000,distense:29.400000,rcs:20.000000
timestame:1619470117.067000000,objid:10,type:0,xpos:0.000000,ypos:0.000000,xspeed:2.870000,yspeed:4.810000,angle:-8.600000,distense:42.400000,rcs:6.000000
