timestame:1619469772.273000000,objid:1,type:0,xpos:0.000000,ypos:0.000000,xspeed:3.570000,yspeed:1.300000,angle:-16.890000,distense:25.000000,rcs:24.000000
timestame:1619469772.273000000,objid:3,type:0,xpos:0.000000,ypos:0.000000,xspeed:4.020000,yspeed:1.230000,angle:21.060000,distense:37.000000,rcs:12.000000
timestame:1619469772.273000000,objid:7,type:0,xpos:0.000000,ypos:0.000000,xspeed:4.000000,yspeed:1.470000,angle:-16.350000,distense:35.200000,rcs:28.000000
