timestame:1619471445.959000000,objid:3,type:0,xpos:0.000000,ypos:0.000000,xspeed:-4.320000,yspeed:-0.790000,angle:-5.960000,distense:115.600000,rcs:18.000000
timestame:1619471445.959000000,objid:11,type:0,xpos:0.000000,ypos:0.000000,xspeed:-3.500000,yspeed:-0.230000,angle:-6.400000,distense:105.200000,rcs:18.000000
timestame:1619471445.959000000,objid:13,type:0,xpos:0.000000,ypos:0.000000,xspeed:-2.270000,yspeed:-0.060000,angle:13.750000,distense:56.200000,rcs:13.000000
