timestame:1619469698.882000000,objid:2,type:0,xpos:0.000000,ypos:0.000000,xspeed:-2.220000,yspeed:-2.950000,angle:-18.000000,distense:41.800000,rcs:16.000000
timestame:1619469698.882000000,objid:5,type:0,xpos:0.000000,ypos:0.000000,xspeed:-6.710000,yspeed:-6.220000,angle:-18.000000,distense:39.200000,rcs:19.000000
timestame:1619469698.882000000,objid:8,type:0,xpos:0.000000,ypos:0.000000,xspeed:2.970000,yspeed:8.990000,angle:-10.080000,distense:44.600000,rcs:30.000000
