timestame:1619471449.382000000,objid:3,type:0,xpos:0.000000,ypos:0.000000,xspeed:-3.270000,yspeed:-0.170000,angle:-6.160000,distense:105.800000,rcs:12.000000
timestame:1619471449.382000000,objid:11,type:0,xpos:0.000000,ypos:0.000000,xspeed:-2.690000,yspeed:-0.500000,angle:-8.480000,distense:96.800000,rcs:15.000000
timestame:1619471449.382000000,objid:13,type:0,xpos:0.000000,ypos:0.000000,xspeed:-3.460000,yspeed:0.090000,angle:17.850000,distense:44.600000,rcs:20.000000
