timestame:1619470464.195000000,objid:0,type:0,xpos:0.000000,ypos:0.000000,xspeed:-13.770000,yspeed:-0.640000,angle:-15.850000,distense:49.400000,rcs:19.000000
timestame:1619470464.195000000,objid:2,type:0,xpos:0.000000,ypos:0.000000,xspeed:5.890000,yspeed:0.010000,angle:3.010000,distense:200.200000,rcs:12.000000
