timestame:1619471296.838000000,objid:2,type:0,xpos:0.000000,ypos:0.000000,xspeed:-1.950000,yspeed:6.200000,angle:-14.350000,distense:43.400000,rcs:13.000000
timestame:1619471296.838000000,objid:6,type:0,xpos:0.000000,ypos:0.000000,xspeed:2.430000,yspeed:3.940000,angle:-7.580000,distense:42.800000,rcs:6.000000
timestame:1619471296.838000000,objid:8,type:0,xpos:0.000000,ypos:0.000000,xspeed:-2.130000,yspeed:7.720000,angle:-14.810000,distense:43.400000,rcs:6.000000
