timestame:1619470735.742000000,objid:1,type:0,xpos:0.000000,ypos:0.000000,xspeed:12.100000,yspeed:-0.200000,angle:1.530000,distense:95.400000,rcs:12.000000
timestame:1619470735.742000000,objid:6,type:0,xpos:0.000000,ypos:0.000000,xspeed:12.040000,yspeed:0.180000,angle:1.880000,distense:84.400000,rcs:35.000000
