timestame:1619470496.625000000,objid:0,type:0,xpos:0.000000,ypos:0.000000,xspeed:-2.260000,yspeed:-3.330000,angle:21.170000,distense:44.000000,rcs:29.000000
timestame:1619470496.625000000,objid:6,type:0,xpos:0.000000,ypos:0.000000,xspeed:-1.270000,yspeed:6.910000,angle:-10.570000,distense:47.000000,rcs:9.000000
timestame:1619470496.625000000,objid:7,type:0,xpos:0.000000,ypos:0.000000,xspeed:-5.290000,yspeed:4.450000,angle:-10.530000,distense:48.000000,rcs:12.000000
