timestame:1619469576.886000000,objid:3,type:0,xpos:0.000000,ypos:0.000000,xspeed:-7.080000,yspeed:-0.100000,angle:-7.570000,distense:115.400000,rcs:22.000000
timestame:1619469576.886000000,objid:5,type:0,xpos:0.000000,ypos:0.000000,xspeed:-6.770000,yspeed:-0.230000,angle:-7.840000,distense:112.800000,rcs:15.000000
