timestame:1619471211.847000000,objid:4,type:0,xpos:0.000000,ypos:0.000000,xspeed:-8.650000,yspeed:0.280000,angle:-18.000000,distense:41.400000,rcs:23.000000
timestame:1619471211.847000000,objid:5,type:0,xpos:0.000000,ypos:0.000000,xspeed:-6.700000,yspeed:-0.250000,angle:-18.000000,distense:39.600000,rcs:15.000000
timestame:1619471211.847000000,objid:6,type:0,xpos:0.000000,ypos:0.000000,xspeed:21.220000,yspeed:-3.980000,angle:16.310000,distense:25.400000,rcs:12.000000
