timestame:1619469697.583000000,objid:1,type:0,xpos:0.000000,ypos:0.000000,xspeed:-2.640000,yspeed:10.520000,angle:-12.230000,distense:46.800000,rcs:31.000000
timestame:1619469697.583000000,objid:2,type:0,xpos:0.000000,ypos:0.000000,xspeed:-1.960000,yspeed:-2.960000,angle:-17.630000,distense:43.400000,rcs:19.000000
timestame:1619469697.583000000,objid:10,type:0,xpos:0.000000,ypos:0.000000,xspeed:-2.390000,yspeed:7.710000,angle:-6.410000,distense:43.800000,rcs:6.000000
