timestame:1619471093.235000000,objid:1,type:0,xpos:0.000000,ypos:0.000000,xspeed:12.600000,yspeed:-0.260000,angle:2.920000,distense:86.800000,rcs:15.000000
timestame:1619471093.235000000,objid:2,type:0,xpos:0.000000,ypos:0.000000,xspeed:7.080000,yspeed:0.230000,angle:2.190000,distense:64.800000,rcs:45.000000
timestame:1619471093.235000000,objid:5,type:0,xpos:0.000000,ypos:0.000000,xspeed:12.900000,yspeed:0.280000,angle:1.620000,distense:137.400000,rcs:6.000000
