timestame:1619470136.630000000,objid:7,type:0,xpos:0.000000,ypos:0.000000,xspeed:-4.230000,yspeed:-0.180000,angle:-9.690000,distense:76.000000,rcs:18.000000
timestame:1619470136.630000000,objid:8,type:0,xpos:0.000000,ypos:0.000000,xspeed:3.030000,yspeed:3.740000,angle:-7.470000,distense:42.600000,rcs:6.000000
