timestame:1619470798.320000000,objid:1,type:0,xpos:0.000000,ypos:0.000000,xspeed:3.660000,yspeed:1.240000,angle:-18.000000,distense:40.400000,rcs:35.000000
timestame:1619470798.320000000,objid:3,type:0,xpos:0.000000,ypos:0.000000,xspeed:1.530000,yspeed:-11.590000,angle:-18.000000,distense:66.800000,rcs:9.000000
timestame:1619470798.320000000,objid:15,type:0,xpos:0.000000,ypos:0.000000,xspeed:-1.460000,yspeed:-2.390000,angle:-18.000000,distense:37.600000,rcs:27.000000
