timestame:1619471076.032000000,objid:0,type:0,xpos:0.000000,ypos:0.000000,xspeed:-9.620000,yspeed:-0.440000,angle:-18.000000,distense:33.200000,rcs:6.000000
timestame:1619471076.032000000,objid:3,type:0,xpos:0.000000,ypos:0.000000,xspeed:-8.670000,yspeed:-0.100000,angle:-8.700000,distense:76.400000,rcs:21.000000
timestame:1619471076.032000000,objid:5,type:0,xpos:0.000000,ypos:0.000000,xspeed:-9.680000,yspeed:-0.240000,angle:-13.520000,distense:55.400000,rcs:6.000000
timestame:1619471076.032000000,objid:6,type:0,xpos:0.000000,ypos:0.000000,xspeed:-5.250000,yspeed:-0.630000,angle:-17.390000,distense:58.200000,rcs:22.000000
