timestame:1619471096.522000000,objid:2,type:0,xpos:0.000000,ypos:0.000000,xspeed:8.130000,yspeed:-0.130000,angle:1.260000,distense:91.800000,rcs:35.000000
timestame:1619471096.522000000,objid:3,type:0,xpos:0.000000,ypos:0.000000,xspeed:-12.550000,yspeed:4.230000,angle:-8.930000,distense:74.000000,rcs:20.000000
