timestame:1619471517.428000000,objid:3,type:0,xpos:0.000000,ypos:0.000000,xspeed:29.220000,yspeed:-0.240000,angle:0.300000,distense:176.200000,rcs:9.000000
timestame:1619471517.428000000,objid:7,type:0,xpos:0.000000,ypos:0.000000,xspeed:16.080000,yspeed:0.250000,angle:1.570000,distense:172.000000,rcs:16.000000
timestame:1619471517.428000000,objid:10,type:0,xpos:0.000000,ypos:0.000000,xspeed:16.000000,yspeed:0.100000,angle:1.370000,distense:161.400000,rcs:24.000000
