timestame:1619469918.688000000,objid:1,type:0,xpos:0.000000,ypos:0.000000,xspeed:5.830000,yspeed:0.070000,angle:1.490000,distense:122.000000,rcs:21.000000
timestame:1619469918.688000000,objid:8,type:0,xpos:0.000000,ypos:0.000000,xspeed:5.770000,yspeed:0.130000,angle:1.590000,distense:115.000000,rcs:28.000000
