timestame:1619471084.720000000,objid:0,type:0,xpos:0.000000,ypos:0.000000,xspeed:7.570000,yspeed:0.000000,angle:1.120000,distense:42.800000,rcs:29.000000
timestame:1619471084.720000000,objid:4,type:0,xpos:0.000000,ypos:0.000000,xspeed:4.450000,yspeed:0.140000,angle:1.510000,distense:39.800000,rcs:37.000000
timestame:1619471084.720000000,objid:11,type:0,xpos:0.000000,ypos:0.000000,xspeed:1.440000,yspeed:0.040000,angle:2.660000,distense:16.400000,rcs:41.000000
