timestame:1619471135.883000000,objid:5,type:0,xpos:0.000000,ypos:0.000000,xspeed:16.890000,yspeed:0.000000,angle:16.460000,distense:54.000000,rcs:26.000000
timestame:1619471135.883000000,objid:7,type:0,xpos:0.000000,ypos:0.000000,xspeed:-21.570000,yspeed:-13.770000,angle:1.140000,distense:21.400000,rcs:9.000000
