timestame:1619470943.884000000,objid:1,type:0,xpos:0.000000,ypos:0.000000,xspeed:-6.030000,yspeed:0.620000,angle:-16.540000,distense:45.600000,rcs:9.000000
timestame:1619470943.884000000,objid:5,type:0,xpos:0.000000,ypos:0.000000,xspeed:-6.110000,yspeed:-0.540000,angle:-18.000000,distense:50.000000,rcs:15.000000
timestame:1619470943.884000000,objid:7,type:0,xpos:0.000000,ypos:0.000000,xspeed:-5.430000,yspeed:-0.340000,angle:-18.000000,distense:46.800000,rcs:18.000000
