timestame:1619470375.335000000,objid:1,type:0,xpos:0.000000,ypos:0.000000,xspeed:-1.630000,yspeed:-3.370000,angle:-18.000000,distense:37.600000,rcs:26.000000
timestame:1619470375.335000000,objid:8,type:0,xpos:0.000000,ypos:0.000000,xspeed:2.200000,yspeed:-3.520000,angle:1.140000,distense:64.200000,rcs:9.000000
timestame:1619470375.335000000,objid:18,type:0,xpos:0.000000,ypos:0.000000,xspeed:-7.140000,yspeed:0.070000,angle:-7.420000,distense:89.600000,rcs:19.000000
