timestame:1619469634.812000000,objid:3,type:0,xpos:0.000000,ypos:0.000000,xspeed:-6.140000,yspeed:2.570000,angle:-3.190000,distense:50.800000,rcs:22.000000
timestame:1619469634.812000000,objid:4,type:0,xpos:0.000000,ypos:0.000000,xspeed:3.400000,yspeed:-0.560000,angle:-17.110000,distense:26.600000,rcs:30.000000
