timestame:1619471229.810000000,objid:0,type:0,xpos:0.000000,ypos:0.000000,xspeed:6.430000,yspeed:0.360000,angle:2.350000,distense:94.000000,rcs:9.000000
timestame:1619471229.810000000,objid:1,type:0,xpos:0.000000,ypos:0.000000,xspeed:3.440000,yspeed:-4.940000,angle:-18.000000,distense:62.400000,rcs:12.000000
timestame:1619471229.810000000,objid:9,type:0,xpos:0.000000,ypos:0.000000,xspeed:6.520000,yspeed:0.170000,angle:2.090000,distense:85.400000,rcs:34.000000
