timestame:1619470498.430000000,objid:2,type:0,xpos:0.000000,ypos:0.000000,xspeed:-1.460000,yspeed:-2.730000,angle:-18.000000,distense:40.000000,rcs:32.000000
timestame:1619470498.430000000,objid:5,type:0,xpos:0.000000,ypos:0.000000,xspeed:4.640000,yspeed:-1.650000,angle:9.690000,distense:44.600000,rcs:29.000000
timestame:1619470498.430000000,objid:7,type:0,xpos:0.000000,ypos:0.000000,xspeed:-1.660000,yspeed:-1.630000,angle:-16.060000,distense:46.400000,rcs:9.000000
