timestame:1619469555.261000000,objid:2,type:0,xpos:0.000000,ypos:0.000000,xspeed:-1.430000,yspeed:4.740000,angle:-18.000000,distense:40.600000,rcs:21.000000
timestame:1619469555.261000000,objid:3,type:0,xpos:0.000000,ypos:0.000000,xspeed:-1.620000,yspeed:5.750000,angle:-14.550000,distense:45.400000,rcs:19.000000
timestame:1619469555.261000000,objid:4,type:0,xpos:0.000000,ypos:0.000000,xspeed:-2.350000,yspeed:7.440000,angle:-8.620000,distense:43.600000,rcs:19.000000
