timestame:1619470594.665000000,objid:5,type:0,xpos:0.000000,ypos:0.000000,xspeed:7.590000,yspeed:2.600000,angle:-17.730000,distense:35.800000,rcs:32.000000
timestame:1619470594.665000000,objid:6,type:0,xpos:0.000000,ypos:0.000000,xspeed:5.940000,yspeed:2.450000,angle:20.710000,distense:33.600000,rcs:33.000000
