timestame:1619471296.215000000,objid:0,type:0,xpos:0.000000,ypos:0.000000,xspeed:1.270000,yspeed:4.470000,angle:-2.790000,distense:45.600000,rcs:6.000000
timestame:1619471296.215000000,objid:2,type:0,xpos:0.000000,ypos:0.000000,xspeed:-2.950000,yspeed:8.910000,angle:21.940000,distense:42.800000,rcs:20.000000
timestame:1619471296.215000000,objid:6,type:0,xpos:0.000000,ypos:0.000000,xspeed:2.630000,yspeed:3.690000,angle:-9.970000,distense:40.000000,rcs:13.000000
timestame:1619471296.215000000,objid:8,type:0,xpos:0.000000,ypos:0.000000,xspeed:-1.980000,yspeed:7.290000,angle:18.790000,distense:42.800000,rcs:6.000000
