timestame:1619470552.277000000,objid:0,type:0,xpos:0.000000,ypos:0.000000,xspeed:6.780000,yspeed:1.800000,angle:-15.730000,distense:14.400000,rcs:12.000000
timestame:1619470552.277000000,objid:1,type:0,xpos:0.000000,ypos:0.000000,xspeed:1.990000,yspeed:-0.800000,angle:5.190000,distense:148.600000,rcs:20.000000
timestame:1619470552.277000000,objid:3,type:0,xpos:0.000000,ypos:0.000000,xspeed:4.460000,yspeed:-0.040000,angle:6.430000,distense:175.200000,rcs:6.000000
timestame:1619470552.277000000,objid:9,type:0,xpos:0.000000,ypos:0.000000,xspeed:3.840000,yspeed:-0.590000,angle:4.480000,distense:166.000000,rcs:9.000000
