timestame:1619471096.707000000,objid:2,type:0,xpos:0.000000,ypos:0.000000,xspeed:8.260000,yspeed:-0.130000,angle:1.210000,distense:93.600000,rcs:27.000000
timestame:1619471096.707000000,objid:3,type:0,xpos:0.000000,ypos:0.000000,xspeed:-13.950000,yspeed:0.990000,angle:-9.500000,distense:71.200000,rcs:25.000000
