timestame:1619470030.897000000,objid:1,type:0,xpos:0.000000,ypos:0.000000,xspeed:5.880000,yspeed:0.450000,angle:2.680000,distense:39.200000,rcs:30.000000
timestame:1619470030.897000000,objid:4,type:0,xpos:0.000000,ypos:0.000000,xspeed:10.320000,yspeed:0.050000,angle:2.060000,distense:65.600000,rcs:29.000000
timestame:1619470030.897000000,objid:7,type:0,xpos:0.000000,ypos:0.000000,xspeed:1.100000,yspeed:-2.050000,angle:9.080000,distense:20.200000,rcs:12.000000
