timestame:1619470926.443000000,objid:3,type:0,xpos:0.000000,ypos:0.000000,xspeed:-9.270000,yspeed:-0.520000,angle:-8.200000,distense:108.600000,rcs:13.000000
timestame:1619470926.443000000,objid:4,type:0,xpos:0.000000,ypos:0.000000,xspeed:1.940000,yspeed:-4.040000,angle:10.060000,distense:14.000000,rcs:24.000000
