timestame:1619469742.049000000,objid:1,type:0,xpos:0.000000,ypos:0.000000,xspeed:-3.130000,yspeed:9.350000,angle:-7.610000,distense:42.600000,rcs:6.000000
timestame:1619469742.049000000,objid:3,type:0,xpos:0.000000,ypos:0.000000,xspeed:-3.940000,yspeed:8.760000,angle:-2.110000,distense:41.800000,rcs:24.000000
timestame:1619469742.049000000,objid:4,type:0,xpos:0.000000,ypos:0.000000,xspeed:-4.670000,yspeed:0.000000,angle:-6.780000,distense:43.000000,rcs:16.000000
