timestame:1619471226.164000000,objid:0,type:0,xpos:0.000000,ypos:0.000000,xspeed:5.530000,yspeed:0.000000,angle:1.990000,distense:71.200000,rcs:12.000000
timestame:1619471226.164000000,objid:1,type:0,xpos:0.000000,ypos:0.000000,xspeed:5.610000,yspeed:-1.850000,angle:-9.100000,distense:44.800000,rcs:21.000000
timestame:1619471226.164000000,objid:6,type:0,xpos:0.000000,ypos:0.000000,xspeed:5.120000,yspeed:0.300000,angle:2.610000,distense:79.800000,rcs:6.000000
timestame:1619471226.164000000,objid:9,type:0,xpos:0.000000,ypos:0.000000,xspeed:5.270000,yspeed:0.070000,angle:2.300000,distense:61.400000,rcs:40.000000
