timestame:1619470071.402000000,objid:3,type:0,xpos:0.000000,ypos:0.000000,xspeed:-1.710000,yspeed:2.800000,angle:12.660000,distense:49.000000,rcs:35.000000
timestame:1619470071.402000000,objid:4,type:0,xpos:0.000000,ypos:0.000000,xspeed:-1.610000,yspeed:2.850000,angle:16.830000,distense:44.200000,rcs:31.000000
timestame:1619470071.402000000,objid:8,type:0,xpos:0.000000,ypos:0.000000,xspeed:2.760000,yspeed:2.100000,angle:-14.250000,distense:35.800000,rcs:21.000000
