timestame:1619470991.594000000,objid:3,type:0,xpos:0.000000,ypos:0.000000,xspeed:5.330000,yspeed:-0.140000,angle:6.690000,distense:110.000000,rcs:6.000000
timestame:1619470991.594000000,objid:4,type:0,xpos:0.000000,ypos:0.000000,xspeed:-13.590000,yspeed:-0.660000,angle:-18.000000,distense:36.200000,rcs:15.000000
