timestame:1619471375.718000000,objid:0,type:0,xpos:0.000000,ypos:0.000000,xspeed:12.760000,yspeed:4.740000,angle:2.720000,distense:205.200000,rcs:12.000000
timestame:1619471375.718000000,objid:1,type:0,xpos:0.000000,ypos:0.000000,xspeed:10.100000,yspeed:0.220000,angle:2.250000,distense:197.400000,rcs:32.000000
