timestame:1619469741.618000000,objid:1,type:0,xpos:0.000000,ypos:0.000000,xspeed:-3.130000,yspeed:9.350000,angle:-12.390000,distense:44.600000,rcs:6.000000
timestame:1619469741.618000000,objid:2,type:0,xpos:0.000000,ypos:0.000000,xspeed:-5.540000,yspeed:0.000000,angle:-9.860000,distense:43.000000,rcs:9.000000
