timestame:1619471263.097000000,objid:2,type:0,xpos:0.000000,ypos:0.000000,xspeed:12.770000,yspeed:0.070000,angle:3.110000,distense:113.800000,rcs:23.000000
timestame:1619471263.097000000,objid:6,type:0,xpos:0.000000,ypos:0.000000,xspeed:12.710000,yspeed:-0.130000,angle:2.860000,distense:125.800000,rcs:12.000000
timestame:1619471263.097000000,objid:10,type:0,xpos:0.000000,ypos:0.000000,xspeed:12.700000,yspeed:0.130000,angle:3.560000,distense:101.400000,rcs:29.000000
