timestame:1619471252.700000000,objid:1,type:0,xpos:0.000000,ypos:0.000000,xspeed:2.590000,yspeed:3.150000,angle:3.340000,distense:79.400000,rcs:12.000000
timestame:1619471252.700000000,objid:3,type:0,xpos:0.000000,ypos:0.000000,xspeed:-16.910000,yspeed:-0.500000,angle:-6.100000,distense:137.200000,rcs:16.000000
