timestame:1619471263.162000000,objid:2,type:0,xpos:0.000000,ypos:0.000000,xspeed:12.770000,yspeed:0.070000,angle:3.090000,distense:114.600000,rcs:25.000000
timestame:1619471263.162000000,objid:6,type:0,xpos:0.000000,ypos:0.000000,xspeed:12.740000,yspeed:-0.150000,angle:2.810000,distense:126.600000,rcs:15.000000
timestame:1619471263.162000000,objid:10,type:0,xpos:0.000000,ypos:0.000000,xspeed:12.680000,yspeed:0.130000,angle:3.540000,distense:102.200000,rcs:27.000000
