timestame:1619470388.972000000,objid:8,type:0,xpos:0.000000,ypos:0.000000,xspeed:-3.180000,yspeed:-4.560000,angle:-18.000000,distense:34.600000,rcs:20.000000
timestame:1619470388.972000000,objid:9,type:0,xpos:0.000000,ypos:0.000000,xspeed:2.890000,yspeed:5.010000,angle:-12.630000,distense:52.600000,rcs:6.000000
timestame:1619470388.972000000,objid:11,type:0,xpos:0.000000,ypos:0.000000,xspeed:-1.990000,yspeed:-3.210000,angle:-18.000000,distense:33.600000,rcs:23.000000
timestame:1619470388.972000000,objid:17,type:0,xpos:0.000000,ypos:0.000000,xspeed:-15.460000,yspeed:-0.870000,angle:-6.100000,distense:146.200000,rcs:12.000000
