timestame:1619470050.978000000,objid:0,type:0,xpos:0.000000,ypos:0.000000,xspeed:7.110000,yspeed:0.000000,angle:3.420000,distense:112.400000,rcs:9.000000
timestame:1619470050.978000000,objid:5,type:0,xpos:0.000000,ypos:0.000000,xspeed:7.130000,yspeed:0.040000,angle:3.760000,distense:102.800000,rcs:26.000000
