timestame:1619470050.107000000,objid:0,type:0,xpos:0.000000,ypos:0.000000,xspeed:6.970000,yspeed:0.120000,angle:3.740000,distense:105.800000,rcs:12.000000
timestame:1619470050.107000000,objid:5,type:0,xpos:0.000000,ypos:0.000000,xspeed:6.920000,yspeed:0.140000,angle:4.080000,distense:96.200000,rcs:22.000000
