timestame:1619469928.419000000,objid:1,type:0,xpos:0.000000,ypos:0.000000,xspeed:7.180000,yspeed:0.100000,angle:1.380000,distense:185.400000,rcs:9.000000
timestame:1619469928.419000000,objid:8,type:0,xpos:0.000000,ypos:0.000000,xspeed:7.340000,yspeed:0.090000,angle:1.230000,distense:179.000000,rcs:19.000000
