timestame:1619469484.562000000,objid:3,type:0,xpos:0.000000,ypos:0.000000,xspeed:2.690000,yspeed:0.290000,angle:11.730000,distense:18.200000,rcs:27.000000
timestame:1619469484.562000000,objid:7,type:0,xpos:0.000000,ypos:0.000000,xspeed:-2.060000,yspeed:0.070000,angle:-10.430000,distense:87.400000,rcs:19.000000
timestame:1619469484.562000000,objid:9,type:0,xpos:0.000000,ypos:0.000000,xspeed:1.650000,yspeed:-0.710000,angle:-7.930000,distense:105.800000,rcs:12.000000
timestame:1619469484.562000000,objid:11,type:0,xpos:0.000000,ypos:0.000000,xspeed:-1.150000,yspeed:-0.930000,angle:-9.180000,distense:81.600000,rcs:20.000000
