timestame:1619469557.063000000,objid:4,type:0,xpos:0.000000,ypos:0.000000,xspeed:-1.580000,yspeed:6.650000,angle:6.260000,distense:41.000000,rcs:27.000000
timestame:1619469557.063000000,objid:5,type:0,xpos:0.000000,ypos:0.000000,xspeed:-2.190000,yspeed:7.270000,angle:11.340000,distense:40.400000,rcs:28.000000
timestame:1619469557.063000000,objid:7,type:0,xpos:0.000000,ypos:0.000000,xspeed:2.330000,yspeed:0.000000,angle:-3.910000,distense:51.600000,rcs:13.000000
timestame:1619469557.063000000,objid:10,type:0,xpos:0.000000,ypos:0.000000,xspeed:1.040000,yspeed:-5.520000,angle:0.080000,distense:50.400000,rcs:21.000000
