timestame:1619470441.522000000,objid:1,type:0,xpos:0.000000,ypos:0.000000,xspeed:15.290000,yspeed:0.590000,angle:2.360000,distense:82.200000,rcs:15.000000
timestame:1619470441.522000000,objid:2,type:0,xpos:0.000000,ypos:0.000000,xspeed:3.780000,yspeed:0.040000,angle:9.470000,distense:80.800000,rcs:18.000000
