timestame:1619469558.978000000,objid:5,type:0,xpos:0.000000,ypos:0.000000,xspeed:1.190000,yspeed:-1.230000,angle:-12.580000,distense:43.200000,rcs:6.000000
timestame:1619469558.978000000,objid:13,type:0,xpos:0.000000,ypos:0.000000,xspeed:1.810000,yspeed:-7.670000,angle:-17.700000,distense:57.400000,rcs:12.000000
timestame:1619469558.978000000,objid:14,type:0,xpos:0.000000,ypos:0.000000,xspeed:-3.350000,yspeed:10.500000,angle:-11.190000,distense:46.600000,rcs:18.000000
