timestame:1619470049.853000000,objid:0,type:0,xpos:0.000000,ypos:0.000000,xspeed:6.900000,yspeed:0.100000,angle:3.780000,distense:104.000000,rcs:12.000000
timestame:1619470049.853000000,objid:5,type:0,xpos:0.000000,ypos:0.000000,xspeed:6.920000,yspeed:0.100000,angle:4.080000,distense:94.400000,rcs:24.000000
