timestame:1619469484.315000000,objid:3,type:0,xpos:0.000000,ypos:0.000000,xspeed:2.800000,yspeed:0.270000,angle:11.800000,distense:17.600000,rcs:33.000000
timestame:1619469484.315000000,objid:7,type:0,xpos:0.000000,ypos:0.000000,xspeed:-2.000000,yspeed:0.080000,angle:-10.350000,distense:88.200000,rcs:16.000000
timestame:1619469484.315000000,objid:9,type:0,xpos:0.000000,ypos:0.000000,xspeed:1.650000,yspeed:-0.710000,angle:-7.850000,distense:105.200000,rcs:12.000000
timestame:1619469484.315000000,objid:11,type:0,xpos:0.000000,ypos:0.000000,xspeed:-1.200000,yspeed:-0.720000,angle:-8.840000,distense:81.800000,rcs:22.000000
