timestame:1619469999.195000000,objid:7,type:0,xpos:0.000000,ypos:0.000000,xspeed:-13.840000,yspeed:-6.540000,angle:-18.000000,distense:32.200000,rcs:21.000000
timestame:1619469999.195000000,objid:11,type:0,xpos:0.000000,ypos:0.000000,xspeed:-1.820000,yspeed:-0.970000,angle:-18.000000,distense:32.000000,rcs:6.000000
timestame:1619469999.195000000,objid:15,type:0,xpos:0.000000,ypos:0.000000,xspeed:-1.490000,yspeed:-1.550000,angle:-18.000000,distense:34.200000,rcs:9.000000
