timestame:1619470189.306000000,objid:1,type:0,xpos:0.000000,ypos:0.000000,xspeed:1.240000,yspeed:2.830000,angle:-7.000000,distense:43.000000,rcs:6.000000
timestame:1619470189.306000000,objid:2,type:0,xpos:0.000000,ypos:0.000000,xspeed:-6.590000,yspeed:2.960000,angle:-5.560000,distense:54.800000,rcs:28.000000
timestame:1619470189.306000000,objid:7,type:0,xpos:0.000000,ypos:0.000000,xspeed:3.860000,yspeed:-0.070000,angle:5.690000,distense:135.600000,rcs:12.000000
timestame:1619470189.306000000,objid:11,type:0,xpos:0.000000,ypos:0.000000,xspeed:4.600000,yspeed:0.200000,angle:4.310000,distense:134.000000,rcs:20.000000
