timestame:1619471077.465000000,objid:1,type:0,xpos:0.000000,ypos:0.000000,xspeed:-6.080000,yspeed:0.170000,angle:-17.400000,distense:55.400000,rcs:18.000000
timestame:1619471077.465000000,objid:3,type:0,xpos:0.000000,ypos:0.000000,xspeed:-9.210000,yspeed:-0.090000,angle:-10.880000,distense:62.800000,rcs:27.000000
timestame:1619471077.465000000,objid:5,type:0,xpos:0.000000,ypos:0.000000,xspeed:-10.050000,yspeed:-0.460000,angle:-18.000000,distense:41.200000,rcs:24.000000
timestame:1619471077.465000000,objid:6,type:0,xpos:0.000000,ypos:0.000000,xspeed:-5.780000,yspeed:-0.520000,angle:-18.000000,distense:50.000000,rcs:19.000000
