timestame:1619471165.533000000,objid:0,type:0,xpos:0.000000,ypos:0.000000,xspeed:-10.260000,yspeed:1.180000,angle:-3.200000,distense:152.200000,rcs:13.000000
timestame:1619471165.533000000,objid:2,type:0,xpos:0.000000,ypos:0.000000,xspeed:-9.860000,yspeed:5.240000,angle:-2.960000,distense:155.600000,rcs:13.000000
timestame:1619471165.533000000,objid:3,type:0,xpos:0.000000,ypos:0.000000,xspeed:2.360000,yspeed:5.350000,angle:-3.220000,distense:48.600000,rcs:6.000000
