timestame:1619469787.325000000,objid:1,type:0,xpos:0.000000,ypos:0.000000,xspeed:-15.870000,yspeed:0.350000,angle:-9.480000,distense:87.200000,rcs:21.000000
timestame:1619469787.325000000,objid:2,type:0,xpos:0.000000,ypos:0.000000,xspeed:16.920000,yspeed:0.290000,angle:1.070000,distense:217.400000,rcs:12.000000
timestame:1619469787.325000000,objid:4,type:0,xpos:0.000000,ypos:0.000000,xspeed:-16.890000,yspeed:-0.420000,angle:-11.860000,distense:77.800000,rcs:16.000000
timestame:1619469787.325000000,objid:10,type:0,xpos:0.000000,ypos:0.000000,xspeed:17.040000,yspeed:0.220000,angle:1.130000,distense:205.200000,rcs:31.000000
