timestame:1619471368.746000000,objid:1,type:0,xpos:0.000000,ypos:0.000000,xspeed:7.990000,yspeed:0.030000,angle:2.960000,distense:130.400000,rcs:21.000000
timestame:1619471368.746000000,objid:7,type:0,xpos:0.000000,ypos:0.000000,xspeed:11.470000,yspeed:0.270000,angle:1.570000,distense:173.000000,rcs:21.000000
