timestame:1619471368.376000000,objid:1,type:0,xpos:0.000000,ypos:0.000000,xspeed:7.890000,yspeed:0.090000,angle:3.080000,distense:127.400000,rcs:22.000000
timestame:1619471368.376000000,objid:7,type:0,xpos:0.000000,ypos:0.000000,xspeed:11.540000,yspeed:0.150000,angle:1.470000,distense:169.000000,rcs:23.000000
