timestame:1619470060.928000000,objid:0,type:0,xpos:0.000000,ypos:0.000000,xspeed:-11.250000,yspeed:-0.060000,angle:-6.230000,distense:71.200000,rcs:20.000000
timestame:1619470060.928000000,objid:1,type:0,xpos:0.000000,ypos:0.000000,xspeed:-20.670000,yspeed:1.520000,angle:-4.340000,distense:154.200000,rcs:6.000000
timestame:1619470060.928000000,objid:2,type:0,xpos:0.000000,ypos:0.000000,xspeed:-5.080000,yspeed:-2.300000,angle:-5.680000,distense:79.200000,rcs:25.000000
timestame:1619470060.928000000,objid:5,type:0,xpos:0.000000,ypos:0.000000,xspeed:9.770000,yspeed:0.570000,angle:2.940000,distense:194.800000,rcs:20.000000
