timestame:1619471090.930000000,objid:1,type:0,xpos:0.000000,ypos:0.000000,xspeed:10.640000,yspeed:0.390000,angle:5.570000,distense:56.600000,rcs:15.000000
timestame:1619471090.930000000,objid:2,type:0,xpos:0.000000,ypos:0.000000,xspeed:6.120000,yspeed:0.230000,angle:2.130000,distense:48.000000,rcs:44.000000
timestame:1619471090.930000000,objid:4,type:0,xpos:0.000000,ypos:0.000000,xspeed:-21.960000,yspeed:-0.910000,angle:-18.000000,distense:31.400000,rcs:12.000000
timestame:1619471090.930000000,objid:5,type:0,xpos:0.000000,ypos:0.000000,xspeed:11.470000,yspeed:1.120000,angle:2.020000,distense:107.600000,rcs:21.000000
