timestame:1619471027.717000000,objid:2,type:0,xpos:0.000000,ypos:0.000000,xspeed:6.010000,yspeed:0.400000,angle:19.980000,distense:23.000000,rcs:18.000000
timestame:1619471027.717000000,objid:5,type:0,xpos:0.000000,ypos:0.000000,xspeed:4.670000,yspeed:0.970000,angle:-14.440000,distense:20.200000,rcs:29.000000
