timestame:1619470660.155000000,objid:1,type:0,xpos:0.000000,ypos:0.000000,xspeed:-15.160000,yspeed:0.000000,angle:-9.800000,distense:36.400000,rcs:16.000000
timestame:1619470660.155000000,objid:2,type:0,xpos:0.000000,ypos:0.000000,xspeed:4.220000,yspeed:2.700000,angle:-16.210000,distense:39.400000,rcs:12.000000
timestame:1619470660.155000000,objid:3,type:0,xpos:0.000000,ypos:0.000000,xspeed:-2.050000,yspeed:0.940000,angle:-6.900000,distense:111.200000,rcs:12.000000
