timestame:1619471140.340000000,objid:0,type:0,xpos:0.000000,ypos:0.000000,xspeed:-3.940000,yspeed:-1.580000,angle:-18.000000,distense:34.600000,rcs:35.000000
timestame:1619471140.340000000,objid:3,type:0,xpos:0.000000,ypos:0.000000,xspeed:-2.410000,yspeed:-2.660000,angle:-18.000000,distense:33.400000,rcs:9.000000
timestame:1619471140.340000000,objid:7,type:0,xpos:0.000000,ypos:0.000000,xspeed:-5.040000,yspeed:-5.780000,angle:-13.060000,distense:36.000000,rcs:28.000000
