timestame:1619471078.518000000,objid:1,type:0,xpos:0.000000,ypos:0.000000,xspeed:-6.760000,yspeed:-0.430000,angle:-18.000000,distense:48.600000,rcs:22.000000
timestame:1619471078.518000000,objid:3,type:0,xpos:0.000000,ypos:0.000000,xspeed:-9.360000,yspeed:-0.240000,angle:-13.360000,distense:53.200000,rcs:26.000000
timestame:1619471078.518000000,objid:5,type:0,xpos:0.000000,ypos:0.000000,xspeed:-10.270000,yspeed:-0.540000,angle:-18.000000,distense:31.600000,rcs:9.000000
timestame:1619471078.518000000,objid:6,type:0,xpos:0.000000,ypos:0.000000,xspeed:-5.460000,yspeed:-0.320000,angle:-18.000000,distense:45.200000,rcs:33.000000
