timestame:1619470936.524000000,objid:6,type:0,xpos:0.000000,ypos:0.000000,xspeed:16.310000,yspeed:0.000000,angle:-10.050000,distense:90.600000,rcs:19.000000
timestame:1619470936.524000000,objid:8,type:0,xpos:0.000000,ypos:0.000000,xspeed:1.000000,yspeed:0.280000,angle:9.700000,distense:22.000000,rcs:26.000000
