timestame:1619470445.372000000,objid:1,type:0,xpos:0.000000,ypos:0.000000,xspeed:17.510000,yspeed:0.260000,angle:1.550000,distense:150.200000,rcs:6.000000
timestame:1619470445.372000000,objid:2,type:0,xpos:0.000000,ypos:0.000000,xspeed:4.470000,yspeed:-0.130000,angle:7.460000,distense:97.200000,rcs:24.000000
