timestame:1619469566.031000000,objid:6,type:0,xpos:0.000000,ypos:0.000000,xspeed:-10.570000,yspeed:-2.580000,angle:-3.960000,distense:202.800000,rcs:16.000000
timestame:1619469566.031000000,objid:8,type:0,xpos:0.000000,ypos:0.000000,xspeed:-5.880000,yspeed:0.700000,angle:22.840000,distense:38.400000,rcs:12.000000
timestame:1619469566.031000000,objid:15,type:0,xpos:0.000000,ypos:0.000000,xspeed:-4.050000,yspeed:8.870000,angle:18.350000,distense:56.000000,rcs:6.000000
