timestame:1619470780.565000000,objid:1,type:0,xpos:0.000000,ypos:0.000000,xspeed:-1.170000,yspeed:0.000000,angle:1.400000,distense:45.600000,rcs:31.000000
timestame:1619470780.565000000,objid:2,type:0,xpos:0.000000,ypos:0.000000,xspeed:1.330000,yspeed:-3.250000,angle:0.760000,distense:43.800000,rcs:36.000000
timestame:1619470780.565000000,objid:4,type:0,xpos:0.000000,ypos:0.000000,xspeed:-2.200000,yspeed:-0.120000,angle:-0.030000,distense:44.400000,rcs:6.000000
timestame:1619470780.565000000,objid:5,type:0,xpos:0.000000,ypos:0.000000,xspeed:1.010000,yspeed:-3.860000,angle:6.000000,distense:44.600000,rcs:33.000000
