timestame:1619471445.775000000,objid:3,type:0,xpos:0.000000,ypos:0.000000,xspeed:-4.510000,yspeed:-0.920000,angle:-5.950000,distense:116.200000,rcs:9.000000
timestame:1619471445.775000000,objid:11,type:0,xpos:0.000000,ypos:0.000000,xspeed:-3.600000,yspeed:-0.150000,angle:-6.260000,distense:105.600000,rcs:9.000000
timestame:1619471445.775000000,objid:13,type:0,xpos:0.000000,ypos:0.000000,xspeed:-2.240000,yspeed:-0.030000,angle:13.700000,distense:56.600000,rcs:9.000000
