timestame:1619470779.015000000,objid:0,type:0,xpos:0.000000,ypos:0.000000,xspeed:-2.500000,yspeed:-17.700000,angle:19.150000,distense:43.800000,rcs:28.000000
timestame:1619470779.015000000,objid:2,type:0,xpos:0.000000,ypos:0.000000,xspeed:1.960000,yspeed:8.220000,angle:9.320000,distense:42.400000,rcs:36.000000
timestame:1619470779.015000000,objid:4,type:0,xpos:0.000000,ypos:0.000000,xspeed:-1.630000,yspeed:-0.660000,angle:-2.560000,distense:47.400000,rcs:6.000000
timestame:1619470779.015000000,objid:7,type:0,xpos:0.000000,ypos:0.000000,xspeed:-22.440000,yspeed:0.000000,angle:-10.900000,distense:85.400000,rcs:22.000000
