timestame:1619470029.414000000,objid:0,type:0,xpos:0.000000,ypos:0.000000,xspeed:-2.490000,yspeed:2.260000,angle:12.300000,distense:14.800000,rcs:28.000000
timestame:1619470029.414000000,objid:1,type:0,xpos:0.000000,ypos:0.000000,xspeed:4.980000,yspeed:0.350000,angle:1.790000,distense:29.400000,rcs:39.000000
timestame:1619470029.414000000,objid:2,type:0,xpos:0.000000,ypos:0.000000,xspeed:6.840000,yspeed:0.310000,angle:2.410000,distense:48.200000,rcs:39.000000
