timestame:1619471308.523000000,objid:0,type:0,xpos:0.000000,ypos:0.000000,xspeed:3.540000,yspeed:1.210000,angle:19.160000,distense:30.600000,rcs:24.000000
timestame:1619471308.523000000,objid:1,type:0,xpos:0.000000,ypos:0.000000,xspeed:4.830000,yspeed:3.060000,angle:22.280000,distense:34.200000,rcs:24.000000
timestame:1619471308.523000000,objid:2,type:0,xpos:0.000000,ypos:0.000000,xspeed:4.350000,yspeed:1.290000,angle:22.350000,distense:29.800000,rcs:41.000000
timestame:1619471308.523000000,objid:3,type:0,xpos:0.000000,ypos:0.000000,xspeed:3.390000,yspeed:1.900000,angle:22.950000,distense:22.000000,rcs:9.000000
