timestame:1619470787.965000000,objid:1,type:0,xpos:0.000000,ypos:0.000000,xspeed:-3.910000,yspeed:-2.060000,angle:-18.000000,distense:27.800000,rcs:16.000000
timestame:1619470787.965000000,objid:2,type:0,xpos:0.000000,ypos:0.000000,xspeed:-3.870000,yspeed:-2.520000,angle:-18.000000,distense:29.800000,rcs:13.000000
timestame:1619470787.965000000,objid:6,type:0,xpos:0.000000,ypos:0.000000,xspeed:-3.450000,yspeed:-1.230000,angle:-18.000000,distense:27.000000,rcs:20.000000
timestame:1619470787.965000000,objid:11,type:0,xpos:0.000000,ypos:0.000000,xspeed:-4.140000,yspeed:-0.520000,angle:-18.000000,distense:24.200000,rcs:6.000000
