timestame:1619469537.944000000,objid:4,type:0,xpos:0.000000,ypos:0.000000,xspeed:17.020000,yspeed:0.290000,angle:1.680000,distense:129.400000,rcs:18.000000
timestame:1619469537.944000000,objid:7,type:0,xpos:0.000000,ypos:0.000000,xspeed:17.020000,yspeed:0.160000,angle:1.280000,distense:136.800000,rcs:9.000000
