timestame:1619470492.467000000,objid:0,type:0,xpos:0.000000,ypos:0.000000,xspeed:1.560000,yspeed:-4.670000,angle:9.150000,distense:46.000000,rcs:29.000000
timestame:1619470492.467000000,objid:2,type:0,xpos:0.000000,ypos:0.000000,xspeed:1.480000,yspeed:-5.850000,angle:17.320000,distense:56.600000,rcs:19.000000
timestame:1619470492.467000000,objid:3,type:0,xpos:0.000000,ypos:0.000000,xspeed:1.640000,yspeed:-6.050000,angle:11.240000,distense:44.200000,rcs:31.000000
