timestame:1619471067.956000000,objid:0,type:0,xpos:0.000000,ypos:0.000000,xspeed:-5.660000,yspeed:-0.330000,angle:-7.200000,distense:95.200000,rcs:13.000000
timestame:1619471067.956000000,objid:3,type:0,xpos:0.000000,ypos:0.000000,xspeed:-6.890000,yspeed:-0.200000,angle:-4.770000,distense:138.800000,rcs:12.000000
timestame:1619471067.956000000,objid:5,type:0,xpos:0.000000,ypos:0.000000,xspeed:-11.190000,yspeed:-0.800000,angle:-6.730000,distense:132.200000,rcs:9.000000
timestame:1619471067.956000000,objid:9,type:0,xpos:0.000000,ypos:0.000000,xspeed:-2.400000,yspeed:-0.170000,angle:-12.010000,distense:65.000000,rcs:21.000000
