timestame:1619469856.348000000,objid:0,type:0,xpos:0.000000,ypos:0.000000,xspeed:-2.840000,yspeed:1.830000,angle:-5.350000,distense:43.800000,rcs:43.000000
timestame:1619469856.348000000,objid:3,type:0,xpos:0.000000,ypos:0.000000,xspeed:-1.030000,yspeed:-2.770000,angle:-13.170000,distense:43.200000,rcs:19.000000
timestame:1619469856.348000000,objid:5,type:0,xpos:0.000000,ypos:0.000000,xspeed:-1.630000,yspeed:-1.650000,angle:-7.420000,distense:60.600000,rcs:9.000000
timestame:1619469856.348000000,objid:10,type:0,xpos:0.000000,ypos:0.000000,xspeed:-10.750000,yspeed:-0.060000,angle:-5.180000,distense:126.200000,rcs:19.000000
