timestame:1619469775.205000000,objid:1,type:0,xpos:0.000000,ypos:0.000000,xspeed:3.140000,yspeed:3.680000,angle:-9.450000,distense:38.800000,rcs:20.000000
timestame:1619469775.205000000,objid:3,type:0,xpos:0.000000,ypos:0.000000,xspeed:3.470000,yspeed:0.860000,angle:20.510000,distense:20.600000,rcs:27.000000
timestame:1619469775.205000000,objid:4,type:0,xpos:0.000000,ypos:0.000000,xspeed:3.380000,yspeed:-2.600000,angle:20.350000,distense:26.800000,rcs:24.000000
timestame:1619469775.205000000,objid:10,type:0,xpos:0.000000,ypos:0.000000,xspeed:12.500000,yspeed:6.360000,angle:-15.500000,distense:48.000000,rcs:9.000000
