timestame:1619471096.025000000,objid:0,type:0,xpos:0.000000,ypos:0.000000,xspeed:-36.720000,yspeed:0.000000,angle:-10.380000,distense:71.800000,rcs:13.000000
timestame:1619471096.025000000,objid:2,type:0,xpos:0.000000,ypos:0.000000,xspeed:7.930000,yspeed:-0.100000,angle:1.390000,distense:87.600000,rcs:33.000000
