timestame:1619469880.045000000,objid:0,type:0,xpos:0.000000,ypos:0.000000,xspeed:-7.080000,yspeed:-4.610000,angle:-18.000000,distense:34.000000,rcs:24.000000
timestame:1619469880.045000000,objid:6,type:0,xpos:0.000000,ypos:0.000000,xspeed:-4.740000,yspeed:-2.480000,angle:-18.000000,distense:31.800000,rcs:16.000000
timestame:1619469880.045000000,objid:11,type:0,xpos:0.000000,ypos:0.000000,xspeed:-1.650000,yspeed:1.480000,angle:-2.150000,distense:52.600000,rcs:12.000000
timestame:1619469880.045000000,objid:15,type:0,xpos:0.000000,ypos:0.000000,xspeed:-1.420000,yspeed:-4.390000,angle:-10.170000,distense:40.400000,rcs:34.000000
