timestame:1619469822.789000000,objid:2,type:0,xpos:0.000000,ypos:0.000000,xspeed:-1.700000,yspeed:-4.740000,angle:-11.910000,distense:41.600000,rcs:29.000000
timestame:1619469822.789000000,objid:11,type:0,xpos:0.000000,ypos:0.000000,xspeed:-4.390000,yspeed:0.500000,angle:-5.770000,distense:135.800000,rcs:12.000000
