timestame:1619470167.237000000,objid:0,type:0,xpos:0.000000,ypos:0.000000,xspeed:5.510000,yspeed:0.170000,angle:2.110000,distense:38.200000,rcs:35.000000
timestame:1619470167.237000000,objid:3,type:0,xpos:0.000000,ypos:0.000000,xspeed:7.280000,yspeed:0.420000,angle:6.170000,distense:69.000000,rcs:33.000000
