timestame:1619470744.543000000,objid:0,type:0,xpos:0.000000,ypos:0.000000,xspeed:-4.140000,yspeed:-0.720000,angle:-8.400000,distense:85.200000,rcs:18.000000
timestame:1619470744.543000000,objid:1,type:0,xpos:0.000000,ypos:0.000000,xspeed:-2.020000,yspeed:3.220000,angle:13.880000,distense:44.000000,rcs:34.000000
timestame:1619470744.543000000,objid:5,type:0,xpos:0.000000,ypos:0.000000,xspeed:-1.190000,yspeed:8.660000,angle:-6.280000,distense:42.000000,rcs:9.000000
timestame:1619470744.543000000,objid:6,type:0,xpos:0.000000,ypos:0.000000,xspeed:12.530000,yspeed:0.340000,angle:1.260000,distense:193.800000,rcs:20.000000
