timestame:1619471365.384000000,objid:1,type:0,xpos:0.000000,ypos:0.000000,xspeed:6.440000,yspeed:-0.900000,angle:3.270000,distense:102.800000,rcs:18.000000
timestame:1619471365.384000000,objid:2,type:0,xpos:0.000000,ypos:0.000000,xspeed:7.500000,yspeed:-0.140000,angle:3.500000,distense:108.400000,rcs:12.000000
timestame:1619471365.384000000,objid:4,type:0,xpos:0.000000,ypos:0.000000,xspeed:6.710000,yspeed:0.150000,angle:4.610000,distense:100.200000,rcs:6.000000
timestame:1619471365.384000000,objid:7,type:0,xpos:0.000000,ypos:0.000000,xspeed:11.310000,yspeed:0.410000,angle:1.780000,distense:133.600000,rcs:9.000000
