timestame:1619471365.134000000,objid:1,type:0,xpos:0.000000,ypos:0.000000,xspeed:6.280000,yspeed:-1.000000,angle:3.390000,distense:101.000000,rcs:26.000000
timestame:1619471365.134000000,objid:2,type:0,xpos:0.000000,ypos:0.000000,xspeed:7.330000,yspeed:-0.220000,angle:3.500000,distense:106.400000,rcs:20.000000
timestame:1619471365.134000000,objid:4,type:0,xpos:0.000000,ypos:0.000000,xspeed:6.710000,yspeed:0.150000,angle:4.660000,distense:98.600000,rcs:6.000000
timestame:1619471365.134000000,objid:7,type:0,xpos:0.000000,ypos:0.000000,xspeed:11.200000,yspeed:0.340000,angle:1.700000,distense:130.800000,rcs:24.000000
