timestame:1619471061.692000000,objid:0,type:0,xpos:0.000000,ypos:0.000000,xspeed:-8.360000,yspeed:4.400000,angle:-4.270000,distense:133.000000,rcs:6.000000
timestame:1619471061.692000000,objid:8,type:0,xpos:0.000000,ypos:0.000000,xspeed:-1.190000,yspeed:3.010000,angle:-3.300000,distense:36.000000,rcs:22.000000
timestame:1619471061.692000000,objid:9,type:0,xpos:0.000000,ypos:0.000000,xspeed:-2.060000,yspeed:-0.130000,angle:-9.420000,distense:77.000000,rcs:9.000000
