timestame:1619471372.799000000,objid:1,type:0,xpos:0.000000,ypos:0.000000,xspeed:9.220000,yspeed:0.140000,angle:2.360000,distense:167.800000,rcs:19.000000
timestame:1619471372.799000000,objid:7,type:0,xpos:0.000000,ypos:0.000000,xspeed:10.110000,yspeed:0.210000,angle:1.500000,distense:214.200000,rcs:15.000000
