timestame:1619471445.590000000,objid:3,type:0,xpos:0.000000,ypos:0.000000,xspeed:-4.540000,yspeed:-0.740000,angle:-5.670000,distense:117.200000,rcs:13.000000
timestame:1619471445.590000000,objid:11,type:0,xpos:0.000000,ypos:0.000000,xspeed:-3.650000,yspeed:-0.110000,angle:-6.160000,distense:106.400000,rcs:15.000000
timestame:1619471445.590000000,objid:13,type:0,xpos:0.000000,ypos:0.000000,xspeed:-2.210000,yspeed:-0.140000,angle:13.390000,distense:57.000000,rcs:16.000000
