timestame:1619470227.093000000,objid:8,type:0,xpos:0.000000,ypos:0.000000,xspeed:-1.660000,yspeed:-2.530000,angle:-11.410000,distense:41.600000,rcs:6.000000
timestame:1619470227.093000000,objid:11,type:0,xpos:0.000000,ypos:0.000000,xspeed:-10.490000,yspeed:0.000000,angle:-3.360000,distense:193.800000,rcs:9.000000
