timestame:1619470989.543000000,objid:3,type:0,xpos:0.000000,ypos:0.000000,xspeed:5.190000,yspeed:-0.040000,angle:7.740000,distense:99.200000,rcs:9.000000
timestame:1619470989.543000000,objid:4,type:0,xpos:0.000000,ypos:0.000000,xspeed:-13.440000,yspeed:-0.550000,angle:-12.580000,distense:62.400000,rcs:13.000000
