timestame:1619470983.026000000,objid:0,type:0,xpos:0.000000,ypos:0.000000,xspeed:8.240000,yspeed:0.250000,angle:2.330000,distense:175.400000,rcs:24.000000
timestame:1619470983.026000000,objid:1,type:0,xpos:0.000000,ypos:0.000000,xspeed:-15.660000,yspeed:-0.240000,angle:-6.680000,distense:96.800000,rcs:22.000000
timestame:1619470983.026000000,objid:2,type:0,xpos:0.000000,ypos:0.000000,xspeed:-18.620000,yspeed:-12.040000,angle:-7.220000,distense:145.600000,rcs:6.000000
timestame:1619470983.026000000,objid:3,type:0,xpos:0.000000,ypos:0.000000,xspeed:3.530000,yspeed:-2.860000,angle:13.350000,distense:67.800000,rcs:9.000000
