timestame:1619469620.993000000,objid:1,type:0,xpos:0.000000,ypos:0.000000,xspeed:-2.610000,yspeed:0.090000,angle:-14.030000,distense:67.600000,rcs:20.000000
timestame:1619469620.993000000,objid:2,type:0,xpos:0.000000,ypos:0.000000,xspeed:-4.100000,yspeed:-0.120000,angle:-12.220000,distense:78.400000,rcs:22.000000
timestame:1619469620.993000000,objid:4,type:0,xpos:0.000000,ypos:0.000000,xspeed:-15.610000,yspeed:0.320000,angle:-6.180000,distense:96.800000,rcs:16.000000
timestame:1619469620.993000000,objid:5,type:0,xpos:0.000000,ypos:0.000000,xspeed:-7.700000,yspeed:0.060000,angle:-13.030000,distense:160.400000,rcs:6.000000
