timestame:1619470608.324000000,objid:0,type:0,xpos:0.000000,ypos:0.000000,xspeed:22.220000,yspeed:-1.180000,angle:19.250000,distense:22.800000,rcs:20.000000
timestame:1619470608.324000000,objid:2,type:0,xpos:0.000000,ypos:0.000000,xspeed:8.210000,yspeed:2.550000,angle:-17.610000,distense:21.400000,rcs:15.000000
