timestame:1619470048.240000000,objid:0,type:0,xpos:0.000000,ypos:0.000000,xspeed:6.750000,yspeed:0.280000,angle:4.380000,distense:92.800000,rcs:12.000000
timestame:1619470048.240000000,objid:3,type:0,xpos:0.000000,ypos:0.000000,xspeed:14.900000,yspeed:0.270000,angle:1.240000,distense:224.200000,rcs:9.000000
timestame:1619470048.240000000,objid:5,type:0,xpos:0.000000,ypos:0.000000,xspeed:6.780000,yspeed:0.030000,angle:4.420000,distense:83.200000,rcs:27.000000
