timestame:1619470703.684000000,objid:0,type:0,xpos:0.000000,ypos:0.000000,xspeed:4.010000,yspeed:2.740000,angle:-17.450000,distense:35.200000,rcs:12.000000
timestame:1619470703.684000000,objid:1,type:0,xpos:0.000000,ypos:0.000000,xspeed:10.790000,yspeed:-0.040000,angle:2.770000,distense:135.800000,rcs:15.000000
timestame:1619470703.684000000,objid:2,type:0,xpos:0.000000,ypos:0.000000,xspeed:-8.150000,yspeed:-0.360000,angle:-15.600000,distense:75.600000,rcs:9.000000
