timestame:1619470881.882000000,objid:3,type:0,xpos:0.000000,ypos:0.000000,xspeed:-1.460000,yspeed:-2.850000,angle:-18.000000,distense:34.600000,rcs:28.000000
timestame:1619470881.882000000,objid:11,type:0,xpos:0.000000,ypos:0.000000,xspeed:-4.010000,yspeed:-12.180000,angle:16.110000,distense:40.400000,rcs:25.000000
timestame:1619470881.882000000,objid:23,type:0,xpos:0.000000,ypos:0.000000,xspeed:-1.450000,yspeed:-1.160000,angle:-18.000000,distense:48.800000,rcs:12.000000
