timestame:1619469487.973000000,objid:1,type:0,xpos:0.000000,ypos:0.000000,xspeed:-3.850000,yspeed:-0.050000,angle:-15.590000,distense:61.400000,rcs:16.000000
timestame:1619469487.973000000,objid:5,type:0,xpos:0.000000,ypos:0.000000,xspeed:-1.170000,yspeed:-0.060000,angle:-10.210000,distense:87.400000,rcs:12.000000
timestame:1619469487.973000000,objid:9,type:0,xpos:0.000000,ypos:0.000000,xspeed:-5.020000,yspeed:-0.690000,angle:-11.970000,distense:66.800000,rcs:12.000000
timestame:1619469487.973000000,objid:11,type:0,xpos:0.000000,ypos:0.000000,xspeed:-1.260000,yspeed:-5.080000,angle:-14.450000,distense:76.000000,rcs:24.000000
