timestame:1619469559.596000000,objid:2,type:0,xpos:0.000000,ypos:0.000000,xspeed:-1.030000,yspeed:4.510000,angle:8.290000,distense:34.200000,rcs:9.000000
timestame:1619469559.596000000,objid:13,type:0,xpos:0.000000,ypos:0.000000,xspeed:1.900000,yspeed:-9.160000,angle:-18.000000,distense:60.800000,rcs:9.000000
timestame:1619469559.596000000,objid:14,type:0,xpos:0.000000,ypos:0.000000,xspeed:-2.910000,yspeed:9.860000,angle:-3.510000,distense:48.600000,rcs:6.000000
