timestame:1619469774.953000000,objid:1,type:0,xpos:0.000000,ypos:0.000000,xspeed:3.290000,yspeed:3.460000,angle:-10.580000,distense:37.600000,rcs:15.000000
timestame:1619469774.953000000,objid:3,type:0,xpos:0.000000,ypos:0.000000,xspeed:3.160000,yspeed:0.820000,angle:20.980000,distense:19.600000,rcs:28.000000
timestame:1619469774.953000000,objid:4,type:0,xpos:0.000000,ypos:0.000000,xspeed:5.980000,yspeed:-4.880000,angle:21.020000,distense:27.000000,rcs:29.000000
timestame:1619469774.953000000,objid:10,type:0,xpos:0.000000,ypos:0.000000,xspeed:12.500000,yspeed:6.360000,angle:-18.000000,distense:45.600000,rcs:9.000000
