timestame:1619470767.778000000,objid:0,type:0,xpos:0.000000,ypos:0.000000,xspeed:-11.860000,yspeed:-2.160000,angle:-4.850000,distense:179.400000,rcs:20.000000
timestame:1619470767.778000000,objid:1,type:0,xpos:0.000000,ypos:0.000000,xspeed:7.890000,yspeed:1.130000,angle:2.370000,distense:60.600000,rcs:27.000000
timestame:1619470767.778000000,objid:9,type:0,xpos:0.000000,ypos:0.000000,xspeed:7.350000,yspeed:0.230000,angle:2.360000,distense:58.000000,rcs:35.000000
