timestame:1619471211.785000000,objid:4,type:0,xpos:0.000000,ypos:0.000000,xspeed:-8.800000,yspeed:0.330000,angle:-18.000000,distense:41.800000,rcs:13.000000
timestame:1619471211.785000000,objid:5,type:0,xpos:0.000000,ypos:0.000000,xspeed:-6.640000,yspeed:-0.260000,angle:-18.000000,distense:40.000000,rcs:6.000000
timestame:1619471211.785000000,objid:6,type:0,xpos:0.000000,ypos:0.000000,xspeed:22.240000,yspeed:-4.500000,angle:17.130000,distense:24.600000,rcs:20.000000
