timestame:1619470052.588000000,objid:0,type:0,xpos:0.000000,ypos:0.000000,xspeed:7.610000,yspeed:-0.180000,angle:2.760000,distense:125.200000,rcs:12.000000
timestame:1619470052.588000000,objid:5,type:0,xpos:0.000000,ypos:0.000000,xspeed:7.720000,yspeed:0.030000,angle:3.370000,distense:115.800000,rcs:30.000000
