timestame:1619469921.102000000,objid:1,type:0,xpos:0.000000,ypos:0.000000,xspeed:5.830000,yspeed:0.080000,angle:1.300000,distense:136.000000,rcs:13.000000
timestame:1619469921.102000000,objid:8,type:0,xpos:0.000000,ypos:0.000000,xspeed:5.820000,yspeed:0.090000,angle:1.480000,distense:129.400000,rcs:26.000000
