timestame:1619469536.385000000,objid:4,type:0,xpos:0.000000,ypos:0.000000,xspeed:16.570000,yspeed:0.340000,angle:1.880000,distense:102.200000,rcs:16.000000
timestame:1619469536.385000000,objid:7,type:0,xpos:0.000000,ypos:0.000000,xspeed:16.240000,yspeed:0.400000,angle:1.660000,distense:109.200000,rcs:20.000000
