timestame:1619470595.905000000,objid:1,type:0,xpos:0.000000,ypos:0.000000,xspeed:6.500000,yspeed:1.560000,angle:-17.840000,distense:31.400000,rcs:22.000000
timestame:1619470595.905000000,objid:5,type:0,xpos:0.000000,ypos:0.000000,xspeed:5.760000,yspeed:3.340000,angle:-14.750000,distense:42.400000,rcs:20.000000
