timestame:1619470739.778000000,objid:0,type:0,xpos:0.000000,ypos:0.000000,xspeed:-15.590000,yspeed:-0.200000,angle:-5.670000,distense:119.600000,rcs:12.000000
timestame:1619470739.778000000,objid:1,type:0,xpos:0.000000,ypos:0.000000,xspeed:11.870000,yspeed:-0.060000,angle:0.950000,distense:143.800000,rcs:6.000000
timestame:1619470739.778000000,objid:4,type:0,xpos:0.000000,ypos:0.000000,xspeed:-4.440000,yspeed:8.070000,angle:-18.000000,distense:43.000000,rcs:20.000000
timestame:1619470739.778000000,objid:6,type:0,xpos:0.000000,ypos:0.000000,xspeed:12.240000,yspeed:0.080000,angle:1.290000,distense:134.200000,rcs:28.000000
