timestame:1619470020.018000000,objid:5,type:0,xpos:0.000000,ypos:0.000000,xspeed:3.040000,yspeed:-2.570000,angle:-14.400000,distense:52.400000,rcs:9.000000
timestame:1619470020.018000000,objid:11,type:0,xpos:0.000000,ypos:0.000000,xspeed:-1.420000,yspeed:-2.740000,angle:-18.000000,distense:36.600000,rcs:27.000000
timestame:1619470020.018000000,objid:13,type:0,xpos:0.000000,ypos:0.000000,xspeed:-1.990000,yspeed:5.860000,angle:-9.040000,distense:43.600000,rcs:9.000000
timestame:1619470020.018000000,objid:15,type:0,xpos:0.000000,ypos:0.000000,xspeed:-2.040000,yspeed:-2.330000,angle:-18.000000,distense:34.400000,rcs:22.000000
