timestame:1619470031.346000000,objid:1,type:0,xpos:0.000000,ypos:0.000000,xspeed:6.230000,yspeed:0.370000,angle:2.550000,distense:42.400000,rcs:28.000000
timestame:1619470031.346000000,objid:4,type:0,xpos:0.000000,ypos:0.000000,xspeed:10.980000,yspeed:0.120000,angle:1.990000,distense:70.800000,rcs:27.000000
timestame:1619470031.346000000,objid:7,type:0,xpos:0.000000,ypos:0.000000,xspeed:1.510000,yspeed:-1.860000,angle:6.840000,distense:21.000000,rcs:26.000000
