timestame:1619470664.676000000,objid:0,type:0,xpos:0.000000,ypos:0.000000,xspeed:-1.290000,yspeed:0.100000,angle:-9.710000,distense:93.600000,rcs:15.000000
timestame:1619470664.676000000,objid:1,type:0,xpos:0.000000,ypos:0.000000,xspeed:3.150000,yspeed:-4.440000,angle:-18.000000,distense:55.000000,rcs:9.000000
timestame:1619470664.676000000,objid:3,type:0,xpos:0.000000,ypos:0.000000,xspeed:-1.720000,yspeed:0.070000,angle:-7.880000,distense:104.600000,rcs:9.000000
