timestame:1619471401.345000000,objid:0,type:0,xpos:0.000000,ypos:0.000000,xspeed:-1.900000,yspeed:4.420000,angle:-18.000000,distense:46.800000,rcs:9.000000
timestame:1619471401.345000000,objid:2,type:0,xpos:0.000000,ypos:0.000000,xspeed:-2.730000,yspeed:6.120000,angle:-15.160000,distense:45.000000,rcs:18.000000
