timestame:1619471141.022000000,objid:0,type:0,xpos:0.000000,ypos:0.000000,xspeed:-3.180000,yspeed:-1.170000,angle:-18.000000,distense:33.200000,rcs:27.000000
timestame:1619471141.022000000,objid:1,type:0,xpos:0.000000,ypos:0.000000,xspeed:-1.020000,yspeed:-2.490000,angle:-18.000000,distense:37.000000,rcs:31.000000
timestame:1619471141.022000000,objid:3,type:0,xpos:0.000000,ypos:0.000000,xspeed:-2.950000,yspeed:-2.870000,angle:-18.000000,distense:32.600000,rcs:27.000000
timestame:1619471141.022000000,objid:7,type:0,xpos:0.000000,ypos:0.000000,xspeed:-4.770000,yspeed:-4.600000,angle:-18.000000,distense:33.800000,rcs:30.000000
