timestame:1619471056.720000000,objid:10,type:0,xpos:0.000000,ypos:0.000000,xspeed:-2.770000,yspeed:-2.470000,angle:-18.000000,distense:32.000000,rcs:15.000000
timestame:1619471056.720000000,objid:13,type:0,xpos:0.000000,ypos:0.000000,xspeed:1.380000,yspeed:-7.960000,angle:-9.510000,distense:63.000000,rcs:9.000000
timestame:1619471056.720000000,objid:14,type:0,xpos:0.000000,ypos:0.000000,xspeed:-1.900000,yspeed:-2.870000,angle:-18.000000,distense:35.200000,rcs:16.000000
