timestame:1619470223.119000000,objid:6,type:0,xpos:0.000000,ypos:0.000000,xspeed:22.980000,yspeed:11.970000,angle:17.580000,distense:62.800000,rcs:15.000000
timestame:1619470223.119000000,objid:8,type:0,xpos:0.000000,ypos:0.000000,xspeed:-2.060000,yspeed:7.750000,angle:-7.060000,distense:41.000000,rcs:6.000000
timestame:1619470223.119000000,objid:11,type:0,xpos:0.000000,ypos:0.000000,xspeed:-2.110000,yspeed:7.080000,angle:-3.940000,distense:40.200000,rcs:12.000000
