timestame:1619471002.593000000,objid:1,type:0,xpos:0.000000,ypos:0.000000,xspeed:-13.460000,yspeed:-0.520000,angle:-5.370000,distense:148.200000,rcs:18.000000
timestame:1619471002.593000000,objid:3,type:0,xpos:0.000000,ypos:0.000000,xspeed:1.710000,yspeed:-2.070000,angle:-14.000000,distense:47.000000,rcs:20.000000
timestame:1619471002.593000000,objid:4,type:0,xpos:0.000000,ypos:0.000000,xspeed:2.030000,yspeed:0.110000,angle:-0.430000,distense:16.400000,rcs:16.000000
