timestame:1619471140.525000000,objid:0,type:0,xpos:0.000000,ypos:0.000000,xspeed:-4.710000,yspeed:-2.260000,angle:-18.000000,distense:33.800000,rcs:29.000000
timestame:1619471140.525000000,objid:3,type:0,xpos:0.000000,ypos:0.000000,xspeed:-3.080000,yspeed:-3.000000,angle:-18.000000,distense:32.800000,rcs:9.000000
timestame:1619471140.525000000,objid:4,type:0,xpos:0.000000,ypos:0.000000,xspeed:-4.380000,yspeed:0.000000,angle:-18.000000,distense:54.600000,rcs:9.000000
timestame:1619471140.525000000,objid:7,type:0,xpos:0.000000,ypos:0.000000,xspeed:-4.940000,yspeed:-5.280000,angle:-14.420000,distense:35.400000,rcs:33.000000
