timestame:1619470871.643000000,objid:1,type:0,xpos:0.000000,ypos:0.000000,xspeed:-10.700000,yspeed:1.290000,angle:-3.480000,distense:141.800000,rcs:9.000000
timestame:1619470871.643000000,objid:3,type:0,xpos:0.000000,ypos:0.000000,xspeed:3.550000,yspeed:-10.020000,angle:-9.180000,distense:51.600000,rcs:9.000000
timestame:1619470871.643000000,objid:4,type:0,xpos:0.000000,ypos:0.000000,xspeed:4.260000,yspeed:0.090000,angle:1.570000,distense:14.400000,rcs:33.000000
