timestame:1619470566.480000000,objid:0,type:0,xpos:0.000000,ypos:0.000000,xspeed:6.290000,yspeed:2.160000,angle:20.280000,distense:35.800000,rcs:19.000000
timestame:1619470566.480000000,objid:2,type:0,xpos:0.000000,ypos:0.000000,xspeed:-5.950000,yspeed:1.300000,angle:-7.370000,distense:16.600000,rcs:6.000000
timestame:1619470566.480000000,objid:3,type:0,xpos:0.000000,ypos:0.000000,xspeed:13.500000,yspeed:0.100000,angle:1.260000,distense:141.200000,rcs:22.000000
timestame:1619470566.480000000,objid:8,type:0,xpos:0.000000,ypos:0.000000,xspeed:4.950000,yspeed:0.000000,angle:-13.880000,distense:36.000000,rcs:12.000000
