timestame:1619469919.614000000,objid:1,type:0,xpos:0.000000,ypos:0.000000,xspeed:5.670000,yspeed:-0.110000,angle:1.230000,distense:127.200000,rcs:13.000000
timestame:1619469919.614000000,objid:8,type:0,xpos:0.000000,ypos:0.000000,xspeed:5.790000,yspeed:0.130000,angle:1.560000,distense:120.600000,rcs:25.000000
