timestame:1619471453.661000000,objid:3,type:0,xpos:0.000000,ypos:0.000000,xspeed:-1.460000,yspeed:-0.150000,angle:-6.840000,distense:99.400000,rcs:6.000000
timestame:1619471453.661000000,objid:11,type:0,xpos:0.000000,ypos:0.000000,xspeed:-1.080000,yspeed:0.040000,angle:-7.620000,distense:92.200000,rcs:9.000000
timestame:1619471453.661000000,objid:13,type:0,xpos:0.000000,ypos:0.000000,xspeed:-3.900000,yspeed:-0.500000,angle:-14.880000,distense:28.000000,rcs:12.000000
