timestame:1619470747.782000000,objid:4,type:0,xpos:0.000000,ypos:0.000000,xspeed:-8.220000,yspeed:5.560000,angle:-18.000000,distense:40.400000,rcs:9.000000
timestame:1619470747.782000000,objid:5,type:0,xpos:0.000000,ypos:0.000000,xspeed:-20.400000,yspeed:0.000000,angle:-3.420000,distense:47.800000,rcs:12.000000
