timestame:1619471165.287000000,objid:0,type:0,xpos:0.000000,ypos:0.000000,xspeed:-10.330000,yspeed:1.400000,angle:-3.180000,distense:154.600000,rcs:13.000000
timestame:1619471165.287000000,objid:2,type:0,xpos:0.000000,ypos:0.000000,xspeed:-9.860000,yspeed:5.240000,angle:-3.370000,distense:158.200000,rcs:13.000000
timestame:1619471165.287000000,objid:3,type:0,xpos:0.000000,ypos:0.000000,xspeed:2.360000,yspeed:5.350000,angle:-4.030000,distense:47.400000,rcs:6.000000
