timestame:1619469784.223000000,objid:2,type:0,xpos:0.000000,ypos:0.000000,xspeed:16.890000,yspeed:-0.100000,angle:0.980000,distense:164.800000,rcs:9.000000
timestame:1619469784.223000000,objid:4,type:0,xpos:0.000000,ypos:0.000000,xspeed:-17.640000,yspeed:-0.400000,angle:-6.650000,distense:129.400000,rcs:13.000000
timestame:1619469784.223000000,objid:5,type:0,xpos:0.000000,ypos:0.000000,xspeed:1.600000,yspeed:3.520000,angle:-2.070000,distense:47.200000,rcs:6.000000
timestame:1619469784.223000000,objid:10,type:0,xpos:0.000000,ypos:0.000000,xspeed:16.690000,yspeed:0.280000,angle:1.320000,distense:152.000000,rcs:30.000000
