timestame:1619469697.090000000,objid:1,type:0,xpos:0.000000,ypos:0.000000,xspeed:1.450000,yspeed:0.000000,angle:20.970000,distense:46.000000,rcs:35.000000
timestame:1619469697.090000000,objid:2,type:0,xpos:0.000000,ypos:0.000000,xspeed:-1.190000,yspeed:-1.740000,angle:-14.030000,distense:44.400000,rcs:23.000000
timestame:1619469697.090000000,objid:3,type:0,xpos:0.000000,ypos:0.000000,xspeed:-1.160000,yspeed:-2.430000,angle:-1.880000,distense:45.000000,rcs:9.000000
timestame:1619469697.090000000,objid:10,type:0,xpos:0.000000,ypos:0.000000,xspeed:-2.390000,yspeed:7.710000,angle:-11.990000,distense:42.600000,rcs:6.000000
