timestame:1619470795.099000000,objid:3,type:0,xpos:0.000000,ypos:0.000000,xspeed:2.540000,yspeed:2.880000,angle:11.800000,distense:45.000000,rcs:23.000000
timestame:1619470795.099000000,objid:4,type:0,xpos:0.000000,ypos:0.000000,xspeed:1.800000,yspeed:-8.170000,angle:-15.420000,distense:56.200000,rcs:6.000000
timestame:1619470795.099000000,objid:5,type:0,xpos:0.000000,ypos:0.000000,xspeed:3.290000,yspeed:-8.550000,angle:-18.000000,distense:58.600000,rcs:15.000000
