timestame:1619470331.533000000,objid:0,type:0,xpos:0.000000,ypos:0.000000,xspeed:16.490000,yspeed:-0.320000,angle:0.280000,distense:203.800000,rcs:21.000000
timestame:1619470331.533000000,objid:2,type:0,xpos:0.000000,ypos:0.000000,xspeed:9.990000,yspeed:0.410000,angle:1.210000,distense:217.800000,rcs:6.000000
timestame:1619470331.533000000,objid:4,type:0,xpos:0.000000,ypos:0.000000,xspeed:-1.220000,yspeed:0.890000,angle:15.580000,distense:66.200000,rcs:9.000000
