timestame:1619470535.783000000,objid:0,type:0,xpos:0.000000,ypos:0.000000,xspeed:5.510000,yspeed:1.680000,angle:17.690000,distense:31.800000,rcs:37.000000
timestame:1619470535.783000000,objid:4,type:0,xpos:0.000000,ypos:0.000000,xspeed:1.400000,yspeed:-0.570000,angle:18.480000,distense:24.600000,rcs:31.000000
