timestame:1619471401.534000000,objid:0,type:0,xpos:0.000000,ypos:0.000000,xspeed:-1.880000,yspeed:4.520000,angle:-18.000000,distense:46.200000,rcs:16.000000
timestame:1619471401.534000000,objid:2,type:0,xpos:0.000000,ypos:0.000000,xspeed:-1.040000,yspeed:3.650000,angle:-14.590000,distense:45.200000,rcs:20.000000
