timestame:1619470939.739000000,objid:1,type:0,xpos:0.000000,ypos:0.000000,xspeed:-2.550000,yspeed:0.970000,angle:-12.880000,distense:69.800000,rcs:21.000000
timestame:1619470939.739000000,objid:10,type:0,xpos:0.000000,ypos:0.000000,xspeed:-3.670000,yspeed:0.120000,angle:-10.470000,distense:70.600000,rcs:19.000000
