timestame:1619471222.701000000,objid:0,type:0,xpos:0.000000,ypos:0.000000,xspeed:1.760000,yspeed:0.390000,angle:1.780000,distense:57.200000,rcs:6.000000
timestame:1619471222.701000000,objid:1,type:0,xpos:0.000000,ypos:0.000000,xspeed:5.570000,yspeed:-9.170000,angle:-7.500000,distense:24.400000,rcs:16.000000
timestame:1619471222.701000000,objid:6,type:0,xpos:0.000000,ypos:0.000000,xspeed:4.210000,yspeed:0.250000,angle:2.350000,distense:61.600000,rcs:9.000000
timestame:1619471222.701000000,objid:9,type:0,xpos:0.000000,ypos:0.000000,xspeed:4.230000,yspeed:0.320000,angle:2.980000,distense:42.800000,rcs:46.000000
