timestame:1619470465.183000000,objid:0,type:0,xpos:0.000000,ypos:0.000000,xspeed:-13.460000,yspeed:-0.660000,angle:-18.000000,distense:37.800000,rcs:24.000000
timestame:1619470465.183000000,objid:2,type:0,xpos:0.000000,ypos:0.000000,xspeed:5.820000,yspeed:0.160000,angle:3.070000,distense:205.800000,rcs:12.000000
