timestame:1619470778.084000000,objid:1,type:0,xpos:0.000000,ypos:0.000000,xspeed:-7.110000,yspeed:-0.530000,angle:-10.520000,distense:91.200000,rcs:23.000000
timestame:1619470778.084000000,objid:2,type:0,xpos:0.000000,ypos:0.000000,xspeed:24.150000,yspeed:2.120000,angle:-15.500000,distense:66.600000,rcs:9.000000
timestame:1619470778.084000000,objid:3,type:0,xpos:0.000000,ypos:0.000000,xspeed:1.500000,yspeed:-1.720000,angle:-13.290000,distense:49.000000,rcs:9.000000
timestame:1619470778.084000000,objid:4,type:0,xpos:0.000000,ypos:0.000000,xspeed:-1.560000,yspeed:-0.110000,angle:-2.400000,distense:49.400000,rcs:13.000000
