timestame:1619469914.659000000,objid:1,type:0,xpos:0.000000,ypos:0.000000,xspeed:5.090000,yspeed:-0.030000,angle:1.530000,distense:98.400000,rcs:26.000000
timestame:1619469914.659000000,objid:2,type:0,xpos:0.000000,ypos:0.000000,xspeed:12.840000,yspeed:0.320000,angle:2.530000,distense:188.800000,rcs:22.000000
timestame:1619469914.659000000,objid:8,type:0,xpos:0.000000,ypos:0.000000,xspeed:5.090000,yspeed:-0.100000,angle:1.650000,distense:91.600000,rcs:30.000000
