timestame:1619470377.132000000,objid:1,type:0,xpos:0.000000,ypos:0.000000,xspeed:-2.280000,yspeed:-2.250000,angle:-18.000000,distense:34.600000,rcs:12.000000
timestame:1619470377.132000000,objid:5,type:0,xpos:0.000000,ypos:0.000000,xspeed:-2.840000,yspeed:-2.490000,angle:-18.000000,distense:35.800000,rcs:27.000000
timestame:1619470377.132000000,objid:8,type:0,xpos:0.000000,ypos:0.000000,xspeed:1.280000,yspeed:-5.800000,angle:-8.440000,distense:66.400000,rcs:20.000000
timestame:1619470377.132000000,objid:18,type:0,xpos:0.000000,ypos:0.000000,xspeed:-5.230000,yspeed:-0.360000,angle:-8.910000,distense:81.200000,rcs:13.000000
