timestame:1619471449.567000000,objid:3,type:0,xpos:0.000000,ypos:0.000000,xspeed:-3.070000,yspeed:-0.020000,angle:-5.990000,distense:105.600000,rcs:16.000000
timestame:1619471449.567000000,objid:11,type:0,xpos:0.000000,ypos:0.000000,xspeed:-2.600000,yspeed:-0.360000,angle:-8.360000,distense:96.400000,rcs:9.000000
timestame:1619471449.567000000,objid:13,type:0,xpos:0.000000,ypos:0.000000,xspeed:-3.490000,yspeed:0.070000,angle:18.100000,distense:43.800000,rcs:19.000000
