timestame:1619470071.027000000,objid:3,type:0,xpos:0.000000,ypos:0.000000,xspeed:-1.760000,yspeed:2.730000,angle:11.280000,distense:49.200000,rcs:36.000000
timestame:1619470071.027000000,objid:4,type:0,xpos:0.000000,ypos:0.000000,xspeed:-1.780000,yspeed:3.010000,angle:15.710000,distense:44.400000,rcs:22.000000
timestame:1619470071.027000000,objid:8,type:0,xpos:0.000000,ypos:0.000000,xspeed:2.970000,yspeed:2.010000,angle:-15.020000,distense:34.800000,rcs:33.000000
