timestame:1619469562.869000000,objid:4,type:0,xpos:0.000000,ypos:0.000000,xspeed:6.840000,yspeed:-9.910000,angle:21.620000,distense:46.400000,rcs:22.000000
timestame:1619469562.869000000,objid:14,type:0,xpos:0.000000,ypos:0.000000,xspeed:32.090000,yspeed:-15.090000,angle:18.110000,distense:62.400000,rcs:6.000000
