timestame:1619470074.385000000,objid:4,type:0,xpos:0.000000,ypos:0.000000,xspeed:-1.240000,yspeed:1.990000,angle:-15.230000,distense:42.800000,rcs:12.000000
timestame:1619470074.385000000,objid:8,type:0,xpos:0.000000,ypos:0.000000,xspeed:1.320000,yspeed:3.130000,angle:-4.840000,distense:43.800000,rcs:6.000000
