timestame:1619470859.457000000,objid:0,type:0,xpos:0.000000,ypos:0.000000,xspeed:5.970000,yspeed:3.730000,angle:-16.400000,distense:39.400000,rcs:6.000000
timestame:1619470859.457000000,objid:1,type:0,xpos:0.000000,ypos:0.000000,xspeed:3.320000,yspeed:-0.080000,angle:-13.440000,distense:39.600000,rcs:9.000000
