timestame:1619470690.234000000,objid:0,type:0,xpos:0.000000,ypos:0.000000,xspeed:-4.990000,yspeed:-0.170000,angle:-18.000000,distense:28.800000,rcs:6.000000
timestame:1619470690.234000000,objid:1,type:0,xpos:0.000000,ypos:0.000000,xspeed:2.250000,yspeed:0.100000,angle:8.700000,distense:28.400000,rcs:29.000000
timestame:1619470690.234000000,objid:2,type:0,xpos:0.000000,ypos:0.000000,xspeed:-5.250000,yspeed:0.000000,angle:-18.000000,distense:40.400000,rcs:13.000000
timestame:1619470690.234000000,objid:3,type:0,xpos:0.000000,ypos:0.000000,xspeed:17.500000,yspeed:0.470000,angle:-18.000000,distense:51.400000,rcs:21.000000
