timestame:1619471098.005000000,objid:2,type:0,xpos:0.000000,ypos:0.000000,xspeed:8.960000,yspeed:0.050000,angle:1.250000,distense:106.200000,rcs:27.000000
timestame:1619471098.005000000,objid:3,type:0,xpos:0.000000,ypos:0.000000,xspeed:-17.610000,yspeed:-1.050000,angle:-16.590000,distense:47.800000,rcs:29.000000
