timestame:1619470458.359000000,objid:0,type:0,xpos:0.000000,ypos:0.000000,xspeed:-19.590000,yspeed:5.710000,angle:-4.420000,distense:135.400000,rcs:13.000000
timestame:1619470458.359000000,objid:2,type:0,xpos:0.000000,ypos:0.000000,xspeed:5.690000,yspeed:-0.110000,angle:3.540000,distense:165.400000,rcs:16.000000
