timestame:1619470504.954000000,objid:1,type:0,xpos:0.000000,ypos:0.000000,xspeed:1.750000,yspeed:-0.360000,angle:-7.370000,distense:41.400000,rcs:24.000000
timestame:1619470504.954000000,objid:3,type:0,xpos:0.000000,ypos:0.000000,xspeed:-1.650000,yspeed:-2.070000,angle:-18.000000,distense:36.600000,rcs:22.000000
timestame:1619470504.954000000,objid:6,type:0,xpos:0.000000,ypos:0.000000,xspeed:-2.240000,yspeed:-0.660000,angle:-18.000000,distense:28.200000,rcs:6.000000
timestame:1619470504.954000000,objid:7,type:0,xpos:0.000000,ypos:0.000000,xspeed:-1.030000,yspeed:0.380000,angle:-8.350000,distense:47.600000,rcs:12.000000
