timestame:1619470488.285000000,objid:4,type:0,xpos:0.000000,ypos:0.000000,xspeed:-1.760000,yspeed:-4.150000,angle:-18.000000,distense:38.600000,rcs:6.000000
timestame:1619470488.285000000,objid:5,type:0,xpos:0.000000,ypos:0.000000,xspeed:-3.970000,yspeed:-2.970000,angle:-18.000000,distense:32.000000,rcs:9.000000
timestame:1619470488.285000000,objid:6,type:0,xpos:0.000000,ypos:0.000000,xspeed:-2.010000,yspeed:-3.790000,angle:-18.000000,distense:37.200000,rcs:27.000000
