timestame:1619469828.809000000,objid:7,type:0,xpos:0.000000,ypos:0.000000,xspeed:-3.190000,yspeed:-1.030000,angle:-18.000000,distense:30.000000,rcs:15.000000
timestame:1619469828.809000000,objid:11,type:0,xpos:0.000000,ypos:0.000000,xspeed:-2.820000,yspeed:-0.230000,angle:-7.410000,distense:118.600000,rcs:13.000000
timestame:1619469828.809000000,objid:13,type:0,xpos:0.000000,ypos:0.000000,xspeed:3.810000,yspeed:-0.770000,angle:-5.210000,distense:125.600000,rcs:6.000000
timestame:1619469828.809000000,objid:14,type:0,xpos:0.000000,ypos:0.000000,xspeed:-2.460000,yspeed:-1.620000,angle:-18.000000,distense:33.400000,rcs:29.000000
