timestame:1619470113.354000000,objid:3,type:0,xpos:0.000000,ypos:0.000000,xspeed:22.560000,yspeed:6.980000,angle:19.890000,distense:52.200000,rcs:9.000000
timestame:1619470113.354000000,objid:7,type:0,xpos:0.000000,ypos:0.000000,xspeed:5.740000,yspeed:1.670000,angle:22.120000,distense:35.200000,rcs:37.000000
