timestame:1619469787.454000000,objid:1,type:0,xpos:0.000000,ypos:0.000000,xspeed:-15.920000,yspeed:0.170000,angle:-9.870000,distense:85.400000,rcs:16.000000
timestame:1619469787.454000000,objid:2,type:0,xpos:0.000000,ypos:0.000000,xspeed:16.920000,yspeed:0.290000,angle:1.070000,distense:219.400000,rcs:12.000000
timestame:1619469787.454000000,objid:4,type:0,xpos:0.000000,ypos:0.000000,xspeed:-16.930000,yspeed:-0.440000,angle:-12.260000,distense:75.600000,rcs:16.000000
timestame:1619469787.454000000,objid:10,type:0,xpos:0.000000,ypos:0.000000,xspeed:17.080000,yspeed:0.240000,angle:1.140000,distense:207.400000,rcs:33.000000
