timestame:1619469486.120000000,objid:1,type:0,xpos:0.000000,ypos:0.000000,xspeed:-3.220000,yspeed:-0.920000,angle:-14.150000,distense:69.000000,rcs:22.000000
timestame:1619469486.120000000,objid:3,type:0,xpos:0.000000,ypos:0.000000,xspeed:1.640000,yspeed:0.090000,angle:10.940000,distense:19.200000,rcs:35.000000
timestame:1619469486.120000000,objid:7,type:0,xpos:0.000000,ypos:0.000000,xspeed:-2.720000,yspeed:-0.060000,angle:-11.280000,distense:82.800000,rcs:18.000000
