timestame:1619471004.257000000,objid:1,type:0,xpos:0.000000,ypos:0.000000,xspeed:-13.180000,yspeed:-0.730000,angle:-6.880000,distense:127.400000,rcs:15.000000
timestame:1619471004.257000000,objid:4,type:0,xpos:0.000000,ypos:0.000000,xspeed:1.270000,yspeed:0.260000,angle:1.000000,distense:17.800000,rcs:12.000000
