timestame:1619470985.882000000,objid:0,type:0,xpos:0.000000,ypos:0.000000,xspeed:8.820000,yspeed:0.240000,angle:2.230000,distense:200.800000,rcs:32.000000
timestame:1619470985.882000000,objid:1,type:0,xpos:0.000000,ypos:0.000000,xspeed:-15.600000,yspeed:-0.550000,angle:-13.650000,distense:54.200000,rcs:26.000000
timestame:1619470985.882000000,objid:3,type:0,xpos:0.000000,ypos:0.000000,xspeed:4.450000,yspeed:-1.310000,angle:8.900000,distense:80.000000,rcs:13.000000
timestame:1619470985.882000000,objid:4,type:0,xpos:0.000000,ypos:0.000000,xspeed:-13.490000,yspeed:-1.950000,angle:-6.480000,distense:110.800000,rcs:15.000000
