timestame:1619470885.871000000,objid:0,type:0,xpos:0.000000,ypos:0.000000,xspeed:-1.870000,yspeed:9.100000,angle:-15.660000,distense:38.800000,rcs:6.000000
timestame:1619470885.871000000,objid:3,type:0,xpos:0.000000,ypos:0.000000,xspeed:-2.230000,yspeed:-3.180000,angle:-18.000000,distense:34.600000,rcs:41.000000
timestame:1619470885.871000000,objid:6,type:0,xpos:0.000000,ypos:0.000000,xspeed:5.690000,yspeed:7.960000,angle:-10.960000,distense:44.000000,rcs:6.000000
timestame:1619470885.871000000,objid:12,type:0,xpos:0.000000,ypos:0.000000,xspeed:-5.490000,yspeed:-6.030000,angle:-18.000000,distense:63.000000,rcs:12.000000
