timestame:1619470744.734000000,objid:0,type:0,xpos:0.000000,ypos:0.000000,xspeed:-3.460000,yspeed:-0.740000,angle:-8.510000,distense:85.000000,rcs:15.000000
timestame:1619470744.734000000,objid:1,type:0,xpos:0.000000,ypos:0.000000,xspeed:-1.470000,yspeed:1.110000,angle:13.550000,distense:43.800000,rcs:12.000000
timestame:1619470744.734000000,objid:6,type:0,xpos:0.000000,ypos:0.000000,xspeed:12.570000,yspeed:0.350000,angle:1.270000,distense:196.000000,rcs:27.000000
