timestame:1619470106.160000000,objid:1,type:0,xpos:0.000000,ypos:0.000000,xspeed:6.660000,yspeed:0.650000,angle:19.600000,distense:32.000000,rcs:6.000000
timestame:1619470106.160000000,objid:3,type:0,xpos:0.000000,ypos:0.000000,xspeed:7.230000,yspeed:4.350000,angle:22.810000,distense:41.000000,rcs:18.000000
timestame:1619470106.160000000,objid:6,type:0,xpos:0.000000,ypos:0.000000,xspeed:26.280000,yspeed:7.540000,angle:22.330000,distense:27.000000,rcs:13.000000
timestame:1619470106.160000000,objid:9,type:0,xpos:0.000000,ypos:0.000000,xspeed:4.070000,yspeed:2.360000,angle:-15.880000,distense:29.400000,rcs:29.000000
