timestame:1619470457.927000000,objid:0,type:0,xpos:0.000000,ypos:0.000000,xspeed:-19.820000,yspeed:0.000000,angle:-5.020000,distense:145.000000,rcs:9.000000
timestame:1619470457.927000000,objid:2,type:0,xpos:0.000000,ypos:0.000000,xspeed:5.580000,yspeed:-0.090000,angle:3.640000,distense:162.400000,rcs:18.000000
