timestame:1619469878.129000000,objid:3,type:0,xpos:0.000000,ypos:0.000000,xspeed:-4.580000,yspeed:-0.440000,angle:-18.000000,distense:29.800000,rcs:13.000000
timestame:1619469878.129000000,objid:10,type:0,xpos:0.000000,ypos:0.000000,xspeed:5.290000,yspeed:-3.930000,angle:-2.970000,distense:43.200000,rcs:34.000000
timestame:1619469878.129000000,objid:11,type:0,xpos:0.000000,ypos:0.000000,xspeed:-5.500000,yspeed:-4.220000,angle:-11.850000,distense:71.000000,rcs:9.000000
