timestame:1619470105.174000000,objid:1,type:0,xpos:0.000000,ypos:0.000000,xspeed:7.630000,yspeed:2.470000,angle:-17.060000,distense:25.800000,rcs:35.000000
timestame:1619470105.174000000,objid:6,type:0,xpos:0.000000,ypos:0.000000,xspeed:-2.640000,yspeed:-0.140000,angle:16.580000,distense:24.600000,rcs:9.000000
timestame:1619470105.174000000,objid:9,type:0,xpos:0.000000,ypos:0.000000,xspeed:3.810000,yspeed:1.910000,angle:-17.590000,distense:24.200000,rcs:32.000000
timestame:1619470105.174000000,objid:11,type:0,xpos:0.000000,ypos:0.000000,xspeed:1.910000,yspeed:0.560000,angle:13.960000,distense:21.600000,rcs:6.000000
