timestame:1619470019.895000000,objid:11,type:0,xpos:0.000000,ypos:0.000000,xspeed:-1.380000,yspeed:-2.790000,angle:-18.000000,distense:36.600000,rcs:21.000000
timestame:1619470019.895000000,objid:13,type:0,xpos:0.000000,ypos:0.000000,xspeed:-1.990000,yspeed:5.860000,angle:-9.990000,distense:43.400000,rcs:9.000000
timestame:1619470019.895000000,objid:15,type:0,xpos:0.000000,ypos:0.000000,xspeed:-2.010000,yspeed:-2.470000,angle:-18.000000,distense:34.600000,rcs:21.000000
