timestame:1619471254.552000000,objid:1,type:0,xpos:0.000000,ypos:0.000000,xspeed:3.970000,yspeed:2.750000,angle:5.930000,distense:88.200000,rcs:6.000000
timestame:1619471254.552000000,objid:3,type:0,xpos:0.000000,ypos:0.000000,xspeed:-16.040000,yspeed:-0.380000,angle:-7.910000,distense:108.400000,rcs:19.000000
