timestame:1619470978.093000000,objid:0,type:0,xpos:0.000000,ypos:0.000000,xspeed:7.040000,yspeed:-0.280000,angle:2.470000,distense:135.200000,rcs:19.000000
timestame:1619470978.093000000,objid:2,type:0,xpos:0.000000,ypos:0.000000,xspeed:-17.090000,yspeed:-1.550000,angle:-3.710000,distense:171.400000,rcs:15.000000
timestame:1619470978.093000000,objid:3,type:0,xpos:0.000000,ypos:0.000000,xspeed:7.050000,yspeed:0.110000,angle:2.280000,distense:145.000000,rcs:6.000000
timestame:1619470978.093000000,objid:5,type:0,xpos:0.000000,ypos:0.000000,xspeed:-18.890000,yspeed:-0.110000,angle:-10.510000,distense:85.200000,rcs:9.000000
