timestame:1619470443.073000000,objid:1,type:0,xpos:0.000000,ypos:0.000000,xspeed:16.470000,yspeed:0.360000,angle:1.930000,distense:109.400000,rcs:23.000000
timestame:1619470443.073000000,objid:2,type:0,xpos:0.000000,ypos:0.000000,xspeed:3.870000,yspeed:-0.170000,angle:8.430000,distense:86.800000,rcs:16.000000
