timestame:1619470460.224000000,objid:0,type:0,xpos:0.000000,ypos:0.000000,xspeed:-17.400000,yspeed:-3.310000,angle:-7.160000,distense:103.000000,rcs:20.000000
timestame:1619470460.224000000,objid:2,type:0,xpos:0.000000,ypos:0.000000,xspeed:5.770000,yspeed:-0.100000,angle:3.260000,distense:176.400000,rcs:16.000000
