timestame:1619469917.014000000,objid:1,type:0,xpos:0.000000,ypos:0.000000,xspeed:5.490000,yspeed:0.050000,angle:1.490000,distense:111.800000,rcs:13.000000
timestame:1619469917.014000000,objid:2,type:0,xpos:0.000000,ypos:0.000000,xspeed:13.550000,yspeed:0.330000,angle:2.370000,distense:221.400000,rcs:6.000000
timestame:1619469917.014000000,objid:8,type:0,xpos:0.000000,ypos:0.000000,xspeed:5.560000,yspeed:0.100000,angle:1.660000,distense:105.000000,rcs:25.000000
