timestame:1619471259.873000000,objid:2,type:0,xpos:0.000000,ypos:0.000000,xspeed:12.300000,yspeed:0.330000,angle:4.720000,distense:73.000000,rcs:42.000000
timestame:1619471259.873000000,objid:3,type:0,xpos:0.000000,ypos:0.000000,xspeed:-14.780000,yspeed:-0.640000,angle:-18.000000,distense:34.000000,rcs:15.000000
timestame:1619471259.873000000,objid:6,type:0,xpos:0.000000,ypos:0.000000,xspeed:12.350000,yspeed:0.130000,angle:4.800000,distense:85.200000,rcs:19.000000
timestame:1619471259.873000000,objid:10,type:0,xpos:0.000000,ypos:0.000000,xspeed:12.310000,yspeed:0.580000,angle:5.520000,distense:61.000000,rcs:20.000000
