timestame:1619470779.448000000,objid:2,type:0,xpos:0.000000,ypos:0.000000,xspeed:2.960000,yspeed:-4.670000,angle:5.030000,distense:43.400000,rcs:33.000000
timestame:1619470779.448000000,objid:4,type:0,xpos:0.000000,ypos:0.000000,xspeed:-1.730000,yspeed:-1.010000,angle:-2.600000,distense:46.400000,rcs:9.000000
timestame:1619470779.448000000,objid:7,type:0,xpos:0.000000,ypos:0.000000,xspeed:-22.440000,yspeed:0.000000,angle:-12.240000,distense:76.200000,rcs:22.000000
timestame:1619470779.448000000,objid:13,type:0,xpos:0.000000,ypos:0.000000,xspeed:-38.760000,yspeed:0.000000,angle:14.450000,distense:46.200000,rcs:22.000000
