timestame:1619470664.122000000,objid:0,type:0,xpos:0.000000,ypos:0.000000,xspeed:-1.500000,yspeed:0.110000,angle:-9.700000,distense:94.000000,rcs:20.000000
timestame:1619470664.122000000,objid:1,type:0,xpos:0.000000,ypos:0.000000,xspeed:3.250000,yspeed:-5.770000,angle:-18.000000,distense:52.600000,rcs:13.000000
timestame:1619470664.122000000,objid:3,type:0,xpos:0.000000,ypos:0.000000,xspeed:-1.610000,yspeed:-0.010000,angle:-7.890000,distense:105.600000,rcs:9.000000
