timestame:1619470074.755000000,objid:3,type:0,xpos:0.000000,ypos:0.000000,xspeed:-1.170000,yspeed:2.170000,angle:21.840000,distense:47.800000,rcs:28.000000
timestame:1619470074.755000000,objid:4,type:0,xpos:0.000000,ypos:0.000000,xspeed:-1.190000,yspeed:1.880000,angle:-14.390000,distense:42.800000,rcs:18.000000
timestame:1619470074.755000000,objid:8,type:0,xpos:0.000000,ypos:0.000000,xspeed:1.320000,yspeed:3.130000,angle:-4.040000,distense:45.000000,rcs:6.000000
