timestame:1619470562.447000000,objid:1,type:0,xpos:0.000000,ypos:0.000000,xspeed:6.290000,yspeed:-0.470000,angle:3.680000,distense:197.600000,rcs:19.000000
timestame:1619470562.447000000,objid:2,type:0,xpos:0.000000,ypos:0.000000,xspeed:6.520000,yspeed:-4.330000,angle:2.270000,distense:214.000000,rcs:6.000000
timestame:1619470562.447000000,objid:3,type:0,xpos:0.000000,ypos:0.000000,xspeed:10.030000,yspeed:0.220000,angle:1.780000,distense:87.200000,rcs:37.000000
