timestame:1619471368.869000000,objid:1,type:0,xpos:0.000000,ypos:0.000000,xspeed:8.030000,yspeed:0.010000,angle:2.920000,distense:131.400000,rcs:18.000000
timestame:1619471368.869000000,objid:7,type:0,xpos:0.000000,ypos:0.000000,xspeed:11.410000,yspeed:0.260000,angle:1.560000,distense:174.200000,rcs:24.000000
