timestame:1619470044.216000000,objid:0,type:0,xpos:0.000000,ypos:0.000000,xspeed:4.720000,yspeed:-0.730000,angle:5.080000,distense:65.000000,rcs:18.000000
timestame:1619470044.216000000,objid:1,type:0,xpos:0.000000,ypos:0.000000,xspeed:13.300000,yspeed:-0.010000,angle:0.960000,distense:188.800000,rcs:6.000000
timestame:1619470044.216000000,objid:3,type:0,xpos:0.000000,ypos:0.000000,xspeed:14.090000,yspeed:0.160000,angle:1.340000,distense:164.200000,rcs:12.000000
timestame:1619470044.216000000,objid:5,type:0,xpos:0.000000,ypos:0.000000,xspeed:5.540000,yspeed:0.530000,angle:6.220000,distense:55.200000,rcs:31.000000
