timestame:1619470227.535000000,objid:4,type:0,xpos:0.000000,ypos:0.000000,xspeed:7.920000,yspeed:-0.710000,angle:8.090000,distense:171.400000,rcs:9.000000
timestame:1619470227.535000000,objid:8,type:0,xpos:0.000000,ypos:0.000000,xspeed:-1.840000,yspeed:-2.460000,angle:-13.000000,distense:40.800000,rcs:6.000000
timestame:1619470227.535000000,objid:11,type:0,xpos:0.000000,ypos:0.000000,xspeed:-8.260000,yspeed:6.630000,angle:-2.870000,distense:190.200000,rcs:12.000000
