timestame:1619470746.417000000,objid:0,type:0,xpos:0.000000,ypos:0.000000,xspeed:-2.080000,yspeed:-0.380000,angle:-9.050000,distense:82.200000,rcs:6.000000
timestame:1619470746.417000000,objid:6,type:0,xpos:0.000000,ypos:0.000000,xspeed:12.530000,yspeed:0.490000,angle:1.450000,distense:217.200000,rcs:13.000000
