timestame:1619469633.255000000,objid:3,type:0,xpos:0.000000,ypos:0.000000,xspeed:-6.410000,yspeed:0.000000,angle:-6.470000,distense:60.600000,rcs:24.000000
timestame:1619469633.255000000,objid:4,type:0,xpos:0.000000,ypos:0.000000,xspeed:6.530000,yspeed:4.620000,angle:19.790000,distense:21.400000,rcs:24.000000
timestame:1619469633.255000000,objid:6,type:0,xpos:0.000000,ypos:0.000000,xspeed:-9.010000,yspeed:0.020000,angle:-8.150000,distense:57.000000,rcs:19.000000
