timestame:1619471409.502000000,objid:1,type:0,xpos:0.000000,ypos:0.000000,xspeed:-1.170000,yspeed:-2.830000,angle:-11.110000,distense:41.200000,rcs:31.000000
timestame:1619471409.502000000,objid:4,type:0,xpos:0.000000,ypos:0.000000,xspeed:-1.820000,yspeed:-1.270000,angle:-2.000000,distense:44.000000,rcs:26.000000
timestame:1619471409.502000000,objid:7,type:0,xpos:0.000000,ypos:0.000000,xspeed:-1.850000,yspeed:-3.020000,angle:-15.640000,distense:39.400000,rcs:24.000000
timestame:1619471409.502000000,objid:12,type:0,xpos:0.000000,ypos:0.000000,xspeed:-9.660000,yspeed:-1.120000,angle:-4.220000,distense:192.000000,rcs:13.000000
