timestame:1619471448.135000000,objid:3,type:0,xpos:0.000000,ypos:0.000000,xspeed:-3.420000,yspeed:-0.020000,angle:-5.750000,distense:109.200000,rcs:15.000000
timestame:1619471448.135000000,objid:11,type:0,xpos:0.000000,ypos:0.000000,xspeed:-3.000000,yspeed:-0.740000,angle:-8.100000,distense:99.400000,rcs:15.000000
timestame:1619471448.135000000,objid:13,type:0,xpos:0.000000,ypos:0.000000,xspeed:-3.060000,yspeed:0.030000,angle:15.980000,distense:49.000000,rcs:16.000000
