timestame:1619470497.743000000,objid:6,type:0,xpos:0.000000,ypos:0.000000,xspeed:-1.250000,yspeed:3.550000,angle:-6.750000,distense:47.400000,rcs:6.000000
timestame:1619470497.743000000,objid:7,type:0,xpos:0.000000,ypos:0.000000,xspeed:-1.740000,yspeed:-2.170000,angle:-14.860000,distense:47.400000,rcs:9.000000
