timestame:1619471318.712000000,objid:0,type:0,xpos:0.000000,ypos:0.000000,xspeed:4.100000,yspeed:2.940000,angle:-4.820000,distense:122.400000,rcs:13.000000
timestame:1619471318.712000000,objid:1,type:0,xpos:0.000000,ypos:0.000000,xspeed:-8.340000,yspeed:-4.050000,angle:-5.800000,distense:110.600000,rcs:19.000000
timestame:1619471318.712000000,objid:3,type:0,xpos:0.000000,ypos:0.000000,xspeed:-16.700000,yspeed:-2.600000,angle:-2.820000,distense:203.200000,rcs:6.000000
