timestame:1619470738.960000000,objid:0,type:0,xpos:0.000000,ypos:0.000000,xspeed:-16.360000,yspeed:-0.710000,angle:-5.340000,distense:132.000000,rcs:16.000000
timestame:1619470738.960000000,objid:1,type:0,xpos:0.000000,ypos:0.000000,xspeed:11.960000,yspeed:-0.080000,angle:1.030000,distense:134.000000,rcs:6.000000
timestame:1619470738.960000000,objid:3,type:0,xpos:0.000000,ypos:0.000000,xspeed:2.700000,yspeed:-3.010000,angle:-16.380000,distense:47.600000,rcs:15.000000
timestame:1619470738.960000000,objid:6,type:0,xpos:0.000000,ypos:0.000000,xspeed:12.230000,yspeed:0.160000,angle:1.440000,distense:124.000000,rcs:35.000000
