timestame:1619469696.844000000,objid:2,type:0,xpos:0.000000,ypos:0.000000,xspeed:-1.470000,yspeed:-0.870000,angle:-12.940000,distense:44.400000,rcs:24.000000
timestame:1619469696.844000000,objid:3,type:0,xpos:0.000000,ypos:0.000000,xspeed:-1.330000,yspeed:-3.000000,angle:-1.760000,distense:45.200000,rcs:15.000000
timestame:1619469696.844000000,objid:7,type:0,xpos:0.000000,ypos:0.000000,xspeed:-1.110000,yspeed:7.110000,angle:20.150000,distense:43.000000,rcs:12.000000
timestame:1619469696.844000000,objid:10,type:0,xpos:0.000000,ypos:0.000000,xspeed:-2.360000,yspeed:6.520000,angle:-15.080000,distense:42.200000,rcs:6.000000
