timestame:1619470484.235000000,objid:1,type:0,xpos:0.000000,ypos:0.000000,xspeed:-3.710000,yspeed:-0.240000,angle:-8.640000,distense:82.800000,rcs:25.000000
timestame:1619470484.235000000,objid:5,type:0,xpos:0.000000,ypos:0.000000,xspeed:-4.190000,yspeed:-5.500000,angle:-10.090000,distense:60.800000,rcs:9.000000
