timestame:1619471056.473000000,objid:0,type:0,xpos:0.000000,ypos:0.000000,xspeed:-1.030000,yspeed:-1.840000,angle:-9.500000,distense:37.600000,rcs:33.000000
timestame:1619471056.473000000,objid:10,type:0,xpos:0.000000,ypos:0.000000,xspeed:-2.860000,yspeed:-2.450000,angle:-18.000000,distense:32.200000,rcs:29.000000
timestame:1619471056.473000000,objid:13,type:0,xpos:0.000000,ypos:0.000000,xspeed:1.210000,yspeed:-7.930000,angle:-7.820000,distense:62.200000,rcs:19.000000
timestame:1619471056.473000000,objid:14,type:0,xpos:0.000000,ypos:0.000000,xspeed:-1.850000,yspeed:-2.870000,angle:-18.000000,distense:35.400000,rcs:15.000000
