timestame:1619470202.967000000,objid:0,type:0,xpos:0.000000,ypos:0.000000,xspeed:1.460000,yspeed:-1.710000,angle:4.970000,distense:142.800000,rcs:25.000000
timestame:1619470202.967000000,objid:1,type:0,xpos:0.000000,ypos:0.000000,xspeed:3.090000,yspeed:0.000000,angle:6.110000,distense:163.800000,rcs:9.000000
