timestame:1619470276.132000000,objid:1,type:0,xpos:0.000000,ypos:0.000000,xspeed:-10.350000,yspeed:0.090000,angle:-5.000000,distense:101.800000,rcs:9.000000
timestame:1619470276.132000000,objid:2,type:0,xpos:0.000000,ypos:0.000000,xspeed:-1.370000,yspeed:0.420000,angle:-6.580000,distense:91.400000,rcs:15.000000
timestame:1619470276.132000000,objid:11,type:0,xpos:0.000000,ypos:0.000000,xspeed:-1.440000,yspeed:-0.170000,angle:-9.180000,distense:77.000000,rcs:25.000000
timestame:1619470276.132000000,objid:22,type:0,xpos:0.000000,ypos:0.000000,xspeed:-1.240000,yspeed:-0.040000,angle:-7.870000,distense:84.200000,rcs:12.000000
