timestame:1619470830.410000000,objid:1,type:0,xpos:0.000000,ypos:0.000000,xspeed:8.610000,yspeed:0.070000,angle:3.340000,distense:97.200000,rcs:20.000000
timestame:1619470830.410000000,objid:2,type:0,xpos:0.000000,ypos:0.000000,xspeed:6.850000,yspeed:-0.080000,angle:3.220000,distense:102.400000,rcs:19.000000
timestame:1619470830.410000000,objid:3,type:0,xpos:0.000000,ypos:0.000000,xspeed:8.310000,yspeed:0.160000,angle:4.280000,distense:90.400000,rcs:24.000000
timestame:1619470830.410000000,objid:6,type:0,xpos:0.000000,ypos:0.000000,xspeed:10.820000,yspeed:-0.050000,angle:1.440000,distense:124.400000,rcs:25.000000
