timestame:1619471036.155000000,objid:2,type:0,xpos:0.000000,ypos:0.000000,xspeed:-1.120000,yspeed:-3.850000,angle:-13.640000,distense:43.200000,rcs:26.000000
timestame:1619471036.155000000,objid:3,type:0,xpos:0.000000,ypos:0.000000,xspeed:1.610000,yspeed:-3.430000,angle:-16.380000,distense:47.800000,rcs:22.000000
timestame:1619471036.155000000,objid:7,type:0,xpos:0.000000,ypos:0.000000,xspeed:-1.920000,yspeed:-8.670000,angle:-7.480000,distense:76.200000,rcs:18.000000
timestame:1619471036.155000000,objid:8,type:0,xpos:0.000000,ypos:0.000000,xspeed:-2.280000,yspeed:-0.670000,angle:-18.000000,distense:32.200000,rcs:6.000000
