timestame:1619470114.095000000,objid:1,type:0,xpos:0.000000,ypos:0.000000,xspeed:1.960000,yspeed:-2.740000,angle:-17.160000,distense:26.800000,rcs:20.000000
timestame:1619470114.095000000,objid:2,type:0,xpos:0.000000,ypos:0.000000,xspeed:2.980000,yspeed:7.570000,angle:-13.570000,distense:50.000000,rcs:15.000000
timestame:1619470114.095000000,objid:5,type:0,xpos:0.000000,ypos:0.000000,xspeed:2.950000,yspeed:6.990000,angle:-14.050000,distense:61.800000,rcs:6.000000
timestame:1619470114.095000000,objid:7,type:0,xpos:0.000000,ypos:0.000000,xspeed:5.210000,yspeed:1.950000,angle:22.790000,distense:38.600000,rcs:36.000000
