timestame:1619469715.306000000,objid:1,type:0,xpos:0.000000,ypos:0.000000,xspeed:-1.860000,yspeed:7.100000,angle:-11.710000,distense:38.000000,rcs:6.000000
timestame:1619469715.306000000,objid:3,type:0,xpos:0.000000,ypos:0.000000,xspeed:14.330000,yspeed:-0.970000,angle:0.720000,distense:164.200000,rcs:9.000000
