timestame:1619470026.384000000,objid:0,type:0,xpos:0.000000,ypos:0.000000,xspeed:6.070000,yspeed:-3.660000,angle:0.220000,distense:36.400000,rcs:6.000000
timestame:1619470026.384000000,objid:2,type:0,xpos:0.000000,ypos:0.000000,xspeed:6.100000,yspeed:0.290000,angle:2.170000,distense:27.600000,rcs:40.000000
