timestame:1619470151.714000000,objid:1,type:0,xpos:0.000000,ypos:0.000000,xspeed:2.190000,yspeed:1.770000,angle:-14.540000,distense:37.400000,rcs:16.000000
timestame:1619470151.714000000,objid:3,type:0,xpos:0.000000,ypos:0.000000,xspeed:-3.770000,yspeed:-0.130000,angle:-13.630000,distense:58.200000,rcs:19.000000
timestame:1619470151.714000000,objid:7,type:0,xpos:0.000000,ypos:0.000000,xspeed:-15.010000,yspeed:2.380000,angle:-4.160000,distense:155.800000,rcs:9.000000
timestame:1619470151.714000000,objid:13,type:0,xpos:0.000000,ypos:0.000000,xspeed:-14.990000,yspeed:-1.510000,angle:-5.140000,distense:160.600000,rcs:13.000000
