timestame:1619471097.138000000,objid:2,type:0,xpos:0.000000,ypos:0.000000,xspeed:8.460000,yspeed:-0.060000,angle:1.230000,distense:97.400000,rcs:35.000000
timestame:1619471097.138000000,objid:3,type:0,xpos:0.000000,ypos:0.000000,xspeed:-16.820000,yspeed:-1.440000,angle:-11.720000,distense:63.600000,rcs:25.000000
