timestame:1619470441.214000000,objid:1,type:0,xpos:0.000000,ypos:0.000000,xspeed:15.190000,yspeed:0.590000,angle:2.370000,distense:77.400000,rcs:26.000000
timestame:1619470441.214000000,objid:2,type:0,xpos:0.000000,ypos:0.000000,xspeed:3.830000,yspeed:0.040000,angle:9.570000,distense:79.800000,rcs:22.000000
