timestame:1619470795.963000000,objid:3,type:0,xpos:0.000000,ypos:0.000000,xspeed:2.590000,yspeed:1.270000,angle:11.990000,distense:47.400000,rcs:26.000000
timestame:1619470795.963000000,objid:5,type:0,xpos:0.000000,ypos:0.000000,xspeed:2.370000,yspeed:-11.070000,angle:-18.000000,distense:64.000000,rcs:13.000000
timestame:1619470795.963000000,objid:12,type:0,xpos:0.000000,ypos:0.000000,xspeed:2.040000,yspeed:-11.380000,angle:-18.000000,distense:60.400000,rcs:16.000000
