timestame:1619471004.626000000,objid:1,type:0,xpos:0.000000,ypos:0.000000,xspeed:-12.870000,yspeed:-0.800000,angle:-7.380000,distense:122.600000,rcs:12.000000
timestame:1619471004.626000000,objid:4,type:0,xpos:0.000000,ypos:0.000000,xspeed:1.010000,yspeed:0.050000,angle:0.300000,distense:17.800000,rcs:12.000000
timestame:1619471004.626000000,objid:7,type:0,xpos:0.000000,ypos:0.000000,xspeed:17.770000,yspeed:0.000000,angle:7.960000,distense:176.200000,rcs:12.000000
