timestame:1619470982.656000000,objid:0,type:0,xpos:0.000000,ypos:0.000000,xspeed:8.110000,yspeed:0.250000,angle:2.360000,distense:171.800000,rcs:31.000000
timestame:1619470982.656000000,objid:1,type:0,xpos:0.000000,ypos:0.000000,xspeed:-15.630000,yspeed:-0.220000,angle:-6.170000,distense:103.400000,rcs:27.000000
timestame:1619470982.656000000,objid:2,type:0,xpos:0.000000,ypos:0.000000,xspeed:-18.620000,yspeed:-12.040000,angle:-4.980000,distense:152.800000,rcs:6.000000
timestame:1619470982.656000000,objid:3,type:0,xpos:0.000000,ypos:0.000000,xspeed:3.300000,yspeed:-2.970000,angle:14.600000,distense:66.200000,rcs:16.000000
