timestame:1619469684.944000000,objid:1,type:0,xpos:0.000000,ypos:0.000000,xspeed:-2.860000,yspeed:3.940000,angle:-14.450000,distense:49.400000,rcs:12.000000
timestame:1619469684.944000000,objid:2,type:0,xpos:0.000000,ypos:0.000000,xspeed:-1.720000,yspeed:5.290000,angle:-18.000000,distense:49.400000,rcs:9.000000
timestame:1619469684.944000000,objid:3,type:0,xpos:0.000000,ypos:0.000000,xspeed:-2.270000,yspeed:4.260000,angle:21.060000,distense:49.200000,rcs:15.000000
timestame:1619469684.944000000,objid:4,type:0,xpos:0.000000,ypos:0.000000,xspeed:-2.190000,yspeed:7.070000,angle:-18.000000,distense:50.600000,rcs:16.000000
