timestame:1619470615.995000000,objid:0,type:0,xpos:0.000000,ypos:0.000000,xspeed:2.100000,yspeed:-10.010000,angle:-18.000000,distense:66.200000,rcs:9.000000
timestame:1619470615.995000000,objid:1,type:0,xpos:0.000000,ypos:0.000000,xspeed:-30.890000,yspeed:0.000000,angle:-7.310000,distense:118.000000,rcs:12.000000
timestame:1619470615.995000000,objid:10,type:0,xpos:0.000000,ypos:0.000000,xspeed:-1.180000,yspeed:5.430000,angle:16.610000,distense:40.600000,rcs:12.000000
