timestame:1619471211.040000000,objid:3,type:0,xpos:0.000000,ypos:0.000000,xspeed:-6.070000,yspeed:-0.020000,angle:-18.000000,distense:29.000000,rcs:6.000000
timestame:1619471211.040000000,objid:4,type:0,xpos:0.000000,ypos:0.000000,xspeed:-9.200000,yspeed:-0.530000,angle:-18.000000,distense:47.600000,rcs:16.000000
timestame:1619471211.040000000,objid:5,type:0,xpos:0.000000,ypos:0.000000,xspeed:-6.400000,yspeed:-0.620000,angle:-18.000000,distense:44.800000,rcs:16.000000
