timestame:1619471087.821000000,objid:0,type:0,xpos:0.000000,ypos:0.000000,xspeed:8.640000,yspeed:0.420000,angle:1.760000,distense:69.600000,rcs:28.000000
timestame:1619471087.821000000,objid:1,type:0,xpos:0.000000,ypos:0.000000,xspeed:7.820000,yspeed:0.390000,angle:9.630000,distense:23.000000,rcs:25.000000
timestame:1619471087.821000000,objid:4,type:0,xpos:0.000000,ypos:0.000000,xspeed:-22.920000,yspeed:-1.040000,angle:-7.590000,distense:95.800000,rcs:6.000000
timestame:1619471087.821000000,objid:11,type:0,xpos:0.000000,ypos:0.000000,xspeed:3.590000,yspeed:0.180000,angle:2.550000,distense:28.400000,rcs:43.000000
