timestame:1619470330.974000000,objid:0,type:0,xpos:0.000000,ypos:0.000000,xspeed:16.450000,yspeed:-0.420000,angle:0.270000,distense:193.800000,rcs:24.000000
timestame:1619470330.974000000,objid:2,type:0,xpos:0.000000,ypos:0.000000,xspeed:10.010000,yspeed:0.380000,angle:1.150000,distense:212.000000,rcs:19.000000
timestame:1619470330.974000000,objid:4,type:0,xpos:0.000000,ypos:0.000000,xspeed:-1.250000,yspeed:0.650000,angle:14.750000,distense:66.800000,rcs:6.000000
