timestame:1619470859.082000000,objid:0,type:0,xpos:0.000000,ypos:0.000000,xspeed:6.200000,yspeed:3.830000,angle:-16.950000,distense:37.200000,rcs:6.000000
timestame:1619470859.082000000,objid:1,type:0,xpos:0.000000,ypos:0.000000,xspeed:3.720000,yspeed:-0.880000,angle:-12.750000,distense:38.600000,rcs:6.000000
