timestame:1619470560.093000000,objid:0,type:0,xpos:0.000000,ypos:0.000000,xspeed:4.920000,yspeed:-0.360000,angle:2.920000,distense:191.200000,rcs:6.000000
timestame:1619470560.093000000,objid:1,type:0,xpos:0.000000,ypos:0.000000,xspeed:4.920000,yspeed:0.000000,angle:4.600000,distense:182.000000,rcs:24.000000
timestame:1619470560.093000000,objid:2,type:0,xpos:0.000000,ypos:0.000000,xspeed:1.350000,yspeed:4.610000,angle:-3.400000,distense:45.000000,rcs:9.000000
timestame:1619470560.093000000,objid:3,type:0,xpos:0.000000,ypos:0.000000,xspeed:7.840000,yspeed:0.110000,angle:1.880000,distense:62.000000,rcs:37.000000
