timestame:1619471147.045000000,objid:1,type:0,xpos:0.000000,ypos:0.000000,xspeed:-1.560000,yspeed:6.390000,angle:21.100000,distense:39.800000,rcs:6.000000
timestame:1619471147.045000000,objid:9,type:0,xpos:0.000000,ypos:0.000000,xspeed:-1.540000,yspeed:5.760000,angle:-5.520000,distense:42.800000,rcs:24.000000
