timestame:1619469889.282000000,objid:2,type:0,xpos:0.000000,ypos:0.000000,xspeed:-3.490000,yspeed:-0.170000,angle:-12.820000,distense:59.600000,rcs:12.000000
timestame:1619469889.282000000,objid:5,type:0,xpos:0.000000,ypos:0.000000,xspeed:-2.740000,yspeed:-0.110000,angle:-16.700000,distense:60.000000,rcs:19.000000
timestame:1619469889.282000000,objid:16,type:0,xpos:0.000000,ypos:0.000000,xspeed:-3.560000,yspeed:-0.210000,angle:-10.660000,distense:70.000000,rcs:27.000000
