timestame:1619471138.918000000,objid:0,type:0,xpos:0.000000,ypos:0.000000,xspeed:-1.070000,yspeed:2.750000,angle:-9.070000,distense:42.400000,rcs:9.000000
timestame:1619471138.918000000,objid:9,type:0,xpos:0.000000,ypos:0.000000,xspeed:4.140000,yspeed:1.110000,angle:7.450000,distense:46.000000,rcs:6.000000
