timestame:1619469566.154000000,objid:5,type:0,xpos:0.000000,ypos:0.000000,xspeed:-1.070000,yspeed:-2.260000,angle:-10.960000,distense:49.800000,rcs:16.000000
timestame:1619469566.154000000,objid:6,type:0,xpos:0.000000,ypos:0.000000,xspeed:-10.810000,yspeed:-2.640000,angle:-4.080000,distense:201.400000,rcs:15.000000
timestame:1619469566.154000000,objid:8,type:0,xpos:0.000000,ypos:0.000000,xspeed:-5.880000,yspeed:0.700000,angle:-17.590000,distense:37.800000,rcs:12.000000
timestame:1619469566.154000000,objid:15,type:0,xpos:0.000000,ypos:0.000000,xspeed:-4.050000,yspeed:8.870000,angle:19.540000,distense:56.000000,rcs:6.000000
