timestame:1619469631.015000000,objid:1,type:0,xpos:0.000000,ypos:0.000000,xspeed:-4.210000,yspeed:0.010000,angle:-18.000000,distense:26.600000,rcs:6.000000
timestame:1619469631.015000000,objid:2,type:0,xpos:0.000000,ypos:0.000000,xspeed:-6.330000,yspeed:-0.740000,angle:-18.000000,distense:33.000000,rcs:13.000000
timestame:1619469631.015000000,objid:6,type:0,xpos:0.000000,ypos:0.000000,xspeed:-10.230000,yspeed:-0.060000,angle:-6.110000,distense:75.800000,rcs:16.000000
timestame:1619469631.015000000,objid:7,type:0,xpos:0.000000,ypos:0.000000,xspeed:-6.380000,yspeed:-0.410000,angle:-18.000000,distense:37.000000,rcs:13.000000
