timestame:1619470168.847000000,objid:0,type:0,xpos:0.000000,ypos:0.000000,xspeed:6.700000,yspeed:0.300000,angle:2.250000,distense:50.200000,rcs:20.000000
timestame:1619470168.847000000,objid:1,type:0,xpos:0.000000,ypos:0.000000,xspeed:10.050000,yspeed:-0.420000,angle:1.320000,distense:18.400000,rcs:31.000000
timestame:1619470168.847000000,objid:2,type:0,xpos:0.000000,ypos:0.000000,xspeed:25.050000,yspeed:0.000000,angle:19.010000,distense:22.000000,rcs:6.000000
timestame:1619470168.847000000,objid:3,type:0,xpos:0.000000,ypos:0.000000,xspeed:8.450000,yspeed:0.130000,angle:5.060000,distense:84.000000,rcs:29.000000
