timestame:1619469922.653000000,objid:1,type:0,xpos:0.000000,ypos:0.000000,xspeed:5.980000,yspeed:0.290000,angle:1.540000,distense:145.800000,rcs:6.000000
timestame:1619469922.653000000,objid:8,type:0,xpos:0.000000,ypos:0.000000,xspeed:5.850000,yspeed:0.050000,angle:1.390000,distense:138.400000,rcs:20.000000
