timestame:1619471518.305000000,objid:7,type:0,xpos:0.000000,ypos:0.000000,xspeed:16.200000,yspeed:0.210000,angle:1.490000,distense:185.800000,rcs:9.000000
timestame:1619471518.305000000,objid:10,type:0,xpos:0.000000,ypos:0.000000,xspeed:16.190000,yspeed:0.180000,angle:1.360000,distense:175.200000,rcs:23.000000
