timestame:1619470873.247000000,objid:1,type:0,xpos:0.000000,ypos:0.000000,xspeed:-9.850000,yspeed:-1.560000,angle:-5.560000,distense:127.400000,rcs:9.000000
timestame:1619470873.247000000,objid:4,type:0,xpos:0.000000,ypos:0.000000,xspeed:3.530000,yspeed:-0.100000,angle:0.460000,distense:19.600000,rcs:37.000000
timestame:1619470873.247000000,objid:11,type:0,xpos:0.000000,ypos:0.000000,xspeed:6.110000,yspeed:0.790000,angle:0.830000,distense:32.600000,rcs:13.000000
