timestame:1619470464.072000000,objid:0,type:0,xpos:0.000000,ypos:0.000000,xspeed:-13.770000,yspeed:-0.640000,angle:-15.260000,distense:51.000000,rcs:19.000000
timestame:1619470464.072000000,objid:2,type:0,xpos:0.000000,ypos:0.000000,xspeed:5.990000,yspeed:-0.010000,angle:2.990000,distense:199.800000,rcs:12.000000
