timestame:1619469557.990000000,objid:5,type:0,xpos:0.000000,ypos:0.000000,xspeed:-1.800000,yspeed:6.990000,angle:19.890000,distense:41.000000,rcs:6.000000
timestame:1619469557.990000000,objid:9,type:0,xpos:0.000000,ypos:0.000000,xspeed:-1.850000,yspeed:7.560000,angle:19.330000,distense:40.800000,rcs:27.000000
timestame:1619469557.990000000,objid:10,type:0,xpos:0.000000,ypos:0.000000,xspeed:1.580000,yspeed:-5.370000,angle:-5.160000,distense:52.400000,rcs:9.000000
