timestame:1619471078.148000000,objid:1,type:0,xpos:0.000000,ypos:0.000000,xspeed:-7.100000,yspeed:-0.540000,angle:-18.000000,distense:50.600000,rcs:29.000000
timestame:1619471078.148000000,objid:3,type:0,xpos:0.000000,ypos:0.000000,xspeed:-9.230000,yspeed:-0.110000,angle:-12.220000,distense:56.600000,rcs:20.000000
timestame:1619471078.148000000,objid:5,type:0,xpos:0.000000,ypos:0.000000,xspeed:-10.100000,yspeed:-0.590000,angle:-18.000000,distense:35.200000,rcs:9.000000
timestame:1619471078.148000000,objid:6,type:0,xpos:0.000000,ypos:0.000000,xspeed:-5.920000,yspeed:-0.650000,angle:-18.000000,distense:46.400000,rcs:25.000000
