timestame:1619471270.457000000,objid:2,type:0,xpos:0.000000,ypos:0.000000,xspeed:14.010000,yspeed:0.260000,angle:2.000000,distense:214.400000,rcs:13.000000
timestame:1619471270.457000000,objid:4,type:0,xpos:0.000000,ypos:0.000000,xspeed:1.180000,yspeed:-9.740000,angle:10.350000,distense:52.600000,rcs:13.000000
timestame:1619471270.457000000,objid:8,type:0,xpos:0.000000,ypos:0.000000,xspeed:-1.380000,yspeed:10.010000,angle:-18.000000,distense:50.000000,rcs:12.000000
timestame:1619471270.457000000,objid:10,type:0,xpos:0.000000,ypos:0.000000,xspeed:14.050000,yspeed:0.120000,angle:1.830000,distense:202.200000,rcs:24.000000
