timestame:1619469877.883000000,objid:0,type:0,xpos:0.000000,ypos:0.000000,xspeed:-1.040000,yspeed:-4.530000,angle:-10.510000,distense:41.600000,rcs:24.000000
timestame:1619469877.883000000,objid:3,type:0,xpos:0.000000,ypos:0.000000,xspeed:-4.640000,yspeed:-0.640000,angle:-18.000000,distense:30.600000,rcs:12.000000
timestame:1619469877.883000000,objid:9,type:0,xpos:0.000000,ypos:0.000000,xspeed:-6.050000,yspeed:-7.460000,angle:-6.500000,distense:59.800000,rcs:6.000000
