timestame:1619470770.132000000,objid:0,type:0,xpos:0.000000,ypos:0.000000,xspeed:-11.190000,yspeed:-0.400000,angle:-5.620000,distense:152.200000,rcs:15.000000
timestame:1619470770.132000000,objid:1,type:0,xpos:0.000000,ypos:0.000000,xspeed:11.870000,yspeed:0.300000,angle:2.100000,distense:89.400000,rcs:22.000000
timestame:1619470770.132000000,objid:2,type:0,xpos:0.000000,ypos:0.000000,xspeed:-10.400000,yspeed:-0.500000,angle:-6.310000,distense:150.000000,rcs:13.000000
