timestame:1619470033.325000000,objid:1,type:0,xpos:0.000000,ypos:0.000000,xspeed:8.000000,yspeed:0.310000,angle:2.390000,distense:59.800000,rcs:37.000000
timestame:1619470033.325000000,objid:3,type:0,xpos:0.000000,ypos:0.000000,xspeed:9.690000,yspeed:0.300000,angle:0.830000,distense:24.200000,rcs:38.000000
timestame:1619470033.325000000,objid:4,type:0,xpos:0.000000,ypos:0.000000,xspeed:12.480000,yspeed:0.090000,angle:1.600000,distense:96.800000,rcs:9.000000
timestame:1619470033.325000000,objid:7,type:0,xpos:0.000000,ypos:0.000000,xspeed:1.380000,yspeed:-0.090000,angle:7.400000,distense:23.600000,rcs:25.000000
