timestame:1619470111.255000000,objid:2,type:0,xpos:0.000000,ypos:0.000000,xspeed:5.220000,yspeed:-2.360000,angle:17.890000,distense:23.800000,rcs:24.000000
timestame:1619470111.255000000,objid:5,type:0,xpos:0.000000,ypos:0.000000,xspeed:3.330000,yspeed:3.590000,angle:-8.900000,distense:42.800000,rcs:6.000000
timestame:1619470111.255000000,objid:6,type:0,xpos:0.000000,ypos:0.000000,xspeed:-7.150000,yspeed:-0.950000,angle:18.620000,distense:21.000000,rcs:6.000000
timestame:1619470111.255000000,objid:7,type:0,xpos:0.000000,ypos:0.000000,xspeed:7.190000,yspeed:0.320000,angle:-15.780000,distense:23.000000,rcs:35.000000
