timestame:1619470658.860000000,objid:1,type:0,xpos:0.000000,ypos:0.000000,xspeed:-7.060000,yspeed:-0.610000,angle:-8.720000,distense:101.000000,rcs:15.000000
timestame:1619470658.860000000,objid:2,type:0,xpos:0.000000,ypos:0.000000,xspeed:4.950000,yspeed:2.130000,angle:21.560000,distense:33.600000,rcs:20.000000
timestame:1619470658.860000000,objid:7,type:0,xpos:0.000000,ypos:0.000000,xspeed:-3.050000,yspeed:-0.620000,angle:-18.000000,distense:27.400000,rcs:9.000000
timestame:1619470658.860000000,objid:11,type:0,xpos:0.000000,ypos:0.000000,xspeed:-3.000000,yspeed:-2.180000,angle:-18.000000,distense:30.800000,rcs:13.000000
