timestame:1619470058.305000000,objid:0,type:0,xpos:0.000000,ypos:0.000000,xspeed:-13.140000,yspeed:0.740000,angle:-4.090000,distense:99.800000,rcs:15.000000
timestame:1619470058.305000000,objid:5,type:0,xpos:0.000000,ypos:0.000000,xspeed:9.320000,yspeed:0.410000,angle:2.850000,distense:169.400000,rcs:12.000000
