timestame:1619471518.428000000,objid:7,type:0,xpos:0.000000,ypos:0.000000,xspeed:16.270000,yspeed:0.210000,angle:1.480000,distense:188.000000,rcs:6.000000
timestame:1619471518.428000000,objid:10,type:0,xpos:0.000000,ypos:0.000000,xspeed:16.200000,yspeed:0.160000,angle:1.340000,distense:177.200000,rcs:24.000000
