timestame:1619471499.291000000,objid:0,type:0,xpos:0.000000,ypos:0.000000,xspeed:7.880000,yspeed:0.120000,angle:1.810000,distense:91.600000,rcs:22.000000
timestame:1619471499.291000000,objid:3,type:0,xpos:0.000000,ypos:0.000000,xspeed:7.730000,yspeed:0.010000,angle:3.320000,distense:121.000000,rcs:12.000000
timestame:1619471499.291000000,objid:10,type:0,xpos:0.000000,ypos:0.000000,xspeed:7.130000,yspeed:0.340000,angle:5.520000,distense:80.200000,rcs:22.000000
