timestame:1619470025.563000000,objid:0,type:0,xpos:0.000000,ypos:0.000000,xspeed:6.990000,yspeed:0.000000,angle:2.340000,distense:31.600000,rcs:9.000000
timestame:1619470025.563000000,objid:7,type:0,xpos:0.000000,ypos:0.000000,xspeed:-14.210000,yspeed:0.010000,angle:-18.000000,distense:22.200000,rcs:6.000000
timestame:1619470025.563000000,objid:9,type:0,xpos:0.000000,ypos:0.000000,xspeed:-1.950000,yspeed:-0.940000,angle:-18.000000,distense:28.400000,rcs:6.000000
timestame:1619470025.563000000,objid:15,type:0,xpos:0.000000,ypos:0.000000,xspeed:-2.410000,yspeed:-0.580000,angle:-18.000000,distense:26.800000,rcs:6.000000
