timestame:1619470967.227000000,objid:0,type:0,xpos:0.000000,ypos:0.000000,xspeed:4.600000,yspeed:0.190000,angle:5.460000,distense:67.000000,rcs:34.000000
timestame:1619470967.227000000,objid:1,type:0,xpos:0.000000,ypos:0.000000,xspeed:13.640000,yspeed:0.300000,angle:1.050000,distense:166.000000,rcs:19.000000
timestame:1619470967.227000000,objid:6,type:0,xpos:0.000000,ypos:0.000000,xspeed:11.600000,yspeed:0.320000,angle:1.880000,distense:140.200000,rcs:9.000000
timestame:1619470967.227000000,objid:7,type:0,xpos:0.000000,ypos:0.000000,xspeed:6.310000,yspeed:1.910000,angle:21.340000,distense:25.600000,rcs:19.000000
