timestame:1619470800.870000000,objid:2,type:0,xpos:0.000000,ypos:0.000000,xspeed:-10.380000,yspeed:-1.130000,angle:-9.380000,distense:30.800000,rcs:6.000000
timestame:1619470800.870000000,objid:4,type:0,xpos:0.000000,ypos:0.000000,xspeed:-1.910000,yspeed:-2.160000,angle:-11.210000,distense:43.000000,rcs:35.000000
timestame:1619470800.870000000,objid:15,type:0,xpos:0.000000,ypos:0.000000,xspeed:-1.180000,yspeed:-1.600000,angle:-18.000000,distense:37.200000,rcs:22.000000
