timestame:1619471320.325000000,objid:0,type:0,xpos:0.000000,ypos:0.000000,xspeed:2.660000,yspeed:-7.350000,angle:21.270000,distense:49.800000,rcs:29.000000
timestame:1619471320.325000000,objid:1,type:0,xpos:0.000000,ypos:0.000000,xspeed:-7.320000,yspeed:-0.520000,angle:-6.610000,distense:99.000000,rcs:19.000000
timestame:1619471320.325000000,objid:3,type:0,xpos:0.000000,ypos:0.000000,xspeed:-14.820000,yspeed:-0.300000,angle:-3.420000,distense:180.000000,rcs:6.000000
timestame:1619471320.325000000,objid:4,type:0,xpos:0.000000,ypos:0.000000,xspeed:-16.470000,yspeed:-3.460000,angle:-3.220000,distense:185.800000,rcs:6.000000
