timestame:1619470287.264000000,objid:2,type:0,xpos:0.000000,ypos:0.000000,xspeed:-12.620000,yspeed:-0.110000,angle:-8.420000,distense:102.400000,rcs:23.000000
timestame:1619470287.264000000,objid:5,type:0,xpos:0.000000,ypos:0.000000,xspeed:-5.560000,yspeed:-0.460000,angle:-18.000000,distense:41.200000,rcs:28.000000
timestame:1619470287.264000000,objid:7,type:0,xpos:0.000000,ypos:0.000000,xspeed:-5.370000,yspeed:-0.430000,angle:-18.000000,distense:36.600000,rcs:20.000000
timestame:1619470287.264000000,objid:11,type:0,xpos:0.000000,ypos:0.000000,xspeed:-5.440000,yspeed:-0.320000,angle:-18.000000,distense:30.600000,rcs:16.000000
