timestame:1619471264.456000000,objid:2,type:0,xpos:0.000000,ypos:0.000000,xspeed:12.920000,yspeed:0.070000,angle:2.730000,distense:131.800000,rcs:27.000000
timestame:1619471264.456000000,objid:6,type:0,xpos:0.000000,ypos:0.000000,xspeed:12.930000,yspeed:-0.070000,angle:2.500000,distense:143.800000,rcs:15.000000
timestame:1619471264.456000000,objid:10,type:0,xpos:0.000000,ypos:0.000000,xspeed:12.830000,yspeed:-0.050000,angle:2.850000,distense:119.200000,rcs:31.000000
