timestame:1619469785.771000000,objid:1,type:0,xpos:0.000000,ypos:0.000000,xspeed:-19.130000,yspeed:-1.490000,angle:-8.100000,distense:111.000000,rcs:13.000000
timestame:1619469785.771000000,objid:2,type:0,xpos:0.000000,ypos:0.000000,xspeed:16.860000,yspeed:0.070000,angle:0.950000,distense:191.200000,rcs:12.000000
timestame:1619469785.771000000,objid:4,type:0,xpos:0.000000,ypos:0.000000,xspeed:-17.260000,yspeed:-0.280000,angle:-8.450000,distense:103.000000,rcs:15.000000
timestame:1619469785.771000000,objid:10,type:0,xpos:0.000000,ypos:0.000000,xspeed:16.820000,yspeed:0.220000,angle:1.210000,distense:178.400000,rcs:30.000000
