timestame:1619470462.207000000,objid:0,type:0,xpos:0.000000,ypos:0.000000,xspeed:-15.090000,yspeed:-0.720000,angle:-9.610000,distense:74.400000,rcs:9.000000
timestame:1619470462.207000000,objid:2,type:0,xpos:0.000000,ypos:0.000000,xspeed:5.990000,yspeed:0.140000,angle:3.260000,distense:188.400000,rcs:19.000000
