timestame:1619470061.484000000,objid:1,type:0,xpos:0.000000,ypos:0.000000,xspeed:-20.800000,yspeed:0.850000,angle:-4.700000,distense:141.600000,rcs:12.000000
timestame:1619470061.484000000,objid:2,type:0,xpos:0.000000,ypos:0.000000,xspeed:-8.500000,yspeed:-0.220000,angle:-6.010000,distense:73.600000,rcs:26.000000
timestame:1619470061.484000000,objid:4,type:0,xpos:0.000000,ypos:0.000000,xspeed:-3.910000,yspeed:-2.070000,angle:-6.890000,distense:71.000000,rcs:24.000000
timestame:1619470061.484000000,objid:5,type:0,xpos:0.000000,ypos:0.000000,xspeed:9.920000,yspeed:0.460000,angle:2.840000,distense:201.000000,rcs:22.000000
