timestame:1619470859.826000000,objid:0,type:0,xpos:0.000000,ypos:0.000000,xspeed:5.970000,yspeed:3.730000,angle:-15.890000,distense:42.200000,rcs:6.000000
timestame:1619470859.826000000,objid:1,type:0,xpos:0.000000,ypos:0.000000,xspeed:3.220000,yspeed:0.510000,angle:-13.970000,distense:40.800000,rcs:6.000000
