timestame:1619469856.163000000,objid:4,type:0,xpos:0.000000,ypos:0.000000,xspeed:-9.140000,yspeed:3.900000,angle:5.950000,distense:42.600000,rcs:6.000000
timestame:1619469856.163000000,objid:5,type:0,xpos:0.000000,ypos:0.000000,xspeed:-1.600000,yspeed:-1.460000,angle:-6.970000,distense:61.000000,rcs:6.000000
timestame:1619469856.163000000,objid:10,type:0,xpos:0.000000,ypos:0.000000,xspeed:-10.770000,yspeed:-0.100000,angle:-5.150000,distense:128.200000,rcs:21.000000
