timestame:1619469621.614000000,objid:1,type:0,xpos:0.000000,ypos:0.000000,xspeed:-3.170000,yspeed:0.170000,angle:-14.470000,distense:64.800000,rcs:24.000000
timestame:1619469621.614000000,objid:2,type:0,xpos:0.000000,ypos:0.000000,xspeed:-3.930000,yspeed:-0.370000,angle:-12.880000,distense:76.400000,rcs:21.000000
timestame:1619469621.614000000,objid:4,type:0,xpos:0.000000,ypos:0.000000,xspeed:-15.470000,yspeed:0.110000,angle:-7.050000,distense:87.800000,rcs:13.000000
