timestame:1619471225.484000000,objid:1,type:0,xpos:0.000000,ypos:0.000000,xspeed:5.820000,yspeed:-1.170000,angle:-7.030000,distense:41.200000,rcs:29.000000
timestame:1619471225.484000000,objid:6,type:0,xpos:0.000000,ypos:0.000000,xspeed:5.090000,yspeed:0.210000,angle:2.460000,distense:76.200000,rcs:9.000000
timestame:1619471225.484000000,objid:9,type:0,xpos:0.000000,ypos:0.000000,xspeed:5.140000,yspeed:0.090000,angle:2.430000,distense:57.800000,rcs:40.000000
