timestame:1619470287.824000000,objid:2,type:0,xpos:0.000000,ypos:0.000000,xspeed:-12.390000,yspeed:-0.130000,angle:-9.100000,distense:95.400000,rcs:22.000000
timestame:1619470287.824000000,objid:5,type:0,xpos:0.000000,ypos:0.000000,xspeed:-5.530000,yspeed:-0.510000,angle:-18.000000,distense:38.400000,rcs:20.000000
timestame:1619470287.824000000,objid:7,type:0,xpos:0.000000,ypos:0.000000,xspeed:-5.330000,yspeed:-0.300000,angle:-18.000000,distense:33.800000,rcs:24.000000
timestame:1619470287.824000000,objid:11,type:0,xpos:0.000000,ypos:0.000000,xspeed:-5.420000,yspeed:-0.410000,angle:-18.000000,distense:28.000000,rcs:16.000000
