timestame:1619470973.625000000,objid:0,type:0,xpos:0.000000,ypos:0.000000,xspeed:6.190000,yspeed:-0.030000,angle:3.680000,distense:104.000000,rcs:25.000000
timestame:1619470973.625000000,objid:2,type:0,xpos:0.000000,ypos:0.000000,xspeed:1.680000,yspeed:3.880000,angle:-4.580000,distense:45.200000,rcs:12.000000
timestame:1619470973.625000000,objid:3,type:0,xpos:0.000000,ypos:0.000000,xspeed:6.470000,yspeed:-0.430000,angle:2.570000,distense:112.800000,rcs:16.000000
timestame:1619470973.625000000,objid:9,type:0,xpos:0.000000,ypos:0.000000,xspeed:2.920000,yspeed:2.670000,angle:-12.910000,distense:38.800000,rcs:13.000000
