timestame:1619471258.949000000,objid:2,type:0,xpos:0.000000,ypos:0.000000,xspeed:12.210000,yspeed:0.620000,angle:5.640000,distense:61.200000,rcs:40.000000
timestame:1619471258.949000000,objid:3,type:0,xpos:0.000000,ypos:0.000000,xspeed:-14.920000,yspeed:-0.500000,angle:-18.000000,distense:46.000000,rcs:20.000000
timestame:1619471258.949000000,objid:6,type:0,xpos:0.000000,ypos:0.000000,xspeed:12.260000,yspeed:0.190000,angle:5.540000,distense:73.200000,rcs:20.000000
timestame:1619471258.949000000,objid:10,type:0,xpos:0.000000,ypos:0.000000,xspeed:12.340000,yspeed:0.590000,angle:6.190000,distense:49.400000,rcs:27.000000
