timestame:1619471498.423000000,objid:0,type:0,xpos:0.000000,ypos:0.000000,xspeed:7.530000,yspeed:0.070000,angle:1.860000,distense:84.600000,rcs:33.000000
timestame:1619471498.423000000,objid:3,type:0,xpos:0.000000,ypos:0.000000,xspeed:7.350000,yspeed:0.030000,angle:3.550000,distense:114.000000,rcs:22.000000
timestame:1619471498.423000000,objid:5,type:0,xpos:0.000000,ypos:0.000000,xspeed:6.490000,yspeed:-0.060000,angle:1.430000,distense:90.600000,rcs:19.000000
timestame:1619471498.423000000,objid:10,type:0,xpos:0.000000,ypos:0.000000,xspeed:6.850000,yspeed:0.490000,angle:5.950000,distense:73.800000,rcs:20.000000
