timestame:1619469975.147000000,objid:6,type:0,xpos:0.000000,ypos:0.000000,xspeed:-1.050000,yspeed:-1.870000,angle:-15.660000,distense:36.000000,rcs:19.000000
timestame:1619469975.147000000,objid:7,type:0,xpos:0.000000,ypos:0.000000,xspeed:-2.500000,yspeed:-4.190000,angle:-17.830000,distense:37.400000,rcs:35.000000
timestame:1619469975.147000000,objid:14,type:0,xpos:0.000000,ypos:0.000000,xspeed:-2.120000,yspeed:-2.320000,angle:-18.000000,distense:32.200000,rcs:13.000000
