timestame:1619471450.435000000,objid:3,type:0,xpos:0.000000,ypos:0.000000,xspeed:-2.750000,yspeed:-0.170000,angle:-6.320000,distense:103.600000,rcs:16.000000
timestame:1619471450.435000000,objid:11,type:0,xpos:0.000000,ypos:0.000000,xspeed:-1.970000,yspeed:0.120000,angle:-7.880000,distense:95.400000,rcs:9.000000
timestame:1619471450.435000000,objid:13,type:0,xpos:0.000000,ypos:0.000000,xspeed:-3.660000,yspeed:0.110000,angle:19.840000,distense:40.600000,rcs:18.000000
