timestame:1619470771.806000000,objid:0,type:0,xpos:0.000000,ypos:0.000000,xspeed:-10.220000,yspeed:-0.160000,angle:-6.220000,distense:136.000000,rcs:21.000000
timestame:1619470771.806000000,objid:1,type:0,xpos:0.000000,ypos:0.000000,xspeed:13.510000,yspeed:0.120000,angle:1.620000,distense:113.800000,rcs:20.000000
timestame:1619470771.806000000,objid:2,type:0,xpos:0.000000,ypos:0.000000,xspeed:-10.370000,yspeed:0.940000,angle:-6.210000,distense:132.000000,rcs:21.000000
timestame:1619470771.806000000,objid:3,type:0,xpos:0.000000,ypos:0.000000,xspeed:4.660000,yspeed:0.000000,angle:-18.000000,distense:55.000000,rcs:9.000000
