timestame:1619470780.067000000,objid:2,type:0,xpos:0.000000,ypos:0.000000,xspeed:1.800000,yspeed:-3.570000,angle:2.520000,distense:43.800000,rcs:13.000000
timestame:1619470780.067000000,objid:4,type:0,xpos:0.000000,ypos:0.000000,xspeed:-2.110000,yspeed:-0.640000,angle:-1.400000,distense:45.200000,rcs:9.000000
timestame:1619470780.067000000,objid:8,type:0,xpos:0.000000,ypos:0.000000,xspeed:-1.050000,yspeed:-3.190000,angle:-0.110000,distense:40.400000,rcs:33.000000
timestame:1619470780.067000000,objid:13,type:0,xpos:0.000000,ypos:0.000000,xspeed:-40.210000,yspeed:0.260000,angle:-11.530000,distense:23.800000,rcs:32.000000
