timestame:1619470734.129000000,objid:1,type:0,xpos:0.000000,ypos:0.000000,xspeed:12.090000,yspeed:0.190000,angle:2.570000,distense:76.600000,rcs:13.000000
timestame:1619470734.129000000,objid:6,type:0,xpos:0.000000,ypos:0.000000,xspeed:12.400000,yspeed:0.550000,angle:2.530000,distense:66.000000,rcs:39.000000
