timestame:1619470112.180000000,objid:2,type:0,xpos:0.000000,ypos:0.000000,xspeed:6.740000,yspeed:1.750000,angle:17.960000,distense:30.600000,rcs:6.000000
timestame:1619470112.180000000,objid:3,type:0,xpos:0.000000,ypos:0.000000,xspeed:22.980000,yspeed:-3.690000,angle:-16.290000,distense:22.800000,rcs:16.000000
timestame:1619470112.180000000,objid:7,type:0,xpos:0.000000,ypos:0.000000,xspeed:6.270000,yspeed:1.050000,angle:22.580000,distense:28.200000,rcs:27.000000
