timestame:1619469881.723000000,objid:0,type:0,xpos:0.000000,ypos:0.000000,xspeed:-6.000000,yspeed:-1.440000,angle:-18.000000,distense:26.800000,rcs:9.000000
timestame:1619469881.723000000,objid:2,type:0,xpos:0.000000,ypos:0.000000,xspeed:-2.410000,yspeed:-1.720000,angle:-18.000000,distense:34.000000,rcs:24.000000
timestame:1619469881.723000000,objid:6,type:0,xpos:0.000000,ypos:0.000000,xspeed:-4.890000,yspeed:-1.930000,angle:-18.000000,distense:26.600000,rcs:6.000000
timestame:1619469881.723000000,objid:9,type:0,xpos:0.000000,ypos:0.000000,xspeed:-4.900000,yspeed:-1.870000,angle:-18.000000,distense:29.600000,rcs:20.000000
