timestame:1619471221.650000000,objid:0,type:0,xpos:0.000000,ypos:0.000000,xspeed:1.290000,yspeed:0.200000,angle:1.260000,distense:55.000000,rcs:12.000000
timestame:1619471221.650000000,objid:6,type:0,xpos:0.000000,ypos:0.000000,xspeed:3.890000,yspeed:0.100000,angle:2.140000,distense:56.800000,rcs:9.000000
timestame:1619471221.650000000,objid:9,type:0,xpos:0.000000,ypos:0.000000,xspeed:3.880000,yspeed:0.220000,angle:2.740000,distense:38.000000,rcs:42.000000
timestame:1619471221.650000000,objid:10,type:0,xpos:0.000000,ypos:0.000000,xspeed:3.840000,yspeed:0.250000,angle:1.480000,distense:47.000000,rcs:12.000000
