timestame:1619470496.872000000,objid:6,type:0,xpos:0.000000,ypos:0.000000,xspeed:-1.400000,yspeed:4.700000,angle:-10.150000,distense:46.800000,rcs:21.000000
timestame:1619470496.872000000,objid:7,type:0,xpos:0.000000,ypos:0.000000,xspeed:-2.410000,yspeed:-4.570000,angle:-12.570000,distense:48.200000,rcs:13.000000
