timestame:1619470738.160000000,objid:0,type:0,xpos:0.000000,ypos:0.000000,xspeed:-16.110000,yspeed:-0.520000,angle:-4.540000,distense:145.800000,rcs:13.000000
timestame:1619470738.160000000,objid:1,type:0,xpos:0.000000,ypos:0.000000,xspeed:11.860000,yspeed:-0.100000,angle:1.140000,distense:123.800000,rcs:12.000000
timestame:1619470738.160000000,objid:6,type:0,xpos:0.000000,ypos:0.000000,xspeed:12.110000,yspeed:0.080000,angle:1.430000,distense:113.600000,rcs:32.000000
