timestame:1619471314.913000000,objid:1,type:0,xpos:0.000000,ypos:0.000000,xspeed:-15.050000,yspeed:-1.070000,angle:-4.510000,distense:152.200000,rcs:20.000000
timestame:1619471314.913000000,objid:2,type:0,xpos:0.000000,ypos:0.000000,xspeed:-2.660000,yspeed:5.360000,angle:-17.250000,distense:36.600000,rcs:12.000000
timestame:1619471314.913000000,objid:4,type:0,xpos:0.000000,ypos:0.000000,xspeed:-1.420000,yspeed:5.530000,angle:-17.260000,distense:36.800000,rcs:6.000000
