timestame:1619470831.461000000,objid:1,type:0,xpos:0.000000,ypos:0.000000,xspeed:9.250000,yspeed:0.140000,angle:3.160000,distense:108.000000,rcs:20.000000
timestame:1619470831.461000000,objid:2,type:0,xpos:0.000000,ypos:0.000000,xspeed:7.450000,yspeed:-0.120000,angle:2.860000,distense:111.200000,rcs:13.000000
timestame:1619470831.461000000,objid:3,type:0,xpos:0.000000,ypos:0.000000,xspeed:8.740000,yspeed:0.030000,angle:3.770000,distense:100.200000,rcs:22.000000
timestame:1619470831.461000000,objid:6,type:0,xpos:0.000000,ypos:0.000000,xspeed:11.660000,yspeed:-0.010000,angle:1.320000,distense:138.200000,rcs:19.000000
