timestame:1619469556.375000000,objid:2,type:0,xpos:0.000000,ypos:0.000000,xspeed:-1.040000,yspeed:4.730000,angle:-15.090000,distense:38.400000,rcs:25.000000
timestame:1619469556.375000000,objid:4,type:0,xpos:0.000000,ypos:0.000000,xspeed:-1.770000,yspeed:6.030000,angle:-1.370000,distense:41.600000,rcs:27.000000
timestame:1619469556.375000000,objid:5,type:0,xpos:0.000000,ypos:0.000000,xspeed:-2.490000,yspeed:7.490000,angle:3.750000,distense:41.200000,rcs:31.000000
timestame:1619469556.375000000,objid:10,type:0,xpos:0.000000,ypos:0.000000,xspeed:1.410000,yspeed:-4.850000,angle:4.870000,distense:50.000000,rcs:22.000000
