timestame:1619470709.145000000,objid:1,type:0,xpos:0.000000,ypos:0.000000,xspeed:12.790000,yspeed:0.270000,angle:2.170000,distense:204.200000,rcs:6.000000
timestame:1619470709.145000000,objid:2,type:0,xpos:0.000000,ypos:0.000000,xspeed:3.810000,yspeed:0.670000,angle:22.000000,distense:23.200000,rcs:22.000000
timestame:1619470709.145000000,objid:3,type:0,xpos:0.000000,ypos:0.000000,xspeed:20.610000,yspeed:10.550000,angle:-16.030000,distense:50.200000,rcs:6.000000
timestame:1619470709.145000000,objid:7,type:0,xpos:0.000000,ypos:0.000000,xspeed:9.910000,yspeed:5.450000,angle:-12.620000,distense:25.600000,rcs:22.000000
