timestame:1619470729.348000000,objid:0,type:0,xpos:0.000000,ypos:0.000000,xspeed:-12.520000,yspeed:-0.330000,angle:-12.000000,distense:61.000000,rcs:19.000000
timestame:1619470729.348000000,objid:1,type:0,xpos:0.000000,ypos:0.000000,xspeed:12.590000,yspeed:0.460000,angle:4.220000,distense:18.000000,rcs:34.000000
timestame:1619470729.348000000,objid:3,type:0,xpos:0.000000,ypos:0.000000,xspeed:-13.290000,yspeed:-2.890000,angle:-14.100000,distense:57.600000,rcs:26.000000
