timestame:1619470121.179000000,objid:4,type:0,xpos:0.000000,ypos:0.000000,xspeed:4.310000,yspeed:4.020000,angle:-11.300000,distense:17.400000,rcs:20.000000
timestame:1619470121.179000000,objid:5,type:0,xpos:0.000000,ypos:0.000000,xspeed:-1.980000,yspeed:-0.200000,angle:16.420000,distense:22.600000,rcs:6.000000
timestame:1619470121.179000000,objid:6,type:0,xpos:0.000000,ypos:0.000000,xspeed:8.010000,yspeed:-0.370000,angle:22.320000,distense:20.400000,rcs:29.000000
timestame:1619470121.179000000,objid:8,type:0,xpos:0.000000,ypos:0.000000,xspeed:4.550000,yspeed:1.390000,angle:-16.510000,distense:23.400000,rcs:33.000000
