timestame:1619469624.552000000,objid:1,type:0,xpos:0.000000,ypos:0.000000,xspeed:-4.370000,yspeed:-0.260000,angle:-18.000000,distense:51.800000,rcs:20.000000
timestame:1619469624.552000000,objid:2,type:0,xpos:0.000000,ypos:0.000000,xspeed:-4.110000,yspeed:-0.180000,angle:-15.480000,distense:65.000000,rcs:24.000000
timestame:1619469624.552000000,objid:4,type:0,xpos:0.000000,ypos:0.000000,xspeed:-13.390000,yspeed:-0.480000,angle:-14.500000,distense:50.200000,rcs:25.000000
