timestame:1619470912.562000000,objid:0,type:0,xpos:0.000000,ypos:0.000000,xspeed:6.230000,yspeed:3.010000,angle:21.900000,distense:27.400000,rcs:27.000000
timestame:1619470912.562000000,objid:2,type:0,xpos:0.000000,ypos:0.000000,xspeed:16.540000,yspeed:-13.980000,angle:-1.750000,distense:49.200000,rcs:6.000000
timestame:1619470912.562000000,objid:7,type:0,xpos:0.000000,ypos:0.000000,xspeed:4.100000,yspeed:2.230000,angle:-17.840000,distense:38.400000,rcs:18.000000
timestame:1619470912.562000000,objid:10,type:0,xpos:0.000000,ypos:0.000000,xspeed:3.520000,yspeed:1.070000,angle:-17.580000,distense:31.800000,rcs:19.000000
