timestame:1619470116.821000000,objid:5,type:0,xpos:0.000000,ypos:0.000000,xspeed:-8.210000,yspeed:-0.870000,angle:13.390000,distense:31.200000,rcs:15.000000
timestame:1619470116.821000000,objid:10,type:0,xpos:0.000000,ypos:0.000000,xspeed:2.930000,yspeed:4.930000,angle:-9.330000,distense:41.400000,rcs:15.000000
