timestame:1619470945.379000000,objid:1,type:0,xpos:0.000000,ypos:0.000000,xspeed:-7.450000,yspeed:-0.180000,angle:-18.000000,distense:33.800000,rcs:13.000000
timestame:1619470945.379000000,objid:5,type:0,xpos:0.000000,ypos:0.000000,xspeed:-6.400000,yspeed:-0.330000,angle:-18.000000,distense:41.200000,rcs:6.000000
timestame:1619470945.379000000,objid:7,type:0,xpos:0.000000,ypos:0.000000,xspeed:-5.970000,yspeed:-0.300000,angle:-18.000000,distense:38.800000,rcs:6.000000
