timestame:1619470104.492000000,objid:6,type:0,xpos:0.000000,ypos:0.000000,xspeed:-3.180000,yspeed:0.140000,angle:16.220000,distense:25.800000,rcs:12.000000
timestame:1619470104.492000000,objid:9,type:0,xpos:0.000000,ypos:0.000000,xspeed:4.390000,yspeed:1.270000,angle:21.860000,distense:21.800000,rcs:27.000000
timestame:1619470104.492000000,objid:11,type:0,xpos:0.000000,ypos:0.000000,xspeed:1.840000,yspeed:0.730000,angle:14.380000,distense:20.400000,rcs:15.000000
