timestame:1619470611.108000000,objid:0,type:0,xpos:0.000000,ypos:0.000000,xspeed:-20.690000,yspeed:0.000000,angle:-3.450000,distense:204.400000,rcs:12.000000
timestame:1619470611.108000000,objid:3,type:0,xpos:0.000000,ypos:0.000000,xspeed:1.790000,yspeed:5.670000,angle:-12.090000,distense:33.800000,rcs:19.000000
timestame:1619470611.108000000,objid:4,type:0,xpos:0.000000,ypos:0.000000,xspeed:5.730000,yspeed:-0.330000,angle:22.800000,distense:31.800000,rcs:15.000000
