timestame:1619471236.960000000,objid:0,type:0,xpos:0.000000,ypos:0.000000,xspeed:8.080000,yspeed:-0.020000,angle:1.220000,distense:149.800000,rcs:9.000000
timestame:1619471236.960000000,objid:9,type:0,xpos:0.000000,ypos:0.000000,xspeed:8.280000,yspeed:-0.080000,angle:1.210000,distense:140.400000,rcs:19.000000
