timestame:1619470561.893000000,objid:0,type:0,xpos:0.000000,ypos:0.000000,xspeed:5.570000,yspeed:-0.440000,angle:2.480000,distense:201.800000,rcs:9.000000
timestame:1619470561.893000000,objid:1,type:0,xpos:0.000000,ypos:0.000000,xspeed:5.930000,yspeed:-0.340000,angle:3.950000,distense:193.600000,rcs:22.000000
timestame:1619470561.893000000,objid:2,type:0,xpos:0.000000,ypos:0.000000,xspeed:9.540000,yspeed:-0.520000,angle:2.970000,distense:210.800000,rcs:12.000000
timestame:1619470561.893000000,objid:3,type:0,xpos:0.000000,ypos:0.000000,xspeed:9.630000,yspeed:0.290000,angle:1.910000,distense:81.200000,rcs:35.000000
