timestame:1619470213.585000000,objid:1,type:0,xpos:0.000000,ypos:0.000000,xspeed:-2.230000,yspeed:9.810000,angle:-4.600000,distense:40.600000,rcs:12.000000
timestame:1619470213.585000000,objid:2,type:0,xpos:0.000000,ypos:0.000000,xspeed:-2.100000,yspeed:7.940000,angle:-3.060000,distense:40.400000,rcs:22.000000
timestame:1619470213.585000000,objid:6,type:0,xpos:0.000000,ypos:0.000000,xspeed:-6.100000,yspeed:7.660000,angle:-0.140000,distense:38.600000,rcs:6.000000
timestame:1619470213.585000000,objid:9,type:0,xpos:0.000000,ypos:0.000000,xspeed:1.240000,yspeed:12.550000,angle:-0.580000,distense:40.000000,rcs:23.000000
