timestame:1619469925.944000000,objid:1,type:0,xpos:0.000000,ypos:0.000000,xspeed:6.650000,yspeed:0.220000,angle:1.510000,distense:167.200000,rcs:15.000000
timestame:1619469925.944000000,objid:8,type:0,xpos:0.000000,ypos:0.000000,xspeed:6.610000,yspeed:0.010000,angle:1.220000,distense:160.000000,rcs:25.000000
