timestame:1619470015.980000000,objid:0,type:0,xpos:0.000000,ypos:0.000000,xspeed:-1.870000,yspeed:-1.050000,angle:-18.000000,distense:30.000000,rcs:6.000000
timestame:1619470015.980000000,objid:1,type:0,xpos:0.000000,ypos:0.000000,xspeed:-1.150000,yspeed:-2.520000,angle:9.900000,distense:38.200000,rcs:30.000000
timestame:1619470015.980000000,objid:5,type:0,xpos:0.000000,ypos:0.000000,xspeed:-1.330000,yspeed:-1.900000,angle:-18.000000,distense:35.400000,rcs:12.000000
timestame:1619470015.980000000,objid:14,type:0,xpos:0.000000,ypos:0.000000,xspeed:-1.570000,yspeed:-1.590000,angle:-18.000000,distense:33.400000,rcs:27.000000
