timestame:1619469657.644000000,objid:7,type:0,xpos:0.000000,ypos:0.000000,xspeed:24.570000,yspeed:0.420000,angle:1.020000,distense:201.800000,rcs:13.000000
timestame:1619469657.644000000,objid:8,type:0,xpos:0.000000,ypos:0.000000,xspeed:2.290000,yspeed:3.220000,angle:-9.880000,distense:39.800000,rcs:9.000000
