timestame:1619471559.134000000,objid:3,type:0,xpos:0.000000,ypos:0.000000,xspeed:-1.780000,yspeed:1.550000,angle:-0.050000,distense:38.200000,rcs:32.000000
timestame:1619471559.134000000,objid:7,type:0,xpos:0.000000,ypos:0.000000,xspeed:-2.410000,yspeed:-1.460000,angle:-18.000000,distense:31.800000,rcs:15.000000
timestame:1619471559.134000000,objid:12,type:0,xpos:0.000000,ypos:0.000000,xspeed:2.530000,yspeed:2.270000,angle:-13.650000,distense:37.000000,rcs:9.000000
timestame:1619471559.134000000,objid:13,type:0,xpos:0.000000,ypos:0.000000,xspeed:-2.300000,yspeed:0.310000,angle:1.790000,distense:44.200000,rcs:20.000000
