timestame:1619471164.542000000,objid:0,type:0,xpos:0.000000,ypos:0.000000,xspeed:-10.480000,yspeed:2.540000,angle:-3.210000,distense:162.000000,rcs:12.000000
timestame:1619471164.542000000,objid:3,type:0,xpos:0.000000,ypos:0.000000,xspeed:3.030000,yspeed:5.010000,angle:-7.790000,distense:44.400000,rcs:6.000000
timestame:1619471164.542000000,objid:8,type:0,xpos:0.000000,ypos:0.000000,xspeed:2.930000,yspeed:4.560000,angle:-6.540000,distense:46.600000,rcs:6.000000
