timestame:1619470013.821000000,objid:0,type:0,xpos:0.000000,ypos:0.000000,xspeed:-1.850000,yspeed:-1.550000,angle:-18.000000,distense:32.600000,rcs:12.000000
timestame:1619470013.821000000,objid:1,type:0,xpos:0.000000,ypos:0.000000,xspeed:-1.900000,yspeed:-3.950000,angle:16.960000,distense:41.800000,rcs:26.000000
timestame:1619470013.821000000,objid:8,type:0,xpos:0.000000,ypos:0.000000,xspeed:-3.770000,yspeed:-5.670000,angle:-1.970000,distense:58.600000,rcs:9.000000
