timestame:1619471060.513000000,objid:1,type:0,xpos:0.000000,ypos:0.000000,xspeed:-3.500000,yspeed:-2.410000,angle:-18.000000,distense:28.600000,rcs:9.000000
timestame:1619471060.513000000,objid:8,type:0,xpos:0.000000,ypos:0.000000,xspeed:-1.290000,yspeed:2.970000,angle:-8.720000,distense:37.800000,rcs:18.000000
timestame:1619471060.513000000,objid:9,type:0,xpos:0.000000,ypos:0.000000,xspeed:-2.510000,yspeed:0.000000,angle:-8.920000,distense:78.600000,rcs:12.000000
timestame:1619471060.513000000,objid:10,type:0,xpos:0.000000,ypos:0.000000,xspeed:-2.090000,yspeed:-0.280000,angle:-18.000000,distense:26.400000,rcs:12.000000
