timestame:1619471373.168000000,objid:1,type:0,xpos:0.000000,ypos:0.000000,xspeed:9.310000,yspeed:0.110000,angle:2.310000,distense:171.200000,rcs:25.000000
timestame:1619471373.168000000,objid:7,type:0,xpos:0.000000,ypos:0.000000,xspeed:10.000000,yspeed:0.200000,angle:1.490000,distense:217.600000,rcs:9.000000
