timestame:1619470936.586000000,objid:6,type:0,xpos:0.000000,ypos:0.000000,xspeed:16.310000,yspeed:0.000000,angle:-9.940000,distense:91.400000,rcs:19.000000
timestame:1619470936.586000000,objid:8,type:0,xpos:0.000000,ypos:0.000000,xspeed:1.000000,yspeed:0.280000,angle:9.710000,distense:22.000000,rcs:26.000000
