timestame:1619469791.224000000,objid:1,type:0,xpos:0.000000,ypos:0.000000,xspeed:-16.170000,yspeed:-0.740000,angle:-18.000000,distense:28.800000,rcs:13.000000
timestame:1619469791.224000000,objid:3,type:0,xpos:0.000000,ypos:0.000000,xspeed:12.550000,yspeed:1.760000,angle:-18.000000,distense:47.400000,rcs:26.000000
