timestame:1619470441.584000000,objid:1,type:0,xpos:0.000000,ypos:0.000000,xspeed:15.360000,yspeed:0.580000,angle:2.340000,distense:83.200000,rcs:28.000000
timestame:1619470441.584000000,objid:2,type:0,xpos:0.000000,ypos:0.000000,xspeed:3.790000,yspeed:0.040000,angle:9.440000,distense:81.000000,rcs:20.000000
