timestame:1619470614.136000000,objid:0,type:0,xpos:0.000000,ypos:0.000000,xspeed:1.910000,yspeed:-8.700000,angle:-14.200000,distense:55.000000,rcs:16.000000
timestame:1619470614.136000000,objid:1,type:0,xpos:0.000000,ypos:0.000000,xspeed:-1.090000,yspeed:2.290000,angle:-5.360000,distense:42.400000,rcs:22.000000
timestame:1619470614.136000000,objid:2,type:0,xpos:0.000000,ypos:0.000000,xspeed:-1.800000,yspeed:7.390000,angle:2.200000,distense:41.000000,rcs:12.000000
timestame:1619470614.136000000,objid:7,type:0,xpos:0.000000,ypos:0.000000,xspeed:-18.590000,yspeed:-1.980000,angle:-6.490000,distense:146.600000,rcs:9.000000
