timestame:1619469559.411000000,objid:2,type:0,xpos:0.000000,ypos:0.000000,xspeed:-1.030000,yspeed:4.510000,angle:6.910000,distense:34.400000,rcs:9.000000
timestame:1619469559.411000000,objid:5,type:0,xpos:0.000000,ypos:0.000000,xspeed:1.190000,yspeed:-1.230000,angle:-13.490000,distense:43.400000,rcs:6.000000
timestame:1619469559.411000000,objid:13,type:0,xpos:0.000000,ypos:0.000000,xspeed:1.830000,yspeed:-8.940000,angle:-18.000000,distense:59.600000,rcs:6.000000
timestame:1619469559.411000000,objid:14,type:0,xpos:0.000000,ypos:0.000000,xspeed:-4.070000,yspeed:11.290000,angle:-4.740000,distense:47.800000,rcs:6.000000
