timestame:1619471227.955000000,objid:0,type:0,xpos:0.000000,ypos:0.000000,xspeed:5.420000,yspeed:0.370000,angle:2.240000,distense:81.400000,rcs:13.000000
timestame:1619471227.955000000,objid:1,type:0,xpos:0.000000,ypos:0.000000,xspeed:4.570000,yspeed:-3.680000,angle:-16.380000,distense:53.800000,rcs:16.000000
timestame:1619471227.955000000,objid:9,type:0,xpos:0.000000,ypos:0.000000,xspeed:5.820000,yspeed:0.170000,angle:2.230000,distense:72.400000,rcs:36.000000
