timestame:1619471222.948000000,objid:0,type:0,xpos:0.000000,ypos:0.000000,xspeed:1.980000,yspeed:0.370000,angle:1.800000,distense:58.200000,rcs:9.000000
timestame:1619471222.948000000,objid:1,type:0,xpos:0.000000,ypos:0.000000,xspeed:5.920000,yspeed:-3.200000,angle:-7.260000,distense:26.000000,rcs:22.000000
timestame:1619471222.948000000,objid:6,type:0,xpos:0.000000,ypos:0.000000,xspeed:4.250000,yspeed:0.170000,angle:2.210000,distense:62.600000,rcs:9.000000
timestame:1619471222.948000000,objid:9,type:0,xpos:0.000000,ypos:0.000000,xspeed:4.280000,yspeed:0.390000,angle:3.160000,distense:44.000000,rcs:45.000000
