timestame:1619469761.193000000,objid:1,type:0,xpos:0.000000,ypos:0.000000,xspeed:1.290000,yspeed:5.810000,angle:-0.850000,distense:46.600000,rcs:6.000000
timestame:1619469761.193000000,objid:2,type:0,xpos:0.000000,ypos:0.000000,xspeed:39.760000,yspeed:-4.160000,angle:-4.500000,distense:50.400000,rcs:6.000000
timestame:1619469761.193000000,objid:3,type:0,xpos:0.000000,ypos:0.000000,xspeed:5.330000,yspeed:0.860000,angle:-16.950000,distense:16.800000,rcs:20.000000
