timestame:1619469577.634000000,objid:1,type:0,xpos:0.000000,ypos:0.000000,xspeed:-6.210000,yspeed:-2.490000,angle:-7.100000,distense:121.400000,rcs:12.000000
timestame:1619469577.634000000,objid:3,type:0,xpos:0.000000,ypos:0.000000,xspeed:-6.510000,yspeed:-0.280000,angle:-8.130000,distense:111.200000,rcs:20.000000
timestame:1619469577.634000000,objid:5,type:0,xpos:0.000000,ypos:0.000000,xspeed:-6.610000,yspeed:-0.230000,angle:-8.280000,distense:107.800000,rcs:18.000000
