timestame:1619471407.202000000,objid:7,type:0,xpos:0.000000,ypos:0.000000,xspeed:-1.050000,yspeed:-3.860000,angle:-5.380000,distense:42.600000,rcs:34.000000
timestame:1619471407.202000000,objid:9,type:0,xpos:0.000000,ypos:0.000000,xspeed:-1.200000,yspeed:6.390000,angle:14.400000,distense:40.400000,rcs:6.000000
timestame:1619471407.202000000,objid:11,type:0,xpos:0.000000,ypos:0.000000,xspeed:-15.630000,yspeed:-14.500000,angle:1.220000,distense:142.000000,rcs:12.000000
