timestame:1619470926.875000000,objid:3,type:0,xpos:0.000000,ypos:0.000000,xspeed:-8.890000,yspeed:-0.450000,angle:-8.430000,distense:105.600000,rcs:15.000000
timestame:1619470926.875000000,objid:4,type:0,xpos:0.000000,ypos:0.000000,xspeed:1.840000,yspeed:-3.030000,angle:5.580000,distense:14.600000,rcs:28.000000
