timestame:1619471222.640000000,objid:0,type:0,xpos:0.000000,ypos:0.000000,xspeed:1.730000,yspeed:0.310000,angle:1.640000,distense:57.000000,rcs:19.000000
timestame:1619471222.640000000,objid:1,type:0,xpos:0.000000,ypos:0.000000,xspeed:6.560000,yspeed:-10.720000,angle:-6.530000,distense:24.200000,rcs:25.000000
timestame:1619471222.640000000,objid:6,type:0,xpos:0.000000,ypos:0.000000,xspeed:4.200000,yspeed:0.230000,angle:2.310000,distense:61.200000,rcs:6.000000
timestame:1619471222.640000000,objid:9,type:0,xpos:0.000000,ypos:0.000000,xspeed:4.200000,yspeed:0.280000,angle:2.890000,distense:42.600000,rcs:43.000000
