timestame:1619470978.155000000,objid:0,type:0,xpos:0.000000,ypos:0.000000,xspeed:7.020000,yspeed:-0.280000,angle:2.450000,distense:135.600000,rcs:15.000000
timestame:1619470978.155000000,objid:2,type:0,xpos:0.000000,ypos:0.000000,xspeed:-16.980000,yspeed:-1.480000,angle:-3.730000,distense:170.600000,rcs:19.000000
timestame:1619470978.155000000,objid:3,type:0,xpos:0.000000,ypos:0.000000,xspeed:7.050000,yspeed:0.110000,angle:2.270000,distense:145.400000,rcs:6.000000
timestame:1619470978.155000000,objid:5,type:0,xpos:0.000000,ypos:0.000000,xspeed:-18.890000,yspeed:-0.110000,angle:-10.650000,distense:84.000000,rcs:9.000000
