timestame:1619470154.520000000,objid:3,type:0,xpos:0.000000,ypos:0.000000,xspeed:-4.910000,yspeed:-0.290000,angle:-18.000000,distense:44.800000,rcs:15.000000
timestame:1619470154.520000000,objid:5,type:0,xpos:0.000000,ypos:0.000000,xspeed:4.030000,yspeed:2.870000,angle:-16.040000,distense:34.400000,rcs:6.000000
timestame:1619470154.520000000,objid:7,type:0,xpos:0.000000,ypos:0.000000,xspeed:-15.080000,yspeed:-0.770000,angle:-7.780000,distense:114.000000,rcs:22.000000
timestame:1619470154.520000000,objid:13,type:0,xpos:0.000000,ypos:0.000000,xspeed:-14.970000,yspeed:-0.470000,angle:-7.340000,distense:118.800000,rcs:13.000000
