timestame:1619470744.795000000,objid:0,type:0,xpos:0.000000,ypos:0.000000,xspeed:-3.280000,yspeed:-0.910000,angle:-8.640000,distense:85.000000,rcs:18.000000
timestame:1619470744.795000000,objid:1,type:0,xpos:0.000000,ypos:0.000000,xspeed:-1.470000,yspeed:1.110000,angle:13.660000,distense:43.800000,rcs:12.000000
timestame:1619470744.795000000,objid:6,type:0,xpos:0.000000,ypos:0.000000,xspeed:12.550000,yspeed:0.370000,angle:1.290000,distense:196.800000,rcs:20.000000
