timestame:1619469553.212000000,objid:2,type:0,xpos:0.000000,ypos:0.000000,xspeed:-3.330000,yspeed:-3.250000,angle:-18.000000,distense:47.400000,rcs:16.000000
timestame:1619469553.212000000,objid:3,type:0,xpos:0.000000,ypos:0.000000,xspeed:-1.410000,yspeed:6.310000,angle:-18.000000,distense:51.600000,rcs:12.000000
