timestame:1619470564.134000000,objid:1,type:0,xpos:0.000000,ypos:0.000000,xspeed:6.960000,yspeed:-0.460000,angle:3.240000,distense:210.000000,rcs:15.000000
timestame:1619470564.134000000,objid:3,type:0,xpos:0.000000,ypos:0.000000,xspeed:11.180000,yspeed:0.150000,angle:1.510000,distense:107.200000,rcs:26.000000
timestame:1619470564.134000000,objid:6,type:0,xpos:0.000000,ypos:0.000000,xspeed:-4.900000,yspeed:-0.090000,angle:-18.000000,distense:38.400000,rcs:9.000000
