timestame:1619470770.625000000,objid:0,type:0,xpos:0.000000,ypos:0.000000,xspeed:-10.940000,yspeed:-0.280000,angle:-5.760000,distense:147.400000,rcs:9.000000
timestame:1619470770.625000000,objid:1,type:0,xpos:0.000000,ypos:0.000000,xspeed:12.330000,yspeed:0.230000,angle:1.950000,distense:96.000000,rcs:26.000000
timestame:1619470770.625000000,objid:2,type:0,xpos:0.000000,ypos:0.000000,xspeed:-11.200000,yspeed:1.260000,angle:-6.060000,distense:144.200000,rcs:13.000000
