timestame:1619470750.887000000,objid:8,type:0,xpos:0.000000,ypos:0.000000,xspeed:3.270000,yspeed:-6.280000,angle:-16.880000,distense:47.000000,rcs:20.000000
timestame:1619470750.887000000,objid:13,type:0,xpos:0.000000,ypos:0.000000,xspeed:-5.250000,yspeed:0.000000,angle:-18.000000,distense:31.800000,rcs:12.000000
