timestame:1619470481.825000000,objid:0,type:0,xpos:0.000000,ypos:0.000000,xspeed:-1.460000,yspeed:0.000000,angle:17.160000,distense:45.400000,rcs:27.000000
timestame:1619470481.825000000,objid:1,type:0,xpos:0.000000,ypos:0.000000,xspeed:-4.910000,yspeed:-0.070000,angle:-7.400000,distense:90.600000,rcs:22.000000
timestame:1619470481.825000000,objid:2,type:0,xpos:0.000000,ypos:0.000000,xspeed:1.680000,yspeed:-0.170000,angle:11.040000,distense:82.200000,rcs:6.000000
timestame:1619470481.825000000,objid:6,type:0,xpos:0.000000,ypos:0.000000,xspeed:-5.360000,yspeed:-0.890000,angle:-6.930000,distense:96.600000,rcs:18.000000
