timestame:1619471312.437000000,objid:2,type:0,xpos:0.000000,ypos:0.000000,xspeed:2.180000,yspeed:3.560000,angle:-10.000000,distense:43.600000,rcs:9.000000
timestame:1619471312.437000000,objid:3,type:0,xpos:0.000000,ypos:0.000000,xspeed:3.450000,yspeed:2.710000,angle:-14.160000,distense:38.400000,rcs:24.000000
