timestame:1619470481.204000000,objid:1,type:0,xpos:0.000000,ypos:0.000000,xspeed:-4.780000,yspeed:0.160000,angle:-6.940000,distense:93.800000,rcs:18.000000
timestame:1619470481.204000000,objid:2,type:0,xpos:0.000000,ypos:0.000000,xspeed:1.730000,yspeed:-0.430000,angle:10.960000,distense:81.200000,rcs:9.000000
timestame:1619470481.204000000,objid:6,type:0,xpos:0.000000,ypos:0.000000,xspeed:-2.780000,yspeed:1.780000,angle:-5.930000,distense:101.000000,rcs:12.000000
