timestame:1619470594.788000000,objid:5,type:0,xpos:0.000000,ypos:0.000000,xspeed:7.370000,yspeed:2.740000,angle:-17.360000,distense:36.400000,rcs:32.000000
timestame:1619470594.788000000,objid:6,type:0,xpos:0.000000,ypos:0.000000,xspeed:5.950000,yspeed:2.530000,angle:20.910000,distense:34.400000,rcs:25.000000
