timestame:1619469692.500000000,objid:2,type:0,xpos:0.000000,ypos:0.000000,xspeed:1.440000,yspeed:-7.560000,angle:-16.400000,distense:63.600000,rcs:9.000000
timestame:1619469692.500000000,objid:3,type:0,xpos:0.000000,ypos:0.000000,xspeed:1.160000,yspeed:-2.460000,angle:22.620000,distense:47.800000,rcs:6.000000
timestame:1619469692.500000000,objid:4,type:0,xpos:0.000000,ypos:0.000000,xspeed:1.090000,yspeed:-5.080000,angle:12.310000,distense:45.600000,rcs:28.000000
timestame:1619469692.500000000,objid:5,type:0,xpos:0.000000,ypos:0.000000,xspeed:-1.040000,yspeed:6.640000,angle:-15.330000,distense:36.400000,rcs:9.000000
