timestame:1619469818.018000000,objid:2,type:0,xpos:0.000000,ypos:0.000000,xspeed:1.110000,yspeed:-4.550000,angle:2.860000,distense:50.400000,rcs:9.000000
timestame:1619469818.018000000,objid:4,type:0,xpos:0.000000,ypos:0.000000,xspeed:-8.430000,yspeed:-0.300000,angle:-5.070000,distense:161.800000,rcs:13.000000
timestame:1619469818.018000000,objid:5,type:0,xpos:0.000000,ypos:0.000000,xspeed:-2.150000,yspeed:5.290000,angle:-17.130000,distense:44.000000,rcs:6.000000
timestame:1619469818.018000000,objid:6,type:0,xpos:0.000000,ypos:0.000000,xspeed:4.270000,yspeed:3.610000,angle:-13.940000,distense:37.200000,rcs:6.000000
