timestame:1619469555.446000000,objid:2,type:0,xpos:0.000000,ypos:0.000000,xspeed:-1.410000,yspeed:4.850000,angle:-18.000000,distense:40.000000,rcs:22.000000
timestame:1619469555.446000000,objid:3,type:0,xpos:0.000000,ypos:0.000000,xspeed:-1.800000,yspeed:5.780000,angle:-13.400000,distense:44.600000,rcs:12.000000
timestame:1619469555.446000000,objid:4,type:0,xpos:0.000000,ypos:0.000000,xspeed:-2.370000,yspeed:6.470000,angle:-8.020000,distense:43.000000,rcs:24.000000
