timestame:1619470736.235000000,objid:0,type:0,xpos:0.000000,ypos:0.000000,xspeed:-20.090000,yspeed:-7.230000,angle:-4.190000,distense:178.400000,rcs:6.000000
timestame:1619470736.235000000,objid:1,type:0,xpos:0.000000,ypos:0.000000,xspeed:11.970000,yspeed:-0.140000,angle:1.440000,distense:101.600000,rcs:9.000000
timestame:1619470736.235000000,objid:6,type:0,xpos:0.000000,ypos:0.000000,xspeed:12.020000,yspeed:0.140000,angle:1.760000,distense:91.000000,rcs:34.000000
