timestame:1619471305.912000000,objid:0,type:0,xpos:0.000000,ypos:0.000000,xspeed:2.880000,yspeed:2.650000,angle:22.710000,distense:21.000000,rcs:16.000000
timestame:1619471305.912000000,objid:1,type:0,xpos:0.000000,ypos:0.000000,xspeed:-7.020000,yspeed:1.680000,angle:-18.000000,distense:35.600000,rcs:13.000000
