timestame:1619470223.989000000,objid:8,type:0,xpos:0.000000,ypos:0.000000,xspeed:-2.080000,yspeed:7.800000,angle:2.260000,distense:39.000000,rcs:9.000000
timestame:1619470223.989000000,objid:11,type:0,xpos:0.000000,ypos:0.000000,xspeed:-2.010000,yspeed:6.630000,angle:3.450000,distense:38.400000,rcs:18.000000
