timestame:1619470787.842000000,objid:1,type:0,xpos:0.000000,ypos:0.000000,xspeed:-3.880000,yspeed:-2.120000,angle:-18.000000,distense:28.000000,rcs:20.000000
timestame:1619470787.842000000,objid:2,type:0,xpos:0.000000,ypos:0.000000,xspeed:-3.850000,yspeed:-2.540000,angle:-18.000000,distense:30.200000,rcs:22.000000
timestame:1619470787.842000000,objid:6,type:0,xpos:0.000000,ypos:0.000000,xspeed:-3.360000,yspeed:-1.310000,angle:-18.000000,distense:27.400000,rcs:20.000000
timestame:1619470787.842000000,objid:11,type:0,xpos:0.000000,ypos:0.000000,xspeed:-4.140000,yspeed:-0.520000,angle:-18.000000,distense:24.600000,rcs:6.000000
