timestame:1619469618.507000000,objid:1,type:0,xpos:0.000000,ypos:0.000000,xspeed:-1.680000,yspeed:0.220000,angle:-12.750000,distense:74.400000,rcs:26.000000
timestame:1619469618.507000000,objid:3,type:0,xpos:0.000000,ypos:0.000000,xspeed:-1.110000,yspeed:-0.120000,angle:-10.640000,distense:88.200000,rcs:21.000000
timestame:1619469618.507000000,objid:4,type:0,xpos:0.000000,ypos:0.000000,xspeed:-17.890000,yspeed:2.180000,angle:-4.380000,distense:135.600000,rcs:12.000000
