timestame:1619470992.402000000,objid:3,type:0,xpos:0.000000,ypos:0.000000,xspeed:5.420000,yspeed:-0.140000,angle:6.360000,distense:114.600000,rcs:9.000000
timestame:1619470992.402000000,objid:4,type:0,xpos:0.000000,ypos:0.000000,xspeed:-13.400000,yspeed:-0.290000,angle:-18.000000,distense:26.400000,rcs:6.000000
