timestame:1619470154.397000000,objid:3,type:0,xpos:0.000000,ypos:0.000000,xspeed:-4.910000,yspeed:-0.300000,angle:-18.000000,distense:45.200000,rcs:25.000000
timestame:1619470154.397000000,objid:5,type:0,xpos:0.000000,ypos:0.000000,xspeed:4.090000,yspeed:2.780000,angle:-16.470000,distense:33.800000,rcs:16.000000
timestame:1619470154.397000000,objid:7,type:0,xpos:0.000000,ypos:0.000000,xspeed:-15.050000,yspeed:-0.830000,angle:-7.670000,distense:115.800000,rcs:13.000000
timestame:1619470154.397000000,objid:13,type:0,xpos:0.000000,ypos:0.000000,xspeed:-14.970000,yspeed:-0.500000,angle:-7.230000,distense:120.600000,rcs:9.000000
