timestame:1619470647.507000000,objid:2,type:0,xpos:0.000000,ypos:0.000000,xspeed:-5.570000,yspeed:-0.130000,angle:-6.050000,distense:143.000000,rcs:19.000000
timestame:1619470647.507000000,objid:4,type:0,xpos:0.000000,ypos:0.000000,xspeed:-1.410000,yspeed:-3.410000,angle:-17.010000,distense:41.600000,rcs:31.000000
timestame:1619470647.507000000,objid:7,type:0,xpos:0.000000,ypos:0.000000,xspeed:1.580000,yspeed:-5.500000,angle:17.070000,distense:45.400000,rcs:26.000000
timestame:1619470647.507000000,objid:9,type:0,xpos:0.000000,ypos:0.000000,xspeed:-1.130000,yspeed:-2.220000,angle:-8.250000,distense:42.200000,rcs:30.000000
