timestame:1619470466.917000000,objid:1,type:0,xpos:0.000000,ypos:0.000000,xspeed:-13.180000,yspeed:-1.720000,angle:-18.000000,distense:21.800000,rcs:6.000000
timestame:1619470466.917000000,objid:2,type:0,xpos:0.000000,ypos:0.000000,xspeed:5.740000,yspeed:0.420000,angle:3.280000,distense:215.800000,rcs:9.000000
