timestame:1619470009.785000000,objid:2,type:0,xpos:0.000000,ypos:0.000000,xspeed:-1.820000,yspeed:-1.420000,angle:-18.000000,distense:31.600000,rcs:21.000000
timestame:1619470009.785000000,objid:11,type:0,xpos:0.000000,ypos:0.000000,xspeed:-1.090000,yspeed:-0.010000,angle:-18.000000,distense:29.600000,rcs:6.000000
timestame:1619470009.785000000,objid:15,type:0,xpos:0.000000,ypos:0.000000,xspeed:-1.480000,yspeed:-5.240000,angle:21.520000,distense:42.600000,rcs:24.000000
timestame:1619470009.785000000,objid:19,type:0,xpos:0.000000,ypos:0.000000,xspeed:3.230000,yspeed:-7.860000,angle:-16.740000,distense:46.600000,rcs:20.000000
