timestame:1619470460.909000000,objid:0,type:0,xpos:0.000000,ypos:0.000000,xspeed:-16.550000,yspeed:-1.610000,angle:-7.760000,distense:92.800000,rcs:21.000000
timestame:1619470460.909000000,objid:2,type:0,xpos:0.000000,ypos:0.000000,xspeed:5.940000,yspeed:-0.040000,angle:3.220000,distense:180.600000,rcs:6.000000
