timestame:1619470952.632000000,objid:0,type:0,xpos:0.000000,ypos:0.000000,xspeed:5.120000,yspeed:-0.150000,angle:0.700000,distense:34.800000,rcs:46.000000
timestame:1619470952.632000000,objid:10,type:0,xpos:0.000000,ypos:0.000000,xspeed:3.870000,yspeed:-0.320000,angle:2.020000,distense:19.600000,rcs:30.000000
