timestame:1619469773.335000000,objid:1,type:0,xpos:0.000000,ypos:0.000000,xspeed:3.770000,yspeed:1.840000,angle:-16.030000,distense:29.800000,rcs:13.000000
timestame:1619469773.335000000,objid:3,type:0,xpos:0.000000,ypos:0.000000,xspeed:4.000000,yspeed:1.320000,angle:20.910000,distense:41.200000,rcs:12.000000
timestame:1619469773.335000000,objid:7,type:0,xpos:0.000000,ypos:0.000000,xspeed:3.640000,yspeed:2.530000,angle:-13.680000,distense:39.800000,rcs:20.000000
