timestame:1619470633.491000000,objid:1,type:0,xpos:0.000000,ypos:0.000000,xspeed:-2.040000,yspeed:0.000000,angle:-18.000000,distense:36.800000,rcs:15.000000
timestame:1619470633.491000000,objid:2,type:0,xpos:0.000000,ypos:0.000000,xspeed:-3.290000,yspeed:0.660000,angle:-7.990000,distense:83.400000,rcs:13.000000
