timestame:1619470729.035000000,objid:0,type:0,xpos:0.000000,ypos:0.000000,xspeed:-12.440000,yspeed:-0.390000,angle:-11.300000,distense:64.800000,rcs:26.000000
timestame:1619470729.035000000,objid:1,type:0,xpos:0.000000,ypos:0.000000,xspeed:12.520000,yspeed:1.010000,angle:5.080000,distense:14.200000,rcs:33.000000
timestame:1619470729.035000000,objid:3,type:0,xpos:0.000000,ypos:0.000000,xspeed:-13.410000,yspeed:0.000000,angle:-12.170000,distense:61.200000,rcs:24.000000
