timestame:1619470732.708000000,objid:0,type:0,xpos:0.000000,ypos:0.000000,xspeed:-13.630000,yspeed:-0.930000,angle:-18.000000,distense:20.800000,rcs:6.000000
timestame:1619470732.708000000,objid:1,type:0,xpos:0.000000,ypos:0.000000,xspeed:12.240000,yspeed:0.640000,angle:3.410000,distense:59.400000,rcs:16.000000
timestame:1619470732.708000000,objid:3,type:0,xpos:0.000000,ypos:0.000000,xspeed:-13.010000,yspeed:-0.560000,angle:-18.000000,distense:19.400000,rcs:6.000000
timestame:1619470732.708000000,objid:6,type:0,xpos:0.000000,ypos:0.000000,xspeed:12.480000,yspeed:0.540000,angle:2.470000,distense:48.200000,rcs:38.000000
