timestame:1619469921.790000000,objid:1,type:0,xpos:0.000000,ypos:0.000000,xspeed:6.000000,yspeed:0.180000,angle:1.390000,distense:140.400000,rcs:19.000000
timestame:1619469921.790000000,objid:8,type:0,xpos:0.000000,ypos:0.000000,xspeed:5.780000,yspeed:0.100000,angle:1.480000,distense:133.200000,rcs:26.000000
