timestame:1619471447.638000000,objid:3,type:0,xpos:0.000000,ypos:0.000000,xspeed:-3.370000,yspeed:-0.080000,angle:-5.700000,distense:111.200000,rcs:20.000000
timestame:1619471447.638000000,objid:11,type:0,xpos:0.000000,ypos:0.000000,xspeed:-3.100000,yspeed:-0.670000,angle:-7.710000,distense:100.800000,rcs:6.000000
timestame:1619471447.638000000,objid:13,type:0,xpos:0.000000,ypos:0.000000,xspeed:-2.970000,yspeed:0.000000,angle:15.340000,distense:50.800000,rcs:12.000000
