timestame:1619470596.905000000,objid:1,type:0,xpos:0.000000,ypos:0.000000,xspeed:5.360000,yspeed:3.320000,angle:-14.160000,distense:37.200000,rcs:24.000000
timestame:1619470596.905000000,objid:3,type:0,xpos:0.000000,ypos:0.000000,xspeed:-3.470000,yspeed:1.330000,angle:7.320000,distense:174.000000,rcs:6.000000
timestame:1619470596.905000000,objid:5,type:0,xpos:0.000000,ypos:0.000000,xspeed:4.680000,yspeed:4.250000,angle:-10.560000,distense:47.800000,rcs:6.000000
