timestame:1619469784.535000000,objid:2,type:0,xpos:0.000000,ypos:0.000000,xspeed:17.030000,yspeed:-0.100000,angle:0.930000,distense:170.000000,rcs:9.000000
timestame:1619469784.535000000,objid:4,type:0,xpos:0.000000,ypos:0.000000,xspeed:-17.560000,yspeed:-0.280000,angle:-6.860000,distense:124.200000,rcs:18.000000
timestame:1619469784.535000000,objid:10,type:0,xpos:0.000000,ypos:0.000000,xspeed:16.670000,yspeed:0.230000,angle:1.260000,distense:157.000000,rcs:24.000000
