timestame:1619470802.545000000,objid:2,type:0,xpos:0.000000,ypos:0.000000,xspeed:-6.170000,yspeed:-2.830000,angle:-18.000000,distense:23.000000,rcs:6.000000
timestame:1619470802.545000000,objid:3,type:0,xpos:0.000000,ypos:0.000000,xspeed:-2.020000,yspeed:-2.010000,angle:-18.000000,distense:37.800000,rcs:15.000000
timestame:1619470802.545000000,objid:4,type:0,xpos:0.000000,ypos:0.000000,xspeed:-1.760000,yspeed:-3.160000,angle:-18.000000,distense:41.800000,rcs:31.000000
timestame:1619470802.545000000,objid:15,type:0,xpos:0.000000,ypos:0.000000,xspeed:-1.460000,yspeed:-1.110000,angle:-18.000000,distense:35.600000,rcs:12.000000
