timestame:1619470778.892000000,objid:0,type:0,xpos:0.000000,ypos:0.000000,xspeed:-1.190000,yspeed:-15.270000,angle:21.710000,distense:45.200000,rcs:26.000000
timestame:1619470778.892000000,objid:4,type:0,xpos:0.000000,ypos:0.000000,xspeed:-1.300000,yspeed:-1.170000,angle:-3.240000,distense:47.600000,rcs:16.000000
timestame:1619470778.892000000,objid:7,type:0,xpos:0.000000,ypos:0.000000,xspeed:-22.440000,yspeed:0.000000,angle:-10.570000,distense:88.200000,rcs:22.000000
timestame:1619470778.892000000,objid:10,type:0,xpos:0.000000,ypos:0.000000,xspeed:1.240000,yspeed:-4.150000,angle:16.800000,distense:60.800000,rcs:6.000000
