timestame:1619470839.443000000,objid:2,type:0,xpos:0.000000,ypos:0.000000,xspeed:3.900000,yspeed:2.360000,angle:-16.600000,distense:39.000000,rcs:20.000000
timestame:1619470839.443000000,objid:3,type:0,xpos:0.000000,ypos:0.000000,xspeed:2.810000,yspeed:1.810000,angle:-14.020000,distense:36.800000,rcs:20.000000
timestame:1619470839.443000000,objid:7,type:0,xpos:0.000000,ypos:0.000000,xspeed:13.040000,yspeed:0.240000,angle:2.330000,distense:196.000000,rcs:23.000000
