timestame:1619469686.515000000,objid:2,type:0,xpos:0.000000,ypos:0.000000,xspeed:-1.820000,yspeed:6.060000,angle:-12.910000,distense:43.800000,rcs:9.000000
timestame:1619469686.515000000,objid:4,type:0,xpos:0.000000,ypos:0.000000,xspeed:-1.850000,yspeed:8.390000,angle:-3.040000,distense:45.200000,rcs:21.000000
timestame:1619469686.515000000,objid:5,type:0,xpos:0.000000,ypos:0.000000,xspeed:2.110000,yspeed:-7.020000,angle:4.590000,distense:50.000000,rcs:9.000000
timestame:1619469686.515000000,objid:6,type:0,xpos:0.000000,ypos:0.000000,xspeed:-3.000000,yspeed:7.820000,angle:-7.060000,distense:41.600000,rcs:19.000000
