timestame:1619470883.067000000,objid:3,type:0,xpos:0.000000,ypos:0.000000,xspeed:-1.850000,yspeed:-2.570000,angle:-18.000000,distense:33.600000,rcs:13.000000
timestame:1619470883.067000000,objid:4,type:0,xpos:0.000000,ypos:0.000000,xspeed:1.310000,yspeed:-7.340000,angle:22.060000,distense:46.000000,rcs:20.000000
timestame:1619470883.067000000,objid:7,type:0,xpos:0.000000,ypos:0.000000,xspeed:-1.840000,yspeed:-1.890000,angle:-18.000000,distense:33.600000,rcs:13.000000
timestame:1619470883.067000000,objid:18,type:0,xpos:0.000000,ypos:0.000000,xspeed:-1.030000,yspeed:-2.460000,angle:-16.500000,distense:35.600000,rcs:25.000000
