timestame:1619469556.873000000,objid:2,type:0,xpos:0.000000,ypos:0.000000,xspeed:-1.030000,yspeed:4.710000,angle:-11.520000,distense:37.200000,rcs:24.000000
timestame:1619469556.873000000,objid:4,type:0,xpos:0.000000,ypos:0.000000,xspeed:-1.650000,yspeed:6.680000,angle:4.680000,distense:41.000000,rcs:20.000000
timestame:1619469556.873000000,objid:5,type:0,xpos:0.000000,ypos:0.000000,xspeed:-2.430000,yspeed:7.870000,angle:10.160000,distense:40.400000,rcs:35.000000
timestame:1619469556.873000000,objid:10,type:0,xpos:0.000000,ypos:0.000000,xspeed:1.100000,yspeed:-5.050000,angle:1.700000,distense:50.200000,rcs:25.000000
