timestame:1619470293.037000000,objid:1,type:0,xpos:0.000000,ypos:0.000000,xspeed:-1.200000,yspeed:1.840000,angle:9.390000,distense:11.400000,rcs:9.000000
timestame:1619470293.037000000,objid:2,type:0,xpos:0.000000,ypos:0.000000,xspeed:-12.200000,yspeed:-0.500000,angle:-18.000000,distense:35.800000,rcs:18.000000
