timestame:1619470478.016000000,objid:0,type:0,xpos:0.000000,ypos:0.000000,xspeed:-8.860000,yspeed:-0.610000,angle:-6.110000,distense:109.000000,rcs:26.000000
timestame:1619470478.016000000,objid:2,type:0,xpos:0.000000,ypos:0.000000,xspeed:1.430000,yspeed:-0.330000,angle:12.870000,distense:75.800000,rcs:6.000000
timestame:1619470478.016000000,objid:3,type:0,xpos:0.000000,ypos:0.000000,xspeed:-1.560000,yspeed:4.380000,angle:-8.910000,distense:47.600000,rcs:15.000000
