timestame:1619470087.425000000,objid:5,type:0,xpos:0.000000,ypos:0.000000,xspeed:1.290000,yspeed:-10.200000,angle:-18.000000,distense:63.400000,rcs:13.000000
timestame:1619470087.425000000,objid:6,type:0,xpos:0.000000,ypos:0.000000,xspeed:1.660000,yspeed:-5.230000,angle:6.500000,distense:49.800000,rcs:6.000000
timestame:1619470087.425000000,objid:11,type:0,xpos:0.000000,ypos:0.000000,xspeed:3.430000,yspeed:-6.900000,angle:3.980000,distense:50.600000,rcs:9.000000
