timestame:1619470634.110000000,objid:1,type:0,xpos:0.000000,ypos:0.000000,xspeed:-3.080000,yspeed:1.660000,angle:-18.000000,distense:34.400000,rcs:6.000000
timestame:1619470634.110000000,objid:2,type:0,xpos:0.000000,ypos:0.000000,xspeed:-2.880000,yspeed:0.230000,angle:-8.480000,distense:82.200000,rcs:19.000000
