timestame:1619470986.128000000,objid:0,type:0,xpos:0.000000,ypos:0.000000,xspeed:8.850000,yspeed:0.250000,angle:2.230000,distense:202.800000,rcs:24.000000
timestame:1619470986.128000000,objid:1,type:0,xpos:0.000000,ypos:0.000000,xspeed:-15.530000,yspeed:-0.540000,angle:-14.720000,distense:50.800000,rcs:23.000000
timestame:1619470986.128000000,objid:3,type:0,xpos:0.000000,ypos:0.000000,xspeed:4.520000,yspeed:-1.140000,angle:8.780000,distense:81.200000,rcs:12.000000
timestame:1619470986.128000000,objid:4,type:0,xpos:0.000000,ypos:0.000000,xspeed:-13.470000,yspeed:-1.620000,angle:-6.720000,distense:107.600000,rcs:12.000000
