timestame:1619470442.266000000,objid:1,type:0,xpos:0.000000,ypos:0.000000,xspeed:15.860000,yspeed:0.530000,angle:2.220000,distense:94.600000,rcs:16.000000
timestame:1619470442.266000000,objid:2,type:0,xpos:0.000000,ypos:0.000000,xspeed:3.890000,yspeed:-0.020000,angle:9.040000,distense:83.800000,rcs:15.000000
