timestame:1619469618.945000000,objid:1,type:0,xpos:0.000000,ypos:0.000000,xspeed:-1.820000,yspeed:0.210000,angle:-12.850000,distense:73.400000,rcs:20.000000
timestame:1619469618.945000000,objid:3,type:0,xpos:0.000000,ypos:0.000000,xspeed:-1.410000,yspeed:-0.090000,angle:-10.780000,distense:87.000000,rcs:16.000000
timestame:1619469618.945000000,objid:4,type:0,xpos:0.000000,ypos:0.000000,xspeed:-17.310000,yspeed:1.600000,angle:-4.540000,distense:127.600000,rcs:12.000000
