timestame:1619471423.357000000,objid:1,type:0,xpos:0.000000,ypos:0.000000,xspeed:-4.870000,yspeed:-0.850000,angle:-7.920000,distense:108.800000,rcs:13.000000
timestame:1619471423.357000000,objid:5,type:0,xpos:0.000000,ypos:0.000000,xspeed:-7.250000,yspeed:4.160000,angle:-15.820000,distense:45.400000,rcs:27.000000
timestame:1619471423.357000000,objid:9,type:0,xpos:0.000000,ypos:0.000000,xspeed:-5.710000,yspeed:0.100000,angle:-5.030000,distense:124.000000,rcs:15.000000
timestame:1619471423.357000000,objid:12,type:0,xpos:0.000000,ypos:0.000000,xspeed:-4.750000,yspeed:-0.080000,angle:-9.100000,distense:99.800000,rcs:9.000000
