timestame:1619470100.960000000,objid:5,type:0,xpos:0.000000,ypos:0.000000,xspeed:4.180000,yspeed:2.800000,angle:-17.320000,distense:38.000000,rcs:16.000000
timestame:1619470100.960000000,objid:6,type:0,xpos:0.000000,ypos:0.000000,xspeed:4.040000,yspeed:2.720000,angle:-16.700000,distense:44.200000,rcs:9.000000
timestame:1619470100.960000000,objid:9,type:0,xpos:0.000000,ypos:0.000000,xspeed:1.500000,yspeed:-7.690000,angle:6.930000,distense:49.000000,rcs:32.000000
timestame:1619470100.960000000,objid:11,type:0,xpos:0.000000,ypos:0.000000,xspeed:4.810000,yspeed:0.010000,angle:10.390000,distense:13.400000,rcs:13.000000
