timestame:1619470277.310000000,objid:1,type:0,xpos:0.000000,ypos:0.000000,xspeed:-10.240000,yspeed:0.170000,angle:-5.370000,distense:90.400000,rcs:12.000000
timestame:1619470277.310000000,objid:2,type:0,xpos:0.000000,ypos:0.000000,xspeed:-2.090000,yspeed:0.160000,angle:-6.990000,distense:88.200000,rcs:18.000000
timestame:1619470277.310000000,objid:11,type:0,xpos:0.000000,ypos:0.000000,xspeed:-2.170000,yspeed:-0.130000,angle:-9.670000,distense:73.600000,rcs:20.000000
timestame:1619470277.310000000,objid:22,type:0,xpos:0.000000,ypos:0.000000,xspeed:-1.570000,yspeed:-0.070000,angle:-8.200000,distense:82.000000,rcs:18.000000
