timestame:1619470702.442000000,objid:0,type:0,xpos:0.000000,ypos:0.000000,xspeed:4.380000,yspeed:2.590000,angle:21.060000,distense:29.600000,rcs:20.000000
timestame:1619470702.442000000,objid:1,type:0,xpos:0.000000,ypos:0.000000,xspeed:10.110000,yspeed:-0.070000,angle:3.130000,distense:121.400000,rcs:12.000000
timestame:1619470702.442000000,objid:2,type:0,xpos:0.000000,ypos:0.000000,xspeed:-8.760000,yspeed:-0.120000,angle:-13.380000,distense:84.800000,rcs:13.000000
