timestame:1619469581.445000000,objid:1,type:0,xpos:0.000000,ypos:0.000000,xspeed:-5.480000,yspeed:-0.300000,angle:-8.930000,distense:100.200000,rcs:18.000000
timestame:1619469581.445000000,objid:5,type:0,xpos:0.000000,ypos:0.000000,xspeed:-5.630000,yspeed:-0.090000,angle:-10.580000,distense:86.800000,rcs:21.000000
