timestame:1619471146.983000000,objid:1,type:0,xpos:0.000000,ypos:0.000000,xspeed:-1.560000,yspeed:6.390000,angle:20.540000,distense:39.800000,rcs:6.000000
timestame:1619471146.983000000,objid:9,type:0,xpos:0.000000,ypos:0.000000,xspeed:-1.540000,yspeed:5.640000,angle:-6.180000,distense:42.800000,rcs:23.000000
