timestame:1619471269.779000000,objid:2,type:0,xpos:0.000000,ypos:0.000000,xspeed:13.890000,yspeed:0.200000,angle:2.000000,distense:205.000000,rcs:19.000000
timestame:1619471269.779000000,objid:4,type:0,xpos:0.000000,ypos:0.000000,xspeed:-2.220000,yspeed:-3.280000,angle:18.760000,distense:52.800000,rcs:23.000000
timestame:1619471269.779000000,objid:6,type:0,xpos:0.000000,ypos:0.000000,xspeed:13.660000,yspeed:0.090000,angle:1.840000,distense:216.400000,rcs:9.000000
timestame:1619471269.779000000,objid:10,type:0,xpos:0.000000,ypos:0.000000,xspeed:13.920000,yspeed:0.050000,angle:1.860000,distense:192.600000,rcs:29.000000
