timestame:1619470645.027000000,objid:2,type:0,xpos:0.000000,ypos:0.000000,xspeed:-6.280000,yspeed:-0.240000,angle:-5.520000,distense:156.200000,rcs:16.000000
timestame:1619470645.027000000,objid:5,type:0,xpos:0.000000,ypos:0.000000,xspeed:5.150000,yspeed:0.960000,angle:19.470000,distense:54.800000,rcs:6.000000
timestame:1619470645.027000000,objid:8,type:0,xpos:0.000000,ypos:0.000000,xspeed:-1.890000,yspeed:-3.220000,angle:8.530000,distense:85.200000,rcs:20.000000
