timestame:1619470116.634000000,objid:5,type:0,xpos:0.000000,ypos:0.000000,xspeed:-8.590000,yspeed:-1.870000,angle:12.150000,distense:32.800000,rcs:20.000000
timestame:1619470116.634000000,objid:10,type:0,xpos:0.000000,ypos:0.000000,xspeed:2.890000,yspeed:5.000000,angle:-10.090000,distense:40.200000,rcs:22.000000
