timestame:1619470592.932000000,objid:0,type:0,xpos:0.000000,ypos:0.000000,xspeed:-14.710000,yspeed:-0.590000,angle:-18.000000,distense:35.200000,rcs:19.000000
timestame:1619470592.932000000,objid:2,type:0,xpos:0.000000,ypos:0.000000,xspeed:34.790000,yspeed:-7.020000,angle:-9.110000,distense:46.600000,rcs:6.000000
timestame:1619470592.932000000,objid:5,type:0,xpos:0.000000,ypos:0.000000,xspeed:9.200000,yspeed:3.010000,angle:-14.560000,distense:22.400000,rcs:27.000000
timestame:1619470592.932000000,objid:6,type:0,xpos:0.000000,ypos:0.000000,xspeed:6.280000,yspeed:4.450000,angle:21.730000,distense:22.600000,rcs:26.000000
