timestame:1619469752.306000000,objid:1,type:0,xpos:0.000000,ypos:0.000000,xspeed:5.490000,yspeed:2.290000,angle:20.980000,distense:33.600000,rcs:13.000000
timestame:1619469752.306000000,objid:2,type:0,xpos:0.000000,ypos:0.000000,xspeed:30.850000,yspeed:-19.580000,angle:20.460000,distense:44.800000,rcs:6.000000
