timestame:1619470374.645000000,objid:0,type:0,xpos:0.000000,ypos:0.000000,xspeed:8.010000,yspeed:4.130000,angle:11.520000,distense:56.000000,rcs:6.000000
timestame:1619470374.645000000,objid:1,type:0,xpos:0.000000,ypos:0.000000,xspeed:-1.590000,yspeed:-3.500000,angle:-16.620000,distense:38.000000,rcs:22.000000
timestame:1619470374.645000000,objid:10,type:0,xpos:0.000000,ypos:0.000000,xspeed:-5.720000,yspeed:-1.780000,angle:-18.000000,distense:28.000000,rcs:6.000000
timestame:1619470374.645000000,objid:18,type:0,xpos:0.000000,ypos:0.000000,xspeed:-7.020000,yspeed:-0.520000,angle:-7.170000,distense:94.800000,rcs:18.000000
