timestame:1619471423.480000000,objid:1,type:0,xpos:0.000000,ypos:0.000000,xspeed:-4.810000,yspeed:-0.900000,angle:-8.050000,distense:108.400000,rcs:13.000000
timestame:1619471423.480000000,objid:5,type:0,xpos:0.000000,ypos:0.000000,xspeed:-7.250000,yspeed:4.160000,angle:-14.770000,distense:44.800000,rcs:27.000000
timestame:1619471423.480000000,objid:9,type:0,xpos:0.000000,ypos:0.000000,xspeed:-5.710000,yspeed:0.100000,angle:-5.060000,distense:123.400000,rcs:15.000000
timestame:1619471423.480000000,objid:12,type:0,xpos:0.000000,ypos:0.000000,xspeed:-4.730000,yspeed:-0.040000,angle:-9.100000,distense:99.200000,rcs:9.000000
