timestame:1619471266.620000000,objid:0,type:0,xpos:0.000000,ypos:0.000000,xspeed:13.340000,yspeed:0.510000,angle:2.690000,distense:185.000000,rcs:6.000000
timestame:1619471266.620000000,objid:2,type:0,xpos:0.000000,ypos:0.000000,xspeed:13.300000,yspeed:0.110000,angle:2.360000,distense:160.800000,rcs:22.000000
timestame:1619471266.620000000,objid:6,type:0,xpos:0.000000,ypos:0.000000,xspeed:13.250000,yspeed:0.110000,angle:2.230000,distense:172.600000,rcs:6.000000
timestame:1619471266.620000000,objid:10,type:0,xpos:0.000000,ypos:0.000000,xspeed:13.290000,yspeed:0.040000,angle:2.350000,distense:148.400000,rcs:20.000000
