timestame:1619470202.223000000,objid:0,type:0,xpos:0.000000,ypos:0.000000,xspeed:1.420000,yspeed:-1.980000,angle:5.430000,distense:141.800000,rcs:21.000000
timestame:1619470202.223000000,objid:1,type:0,xpos:0.000000,ypos:0.000000,xspeed:2.280000,yspeed:1.220000,angle:6.450000,distense:161.200000,rcs:12.000000
timestame:1619470202.223000000,objid:2,type:0,xpos:0.000000,ypos:0.000000,xspeed:1.510000,yspeed:1.170000,angle:5.360000,distense:157.200000,rcs:6.000000
