timestame:1619470039.755000000,objid:0,type:0,xpos:0.000000,ypos:0.000000,xspeed:2.080000,yspeed:0.710000,angle:11.150000,distense:33.000000,rcs:27.000000
timestame:1619470039.755000000,objid:1,type:0,xpos:0.000000,ypos:0.000000,xspeed:11.420000,yspeed:-0.010000,angle:1.360000,distense:129.600000,rcs:13.000000
timestame:1619470039.755000000,objid:3,type:0,xpos:0.000000,ypos:0.000000,xspeed:12.880000,yspeed:0.160000,angle:1.880000,distense:101.800000,rcs:24.000000
timestame:1619470039.755000000,objid:5,type:0,xpos:0.000000,ypos:0.000000,xspeed:3.710000,yspeed:0.040000,angle:7.500000,distense:32.000000,rcs:35.000000
