timestame:1619469759.142000000,objid:2,type:0,xpos:0.000000,ypos:0.000000,xspeed:4.630000,yspeed:3.350000,angle:-15.280000,distense:37.400000,rcs:12.000000
timestame:1619469759.142000000,objid:7,type:0,xpos:0.000000,ypos:0.000000,xspeed:8.590000,yspeed:5.080000,angle:-9.770000,distense:50.600000,rcs:6.000000
