timestame:1619469557.682000000,objid:5,type:0,xpos:0.000000,ypos:0.000000,xspeed:-1.780000,yspeed:6.960000,angle:16.800000,distense:40.800000,rcs:9.000000
timestame:1619469557.682000000,objid:10,type:0,xpos:0.000000,ypos:0.000000,xspeed:1.360000,yspeed:-5.630000,angle:-3.770000,distense:51.600000,rcs:9.000000
timestame:1619469557.682000000,objid:13,type:0,xpos:0.000000,ypos:0.000000,xspeed:2.910000,yspeed:0.000000,angle:-8.530000,distense:53.200000,rcs:19.000000
