timestame:1619471135.760000000,objid:4,type:0,xpos:0.000000,ypos:0.000000,xspeed:-1.460000,yspeed:0.000000,angle:13.820000,distense:39.000000,rcs:37.000000
timestame:1619471135.760000000,objid:5,type:0,xpos:0.000000,ypos:0.000000,xspeed:16.890000,yspeed:0.000000,angle:17.090000,distense:52.000000,rcs:26.000000
timestame:1619471135.760000000,objid:7,type:0,xpos:0.000000,ypos:0.000000,xspeed:-21.570000,yspeed:-13.770000,angle:4.940000,distense:24.000000,rcs:9.000000
timestame:1619471135.760000000,objid:8,type:0,xpos:0.000000,ypos:0.000000,xspeed:-2.500000,yspeed:6.340000,angle:-17.820000,distense:49.600000,rcs:12.000000
