timestame:1619469773.021000000,objid:1,type:0,xpos:0.000000,ypos:0.000000,xspeed:3.670000,yspeed:1.630000,angle:-16.470000,distense:28.200000,rcs:16.000000
timestame:1619469773.021000000,objid:3,type:0,xpos:0.000000,ypos:0.000000,xspeed:4.060000,yspeed:1.300000,angle:20.900000,distense:40.200000,rcs:9.000000
timestame:1619469773.021000000,objid:7,type:0,xpos:0.000000,ypos:0.000000,xspeed:3.770000,yspeed:2.130000,angle:-14.810000,distense:38.400000,rcs:22.000000
