timestame:1619470749.462000000,objid:4,type:0,xpos:0.000000,ypos:0.000000,xspeed:-6.130000,yspeed:0.950000,angle:-18.000000,distense:31.800000,rcs:6.000000
timestame:1619470749.462000000,objid:10,type:0,xpos:0.000000,ypos:0.000000,xspeed:-5.540000,yspeed:0.000000,angle:-18.000000,distense:35.600000,rcs:15.000000
