timestame:1619470533.048000000,objid:1,type:0,xpos:0.000000,ypos:0.000000,xspeed:-9.490000,yspeed:0.550000,angle:-7.560000,distense:107.600000,rcs:12.000000
timestame:1619470533.048000000,objid:2,type:0,xpos:0.000000,ypos:0.000000,xspeed:-7.870000,yspeed:0.000000,angle:-6.810000,distense:121.000000,rcs:9.000000
timestame:1619470533.048000000,objid:3,type:0,xpos:0.000000,ypos:0.000000,xspeed:-8.730000,yspeed:5.330000,angle:-6.890000,distense:110.400000,rcs:9.000000
