timestame:1619470977.847000000,objid:0,type:0,xpos:0.000000,ypos:0.000000,xspeed:6.980000,yspeed:-0.240000,angle:2.570000,distense:133.600000,rcs:20.000000
timestame:1619470977.847000000,objid:2,type:0,xpos:0.000000,ypos:0.000000,xspeed:-17.850000,yspeed:-1.660000,angle:-3.540000,distense:175.000000,rcs:12.000000
timestame:1619470977.847000000,objid:3,type:0,xpos:0.000000,ypos:0.000000,xspeed:7.070000,yspeed:0.130000,angle:2.310000,distense:143.400000,rcs:6.000000
timestame:1619470977.847000000,objid:5,type:0,xpos:0.000000,ypos:0.000000,xspeed:-18.970000,yspeed:0.040000,angle:-9.800000,distense:89.400000,rcs:13.000000
