timestame:1619470568.703000000,objid:1,type:0,xpos:0.000000,ypos:0.000000,xspeed:4.190000,yspeed:2.580000,angle:-14.900000,distense:33.600000,rcs:21.000000
timestame:1619470568.703000000,objid:3,type:0,xpos:0.000000,ypos:0.000000,xspeed:15.390000,yspeed:0.130000,angle:1.070000,distense:177.600000,rcs:19.000000
timestame:1619470568.703000000,objid:8,type:0,xpos:0.000000,ypos:0.000000,xspeed:3.330000,yspeed:4.080000,angle:-8.010000,distense:47.200000,rcs:6.000000
