timestame:1619471366.136000000,objid:1,type:0,xpos:0.000000,ypos:0.000000,xspeed:7.270000,yspeed:-0.500000,angle:3.120000,distense:108.800000,rcs:28.000000
timestame:1619471366.136000000,objid:2,type:0,xpos:0.000000,ypos:0.000000,xspeed:7.650000,yspeed:-0.070000,angle:3.350000,distense:114.200000,rcs:15.000000
timestame:1619471366.136000000,objid:7,type:0,xpos:0.000000,ypos:0.000000,xspeed:11.600000,yspeed:0.390000,angle:1.770000,distense:142.400000,rcs:12.000000
