timestame:1619469979.132000000,objid:0,type:0,xpos:0.000000,ypos:0.000000,xspeed:-1.070000,yspeed:-2.740000,angle:-16.520000,distense:37.400000,rcs:28.000000
timestame:1619469979.132000000,objid:1,type:0,xpos:0.000000,ypos:0.000000,xspeed:-1.960000,yspeed:-11.650000,angle:-1.060000,distense:40.400000,rcs:12.000000
timestame:1619469979.132000000,objid:18,type:0,xpos:0.000000,ypos:0.000000,xspeed:1.540000,yspeed:-7.490000,angle:-18.000000,distense:62.600000,rcs:9.000000
