timestame:1619470701.692000000,objid:0,type:0,xpos:0.000000,ypos:0.000000,xspeed:5.160000,yspeed:2.160000,angle:19.120000,distense:26.400000,rcs:26.000000
timestame:1619470701.692000000,objid:1,type:0,xpos:0.000000,ypos:0.000000,xspeed:9.820000,yspeed:0.000000,angle:3.440000,distense:113.600000,rcs:9.000000
timestame:1619470701.692000000,objid:2,type:0,xpos:0.000000,ypos:0.000000,xspeed:-8.830000,yspeed:0.280000,angle:-12.040000,distense:90.800000,rcs:18.000000
