timestame:1619470137.004000000,objid:7,type:0,xpos:0.000000,ypos:0.000000,xspeed:-3.920000,yspeed:-0.280000,angle:-10.000000,distense:75.200000,rcs:15.000000
timestame:1619470137.004000000,objid:8,type:0,xpos:0.000000,ypos:0.000000,xspeed:2.950000,yspeed:3.850000,angle:-6.450000,distense:44.200000,rcs:6.000000
