timestame:1619469563.239000000,objid:4,type:0,xpos:0.000000,ypos:0.000000,xspeed:6.840000,yspeed:-9.910000,angle:16.530000,distense:47.600000,rcs:22.000000
timestame:1619469563.239000000,objid:7,type:0,xpos:0.000000,ypos:0.000000,xspeed:-3.230000,yspeed:-8.150000,angle:22.930000,distense:44.000000,rcs:22.000000
timestame:1619469563.239000000,objid:14,type:0,xpos:0.000000,ypos:0.000000,xspeed:32.090000,yspeed:-15.090000,angle:11.160000,distense:72.200000,rcs:6.000000
