timestame:1619469640.717000000,objid:1,type:0,xpos:0.000000,ypos:0.000000,xspeed:3.490000,yspeed:2.690000,angle:-11.580000,distense:38.600000,rcs:16.000000
timestame:1619469640.717000000,objid:6,type:0,xpos:0.000000,ypos:0.000000,xspeed:12.040000,yspeed:-0.300000,angle:8.510000,distense:21.600000,rcs:36.000000
timestame:1619469640.717000000,objid:7,type:0,xpos:0.000000,ypos:0.000000,xspeed:14.920000,yspeed:0.040000,angle:2.300000,distense:66.400000,rcs:9.000000
timestame:1619469640.717000000,objid:13,type:0,xpos:0.000000,ypos:0.000000,xspeed:15.440000,yspeed:0.490000,angle:2.520000,distense:56.000000,rcs:43.000000
