timestame:1619471221.962000000,objid:0,type:0,xpos:0.000000,ypos:0.000000,xspeed:1.300000,yspeed:0.260000,angle:1.400000,distense:55.400000,rcs:15.000000
timestame:1619471221.962000000,objid:6,type:0,xpos:0.000000,ypos:0.000000,xspeed:3.970000,yspeed:0.090000,angle:2.100000,distense:58.200000,rcs:15.000000
timestame:1619471221.962000000,objid:9,type:0,xpos:0.000000,ypos:0.000000,xspeed:3.970000,yspeed:0.110000,angle:2.470000,distense:39.400000,rcs:44.000000
timestame:1619471221.962000000,objid:10,type:0,xpos:0.000000,ypos:0.000000,xspeed:3.870000,yspeed:0.290000,angle:1.610000,distense:48.200000,rcs:15.000000
