timestame:1619470840.434000000,objid:3,type:0,xpos:0.000000,ypos:0.000000,xspeed:2.750000,yspeed:2.400000,angle:-11.900000,distense:40.800000,rcs:9.000000
timestame:1619470840.434000000,objid:7,type:0,xpos:0.000000,ypos:0.000000,xspeed:13.270000,yspeed:0.400000,angle:2.390000,distense:210.000000,rcs:31.000000
