timestame:1619470211.542000000,objid:0,type:0,xpos:0.000000,ypos:0.000000,xspeed:1.940000,yspeed:0.200000,angle:6.340000,distense:16.600000,rcs:30.000000
timestame:1619470211.542000000,objid:4,type:0,xpos:0.000000,ypos:0.000000,xspeed:-2.170000,yspeed:7.280000,angle:-2.440000,distense:51.400000,rcs:9.000000
