timestame:1619470840.557000000,objid:3,type:0,xpos:0.000000,ypos:0.000000,xspeed:2.750000,yspeed:2.400000,angle:-11.780000,distense:41.200000,rcs:9.000000
timestame:1619470840.557000000,objid:7,type:0,xpos:0.000000,ypos:0.000000,xspeed:13.320000,yspeed:0.420000,angle:2.410000,distense:211.600000,rcs:29.000000
