timestame:1619470616.181000000,objid:0,type:0,xpos:0.000000,ypos:0.000000,xspeed:2.100000,yspeed:-10.010000,angle:-18.000000,distense:67.400000,rcs:9.000000
timestame:1619470616.181000000,objid:1,type:0,xpos:0.000000,ypos:0.000000,xspeed:-30.890000,yspeed:0.000000,angle:-7.660000,distense:112.400000,rcs:12.000000
timestame:1619470616.181000000,objid:10,type:0,xpos:0.000000,ypos:0.000000,xspeed:-1.220000,yspeed:5.590000,angle:18.380000,distense:40.800000,rcs:6.000000
