timestame:1619469583.445000000,objid:1,type:0,xpos:0.000000,ypos:0.000000,xspeed:-4.970000,yspeed:-0.130000,angle:-9.770000,distense:91.600000,rcs:20.000000
timestame:1619469583.445000000,objid:2,type:0,xpos:0.000000,ypos:0.000000,xspeed:-1.400000,yspeed:-0.840000,angle:-11.390000,distense:83.800000,rcs:20.000000
