timestame:1619469925.821000000,objid:1,type:0,xpos:0.000000,ypos:0.000000,xspeed:6.580000,yspeed:0.200000,angle:1.490000,distense:166.200000,rcs:12.000000
timestame:1619469925.821000000,objid:8,type:0,xpos:0.000000,ypos:0.000000,xspeed:6.570000,yspeed:0.030000,angle:1.250000,distense:159.200000,rcs:12.000000
