timestame:1619470750.324000000,objid:0,type:0,xpos:0.000000,ypos:0.000000,xspeed:-1.240000,yspeed:-3.620000,angle:-16.090000,distense:40.600000,rcs:24.000000
timestame:1619470750.324000000,objid:6,type:0,xpos:0.000000,ypos:0.000000,xspeed:-1.090000,yspeed:3.450000,angle:22.850000,distense:35.000000,rcs:13.000000
timestame:1619470750.324000000,objid:10,type:0,xpos:0.000000,ypos:0.000000,xspeed:-5.980000,yspeed:-6.100000,angle:-18.000000,distense:35.200000,rcs:6.000000
