timestame:1619471460.874000000,objid:1,type:0,xpos:0.000000,ypos:0.000000,xspeed:-6.500000,yspeed:-1.520000,angle:-5.020000,distense:124.800000,rcs:9.000000
timestame:1619471460.874000000,objid:3,type:0,xpos:0.000000,ypos:0.000000,xspeed:-7.930000,yspeed:-2.550000,angle:-4.800000,distense:192.200000,rcs:12.000000
