timestame:1619470497.057000000,objid:2,type:0,xpos:0.000000,ypos:0.000000,xspeed:-1.180000,yspeed:-4.740000,angle:-15.410000,distense:41.400000,rcs:32.000000
timestame:1619470497.057000000,objid:6,type:0,xpos:0.000000,ypos:0.000000,xspeed:-1.400000,yspeed:4.700000,angle:-9.110000,distense:47.000000,rcs:21.000000
timestame:1619470497.057000000,objid:7,type:0,xpos:0.000000,ypos:0.000000,xspeed:-2.210000,yspeed:-4.480000,angle:-13.540000,distense:48.000000,rcs:12.000000
