timestame:1619469879.737000000,objid:6,type:0,xpos:0.000000,ypos:0.000000,xspeed:-4.360000,yspeed:-2.650000,angle:-18.000000,distense:33.200000,rcs:13.000000
timestame:1619469879.737000000,objid:15,type:0,xpos:0.000000,ypos:0.000000,xspeed:-1.170000,yspeed:-4.370000,angle:-8.120000,distense:41.000000,rcs:32.000000
