timestame:1619471367.692000000,objid:1,type:0,xpos:0.000000,ypos:0.000000,xspeed:7.860000,yspeed:0.070000,angle:3.180000,distense:121.800000,rcs:22.000000
timestame:1619471367.692000000,objid:7,type:0,xpos:0.000000,ypos:0.000000,xspeed:11.740000,yspeed:0.180000,angle:1.520000,distense:161.000000,rcs:9.000000
