timestame:1619469783.293000000,objid:2,type:0,xpos:0.000000,ypos:0.000000,xspeed:17.030000,yspeed:0.060000,angle:1.250000,distense:148.600000,rcs:16.000000
timestame:1619469783.293000000,objid:4,type:0,xpos:0.000000,ypos:0.000000,xspeed:-17.680000,yspeed:-0.970000,angle:-6.050000,distense:146.200000,rcs:9.000000
timestame:1619469783.293000000,objid:5,type:0,xpos:0.000000,ypos:0.000000,xspeed:1.540000,yspeed:3.340000,angle:-4.390000,distense:43.800000,rcs:15.000000
timestame:1619469783.293000000,objid:10,type:0,xpos:0.000000,ypos:0.000000,xspeed:16.490000,yspeed:0.100000,angle:1.230000,distense:135.600000,rcs:15.000000
