timestame:1619469822.050000000,objid:1,type:0,xpos:0.000000,ypos:0.000000,xspeed:1.290000,yspeed:-7.070000,angle:-18.000000,distense:66.400000,rcs:6.000000
timestame:1619469822.050000000,objid:4,type:0,xpos:0.000000,ypos:0.000000,xspeed:-1.840000,yspeed:9.860000,angle:-9.660000,distense:42.600000,rcs:6.000000
timestame:1619469822.050000000,objid:11,type:0,xpos:0.000000,ypos:0.000000,xspeed:-4.830000,yspeed:0.310000,angle:-5.910000,distense:138.600000,rcs:12.000000
