timestame:1619469874.279000000,objid:0,type:0,xpos:0.000000,ypos:0.000000,xspeed:-2.780000,yspeed:-0.240000,angle:-18.000000,distense:24.800000,rcs:6.000000
timestame:1619469874.279000000,objid:3,type:0,xpos:0.000000,ypos:0.000000,xspeed:1.090000,yspeed:-8.070000,angle:10.290000,distense:44.800000,rcs:32.000000
timestame:1619469874.279000000,objid:6,type:0,xpos:0.000000,ypos:0.000000,xspeed:11.530000,yspeed:-4.930000,angle:18.480000,distense:51.800000,rcs:12.000000
