timestame:1619469619.068000000,objid:1,type:0,xpos:0.000000,ypos:0.000000,xspeed:-1.910000,yspeed:0.170000,angle:-12.950000,distense:73.000000,rcs:22.000000
timestame:1619469619.068000000,objid:3,type:0,xpos:0.000000,ypos:0.000000,xspeed:-1.530000,yspeed:-0.110000,angle:-10.870000,distense:86.600000,rcs:24.000000
timestame:1619469619.068000000,objid:4,type:0,xpos:0.000000,ypos:0.000000,xspeed:-17.170000,yspeed:1.480000,angle:-4.590000,distense:125.800000,rcs:15.000000
