timestame:1619471558.269000000,objid:7,type:0,xpos:0.000000,ypos:0.000000,xspeed:-2.700000,yspeed:-1.650000,angle:-18.000000,distense:32.600000,rcs:13.000000
timestame:1619471558.269000000,objid:12,type:0,xpos:0.000000,ypos:0.000000,xspeed:2.710000,yspeed:1.940000,angle:-15.390000,distense:34.200000,rcs:19.000000
timestame:1619471558.269000000,objid:15,type:0,xpos:0.000000,ypos:0.000000,xspeed:2.920000,yspeed:-2.310000,angle:-5.970000,distense:51.000000,rcs:13.000000
