timestame:1619471252.762000000,objid:1,type:0,xpos:0.000000,ypos:0.000000,xspeed:2.640000,yspeed:3.150000,angle:3.450000,distense:79.600000,rcs:9.000000
timestame:1619471252.762000000,objid:3,type:0,xpos:0.000000,ypos:0.000000,xspeed:-16.840000,yspeed:-0.410000,angle:-6.090000,distense:136.400000,rcs:15.000000
