timestame:1619469686.642000000,objid:2,type:0,xpos:0.000000,ypos:0.000000,xspeed:-1.910000,yspeed:6.200000,angle:-11.800000,distense:43.200000,rcs:13.000000
timestame:1619469686.642000000,objid:4,type:0,xpos:0.000000,ypos:0.000000,xspeed:-1.850000,yspeed:8.320000,angle:-1.920000,distense:45.000000,rcs:21.000000
timestame:1619469686.642000000,objid:5,type:0,xpos:0.000000,ypos:0.000000,xspeed:2.110000,yspeed:-7.020000,angle:3.610000,distense:50.200000,rcs:9.000000
timestame:1619469686.642000000,objid:6,type:0,xpos:0.000000,ypos:0.000000,xspeed:-2.890000,yspeed:7.970000,angle:-5.610000,distense:41.200000,rcs:20.000000
