timestame:1619469482.754000000,objid:0,type:0,xpos:0.000000,ypos:0.000000,xspeed:-1.190000,yspeed:-0.160000,angle:-11.860000,distense:78.800000,rcs:28.000000
timestame:1619469482.754000000,objid:3,type:0,xpos:0.000000,ypos:0.000000,xspeed:3.900000,yspeed:0.070000,angle:12.640000,distense:14.000000,rcs:24.000000
timestame:1619469482.754000000,objid:7,type:0,xpos:0.000000,ypos:0.000000,xspeed:-2.560000,yspeed:-0.090000,angle:-10.270000,distense:90.800000,rcs:18.000000
timestame:1619469482.754000000,objid:9,type:0,xpos:0.000000,ypos:0.000000,xspeed:2.610000,yspeed:-1.030000,angle:-7.970000,distense:102.200000,rcs:6.000000
