timestame:1619469699.323000000,objid:2,type:0,xpos:0.000000,ypos:0.000000,xspeed:-1.890000,yspeed:-2.360000,angle:-18.000000,distense:41.600000,rcs:16.000000
timestame:1619469699.323000000,objid:5,type:0,xpos:0.000000,ypos:0.000000,xspeed:-3.950000,yspeed:-2.090000,angle:-18.000000,distense:38.800000,rcs:13.000000
timestame:1619469699.323000000,objid:6,type:0,xpos:0.000000,ypos:0.000000,xspeed:4.520000,yspeed:-8.280000,angle:-9.360000,distense:75.200000,rcs:6.000000
timestame:1619469699.323000000,objid:8,type:0,xpos:0.000000,ypos:0.000000,xspeed:3.210000,yspeed:4.620000,angle:-8.330000,distense:46.200000,rcs:21.000000
