timestame:1619469879.429000000,objid:3,type:0,xpos:0.000000,ypos:0.000000,xspeed:-4.000000,yspeed:-0.110000,angle:-18.000000,distense:25.600000,rcs:6.000000
timestame:1619469879.429000000,objid:6,type:0,xpos:0.000000,ypos:0.000000,xspeed:-4.560000,yspeed:-2.560000,angle:-18.000000,distense:33.600000,rcs:18.000000
