timestame:1619470563.821000000,objid:1,type:0,xpos:0.000000,ypos:0.000000,xspeed:6.790000,yspeed:-0.470000,angle:3.310000,distense:207.600000,rcs:6.000000
timestame:1619470563.821000000,objid:2,type:0,xpos:0.000000,ypos:0.000000,xspeed:-14.210000,yspeed:-3.320000,angle:-0.360000,distense:8.600000,rcs:9.000000
timestame:1619470563.821000000,objid:3,type:0,xpos:0.000000,ypos:0.000000,xspeed:10.990000,yspeed:0.150000,angle:1.550000,distense:103.600000,rcs:30.000000
timestame:1619470563.821000000,objid:6,type:0,xpos:0.000000,ypos:0.000000,xspeed:-3.640000,yspeed:-1.030000,angle:-18.000000,distense:40.000000,rcs:9.000000
