timestame:1619470496.687000000,objid:0,type:0,xpos:0.000000,ypos:0.000000,xspeed:-2.260000,yspeed:-3.330000,angle:20.990000,distense:43.800000,rcs:29.000000
timestame:1619470496.687000000,objid:7,type:0,xpos:0.000000,ypos:0.000000,xspeed:-5.290000,yspeed:4.450000,angle:-10.280000,distense:47.600000,rcs:12.000000
