timestame:1619471363.335000000,objid:2,type:0,xpos:0.000000,ypos:0.000000,xspeed:6.530000,yspeed:-0.140000,angle:4.370000,distense:92.400000,rcs:24.000000
timestame:1619471363.335000000,objid:4,type:0,xpos:0.000000,ypos:0.000000,xspeed:6.400000,yspeed:0.130000,angle:5.230000,distense:86.200000,rcs:19.000000
timestame:1619471363.335000000,objid:7,type:0,xpos:0.000000,ypos:0.000000,xspeed:10.180000,yspeed:0.100000,angle:1.550000,distense:109.400000,rcs:27.000000
