timestame:1619471223.689000000,objid:0,type:0,xpos:0.000000,ypos:0.000000,xspeed:2.310000,yspeed:0.360000,angle:1.970000,distense:60.400000,rcs:6.000000
timestame:1619471223.689000000,objid:1,type:0,xpos:0.000000,ypos:0.000000,xspeed:5.950000,yspeed:-0.200000,angle:-5.170000,distense:30.600000,rcs:26.000000
timestame:1619471223.689000000,objid:6,type:0,xpos:0.000000,ypos:0.000000,xspeed:4.520000,yspeed:0.280000,angle:2.440000,distense:66.600000,rcs:9.000000
timestame:1619471223.689000000,objid:9,type:0,xpos:0.000000,ypos:0.000000,xspeed:4.570000,yspeed:0.260000,angle:2.990000,distense:48.000000,rcs:49.000000
