timestame:1619470139.242000000,objid:0,type:0,xpos:0.000000,ypos:0.000000,xspeed:-6.990000,yspeed:0.020000,angle:15.070000,distense:29.200000,rcs:20.000000
timestame:1619470139.242000000,objid:7,type:0,xpos:0.000000,ypos:0.000000,xspeed:-2.150000,yspeed:-0.200000,angle:-10.650000,distense:72.600000,rcs:6.000000
