timestame:1619470736.425000000,objid:0,type:0,xpos:0.000000,ypos:0.000000,xspeed:-19.230000,yspeed:-6.290000,angle:-4.550000,distense:175.200000,rcs:6.000000
timestame:1619470736.425000000,objid:1,type:0,xpos:0.000000,ypos:0.000000,xspeed:12.060000,yspeed:-0.140000,angle:1.400000,distense:104.000000,rcs:9.000000
timestame:1619470736.425000000,objid:2,type:0,xpos:0.000000,ypos:0.000000,xspeed:2.330000,yspeed:-3.310000,angle:-6.740000,distense:50.800000,rcs:15.000000
timestame:1619470736.425000000,objid:6,type:0,xpos:0.000000,ypos:0.000000,xspeed:12.050000,yspeed:0.140000,angle:1.740000,distense:93.200000,rcs:37.000000
