timestame:1619470214.883000000,objid:7,type:0,xpos:0.000000,ypos:0.000000,xspeed:-2.940000,yspeed:7.430000,angle:-12.540000,distense:45.200000,rcs:25.000000
timestame:1619470214.883000000,objid:9,type:0,xpos:0.000000,ypos:0.000000,xspeed:-1.550000,yspeed:9.970000,angle:19.070000,distense:39.400000,rcs:9.000000
