timestame:1619470932.441000000,objid:0,type:0,xpos:0.000000,ypos:0.000000,xspeed:-1.060000,yspeed:-1.030000,angle:-2.490000,distense:14.600000,rcs:22.000000
timestame:1619470932.441000000,objid:7,type:0,xpos:0.000000,ypos:0.000000,xspeed:-2.820000,yspeed:-0.110000,angle:-10.960000,distense:83.400000,rcs:20.000000
