timestame:1619471406.644000000,objid:5,type:0,xpos:0.000000,ypos:0.000000,xspeed:-15.260000,yspeed:-4.110000,angle:7.060000,distense:150.600000,rcs:9.000000
timestame:1619471406.644000000,objid:6,type:0,xpos:0.000000,ypos:0.000000,xspeed:-1.470000,yspeed:8.170000,angle:7.550000,distense:40.400000,rcs:13.000000
