timestame:1619471006.812000000,objid:2,type:0,xpos:0.000000,ypos:0.000000,xspeed:-6.410000,yspeed:0.790000,angle:-8.290000,distense:106.000000,rcs:18.000000
timestame:1619471006.812000000,objid:5,type:0,xpos:0.000000,ypos:0.000000,xspeed:8.650000,yspeed:2.160000,angle:-13.930000,distense:48.800000,rcs:20.000000
timestame:1619471006.812000000,objid:7,type:0,xpos:0.000000,ypos:0.000000,xspeed:-2.560000,yspeed:8.410000,angle:-17.110000,distense:44.800000,rcs:9.000000
timestame:1619471006.812000000,objid:9,type:0,xpos:0.000000,ypos:0.000000,xspeed:-7.970000,yspeed:2.020000,angle:-8.110000,distense:107.600000,rcs:22.000000
