timestame:1619471086.830000000,objid:0,type:0,xpos:0.000000,ypos:0.000000,xspeed:8.420000,yspeed:0.360000,angle:1.580000,distense:61.000000,rcs:30.000000
timestame:1619471086.830000000,objid:4,type:0,xpos:0.000000,ypos:0.000000,xspeed:-23.600000,yspeed:-1.550000,angle:-5.930000,distense:117.200000,rcs:9.000000
timestame:1619471086.830000000,objid:11,type:0,xpos:0.000000,ypos:0.000000,xspeed:2.970000,yspeed:0.130000,angle:2.530000,distense:24.000000,rcs:42.000000
