timestame:1619471433.605000000,objid:1,type:0,xpos:0.000000,ypos:0.000000,xspeed:4.450000,yspeed:-0.980000,angle:1.500000,distense:45.600000,rcs:25.000000
timestame:1619471433.605000000,objid:2,type:0,xpos:0.000000,ypos:0.000000,xspeed:2.810000,yspeed:-3.910000,angle:1.740000,distense:45.400000,rcs:6.000000
timestame:1619471433.605000000,objid:5,type:0,xpos:0.000000,ypos:0.000000,xspeed:-1.730000,yspeed:-6.700000,angle:-5.980000,distense:39.000000,rcs:32.000000
timestame:1619471433.605000000,objid:14,type:0,xpos:0.000000,ypos:0.000000,xspeed:-2.050000,yspeed:12.070000,angle:-2.320000,distense:48.600000,rcs:9.000000
