timestame:1619470112.737000000,objid:2,type:0,xpos:0.000000,ypos:0.000000,xspeed:6.470000,yspeed:2.110000,angle:18.340000,distense:34.000000,rcs:21.000000
timestame:1619470112.737000000,objid:3,type:0,xpos:0.000000,ypos:0.000000,xspeed:24.770000,yspeed:7.020000,angle:20.970000,distense:36.800000,rcs:31.000000
timestame:1619470112.737000000,objid:7,type:0,xpos:0.000000,ypos:0.000000,xspeed:6.740000,yspeed:1.330000,angle:21.310000,distense:32.400000,rcs:18.000000
