timestame:1619471452.108000000,objid:3,type:0,xpos:0.000000,ypos:0.000000,xspeed:-2.210000,yspeed:-0.250000,angle:-6.720000,distense:100.800000,rcs:12.000000
timestame:1619471452.108000000,objid:11,type:0,xpos:0.000000,ypos:0.000000,xspeed:-1.500000,yspeed:0.260000,angle:-7.510000,distense:93.200000,rcs:9.000000
timestame:1619471452.108000000,objid:13,type:0,xpos:0.000000,ypos:0.000000,xspeed:-3.860000,yspeed:-0.180000,angle:22.540000,distense:34.000000,rcs:18.000000
