timestame:1619471230.187000000,objid:0,type:0,xpos:0.000000,ypos:0.000000,xspeed:6.410000,yspeed:0.220000,angle:2.220000,distense:96.200000,rcs:9.000000
timestame:1619471230.187000000,objid:1,type:0,xpos:0.000000,ypos:0.000000,xspeed:3.080000,yspeed:-5.310000,angle:-18.000000,distense:64.000000,rcs:9.000000
timestame:1619471230.187000000,objid:9,type:0,xpos:0.000000,ypos:0.000000,xspeed:6.630000,yspeed:0.210000,angle:2.140000,distense:87.800000,rcs:43.000000
