timestame:1619469760.075000000,objid:1,type:0,xpos:0.000000,ypos:0.000000,xspeed:1.620000,yspeed:4.480000,angle:-7.450000,distense:41.200000,rcs:13.000000
timestame:1619469760.075000000,objid:2,type:0,xpos:0.000000,ypos:0.000000,xspeed:4.660000,yspeed:3.370000,angle:-14.080000,distense:42.600000,rcs:18.000000
