timestame:1619469876.766000000,objid:6,type:0,xpos:0.000000,ypos:0.000000,xspeed:-1.620000,yspeed:-0.410000,angle:-18.000000,distense:38.400000,rcs:6.000000
timestame:1619469876.766000000,objid:10,type:0,xpos:0.000000,ypos:0.000000,xspeed:13.120000,yspeed:9.610000,angle:-15.020000,distense:41.000000,rcs:9.000000
timestame:1619469876.766000000,objid:13,type:0,xpos:0.000000,ypos:0.000000,xspeed:-1.390000,yspeed:-0.850000,angle:-16.090000,distense:40.000000,rcs:6.000000
