timestame:1619469927.614000000,objid:1,type:0,xpos:0.000000,ypos:0.000000,xspeed:6.890000,yspeed:0.110000,angle:1.430000,distense:179.000000,rcs:6.000000
timestame:1619469927.614000000,objid:8,type:0,xpos:0.000000,ypos:0.000000,xspeed:7.040000,yspeed:0.090000,angle:1.250000,distense:172.400000,rcs:20.000000
