timestame:1619470773.738000000,objid:0,type:0,xpos:0.000000,ypos:0.000000,xspeed:-9.510000,yspeed:-0.110000,angle:-7.150000,distense:118.800000,rcs:22.000000
timestame:1619470773.738000000,objid:2,type:0,xpos:0.000000,ypos:0.000000,xspeed:18.330000,yspeed:1.530000,angle:1.650000,distense:148.400000,rcs:13.000000
