timestame:1619471088.442000000,objid:0,type:0,xpos:0.000000,ypos:0.000000,xspeed:9.060000,yspeed:0.420000,angle:1.820000,distense:75.800000,rcs:27.000000
timestame:1619471088.442000000,objid:1,type:0,xpos:0.000000,ypos:0.000000,xspeed:8.460000,yspeed:0.570000,angle:8.630000,distense:28.600000,rcs:31.000000
timestame:1619471088.442000000,objid:4,type:0,xpos:0.000000,ypos:0.000000,xspeed:-22.550000,yspeed:-0.890000,angle:-9.010000,distense:82.800000,rcs:12.000000
timestame:1619471088.442000000,objid:11,type:0,xpos:0.000000,ypos:0.000000,xspeed:3.910000,yspeed:-0.160000,angle:1.430000,distense:31.200000,rcs:9.000000
