timestame:1619470496.810000000,objid:0,type:0,xpos:0.000000,ypos:0.000000,xspeed:-1.810000,yspeed:0.060000,angle:21.780000,distense:44.000000,rcs:31.000000
timestame:1619470496.810000000,objid:6,type:0,xpos:0.000000,ypos:0.000000,xspeed:-1.270000,yspeed:5.690000,angle:-9.960000,distense:47.200000,rcs:6.000000
timestame:1619470496.810000000,objid:7,type:0,xpos:0.000000,ypos:0.000000,xspeed:-2.920000,yspeed:-3.980000,angle:-12.100000,distense:48.200000,rcs:18.000000
