timestame:1619471076.900000000,objid:0,type:0,xpos:0.000000,ypos:0.000000,xspeed:-9.720000,yspeed:-0.360000,angle:-18.000000,distense:26.200000,rcs:6.000000
timestame:1619471076.900000000,objid:3,type:0,xpos:0.000000,ypos:0.000000,xspeed:-9.080000,yspeed:-0.260000,angle:-10.140000,distense:68.400000,rcs:20.000000
timestame:1619471076.900000000,objid:5,type:0,xpos:0.000000,ypos:0.000000,xspeed:-9.910000,yspeed:-0.230000,angle:-16.180000,distense:47.000000,rcs:25.000000
timestame:1619471076.900000000,objid:6,type:0,xpos:0.000000,ypos:0.000000,xspeed:-5.500000,yspeed:-0.460000,angle:-18.000000,distense:53.600000,rcs:24.000000
