timestame:1619470914.234000000,objid:0,type:0,xpos:0.000000,ypos:0.000000,xspeed:4.980000,yspeed:3.240000,angle:-15.610000,distense:36.200000,rcs:23.000000
timestame:1619470914.234000000,objid:3,type:0,xpos:0.000000,ypos:0.000000,xspeed:-4.330000,yspeed:2.710000,angle:-3.360000,distense:39.200000,rcs:12.000000
timestame:1619470914.234000000,objid:7,type:0,xpos:0.000000,ypos:0.000000,xspeed:4.580000,yspeed:2.950000,angle:-15.780000,distense:48.400000,rcs:6.000000
timestame:1619470914.234000000,objid:10,type:0,xpos:0.000000,ypos:0.000000,xspeed:5.580000,yspeed:3.340000,angle:-16.760000,distense:43.000000,rcs:6.000000
