timestame:1619470139.305000000,objid:0,type:0,xpos:0.000000,ypos:0.000000,xspeed:-7.020000,yspeed:0.060000,angle:15.410000,distense:28.800000,rcs:20.000000
timestame:1619470139.305000000,objid:7,type:0,xpos:0.000000,ypos:0.000000,xspeed:-2.150000,yspeed:-0.200000,angle:-10.680000,distense:72.600000,rcs:6.000000
