timestame:1619470171.821000000,objid:0,type:0,xpos:0.000000,ypos:0.000000,xspeed:8.920000,yspeed:0.270000,angle:2.200000,distense:77.400000,rcs:26.000000
timestame:1619470171.821000000,objid:1,type:0,xpos:0.000000,ypos:0.000000,xspeed:9.970000,yspeed:0.470000,angle:2.660000,distense:48.000000,rcs:27.000000
timestame:1619470171.821000000,objid:3,type:0,xpos:0.000000,ypos:0.000000,xspeed:10.970000,yspeed:0.050000,angle:3.620000,distense:117.000000,rcs:12.000000
timestame:1619470171.821000000,objid:4,type:0,xpos:0.000000,ypos:0.000000,xspeed:4.790000,yspeed:1.430000,angle:20.120000,distense:29.800000,rcs:22.000000
