timestame:1619470912.685000000,objid:0,type:0,xpos:0.000000,ypos:0.000000,xspeed:6.130000,yspeed:2.830000,angle:21.760000,distense:28.000000,rcs:21.000000
timestame:1619470912.685000000,objid:2,type:0,xpos:0.000000,ypos:0.000000,xspeed:16.540000,yspeed:-13.980000,angle:-3.550000,distense:51.200000,rcs:6.000000
timestame:1619470912.685000000,objid:7,type:0,xpos:0.000000,ypos:0.000000,xspeed:4.210000,yspeed:2.120000,angle:22.850000,distense:39.200000,rcs:6.000000
timestame:1619470912.685000000,objid:10,type:0,xpos:0.000000,ypos:0.000000,xspeed:4.890000,yspeed:-0.140000,angle:21.900000,distense:32.800000,rcs:13.000000
