timestame:1619469924.514000000,objid:1,type:0,xpos:0.000000,ypos:0.000000,xspeed:6.250000,yspeed:0.220000,angle:1.500000,distense:157.400000,rcs:13.000000
timestame:1619469924.514000000,objid:8,type:0,xpos:0.000000,ypos:0.000000,xspeed:6.300000,yspeed:0.030000,angle:1.300000,distense:150.600000,rcs:28.000000
