timestame:1619470943.079000000,objid:1,type:0,xpos:0.000000,ypos:0.000000,xspeed:-5.480000,yspeed:1.060000,angle:-14.690000,distense:51.000000,rcs:18.000000
timestame:1619470943.079000000,objid:5,type:0,xpos:0.000000,ypos:0.000000,xspeed:-6.410000,yspeed:-0.650000,angle:-18.000000,distense:54.000000,rcs:16.000000
timestame:1619470943.079000000,objid:7,type:0,xpos:0.000000,ypos:0.000000,xspeed:-6.750000,yspeed:-0.460000,angle:-18.000000,distense:50.000000,rcs:15.000000
