timestame:1619471148.595000000,objid:4,type:0,xpos:0.000000,ypos:0.000000,xspeed:-13.920000,yspeed:8.010000,angle:3.320000,distense:39.600000,rcs:9.000000
timestame:1619471148.595000000,objid:5,type:0,xpos:0.000000,ypos:0.000000,xspeed:-1.260000,yspeed:6.120000,angle:12.310000,distense:40.600000,rcs:15.000000
