timestame:1619470511.106000000,objid:1,type:0,xpos:0.000000,ypos:0.000000,xspeed:-5.400000,yspeed:2.770000,angle:7.000000,distense:43.400000,rcs:43.000000
timestame:1619470511.106000000,objid:8,type:0,xpos:0.000000,ypos:0.000000,xspeed:-4.670000,yspeed:-2.850000,angle:5.760000,distense:71.200000,rcs:24.000000
timestame:1619470511.106000000,objid:10,type:0,xpos:0.000000,ypos:0.000000,xspeed:3.140000,yspeed:-0.070000,angle:0.280000,distense:14.600000,rcs:24.000000
timestame:1619470511.106000000,objid:11,type:0,xpos:0.000000,ypos:0.000000,xspeed:-1.110000,yspeed:6.710000,angle:-13.170000,distense:40.400000,rcs:6.000000
