timestame:1619470110.507000000,objid:3,type:0,xpos:0.000000,ypos:0.000000,xspeed:-1.480000,yspeed:-2.520000,angle:14.610000,distense:25.800000,rcs:9.000000
timestame:1619470110.507000000,objid:4,type:0,xpos:0.000000,ypos:0.000000,xspeed:24.470000,yspeed:0.000000,angle:-14.580000,distense:21.000000,rcs:20.000000
timestame:1619470110.507000000,objid:5,type:0,xpos:0.000000,ypos:0.000000,xspeed:3.220000,yspeed:3.580000,angle:-10.350000,distense:39.000000,rcs:20.000000
timestame:1619470110.507000000,objid:6,type:0,xpos:0.000000,ypos:0.000000,xspeed:-7.420000,yspeed:-0.920000,angle:16.260000,distense:26.200000,rcs:6.000000
