timestame:1619471151.518000000,objid:0,type:0,xpos:0.000000,ypos:0.000000,xspeed:-1.620000,yspeed:9.450000,angle:5.450000,distense:39.800000,rcs:22.000000
timestame:1619471151.518000000,objid:1,type:0,xpos:0.000000,ypos:0.000000,xspeed:-11.860000,yspeed:-2.720000,angle:11.200000,distense:90.800000,rcs:12.000000
timestame:1619471151.518000000,objid:2,type:0,xpos:0.000000,ypos:0.000000,xspeed:-1.190000,yspeed:5.010000,angle:-4.210000,distense:40.800000,rcs:9.000000
