timestame:1619470988.799000000,objid:2,type:0,xpos:0.000000,ypos:0.000000,xspeed:-13.760000,yspeed:-0.990000,angle:-18.000000,distense:21.400000,rcs:9.000000
timestame:1619470988.799000000,objid:3,type:0,xpos:0.000000,ypos:0.000000,xspeed:5.150000,yspeed:0.030000,angle:8.120000,distense:95.400000,rcs:9.000000
timestame:1619470988.799000000,objid:4,type:0,xpos:0.000000,ypos:0.000000,xspeed:-13.460000,yspeed:-0.500000,angle:-10.560000,distense:71.800000,rcs:26.000000
timestame:1619470988.799000000,objid:7,type:0,xpos:0.000000,ypos:0.000000,xspeed:-15.460000,yspeed:-1.910000,angle:-18.000000,distense:21.400000,rcs:9.000000
