timestame:1619471003.394000000,objid:0,type:0,xpos:0.000000,ypos:0.000000,xspeed:-1.590000,yspeed:-5.520000,angle:-9.150000,distense:47.400000,rcs:24.000000
timestame:1619471003.394000000,objid:1,type:0,xpos:0.000000,ypos:0.000000,xspeed:-13.390000,yspeed:-0.700000,angle:-6.060000,distense:138.000000,rcs:19.000000
timestame:1619471003.394000000,objid:4,type:0,xpos:0.000000,ypos:0.000000,xspeed:1.560000,yspeed:0.120000,angle:-0.070000,distense:17.200000,rcs:22.000000
