timestame:1619470745.734000000,objid:0,type:0,xpos:0.000000,ypos:0.000000,xspeed:-2.610000,yspeed:-0.430000,angle:-8.890000,distense:82.800000,rcs:16.000000
timestame:1619470745.734000000,objid:6,type:0,xpos:0.000000,ypos:0.000000,xspeed:12.570000,yspeed:0.420000,angle:1.370000,distense:208.800000,rcs:27.000000
