timestame:1619471409.247000000,objid:1,type:0,xpos:0.000000,ypos:0.000000,xspeed:-1.150000,yspeed:-2.820000,angle:-10.110000,distense:41.400000,rcs:31.000000
timestame:1619471409.247000000,objid:4,type:0,xpos:0.000000,ypos:0.000000,xspeed:-2.720000,yspeed:-5.950000,angle:-3.180000,distense:44.000000,rcs:33.000000
timestame:1619471409.247000000,objid:7,type:0,xpos:0.000000,ypos:0.000000,xspeed:-1.910000,yspeed:-3.360000,angle:-15.160000,distense:39.600000,rcs:27.000000
timestame:1619471409.247000000,objid:12,type:0,xpos:0.000000,ypos:0.000000,xspeed:-9.840000,yspeed:-1.580000,angle:-4.230000,distense:194.200000,rcs:9.000000
