timestame:1619470830.964000000,objid:1,type:0,xpos:0.000000,ypos:0.000000,xspeed:8.990000,yspeed:0.130000,angle:3.250000,distense:103.200000,rcs:20.000000
timestame:1619470830.964000000,objid:2,type:0,xpos:0.000000,ypos:0.000000,xspeed:7.360000,yspeed:-0.110000,angle:2.990000,distense:107.600000,rcs:18.000000
timestame:1619470830.964000000,objid:3,type:0,xpos:0.000000,ypos:0.000000,xspeed:8.550000,yspeed:0.090000,angle:4.000000,distense:95.800000,rcs:25.000000
timestame:1619470830.964000000,objid:6,type:0,xpos:0.000000,ypos:0.000000,xspeed:11.250000,yspeed:-0.070000,angle:1.330000,distense:131.800000,rcs:9.000000
