timestame:1619470105.975000000,objid:1,type:0,xpos:0.000000,ypos:0.000000,xspeed:6.450000,yspeed:0.360000,angle:19.920000,distense:30.600000,rcs:29.000000
timestame:1619470105.975000000,objid:9,type:0,xpos:0.000000,ypos:0.000000,xspeed:3.990000,yspeed:2.390000,angle:-15.870000,distense:28.400000,rcs:34.000000
