timestame:1619471370.880000000,objid:1,type:0,xpos:0.000000,ypos:0.000000,xspeed:8.610000,yspeed:-0.070000,angle:2.450000,distense:149.000000,rcs:12.000000
timestame:1619471370.880000000,objid:7,type:0,xpos:0.000000,ypos:0.000000,xspeed:10.770000,yspeed:0.240000,angle:1.540000,distense:195.000000,rcs:15.000000
