timestame:1619470147.699000000,objid:0,type:0,xpos:0.000000,ypos:0.000000,xspeed:1.830000,yspeed:2.650000,angle:-12.280000,distense:40.400000,rcs:15.000000
timestame:1619470147.699000000,objid:1,type:0,xpos:0.000000,ypos:0.000000,xspeed:2.420000,yspeed:1.000000,angle:22.790000,distense:26.200000,rcs:22.000000
timestame:1619470147.699000000,objid:2,type:0,xpos:0.000000,ypos:0.000000,xspeed:3.110000,yspeed:2.110000,angle:-17.980000,distense:38.200000,rcs:6.000000
timestame:1619470147.699000000,objid:3,type:0,xpos:0.000000,ypos:0.000000,xspeed:-1.290000,yspeed:-0.230000,angle:-10.440000,distense:73.200000,rcs:18.000000
