timestame:1619470105.420000000,objid:1,type:0,xpos:0.000000,ypos:0.000000,xspeed:7.150000,yspeed:1.310000,angle:22.890000,distense:27.400000,rcs:28.000000
timestame:1619470105.420000000,objid:6,type:0,xpos:0.000000,ypos:0.000000,xspeed:-2.640000,yspeed:-0.140000,angle:16.930000,distense:24.000000,rcs:9.000000
timestame:1619470105.420000000,objid:9,type:0,xpos:0.000000,ypos:0.000000,xspeed:3.710000,yspeed:2.250000,angle:-16.540000,distense:25.200000,rcs:31.000000
timestame:1619470105.420000000,objid:11,type:0,xpos:0.000000,ypos:0.000000,xspeed:1.910000,yspeed:0.560000,angle:14.010000,distense:22.200000,rcs:6.000000
