timestame:1619470214.944000000,objid:7,type:0,xpos:0.000000,ypos:0.000000,xspeed:-2.840000,yspeed:7.550000,angle:-11.880000,distense:45.200000,rcs:15.000000
timestame:1619470214.944000000,objid:9,type:0,xpos:0.000000,ypos:0.000000,xspeed:-1.550000,yspeed:9.970000,angle:19.930000,distense:39.400000,rcs:9.000000
timestame:1619470214.944000000,objid:11,type:0,xpos:0.000000,ypos:0.000000,xspeed:2.030000,yspeed:0.000000,angle:22.200000,distense:39.800000,rcs:15.000000
