timestame:1619471003.579000000,objid:1,type:0,xpos:0.000000,ypos:0.000000,xspeed:-13.040000,yspeed:-0.740000,angle:-6.240000,distense:136.200000,rcs:13.000000
timestame:1619471003.579000000,objid:4,type:0,xpos:0.000000,ypos:0.000000,xspeed:1.490000,yspeed:0.160000,angle:0.160000,distense:17.400000,rcs:27.000000
