timestame:1619469691.565000000,objid:2,type:0,xpos:0.000000,ypos:0.000000,xspeed:1.540000,yspeed:-7.610000,angle:-10.200000,distense:60.800000,rcs:15.000000
timestame:1619469691.565000000,objid:3,type:0,xpos:0.000000,ypos:0.000000,xspeed:1.650000,yspeed:-2.020000,angle:-15.230000,distense:48.200000,rcs:22.000000
timestame:1619469691.565000000,objid:4,type:0,xpos:0.000000,ypos:0.000000,xspeed:1.420000,yspeed:-5.800000,angle:17.720000,distense:46.000000,rcs:30.000000
timestame:1619469691.565000000,objid:13,type:0,xpos:0.000000,ypos:0.000000,xspeed:-1.760000,yspeed:6.840000,angle:14.740000,distense:34.600000,rcs:9.000000
