timestame:1619471044.202000000,objid:1,type:0,xpos:0.000000,ypos:0.000000,xspeed:-1.340000,yspeed:-2.630000,angle:-14.450000,distense:38.800000,rcs:28.000000
timestame:1619471044.202000000,objid:2,type:0,xpos:0.000000,ypos:0.000000,xspeed:-2.300000,yspeed:-0.350000,angle:-18.000000,distense:29.800000,rcs:9.000000
timestame:1619471044.202000000,objid:9,type:0,xpos:0.000000,ypos:0.000000,xspeed:1.070000,yspeed:-3.770000,angle:18.950000,distense:46.400000,rcs:26.000000
timestame:1619471044.202000000,objid:16,type:0,xpos:0.000000,ypos:0.000000,xspeed:-1.910000,yspeed:-0.440000,angle:-18.000000,distense:31.800000,rcs:9.000000
