timestame:1619469619.507000000,objid:1,type:0,xpos:0.000000,ypos:0.000000,xspeed:-2.140000,yspeed:0.130000,angle:-13.210000,distense:71.800000,rcs:16.000000
timestame:1619469619.507000000,objid:3,type:0,xpos:0.000000,ypos:0.000000,xspeed:-1.740000,yspeed:-0.080000,angle:-11.000000,distense:85.600000,rcs:18.000000
timestame:1619469619.507000000,objid:4,type:0,xpos:0.000000,ypos:0.000000,xspeed:-16.560000,yspeed:1.550000,angle:-4.470000,distense:119.400000,rcs:15.000000
