timestame:1619470560.532000000,objid:0,type:0,xpos:0.000000,ypos:0.000000,xspeed:5.070000,yspeed:-0.410000,angle:2.780000,distense:193.600000,rcs:9.000000
timestame:1619470560.532000000,objid:1,type:0,xpos:0.000000,ypos:0.000000,xspeed:5.150000,yspeed:0.000000,angle:4.530000,distense:184.600000,rcs:13.000000
timestame:1619470560.532000000,objid:3,type:0,xpos:0.000000,ypos:0.000000,xspeed:8.280000,yspeed:0.080000,angle:1.740000,distense:66.200000,rcs:37.000000
