timestame:1619469994.591000000,objid:6,type:0,xpos:0.000000,ypos:0.000000,xspeed:-5.790000,yspeed:3.130000,angle:21.480000,distense:51.200000,rcs:9.000000
timestame:1619469994.591000000,objid:8,type:0,xpos:0.000000,ypos:0.000000,xspeed:1.130000,yspeed:3.270000,angle:-3.630000,distense:41.400000,rcs:6.000000
timestame:1619469994.591000000,objid:15,type:0,xpos:0.000000,ypos:0.000000,xspeed:-1.290000,yspeed:-2.480000,angle:-16.330000,distense:36.600000,rcs:37.000000
timestame:1619469994.591000000,objid:24,type:0,xpos:0.000000,ypos:0.000000,xspeed:2.610000,yspeed:2.430000,angle:-12.960000,distense:37.000000,rcs:13.000000
