timestame:1619469619.383000000,objid:1,type:0,xpos:0.000000,ypos:0.000000,xspeed:-2.160000,yspeed:0.130000,angle:-13.190000,distense:72.000000,rcs:16.000000
timestame:1619469619.383000000,objid:3,type:0,xpos:0.000000,ypos:0.000000,xspeed:-1.650000,yspeed:-0.150000,angle:-11.050000,distense:86.000000,rcs:19.000000
timestame:1619469619.383000000,objid:4,type:0,xpos:0.000000,ypos:0.000000,xspeed:-16.820000,yspeed:1.510000,angle:-4.530000,distense:121.000000,rcs:20.000000
