timestame:1619471407.947000000,objid:7,type:0,xpos:0.000000,ypos:0.000000,xspeed:-1.170000,yspeed:-3.010000,angle:-7.900000,distense:42.000000,rcs:29.000000
timestame:1619471407.947000000,objid:11,type:0,xpos:0.000000,ypos:0.000000,xspeed:-13.700000,yspeed:-11.300000,angle:-1.930000,distense:132.400000,rcs:6.000000
timestame:1619471407.947000000,objid:12,type:0,xpos:0.000000,ypos:0.000000,xspeed:-12.240000,yspeed:-0.740000,angle:-3.500000,distense:206.800000,rcs:12.000000
