timestame:1619469925.319000000,objid:1,type:0,xpos:0.000000,ypos:0.000000,xspeed:6.490000,yspeed:0.160000,angle:1.450000,distense:162.800000,rcs:19.000000
timestame:1619469925.319000000,objid:8,type:0,xpos:0.000000,ypos:0.000000,xspeed:6.450000,yspeed:0.100000,angle:1.330000,distense:155.800000,rcs:25.000000
