timestame:1619471147.357000000,objid:1,type:0,xpos:0.000000,ypos:0.000000,xspeed:-1.270000,yspeed:6.080000,angle:22.930000,distense:40.400000,rcs:6.000000
timestame:1619471147.357000000,objid:5,type:0,xpos:0.000000,ypos:0.000000,xspeed:-1.160000,yspeed:6.520000,angle:1.490000,distense:41.400000,rcs:26.000000
timestame:1619471147.357000000,objid:9,type:0,xpos:0.000000,ypos:0.000000,xspeed:-1.550000,yspeed:5.680000,angle:-3.410000,distense:42.200000,rcs:6.000000
