timestame:1619469921.225000000,objid:1,type:0,xpos:0.000000,ypos:0.000000,xspeed:5.890000,yspeed:0.090000,angle:1.300000,distense:137.000000,rcs:15.000000
timestame:1619469921.225000000,objid:8,type:0,xpos:0.000000,ypos:0.000000,xspeed:5.820000,yspeed:0.130000,angle:1.530000,distense:130.000000,rcs:15.000000
