timestame:1619470734.314000000,objid:1,type:0,xpos:0.000000,ypos:0.000000,xspeed:12.120000,yspeed:0.100000,angle:2.390000,distense:78.800000,rcs:16.000000
timestame:1619470734.314000000,objid:6,type:0,xpos:0.000000,ypos:0.000000,xspeed:12.450000,yspeed:0.520000,angle:2.480000,distense:68.400000,rcs:34.000000
