timestame:1619471163.984000000,objid:0,type:0,xpos:0.000000,ypos:0.000000,xspeed:-5.940000,yspeed:9.820000,angle:-2.780000,distense:168.800000,rcs:13.000000
timestame:1619471163.984000000,objid:3,type:0,xpos:0.000000,ypos:0.000000,xspeed:3.570000,yspeed:4.830000,angle:-10.450000,distense:42.000000,rcs:12.000000
timestame:1619471163.984000000,objid:5,type:0,xpos:0.000000,ypos:0.000000,xspeed:2.420000,yspeed:5.570000,angle:-3.210000,distense:49.400000,rcs:6.000000
timestame:1619471163.984000000,objid:8,type:0,xpos:0.000000,ypos:0.000000,xspeed:3.170000,yspeed:4.360000,angle:-8.570000,distense:44.200000,rcs:6.000000
