timestame:1619470801.178000000,objid:2,type:0,xpos:0.000000,ypos:0.000000,xspeed:-8.160000,yspeed:-0.870000,angle:-10.230000,distense:29.200000,rcs:6.000000
timestame:1619470801.178000000,objid:3,type:0,xpos:0.000000,ypos:0.000000,xspeed:-1.160000,yspeed:-2.860000,angle:-18.000000,distense:40.000000,rcs:26.000000
timestame:1619470801.178000000,objid:4,type:0,xpos:0.000000,ypos:0.000000,xspeed:-1.810000,yspeed:-3.740000,angle:-13.690000,distense:43.000000,rcs:27.000000
timestame:1619470801.178000000,objid:15,type:0,xpos:0.000000,ypos:0.000000,xspeed:-1.330000,yspeed:-1.590000,angle:-18.000000,distense:36.800000,rcs:20.000000
