timestame:1619470087.364000000,objid:5,type:0,xpos:0.000000,ypos:0.000000,xspeed:1.490000,yspeed:-9.510000,angle:-18.000000,distense:63.200000,rcs:13.000000
timestame:1619470087.364000000,objid:6,type:0,xpos:0.000000,ypos:0.000000,xspeed:1.660000,yspeed:-5.230000,angle:6.870000,distense:49.800000,rcs:6.000000
timestame:1619470087.364000000,objid:11,type:0,xpos:0.000000,ypos:0.000000,xspeed:3.200000,yspeed:-6.920000,angle:4.460000,distense:50.400000,rcs:13.000000
timestame:1619470087.364000000,objid:13,type:0,xpos:0.000000,ypos:0.000000,xspeed:2.330000,yspeed:0.000000,angle:-1.640000,distense:55.000000,rcs:9.000000
