timestame:1619471168.141000000,objid:0,type:0,xpos:0.000000,ypos:0.000000,xspeed:-9.680000,yspeed:-0.250000,angle:-4.870000,distense:126.400000,rcs:16.000000
timestame:1619471168.141000000,objid:2,type:0,xpos:0.000000,ypos:0.000000,xspeed:3.140000,yspeed:0.790000,angle:3.500000,distense:13.600000,rcs:27.000000
