timestame:1619471223.256000000,objid:0,type:0,xpos:0.000000,ypos:0.000000,xspeed:2.260000,yspeed:0.320000,angle:1.790000,distense:59.200000,rcs:12.000000
timestame:1619471223.256000000,objid:1,type:0,xpos:0.000000,ypos:0.000000,xspeed:5.870000,yspeed:-1.000000,angle:-6.230000,distense:27.600000,rcs:30.000000
timestame:1619471223.256000000,objid:6,type:0,xpos:0.000000,ypos:0.000000,xspeed:4.320000,yspeed:0.280000,angle:2.420000,distense:64.200000,rcs:6.000000
timestame:1619471223.256000000,objid:9,type:0,xpos:0.000000,ypos:0.000000,xspeed:4.390000,yspeed:0.370000,angle:3.190000,distense:45.400000,rcs:49.000000
