timestame:1619470166.739000000,objid:0,type:0,xpos:0.000000,ypos:0.000000,xspeed:5.210000,yspeed:0.200000,angle:2.180000,distense:35.200000,rcs:34.000000
timestame:1619470166.739000000,objid:3,type:0,xpos:0.000000,ypos:0.000000,xspeed:6.990000,yspeed:0.480000,angle:6.460000,distense:65.200000,rcs:20.000000
