timestame:1619469913.114000000,objid:0,type:0,xpos:0.000000,ypos:0.000000,xspeed:-6.390000,yspeed:2.790000,angle:-18.000000,distense:37.800000,rcs:13.000000
timestame:1619469913.114000000,objid:1,type:0,xpos:0.000000,ypos:0.000000,xspeed:4.710000,yspeed:0.060000,angle:1.740000,distense:90.000000,rcs:24.000000
timestame:1619469913.114000000,objid:2,type:0,xpos:0.000000,ypos:0.000000,xspeed:11.740000,yspeed:0.130000,angle:2.560000,distense:167.400000,rcs:20.000000
timestame:1619469913.114000000,objid:8,type:0,xpos:0.000000,ypos:0.000000,xspeed:4.720000,yspeed:0.070000,angle:2.130000,distense:83.200000,rcs:25.000000
