timestame:1619470736.671000000,objid:0,type:0,xpos:0.000000,ypos:0.000000,xspeed:-19.230000,yspeed:-6.290000,angle:-5.180000,distense:170.800000,rcs:6.000000
timestame:1619470736.671000000,objid:1,type:0,xpos:0.000000,ypos:0.000000,xspeed:12.050000,yspeed:-0.100000,angle:1.380000,distense:106.800000,rcs:9.000000
timestame:1619470736.671000000,objid:6,type:0,xpos:0.000000,ypos:0.000000,xspeed:12.030000,yspeed:0.130000,angle:1.690000,distense:96.000000,rcs:36.000000
