timestame:1619470466.050000000,objid:0,type:0,xpos:0.000000,ypos:0.000000,xspeed:-13.270000,yspeed:-0.790000,angle:-18.000000,distense:27.800000,rcs:13.000000
timestame:1619470466.050000000,objid:1,type:0,xpos:0.000000,ypos:0.000000,xspeed:-12.170000,yspeed:-1.260000,angle:-18.000000,distense:30.400000,rcs:9.000000
timestame:1619470466.050000000,objid:2,type:0,xpos:0.000000,ypos:0.000000,xspeed:5.810000,yspeed:0.270000,angle:3.140000,distense:211.000000,rcs:9.000000
