timestame:1619471367.564000000,objid:1,type:0,xpos:0.000000,ypos:0.000000,xspeed:7.770000,yspeed:0.050000,angle:3.190000,distense:120.600000,rcs:27.000000
timestame:1619471367.564000000,objid:2,type:0,xpos:0.000000,ypos:0.000000,xspeed:8.140000,yspeed:-0.040000,angle:3.010000,distense:126.600000,rcs:12.000000
timestame:1619471367.564000000,objid:7,type:0,xpos:0.000000,ypos:0.000000,xspeed:11.670000,yspeed:0.210000,angle:1.560000,distense:159.400000,rcs:18.000000
