timestame:1619470201.854000000,objid:0,type:0,xpos:0.000000,ypos:0.000000,xspeed:1.080000,yspeed:-3.030000,angle:5.310000,distense:141.000000,rcs:26.000000
timestame:1619470201.854000000,objid:1,type:0,xpos:0.000000,ypos:0.000000,xspeed:2.780000,yspeed:3.200000,angle:6.630000,distense:160.600000,rcs:9.000000
timestame:1619470201.854000000,objid:2,type:0,xpos:0.000000,ypos:0.000000,xspeed:1.170000,yspeed:0.720000,angle:5.170000,distense:156.600000,rcs:6.000000
