timestame:1619469657.325000000,objid:1,type:0,xpos:0.000000,ypos:0.000000,xspeed:2.530000,yspeed:3.640000,angle:-5.100000,distense:45.000000,rcs:6.000000
timestame:1619469657.325000000,objid:7,type:0,xpos:0.000000,ypos:0.000000,xspeed:24.400000,yspeed:0.410000,angle:1.020000,distense:194.000000,rcs:6.000000
timestame:1619469657.325000000,objid:8,type:0,xpos:0.000000,ypos:0.000000,xspeed:2.510000,yspeed:3.020000,angle:-11.180000,distense:38.800000,rcs:15.000000
