timestame:1619470030.651000000,objid:1,type:0,xpos:0.000000,ypos:0.000000,xspeed:5.590000,yspeed:0.540000,angle:2.820000,distense:36.800000,rcs:33.000000
timestame:1619470030.651000000,objid:4,type:0,xpos:0.000000,ypos:0.000000,xspeed:9.650000,yspeed:0.160000,angle:2.210000,distense:62.000000,rcs:22.000000
timestame:1619470030.651000000,objid:5,type:0,xpos:0.000000,ypos:0.000000,xspeed:1.490000,yspeed:-0.100000,angle:-18.000000,distense:56.000000,rcs:13.000000
