timestame:1619469924.328000000,objid:1,type:0,xpos:0.000000,ypos:0.000000,xspeed:6.170000,yspeed:0.130000,angle:1.410000,distense:155.800000,rcs:16.000000
timestame:1619469924.328000000,objid:8,type:0,xpos:0.000000,ypos:0.000000,xspeed:6.210000,yspeed:0.010000,angle:1.290000,distense:149.000000,rcs:15.000000
