timestame:1619470937.510000000,objid:7,type:0,xpos:0.000000,ypos:0.000000,xspeed:-1.670000,yspeed:-0.170000,angle:-11.950000,distense:77.600000,rcs:22.000000
timestame:1619470937.510000000,objid:10,type:0,xpos:0.000000,ypos:0.000000,xspeed:-2.140000,yspeed:-1.540000,angle:-9.800000,distense:78.400000,rcs:9.000000
