timestame:1619471315.977000000,objid:1,type:0,xpos:0.000000,ypos:0.000000,xspeed:-14.290000,yspeed:-0.560000,angle:-4.900000,distense:137.600000,rcs:16.000000
timestame:1619471315.977000000,objid:2,type:0,xpos:0.000000,ypos:0.000000,xspeed:-1.960000,yspeed:5.580000,angle:-7.730000,distense:38.000000,rcs:6.000000
