timestame:1619471226.657000000,objid:0,type:0,xpos:0.000000,ypos:0.000000,xspeed:6.610000,yspeed:0.330000,angle:2.090000,distense:74.400000,rcs:15.000000
timestame:1619471226.657000000,objid:1,type:0,xpos:0.000000,ypos:0.000000,xspeed:5.370000,yspeed:-2.370000,angle:-10.900000,distense:47.400000,rcs:15.000000
timestame:1619471226.657000000,objid:9,type:0,xpos:0.000000,ypos:0.000000,xspeed:5.420000,yspeed:0.140000,angle:2.350000,distense:64.400000,rcs:41.000000
