timestame:1619469560.708000000,objid:8,type:0,xpos:0.000000,ypos:0.000000,xspeed:8.340000,yspeed:1.430000,angle:20.920000,distense:48.200000,rcs:6.000000
timestame:1619469560.708000000,objid:13,type:0,xpos:0.000000,ypos:0.000000,xspeed:2.100000,yspeed:-9.330000,angle:-18.000000,distense:68.200000,rcs:6.000000
