timestame:1619469698.635000000,objid:2,type:0,xpos:0.000000,ypos:0.000000,xspeed:-2.180000,yspeed:-3.030000,angle:-18.000000,distense:42.200000,rcs:12.000000
timestame:1619469698.635000000,objid:5,type:0,xpos:0.000000,ypos:0.000000,xspeed:-7.540000,yspeed:-6.970000,angle:-18.000000,distense:39.600000,rcs:15.000000
timestame:1619469698.635000000,objid:8,type:0,xpos:0.000000,ypos:0.000000,xspeed:1.330000,yspeed:7.150000,angle:-13.600000,distense:44.000000,rcs:32.000000
timestame:1619469698.635000000,objid:13,type:0,xpos:0.000000,ypos:0.000000,xspeed:-15.140000,yspeed:0.400000,angle:-16.400000,distense:34.200000,rcs:28.000000
