timestame:1619470738.283000000,objid:0,type:0,xpos:0.000000,ypos:0.000000,xspeed:-16.170000,yspeed:-0.640000,angle:-4.710000,distense:142.800000,rcs:12.000000
timestame:1619470738.283000000,objid:1,type:0,xpos:0.000000,ypos:0.000000,xspeed:11.900000,yspeed:-0.100000,angle:1.120000,distense:126.000000,rcs:9.000000
timestame:1619470738.283000000,objid:6,type:0,xpos:0.000000,ypos:0.000000,xspeed:12.160000,yspeed:0.110000,angle:1.440000,distense:115.800000,rcs:28.000000
