timestame:1619470362.667000000,objid:1,type:0,xpos:0.000000,ypos:0.000000,xspeed:-1.600000,yspeed:-1.980000,angle:-18.000000,distense:39.000000,rcs:6.000000
timestame:1619470362.667000000,objid:3,type:0,xpos:0.000000,ypos:0.000000,xspeed:-25.930000,yspeed:-13.770000,angle:20.930000,distense:43.400000,rcs:27.000000
timestame:1619470362.667000000,objid:4,type:0,xpos:0.000000,ypos:0.000000,xspeed:-1.220000,yspeed:7.530000,angle:-8.460000,distense:44.400000,rcs:6.000000
timestame:1619470362.667000000,objid:11,type:0,xpos:0.000000,ypos:0.000000,xspeed:-2.030000,yspeed:6.140000,angle:12.610000,distense:39.800000,rcs:25.000000
