timestame:1619470028.552000000,objid:1,type:0,xpos:0.000000,ypos:0.000000,xspeed:4.930000,yspeed:0.230000,angle:0.960000,distense:24.800000,rcs:29.000000
timestame:1619470028.552000000,objid:2,type:0,xpos:0.000000,ypos:0.000000,xspeed:6.250000,yspeed:0.260000,angle:2.350000,distense:41.200000,rcs:30.000000
