timestame:1619470975.987000000,objid:0,type:0,xpos:0.000000,ypos:0.000000,xspeed:6.810000,yspeed:-0.030000,angle:3.230000,distense:120.400000,rcs:18.000000
timestame:1619470975.987000000,objid:3,type:0,xpos:0.000000,ypos:0.000000,xspeed:7.260000,yspeed:-0.070000,angle:2.270000,distense:130.400000,rcs:6.000000
timestame:1619470975.987000000,objid:5,type:0,xpos:0.000000,ypos:0.000000,xspeed:-18.810000,yspeed:1.540000,angle:-6.480000,distense:124.400000,rcs:13.000000
timestame:1619470975.987000000,objid:9,type:0,xpos:0.000000,ypos:0.000000,xspeed:1.610000,yspeed:3.890000,angle:-3.770000,distense:46.400000,rcs:6.000000
