timestame:1619469528.682000000,objid:1,type:0,xpos:0.000000,ypos:0.000000,xspeed:1.710000,yspeed:-2.930000,angle:-18.000000,distense:65.000000,rcs:32.000000
timestame:1619469528.682000000,objid:2,type:0,xpos:0.000000,ypos:0.000000,xspeed:2.770000,yspeed:-3.480000,angle:-18.000000,distense:66.200000,rcs:9.000000
timestame:1619469528.682000000,objid:11,type:0,xpos:0.000000,ypos:0.000000,xspeed:1.340000,yspeed:-4.660000,angle:-18.000000,distense:76.000000,rcs:6.000000
