timestame:1619470531.432000000,objid:0,type:0,xpos:0.000000,ypos:0.000000,xspeed:-14.180000,yspeed:0.930000,angle:-6.310000,distense:119.000000,rcs:6.000000
timestame:1619470531.432000000,objid:1,type:0,xpos:0.000000,ypos:0.000000,xspeed:-7.650000,yspeed:-5.290000,angle:-7.400000,distense:123.600000,rcs:9.000000
