timestame:1619470979.342000000,objid:0,type:0,xpos:0.000000,ypos:0.000000,xspeed:7.290000,yspeed:-0.180000,angle:2.280000,distense:144.800000,rcs:27.000000
timestame:1619470979.342000000,objid:1,type:0,xpos:0.000000,ypos:0.000000,xspeed:-16.370000,yspeed:-1.550000,angle:-4.030000,distense:153.000000,rcs:18.000000
timestame:1619470979.342000000,objid:2,type:0,xpos:0.000000,ypos:0.000000,xspeed:-16.010000,yspeed:-1.180000,angle:-4.600000,distense:152.200000,rcs:19.000000
