timestame:1619469755.976000000,objid:3,type:0,xpos:0.000000,ypos:0.000000,xspeed:6.180000,yspeed:1.680000,angle:21.920000,distense:31.200000,rcs:38.000000
timestame:1619469755.976000000,objid:4,type:0,xpos:0.000000,ypos:0.000000,xspeed:-6.840000,yspeed:10.510000,angle:-13.160000,distense:18.600000,rcs:13.000000
timestame:1619469755.976000000,objid:5,type:0,xpos:0.000000,ypos:0.000000,xspeed:5.890000,yspeed:0.910000,angle:17.790000,distense:33.000000,rcs:18.000000
timestame:1619469755.976000000,objid:6,type:0,xpos:0.000000,ypos:0.000000,xspeed:-2.280000,yspeed:4.880000,angle:0.240000,distense:17.800000,rcs:6.000000
