timestame:1619470237.565000000,objid:3,type:0,xpos:0.000000,ypos:0.000000,xspeed:-1.900000,yspeed:-3.690000,angle:-18.000000,distense:40.400000,rcs:25.000000
timestame:1619470237.565000000,objid:5,type:0,xpos:0.000000,ypos:0.000000,xspeed:-1.010000,yspeed:-3.430000,angle:-10.570000,distense:38.000000,rcs:34.000000
timestame:1619470237.565000000,objid:11,type:0,xpos:0.000000,ypos:0.000000,xspeed:-4.750000,yspeed:0.120000,angle:-4.910000,distense:123.600000,rcs:15.000000
timestame:1619470237.565000000,objid:14,type:0,xpos:0.000000,ypos:0.000000,xspeed:2.710000,yspeed:2.750000,angle:-18.000000,distense:36.800000,rcs:15.000000
