timestame:1619470739.274000000,objid:0,type:0,xpos:0.000000,ypos:0.000000,xspeed:-16.100000,yspeed:-0.630000,angle:-5.560000,distense:127.400000,rcs:6.000000
timestame:1619470739.274000000,objid:1,type:0,xpos:0.000000,ypos:0.000000,xspeed:11.910000,yspeed:-0.110000,angle:0.970000,distense:137.400000,rcs:6.000000
timestame:1619470739.274000000,objid:6,type:0,xpos:0.000000,ypos:0.000000,xspeed:12.250000,yspeed:0.100000,angle:1.350000,distense:127.800000,rcs:21.000000
