timestame:1619471224.619000000,objid:1,type:0,xpos:0.000000,ypos:0.000000,xspeed:6.000000,yspeed:-0.390000,angle:-5.110000,distense:36.000000,rcs:25.000000
timestame:1619471224.619000000,objid:6,type:0,xpos:0.000000,ypos:0.000000,xspeed:4.740000,yspeed:0.340000,angle:2.640000,distense:71.200000,rcs:6.000000
timestame:1619471224.619000000,objid:9,type:0,xpos:0.000000,ypos:0.000000,xspeed:4.900000,yspeed:0.140000,angle:2.620000,distense:52.800000,rcs:43.000000
