timestame:1619471376.840000000,objid:0,type:0,xpos:0.000000,ypos:0.000000,xspeed:11.120000,yspeed:-0.490000,angle:2.380000,distense:217.400000,rcs:6.000000
timestame:1619471376.840000000,objid:1,type:0,xpos:0.000000,ypos:0.000000,xspeed:10.470000,yspeed:0.350000,angle:2.290000,distense:209.800000,rcs:12.000000
