timestame:1619470914.734000000,objid:0,type:0,xpos:0.000000,ypos:0.000000,xspeed:4.410000,yspeed:3.530000,angle:-13.660000,distense:38.200000,rcs:6.000000
timestame:1619470914.734000000,objid:3,type:0,xpos:0.000000,ypos:0.000000,xspeed:1.490000,yspeed:0.270000,angle:-5.810000,distense:40.800000,rcs:6.000000
