timestame:1619471319.645000000,objid:1,type:0,xpos:0.000000,ypos:0.000000,xspeed:-7.280000,yspeed:-0.710000,angle:-6.230000,distense:103.800000,rcs:18.000000
timestame:1619471319.645000000,objid:2,type:0,xpos:0.000000,ypos:0.000000,xspeed:-3.500000,yspeed:-5.540000,angle:-16.780000,distense:45.400000,rcs:12.000000
timestame:1619471319.645000000,objid:3,type:0,xpos:0.000000,ypos:0.000000,xspeed:-14.710000,yspeed:0.940000,angle:-3.070000,distense:190.000000,rcs:9.000000
