timestame:1619469916.265000000,objid:1,type:0,xpos:0.000000,ypos:0.000000,xspeed:5.470000,yspeed:0.070000,angle:1.560000,distense:107.800000,rcs:16.000000
timestame:1619469916.265000000,objid:2,type:0,xpos:0.000000,ypos:0.000000,xspeed:13.630000,yspeed:0.330000,angle:2.410000,distense:211.800000,rcs:26.000000
timestame:1619469916.265000000,objid:8,type:0,xpos:0.000000,ypos:0.000000,xspeed:5.530000,yspeed:-0.010000,angle:1.570000,distense:101.000000,rcs:24.000000
