timestame:1619471068.080000000,objid:0,type:0,xpos:0.000000,ypos:0.000000,xspeed:-5.640000,yspeed:-0.330000,angle:-7.280000,distense:94.600000,rcs:20.000000
timestame:1619471068.080000000,objid:3,type:0,xpos:0.000000,ypos:0.000000,xspeed:-6.930000,yspeed:-0.230000,angle:-4.850000,distense:138.000000,rcs:13.000000
timestame:1619471068.080000000,objid:5,type:0,xpos:0.000000,ypos:0.000000,xspeed:-11.250000,yspeed:-0.720000,angle:-6.780000,distense:130.800000,rcs:12.000000
timestame:1619471068.080000000,objid:9,type:0,xpos:0.000000,ypos:0.000000,xspeed:-2.530000,yspeed:-0.230000,angle:-12.240000,distense:64.600000,rcs:13.000000
