timestame:1619471461.802000000,objid:1,type:0,xpos:0.000000,ypos:0.000000,xspeed:-6.280000,yspeed:-1.160000,angle:-5.610000,distense:119.400000,rcs:13.000000
timestame:1619471461.802000000,objid:3,type:0,xpos:0.000000,ypos:0.000000,xspeed:-7.580000,yspeed:-1.700000,angle:-5.160000,distense:185.800000,rcs:15.000000
