timestame:1619469647.710000000,objid:2,type:0,xpos:0.000000,ypos:0.000000,xspeed:12.840000,yspeed:0.400000,angle:4.380000,distense:100.600000,rcs:24.000000
timestame:1619469647.710000000,objid:3,type:0,xpos:0.000000,ypos:0.000000,xspeed:25.050000,yspeed:0.000000,angle:-0.650000,distense:23.600000,rcs:24.000000
timestame:1619469647.710000000,objid:13,type:0,xpos:0.000000,ypos:0.000000,xspeed:15.300000,yspeed:0.710000,angle:2.410000,distense:162.200000,rcs:36.000000
timestame:1619469647.710000000,objid:14,type:0,xpos:0.000000,ypos:0.000000,xspeed:12.990000,yspeed:0.370000,angle:4.380000,distense:98.000000,rcs:20.000000
