timestame:1619469925.569000000,objid:1,type:0,xpos:0.000000,ypos:0.000000,xspeed:6.530000,yspeed:0.170000,angle:1.460000,distense:164.600000,rcs:16.000000
timestame:1619469925.569000000,objid:8,type:0,xpos:0.000000,ypos:0.000000,xspeed:6.530000,yspeed:0.080000,angle:1.310000,distense:157.600000,rcs:22.000000
