timestame:1619471041.605000000,objid:2,type:0,xpos:0.000000,ypos:0.000000,xspeed:-2.360000,yspeed:-0.970000,angle:-18.000000,distense:34.600000,rcs:15.000000
timestame:1619471041.605000000,objid:10,type:0,xpos:0.000000,ypos:0.000000,xspeed:-3.430000,yspeed:-10.930000,angle:-18.000000,distense:40.800000,rcs:12.000000
timestame:1619471041.605000000,objid:13,type:0,xpos:0.000000,ypos:0.000000,xspeed:-20.110000,yspeed:0.000000,angle:-9.520000,distense:41.400000,rcs:16.000000
