timestame:1619471124.183000000,objid:0,type:0,xpos:0.000000,ypos:0.000000,xspeed:-1.830000,yspeed:3.790000,angle:13.900000,distense:40.600000,rcs:21.000000
timestame:1619471124.183000000,objid:1,type:0,xpos:0.000000,ypos:0.000000,xspeed:-4.740000,yspeed:4.850000,angle:11.410000,distense:40.400000,rcs:15.000000
