timestame:1619471405.027000000,objid:0,type:0,xpos:0.000000,ypos:0.000000,xspeed:1.590000,yspeed:-0.770000,angle:8.180000,distense:44.600000,rcs:30.000000
timestame:1619471405.027000000,objid:2,type:0,xpos:0.000000,ypos:0.000000,xspeed:-5.330000,yspeed:-0.930000,angle:21.000000,distense:44.800000,rcs:28.000000
timestame:1619471405.027000000,objid:6,type:0,xpos:0.000000,ypos:0.000000,xspeed:-34.680000,yspeed:0.000000,angle:8.500000,distense:22.400000,rcs:20.000000
timestame:1619471405.027000000,objid:10,type:0,xpos:0.000000,ypos:0.000000,xspeed:-1.400000,yspeed:-0.040000,angle:-14.800000,distense:46.400000,rcs:28.000000
