timestame:1619471406.207000000,objid:5,type:0,xpos:0.000000,ypos:0.000000,xspeed:-17.170000,yspeed:-1.210000,angle:8.050000,distense:157.400000,rcs:6.000000
timestame:1619471406.207000000,objid:6,type:0,xpos:0.000000,ypos:0.000000,xspeed:-1.750000,yspeed:0.000000,angle:1.580000,distense:40.800000,rcs:23.000000
timestame:1619471406.207000000,objid:10,type:0,xpos:0.000000,ypos:0.000000,xspeed:-1.210000,yspeed:-0.350000,angle:-14.850000,distense:45.000000,rcs:12.000000
