timestame:1619470733.572000000,objid:1,type:0,xpos:0.000000,ypos:0.000000,xspeed:12.200000,yspeed:0.550000,angle:3.170000,distense:69.600000,rcs:12.000000
timestame:1619470733.572000000,objid:6,type:0,xpos:0.000000,ypos:0.000000,xspeed:12.400000,yspeed:0.610000,angle:2.620000,distense:58.600000,rcs:45.000000
