timestame:1619470566.418000000,objid:0,type:0,xpos:0.000000,ypos:0.000000,xspeed:6.290000,yspeed:2.160000,angle:20.290000,distense:35.400000,rcs:19.000000
timestame:1619470566.418000000,objid:2,type:0,xpos:0.000000,ypos:0.000000,xspeed:-5.950000,yspeed:1.300000,angle:-8.250000,distense:16.800000,rcs:6.000000
timestame:1619470566.418000000,objid:3,type:0,xpos:0.000000,ypos:0.000000,xspeed:13.410000,yspeed:0.130000,angle:1.300000,distense:140.200000,rcs:28.000000
timestame:1619470566.418000000,objid:8,type:0,xpos:0.000000,ypos:0.000000,xspeed:4.950000,yspeed:0.000000,angle:-13.660000,distense:35.600000,rcs:12.000000
