timestame:1619469534.398000000,objid:4,type:0,xpos:0.000000,ypos:0.000000,xspeed:16.420000,yspeed:0.660000,angle:2.400000,distense:69.400000,rcs:28.000000
timestame:1619469534.398000000,objid:7,type:0,xpos:0.000000,ypos:0.000000,xspeed:16.570000,yspeed:0.640000,angle:1.980000,distense:77.200000,rcs:24.000000
