timestame:1619469536.882000000,objid:4,type:0,xpos:0.000000,ypos:0.000000,xspeed:16.730000,yspeed:0.360000,angle:1.850000,distense:110.600000,rcs:22.000000
timestame:1619469536.882000000,objid:7,type:0,xpos:0.000000,ypos:0.000000,xspeed:16.740000,yspeed:0.290000,angle:1.500000,distense:118.000000,rcs:13.000000
