timestame:1619469624.055000000,objid:1,type:0,xpos:0.000000,ypos:0.000000,xspeed:-4.270000,yspeed:-0.160000,angle:-18.000000,distense:54.000000,rcs:22.000000
timestame:1619469624.055000000,objid:2,type:0,xpos:0.000000,ypos:0.000000,xspeed:-3.900000,yspeed:-0.280000,angle:-15.020000,distense:67.200000,rcs:28.000000
timestame:1619469624.055000000,objid:4,type:0,xpos:0.000000,ypos:0.000000,xspeed:-13.690000,yspeed:-0.470000,angle:-12.730000,distense:55.800000,rcs:19.000000
