timestame:1619470735.495000000,objid:1,type:0,xpos:0.000000,ypos:0.000000,xspeed:12.140000,yspeed:-0.240000,angle:1.560000,distense:92.600000,rcs:16.000000
timestame:1619470735.495000000,objid:6,type:0,xpos:0.000000,ypos:0.000000,xspeed:12.090000,yspeed:0.190000,angle:1.940000,distense:81.600000,rcs:36.000000
