timestame:1619471314.482000000,objid:0,type:0,xpos:0.000000,ypos:0.000000,xspeed:-15.160000,yspeed:0.000000,angle:-1.790000,distense:164.800000,rcs:9.000000
timestame:1619471314.482000000,objid:1,type:0,xpos:0.000000,ypos:0.000000,xspeed:-15.350000,yspeed:-1.280000,angle:-4.280000,distense:158.200000,rcs:13.000000
timestame:1619471314.482000000,objid:3,type:0,xpos:0.000000,ypos:0.000000,xspeed:2.600000,yspeed:4.400000,angle:-5.280000,distense:47.600000,rcs:6.000000
timestame:1619471314.482000000,objid:4,type:0,xpos:0.000000,ypos:0.000000,xspeed:-1.420000,yspeed:5.530000,angle:19.980000,distense:36.400000,rcs:6.000000
