timestame:1619471455.343000000,objid:0,type:0,xpos:0.000000,ypos:0.000000,xspeed:-11.660000,yspeed:0.000000,angle:-3.270000,distense:173.600000,rcs:13.000000
timestame:1619471455.343000000,objid:13,type:0,xpos:0.000000,ypos:0.000000,xspeed:-4.290000,yspeed:-0.070000,angle:-6.060000,distense:21.400000,rcs:6.000000
