timestame:1619469691.243000000,objid:2,type:0,xpos:0.000000,ypos:0.000000,xspeed:1.420000,yspeed:-7.530000,angle:-8.050000,distense:59.800000,rcs:23.000000
timestame:1619469691.243000000,objid:3,type:0,xpos:0.000000,ypos:0.000000,xspeed:1.930000,yspeed:-2.660000,angle:-14.750000,distense:48.200000,rcs:15.000000
timestame:1619469691.243000000,objid:4,type:0,xpos:0.000000,ypos:0.000000,xspeed:1.540000,yspeed:-5.750000,angle:19.930000,distense:46.200000,rcs:25.000000
timestame:1619469691.243000000,objid:13,type:0,xpos:0.000000,ypos:0.000000,xspeed:-1.750000,yspeed:6.800000,angle:11.140000,distense:34.800000,rcs:9.000000
