timestame:1619471097.385000000,objid:2,type:0,xpos:0.000000,ypos:0.000000,xspeed:8.620000,yspeed:0.000000,angle:1.260000,distense:100.400000,rcs:32.000000
timestame:1619471097.385000000,objid:3,type:0,xpos:0.000000,ypos:0.000000,xspeed:-18.010000,yspeed:-1.120000,angle:-13.130000,distense:57.600000,rcs:25.000000
