timestame:1619470989.232000000,objid:3,type:0,xpos:0.000000,ypos:0.000000,xspeed:5.150000,yspeed:0.120000,angle:8.060000,distense:97.600000,rcs:6.000000
timestame:1619470989.232000000,objid:4,type:0,xpos:0.000000,ypos:0.000000,xspeed:-13.440000,yspeed:-0.440000,angle:-11.510000,distense:66.200000,rcs:15.000000
timestame:1619470989.232000000,objid:7,type:0,xpos:0.000000,ypos:0.000000,xspeed:-15.460000,yspeed:-1.910000,angle:-18.000000,distense:19.000000,rcs:9.000000
