timestame:1619470645.657000000,objid:2,type:0,xpos:0.000000,ypos:0.000000,xspeed:-6.160000,yspeed:-0.200000,angle:-5.640000,distense:152.800000,rcs:16.000000
timestame:1619470645.657000000,objid:5,type:0,xpos:0.000000,ypos:0.000000,xspeed:-1.320000,yspeed:-3.330000,angle:-14.220000,distense:46.800000,rcs:23.000000
timestame:1619470645.657000000,objid:8,type:0,xpos:0.000000,ypos:0.000000,xspeed:-1.770000,yspeed:-4.700000,angle:5.790000,distense:83.600000,rcs:13.000000
timestame:1619470645.657000000,objid:9,type:0,xpos:0.000000,ypos:0.000000,xspeed:-1.510000,yspeed:10.770000,angle:-5.360000,distense:45.400000,rcs:6.000000
