timestame:1619470472.429000000,objid:0,type:0,xpos:0.000000,ypos:0.000000,xspeed:-1.480000,yspeed:2.240000,angle:20.040000,distense:66.800000,rcs:6.000000
timestame:1619470472.429000000,objid:1,type:0,xpos:0.000000,ypos:0.000000,xspeed:-12.150000,yspeed:0.070000,angle:-3.730000,distense:165.800000,rcs:16.000000
