timestame:1619471006.123000000,objid:2,type:0,xpos:0.000000,ypos:0.000000,xspeed:-9.350000,yspeed:-1.640000,angle:-8.430000,distense:110.000000,rcs:16.000000
timestame:1619471006.123000000,objid:6,type:0,xpos:0.000000,ypos:0.000000,xspeed:9.500000,yspeed:8.830000,angle:-3.850000,distense:125.600000,rcs:6.000000
timestame:1619471006.123000000,objid:7,type:0,xpos:0.000000,ypos:0.000000,xspeed:-2.540000,yspeed:5.580000,angle:-18.000000,distense:48.600000,rcs:6.000000
timestame:1619471006.123000000,objid:9,type:0,xpos:0.000000,ypos:0.000000,xspeed:-8.160000,yspeed:0.000000,angle:-7.390000,distense:112.400000,rcs:20.000000
