timestame:1619471168.018000000,objid:0,type:0,xpos:0.000000,ypos:0.000000,xspeed:-9.830000,yspeed:-0.230000,angle:-4.800000,distense:127.200000,rcs:13.000000
timestame:1619471168.018000000,objid:2,type:0,xpos:0.000000,ypos:0.000000,xspeed:3.280000,yspeed:0.770000,angle:3.140000,distense:13.400000,rcs:20.000000
