timestame:1619470482.010000000,objid:0,type:0,xpos:0.000000,ypos:0.000000,xspeed:-3.650000,yspeed:-8.490000,angle:15.350000,distense:44.000000,rcs:24.000000
timestame:1619470482.010000000,objid:1,type:0,xpos:0.000000,ypos:0.000000,xspeed:-4.750000,yspeed:-0.110000,angle:-7.500000,distense:90.000000,rcs:27.000000
timestame:1619470482.010000000,objid:2,type:0,xpos:0.000000,ypos:0.000000,xspeed:1.700000,yspeed:-0.140000,angle:11.030000,distense:82.600000,rcs:9.000000
timestame:1619470482.010000000,objid:6,type:0,xpos:0.000000,ypos:0.000000,xspeed:-3.630000,yspeed:0.720000,angle:-6.680000,distense:96.400000,rcs:13.000000
