timestame:1619470073.700000000,objid:3,type:0,xpos:0.000000,ypos:0.000000,xspeed:-1.130000,yspeed:2.240000,angle:18.970000,distense:48.200000,rcs:32.000000
timestame:1619470073.700000000,objid:4,type:0,xpos:0.000000,ypos:0.000000,xspeed:-1.480000,yspeed:2.220000,angle:-16.670000,distense:42.800000,rcs:18.000000
timestame:1619470073.700000000,objid:8,type:0,xpos:0.000000,ypos:0.000000,xspeed:1.550000,yspeed:3.130000,angle:-6.650000,distense:42.200000,rcs:9.000000
