timestame:1619470330.173000000,objid:0,type:0,xpos:0.000000,ypos:0.000000,xspeed:16.290000,yspeed:-0.430000,angle:0.400000,distense:180.600000,rcs:26.000000
timestame:1619470330.173000000,objid:2,type:0,xpos:0.000000,ypos:0.000000,xspeed:9.830000,yspeed:0.380000,angle:1.110000,distense:203.800000,rcs:22.000000
timestame:1619470330.173000000,objid:4,type:0,xpos:0.000000,ypos:0.000000,xspeed:-1.150000,yspeed:-1.200000,angle:13.030000,distense:67.400000,rcs:6.000000
