timestame:1619471363.705000000,objid:2,type:0,xpos:0.000000,ypos:0.000000,xspeed:6.740000,yspeed:-0.180000,angle:4.160000,distense:95.200000,rcs:20.000000
timestame:1619471363.705000000,objid:4,type:0,xpos:0.000000,ypos:0.000000,xspeed:6.530000,yspeed:0.030000,angle:4.960000,distense:88.800000,rcs:20.000000
timestame:1619471363.705000000,objid:7,type:0,xpos:0.000000,ypos:0.000000,xspeed:10.400000,yspeed:0.080000,angle:1.500000,distense:113.600000,rcs:12.000000
