timestame:1619470991.656000000,objid:3,type:0,xpos:0.000000,ypos:0.000000,xspeed:5.330000,yspeed:-0.140000,angle:6.670000,distense:110.200000,rcs:6.000000
timestame:1619470991.656000000,objid:4,type:0,xpos:0.000000,ypos:0.000000,xspeed:-13.640000,yspeed:-0.680000,angle:-18.000000,distense:35.400000,rcs:15.000000
