timestame:1619471068.152000000,objid:0,type:0,xpos:0.000000,ypos:0.000000,xspeed:-5.650000,yspeed:-0.290000,angle:-7.250000,distense:94.400000,rcs:16.000000
timestame:1619471068.152000000,objid:3,type:0,xpos:0.000000,ypos:0.000000,xspeed:-6.930000,yspeed:-0.230000,angle:-4.870000,distense:137.600000,rcs:13.000000
timestame:1619471068.152000000,objid:5,type:0,xpos:0.000000,ypos:0.000000,xspeed:-11.280000,yspeed:-0.790000,angle:-6.900000,distense:130.000000,rcs:12.000000
timestame:1619471068.152000000,objid:9,type:0,xpos:0.000000,ypos:0.000000,xspeed:-2.550000,yspeed:-0.240000,angle:-12.300000,distense:64.400000,rcs:18.000000
