timestame:1619469533.717000000,objid:4,type:0,xpos:0.000000,ypos:0.000000,xspeed:16.330000,yspeed:0.810000,angle:2.630000,distense:57.400000,rcs:34.000000
timestame:1619469533.717000000,objid:7,type:0,xpos:0.000000,ypos:0.000000,xspeed:16.650000,yspeed:0.710000,angle:1.990000,distense:65.400000,rcs:26.000000
