timestame:1619470459.722000000,objid:0,type:0,xpos:0.000000,ypos:0.000000,xspeed:-17.190000,yspeed:-7.820000,angle:-6.470000,distense:112.400000,rcs:15.000000
timestame:1619470459.722000000,objid:2,type:0,xpos:0.000000,ypos:0.000000,xspeed:5.820000,yspeed:-0.080000,angle:3.350000,distense:173.400000,rcs:12.000000
