timestame:1619471088.313000000,objid:0,type:0,xpos:0.000000,ypos:0.000000,xspeed:8.950000,yspeed:0.430000,angle:1.820000,distense:74.400000,rcs:31.000000
timestame:1619471088.313000000,objid:1,type:0,xpos:0.000000,ypos:0.000000,xspeed:8.360000,yspeed:0.540000,angle:8.790000,distense:27.400000,rcs:30.000000
timestame:1619471088.313000000,objid:4,type:0,xpos:0.000000,ypos:0.000000,xspeed:-22.570000,yspeed:-0.940000,angle:-8.720000,distense:85.600000,rcs:12.000000
timestame:1619471088.313000000,objid:11,type:0,xpos:0.000000,ypos:0.000000,xspeed:3.910000,yspeed:-0.160000,angle:1.480000,distense:30.800000,rcs:9.000000
