timestame:1619470839.628000000,objid:2,type:0,xpos:0.000000,ypos:0.000000,xspeed:3.870000,yspeed:2.260000,angle:-16.620000,distense:39.800000,rcs:19.000000
timestame:1619470839.628000000,objid:3,type:0,xpos:0.000000,ypos:0.000000,xspeed:2.910000,yspeed:1.820000,angle:-14.010000,distense:37.600000,rcs:19.000000
timestame:1619470839.628000000,objid:7,type:0,xpos:0.000000,ypos:0.000000,xspeed:13.160000,yspeed:0.290000,angle:2.350000,distense:198.600000,rcs:27.000000
