timestame:1619470437.297000000,objid:1,type:0,xpos:0.000000,ypos:0.000000,xspeed:13.110000,yspeed:0.000000,angle:2.720000,distense:19.000000,rcs:16.000000
timestame:1619470437.297000000,objid:2,type:0,xpos:0.000000,ypos:0.000000,xspeed:3.890000,yspeed:0.010000,angle:11.680000,distense:65.200000,rcs:20.000000
