timestame:1619471233.105000000,objid:0,type:0,xpos:0.000000,ypos:0.000000,xspeed:7.260000,yspeed:-0.020000,angle:1.580000,distense:117.400000,rcs:6.000000
timestame:1619471233.105000000,objid:9,type:0,xpos:0.000000,ypos:0.000000,xspeed:7.040000,yspeed:0.020000,angle:1.570000,distense:108.400000,rcs:27.000000
