timestame:1619470167.114000000,objid:0,type:0,xpos:0.000000,ypos:0.000000,xspeed:5.410000,yspeed:0.190000,angle:2.140000,distense:37.400000,rcs:36.000000
timestame:1619470167.114000000,objid:3,type:0,xpos:0.000000,ypos:0.000000,xspeed:7.220000,yspeed:0.370000,angle:6.140000,distense:68.000000,rcs:26.000000
