timestame:1619471447.075000000,objid:3,type:0,xpos:0.000000,ypos:0.000000,xspeed:-3.290000,yspeed:-0.050000,angle:-5.550000,distense:113.200000,rcs:19.000000
timestame:1619471447.075000000,objid:11,type:0,xpos:0.000000,ypos:0.000000,xspeed:-3.190000,yspeed:-0.630000,angle:-7.340000,distense:102.200000,rcs:12.000000
timestame:1619471447.075000000,objid:13,type:0,xpos:0.000000,ypos:0.000000,xspeed:-2.720000,yspeed:0.030000,angle:14.800000,distense:52.600000,rcs:18.000000
