timestame:1619469697.459000000,objid:1,type:0,xpos:0.000000,ypos:0.000000,xspeed:-2.640000,yspeed:10.520000,angle:-13.780000,distense:46.400000,rcs:31.000000
timestame:1619469697.459000000,objid:2,type:0,xpos:0.000000,ypos:0.000000,xspeed:-1.870000,yspeed:-2.930000,angle:-17.020000,distense:43.600000,rcs:22.000000
timestame:1619469697.459000000,objid:3,type:0,xpos:0.000000,ypos:0.000000,xspeed:-1.010000,yspeed:-2.090000,angle:-2.590000,distense:44.800000,rcs:9.000000
timestame:1619469697.459000000,objid:10,type:0,xpos:0.000000,ypos:0.000000,xspeed:-2.390000,yspeed:7.710000,angle:-7.620000,distense:43.600000,rcs:6.000000
