timestame:1619471306.903000000,objid:0,type:0,xpos:0.000000,ypos:0.000000,xspeed:3.080000,yspeed:0.890000,angle:20.520000,distense:24.000000,rcs:20.000000
timestame:1619471306.903000000,objid:1,type:0,xpos:0.000000,ypos:0.000000,xspeed:-7.040000,yspeed:2.220000,angle:-18.000000,distense:28.800000,rcs:9.000000
timestame:1619471306.903000000,objid:2,type:0,xpos:0.000000,ypos:0.000000,xspeed:4.930000,yspeed:0.410000,angle:-17.710000,distense:22.800000,rcs:16.000000
