timestame:1619469533.033000000,objid:4,type:0,xpos:0.000000,ypos:0.000000,xspeed:16.380000,yspeed:1.110000,angle:2.940000,distense:46.600000,rcs:32.000000
timestame:1619469533.033000000,objid:7,type:0,xpos:0.000000,ypos:0.000000,xspeed:17.000000,yspeed:0.550000,angle:1.710000,distense:54.800000,rcs:30.000000
