timestame:1619470070.781000000,objid:3,type:0,xpos:0.000000,ypos:0.000000,xspeed:-1.790000,yspeed:2.700000,angle:10.400000,distense:49.400000,rcs:43.000000
timestame:1619470070.781000000,objid:4,type:0,xpos:0.000000,ypos:0.000000,xspeed:-1.950000,yspeed:3.090000,angle:14.880000,distense:44.400000,rcs:23.000000
timestame:1619470070.781000000,objid:8,type:0,xpos:0.000000,ypos:0.000000,xspeed:3.100000,yspeed:1.930000,angle:-15.540000,distense:34.000000,rcs:27.000000
