timestame:1619469877.261000000,objid:3,type:0,xpos:0.000000,ypos:0.000000,xspeed:-3.880000,yspeed:-0.890000,angle:-18.000000,distense:33.200000,rcs:12.000000
timestame:1619469877.261000000,objid:6,type:0,xpos:0.000000,ypos:0.000000,xspeed:-2.320000,yspeed:-0.680000,angle:-18.000000,distense:36.600000,rcs:9.000000
timestame:1619469877.261000000,objid:10,type:0,xpos:0.000000,ypos:0.000000,xspeed:14.670000,yspeed:8.430000,angle:-7.450000,distense:48.400000,rcs:6.000000
