timestame:1619470029.846000000,objid:1,type:0,xpos:0.000000,ypos:0.000000,xspeed:5.100000,yspeed:0.530000,angle:2.510000,distense:31.800000,rcs:19.000000
timestame:1619470029.846000000,objid:2,type:0,xpos:0.000000,ypos:0.000000,xspeed:7.030000,yspeed:0.310000,angle:2.390000,distense:51.400000,rcs:31.000000
timestame:1619470029.846000000,objid:5,type:0,xpos:0.000000,ypos:0.000000,xspeed:4.210000,yspeed:-0.480000,angle:-18.000000,distense:54.800000,rcs:9.000000
timestame:1619470029.846000000,objid:7,type:0,xpos:0.000000,ypos:0.000000,xspeed:1.270000,yspeed:12.730000,angle:14.890000,distense:19.200000,rcs:25.000000
