timestame:1619470800.006000000,objid:2,type:0,xpos:0.000000,ypos:0.000000,xspeed:-3.080000,yspeed:16.020000,angle:-12.130000,distense:39.200000,rcs:22.000000
timestame:1619470800.006000000,objid:7,type:0,xpos:0.000000,ypos:0.000000,xspeed:7.370000,yspeed:-1.470000,angle:12.700000,distense:53.800000,rcs:6.000000
timestame:1619470800.006000000,objid:8,type:0,xpos:0.000000,ypos:0.000000,xspeed:-1.090000,yspeed:-5.260000,angle:-18.000000,distense:43.000000,rcs:12.000000
