timestame:1619471321.503000000,objid:1,type:0,xpos:0.000000,ypos:0.000000,xspeed:-6.620000,yspeed:-0.590000,angle:-7.610000,distense:92.000000,rcs:15.000000
timestame:1619471321.503000000,objid:3,type:0,xpos:0.000000,ypos:0.000000,xspeed:-12.850000,yspeed:-0.220000,angle:-3.800000,distense:165.400000,rcs:9.000000
timestame:1619471321.503000000,objid:4,type:0,xpos:0.000000,ypos:0.000000,xspeed:-1.010000,yspeed:-4.400000,angle:5.640000,distense:42.000000,rcs:24.000000
