timestame:1619471269.594000000,objid:2,type:0,xpos:0.000000,ypos:0.000000,xspeed:13.860000,yspeed:0.160000,angle:1.990000,distense:202.400000,rcs:13.000000
timestame:1619471269.594000000,objid:4,type:0,xpos:0.000000,ypos:0.000000,xspeed:-1.750000,yspeed:0.000000,angle:19.280000,distense:53.400000,rcs:20.000000
timestame:1619471269.594000000,objid:6,type:0,xpos:0.000000,ypos:0.000000,xspeed:13.660000,yspeed:0.090000,angle:1.860000,distense:214.000000,rcs:9.000000
timestame:1619471269.594000000,objid:10,type:0,xpos:0.000000,ypos:0.000000,xspeed:13.880000,yspeed:0.060000,angle:1.890000,distense:190.000000,rcs:20.000000
