timestame:1619469647.526000000,objid:2,type:0,xpos:0.000000,ypos:0.000000,xspeed:12.840000,yspeed:0.400000,angle:4.440000,distense:98.200000,rcs:24.000000
timestame:1619469647.526000000,objid:13,type:0,xpos:0.000000,ypos:0.000000,xspeed:15.240000,yspeed:0.690000,angle:2.390000,distense:159.400000,rcs:37.000000
timestame:1619469647.526000000,objid:14,type:0,xpos:0.000000,ypos:0.000000,xspeed:12.920000,yspeed:0.400000,angle:4.480000,distense:95.400000,rcs:24.000000
