timestame:1619470743.557000000,objid:6,type:0,xpos:0.000000,ypos:0.000000,xspeed:12.480000,yspeed:0.160000,angle:1.120000,distense:181.600000,rcs:18.000000
timestame:1619470743.557000000,objid:7,type:0,xpos:0.000000,ypos:0.000000,xspeed:3.150000,yspeed:-3.850000,angle:17.870000,distense:53.400000,rcs:9.000000
timestame:1619470743.557000000,objid:8,type:0,xpos:0.000000,ypos:0.000000,xspeed:-7.690000,yspeed:-0.270000,angle:-8.060000,distense:87.000000,rcs:13.000000
timestame:1619470743.557000000,objid:12,type:0,xpos:0.000000,ypos:0.000000,xspeed:-1.080000,yspeed:2.300000,angle:-17.360000,distense:37.400000,rcs:16.000000
