timestame:1619471093.914000000,objid:1,type:0,xpos:0.000000,ypos:0.000000,xspeed:12.660000,yspeed:-0.190000,angle:2.640000,distense:96.000000,rcs:6.000000
timestame:1619471093.914000000,objid:2,type:0,xpos:0.000000,ypos:0.000000,xspeed:7.310000,yspeed:0.180000,angle:2.070000,distense:70.600000,rcs:35.000000
timestame:1619471093.914000000,objid:5,type:0,xpos:0.000000,ypos:0.000000,xspeed:13.310000,yspeed:0.070000,angle:1.360000,distense:147.600000,rcs:6.000000
