timestame:1619471375.841000000,objid:0,type:0,xpos:0.000000,ypos:0.000000,xspeed:11.380000,yspeed:2.640000,angle:2.710000,distense:206.400000,rcs:9.000000
timestame:1619471375.841000000,objid:1,type:0,xpos:0.000000,ypos:0.000000,xspeed:10.140000,yspeed:0.220000,angle:2.240000,distense:198.600000,rcs:20.000000
