timestame:1619470734.006000000,objid:1,type:0,xpos:0.000000,ypos:0.000000,xspeed:12.130000,yspeed:0.350000,angle:2.820000,distense:75.200000,rcs:15.000000
timestame:1619470734.006000000,objid:6,type:0,xpos:0.000000,ypos:0.000000,xspeed:12.470000,yspeed:0.590000,angle:2.590000,distense:64.800000,rcs:39.000000
