timestame:1619470595.972000000,objid:1,type:0,xpos:0.000000,ypos:0.000000,xspeed:6.440000,yspeed:1.840000,angle:-17.530000,distense:31.800000,rcs:25.000000
timestame:1619470595.972000000,objid:5,type:0,xpos:0.000000,ypos:0.000000,xspeed:5.660000,yspeed:3.480000,angle:-14.330000,distense:42.800000,rcs:24.000000
