timestame:1619470938.997000000,objid:1,type:0,xpos:0.000000,ypos:0.000000,xspeed:-1.990000,yspeed:1.290000,angle:-13.130000,distense:71.800000,rcs:20.000000
timestame:1619470938.997000000,objid:10,type:0,xpos:0.000000,ypos:0.000000,xspeed:-3.070000,yspeed:0.180000,angle:-10.020000,distense:73.800000,rcs:12.000000
