timestame:1619471080.314000000,objid:1,type:0,xpos:0.000000,ypos:0.000000,xspeed:-7.250000,yspeed:-0.440000,angle:-18.000000,distense:36.800000,rcs:22.000000
timestame:1619471080.314000000,objid:6,type:0,xpos:0.000000,ypos:0.000000,xspeed:-6.110000,yspeed:-0.180000,angle:-18.000000,distense:35.000000,rcs:21.000000
timestame:1619471080.314000000,objid:7,type:0,xpos:0.000000,ypos:0.000000,xspeed:-12.640000,yspeed:0.930000,angle:-18.000000,distense:31.600000,rcs:15.000000
timestame:1619471080.314000000,objid:10,type:0,xpos:0.000000,ypos:0.000000,xspeed:7.110000,yspeed:0.920000,angle:1.040000,distense:32.000000,rcs:9.000000
