timestame:1619470329.305000000,objid:0,type:0,xpos:0.000000,ypos:0.000000,xspeed:16.040000,yspeed:-0.320000,angle:0.640000,distense:165.600000,rcs:26.000000
timestame:1619470329.305000000,objid:2,type:0,xpos:0.000000,ypos:0.000000,xspeed:9.390000,yspeed:0.190000,angle:0.940000,distense:194.200000,rcs:24.000000
timestame:1619470329.305000000,objid:3,type:0,xpos:0.000000,ypos:0.000000,xspeed:14.210000,yspeed:0.270000,angle:2.370000,distense:217.600000,rcs:6.000000
timestame:1619470329.305000000,objid:5,type:0,xpos:0.000000,ypos:0.000000,xspeed:9.330000,yspeed:0.260000,angle:1.280000,distense:209.200000,rcs:9.000000
