timestame:1619469685.384000000,objid:1,type:0,xpos:0.000000,ypos:0.000000,xspeed:-2.860000,yspeed:3.940000,angle:-12.100000,distense:49.000000,rcs:12.000000
timestame:1619469685.384000000,objid:2,type:0,xpos:0.000000,ypos:0.000000,xspeed:-1.720000,yspeed:5.610000,angle:-18.000000,distense:47.800000,rcs:9.000000
timestame:1619469685.384000000,objid:4,type:0,xpos:0.000000,ypos:0.000000,xspeed:-1.790000,yspeed:7.730000,angle:-14.770000,distense:49.000000,rcs:18.000000
timestame:1619469685.384000000,objid:5,type:0,xpos:0.000000,ypos:0.000000,xspeed:1.620000,yspeed:-8.330000,angle:13.310000,distense:48.800000,rcs:26.000000
