timestame:1619470294.774000000,objid:0,type:0,xpos:0.000000,ypos:0.000000,xspeed:1.960000,yspeed:0.090000,angle:5.310000,distense:23.000000,rcs:25.000000
timestame:1619470294.774000000,objid:1,type:0,xpos:0.000000,ypos:0.000000,xspeed:-1.100000,yspeed:-0.050000,angle:5.300000,distense:9.200000,rcs:30.000000
timestame:1619470294.774000000,objid:3,type:0,xpos:0.000000,ypos:0.000000,xspeed:2.440000,yspeed:-6.160000,angle:2.060000,distense:12.600000,rcs:32.000000
timestame:1619470294.774000000,objid:5,type:0,xpos:0.000000,ypos:0.000000,xspeed:2.990000,yspeed:0.720000,angle:3.360000,distense:21.200000,rcs:34.000000
