timestame:1619470700.574000000,objid:1,type:0,xpos:0.000000,ypos:0.000000,xspeed:9.080000,yspeed:0.220000,angle:4.050000,distense:101.600000,rcs:20.000000
timestame:1619470700.574000000,objid:2,type:0,xpos:0.000000,ypos:0.000000,xspeed:-8.920000,yspeed:1.250000,angle:-10.530000,distense:100.400000,rcs:6.000000
