timestame:1619471124.306000000,objid:0,type:0,xpos:0.000000,ypos:0.000000,xspeed:-1.560000,yspeed:3.020000,angle:14.030000,distense:40.600000,rcs:26.000000
timestame:1619471124.306000000,objid:1,type:0,xpos:0.000000,ypos:0.000000,xspeed:-4.720000,yspeed:4.840000,angle:12.350000,distense:40.000000,rcs:18.000000
