timestame:1619469979.379000000,objid:1,type:0,xpos:0.000000,ypos:0.000000,xspeed:-2.040000,yspeed:-6.180000,angle:-2.880000,distense:39.800000,rcs:38.000000
timestame:1619469979.379000000,objid:5,type:0,xpos:0.000000,ypos:0.000000,xspeed:-1.270000,yspeed:-9.630000,angle:0.260000,distense:40.800000,rcs:35.000000
timestame:1619469979.379000000,objid:18,type:0,xpos:0.000000,ypos:0.000000,xspeed:2.030000,yspeed:-8.840000,angle:-18.000000,distense:65.000000,rcs:6.000000
