timestame:1619470078.548000000,objid:0,type:0,xpos:0.000000,ypos:0.000000,xspeed:-2.190000,yspeed:7.160000,angle:3.150000,distense:53.400000,rcs:6.000000
timestame:1619470078.548000000,objid:2,type:0,xpos:0.000000,ypos:0.000000,xspeed:3.020000,yspeed:-1.370000,angle:-0.660000,distense:19.000000,rcs:22.000000
timestame:1619470078.548000000,objid:4,type:0,xpos:0.000000,ypos:0.000000,xspeed:-5.570000,yspeed:8.290000,angle:-8.650000,distense:50.800000,rcs:6.000000
