timestame:1619471533.137000000,objid:2,type:0,xpos:0.000000,ypos:0.000000,xspeed:-6.450000,yspeed:-5.010000,angle:-3.060000,distense:177.400000,rcs:15.000000
timestame:1619471533.137000000,objid:4,type:0,xpos:0.000000,ypos:0.000000,xspeed:-13.400000,yspeed:-0.600000,angle:-3.150000,distense:180.000000,rcs:9.000000
timestame:1619471533.137000000,objid:6,type:0,xpos:0.000000,ypos:0.000000,xspeed:2.500000,yspeed:2.870000,angle:12.020000,distense:45.400000,rcs:31.000000
timestame:1619471533.137000000,objid:10,type:0,xpos:0.000000,ypos:0.000000,xspeed:-13.610000,yspeed:-1.360000,angle:-3.710000,distense:187.600000,rcs:9.000000
