timestame:1619470141.096000000,objid:1,type:0,xpos:0.000000,ypos:0.000000,xspeed:1.510000,yspeed:1.430000,angle:16.750000,distense:26.800000,rcs:6.000000
timestame:1619470141.096000000,objid:2,type:0,xpos:0.000000,ypos:0.000000,xspeed:4.950000,yspeed:0.000000,angle:-14.610000,distense:16.600000,rcs:13.000000
