timestame:1619469923.089000000,objid:1,type:0,xpos:0.000000,ypos:0.000000,xspeed:5.960000,yspeed:0.320000,angle:1.590000,distense:148.200000,rcs:6.000000
timestame:1619469923.089000000,objid:8,type:0,xpos:0.000000,ypos:0.000000,xspeed:5.950000,yspeed:0.070000,angle:1.400000,distense:141.200000,rcs:26.000000
