timestame:1619470229.083000000,objid:2,type:0,xpos:0.000000,ypos:0.000000,xspeed:-1.470000,yspeed:-3.060000,angle:-15.060000,distense:41.000000,rcs:29.000000
timestame:1619470229.083000000,objid:8,type:0,xpos:0.000000,ypos:0.000000,xspeed:-1.940000,yspeed:-2.570000,angle:-18.000000,distense:39.200000,rcs:18.000000
timestame:1619470229.083000000,objid:11,type:0,xpos:0.000000,ypos:0.000000,xspeed:-9.360000,yspeed:-3.180000,angle:-4.090000,distense:175.200000,rcs:15.000000
