timestame:1619469920.357000000,objid:1,type:0,xpos:0.000000,ypos:0.000000,xspeed:5.700000,yspeed:-0.150000,angle:1.120000,distense:131.400000,rcs:12.000000
timestame:1619469920.357000000,objid:8,type:0,xpos:0.000000,ypos:0.000000,xspeed:5.760000,yspeed:0.080000,angle:1.490000,distense:124.800000,rcs:30.000000
