timestame:1619471260.676000000,objid:2,type:0,xpos:0.000000,ypos:0.000000,xspeed:12.410000,yspeed:0.360000,angle:4.400000,distense:82.800000,rcs:33.000000
timestame:1619471260.676000000,objid:6,type:0,xpos:0.000000,ypos:0.000000,xspeed:12.460000,yspeed:-0.120000,angle:4.010000,distense:95.000000,rcs:15.000000
timestame:1619471260.676000000,objid:10,type:0,xpos:0.000000,ypos:0.000000,xspeed:12.330000,yspeed:0.560000,angle:5.130000,distense:70.800000,rcs:27.000000
