timestame:1619470838.148000000,objid:2,type:0,xpos:0.000000,ypos:0.000000,xspeed:4.220000,yspeed:2.140000,angle:22.640000,distense:33.400000,rcs:19.000000
timestame:1619470838.148000000,objid:3,type:0,xpos:0.000000,ypos:0.000000,xspeed:2.340000,yspeed:1.550000,angle:-14.570000,distense:31.800000,rcs:6.000000
timestame:1619470838.148000000,objid:4,type:0,xpos:0.000000,ypos:0.000000,xspeed:1.890000,yspeed:5.980000,angle:-5.290000,distense:44.000000,rcs:6.000000
timestame:1619470838.148000000,objid:7,type:0,xpos:0.000000,ypos:0.000000,xspeed:12.880000,yspeed:0.500000,angle:2.620000,distense:178.600000,rcs:30.000000
