timestame:1619470714.770000000,objid:0,type:0,xpos:0.000000,ypos:0.000000,xspeed:22.140000,yspeed:0.000000,angle:-6.340000,distense:40.800000,rcs:15.000000
timestame:1619470714.770000000,objid:3,type:0,xpos:0.000000,ypos:0.000000,xspeed:4.230000,yspeed:2.980000,angle:-13.570000,distense:38.600000,rcs:18.000000
