timestame:1619470051.348000000,objid:0,type:0,xpos:0.000000,ypos:0.000000,xspeed:7.180000,yspeed:-0.030000,angle:3.290000,distense:115.200000,rcs:9.000000
timestame:1619470051.348000000,objid:5,type:0,xpos:0.000000,ypos:0.000000,xspeed:7.220000,yspeed:0.070000,angle:3.700000,distense:105.600000,rcs:31.000000
