timestame:1619471410.374000000,objid:2,type:0,xpos:0.000000,ypos:0.000000,xspeed:-3.790000,yspeed:-2.640000,angle:-17.610000,distense:40.600000,rcs:38.000000
timestame:1619471410.374000000,objid:4,type:0,xpos:0.000000,ypos:0.000000,xspeed:-1.750000,yspeed:0.460000,angle:-0.270000,distense:42.400000,rcs:32.000000
timestame:1619471410.374000000,objid:7,type:0,xpos:0.000000,ypos:0.000000,xspeed:-2.320000,yspeed:-3.100000,angle:-18.000000,distense:37.600000,rcs:31.000000
timestame:1619471410.374000000,objid:12,type:0,xpos:0.000000,ypos:0.000000,xspeed:-9.550000,yspeed:-0.500000,angle:-4.310000,distense:183.600000,rcs:13.000000
