timestame:1619471532.706000000,objid:4,type:0,xpos:0.000000,ypos:0.000000,xspeed:-13.580000,yspeed:-1.310000,angle:-3.150000,distense:185.400000,rcs:9.000000
timestame:1619471532.706000000,objid:6,type:0,xpos:0.000000,ypos:0.000000,xspeed:2.350000,yspeed:3.490000,angle:11.310000,distense:44.000000,rcs:32.000000
timestame:1619471532.706000000,objid:7,type:0,xpos:0.000000,ypos:0.000000,xspeed:2.610000,yspeed:-4.320000,angle:11.260000,distense:53.600000,rcs:9.000000
timestame:1619471532.706000000,objid:10,type:0,xpos:0.000000,ypos:0.000000,xspeed:-12.570000,yspeed:-4.650000,angle:-3.620000,distense:193.400000,rcs:9.000000
