timestame:1619471219.042000000,objid:6,type:0,xpos:0.000000,ypos:0.000000,xspeed:2.920000,yspeed:0.460000,angle:1.980000,distense:45.800000,rcs:13.000000
timestame:1619471219.042000000,objid:9,type:0,xpos:0.000000,ypos:0.000000,xspeed:3.140000,yspeed:0.240000,angle:2.630000,distense:26.800000,rcs:43.000000
timestame:1619471219.042000000,objid:10,type:0,xpos:0.000000,ypos:0.000000,xspeed:3.100000,yspeed:0.220000,angle:0.310000,distense:36.200000,rcs:20.000000
