timestame:1619471296.652000000,objid:2,type:0,xpos:0.000000,ypos:0.000000,xspeed:-2.560000,yspeed:5.530000,angle:-16.100000,distense:42.600000,rcs:16.000000
timestame:1619471296.652000000,objid:6,type:0,xpos:0.000000,ypos:0.000000,xspeed:2.550000,yspeed:3.830000,angle:-8.370000,distense:42.200000,rcs:9.000000
timestame:1619471296.652000000,objid:8,type:0,xpos:0.000000,ypos:0.000000,xspeed:-2.130000,yspeed:7.720000,angle:-16.680000,distense:43.000000,rcs:6.000000
