timestame:1619469996.714000000,objid:10,type:0,xpos:0.000000,ypos:0.000000,xspeed:-1.140000,yspeed:-4.030000,angle:-18.000000,distense:37.400000,rcs:25.000000
timestame:1619469996.714000000,objid:11,type:0,xpos:0.000000,ypos:0.000000,xspeed:-1.780000,yspeed:-1.480000,angle:-18.000000,distense:34.000000,rcs:13.000000
timestame:1619469996.714000000,objid:15,type:0,xpos:0.000000,ypos:0.000000,xspeed:-1.620000,yspeed:-2.640000,angle:-18.000000,distense:35.200000,rcs:26.000000
timestame:1619469996.714000000,objid:24,type:0,xpos:0.000000,ypos:0.000000,xspeed:1.570000,yspeed:3.590000,angle:-4.590000,distense:43.800000,rcs:6.000000
