timestame:1619470888.429000000,objid:2,type:0,xpos:0.000000,ypos:0.000000,xspeed:-1.190000,yspeed:-2.740000,angle:-18.000000,distense:35.800000,rcs:23.000000
timestame:1619470888.429000000,objid:3,type:0,xpos:0.000000,ypos:0.000000,xspeed:-2.230000,yspeed:-2.810000,angle:-18.000000,distense:33.200000,rcs:9.000000
timestame:1619470888.429000000,objid:19,type:0,xpos:0.000000,ypos:0.000000,xspeed:-1.400000,yspeed:-3.230000,angle:-18.000000,distense:35.400000,rcs:27.000000
