timestame:1619470471.994000000,objid:0,type:0,xpos:0.000000,ypos:0.000000,xspeed:-5.010000,yspeed:4.630000,angle:20.040000,distense:66.200000,rcs:6.000000
timestame:1619470471.994000000,objid:1,type:0,xpos:0.000000,ypos:0.000000,xspeed:-18.730000,yspeed:2.030000,angle:-3.690000,distense:169.400000,rcs:15.000000
