timestame:1619471057.165000000,objid:10,type:0,xpos:0.000000,ypos:0.000000,xspeed:-2.030000,yspeed:-1.650000,angle:-18.000000,distense:32.200000,rcs:13.000000
timestame:1619471057.165000000,objid:13,type:0,xpos:0.000000,ypos:0.000000,xspeed:1.250000,yspeed:-7.860000,angle:-12.260000,distense:63.800000,rcs:9.000000
timestame:1619471057.165000000,objid:14,type:0,xpos:0.000000,ypos:0.000000,xspeed:-1.900000,yspeed:-2.870000,angle:-18.000000,distense:35.000000,rcs:16.000000
