timestame:1619469823.590000000,objid:2,type:0,xpos:0.000000,ypos:0.000000,xspeed:-1.780000,yspeed:-4.020000,angle:-15.990000,distense:40.800000,rcs:29.000000
timestame:1619469823.590000000,objid:11,type:0,xpos:0.000000,ypos:0.000000,xspeed:-3.910000,yspeed:0.100000,angle:-6.100000,distense:133.400000,rcs:15.000000
