timestame:1619470830.533000000,objid:1,type:0,xpos:0.000000,ypos:0.000000,xspeed:8.700000,yspeed:0.080000,angle:3.300000,distense:98.800000,rcs:20.000000
timestame:1619470830.533000000,objid:2,type:0,xpos:0.000000,ypos:0.000000,xspeed:6.910000,yspeed:-0.080000,angle:3.170000,distense:103.800000,rcs:20.000000
timestame:1619470830.533000000,objid:3,type:0,xpos:0.000000,ypos:0.000000,xspeed:8.430000,yspeed:0.130000,angle:4.190000,distense:92.000000,rcs:28.000000
timestame:1619470830.533000000,objid:6,type:0,xpos:0.000000,ypos:0.000000,xspeed:11.020000,yspeed:-0.040000,angle:1.430000,distense:126.800000,rcs:21.000000
