timestame:1619470691.784000000,objid:1,type:0,xpos:0.000000,ypos:0.000000,xspeed:3.380000,yspeed:0.090000,angle:7.310000,distense:35.000000,rcs:22.000000
timestame:1619470691.784000000,objid:2,type:0,xpos:0.000000,ypos:0.000000,xspeed:-2.190000,yspeed:-0.140000,angle:-18.000000,distense:38.000000,rcs:15.000000
timestame:1619470691.784000000,objid:3,type:0,xpos:0.000000,ypos:0.000000,xspeed:-8.530000,yspeed:0.080000,angle:-18.000000,distense:30.000000,rcs:6.000000
timestame:1619470691.784000000,objid:8,type:0,xpos:0.000000,ypos:0.000000,xspeed:-1.070000,yspeed:1.090000,angle:-18.000000,distense:27.200000,rcs:6.000000
