timestame:1619471221.774000000,objid:0,type:0,xpos:0.000000,ypos:0.000000,xspeed:1.240000,yspeed:0.170000,angle:1.240000,distense:55.000000,rcs:6.000000
timestame:1619471221.774000000,objid:6,type:0,xpos:0.000000,ypos:0.000000,xspeed:3.860000,yspeed:0.130000,angle:2.180000,distense:57.200000,rcs:9.000000
timestame:1619471221.774000000,objid:9,type:0,xpos:0.000000,ypos:0.000000,xspeed:3.930000,yspeed:0.090000,angle:2.440000,distense:38.600000,rcs:45.000000
timestame:1619471221.774000000,objid:10,type:0,xpos:0.000000,ypos:0.000000,xspeed:3.870000,yspeed:0.290000,angle:1.570000,distense:47.600000,rcs:15.000000
