timestame:1619469656.767000000,objid:1,type:0,xpos:0.000000,ypos:0.000000,xspeed:2.590000,yspeed:3.650000,angle:-6.210000,distense:42.800000,rcs:6.000000
timestame:1619469656.767000000,objid:7,type:0,xpos:0.000000,ypos:0.000000,xspeed:24.050000,yspeed:0.410000,angle:1.030000,distense:180.400000,rcs:9.000000
timestame:1619469656.767000000,objid:8,type:0,xpos:0.000000,ypos:0.000000,xspeed:3.030000,yspeed:2.540000,angle:-13.550000,distense:37.200000,rcs:13.000000
timestame:1619469656.767000000,objid:14,type:0,xpos:0.000000,ypos:0.000000,xspeed:14.420000,yspeed:0.210000,angle:2.320000,distense:225.400000,rcs:6.000000
