timestame:1619469539.557000000,objid:4,type:0,xpos:0.000000,ypos:0.000000,xspeed:17.500000,yspeed:0.140000,angle:1.390000,distense:158.200000,rcs:20.000000
timestame:1619469539.557000000,objid:7,type:0,xpos:0.000000,ypos:0.000000,xspeed:17.300000,yspeed:0.180000,angle:1.180000,distense:165.200000,rcs:9.000000
