timestame:1619470475.225000000,objid:1,type:0,xpos:0.000000,ypos:0.000000,xspeed:-11.600000,yspeed:-0.320000,angle:-5.040000,distense:133.400000,rcs:19.000000
timestame:1619470475.225000000,objid:2,type:0,xpos:0.000000,ypos:0.000000,xspeed:1.180000,yspeed:-0.550000,angle:13.780000,distense:72.400000,rcs:9.000000
