timestame:1619469993.852000000,objid:1,type:0,xpos:0.000000,ypos:0.000000,xspeed:1.290000,yspeed:-1.810000,angle:0.690000,distense:41.200000,rcs:33.000000
timestame:1619469993.852000000,objid:8,type:0,xpos:0.000000,ypos:0.000000,xspeed:1.150000,yspeed:3.160000,angle:-5.830000,distense:39.200000,rcs:12.000000
timestame:1619469993.852000000,objid:9,type:0,xpos:0.000000,ypos:0.000000,xspeed:-1.990000,yspeed:-14.250000,angle:20.910000,distense:30.800000,rcs:15.000000
timestame:1619469993.852000000,objid:24,type:0,xpos:0.000000,ypos:0.000000,xspeed:2.810000,yspeed:2.050000,angle:-14.810000,distense:34.400000,rcs:20.000000
