timestame:1619470566.973000000,objid:0,type:0,xpos:0.000000,ypos:0.000000,xspeed:6.290000,yspeed:2.160000,angle:20.170000,distense:39.000000,rcs:19.000000
timestame:1619470566.973000000,objid:1,type:0,xpos:0.000000,ypos:0.000000,xspeed:3.500000,yspeed:3.410000,angle:-16.300000,distense:24.600000,rcs:26.000000
timestame:1619470566.973000000,objid:3,type:0,xpos:0.000000,ypos:0.000000,xspeed:14.170000,yspeed:0.060000,angle:1.180000,distense:149.200000,rcs:26.000000
timestame:1619470566.973000000,objid:8,type:0,xpos:0.000000,ypos:0.000000,xspeed:3.120000,yspeed:3.340000,angle:-12.590000,distense:38.000000,rcs:12.000000
