timestame:1619470608.016000000,objid:1,type:0,xpos:0.000000,ypos:0.000000,xspeed:-1.610000,yspeed:-1.050000,angle:-12.960000,distense:50.400000,rcs:18.000000
timestame:1619470608.016000000,objid:2,type:0,xpos:0.000000,ypos:0.000000,xspeed:8.830000,yspeed:5.680000,angle:-15.540000,distense:19.200000,rcs:13.000000
