timestame:1619470942.086000000,objid:1,type:0,xpos:0.000000,ypos:0.000000,xspeed:-4.910000,yspeed:0.870000,angle:-14.470000,distense:57.400000,rcs:16.000000
timestame:1619470942.086000000,objid:5,type:0,xpos:0.000000,ypos:0.000000,xspeed:-6.070000,yspeed:-0.530000,angle:-16.660000,distense:60.200000,rcs:20.000000
timestame:1619470942.086000000,objid:10,type:0,xpos:0.000000,ypos:0.000000,xspeed:-4.500000,yspeed:0.400000,angle:-11.330000,distense:59.400000,rcs:16.000000
