timestame:1619471221.897000000,objid:0,type:0,xpos:0.000000,ypos:0.000000,xspeed:1.280000,yspeed:0.200000,angle:1.300000,distense:55.200000,rcs:9.000000
timestame:1619471221.897000000,objid:6,type:0,xpos:0.000000,ypos:0.000000,xspeed:3.940000,yspeed:0.100000,angle:2.120000,distense:57.800000,rcs:9.000000
timestame:1619471221.897000000,objid:9,type:0,xpos:0.000000,ypos:0.000000,xspeed:3.970000,yspeed:0.080000,angle:2.410000,distense:39.200000,rcs:47.000000
timestame:1619471221.897000000,objid:10,type:0,xpos:0.000000,ypos:0.000000,xspeed:3.870000,yspeed:0.290000,angle:1.600000,distense:48.000000,rcs:15.000000
