timestame:1619469563.922000000,objid:1,type:0,xpos:0.000000,ypos:0.000000,xspeed:1.640000,yspeed:-12.350000,angle:19.270000,distense:51.800000,rcs:12.000000
timestame:1619469563.922000000,objid:14,type:0,xpos:0.000000,ypos:0.000000,xspeed:-2.520000,yspeed:-1.060000,angle:-16.440000,distense:44.400000,rcs:27.000000
