timestame:1619470217.491000000,objid:1,type:0,xpos:0.000000,ypos:0.000000,xspeed:-1.300000,yspeed:11.050000,angle:13.130000,distense:40.000000,rcs:32.000000
timestame:1619470217.491000000,objid:6,type:0,xpos:0.000000,ypos:0.000000,xspeed:-1.710000,yspeed:0.230000,angle:-18.000000,distense:47.800000,rcs:9.000000
timestame:1619470217.491000000,objid:8,type:0,xpos:0.000000,ypos:0.000000,xspeed:-1.360000,yspeed:9.170000,angle:16.630000,distense:40.000000,rcs:29.000000
timestame:1619470217.491000000,objid:14,type:0,xpos:0.000000,ypos:0.000000,xspeed:-2.770000,yspeed:6.890000,angle:-10.470000,distense:44.800000,rcs:20.000000
