timestame:1619471263.224000000,objid:2,type:0,xpos:0.000000,ypos:0.000000,xspeed:12.770000,yspeed:0.070000,angle:3.070000,distense:115.200000,rcs:26.000000
timestame:1619471263.224000000,objid:6,type:0,xpos:0.000000,ypos:0.000000,xspeed:12.730000,yspeed:-0.160000,angle:2.780000,distense:127.400000,rcs:15.000000
timestame:1619471263.224000000,objid:10,type:0,xpos:0.000000,ypos:0.000000,xspeed:12.670000,yspeed:0.120000,angle:3.500000,distense:102.800000,rcs:20.000000
