timestame:1619469761.944000000,objid:3,type:0,xpos:0.000000,ypos:0.000000,xspeed:5.280000,yspeed:0.650000,angle:20.700000,distense:20.400000,rcs:20.000000
timestame:1619469761.944000000,objid:5,type:0,xpos:0.000000,ypos:0.000000,xspeed:-18.700000,yspeed:0.950000,angle:-11.910000,distense:78.800000,rcs:9.000000
timestame:1619469761.944000000,objid:6,type:0,xpos:0.000000,ypos:0.000000,xspeed:4.460000,yspeed:3.330000,angle:-13.990000,distense:17.000000,rcs:19.000000
