timestame:1619470223.372000000,objid:7,type:0,xpos:0.000000,ypos:0.000000,xspeed:6.220000,yspeed:-7.520000,angle:-12.260000,distense:47.400000,rcs:19.000000
timestame:1619470223.372000000,objid:8,type:0,xpos:0.000000,ypos:0.000000,xspeed:-2.070000,yspeed:7.760000,angle:-4.510000,distense:40.200000,rcs:6.000000
timestame:1619470223.372000000,objid:11,type:0,xpos:0.000000,ypos:0.000000,xspeed:-2.220000,yspeed:6.930000,angle:-1.850000,distense:39.400000,rcs:12.000000
