timestame:1619470791.197000000,objid:0,type:0,xpos:0.000000,ypos:0.000000,xspeed:1.560000,yspeed:0.120000,angle:1.750000,distense:19.000000,rcs:36.000000
timestame:1619470791.197000000,objid:1,type:0,xpos:0.000000,ypos:0.000000,xspeed:1.600000,yspeed:-8.140000,angle:22.100000,distense:46.200000,rcs:16.000000
timestame:1619470791.197000000,objid:2,type:0,xpos:0.000000,ypos:0.000000,xspeed:1.330000,yspeed:-7.590000,angle:-14.300000,distense:47.600000,rcs:9.000000
