timestame:1619469637.243000000,objid:1,type:0,xpos:0.000000,ypos:0.000000,xspeed:3.650000,yspeed:1.910000,angle:-15.150000,distense:23.400000,rcs:16.000000
timestame:1619469637.243000000,objid:3,type:0,xpos:0.000000,ypos:0.000000,xspeed:-4.280000,yspeed:4.710000,angle:12.740000,distense:42.200000,rcs:22.000000
timestame:1619469637.243000000,objid:4,type:0,xpos:0.000000,ypos:0.000000,xspeed:3.180000,yspeed:2.730000,angle:-13.040000,distense:37.000000,rcs:19.000000
timestame:1619469637.243000000,objid:8,type:0,xpos:0.000000,ypos:0.000000,xspeed:4.210000,yspeed:4.700000,angle:22.600000,distense:24.200000,rcs:23.000000
