timestame:1619470989.045000000,objid:3,type:0,xpos:0.000000,ypos:0.000000,xspeed:5.140000,yspeed:0.030000,angle:8.020000,distense:96.600000,rcs:6.000000
timestame:1619470989.045000000,objid:4,type:0,xpos:0.000000,ypos:0.000000,xspeed:-13.490000,yspeed:-0.490000,angle:-11.140000,distense:68.600000,rcs:13.000000
timestame:1619470989.045000000,objid:7,type:0,xpos:0.000000,ypos:0.000000,xspeed:-15.460000,yspeed:-1.910000,angle:-18.000000,distense:19.800000,rcs:9.000000
