timestame:1619471140.652000000,objid:0,type:0,xpos:0.000000,ypos:0.000000,xspeed:-4.080000,yspeed:-1.050000,angle:-18.000000,distense:33.600000,rcs:32.000000
timestame:1619471140.652000000,objid:3,type:0,xpos:0.000000,ypos:0.000000,xspeed:-3.210000,yspeed:-3.070000,angle:-18.000000,distense:32.600000,rcs:12.000000
timestame:1619471140.652000000,objid:7,type:0,xpos:0.000000,ypos:0.000000,xspeed:-4.850000,yspeed:-4.840000,angle:-15.070000,distense:35.000000,rcs:38.000000
