timestame:1619470049.421000000,objid:0,type:0,xpos:0.000000,ypos:0.000000,xspeed:6.820000,yspeed:0.070000,angle:3.840000,distense:101.000000,rcs:16.000000
timestame:1619470049.421000000,objid:5,type:0,xpos:0.000000,ypos:0.000000,xspeed:6.820000,yspeed:0.160000,angle:4.260000,distense:91.400000,rcs:20.000000
