timestame:1619471519.295000000,objid:7,type:0,xpos:0.000000,ypos:0.000000,xspeed:16.620000,yspeed:0.240000,angle:1.440000,distense:203.400000,rcs:22.000000
timestame:1619471519.295000000,objid:10,type:0,xpos:0.000000,ypos:0.000000,xspeed:16.570000,yspeed:0.250000,angle:1.360000,distense:192.800000,rcs:30.000000
