timestame:1619471232.726000000,objid:0,type:0,xpos:0.000000,ypos:0.000000,xspeed:7.020000,yspeed:-0.120000,angle:1.530000,distense:114.200000,rcs:6.000000
timestame:1619471232.726000000,objid:9,type:0,xpos:0.000000,ypos:0.000000,xspeed:6.930000,yspeed:-0.020000,angle:1.540000,distense:105.600000,rcs:30.000000
