timestame:1619469583.006000000,objid:1,type:0,xpos:0.000000,ypos:0.000000,xspeed:-4.630000,yspeed:-0.200000,angle:-9.530000,distense:94.200000,rcs:13.000000
timestame:1619469583.006000000,objid:2,type:0,xpos:0.000000,ypos:0.000000,xspeed:-2.020000,yspeed:-0.630000,angle:-11.090000,distense:84.000000,rcs:20.000000
