timestame:1619470029.291000000,objid:1,type:0,xpos:0.000000,ypos:0.000000,xspeed:4.930000,yspeed:0.480000,angle:2.070000,distense:28.800000,rcs:36.000000
timestame:1619470029.291000000,objid:2,type:0,xpos:0.000000,ypos:0.000000,xspeed:6.840000,yspeed:0.310000,angle:2.410000,distense:47.400000,rcs:39.000000
