timestame:1619469561.882000000,objid:2,type:0,xpos:0.000000,ypos:0.000000,xspeed:1.340000,yspeed:-2.250000,angle:-16.530000,distense:45.000000,rcs:20.000000
timestame:1619469561.882000000,objid:3,type:0,xpos:0.000000,ypos:0.000000,xspeed:1.640000,yspeed:-1.030000,angle:7.480000,distense:43.200000,rcs:34.000000
timestame:1619469561.882000000,objid:9,type:0,xpos:0.000000,ypos:0.000000,xspeed:-9.610000,yspeed:8.170000,angle:9.740000,distense:103.600000,rcs:9.000000
