timestame:1619470880.697000000,objid:3,type:0,xpos:0.000000,ypos:0.000000,xspeed:-1.900000,yspeed:-3.290000,angle:-18.000000,distense:34.200000,rcs:28.000000
timestame:1619470880.697000000,objid:4,type:0,xpos:0.000000,ypos:0.000000,xspeed:-21.270000,yspeed:-5.730000,angle:-18.000000,distense:16.600000,rcs:18.000000
timestame:1619470880.697000000,objid:17,type:0,xpos:0.000000,ypos:0.000000,xspeed:1.240000,yspeed:-6.590000,angle:17.090000,distense:43.200000,rcs:28.000000
timestame:1619470880.697000000,objid:23,type:0,xpos:0.000000,ypos:0.000000,xspeed:-2.690000,yspeed:-3.340000,angle:-18.000000,distense:49.600000,rcs:9.000000
