timestame:1619470648.934000000,objid:4,type:0,xpos:0.000000,ypos:0.000000,xspeed:-1.840000,yspeed:-2.580000,angle:-18.000000,distense:39.600000,rcs:26.000000
timestame:1619470648.934000000,objid:9,type:0,xpos:0.000000,ypos:0.000000,xspeed:-1.680000,yspeed:-3.450000,angle:-17.090000,distense:40.400000,rcs:25.000000
timestame:1619470648.934000000,objid:15,type:0,xpos:0.000000,ypos:0.000000,xspeed:-1.880000,yspeed:-6.510000,angle:-5.140000,distense:67.400000,rcs:12.000000
