timestame:1619470566.109000000,objid:0,type:0,xpos:0.000000,ypos:0.000000,xspeed:6.510000,yspeed:2.210000,angle:20.380000,distense:33.200000,rcs:24.000000
timestame:1619470566.109000000,objid:2,type:0,xpos:0.000000,ypos:0.000000,xspeed:-7.310000,yspeed:0.740000,angle:-12.690000,distense:18.000000,rcs:9.000000
timestame:1619470566.109000000,objid:3,type:0,xpos:0.000000,ypos:0.000000,xspeed:13.200000,yspeed:0.130000,angle:1.320000,distense:135.000000,rcs:13.000000
