timestame:1619470571.491000000,objid:1,type:0,xpos:0.000000,ypos:0.000000,xspeed:3.040000,yspeed:3.400000,angle:-8.690000,distense:45.400000,rcs:6.000000
timestame:1619470571.491000000,objid:3,type:0,xpos:0.000000,ypos:0.000000,xspeed:15.310000,yspeed:0.250000,angle:1.090000,distense:220.000000,rcs:16.000000
