timestame:1619470566.850000000,objid:0,type:0,xpos:0.000000,ypos:0.000000,xspeed:6.290000,yspeed:2.160000,angle:20.190000,distense:38.200000,rcs:19.000000
timestame:1619470566.850000000,objid:1,type:0,xpos:0.000000,ypos:0.000000,xspeed:3.200000,yspeed:4.090000,angle:-16.300000,distense:24.000000,rcs:26.000000
timestame:1619470566.850000000,objid:3,type:0,xpos:0.000000,ypos:0.000000,xspeed:14.000000,yspeed:0.080000,angle:1.210000,distense:147.200000,rcs:29.000000
timestame:1619470566.850000000,objid:8,type:0,xpos:0.000000,ypos:0.000000,xspeed:4.840000,yspeed:5.500000,angle:-12.550000,distense:38.400000,rcs:15.000000
