timestame:1619469694.734000000,objid:1,type:0,xpos:0.000000,ypos:0.000000,xspeed:-1.520000,yspeed:6.780000,angle:4.140000,distense:41.400000,rcs:26.000000
timestame:1619469694.734000000,objid:3,type:0,xpos:0.000000,ypos:0.000000,xspeed:2.070000,yspeed:3.810000,angle:6.130000,distense:48.200000,rcs:15.000000
timestame:1619469694.734000000,objid:6,type:0,xpos:0.000000,ypos:0.000000,xspeed:1.810000,yspeed:-4.360000,angle:13.230000,distense:47.800000,rcs:9.000000
timestame:1619469694.734000000,objid:8,type:0,xpos:0.000000,ypos:0.000000,xspeed:2.220000,yspeed:-7.670000,angle:-18.000000,distense:75.000000,rcs:6.000000
