timestame:1619469785.336000000,objid:1,type:0,xpos:0.000000,ypos:0.000000,xspeed:-22.150000,yspeed:0.210000,angle:-6.970000,distense:119.000000,rcs:12.000000
timestame:1619469785.336000000,objid:2,type:0,xpos:0.000000,ypos:0.000000,xspeed:16.990000,yspeed:-0.050000,angle:0.890000,distense:183.200000,rcs:12.000000
timestame:1619469785.336000000,objid:4,type:0,xpos:0.000000,ypos:0.000000,xspeed:-17.370000,yspeed:-0.220000,angle:-7.700000,distense:111.000000,rcs:19.000000
timestame:1619469785.336000000,objid:10,type:0,xpos:0.000000,ypos:0.000000,xspeed:16.780000,yspeed:0.240000,angle:1.240000,distense:170.200000,rcs:20.000000
