timestame:1619469928.603000000,objid:1,type:0,xpos:0.000000,ypos:0.000000,xspeed:7.200000,yspeed:0.090000,angle:1.370000,distense:186.800000,rcs:12.000000
timestame:1619469928.603000000,objid:8,type:0,xpos:0.000000,ypos:0.000000,xspeed:7.360000,yspeed:0.050000,angle:1.180000,distense:180.400000,rcs:21.000000
