timestame:1619469929.415000000,objid:1,type:0,xpos:0.000000,ypos:0.000000,xspeed:7.560000,yspeed:0.180000,angle:1.430000,distense:193.200000,rcs:13.000000
timestame:1619469929.415000000,objid:8,type:0,xpos:0.000000,ypos:0.000000,xspeed:7.530000,yspeed:-0.050000,angle:1.060000,distense:186.600000,rcs:27.000000
