timestame:1619470166.056000000,objid:0,type:0,xpos:0.000000,ypos:0.000000,xspeed:4.000000,yspeed:-0.230000,angle:1.900000,distense:30.600000,rcs:39.000000
timestame:1619470166.056000000,objid:3,type:0,xpos:0.000000,ypos:0.000000,xspeed:6.610000,yspeed:0.490000,angle:6.760000,distense:59.400000,rcs:22.000000
