timestame:1619470943.514000000,objid:1,type:0,xpos:0.000000,ypos:0.000000,xspeed:-5.740000,yspeed:0.860000,angle:-15.460000,distense:48.200000,rcs:13.000000
timestame:1619470943.514000000,objid:5,type:0,xpos:0.000000,ypos:0.000000,xspeed:-6.460000,yspeed:-0.510000,angle:-18.000000,distense:51.400000,rcs:19.000000
timestame:1619470943.514000000,objid:7,type:0,xpos:0.000000,ypos:0.000000,xspeed:-5.900000,yspeed:-0.560000,angle:-18.000000,distense:48.400000,rcs:19.000000
