timestame:1619470567.034000000,objid:1,type:0,xpos:0.000000,ypos:0.000000,xspeed:3.900000,yspeed:3.360000,angle:-16.320000,distense:25.200000,rcs:23.000000
timestame:1619470567.034000000,objid:3,type:0,xpos:0.000000,ypos:0.000000,xspeed:14.250000,yspeed:0.050000,angle:1.150000,distense:150.200000,rcs:26.000000
timestame:1619470567.034000000,objid:8,type:0,xpos:0.000000,ypos:0.000000,xspeed:3.830000,yspeed:3.170000,angle:-12.850000,distense:38.600000,rcs:18.000000
