timestame:1619470779.695000000,objid:2,type:0,xpos:0.000000,ypos:0.000000,xspeed:1.940000,yspeed:-4.340000,angle:3.860000,distense:43.200000,rcs:34.000000
timestame:1619470779.695000000,objid:4,type:0,xpos:0.000000,ypos:0.000000,xspeed:-2.080000,yspeed:-0.720000,angle:-1.880000,distense:45.800000,rcs:6.000000
timestame:1619470779.695000000,objid:13,type:0,xpos:0.000000,ypos:0.000000,xspeed:-40.210000,yspeed:0.260000,angle:18.240000,distense:37.000000,rcs:32.000000
