timestame:1619469926.935000000,objid:1,type:0,xpos:0.000000,ypos:0.000000,xspeed:6.780000,yspeed:0.200000,angle:1.500000,distense:174.200000,rcs:12.000000
timestame:1619469926.935000000,objid:8,type:0,xpos:0.000000,ypos:0.000000,xspeed:6.880000,yspeed:0.090000,angle:1.280000,distense:167.400000,rcs:18.000000
