timestame:1619471254.305000000,objid:1,type:0,xpos:0.000000,ypos:0.000000,xspeed:3.740000,yspeed:2.590000,angle:5.390000,distense:86.800000,rcs:6.000000
timestame:1619471254.305000000,objid:3,type:0,xpos:0.000000,ypos:0.000000,xspeed:-16.190000,yspeed:-0.290000,angle:-7.500000,distense:111.800000,rcs:15.000000
