timestame:1619469924.452000000,objid:1,type:0,xpos:0.000000,ypos:0.000000,xspeed:6.240000,yspeed:0.200000,angle:1.480000,distense:157.000000,rcs:13.000000
timestame:1619469924.452000000,objid:8,type:0,xpos:0.000000,ypos:0.000000,xspeed:6.280000,yspeed:0.030000,angle:1.300000,distense:150.200000,rcs:26.000000
