timestame:1619470039.821000000,objid:0,type:0,xpos:0.000000,ypos:0.000000,xspeed:2.140000,yspeed:0.720000,angle:11.180000,distense:33.200000,rcs:22.000000
timestame:1619470039.821000000,objid:1,type:0,xpos:0.000000,ypos:0.000000,xspeed:11.450000,yspeed:-0.030000,angle:1.330000,distense:130.400000,rcs:15.000000
timestame:1619470039.821000000,objid:3,type:0,xpos:0.000000,ypos:0.000000,xspeed:12.890000,yspeed:0.180000,angle:1.890000,distense:102.600000,rcs:24.000000
timestame:1619470039.821000000,objid:5,type:0,xpos:0.000000,ypos:0.000000,xspeed:3.730000,yspeed:0.020000,angle:7.390000,distense:32.200000,rcs:27.000000
