timestame:1619470982.903000000,objid:0,type:0,xpos:0.000000,ypos:0.000000,xspeed:8.210000,yspeed:0.230000,angle:2.320000,distense:174.400000,rcs:32.000000
timestame:1619470982.903000000,objid:1,type:0,xpos:0.000000,ypos:0.000000,xspeed:-15.690000,yspeed:-0.240000,angle:-6.540000,distense:98.600000,rcs:23.000000
timestame:1619470982.903000000,objid:2,type:0,xpos:0.000000,ypos:0.000000,xspeed:-18.620000,yspeed:-12.040000,angle:-6.560000,distense:147.600000,rcs:6.000000
timestame:1619470982.903000000,objid:3,type:0,xpos:0.000000,ypos:0.000000,xspeed:3.490000,yspeed:-2.980000,angle:13.560000,distense:67.200000,rcs:9.000000
