timestame:1619470666.597000000,objid:1,type:0,xpos:0.000000,ypos:0.000000,xspeed:1.150000,yspeed:1.390000,angle:-6.950000,distense:110.400000,rcs:12.000000
timestame:1619470666.597000000,objid:3,type:0,xpos:0.000000,ypos:0.000000,xspeed:-1.150000,yspeed:-0.050000,angle:-8.230000,distense:102.800000,rcs:15.000000
