timestame:1619470458.420000000,objid:0,type:0,xpos:0.000000,ypos:0.000000,xspeed:-19.110000,yspeed:4.560000,angle:-4.520000,distense:134.400000,rcs:9.000000
timestame:1619470458.420000000,objid:2,type:0,xpos:0.000000,ypos:0.000000,xspeed:5.730000,yspeed:-0.120000,angle:3.520000,distense:165.800000,rcs:13.000000
