timestame:1619470570.136000000,objid:1,type:0,xpos:0.000000,ypos:0.000000,xspeed:3.800000,yspeed:2.980000,angle:-12.360000,distense:40.000000,rcs:6.000000
timestame:1619470570.136000000,objid:3,type:0,xpos:0.000000,ypos:0.000000,xspeed:15.420000,yspeed:0.170000,angle:1.040000,distense:199.000000,rcs:29.000000
timestame:1619470570.136000000,objid:5,type:0,xpos:0.000000,ypos:0.000000,xspeed:-1.900000,yspeed:1.620000,angle:-2.240000,distense:41.800000,rcs:9.000000
