timestame:1619469788.257000000,objid:1,type:0,xpos:0.000000,ypos:0.000000,xspeed:-16.100000,yspeed:-0.340000,angle:-12.340000,distense:73.000000,rcs:30.000000
timestame:1619469788.257000000,objid:4,type:0,xpos:0.000000,ypos:0.000000,xspeed:-16.670000,yspeed:-0.760000,angle:-15.680000,distense:63.800000,rcs:18.000000
timestame:1619469788.257000000,objid:10,type:0,xpos:0.000000,ypos:0.000000,xspeed:17.040000,yspeed:0.340000,angle:1.210000,distense:220.600000,rcs:16.000000
