timestame:1619470028.491000000,objid:1,type:0,xpos:0.000000,ypos:0.000000,xspeed:4.930000,yspeed:0.250000,angle:0.990000,distense:24.600000,rcs:34.000000
timestame:1619470028.491000000,objid:2,type:0,xpos:0.000000,ypos:0.000000,xspeed:6.180000,yspeed:0.230000,angle:2.280000,distense:40.600000,rcs:43.000000
