timestame:1619471450.743000000,objid:3,type:0,xpos:0.000000,ypos:0.000000,xspeed:-2.430000,yspeed:-0.140000,angle:-6.300000,distense:103.400000,rcs:18.000000
timestame:1619471450.743000000,objid:11,type:0,xpos:0.000000,ypos:0.000000,xspeed:-1.870000,yspeed:0.330000,angle:-7.600000,distense:95.000000,rcs:12.000000
timestame:1619471450.743000000,objid:13,type:0,xpos:0.000000,ypos:0.000000,xspeed:-3.620000,yspeed:-0.080000,angle:19.930000,distense:39.400000,rcs:6.000000
