timestame:1619471094.162000000,objid:1,type:0,xpos:0.000000,ypos:0.000000,xspeed:12.660000,yspeed:-0.190000,angle:2.540000,distense:99.000000,rcs:6.000000
timestame:1619471094.162000000,objid:2,type:0,xpos:0.000000,ypos:0.000000,xspeed:7.360000,yspeed:0.180000,angle:2.050000,distense:72.400000,rcs:41.000000
