timestame:1619470965.055000000,objid:0,type:0,xpos:0.000000,ypos:0.000000,xspeed:4.040000,yspeed:0.220000,angle:6.220000,distense:56.400000,rcs:33.000000
timestame:1619470965.055000000,objid:1,type:0,xpos:0.000000,ypos:0.000000,xspeed:12.850000,yspeed:-0.540000,angle:0.960000,distense:136.600000,rcs:15.000000
timestame:1619470965.055000000,objid:6,type:0,xpos:0.000000,ypos:0.000000,xspeed:10.640000,yspeed:0.490000,angle:2.050000,distense:114.400000,rcs:32.000000
timestame:1619470965.055000000,objid:12,type:0,xpos:0.000000,ypos:0.000000,xspeed:3.010000,yspeed:-0.060000,angle:4.690000,distense:63.800000,rcs:25.000000
