timestame:1619471314.113000000,objid:0,type:0,xpos:0.000000,ypos:0.000000,xspeed:-15.160000,yspeed:0.000000,angle:-1.730000,distense:170.400000,rcs:9.000000
timestame:1619471314.113000000,objid:1,type:0,xpos:0.000000,ypos:0.000000,xspeed:-15.490000,yspeed:-1.510000,angle:-4.070000,distense:163.600000,rcs:12.000000
timestame:1619471314.113000000,objid:3,type:0,xpos:0.000000,ypos:0.000000,xspeed:2.600000,yspeed:4.400000,angle:-6.200000,distense:46.000000,rcs:6.000000
timestame:1619471314.113000000,objid:4,type:0,xpos:0.000000,ypos:0.000000,xspeed:-1.310000,yspeed:5.340000,angle:16.300000,distense:36.400000,rcs:6.000000
