timestame:1619471558.639000000,objid:7,type:0,xpos:0.000000,ypos:0.000000,xspeed:-2.630000,yspeed:-1.610000,angle:-18.000000,distense:32.200000,rcs:15.000000
timestame:1619471558.639000000,objid:12,type:0,xpos:0.000000,ypos:0.000000,xspeed:2.750000,yspeed:1.990000,angle:-14.970000,distense:35.400000,rcs:16.000000
timestame:1619471558.639000000,objid:18,type:0,xpos:0.000000,ypos:0.000000,xspeed:-1.370000,yspeed:-9.900000,angle:-2.520000,distense:42.400000,rcs:18.000000
