timestame:1619470756.352000000,objid:2,type:0,xpos:0.000000,ypos:0.000000,xspeed:-1.510000,yspeed:-0.710000,angle:-18.000000,distense:32.800000,rcs:12.000000
timestame:1619470756.352000000,objid:4,type:0,xpos:0.000000,ypos:0.000000,xspeed:-2.990000,yspeed:-0.220000,angle:-18.000000,distense:24.400000,rcs:9.000000
timestame:1619470756.352000000,objid:10,type:0,xpos:0.000000,ypos:0.000000,xspeed:-3.230000,yspeed:-0.850000,angle:-18.000000,distense:28.600000,rcs:15.000000
timestame:1619470756.352000000,objid:11,type:0,xpos:0.000000,ypos:0.000000,xspeed:-3.150000,yspeed:-0.270000,angle:-18.000000,distense:26.400000,rcs:15.000000
