timestame:1619470748.029000000,objid:4,type:0,xpos:0.000000,ypos:0.000000,xspeed:-7.580000,yspeed:-1.610000,angle:-18.000000,distense:39.600000,rcs:6.000000
timestame:1619470748.029000000,objid:5,type:0,xpos:0.000000,ypos:0.000000,xspeed:-29.830000,yspeed:-4.090000,angle:1.700000,distense:42.400000,rcs:9.000000
