timestame:1619470978.968000000,objid:0,type:0,xpos:0.000000,ypos:0.000000,xspeed:7.220000,yspeed:-0.210000,angle:2.330000,distense:142.000000,rcs:24.000000
timestame:1619470978.968000000,objid:1,type:0,xpos:0.000000,ypos:0.000000,xspeed:-17.340000,yspeed:-2.260000,angle:-3.690000,distense:159.000000,rcs:18.000000
timestame:1619470978.968000000,objid:2,type:0,xpos:0.000000,ypos:0.000000,xspeed:-16.070000,yspeed:-1.170000,angle:-4.280000,distense:157.800000,rcs:20.000000
timestame:1619470978.968000000,objid:5,type:0,xpos:0.000000,ypos:0.000000,xspeed:-18.940000,yspeed:0.110000,angle:-12.720000,distense:68.400000,rcs:6.000000
