timestame:1619469539.680000000,objid:4,type:0,xpos:0.000000,ypos:0.000000,xspeed:17.550000,yspeed:0.160000,angle:1.390000,distense:160.400000,rcs:25.000000
timestame:1619469539.680000000,objid:7,type:0,xpos:0.000000,ypos:0.000000,xspeed:17.300000,yspeed:0.180000,angle:1.170000,distense:167.200000,rcs:9.000000
