timestame:1619469772.898000000,objid:1,type:0,xpos:0.000000,ypos:0.000000,xspeed:3.730000,yspeed:1.450000,angle:-16.980000,distense:27.800000,rcs:18.000000
timestame:1619469772.898000000,objid:3,type:0,xpos:0.000000,ypos:0.000000,xspeed:4.060000,yspeed:1.300000,angle:20.940000,distense:39.600000,rcs:9.000000
timestame:1619469772.898000000,objid:7,type:0,xpos:0.000000,ypos:0.000000,xspeed:3.890000,yspeed:1.890000,angle:-15.470000,distense:38.000000,rcs:30.000000
