timestame:1619470442.327000000,objid:1,type:0,xpos:0.000000,ypos:0.000000,xspeed:15.900000,yspeed:0.500000,angle:2.190000,distense:95.600000,rcs:20.000000
timestame:1619470442.327000000,objid:2,type:0,xpos:0.000000,ypos:0.000000,xspeed:3.910000,yspeed:-0.060000,angle:8.950000,distense:84.000000,rcs:20.000000
