timestame:1619470275.885000000,objid:1,type:0,xpos:0.000000,ypos:0.000000,xspeed:-10.410000,yspeed:-0.020000,angle:-5.030000,distense:104.200000,rcs:13.000000
timestame:1619470275.885000000,objid:2,type:0,xpos:0.000000,ypos:0.000000,xspeed:-1.290000,yspeed:0.480000,angle:-6.550000,distense:91.800000,rcs:6.000000
timestame:1619470275.885000000,objid:11,type:0,xpos:0.000000,ypos:0.000000,xspeed:-1.280000,yspeed:-0.180000,angle:-9.070000,distense:77.600000,rcs:25.000000
timestame:1619470275.885000000,objid:22,type:0,xpos:0.000000,ypos:0.000000,xspeed:-1.290000,yspeed:0.020000,angle:-7.770000,distense:84.400000,rcs:9.000000
