timestame:1619469657.523000000,objid:7,type:0,xpos:0.000000,ypos:0.000000,xspeed:24.450000,yspeed:0.430000,angle:1.030000,distense:198.600000,rcs:9.000000
timestame:1619469657.523000000,objid:8,type:0,xpos:0.000000,ypos:0.000000,xspeed:2.390000,yspeed:3.110000,angle:-10.480000,distense:39.400000,rcs:13.000000
