timestame:1619471519.110000000,objid:7,type:0,xpos:0.000000,ypos:0.000000,xspeed:16.580000,yspeed:0.230000,angle:1.450000,distense:200.400000,rcs:6.000000
timestame:1619471519.110000000,objid:10,type:0,xpos:0.000000,ypos:0.000000,xspeed:16.490000,yspeed:0.250000,angle:1.360000,distense:189.600000,rcs:22.000000
