timestame:1619471049.095000000,objid:0,type:0,xpos:0.000000,ypos:0.000000,xspeed:-3.500000,yspeed:-2.030000,angle:-18.000000,distense:29.800000,rcs:19.000000
timestame:1619471049.095000000,objid:3,type:0,xpos:0.000000,ypos:0.000000,xspeed:-2.650000,yspeed:-2.630000,angle:-18.000000,distense:33.000000,rcs:12.000000
timestame:1619471049.095000000,objid:10,type:0,xpos:0.000000,ypos:0.000000,xspeed:-19.820000,yspeed:0.000000,angle:-17.710000,distense:41.600000,rcs:31.000000
timestame:1619471049.095000000,objid:13,type:0,xpos:0.000000,ypos:0.000000,xspeed:-6.000000,yspeed:-8.340000,angle:-18.000000,distense:54.000000,rcs:9.000000
