timestame:1619469634.622000000,objid:3,type:0,xpos:0.000000,ypos:0.000000,xspeed:-6.370000,yspeed:2.630000,angle:-3.570000,distense:51.600000,rcs:13.000000
timestame:1619469634.622000000,objid:4,type:0,xpos:0.000000,ypos:0.000000,xspeed:2.660000,yspeed:1.020000,angle:-14.880000,distense:25.800000,rcs:18.000000
