timestame:1619470061.113000000,objid:0,type:0,xpos:0.000000,ypos:0.000000,xspeed:-11.250000,yspeed:-0.060000,angle:-6.420000,distense:69.200000,rcs:20.000000
timestame:1619470061.113000000,objid:1,type:0,xpos:0.000000,ypos:0.000000,xspeed:-20.770000,yspeed:1.580000,angle:-4.330000,distense:150.400000,rcs:9.000000
timestame:1619470061.113000000,objid:2,type:0,xpos:0.000000,ypos:0.000000,xspeed:-5.400000,yspeed:-0.730000,angle:-5.700000,distense:78.200000,rcs:23.000000
timestame:1619470061.113000000,objid:5,type:0,xpos:0.000000,ypos:0.000000,xspeed:9.800000,yspeed:0.530000,angle:2.910000,distense:196.600000,rcs:27.000000
