timestame:1619470830.594000000,objid:1,type:0,xpos:0.000000,ypos:0.000000,xspeed:8.750000,yspeed:0.090000,angle:3.290000,distense:99.400000,rcs:20.000000
timestame:1619470830.594000000,objid:2,type:0,xpos:0.000000,ypos:0.000000,xspeed:6.910000,yspeed:-0.080000,angle:3.160000,distense:104.200000,rcs:20.000000
timestame:1619470830.594000000,objid:3,type:0,xpos:0.000000,ypos:0.000000,xspeed:8.500000,yspeed:0.100000,angle:4.140000,distense:92.600000,rcs:26.000000
timestame:1619470830.594000000,objid:6,type:0,xpos:0.000000,ypos:0.000000,xspeed:11.050000,yspeed:-0.050000,angle:1.410000,distense:127.400000,rcs:18.000000
