timestame:1619469788.997000000,objid:1,type:0,xpos:0.000000,ypos:0.000000,xspeed:-16.200000,yspeed:-0.540000,angle:-15.340000,distense:61.600000,rcs:27.000000
timestame:1619469788.997000000,objid:4,type:0,xpos:0.000000,ypos:0.000000,xspeed:-16.700000,yspeed:-0.710000,angle:-18.000000,distense:52.400000,rcs:24.000000
