timestame:1619471004.564000000,objid:1,type:0,xpos:0.000000,ypos:0.000000,xspeed:-12.870000,yspeed:-0.800000,angle:-7.310000,distense:123.200000,rcs:12.000000
timestame:1619471004.564000000,objid:4,type:0,xpos:0.000000,ypos:0.000000,xspeed:1.070000,yspeed:0.070000,angle:0.410000,distense:17.800000,rcs:12.000000
timestame:1619471004.564000000,objid:7,type:0,xpos:0.000000,ypos:0.000000,xspeed:17.770000,yspeed:0.000000,angle:8.010000,distense:175.200000,rcs:12.000000
