timestame:1619469715.679000000,objid:1,type:0,xpos:0.000000,ypos:0.000000,xspeed:-2.130000,yspeed:8.060000,angle:-6.280000,distense:39.000000,rcs:6.000000
timestame:1619469715.679000000,objid:3,type:0,xpos:0.000000,ypos:0.000000,xspeed:14.540000,yspeed:-0.900000,angle:0.650000,distense:169.800000,rcs:12.000000
