timestame:1619471220.095000000,objid:0,type:0,xpos:0.000000,ypos:0.000000,xspeed:4.170000,yspeed:1.210000,angle:0.570000,distense:53.400000,rcs:15.000000
timestame:1619471220.095000000,objid:6,type:0,xpos:0.000000,ypos:0.000000,xspeed:3.500000,yspeed:0.500000,angle:2.730000,distense:50.400000,rcs:16.000000
timestame:1619471220.095000000,objid:9,type:0,xpos:0.000000,ypos:0.000000,xspeed:3.670000,yspeed:0.170000,angle:2.590000,distense:31.600000,rcs:42.000000
timestame:1619471220.095000000,objid:10,type:0,xpos:0.000000,ypos:0.000000,xspeed:3.590000,yspeed:0.520000,angle:1.430000,distense:40.800000,rcs:19.000000
