timestame:1619469484.500000000,objid:3,type:0,xpos:0.000000,ypos:0.000000,xspeed:2.690000,yspeed:0.290000,angle:11.780000,distense:18.200000,rcs:27.000000
timestame:1619469484.500000000,objid:7,type:0,xpos:0.000000,ypos:0.000000,xspeed:-2.010000,yspeed:0.060000,angle:-10.420000,distense:87.600000,rcs:19.000000
timestame:1619469484.500000000,objid:9,type:0,xpos:0.000000,ypos:0.000000,xspeed:1.650000,yspeed:-0.710000,angle:-7.910000,distense:105.600000,rcs:12.000000
timestame:1619469484.500000000,objid:11,type:0,xpos:0.000000,ypos:0.000000,xspeed:-1.180000,yspeed:-0.900000,angle:-9.120000,distense:81.600000,rcs:16.000000
