timestame:1619471152.944000000,objid:0,type:0,xpos:0.000000,ypos:0.000000,xspeed:-1.180000,yspeed:7.920000,angle:21.390000,distense:40.800000,rcs:6.000000
timestame:1619471152.944000000,objid:1,type:0,xpos:0.000000,ypos:0.000000,xspeed:-7.450000,yspeed:-4.780000,angle:8.230000,distense:79.600000,rcs:6.000000
timestame:1619471152.944000000,objid:2,type:0,xpos:0.000000,ypos:0.000000,xspeed:-2.630000,yspeed:10.920000,angle:21.820000,distense:40.000000,rcs:15.000000
