timestame:1619469925.134000000,objid:1,type:0,xpos:0.000000,ypos:0.000000,xspeed:6.400000,yspeed:0.170000,angle:1.460000,distense:161.600000,rcs:20.000000
timestame:1619469925.134000000,objid:8,type:0,xpos:0.000000,ypos:0.000000,xspeed:6.390000,yspeed:0.040000,angle:1.280000,distense:154.600000,rcs:20.000000
