timestame:1619470289.195000000,objid:2,type:0,xpos:0.000000,ypos:0.000000,xspeed:-11.890000,yspeed:-0.130000,angle:-11.050000,distense:79.600000,rcs:18.000000
timestame:1619470289.195000000,objid:5,type:0,xpos:0.000000,ypos:0.000000,xspeed:-5.850000,yspeed:-0.410000,angle:-18.000000,distense:30.800000,rcs:22.000000
timestame:1619470289.195000000,objid:7,type:0,xpos:0.000000,ypos:0.000000,xspeed:-5.650000,yspeed:-0.400000,angle:-18.000000,distense:27.000000,rcs:13.000000
timestame:1619470289.195000000,objid:11,type:0,xpos:0.000000,ypos:0.000000,xspeed:-5.740000,yspeed:-0.320000,angle:-18.000000,distense:21.800000,rcs:6.000000
