timestame:1619470443.631000000,objid:1,type:0,xpos:0.000000,ypos:0.000000,xspeed:16.850000,yspeed:0.240000,angle:1.720000,distense:119.000000,rcs:13.000000
timestame:1619470443.631000000,objid:2,type:0,xpos:0.000000,ypos:0.000000,xspeed:3.960000,yspeed:-0.130000,angle:8.220000,distense:89.200000,rcs:12.000000
