timestame:1619471313.180000000,objid:1,type:0,xpos:0.000000,ypos:0.000000,xspeed:-14.820000,yspeed:-4.680000,angle:-3.540000,distense:178.200000,rcs:16.000000
timestame:1619471313.180000000,objid:2,type:0,xpos:0.000000,ypos:0.000000,xspeed:1.820000,yspeed:4.070000,angle:-6.700000,distense:46.200000,rcs:6.000000
timestame:1619471313.180000000,objid:3,type:0,xpos:0.000000,ypos:0.000000,xspeed:3.030000,yspeed:3.690000,angle:-10.460000,distense:41.600000,rcs:13.000000
timestame:1619471313.180000000,objid:4,type:0,xpos:0.000000,ypos:0.000000,xspeed:-1.090000,yspeed:5.140000,angle:7.540000,distense:36.800000,rcs:22.000000
