timestame:1619470191.898000000,objid:0,type:0,xpos:0.000000,ypos:0.000000,xspeed:-4.930000,yspeed:6.550000,angle:7.730000,distense:43.800000,rcs:34.000000
timestame:1619470191.898000000,objid:1,type:0,xpos:0.000000,ypos:0.000000,xspeed:2.270000,yspeed:2.000000,angle:5.930000,distense:137.200000,rcs:26.000000
timestame:1619470191.898000000,objid:2,type:0,xpos:0.000000,ypos:0.000000,xspeed:-5.240000,yspeed:5.000000,angle:10.240000,distense:42.200000,rcs:29.000000
