timestame:1619469932.395000000,objid:0,type:0,xpos:0.000000,ypos:0.000000,xspeed:-1.010000,yspeed:2.710000,angle:-17.710000,distense:37.600000,rcs:15.000000
timestame:1619469932.395000000,objid:1,type:0,xpos:0.000000,ypos:0.000000,xspeed:8.290000,yspeed:0.360000,angle:1.620000,distense:218.600000,rcs:12.000000
timestame:1619469932.395000000,objid:8,type:0,xpos:0.000000,ypos:0.000000,xspeed:8.370000,yspeed:0.500000,angle:1.540000,distense:212.000000,rcs:26.000000
