timestame:1619471533.944000000,objid:2,type:0,xpos:0.000000,ypos:0.000000,xspeed:-14.290000,yspeed:-4.360000,angle:-4.510000,distense:165.800000,rcs:16.000000
timestame:1619471533.944000000,objid:4,type:0,xpos:0.000000,ypos:0.000000,xspeed:-12.680000,yspeed:-1.550000,angle:-4.000000,distense:170.600000,rcs:12.000000
timestame:1619471533.944000000,objid:6,type:0,xpos:0.000000,ypos:0.000000,xspeed:2.470000,yspeed:1.950000,angle:12.950000,distense:47.600000,rcs:25.000000
timestame:1619471533.944000000,objid:7,type:0,xpos:0.000000,ypos:0.000000,xspeed:5.020000,yspeed:2.280000,angle:9.160000,distense:44.000000,rcs:31.000000
