timestame:1619471065.163000000,objid:0,type:0,xpos:0.000000,ypos:0.000000,xspeed:-6.470000,yspeed:0.190000,angle:-5.310000,distense:110.000000,rcs:19.000000
timestame:1619471065.163000000,objid:1,type:0,xpos:0.000000,ypos:0.000000,xspeed:7.700000,yspeed:-8.810000,angle:-18.000000,distense:70.000000,rcs:15.000000
timestame:1619471065.163000000,objid:3,type:0,xpos:0.000000,ypos:0.000000,xspeed:-7.390000,yspeed:-0.150000,angle:-3.840000,distense:157.600000,rcs:9.000000
timestame:1619471065.163000000,objid:9,type:0,xpos:0.000000,ypos:0.000000,xspeed:-1.850000,yspeed:-0.110000,angle:-10.450000,distense:71.600000,rcs:22.000000
