timestame:1619470644.595000000,objid:2,type:0,xpos:0.000000,ypos:0.000000,xspeed:-6.350000,yspeed:-0.150000,angle:-5.310000,distense:159.000000,rcs:15.000000
timestame:1619470644.595000000,objid:5,type:0,xpos:0.000000,ypos:0.000000,xspeed:5.150000,yspeed:0.960000,angle:19.900000,distense:52.200000,rcs:6.000000
timestame:1619470644.595000000,objid:8,type:0,xpos:0.000000,ypos:0.000000,xspeed:-1.850000,yspeed:-2.200000,angle:9.930000,distense:86.400000,rcs:21.000000
