timestame:1619469623.045000000,objid:1,type:0,xpos:0.000000,ypos:0.000000,xspeed:-3.880000,yspeed:0.050000,angle:-16.180000,distense:58.600000,rcs:25.000000
timestame:1619469623.045000000,objid:2,type:0,xpos:0.000000,ypos:0.000000,xspeed:-3.780000,yspeed:-0.160000,angle:-13.850000,distense:71.200000,rcs:24.000000
timestame:1619469623.045000000,objid:4,type:0,xpos:0.000000,ypos:0.000000,xspeed:-14.600000,yspeed:-0.220000,angle:-9.690000,distense:68.000000,rcs:15.000000
