timestame:1619470562.571000000,objid:1,type:0,xpos:0.000000,ypos:0.000000,xspeed:6.330000,yspeed:-0.490000,angle:3.640000,distense:198.400000,rcs:19.000000
timestame:1619470562.571000000,objid:2,type:0,xpos:0.000000,ypos:0.000000,xspeed:6.520000,yspeed:-4.330000,angle:2.120000,distense:214.800000,rcs:6.000000
timestame:1619470562.571000000,objid:3,type:0,xpos:0.000000,ypos:0.000000,xspeed:10.080000,yspeed:0.210000,angle:1.760000,distense:88.600000,rcs:38.000000
timestame:1619470562.571000000,objid:5,type:0,xpos:0.000000,ypos:0.000000,xspeed:7.280000,yspeed:0.000000,angle:2.710000,distense:209.800000,rcs:6.000000
