timestame:1619471321.317000000,objid:1,type:0,xpos:0.000000,ypos:0.000000,xspeed:-6.760000,yspeed:-0.590000,angle:-7.470000,distense:93.000000,rcs:13.000000
timestame:1619471321.317000000,objid:3,type:0,xpos:0.000000,ypos:0.000000,xspeed:-12.980000,yspeed:-0.020000,angle:-3.640000,distense:167.400000,rcs:13.000000
timestame:1619471321.317000000,objid:4,type:0,xpos:0.000000,ypos:0.000000,xspeed:-2.210000,yspeed:-0.850000,angle:7.330000,distense:42.000000,rcs:21.000000
