timestame:1619469741.988000000,objid:1,type:0,xpos:0.000000,ypos:0.000000,xspeed:-3.130000,yspeed:9.350000,angle:-8.320000,distense:43.000000,rcs:6.000000
timestame:1619469741.988000000,objid:3,type:0,xpos:0.000000,ypos:0.000000,xspeed:-2.620000,yspeed:5.120000,angle:-3.200000,distense:42.200000,rcs:23.000000
timestame:1619469741.988000000,objid:4,type:0,xpos:0.000000,ypos:0.000000,xspeed:-4.670000,yspeed:0.000000,angle:-6.740000,distense:43.200000,rcs:16.000000
