timestame:1619470565.493000000,objid:0,type:0,xpos:0.000000,ypos:0.000000,xspeed:6.680000,yspeed:2.460000,angle:20.890000,distense:29.200000,rcs:6.000000
timestame:1619470565.493000000,objid:3,type:0,xpos:0.000000,ypos:0.000000,xspeed:12.400000,yspeed:0.170000,angle:1.430000,distense:125.800000,rcs:20.000000
