timestame:1619470256.420000000,objid:3,type:0,xpos:0.000000,ypos:0.000000,xspeed:-1.300000,yspeed:-1.810000,angle:-3.220000,distense:39.600000,rcs:12.000000
timestame:1619470256.420000000,objid:4,type:0,xpos:0.000000,ypos:0.000000,xspeed:3.970000,yspeed:3.030000,angle:-11.540000,distense:39.800000,rcs:6.000000
timestame:1619470256.420000000,objid:8,type:0,xpos:0.000000,ypos:0.000000,xspeed:1.310000,yspeed:2.830000,angle:-7.740000,distense:46.400000,rcs:6.000000
