timestame:1619471028.025000000,objid:2,type:0,xpos:0.000000,ypos:0.000000,xspeed:5.770000,yspeed:0.450000,angle:18.930000,distense:24.600000,rcs:29.000000
timestame:1619471028.025000000,objid:5,type:0,xpos:0.000000,ypos:0.000000,xspeed:4.940000,yspeed:0.710000,angle:-16.280000,distense:22.200000,rcs:34.000000
