timestame:1619470792.620000000,objid:4,type:0,xpos:0.000000,ypos:0.000000,xspeed:2.990000,yspeed:-3.930000,angle:7.710000,distense:50.400000,rcs:33.000000
timestame:1619470792.620000000,objid:5,type:0,xpos:0.000000,ypos:0.000000,xspeed:5.030000,yspeed:-3.430000,angle:-18.000000,distense:51.000000,rcs:6.000000
timestame:1619470792.620000000,objid:7,type:0,xpos:0.000000,ypos:0.000000,xspeed:2.870000,yspeed:0.020000,angle:12.650000,distense:50.600000,rcs:33.000000
