timestame:1619470071.150000000,objid:3,type:0,xpos:0.000000,ypos:0.000000,xspeed:-1.770000,yspeed:2.740000,angle:11.720000,distense:49.000000,rcs:38.000000
timestame:1619470071.150000000,objid:4,type:0,xpos:0.000000,ypos:0.000000,xspeed:-1.690000,yspeed:2.850000,angle:15.880000,distense:44.200000,rcs:32.000000
timestame:1619470071.150000000,objid:8,type:0,xpos:0.000000,ypos:0.000000,xspeed:2.890000,yspeed:2.030000,angle:-14.770000,distense:35.000000,rcs:30.000000
