timestame:1619469530.483000000,objid:1,type:0,xpos:0.000000,ypos:0.000000,xspeed:1.990000,yspeed:-4.130000,angle:-18.000000,distense:72.600000,rcs:15.000000
timestame:1619469530.483000000,objid:3,type:0,xpos:0.000000,ypos:0.000000,xspeed:-2.630000,yspeed:0.000000,angle:3.730000,distense:11.800000,rcs:28.000000
