timestame:1619470225.422000000,objid:7,type:0,xpos:0.000000,ypos:0.000000,xspeed:1.380000,yspeed:0.530000,angle:-9.970000,distense:50.600000,rcs:19.000000
timestame:1619470225.422000000,objid:9,type:0,xpos:0.000000,ypos:0.000000,xspeed:-2.060000,yspeed:6.410000,angle:19.810000,distense:38.200000,rcs:6.000000
timestame:1619470225.422000000,objid:11,type:0,xpos:0.000000,ypos:0.000000,xspeed:-1.260000,yspeed:5.500000,angle:20.260000,distense:39.000000,rcs:16.000000
timestame:1619470225.422000000,objid:14,type:0,xpos:0.000000,ypos:0.000000,xspeed:-1.060000,yspeed:8.020000,angle:-16.530000,distense:39.800000,rcs:6.000000
