timestame:1619469890.703000000,objid:2,type:0,xpos:0.000000,ypos:0.000000,xspeed:-4.060000,yspeed:-0.080000,angle:-14.430000,distense:53.200000,rcs:21.000000
timestame:1619469890.703000000,objid:5,type:0,xpos:0.000000,ypos:0.000000,xspeed:-2.930000,yspeed:-0.010000,angle:-18.000000,distense:55.800000,rcs:20.000000
timestame:1619469890.703000000,objid:16,type:0,xpos:0.000000,ypos:0.000000,xspeed:-3.830000,yspeed:-0.060000,angle:-11.570000,distense:64.400000,rcs:22.000000
