timestame:1619469761.070000000,objid:1,type:0,xpos:0.000000,ypos:0.000000,xspeed:1.290000,yspeed:5.810000,angle:-1.390000,distense:46.000000,rcs:6.000000
timestame:1619469761.070000000,objid:2,type:0,xpos:0.000000,ypos:0.000000,xspeed:39.760000,yspeed:-4.160000,angle:-5.430000,distense:44.000000,rcs:6.000000
timestame:1619469761.070000000,objid:3,type:0,xpos:0.000000,ypos:0.000000,xspeed:4.950000,yspeed:0.000000,angle:-16.320000,distense:16.000000,rcs:28.000000
