timestame:1619471075.782000000,objid:0,type:0,xpos:0.000000,ypos:0.000000,xspeed:-9.340000,yspeed:-0.390000,angle:-18.000000,distense:36.800000,rcs:15.000000
timestame:1619471075.782000000,objid:3,type:0,xpos:0.000000,ypos:0.000000,xspeed:-8.550000,yspeed:-0.110000,angle:-8.330000,distense:79.800000,rcs:19.000000
timestame:1619471075.782000000,objid:5,type:0,xpos:0.000000,ypos:0.000000,xspeed:-9.360000,yspeed:-0.050000,angle:-12.230000,distense:59.200000,rcs:16.000000
timestame:1619471075.782000000,objid:6,type:0,xpos:0.000000,ypos:0.000000,xspeed:-5.350000,yspeed:-0.560000,angle:-16.580000,distense:59.800000,rcs:13.000000
