timestame:1619470002.722000000,objid:2,type:0,xpos:0.000000,ypos:0.000000,xspeed:-3.800000,yspeed:-5.670000,angle:-18.000000,distense:36.400000,rcs:20.000000
timestame:1619470002.722000000,objid:6,type:0,xpos:0.000000,ypos:0.000000,xspeed:1.540000,yspeed:-0.470000,angle:-18.000000,distense:40.200000,rcs:13.000000
timestame:1619470002.722000000,objid:11,type:0,xpos:0.000000,ypos:0.000000,xspeed:-1.700000,yspeed:-0.480000,angle:-18.000000,distense:28.400000,rcs:6.000000
timestame:1619470002.722000000,objid:19,type:0,xpos:0.000000,ypos:0.000000,xspeed:1.460000,yspeed:0.050000,angle:11.910000,distense:14.400000,rcs:23.000000
