timestame:1619469645.977000000,objid:2,type:0,xpos:0.000000,ypos:0.000000,xspeed:12.740000,yspeed:0.890000,angle:5.380000,distense:78.200000,rcs:27.000000
timestame:1619469645.977000000,objid:13,type:0,xpos:0.000000,ypos:0.000000,xspeed:15.140000,yspeed:0.580000,angle:2.260000,distense:135.400000,rcs:31.000000
timestame:1619469645.977000000,objid:14,type:0,xpos:0.000000,ypos:0.000000,xspeed:12.840000,yspeed:0.400000,angle:5.210000,distense:75.200000,rcs:27.000000
