timestame:1619470459.660000000,objid:0,type:0,xpos:0.000000,ypos:0.000000,xspeed:-17.280000,yspeed:-8.440000,angle:-6.280000,distense:113.400000,rcs:6.000000
timestame:1619470459.660000000,objid:2,type:0,xpos:0.000000,ypos:0.000000,xspeed:5.820000,yspeed:-0.070000,angle:3.370000,distense:173.000000,rcs:15.000000
