timestame:1619470511.172000000,objid:1,type:0,xpos:0.000000,ypos:0.000000,xspeed:-4.930000,yspeed:0.620000,angle:6.420000,distense:43.200000,rcs:39.000000
timestame:1619470511.172000000,objid:8,type:0,xpos:0.000000,ypos:0.000000,xspeed:-4.670000,yspeed:-2.850000,angle:5.640000,distense:70.800000,rcs:24.000000
timestame:1619470511.172000000,objid:10,type:0,xpos:0.000000,ypos:0.000000,xspeed:3.140000,yspeed:-0.070000,angle:0.260000,distense:14.800000,rcs:24.000000
timestame:1619470511.172000000,objid:11,type:0,xpos:0.000000,ypos:0.000000,xspeed:-1.110000,yspeed:6.710000,angle:-12.620000,distense:40.600000,rcs:6.000000
