timestame:1619469553.525000000,objid:2,type:0,xpos:0.000000,ypos:0.000000,xspeed:-3.060000,yspeed:1.830000,angle:-18.000000,distense:46.200000,rcs:19.000000
timestame:1619469553.525000000,objid:3,type:0,xpos:0.000000,ypos:0.000000,xspeed:-2.280000,yspeed:0.210000,angle:-18.000000,distense:51.200000,rcs:13.000000
