timestame:1619470951.831000000,objid:0,type:0,xpos:0.000000,ypos:0.000000,xspeed:5.610000,yspeed:-0.280000,angle:0.850000,distense:31.200000,rcs:40.000000
timestame:1619470951.831000000,objid:7,type:0,xpos:0.000000,ypos:0.000000,xspeed:4.260000,yspeed:-6.320000,angle:-6.040000,distense:42.400000,rcs:12.000000
timestame:1619470951.831000000,objid:10,type:0,xpos:0.000000,ypos:0.000000,xspeed:3.410000,yspeed:0.260000,angle:4.100000,distense:16.400000,rcs:29.000000
