timestame:1619470765.983000000,objid:4,type:0,xpos:0.000000,ypos:0.000000,xspeed:-2.430000,yspeed:-1.250000,angle:-18.000000,distense:30.000000,rcs:9.000000
timestame:1619470765.983000000,objid:5,type:0,xpos:0.000000,ypos:0.000000,xspeed:-1.980000,yspeed:-2.050000,angle:-18.000000,distense:34.000000,rcs:6.000000
timestame:1619470765.983000000,objid:9,type:0,xpos:0.000000,ypos:0.000000,xspeed:6.090000,yspeed:0.290000,angle:2.630000,distense:43.200000,rcs:29.000000
