timestame:1619470192.395000000,objid:0,type:0,xpos:0.000000,ypos:0.000000,xspeed:-4.280000,yspeed:6.910000,angle:12.660000,distense:42.800000,rcs:24.000000
timestame:1619470192.395000000,objid:1,type:0,xpos:0.000000,ypos:0.000000,xspeed:2.170000,yspeed:1.570000,angle:5.980000,distense:138.000000,rcs:38.000000
timestame:1619470192.395000000,objid:2,type:0,xpos:0.000000,ypos:0.000000,xspeed:-5.050000,yspeed:5.440000,angle:15.200000,distense:41.000000,rcs:26.000000
