timestame:1619471064.172000000,objid:0,type:0,xpos:0.000000,ypos:0.000000,xspeed:-6.870000,yspeed:0.520000,angle:-4.870000,distense:116.200000,rcs:9.000000
timestame:1619471064.172000000,objid:3,type:0,xpos:0.000000,ypos:0.000000,xspeed:-6.880000,yspeed:-2.850000,angle:-4.320000,distense:165.600000,rcs:9.000000
timestame:1619471064.172000000,objid:9,type:0,xpos:0.000000,ypos:0.000000,xspeed:-1.660000,yspeed:-0.020000,angle:-9.960000,distense:73.600000,rcs:12.000000
