timestame:1619470793.056000000,objid:4,type:0,xpos:0.000000,ypos:0.000000,xspeed:1.430000,yspeed:-9.660000,angle:1.290000,distense:50.200000,rcs:29.000000
timestame:1619470793.056000000,objid:6,type:0,xpos:0.000000,ypos:0.000000,xspeed:4.070000,yspeed:-0.460000,angle:11.930000,distense:55.200000,rcs:9.000000
timestame:1619470793.056000000,objid:7,type:0,xpos:0.000000,ypos:0.000000,xspeed:2.510000,yspeed:0.780000,angle:12.820000,distense:51.600000,rcs:9.000000
