timestame:1619469485.435000000,objid:1,type:0,xpos:0.000000,ypos:0.000000,xspeed:-3.140000,yspeed:-1.680000,angle:-13.490000,distense:71.000000,rcs:22.000000
timestame:1619469485.435000000,objid:3,type:0,xpos:0.000000,ypos:0.000000,xspeed:1.820000,yspeed:0.180000,angle:11.560000,distense:18.400000,rcs:35.000000
timestame:1619469485.435000000,objid:7,type:0,xpos:0.000000,ypos:0.000000,xspeed:-2.400000,yspeed:-0.060000,angle:-10.950000,distense:85.000000,rcs:20.000000
timestame:1619469485.435000000,objid:11,type:0,xpos:0.000000,ypos:0.000000,xspeed:-1.160000,yspeed:-0.210000,angle:-9.020000,distense:80.600000,rcs:6.000000
