timestame:1619470611.601000000,objid:0,type:0,xpos:0.000000,ypos:0.000000,xspeed:-30.290000,yspeed:1.940000,angle:-3.440000,distense:188.800000,rcs:9.000000
timestame:1619470611.601000000,objid:2,type:0,xpos:0.000000,ypos:0.000000,xspeed:-1.460000,yspeed:8.540000,angle:-18.000000,distense:49.000000,rcs:13.000000
timestame:1619470611.601000000,objid:3,type:0,xpos:0.000000,ypos:0.000000,xspeed:1.590000,yspeed:4.110000,angle:-10.830000,distense:35.000000,rcs:18.000000
timestame:1619470611.601000000,objid:4,type:0,xpos:0.000000,ypos:0.000000,xspeed:4.650000,yspeed:1.550000,angle:-17.440000,distense:33.800000,rcs:12.000000
