timestame:1619470777.899000000,objid:1,type:0,xpos:0.000000,ypos:0.000000,xspeed:-7.210000,yspeed:-0.580000,angle:-10.400000,distense:92.400000,rcs:25.000000
timestame:1619470777.899000000,objid:2,type:0,xpos:0.000000,ypos:0.000000,xspeed:24.150000,yspeed:2.120000,angle:-14.110000,distense:62.400000,rcs:9.000000
timestame:1619470777.899000000,objid:3,type:0,xpos:0.000000,ypos:0.000000,xspeed:1.500000,yspeed:-1.720000,angle:-12.830000,distense:49.000000,rcs:9.000000
