timestame:1619470112.305000000,objid:2,type:0,xpos:0.000000,ypos:0.000000,xspeed:6.740000,yspeed:1.750000,angle:17.870000,distense:31.400000,rcs:6.000000
timestame:1619470112.305000000,objid:3,type:0,xpos:0.000000,ypos:0.000000,xspeed:24.860000,yspeed:1.290000,angle:22.730000,distense:26.000000,rcs:13.000000
timestame:1619470112.305000000,objid:7,type:0,xpos:0.000000,ypos:0.000000,xspeed:6.500000,yspeed:1.030000,angle:21.990000,distense:29.200000,rcs:34.000000
