timestame:1619470041.618000000,objid:1,type:0,xpos:0.000000,ypos:0.000000,xspeed:12.370000,yspeed:0.040000,angle:1.220000,distense:153.600000,rcs:9.000000
timestame:1619470041.618000000,objid:3,type:0,xpos:0.000000,ypos:0.000000,xspeed:13.490000,yspeed:0.150000,angle:1.600000,distense:127.600000,rcs:20.000000
timestame:1619470041.618000000,objid:4,type:0,xpos:0.000000,ypos:0.000000,xspeed:12.360000,yspeed:-1.650000,angle:4.330000,distense:54.000000,rcs:22.000000
timestame:1619470041.618000000,objid:5,type:0,xpos:0.000000,ypos:0.000000,xspeed:4.260000,yspeed:0.150000,angle:6.600000,distense:40.200000,rcs:32.000000
