timestame:1619470497.994000000,objid:2,type:0,xpos:0.000000,ypos:0.000000,xspeed:-1.230000,yspeed:-2.920000,angle:-18.000000,distense:40.600000,rcs:30.000000
timestame:1619470497.994000000,objid:6,type:0,xpos:0.000000,ypos:0.000000,xspeed:-1.250000,yspeed:3.550000,angle:-5.700000,distense:47.600000,rcs:6.000000
timestame:1619470497.994000000,objid:7,type:0,xpos:0.000000,ypos:0.000000,xspeed:-1.940000,yspeed:-1.710000,angle:-15.130000,distense:46.600000,rcs:9.000000
