timestame:1619470485.789000000,objid:1,type:0,xpos:0.000000,ypos:0.000000,xspeed:-2.850000,yspeed:-0.250000,angle:-9.160000,distense:79.600000,rcs:20.000000
timestame:1619470485.789000000,objid:2,type:0,xpos:0.000000,ypos:0.000000,xspeed:1.840000,yspeed:-7.280000,angle:-0.500000,distense:64.200000,rcs:22.000000
timestame:1619470485.789000000,objid:4,type:0,xpos:0.000000,ypos:0.000000,xspeed:-1.400000,yspeed:-5.030000,angle:-15.110000,distense:39.400000,rcs:33.000000
timestame:1619470485.789000000,objid:6,type:0,xpos:0.000000,ypos:0.000000,xspeed:-1.750000,yspeed:0.000000,angle:-8.940000,distense:39.800000,rcs:24.000000
