timestame:1619469924.576000000,objid:1,type:0,xpos:0.000000,ypos:0.000000,xspeed:6.250000,yspeed:0.240000,angle:1.520000,distense:157.800000,rcs:16.000000
timestame:1619469924.576000000,objid:8,type:0,xpos:0.000000,ypos:0.000000,xspeed:6.300000,yspeed:0.050000,angle:1.310000,distense:151.000000,rcs:22.000000
