timestame:1619469921.040000000,objid:1,type:0,xpos:0.000000,ypos:0.000000,xspeed:5.830000,yspeed:0.060000,angle:1.280000,distense:135.800000,rcs:9.000000
timestame:1619469921.040000000,objid:8,type:0,xpos:0.000000,ypos:0.000000,xspeed:5.820000,yspeed:0.090000,angle:1.480000,distense:129.000000,rcs:25.000000
