timestame:1619471559.380000000,objid:3,type:0,xpos:0.000000,ypos:0.000000,xspeed:-1.350000,yspeed:-1.710000,angle:-1.800000,distense:38.000000,rcs:32.000000
timestame:1619471559.380000000,objid:6,type:0,xpos:0.000000,ypos:0.000000,xspeed:12.990000,yspeed:-8.990000,angle:-18.000000,distense:38.400000,rcs:18.000000
timestame:1619471559.380000000,objid:7,type:0,xpos:0.000000,ypos:0.000000,xspeed:-2.780000,yspeed:-1.680000,angle:-18.000000,distense:31.200000,rcs:9.000000
timestame:1619471559.380000000,objid:12,type:0,xpos:0.000000,ypos:0.000000,xspeed:2.510000,yspeed:2.340000,angle:-13.140000,distense:37.800000,rcs:16.000000
