timestame:1619470594.973000000,objid:1,type:0,xpos:0.000000,ypos:0.000000,xspeed:12.330000,yspeed:8.360000,angle:-15.070000,distense:26.400000,rcs:15.000000
timestame:1619470594.973000000,objid:5,type:0,xpos:0.000000,ypos:0.000000,xspeed:7.110000,yspeed:2.740000,angle:-17.220000,distense:37.400000,rcs:37.000000
timestame:1619470594.973000000,objid:6,type:0,xpos:0.000000,ypos:0.000000,xspeed:5.740000,yspeed:2.880000,angle:21.850000,distense:35.400000,rcs:26.000000
