timestame:1619470769.762000000,objid:0,type:0,xpos:0.000000,ypos:0.000000,xspeed:-11.520000,yspeed:-0.530000,angle:-5.500000,distense:156.600000,rcs:16.000000
timestame:1619470769.762000000,objid:1,type:0,xpos:0.000000,ypos:0.000000,xspeed:11.560000,yspeed:0.300000,angle:2.150000,distense:84.000000,rcs:26.000000
timestame:1619470769.762000000,objid:2,type:0,xpos:0.000000,ypos:0.000000,xspeed:-8.850000,yspeed:-5.970000,angle:-6.660000,distense:155.000000,rcs:16.000000
