timestame:1619470148.130000000,objid:0,type:0,xpos:0.000000,ypos:0.000000,xspeed:1.680000,yspeed:2.650000,angle:-11.280000,distense:41.400000,rcs:6.000000
timestame:1619470148.130000000,objid:1,type:0,xpos:0.000000,ypos:0.000000,xspeed:2.460000,yspeed:0.930000,angle:22.530000,distense:27.400000,rcs:16.000000
timestame:1619470148.130000000,objid:3,type:0,xpos:0.000000,ypos:0.000000,xspeed:-1.660000,yspeed:-0.040000,angle:-10.450000,distense:72.000000,rcs:15.000000
timestame:1619470148.130000000,objid:4,type:0,xpos:0.000000,ypos:0.000000,xspeed:3.740000,yspeed:2.870000,angle:-17.630000,distense:36.200000,rcs:12.000000
