timestame:1619470440.407000000,objid:1,type:0,xpos:0.000000,ypos:0.000000,xspeed:14.940000,yspeed:0.610000,angle:2.420000,distense:64.400000,rcs:19.000000
timestame:1619470440.407000000,objid:2,type:0,xpos:0.000000,ypos:0.000000,xspeed:3.770000,yspeed:-0.040000,angle:9.880000,distense:76.400000,rcs:19.000000
