timestame:1619471406.767000000,objid:3,type:0,xpos:0.000000,ypos:0.000000,xspeed:1.160000,yspeed:0.000000,angle:9.240000,distense:46.200000,rcs:18.000000
timestame:1619471406.767000000,objid:5,type:0,xpos:0.000000,ypos:0.000000,xspeed:-15.260000,yspeed:-4.110000,angle:6.960000,distense:148.600000,rcs:9.000000
timestame:1619471406.767000000,objid:6,type:0,xpos:0.000000,ypos:0.000000,xspeed:-1.470000,yspeed:8.170000,angle:8.960000,distense:40.400000,rcs:13.000000
timestame:1619471406.767000000,objid:7,type:0,xpos:0.000000,ypos:0.000000,xspeed:-1.490000,yspeed:-0.780000,angle:-2.320000,distense:42.800000,rcs:28.000000
