timestame:1619471433.980000000,objid:2,type:0,xpos:0.000000,ypos:0.000000,xspeed:2.020000,yspeed:-3.460000,angle:0.400000,distense:45.400000,rcs:6.000000
timestame:1619471433.980000000,objid:5,type:0,xpos:0.000000,ypos:0.000000,xspeed:-1.420000,yspeed:-6.380000,angle:-9.130000,distense:39.000000,rcs:33.000000
timestame:1619471433.980000000,objid:14,type:0,xpos:0.000000,ypos:0.000000,xspeed:-2.050000,yspeed:12.070000,angle:2.830000,distense:48.000000,rcs:9.000000
timestame:1619471433.980000000,objid:16,type:0,xpos:0.000000,ypos:0.000000,xspeed:-1.980000,yspeed:0.150000,angle:-7.280000,distense:88.200000,rcs:21.000000
