timestame:1619470744.050000000,objid:0,type:0,xpos:0.000000,ypos:0.000000,xspeed:-7.410000,yspeed:1.590000,angle:-7.840000,distense:86.400000,rcs:20.000000
timestame:1619470744.050000000,objid:5,type:0,xpos:0.000000,ypos:0.000000,xspeed:-1.210000,yspeed:8.560000,angle:-11.730000,distense:40.200000,rcs:6.000000
timestame:1619470744.050000000,objid:6,type:0,xpos:0.000000,ypos:0.000000,xspeed:12.430000,yspeed:0.200000,angle:1.140000,distense:187.600000,rcs:30.000000
timestame:1619470744.050000000,objid:8,type:0,xpos:0.000000,ypos:0.000000,xspeed:-7.480000,yspeed:-0.230000,angle:-8.390000,distense:83.800000,rcs:15.000000
