timestame:1619470112.675000000,objid:2,type:0,xpos:0.000000,ypos:0.000000,xspeed:6.470000,yspeed:2.110000,angle:18.340000,distense:33.600000,rcs:21.000000
timestame:1619470112.675000000,objid:3,type:0,xpos:0.000000,ypos:0.000000,xspeed:24.770000,yspeed:7.020000,angle:21.190000,distense:35.200000,rcs:31.000000
timestame:1619470112.675000000,objid:7,type:0,xpos:0.000000,ypos:0.000000,xspeed:6.710000,yspeed:1.360000,angle:21.540000,distense:32.000000,rcs:35.000000
