timestame:1619470920.060000000,objid:2,type:0,xpos:0.000000,ypos:0.000000,xspeed:1.160000,yspeed:-0.450000,angle:12.420000,distense:12.600000,rcs:30.000000
timestame:1619470920.060000000,objid:3,type:0,xpos:0.000000,ypos:0.000000,xspeed:-14.040000,yspeed:1.400000,angle:-3.830000,distense:174.000000,rcs:6.000000
