timestame:1619470057.742000000,objid:0,type:0,xpos:0.000000,ypos:0.000000,xspeed:-12.500000,yspeed:1.120000,angle:-3.910000,distense:108.000000,rcs:15.000000
timestame:1619470057.742000000,objid:5,type:0,xpos:0.000000,ypos:0.000000,xspeed:9.370000,yspeed:0.210000,angle:2.680000,distense:163.800000,rcs:24.000000
