timestame:1619469912.865000000,objid:0,type:0,xpos:0.000000,ypos:0.000000,xspeed:-5.870000,yspeed:1.480000,angle:-18.000000,distense:39.600000,rcs:16.000000
timestame:1619469912.865000000,objid:1,type:0,xpos:0.000000,ypos:0.000000,xspeed:4.680000,yspeed:0.070000,angle:1.780000,distense:88.800000,rcs:12.000000
timestame:1619469912.865000000,objid:2,type:0,xpos:0.000000,ypos:0.000000,xspeed:11.640000,yspeed:0.240000,angle:2.700000,distense:164.400000,rcs:16.000000
timestame:1619469912.865000000,objid:8,type:0,xpos:0.000000,ypos:0.000000,xspeed:4.660000,yspeed:0.070000,angle:2.150000,distense:82.000000,rcs:22.000000
