timestame:1619469697.213000000,objid:1,type:0,xpos:0.000000,ypos:0.000000,xspeed:-2.470000,yspeed:11.570000,angle:-17.600000,distense:46.000000,rcs:33.000000
timestame:1619469697.213000000,objid:2,type:0,xpos:0.000000,ypos:0.000000,xspeed:-1.370000,yspeed:-2.410000,angle:-15.060000,distense:44.200000,rcs:25.000000
timestame:1619469697.213000000,objid:3,type:0,xpos:0.000000,ypos:0.000000,xspeed:-1.090000,yspeed:-2.370000,angle:-2.150000,distense:45.000000,rcs:9.000000
timestame:1619469697.213000000,objid:10,type:0,xpos:0.000000,ypos:0.000000,xspeed:-2.390000,yspeed:7.710000,angle:-10.720000,distense:43.000000,rcs:6.000000
