timestame:1619469566.344000000,objid:5,type:0,xpos:0.000000,ypos:0.000000,xspeed:-1.300000,yspeed:-2.850000,angle:-11.980000,distense:49.600000,rcs:6.000000
timestame:1619469566.344000000,objid:6,type:0,xpos:0.000000,ypos:0.000000,xspeed:-10.810000,yspeed:-2.640000,angle:-4.260000,distense:199.600000,rcs:15.000000
timestame:1619469566.344000000,objid:11,type:0,xpos:0.000000,ypos:0.000000,xspeed:1.430000,yspeed:-1.000000,angle:-1.690000,distense:37.800000,rcs:26.000000
timestame:1619469566.344000000,objid:15,type:0,xpos:0.000000,ypos:0.000000,xspeed:-4.050000,yspeed:8.870000,angle:21.330000,distense:55.800000,rcs:6.000000
