timestame:1619469917.692000000,objid:1,type:0,xpos:0.000000,ypos:0.000000,xspeed:5.610000,yspeed:0.110000,angle:1.540000,distense:116.000000,rcs:13.000000
timestame:1619469917.692000000,objid:8,type:0,xpos:0.000000,ypos:0.000000,xspeed:5.750000,yspeed:0.050000,angle:1.540000,distense:109.400000,rcs:18.000000
