timestame:1619471040.553000000,objid:2,type:0,xpos:0.000000,ypos:0.000000,xspeed:-1.860000,yspeed:-1.280000,angle:-18.000000,distense:37.200000,rcs:18.000000
timestame:1619471040.553000000,objid:6,type:0,xpos:0.000000,ypos:0.000000,xspeed:-4.090000,yspeed:-5.510000,angle:-18.000000,distense:38.600000,rcs:26.000000
