timestame:1619470473.364000000,objid:1,type:0,xpos:0.000000,ypos:0.000000,xspeed:-11.220000,yspeed:-0.390000,angle:-4.130000,distense:155.200000,rcs:18.000000
timestame:1619470473.364000000,objid:2,type:0,xpos:0.000000,ypos:0.000000,xspeed:2.830000,yspeed:-3.170000,angle:13.950000,distense:71.200000,rcs:6.000000
