timestame:1619471449.875000000,objid:3,type:0,xpos:0.000000,ypos:0.000000,xspeed:-2.960000,yspeed:-0.020000,angle:-6.030000,distense:104.600000,rcs:16.000000
timestame:1619471449.875000000,objid:11,type:0,xpos:0.000000,ypos:0.000000,xspeed:-2.470000,yspeed:-0.190000,angle:-8.240000,distense:95.800000,rcs:15.000000
timestame:1619471449.875000000,objid:13,type:0,xpos:0.000000,ypos:0.000000,xspeed:-3.520000,yspeed:0.080000,angle:18.720000,distense:42.600000,rcs:15.000000
