timestame:1619470974.437000000,objid:0,type:0,xpos:0.000000,ypos:0.000000,xspeed:6.390000,yspeed:0.090000,angle:3.670000,distense:109.400000,rcs:24.000000
timestame:1619470974.437000000,objid:2,type:0,xpos:0.000000,ypos:0.000000,xspeed:1.200000,yspeed:3.810000,angle:-1.940000,distense:47.200000,rcs:6.000000
timestame:1619470974.437000000,objid:3,type:0,xpos:0.000000,ypos:0.000000,xspeed:7.160000,yspeed:-0.490000,angle:2.210000,distense:119.200000,rcs:13.000000
timestame:1619470974.437000000,objid:9,type:0,xpos:0.000000,ypos:0.000000,xspeed:2.280000,yspeed:3.270000,angle:-9.480000,distense:41.200000,rcs:13.000000
