timestame:1619469579.245000000,objid:1,type:0,xpos:0.000000,ypos:0.000000,xspeed:-6.460000,yspeed:-0.620000,angle:-7.910000,distense:111.200000,rcs:12.000000
timestame:1619469579.245000000,objid:3,type:0,xpos:0.000000,ypos:0.000000,xspeed:-6.240000,yspeed:-0.110000,angle:-8.890000,distense:101.600000,rcs:19.000000
timestame:1619469579.245000000,objid:5,type:0,xpos:0.000000,ypos:0.000000,xspeed:-6.300000,yspeed:-0.340000,angle:-9.500000,distense:98.200000,rcs:16.000000
