timestame:1619470700.143000000,objid:1,type:0,xpos:0.000000,ypos:0.000000,xspeed:8.810000,yspeed:0.220000,angle:4.160000,distense:97.200000,rcs:12.000000
timestame:1619470700.143000000,objid:2,type:0,xpos:0.000000,ypos:0.000000,xspeed:-8.520000,yspeed:2.810000,angle:-9.810000,distense:104.400000,rcs:16.000000
