timestame:1619470111.564000000,objid:2,type:0,xpos:0.000000,ypos:0.000000,xspeed:6.810000,yspeed:0.420000,angle:17.720000,distense:26.400000,rcs:20.000000
timestame:1619470111.564000000,objid:5,type:0,xpos:0.000000,ypos:0.000000,xspeed:3.310000,yspeed:3.680000,angle:-8.230000,distense:44.400000,rcs:6.000000
timestame:1619470111.564000000,objid:6,type:0,xpos:0.000000,ypos:0.000000,xspeed:-7.150000,yspeed:-0.950000,angle:19.880000,distense:18.800000,rcs:6.000000
timestame:1619470111.564000000,objid:7,type:0,xpos:0.000000,ypos:0.000000,xspeed:6.590000,yspeed:0.280000,angle:-17.390000,distense:24.600000,rcs:34.000000
