timestame:1619469694.482000000,objid:1,type:0,xpos:0.000000,ypos:0.000000,xspeed:-1.550000,yspeed:6.690000,angle:1.690000,distense:41.600000,rcs:28.000000
timestame:1619469694.482000000,objid:3,type:0,xpos:0.000000,ypos:0.000000,xspeed:1.720000,yspeed:3.040000,angle:5.000000,distense:47.400000,rcs:19.000000
timestame:1619469694.482000000,objid:6,type:0,xpos:0.000000,ypos:0.000000,xspeed:1.780000,yspeed:-4.500000,angle:14.350000,distense:47.400000,rcs:20.000000
timestame:1619469694.482000000,objid:8,type:0,xpos:0.000000,ypos:0.000000,xspeed:2.100000,yspeed:-7.730000,angle:-18.000000,distense:73.600000,rcs:9.000000
