timestame:1619470990.165000000,objid:3,type:0,xpos:0.000000,ypos:0.000000,xspeed:5.240000,yspeed:-0.220000,angle:7.210000,distense:102.600000,rcs:6.000000
timestame:1619470990.165000000,objid:4,type:0,xpos:0.000000,ypos:0.000000,xspeed:-13.510000,yspeed:-0.540000,angle:-15.030000,distense:53.800000,rcs:21.000000
