timestame:1619469705.512000000,objid:1,type:0,xpos:0.000000,ypos:0.000000,xspeed:-1.360000,yspeed:-3.250000,angle:-18.000000,distense:41.800000,rcs:6.000000
timestame:1619469705.512000000,objid:5,type:0,xpos:0.000000,ypos:0.000000,xspeed:-3.860000,yspeed:1.770000,angle:-14.010000,distense:56.600000,rcs:9.000000
timestame:1619469705.512000000,objid:6,type:0,xpos:0.000000,ypos:0.000000,xspeed:-1.440000,yspeed:-0.780000,angle:-18.000000,distense:37.200000,rcs:6.000000
timestame:1619469705.512000000,objid:14,type:0,xpos:0.000000,ypos:0.000000,xspeed:-2.780000,yspeed:-2.660000,angle:-18.000000,distense:38.200000,rcs:20.000000
