timestame:1619469485.996000000,objid:1,type:0,xpos:0.000000,ypos:0.000000,xspeed:-3.130000,yspeed:-0.920000,angle:-13.970000,distense:69.400000,rcs:20.000000
timestame:1619469485.996000000,objid:3,type:0,xpos:0.000000,ypos:0.000000,xspeed:1.660000,yspeed:0.100000,angle:11.040000,distense:19.200000,rcs:33.000000
timestame:1619469485.996000000,objid:7,type:0,xpos:0.000000,ypos:0.000000,xspeed:-2.640000,yspeed:-0.050000,angle:-11.210000,distense:83.400000,rcs:19.000000
