timestame:1619469910.135000000,objid:1,type:0,xpos:0.000000,ypos:0.000000,xspeed:4.090000,yspeed:-0.070000,angle:1.960000,distense:76.000000,rcs:26.000000
timestame:1619469910.135000000,objid:2,type:0,xpos:0.000000,ypos:0.000000,xspeed:9.820000,yspeed:0.050000,angle:3.030000,distense:132.000000,rcs:20.000000
timestame:1619469910.135000000,objid:8,type:0,xpos:0.000000,ypos:0.000000,xspeed:4.130000,yspeed:0.220000,angle:2.520000,distense:69.400000,rcs:27.000000
timestame:1619469910.135000000,objid:10,type:0,xpos:0.000000,ypos:0.000000,xspeed:2.100000,yspeed:3.610000,angle:-4.060000,distense:44.000000,rcs:6.000000
