timestame:1619470070.406000000,objid:0,type:0,xpos:0.000000,ypos:0.000000,xspeed:3.590000,yspeed:6.350000,angle:-4.710000,distense:47.000000,rcs:6.000000
timestame:1619470070.406000000,objid:3,type:0,xpos:0.000000,ypos:0.000000,xspeed:-1.740000,yspeed:2.650000,angle:9.060000,distense:50.000000,rcs:35.000000
timestame:1619470070.406000000,objid:4,type:0,xpos:0.000000,ypos:0.000000,xspeed:-1.870000,yspeed:2.790000,angle:12.790000,distense:44.800000,rcs:15.000000
timestame:1619470070.406000000,objid:8,type:0,xpos:0.000000,ypos:0.000000,xspeed:3.110000,yspeed:1.830000,angle:-16.040000,distense:32.600000,rcs:25.000000
