timestame:1619470756.475000000,objid:2,type:0,xpos:0.000000,ypos:0.000000,xspeed:-1.530000,yspeed:-0.820000,angle:-18.000000,distense:32.800000,rcs:16.000000
timestame:1619470756.475000000,objid:4,type:0,xpos:0.000000,ypos:0.000000,xspeed:-2.990000,yspeed:-0.220000,angle:-18.000000,distense:24.200000,rcs:9.000000
timestame:1619470756.475000000,objid:10,type:0,xpos:0.000000,ypos:0.000000,xspeed:-3.300000,yspeed:-0.710000,angle:-18.000000,distense:28.200000,rcs:16.000000
timestame:1619470756.475000000,objid:11,type:0,xpos:0.000000,ypos:0.000000,xspeed:-2.980000,yspeed:-0.140000,angle:-18.000000,distense:26.200000,rcs:12.000000
