timestame:1619469708.045000000,objid:3,type:0,xpos:0.000000,ypos:0.000000,xspeed:14.120000,yspeed:-3.110000,angle:9.690000,distense:71.800000,rcs:15.000000
timestame:1619469708.045000000,objid:5,type:0,xpos:0.000000,ypos:0.000000,xspeed:-1.390000,yspeed:-4.250000,angle:-18.000000,distense:37.000000,rcs:20.000000
timestame:1619469708.045000000,objid:6,type:0,xpos:0.000000,ypos:0.000000,xspeed:-3.610000,yspeed:-1.400000,angle:-18.000000,distense:31.400000,rcs:9.000000
