timestame:1619470707.963000000,objid:1,type:0,xpos:0.000000,ypos:0.000000,xspeed:12.340000,yspeed:0.150000,angle:2.170000,distense:188.800000,rcs:13.000000
timestame:1619470707.963000000,objid:2,type:0,xpos:0.000000,ypos:0.000000,xspeed:3.140000,yspeed:1.550000,angle:-13.860000,distense:18.600000,rcs:18.000000
timestame:1619470707.963000000,objid:3,type:0,xpos:0.000000,ypos:0.000000,xspeed:23.300000,yspeed:0.000000,angle:19.990000,distense:23.800000,rcs:26.000000
