timestame:1619470445.562000000,objid:1,type:0,xpos:0.000000,ypos:0.000000,xspeed:17.590000,yspeed:0.280000,angle:1.550000,distense:153.600000,rcs:6.000000
timestame:1619470445.562000000,objid:2,type:0,xpos:0.000000,ypos:0.000000,xspeed:4.450000,yspeed:-0.130000,angle:7.380000,distense:98.000000,rcs:19.000000
