timestame:1619470085.441000000,objid:5,type:0,xpos:0.000000,ypos:0.000000,xspeed:2.180000,yspeed:-0.110000,angle:-7.570000,distense:55.800000,rcs:22.000000
timestame:1619470085.441000000,objid:10,type:0,xpos:0.000000,ypos:0.000000,xspeed:1.500000,yspeed:-3.590000,angle:-3.870000,distense:55.000000,rcs:20.000000
timestame:1619470085.441000000,objid:14,type:0,xpos:0.000000,ypos:0.000000,xspeed:-3.250000,yspeed:1.010000,angle:-16.950000,distense:53.200000,rcs:6.000000
