timestame:1619471498.297000000,objid:0,type:0,xpos:0.000000,ypos:0.000000,xspeed:7.490000,yspeed:0.150000,angle:1.970000,distense:83.600000,rcs:26.000000
timestame:1619471498.297000000,objid:3,type:0,xpos:0.000000,ypos:0.000000,xspeed:7.280000,yspeed:-0.030000,angle:3.510000,distense:112.800000,rcs:15.000000
timestame:1619471498.297000000,objid:5,type:0,xpos:0.000000,ypos:0.000000,xspeed:6.430000,yspeed:-0.060000,angle:1.460000,distense:89.600000,rcs:16.000000
timestame:1619471498.297000000,objid:10,type:0,xpos:0.000000,ypos:0.000000,xspeed:6.850000,yspeed:0.490000,angle:5.970000,distense:73.000000,rcs:25.000000
