timestame:1619469889.467000000,objid:2,type:0,xpos:0.000000,ypos:0.000000,xspeed:-3.570000,yspeed:-0.220000,angle:-13.130000,distense:59.000000,rcs:24.000000
timestame:1619469889.467000000,objid:5,type:0,xpos:0.000000,ypos:0.000000,xspeed:-2.760000,yspeed:-0.210000,angle:-17.060000,distense:59.600000,rcs:19.000000
timestame:1619469889.467000000,objid:16,type:0,xpos:0.000000,ypos:0.000000,xspeed:-3.500000,yspeed:-0.210000,angle:-10.770000,distense:69.600000,rcs:26.000000
