timestame:1619470495.510000000,objid:2,type:0,xpos:0.000000,ypos:0.000000,xspeed:-3.370000,yspeed:-10.660000,angle:-2.490000,distense:41.800000,rcs:42.000000
timestame:1619470495.510000000,objid:3,type:0,xpos:0.000000,ypos:0.000000,xspeed:1.020000,yspeed:-2.580000,angle:1.090000,distense:46.800000,rcs:16.000000
timestame:1619470495.510000000,objid:5,type:0,xpos:0.000000,ypos:0.000000,xspeed:16.890000,yspeed:0.000000,angle:-9.790000,distense:50.000000,rcs:12.000000
