timestame:1619470571.861000000,objid:1,type:0,xpos:0.000000,ypos:0.000000,xspeed:2.790000,yspeed:3.560000,angle:-7.510000,distense:46.800000,rcs:9.000000
timestame:1619470571.861000000,objid:3,type:0,xpos:0.000000,ypos:0.000000,xspeed:15.310000,yspeed:0.250000,angle:1.090000,distense:225.400000,rcs:16.000000
