timestame:1619471166.470000000,objid:0,type:0,xpos:0.000000,ypos:0.000000,xspeed:-10.920000,yspeed:-0.080000,angle:-4.080000,distense:141.400000,rcs:9.000000
timestame:1619471166.470000000,objid:2,type:0,xpos:0.000000,ypos:0.000000,xspeed:-9.650000,yspeed:-0.240000,angle:-3.680000,distense:146.600000,rcs:12.000000
