timestame:1619471068.703000000,objid:0,type:0,xpos:0.000000,ypos:0.000000,xspeed:-5.690000,yspeed:-0.270000,angle:-7.620000,distense:90.800000,rcs:13.000000
timestame:1619471068.703000000,objid:3,type:0,xpos:0.000000,ypos:0.000000,xspeed:-6.780000,yspeed:-0.230000,angle:-5.060000,distense:133.800000,rcs:15.000000
timestame:1619471068.703000000,objid:5,type:0,xpos:0.000000,ypos:0.000000,xspeed:-11.130000,yspeed:-0.370000,angle:-6.980000,distense:123.600000,rcs:18.000000
timestame:1619471068.703000000,objid:9,type:0,xpos:0.000000,ypos:0.000000,xspeed:-2.870000,yspeed:-0.230000,angle:-12.850000,distense:62.200000,rcs:19.000000
