timestame:1619470939.614000000,objid:1,type:0,xpos:0.000000,ypos:0.000000,xspeed:-2.220000,yspeed:1.110000,angle:-12.780000,distense:70.400000,rcs:18.000000
timestame:1619470939.614000000,objid:10,type:0,xpos:0.000000,ypos:0.000000,xspeed:-3.510000,yspeed:0.170000,angle:-10.320000,distense:71.200000,rcs:15.000000
