timestame:1619469617.132000000,objid:1,type:0,xpos:0.000000,ypos:0.000000,xspeed:-1.160000,yspeed:0.310000,angle:-12.560000,distense:76.800000,rcs:21.000000
timestame:1619469617.132000000,objid:2,type:0,xpos:0.000000,ypos:0.000000,xspeed:14.110000,yspeed:-1.150000,angle:-9.920000,distense:90.400000,rcs:15.000000
