timestame:1619470215.502000000,objid:2,type:0,xpos:0.000000,ypos:0.000000,xspeed:-4.670000,yspeed:0.000000,angle:-12.140000,distense:43.600000,rcs:6.000000
timestame:1619470215.502000000,objid:7,type:0,xpos:0.000000,ypos:0.000000,xspeed:-2.630000,yspeed:7.250000,angle:-7.420000,distense:43.200000,rcs:16.000000
