timestame:1619469919.367000000,objid:1,type:0,xpos:0.000000,ypos:0.000000,xspeed:5.690000,yspeed:-0.080000,angle:1.270000,distense:125.800000,rcs:20.000000
timestame:1619469919.367000000,objid:8,type:0,xpos:0.000000,ypos:0.000000,xspeed:5.790000,yspeed:0.060000,angle:1.480000,distense:119.200000,rcs:21.000000
