timestame:1619471368.561000000,objid:1,type:0,xpos:0.000000,ypos:0.000000,xspeed:7.940000,yspeed:0.080000,angle:3.040000,distense:129.000000,rcs:24.000000
timestame:1619471368.561000000,objid:7,type:0,xpos:0.000000,ypos:0.000000,xspeed:11.530000,yspeed:0.250000,angle:1.550000,distense:171.000000,rcs:22.000000
