timestame:1619470708.899000000,objid:1,type:0,xpos:0.000000,ypos:0.000000,xspeed:12.760000,yspeed:0.230000,angle:2.150000,distense:201.000000,rcs:9.000000
timestame:1619470708.899000000,objid:2,type:0,xpos:0.000000,ypos:0.000000,xspeed:3.760000,yspeed:0.250000,angle:21.460000,distense:22.200000,rcs:30.000000
timestame:1619470708.899000000,objid:3,type:0,xpos:0.000000,ypos:0.000000,xspeed:20.610000,yspeed:10.550000,angle:-16.300000,distense:44.600000,rcs:6.000000
timestame:1619470708.899000000,objid:7,type:0,xpos:0.000000,ypos:0.000000,xspeed:9.770000,yspeed:5.890000,angle:-12.120000,distense:22.800000,rcs:9.000000
