timestame:1619469930.278000000,objid:0,type:0,xpos:0.000000,ypos:0.000000,xspeed:-1.900000,yspeed:-1.990000,angle:-18.000000,distense:41.800000,rcs:13.000000
timestame:1619469930.278000000,objid:1,type:0,xpos:0.000000,ypos:0.000000,xspeed:7.870000,yspeed:0.230000,angle:1.470000,distense:200.800000,rcs:9.000000
timestame:1619469930.278000000,objid:8,type:0,xpos:0.000000,ypos:0.000000,xspeed:7.810000,yspeed:0.120000,angle:1.170000,distense:194.000000,rcs:26.000000
