timestame:1619470561.086000000,objid:0,type:0,xpos:0.000000,ypos:0.000000,xspeed:5.220000,yspeed:-0.400000,angle:2.670000,distense:197.000000,rcs:6.000000
timestame:1619470561.086000000,objid:1,type:0,xpos:0.000000,ypos:0.000000,xspeed:5.460000,yspeed:-0.160000,angle:4.280000,distense:188.400000,rcs:6.000000
timestame:1619470561.086000000,objid:3,type:0,xpos:0.000000,ypos:0.000000,xspeed:8.870000,yspeed:0.240000,angle:1.900000,distense:72.400000,rcs:30.000000
