timestame:1619471025.052000000,objid:0,type:0,xpos:0.000000,ypos:0.000000,xspeed:-2.170000,yspeed:-3.240000,angle:-18.000000,distense:33.800000,rcs:9.000000
timestame:1619471025.052000000,objid:5,type:0,xpos:0.000000,ypos:0.000000,xspeed:-1.740000,yspeed:2.870000,angle:3.060000,distense:40.400000,rcs:23.000000
timestame:1619471025.052000000,objid:6,type:0,xpos:0.000000,ypos:0.000000,xspeed:-3.340000,yspeed:-4.030000,angle:-18.000000,distense:32.200000,rcs:9.000000
timestame:1619471025.052000000,objid:8,type:0,xpos:0.000000,ypos:0.000000,xspeed:-1.480000,yspeed:1.310000,angle:-3.620000,distense:40.800000,rcs:22.000000
