timestame:1619470124.223000000,objid:1,type:0,xpos:0.000000,ypos:0.000000,xspeed:3.440000,yspeed:3.690000,angle:-17.420000,distense:36.000000,rcs:12.000000
timestame:1619470124.223000000,objid:3,type:0,xpos:0.000000,ypos:0.000000,xspeed:-6.440000,yspeed:7.190000,angle:12.090000,distense:42.200000,rcs:13.000000
timestame:1619470124.223000000,objid:4,type:0,xpos:0.000000,ypos:0.000000,xspeed:3.880000,yspeed:1.070000,angle:22.700000,distense:28.600000,rcs:24.000000
timestame:1619470124.223000000,objid:6,type:0,xpos:0.000000,ypos:0.000000,xspeed:4.430000,yspeed:2.640000,angle:-16.440000,distense:34.800000,rcs:30.000000
