timestame:1619470278.666000000,objid:1,type:0,xpos:0.000000,ypos:0.000000,xspeed:-10.180000,yspeed:-0.060000,angle:-6.630000,distense:76.400000,rcs:13.000000
timestame:1619470278.666000000,objid:3,type:0,xpos:0.000000,ypos:0.000000,xspeed:-2.380000,yspeed:0.180000,angle:-8.900000,distense:75.800000,rcs:20.000000
timestame:1619470278.666000000,objid:11,type:0,xpos:0.000000,ypos:0.000000,xspeed:-2.870000,yspeed:-0.320000,angle:-11.020000,distense:69.000000,rcs:21.000000
