timestame:1619470220.278000000,objid:7,type:0,xpos:0.000000,ypos:0.000000,xspeed:-1.500000,yspeed:7.360000,angle:20.270000,distense:41.000000,rcs:15.000000
timestame:1619470220.278000000,objid:8,type:0,xpos:0.000000,ypos:0.000000,xspeed:20.390000,yspeed:0.000000,angle:18.820000,distense:52.400000,rcs:6.000000
