timestame:1619470113.477000000,objid:3,type:0,xpos:0.000000,ypos:0.000000,xspeed:22.920000,yspeed:7.470000,angle:19.890000,distense:55.200000,rcs:6.000000
timestame:1619470113.477000000,objid:7,type:0,xpos:0.000000,ypos:0.000000,xspeed:5.650000,yspeed:1.750000,angle:22.260000,distense:35.800000,rcs:45.000000
