timestame:1619471219.907000000,objid:6,type:0,xpos:0.000000,ypos:0.000000,xspeed:3.380000,yspeed:0.690000,angle:3.030000,distense:49.400000,rcs:20.000000
timestame:1619471219.907000000,objid:9,type:0,xpos:0.000000,ypos:0.000000,xspeed:3.660000,yspeed:0.130000,angle:2.500000,distense:31.000000,rcs:40.000000
timestame:1619471219.907000000,objid:10,type:0,xpos:0.000000,ypos:0.000000,xspeed:3.590000,yspeed:0.520000,angle:1.310000,distense:40.200000,rcs:19.000000
