timestame:1619470708.468000000,objid:1,type:0,xpos:0.000000,ypos:0.000000,xspeed:12.550000,yspeed:0.230000,angle:2.180000,distense:195.200000,rcs:15.000000
timestame:1619470708.468000000,objid:2,type:0,xpos:0.000000,ypos:0.000000,xspeed:3.580000,yspeed:1.020000,angle:-16.140000,distense:20.600000,rcs:22.000000
timestame:1619470708.468000000,objid:3,type:0,xpos:0.000000,ypos:0.000000,xspeed:19.110000,yspeed:13.600000,angle:-17.300000,distense:34.600000,rcs:18.000000
timestame:1619470708.468000000,objid:7,type:0,xpos:0.000000,ypos:0.000000,xspeed:10.210000,yspeed:7.030000,angle:-11.830000,distense:18.400000,rcs:26.000000
