timestame:1619469785.274000000,objid:2,type:0,xpos:0.000000,ypos:0.000000,xspeed:16.990000,yspeed:-0.070000,angle:0.880000,distense:181.200000,rcs:9.000000
timestame:1619469785.274000000,objid:4,type:0,xpos:0.000000,ypos:0.000000,xspeed:-17.420000,yspeed:-0.230000,angle:-7.570000,distense:113.000000,rcs:13.000000
timestame:1619469785.274000000,objid:10,type:0,xpos:0.000000,ypos:0.000000,xspeed:16.800000,yspeed:0.270000,angle:1.270000,distense:168.200000,rcs:28.000000
