timestame:1619470568.949000000,objid:1,type:0,xpos:0.000000,ypos:0.000000,xspeed:4.180000,yspeed:2.670000,angle:-14.490000,distense:34.800000,rcs:19.000000
timestame:1619470568.949000000,objid:3,type:0,xpos:0.000000,ypos:0.000000,xspeed:15.390000,yspeed:0.110000,angle:1.050000,distense:181.200000,rcs:27.000000
timestame:1619470568.949000000,objid:8,type:0,xpos:0.000000,ypos:0.000000,xspeed:3.130000,yspeed:4.130000,angle:-7.260000,distense:48.200000,rcs:13.000000
