timestame:1619469774.207000000,objid:1,type:0,xpos:0.000000,ypos:0.000000,xspeed:3.800000,yspeed:2.200000,angle:-14.860000,distense:34.000000,rcs:9.000000
timestame:1619469774.207000000,objid:3,type:0,xpos:0.000000,ypos:0.000000,xspeed:3.420000,yspeed:-1.460000,angle:20.170000,distense:17.000000,rcs:23.000000
timestame:1619469774.207000000,objid:7,type:0,xpos:0.000000,ypos:0.000000,xspeed:3.110000,yspeed:3.340000,angle:-10.170000,distense:43.600000,rcs:6.000000
