timestame:1619470593.117000000,objid:0,type:0,xpos:0.000000,ypos:0.000000,xspeed:-14.670000,yspeed:-0.590000,angle:-18.000000,distense:32.200000,rcs:9.000000
timestame:1619470593.117000000,objid:5,type:0,xpos:0.000000,ypos:0.000000,xspeed:8.760000,yspeed:1.920000,angle:-16.230000,distense:24.200000,rcs:24.000000
timestame:1619470593.117000000,objid:6,type:0,xpos:0.000000,ypos:0.000000,xspeed:5.810000,yspeed:1.750000,angle:20.190000,distense:23.600000,rcs:19.000000
