timestame:1619470224.857000000,objid:7,type:0,xpos:0.000000,ypos:0.000000,xspeed:1.340000,yspeed:1.350000,angle:-9.210000,distense:50.000000,rcs:12.000000
timestame:1619470224.857000000,objid:9,type:0,xpos:0.000000,ypos:0.000000,xspeed:-2.290000,yspeed:4.800000,angle:13.310000,distense:37.800000,rcs:6.000000
timestame:1619470224.857000000,objid:11,type:0,xpos:0.000000,ypos:0.000000,xspeed:-1.890000,yspeed:6.440000,angle:11.970000,distense:37.800000,rcs:6.000000
