timestame:1619470110.322000000,objid:3,type:0,xpos:0.000000,ypos:0.000000,xspeed:-3.050000,yspeed:0.570000,angle:17.770000,distense:25.600000,rcs:9.000000
timestame:1619470110.322000000,objid:5,type:0,xpos:0.000000,ypos:0.000000,xspeed:3.400000,yspeed:3.480000,angle:-11.160000,distense:38.400000,rcs:9.000000
timestame:1619470110.322000000,objid:6,type:0,xpos:0.000000,ypos:0.000000,xspeed:-7.360000,yspeed:-0.470000,angle:16.500000,distense:27.800000,rcs:15.000000
timestame:1619470110.322000000,objid:13,type:0,xpos:0.000000,ypos:0.000000,xspeed:-1.970000,yspeed:2.830000,angle:-3.550000,distense:40.200000,rcs:9.000000
