timestame:1619469786.770000000,objid:1,type:0,xpos:0.000000,ypos:0.000000,xspeed:-15.900000,yspeed:0.670000,angle:-8.500000,distense:96.600000,rcs:16.000000
timestame:1619469786.770000000,objid:2,type:0,xpos:0.000000,ypos:0.000000,xspeed:16.750000,yspeed:0.190000,angle:1.010000,distense:207.000000,rcs:12.000000
timestame:1619469786.770000000,objid:4,type:0,xpos:0.000000,ypos:0.000000,xspeed:-16.960000,yspeed:-0.390000,angle:-10.310000,distense:87.600000,rcs:16.000000
timestame:1619469786.770000000,objid:10,type:0,xpos:0.000000,ypos:0.000000,xspeed:17.010000,yspeed:0.210000,angle:1.150000,distense:195.000000,rcs:33.000000
