timestame:1619471433.543000000,objid:1,type:0,xpos:0.000000,ypos:0.000000,xspeed:4.450000,yspeed:-0.980000,angle:1.580000,distense:45.200000,rcs:25.000000
timestame:1619471433.543000000,objid:2,type:0,xpos:0.000000,ypos:0.000000,xspeed:2.810000,yspeed:-3.910000,angle:2.040000,distense:45.200000,rcs:6.000000
timestame:1619471433.543000000,objid:5,type:0,xpos:0.000000,ypos:0.000000,xspeed:-1.510000,yspeed:-6.410000,angle:-5.200000,distense:39.200000,rcs:36.000000
timestame:1619471433.543000000,objid:14,type:0,xpos:0.000000,ypos:0.000000,xspeed:-2.050000,yspeed:12.070000,angle:-3.160000,distense:48.800000,rcs:9.000000
