timestame:1619471367.379000000,objid:1,type:0,xpos:0.000000,ypos:0.000000,xspeed:7.780000,yspeed:-0.050000,angle:3.110000,distense:119.200000,rcs:19.000000
timestame:1619471367.379000000,objid:2,type:0,xpos:0.000000,ypos:0.000000,xspeed:8.140000,yspeed:-0.040000,angle:3.050000,distense:125.200000,rcs:12.000000
timestame:1619471367.379000000,objid:7,type:0,xpos:0.000000,ypos:0.000000,xspeed:11.700000,yspeed:0.240000,angle:1.590000,distense:157.400000,rcs:20.000000
