timestame:1619469997.888000000,objid:0,type:0,xpos:0.000000,ypos:0.000000,xspeed:-1.460000,yspeed:0.000000,angle:16.180000,distense:42.400000,rcs:32.000000
timestame:1619469997.888000000,objid:10,type:0,xpos:0.000000,ypos:0.000000,xspeed:-1.040000,yspeed:-3.220000,angle:-18.000000,distense:37.400000,rcs:20.000000
timestame:1619469997.888000000,objid:11,type:0,xpos:0.000000,ypos:0.000000,xspeed:-1.100000,yspeed:-0.610000,angle:-18.000000,distense:33.800000,rcs:19.000000
timestame:1619469997.888000000,objid:15,type:0,xpos:0.000000,ypos:0.000000,xspeed:-1.150000,yspeed:-2.130000,angle:-18.000000,distense:35.600000,rcs:18.000000
