timestame:1619469700.193000000,objid:2,type:0,xpos:0.000000,ypos:0.000000,xspeed:-2.130000,yspeed:-2.100000,angle:-18.000000,distense:40.400000,rcs:13.000000
timestame:1619469700.193000000,objid:5,type:0,xpos:0.000000,ypos:0.000000,xspeed:-4.110000,yspeed:-2.450000,angle:-18.000000,distense:36.800000,rcs:6.000000
timestame:1619469700.193000000,objid:8,type:0,xpos:0.000000,ypos:0.000000,xspeed:2.810000,yspeed:5.730000,angle:-1.720000,distense:47.800000,rcs:6.000000
