timestame:1619470559.847000000,objid:0,type:0,xpos:0.000000,ypos:0.000000,xspeed:4.870000,yspeed:-0.400000,angle:2.920000,distense:190.000000,rcs:9.000000
timestame:1619470559.847000000,objid:1,type:0,xpos:0.000000,ypos:0.000000,xspeed:4.770000,yspeed:0.010000,angle:4.650000,distense:180.600000,rcs:12.000000
timestame:1619470559.847000000,objid:2,type:0,xpos:0.000000,ypos:0.000000,xspeed:1.350000,yspeed:4.610000,angle:-4.280000,distense:44.000000,rcs:9.000000
timestame:1619470559.847000000,objid:3,type:0,xpos:0.000000,ypos:0.000000,xspeed:7.660000,yspeed:0.050000,angle:1.830000,distense:59.800000,rcs:32.000000
