timestame:1619470286.277000000,objid:2,type:0,xpos:0.000000,ypos:0.000000,xspeed:-13.140000,yspeed:-0.220000,angle:-7.640000,distense:113.600000,rcs:22.000000
timestame:1619470286.277000000,objid:5,type:0,xpos:0.000000,ypos:0.000000,xspeed:-5.490000,yspeed:-0.330000,angle:-17.550000,distense:46.200000,rcs:28.000000
timestame:1619470286.277000000,objid:7,type:0,xpos:0.000000,ypos:0.000000,xspeed:-5.220000,yspeed:-0.430000,angle:-18.000000,distense:41.200000,rcs:38.000000
timestame:1619470286.277000000,objid:11,type:0,xpos:0.000000,ypos:0.000000,xspeed:-5.320000,yspeed:-0.310000,angle:-18.000000,distense:35.200000,rcs:15.000000
