timestame:1619470560.409000000,objid:0,type:0,xpos:0.000000,ypos:0.000000,xspeed:5.020000,yspeed:-0.440000,angle:2.780000,distense:193.000000,rcs:6.000000
timestame:1619470560.409000000,objid:1,type:0,xpos:0.000000,ypos:0.000000,xspeed:5.070000,yspeed:0.020000,angle:4.560000,distense:183.800000,rcs:19.000000
timestame:1619470560.409000000,objid:2,type:0,xpos:0.000000,ypos:0.000000,xspeed:1.350000,yspeed:4.610000,angle:-2.350000,distense:46.200000,rcs:9.000000
timestame:1619470560.409000000,objid:3,type:0,xpos:0.000000,ypos:0.000000,xspeed:8.150000,yspeed:0.100000,angle:1.800000,distense:65.000000,rcs:39.000000
