timestame:1619470222.129000000,objid:8,type:0,xpos:0.000000,ypos:0.000000,xspeed:-2.480000,yspeed:11.680000,angle:-15.930000,distense:44.400000,rcs:13.000000
timestame:1619470222.129000000,objid:11,type:0,xpos:0.000000,ypos:0.000000,xspeed:-2.030000,yspeed:6.470000,angle:-13.710000,distense:43.400000,rcs:12.000000
