%YAML:1.0
---
cam2UTM: !!opencv-matrix
   rows: 3
   cols: 3
   dt: d
   data: [ 2.2607354336036053e-02, 4.9714331754581026e-01,
       -4.7916220265208585e+02, 1.4605429385923632e-01,
       -1.8504357043895967e+00, 3.1576372519400199e+01,
       1.1603403683109678e-03, 2.9875888542793057e-02, 1. ]
UTM2cam: !!opencv-matrix
   rows: 3
   cols: 3
   dt: d
   data: [ 1.4244615647012578e+01, 6.3459831582860282e+01,
       3.7421203832883270e+03, 1.5576252471468319e+00,
       -4.8958966769525308e-01, 3.7840623816835188e+02,
       -1.8615268569274413e-02, 1.0411929716887513e-02, 1. ]
reprojection_error: 8.7760571312163869e+00
