timestame:1619470791.136000000,objid:0,type:0,xpos:0.000000,ypos:0.000000,xspeed:1.600000,yspeed:0.110000,angle:1.700000,distense:19.000000,rcs:38.000000
timestame:1619470791.136000000,objid:1,type:0,xpos:0.000000,ypos:0.000000,xspeed:2.320000,yspeed:-8.160000,angle:22.450000,distense:46.800000,rcs:22.000000
timestame:1619470791.136000000,objid:2,type:0,xpos:0.000000,ypos:0.000000,xspeed:1.380000,yspeed:-7.810000,angle:-14.030000,distense:47.800000,rcs:15.000000
