timestame:1619470560.285000000,objid:0,type:0,xpos:0.000000,ypos:0.000000,xspeed:4.920000,yspeed:-0.410000,angle:2.840000,distense:192.200000,rcs:6.000000
timestame:1619470560.285000000,objid:1,type:0,xpos:0.000000,ypos:0.000000,xspeed:4.990000,yspeed:-0.020000,angle:4.550000,distense:183.000000,rcs:25.000000
timestame:1619470560.285000000,objid:2,type:0,xpos:0.000000,ypos:0.000000,xspeed:1.350000,yspeed:4.610000,angle:-2.760000,distense:45.600000,rcs:9.000000
timestame:1619470560.285000000,objid:3,type:0,xpos:0.000000,ypos:0.000000,xspeed:8.050000,yspeed:0.100000,angle:1.830000,distense:63.800000,rcs:40.000000
