timestame:1619470483.865000000,objid:1,type:0,xpos:0.000000,ypos:0.000000,xspeed:-4.020000,yspeed:-0.300000,angle:-8.590000,distense:83.600000,rcs:26.000000
timestame:1619470483.865000000,objid:5,type:0,xpos:0.000000,ypos:0.000000,xspeed:-2.810000,yspeed:-7.210000,angle:-8.350000,distense:62.400000,rcs:12.000000
