timestame:1619469709.045000000,objid:3,type:0,xpos:0.000000,ypos:0.000000,xspeed:11.000000,yspeed:-3.510000,angle:5.840000,distense:81.400000,rcs:9.000000
timestame:1619469709.045000000,objid:4,type:0,xpos:0.000000,ypos:0.000000,xspeed:-2.750000,yspeed:-2.360000,angle:-18.000000,distense:36.800000,rcs:28.000000
timestame:1619469709.045000000,objid:5,type:0,xpos:0.000000,ypos:0.000000,xspeed:-4.070000,yspeed:-2.650000,angle:-18.000000,distense:33.600000,rcs:12.000000
timestame:1619469709.045000000,objid:7,type:0,xpos:0.000000,ypos:0.000000,xspeed:-8.040000,yspeed:-3.280000,angle:-18.000000,distense:34.600000,rcs:26.000000
