timestame:1619469948.917000000,objid:4,type:0,xpos:0.000000,ypos:0.000000,xspeed:1.450000,yspeed:-5.310000,angle:7.480000,distense:52.800000,rcs:25.000000
timestame:1619469948.917000000,objid:6,type:0,xpos:0.000000,ypos:0.000000,xspeed:4.100000,yspeed:-8.390000,angle:8.060000,distense:169.600000,rcs:16.000000
timestame:1619469948.917000000,objid:7,type:0,xpos:0.000000,ypos:0.000000,xspeed:1.830000,yspeed:2.150000,angle:21.680000,distense:45.600000,rcs:16.000000
timestame:1619469948.917000000,objid:8,type:0,xpos:0.000000,ypos:0.000000,xspeed:-1.700000,yspeed:6.210000,angle:-16.960000,distense:46.400000,rcs:13.000000
