timestame:1619471092.430000000,objid:1,type:0,xpos:0.000000,ypos:0.000000,xspeed:12.050000,yspeed:-0.080000,angle:3.700000,distense:76.200000,rcs:23.000000
timestame:1619471092.430000000,objid:2,type:0,xpos:0.000000,ypos:0.000000,xspeed:6.780000,yspeed:0.330000,angle:2.380000,distense:58.800000,rcs:45.000000
timestame:1619471092.430000000,objid:5,type:0,xpos:0.000000,ypos:0.000000,xspeed:12.620000,yspeed:-0.180000,angle:1.320000,distense:127.000000,rcs:12.000000
