timestame:1619470201.356000000,objid:0,type:0,xpos:0.000000,ypos:0.000000,xspeed:1.150000,yspeed:-3.130000,angle:5.900000,distense:140.600000,rcs:26.000000
timestame:1619470201.356000000,objid:2,type:0,xpos:0.000000,ypos:0.000000,xspeed:3.430000,yspeed:9.820000,angle:5.680000,distense:156.800000,rcs:12.000000
