timestame:1619470101.643000000,objid:1,type:0,xpos:0.000000,ypos:0.000000,xspeed:22.720000,yspeed:0.000000,angle:-5.820000,distense:55.200000,rcs:12.000000
timestame:1619470101.643000000,objid:5,type:0,xpos:0.000000,ypos:0.000000,xspeed:4.230000,yspeed:3.170000,angle:-15.680000,distense:41.800000,rcs:6.000000
timestame:1619470101.643000000,objid:9,type:0,xpos:0.000000,ypos:0.000000,xspeed:2.070000,yspeed:-11.080000,angle:-2.750000,distense:50.400000,rcs:9.000000
timestame:1619470101.643000000,objid:11,type:0,xpos:0.000000,ypos:0.000000,xspeed:3.550000,yspeed:0.660000,angle:11.600000,distense:15.400000,rcs:30.000000
