timestame:1619471099.557000000,objid:0,type:0,xpos:0.000000,ypos:0.000000,xspeed:-16.470000,yspeed:-0.580000,angle:-18.000000,distense:26.600000,rcs:6.000000
timestame:1619471099.557000000,objid:1,type:0,xpos:0.000000,ypos:0.000000,xspeed:-18.880000,yspeed:-0.560000,angle:-18.000000,distense:23.200000,rcs:6.000000
timestame:1619471099.557000000,objid:2,type:0,xpos:0.000000,ypos:0.000000,xspeed:9.700000,yspeed:0.140000,angle:1.230000,distense:122.200000,rcs:27.000000
