timestame:1619469577.757000000,objid:1,type:0,xpos:0.000000,ypos:0.000000,xspeed:-6.070000,yspeed:-2.090000,angle:-7.160000,distense:120.600000,rcs:9.000000
timestame:1619469577.757000000,objid:3,type:0,xpos:0.000000,ypos:0.000000,xspeed:-6.470000,yspeed:-0.300000,angle:-8.220000,distense:110.600000,rcs:18.000000
timestame:1619469577.757000000,objid:5,type:0,xpos:0.000000,ypos:0.000000,xspeed:-6.610000,yspeed:-0.230000,angle:-8.350000,distense:107.200000,rcs:18.000000
