timestame:1619470110.260000000,objid:3,type:0,xpos:0.000000,ypos:0.000000,xspeed:-3.050000,yspeed:0.570000,angle:17.580000,distense:25.600000,rcs:9.000000
timestame:1619470110.260000000,objid:5,type:0,xpos:0.000000,ypos:0.000000,xspeed:3.450000,yspeed:3.510000,angle:-11.270000,distense:38.200000,rcs:16.000000
timestame:1619470110.260000000,objid:6,type:0,xpos:0.000000,ypos:0.000000,xspeed:-7.360000,yspeed:-0.470000,angle:16.300000,distense:28.200000,rcs:15.000000
timestame:1619470110.260000000,objid:13,type:0,xpos:0.000000,ypos:0.000000,xspeed:-2.370000,yspeed:5.750000,angle:-2.900000,distense:40.600000,rcs:9.000000
