timestame:1619470667.532000000,objid:2,type:0,xpos:0.000000,ypos:0.000000,xspeed:2.780000,yspeed:5.380000,angle:-8.820000,distense:98.000000,rcs:12.000000
timestame:1619470667.532000000,objid:4,type:0,xpos:0.000000,ypos:0.000000,xspeed:6.480000,yspeed:6.110000,angle:-10.750000,distense:19.400000,rcs:16.000000
timestame:1619470667.532000000,objid:5,type:0,xpos:0.000000,ypos:0.000000,xspeed:4.480000,yspeed:3.390000,angle:22.860000,distense:20.200000,rcs:26.000000
