timestame:1619469854.496000000,objid:0,type:0,xpos:0.000000,ypos:0.000000,xspeed:3.630000,yspeed:-3.800000,angle:2.210000,distense:50.200000,rcs:29.000000
timestame:1619469854.496000000,objid:4,type:0,xpos:0.000000,ypos:0.000000,xspeed:7.110000,yspeed:9.580000,angle:-13.520000,distense:50.600000,rcs:13.000000
timestame:1619469854.496000000,objid:10,type:0,xpos:0.000000,ypos:0.000000,xspeed:-11.560000,yspeed:-0.070000,angle:-4.440000,distense:145.400000,rcs:13.000000
