timestame:1619471028.283000000,objid:2,type:0,xpos:0.000000,ypos:0.000000,xspeed:5.600000,yspeed:0.650000,angle:18.810000,distense:25.800000,rcs:19.000000
timestame:1619471028.283000000,objid:3,type:0,xpos:0.000000,ypos:0.000000,xspeed:5.110000,yspeed:1.120000,angle:-12.790000,distense:18.200000,rcs:13.000000
timestame:1619471028.283000000,objid:5,type:0,xpos:0.000000,ypos:0.000000,xspeed:5.050000,yspeed:0.690000,angle:-17.260000,distense:23.400000,rcs:34.000000
