timestame:1619469951.645000000,objid:4,type:0,xpos:0.000000,ypos:0.000000,xspeed:1.200000,yspeed:-4.130000,angle:-3.750000,distense:55.600000,rcs:28.000000
timestame:1619469951.645000000,objid:5,type:0,xpos:0.000000,ypos:0.000000,xspeed:-1.370000,yspeed:6.660000,angle:16.950000,distense:40.000000,rcs:6.000000
timestame:1619469951.645000000,objid:6,type:0,xpos:0.000000,ypos:0.000000,xspeed:-1.660000,yspeed:9.240000,angle:18.860000,distense:40.000000,rcs:24.000000
timestame:1619469951.645000000,objid:13,type:0,xpos:0.000000,ypos:0.000000,xspeed:-2.350000,yspeed:16.230000,angle:-16.290000,distense:45.800000,rcs:30.000000
