timestame:1619471064.234000000,objid:0,type:0,xpos:0.000000,ypos:0.000000,xspeed:-6.830000,yspeed:0.540000,angle:-4.850000,distense:115.800000,rcs:13.000000
timestame:1619471064.234000000,objid:2,type:0,xpos:0.000000,ypos:0.000000,xspeed:9.900000,yspeed:0.000000,angle:-10.100000,distense:58.600000,rcs:19.000000
timestame:1619471064.234000000,objid:3,type:0,xpos:0.000000,ypos:0.000000,xspeed:-6.840000,yspeed:-2.500000,angle:-4.280000,distense:165.200000,rcs:12.000000
timestame:1619471064.234000000,objid:9,type:0,xpos:0.000000,ypos:0.000000,xspeed:-1.640000,yspeed:-0.020000,angle:-9.970000,distense:73.600000,rcs:15.000000
