timestame:1619470567.470000000,objid:1,type:0,xpos:0.000000,ypos:0.000000,xspeed:4.150000,yspeed:3.770000,angle:-14.710000,distense:27.600000,rcs:22.000000
timestame:1619470567.470000000,objid:3,type:0,xpos:0.000000,ypos:0.000000,xspeed:14.770000,yspeed:0.000000,angle:1.060000,distense:157.200000,rcs:28.000000
timestame:1619470567.470000000,objid:8,type:0,xpos:0.000000,ypos:0.000000,xspeed:4.400000,yspeed:4.720000,angle:-11.120000,distense:41.800000,rcs:16.000000
