timestame:1619471083.784000000,objid:4,type:0,xpos:0.000000,ypos:0.000000,xspeed:3.880000,yspeed:0.230000,angle:1.680000,distense:34.800000,rcs:36.000000
timestame:1619471083.784000000,objid:10,type:0,xpos:0.000000,ypos:0.000000,xspeed:5.950000,yspeed:0.420000,angle:2.090000,distense:52.000000,rcs:6.000000
timestame:1619471083.784000000,objid:11,type:0,xpos:0.000000,ypos:0.000000,xspeed:1.110000,yspeed:-0.280000,angle:1.340000,distense:14.600000,rcs:25.000000
