timestame:1619469539.182000000,objid:4,type:0,xpos:0.000000,ypos:0.000000,xspeed:17.390000,yspeed:0.230000,angle:1.500000,distense:151.800000,rcs:12.000000
timestame:1619469539.182000000,objid:7,type:0,xpos:0.000000,ypos:0.000000,xspeed:17.200000,yspeed:0.130000,angle:1.170000,distense:158.800000,rcs:6.000000
