timestame:1619471262.295000000,objid:2,type:0,xpos:0.000000,ypos:0.000000,xspeed:12.640000,yspeed:0.110000,angle:3.420000,distense:103.600000,rcs:31.000000
timestame:1619471262.295000000,objid:6,type:0,xpos:0.000000,ypos:0.000000,xspeed:12.650000,yspeed:-0.190000,angle:3.090000,distense:115.800000,rcs:22.000000
timestame:1619471262.295000000,objid:10,type:0,xpos:0.000000,ypos:0.000000,xspeed:12.660000,yspeed:0.110000,angle:3.860000,distense:91.400000,rcs:30.000000
