timestame:1619469635.692000000,objid:2,type:0,xpos:0.000000,ypos:0.000000,xspeed:1.810000,yspeed:0.280000,angle:20.710000,distense:22.000000,rcs:32.000000
timestame:1619469635.692000000,objid:3,type:0,xpos:0.000000,ypos:0.000000,xspeed:-5.390000,yspeed:3.260000,angle:0.900000,distense:46.600000,rcs:22.000000
timestame:1619469635.692000000,objid:4,type:0,xpos:0.000000,ypos:0.000000,xspeed:4.060000,yspeed:0.480000,angle:22.000000,distense:30.600000,rcs:15.000000
timestame:1619469635.692000000,objid:5,type:0,xpos:0.000000,ypos:0.000000,xspeed:3.790000,yspeed:2.210000,angle:20.360000,distense:26.600000,rcs:33.000000
