timestame:1619470615.748000000,objid:0,type:0,xpos:0.000000,ypos:0.000000,xspeed:2.060000,yspeed:-10.020000,angle:-18.000000,distense:64.600000,rcs:6.000000
timestame:1619470615.748000000,objid:7,type:0,xpos:0.000000,ypos:0.000000,xspeed:-16.600000,yspeed:-0.260000,angle:-7.600000,distense:120.600000,rcs:6.000000
timestame:1619470615.748000000,objid:10,type:0,xpos:0.000000,ypos:0.000000,xspeed:-1.030000,yspeed:5.250000,angle:14.330000,distense:40.800000,rcs:9.000000
