timestame:1619471028.592000000,objid:2,type:0,xpos:0.000000,ypos:0.000000,xspeed:5.580000,yspeed:0.770000,angle:18.390000,distense:27.600000,rcs:19.000000
timestame:1619471028.592000000,objid:3,type:0,xpos:0.000000,ypos:0.000000,xspeed:4.770000,yspeed:0.700000,angle:-14.200000,distense:19.400000,rcs:13.000000
timestame:1619471028.592000000,objid:5,type:0,xpos:0.000000,ypos:0.000000,xspeed:5.100000,yspeed:0.680000,angle:22.650000,distense:25.000000,rcs:29.000000
timestame:1619471028.592000000,objid:7,type:0,xpos:0.000000,ypos:0.000000,xspeed:-20.110000,yspeed:0.000000,angle:-5.660000,distense:44.400000,rcs:13.000000
