timestame:1619471270.395000000,objid:2,type:0,xpos:0.000000,ypos:0.000000,xspeed:14.010000,yspeed:0.260000,angle:2.010000,distense:213.600000,rcs:13.000000
timestame:1619471270.395000000,objid:4,type:0,xpos:0.000000,ypos:0.000000,xspeed:1.090000,yspeed:-9.240000,angle:11.360000,distense:52.600000,rcs:12.000000
timestame:1619471270.395000000,objid:8,type:0,xpos:0.000000,ypos:0.000000,xspeed:-4.670000,yspeed:0.000000,angle:-18.000000,distense:50.200000,rcs:12.000000
timestame:1619471270.395000000,objid:10,type:0,xpos:0.000000,ypos:0.000000,xspeed:14.040000,yspeed:0.080000,angle:1.810000,distense:201.200000,rcs:29.000000
