timestame:1619471434.226000000,objid:2,type:0,xpos:0.000000,ypos:0.000000,xspeed:1.720000,yspeed:-2.930000,angle:-0.090000,distense:45.600000,rcs:6.000000
timestame:1619471434.226000000,objid:5,type:0,xpos:0.000000,ypos:0.000000,xspeed:-1.260000,yspeed:-5.610000,angle:-10.390000,distense:39.000000,rcs:29.000000
timestame:1619471434.226000000,objid:8,type:0,xpos:0.000000,ypos:0.000000,xspeed:-1.590000,yspeed:-0.110000,angle:-14.020000,distense:58.600000,rcs:13.000000
timestame:1619471434.226000000,objid:16,type:0,xpos:0.000000,ypos:0.000000,xspeed:-1.900000,yspeed:0.220000,angle:-7.240000,distense:87.800000,rcs:23.000000
