timestame:1619470991.098000000,objid:3,type:0,xpos:0.000000,ypos:0.000000,xspeed:5.260000,yspeed:-0.140000,angle:6.890000,distense:107.400000,rcs:9.000000
timestame:1619470991.098000000,objid:4,type:0,xpos:0.000000,ypos:0.000000,xspeed:-13.590000,yspeed:-0.640000,angle:-18.000000,distense:42.200000,rcs:16.000000
