timestame:1619470229.145000000,objid:2,type:0,xpos:0.000000,ypos:0.000000,xspeed:-1.470000,yspeed:-2.980000,angle:-15.190000,distense:41.000000,rcs:27.000000
timestame:1619470229.145000000,objid:8,type:0,xpos:0.000000,ypos:0.000000,xspeed:-2.030000,yspeed:-2.620000,angle:-18.000000,distense:39.000000,rcs:12.000000
timestame:1619470229.145000000,objid:11,type:0,xpos:0.000000,ypos:0.000000,xspeed:-9.330000,yspeed:-3.100000,angle:-4.140000,distense:174.600000,rcs:13.000000
