timestame:1619471228.078000000,objid:0,type:0,xpos:0.000000,ypos:0.000000,xspeed:5.520000,yspeed:0.240000,angle:2.150000,distense:82.200000,rcs:9.000000
timestame:1619471228.078000000,objid:1,type:0,xpos:0.000000,ypos:0.000000,xspeed:4.560000,yspeed:-3.800000,angle:-16.890000,distense:54.400000,rcs:22.000000
timestame:1619471228.078000000,objid:9,type:0,xpos:0.000000,ypos:0.000000,xspeed:5.890000,yspeed:0.170000,angle:2.230000,distense:73.400000,rcs:39.000000
