timestame:1619469787.947000000,objid:1,type:0,xpos:0.000000,ypos:0.000000,xspeed:-15.990000,yspeed:-0.150000,angle:-11.250000,distense:77.800000,rcs:25.000000
timestame:1619469787.947000000,objid:4,type:0,xpos:0.000000,ypos:0.000000,xspeed:-16.710000,yspeed:-0.660000,angle:-14.210000,distense:68.400000,rcs:25.000000
timestame:1619469787.947000000,objid:10,type:0,xpos:0.000000,ypos:0.000000,xspeed:17.090000,yspeed:0.330000,angle:1.200000,distense:215.600000,rcs:28.000000
