timestame:1619469526.383000000,objid:2,type:0,xpos:0.000000,ypos:0.000000,xspeed:2.900000,yspeed:-2.930000,angle:-15.710000,distense:58.000000,rcs:28.000000
timestame:1619469526.383000000,objid:3,type:0,xpos:0.000000,ypos:0.000000,xspeed:-1.150000,yspeed:0.100000,angle:-18.000000,distense:61.400000,rcs:23.000000
timestame:1619469526.383000000,objid:7,type:0,xpos:0.000000,ypos:0.000000,xspeed:4.440000,yspeed:-1.140000,angle:-7.740000,distense:60.600000,rcs:6.000000
timestame:1619469526.383000000,objid:11,type:0,xpos:0.000000,ypos:0.000000,xspeed:1.860000,yspeed:-4.870000,angle:-18.000000,distense:68.600000,rcs:12.000000
