timestame:1619470982.964000000,objid:0,type:0,xpos:0.000000,ypos:0.000000,xspeed:8.240000,yspeed:0.230000,angle:2.320000,distense:175.000000,rcs:26.000000
timestame:1619470982.964000000,objid:1,type:0,xpos:0.000000,ypos:0.000000,xspeed:-15.670000,yspeed:-0.240000,angle:-6.610000,distense:97.600000,rcs:24.000000
timestame:1619470982.964000000,objid:2,type:0,xpos:0.000000,ypos:0.000000,xspeed:-18.620000,yspeed:-12.040000,angle:-6.890000,distense:146.600000,rcs:6.000000
timestame:1619470982.964000000,objid:3,type:0,xpos:0.000000,ypos:0.000000,xspeed:3.500000,yspeed:-2.980000,angle:13.370000,distense:67.400000,rcs:16.000000
