timestame:1619471402.469000000,objid:0,type:0,xpos:0.000000,ypos:0.000000,xspeed:-2.160000,yspeed:4.490000,angle:-13.940000,distense:42.800000,rcs:6.000000
timestame:1619471402.469000000,objid:6,type:0,xpos:0.000000,ypos:0.000000,xspeed:5.480000,yspeed:5.760000,angle:-9.150000,distense:51.200000,rcs:16.000000
timestame:1619471402.469000000,objid:8,type:0,xpos:0.000000,ypos:0.000000,xspeed:-6.800000,yspeed:-2.230000,angle:-16.700000,distense:104.800000,rcs:6.000000
timestame:1619471402.469000000,objid:9,type:0,xpos:0.000000,ypos:0.000000,xspeed:-1.460000,yspeed:0.000000,angle:-5.840000,distense:41.800000,rcs:12.000000
