timestame:1619471056.781000000,objid:10,type:0,xpos:0.000000,ypos:0.000000,xspeed:-2.630000,yspeed:-2.340000,angle:-18.000000,distense:32.200000,rcs:20.000000
timestame:1619471056.781000000,objid:13,type:0,xpos:0.000000,ypos:0.000000,xspeed:1.520000,yspeed:-7.740000,angle:-9.620000,distense:63.200000,rcs:13.000000
timestame:1619471056.781000000,objid:14,type:0,xpos:0.000000,ypos:0.000000,xspeed:-1.900000,yspeed:-2.870000,angle:-18.000000,distense:35.200000,rcs:16.000000
