timestame:1619470277.988000000,objid:1,type:0,xpos:0.000000,ypos:0.000000,xspeed:-10.300000,yspeed:0.170000,angle:-5.780000,distense:82.800000,rcs:12.000000
timestame:1619470277.988000000,objid:2,type:0,xpos:0.000000,ypos:0.000000,xspeed:-2.300000,yspeed:0.040000,angle:-7.270000,distense:86.200000,rcs:9.000000
timestame:1619470277.988000000,objid:3,type:0,xpos:0.000000,ypos:0.000000,xspeed:-1.980000,yspeed:0.380000,angle:-8.750000,distense:77.600000,rcs:20.000000
timestame:1619470277.988000000,objid:11,type:0,xpos:0.000000,ypos:0.000000,xspeed:-2.700000,yspeed:-0.370000,angle:-10.610000,distense:71.000000,rcs:22.000000
