timestame:1619469756.412000000,objid:1,type:0,xpos:0.000000,ypos:0.000000,xspeed:4.890000,yspeed:3.270000,angle:22.250000,distense:44.600000,rcs:16.000000
timestame:1619469756.412000000,objid:3,type:0,xpos:0.000000,ypos:0.000000,xspeed:6.000000,yspeed:1.510000,angle:21.320000,distense:33.000000,rcs:38.000000
timestame:1619469756.412000000,objid:5,type:0,xpos:0.000000,ypos:0.000000,xspeed:5.690000,yspeed:0.980000,angle:17.540000,distense:34.800000,rcs:33.000000
timestame:1619469756.412000000,objid:6,type:0,xpos:0.000000,ypos:0.000000,xspeed:-2.140000,yspeed:5.510000,angle:6.700000,distense:19.000000,rcs:6.000000
