timestame:1619470492.092000000,objid:0,type:0,xpos:0.000000,ypos:0.000000,xspeed:1.560000,yspeed:-4.670000,angle:11.330000,distense:45.800000,rcs:29.000000
timestame:1619470492.092000000,objid:2,type:0,xpos:0.000000,ypos:0.000000,xspeed:1.440000,yspeed:-5.710000,angle:19.660000,distense:56.800000,rcs:21.000000
