timestame:1619469697.891000000,objid:1,type:0,xpos:0.000000,ypos:0.000000,xspeed:-2.640000,yspeed:10.520000,angle:-8.450000,distense:47.800000,rcs:31.000000
timestame:1619469697.891000000,objid:2,type:0,xpos:0.000000,ypos:0.000000,xspeed:-2.270000,yspeed:-3.330000,angle:-18.000000,distense:42.800000,rcs:25.000000
timestame:1619469697.891000000,objid:5,type:0,xpos:0.000000,ypos:0.000000,xspeed:-9.680000,yspeed:-5.840000,angle:-16.430000,distense:42.600000,rcs:26.000000
timestame:1619469697.891000000,objid:7,type:0,xpos:0.000000,ypos:0.000000,xspeed:4.450000,yspeed:8.340000,angle:8.620000,distense:110.200000,rcs:6.000000
