timestame:1619471266.004000000,objid:0,type:0,xpos:0.000000,ypos:0.000000,xspeed:12.960000,yspeed:0.540000,angle:2.730000,distense:176.600000,rcs:12.000000
timestame:1619471266.004000000,objid:2,type:0,xpos:0.000000,ypos:0.000000,xspeed:13.150000,yspeed:0.110000,angle:2.460000,distense:152.600000,rcs:22.000000
timestame:1619471266.004000000,objid:6,type:0,xpos:0.000000,ypos:0.000000,xspeed:13.110000,yspeed:0.010000,angle:2.240000,distense:164.600000,rcs:9.000000
timestame:1619471266.004000000,objid:10,type:0,xpos:0.000000,ypos:0.000000,xspeed:13.170000,yspeed:-0.010000,angle:2.430000,distense:140.200000,rcs:9.000000
