timestame:1619470991.164000000,objid:3,type:0,xpos:0.000000,ypos:0.000000,xspeed:5.260000,yspeed:-0.080000,angle:6.940000,distense:107.600000,rcs:6.000000
timestame:1619470991.164000000,objid:4,type:0,xpos:0.000000,ypos:0.000000,xspeed:-13.600000,yspeed:-0.710000,angle:-18.000000,distense:41.400000,rcs:20.000000
