timestame:1619470145.071000000,objid:0,type:0,xpos:0.000000,ypos:0.000000,xspeed:3.830000,yspeed:1.550000,angle:21.260000,distense:33.800000,rcs:18.000000
timestame:1619470145.071000000,objid:2,type:0,xpos:0.000000,ypos:0.000000,xspeed:3.200000,yspeed:0.000000,angle:20.460000,distense:27.800000,rcs:25.000000
