timestame:1619470033.133000000,objid:1,type:0,xpos:0.000000,ypos:0.000000,xspeed:7.790000,yspeed:0.320000,angle:2.420000,distense:58.000000,rcs:37.000000
timestame:1619470033.133000000,objid:3,type:0,xpos:0.000000,ypos:0.000000,xspeed:9.530000,yspeed:0.220000,angle:0.700000,distense:22.400000,rcs:35.000000
timestame:1619470033.133000000,objid:4,type:0,xpos:0.000000,ypos:0.000000,xspeed:12.450000,yspeed:0.190000,angle:1.750000,distense:94.400000,rcs:20.000000
timestame:1619470033.133000000,objid:7,type:0,xpos:0.000000,ypos:0.000000,xspeed:1.270000,yspeed:-0.100000,angle:7.560000,distense:23.200000,rcs:27.000000
