timestame:1619471297.519000000,objid:2,type:0,xpos:0.000000,ypos:0.000000,xspeed:-1.700000,yspeed:6.160000,angle:-9.190000,distense:44.600000,rcs:9.000000
timestame:1619471297.519000000,objid:6,type:0,xpos:0.000000,ypos:0.000000,xspeed:2.590000,yspeed:3.930000,angle:-6.230000,distense:45.800000,rcs:6.000000
