timestame:1619470482.135000000,objid:0,type:0,xpos:0.000000,ypos:0.000000,xspeed:-3.020000,yspeed:-3.250000,angle:15.750000,distense:44.000000,rcs:24.000000
timestame:1619470482.135000000,objid:1,type:0,xpos:0.000000,ypos:0.000000,xspeed:-4.540000,yspeed:-0.130000,angle:-7.550000,distense:89.800000,rcs:20.000000
timestame:1619470482.135000000,objid:2,type:0,xpos:0.000000,ypos:0.000000,xspeed:1.700000,yspeed:-0.140000,angle:10.990000,distense:82.800000,rcs:9.000000
timestame:1619470482.135000000,objid:6,type:0,xpos:0.000000,ypos:0.000000,xspeed:-3.630000,yspeed:0.720000,angle:-6.660000,distense:96.000000,rcs:13.000000
