timestame:1619469623.172000000,objid:1,type:0,xpos:0.000000,ypos:0.000000,xspeed:-3.980000,yspeed:0.040000,angle:-16.370000,distense:57.800000,rcs:27.000000
timestame:1619469623.172000000,objid:2,type:0,xpos:0.000000,ypos:0.000000,xspeed:-3.770000,yspeed:-0.090000,angle:-13.840000,distense:70.800000,rcs:27.000000
timestame:1619469623.172000000,objid:4,type:0,xpos:0.000000,ypos:0.000000,xspeed:-14.470000,yspeed:-0.280000,angle:-10.030000,distense:66.600000,rcs:20.000000
