timestame:1619470142.405000000,objid:0,type:0,xpos:0.000000,ypos:0.000000,xspeed:4.720000,yspeed:0.860000,angle:22.800000,distense:23.200000,rcs:24.000000
timestame:1619470142.405000000,objid:1,type:0,xpos:0.000000,ypos:0.000000,xspeed:1.700000,yspeed:-0.180000,angle:14.290000,distense:29.000000,rcs:9.000000
