timestame:1619469994.407000000,objid:6,type:0,xpos:0.000000,ypos:0.000000,xspeed:-5.790000,yspeed:3.130000,angle:20.490000,distense:52.000000,rcs:9.000000
timestame:1619469994.407000000,objid:8,type:0,xpos:0.000000,ypos:0.000000,xspeed:1.130000,yspeed:3.270000,angle:-4.110000,distense:40.800000,rcs:6.000000
timestame:1619469994.407000000,objid:15,type:0,xpos:0.000000,ypos:0.000000,xspeed:-1.280000,yspeed:-2.520000,angle:-15.650000,distense:36.800000,rcs:35.000000
timestame:1619469994.407000000,objid:24,type:0,xpos:0.000000,ypos:0.000000,xspeed:2.780000,yspeed:2.310000,angle:-13.680000,distense:36.600000,rcs:13.000000
