timestame:1619469531.286000000,objid:1,type:0,xpos:0.000000,ypos:0.000000,xspeed:1.800000,yspeed:-4.540000,angle:-18.000000,distense:75.600000,rcs:12.000000
timestame:1619469531.286000000,objid:3,type:0,xpos:0.000000,ypos:0.000000,xspeed:-1.140000,yspeed:-1.750000,angle:-4.530000,distense:11.200000,rcs:34.000000
timestame:1619469531.286000000,objid:4,type:0,xpos:0.000000,ypos:0.000000,xspeed:16.310000,yspeed:0.000000,angle:0.680000,distense:18.200000,rcs:43.000000
timestame:1619469531.286000000,objid:7,type:0,xpos:0.000000,ypos:0.000000,xspeed:14.840000,yspeed:0.940000,angle:2.100000,distense:24.200000,rcs:41.000000
