timestame:1619471099.372000000,objid:0,type:0,xpos:0.000000,ypos:0.000000,xspeed:-17.090000,yspeed:-0.790000,angle:-18.000000,distense:28.600000,rcs:9.000000
timestame:1619471099.372000000,objid:1,type:0,xpos:0.000000,ypos:0.000000,xspeed:-18.880000,yspeed:-0.560000,angle:-18.000000,distense:25.800000,rcs:6.000000
timestame:1619471099.372000000,objid:2,type:0,xpos:0.000000,ypos:0.000000,xspeed:9.590000,yspeed:0.070000,angle:1.170000,distense:120.200000,rcs:30.000000
