timestame:1619471026.350000000,objid:0,type:0,xpos:0.000000,ypos:0.000000,xspeed:-2.810000,yspeed:-3.260000,angle:-18.000000,distense:32.000000,rcs:6.000000
timestame:1619471026.350000000,objid:1,type:0,xpos:0.000000,ypos:0.000000,xspeed:-1.330000,yspeed:2.650000,angle:15.710000,distense:39.000000,rcs:6.000000
timestame:1619471026.350000000,objid:3,type:0,xpos:0.000000,ypos:0.000000,xspeed:-4.040000,yspeed:-2.950000,angle:-18.000000,distense:29.400000,rcs:12.000000
timestame:1619471026.350000000,objid:8,type:0,xpos:0.000000,ypos:0.000000,xspeed:-2.370000,yspeed:1.960000,angle:21.390000,distense:39.600000,rcs:29.000000
