timestame:1619471369.997000000,objid:1,type:0,xpos:0.000000,ypos:0.000000,xspeed:8.260000,yspeed:-0.080000,angle:2.600000,distense:141.200000,rcs:9.000000
timestame:1619471369.997000000,objid:7,type:0,xpos:0.000000,ypos:0.000000,xspeed:10.920000,yspeed:0.330000,angle:1.620000,distense:186.000000,rcs:16.000000
