timestame:1619469947.985000000,objid:3,type:0,xpos:0.000000,ypos:0.000000,xspeed:1.230000,yspeed:0.070000,angle:0.830000,distense:18.200000,rcs:25.000000
timestame:1619469947.985000000,objid:4,type:0,xpos:0.000000,ypos:0.000000,xspeed:-1.820000,yspeed:-12.200000,angle:1.510000,distense:47.200000,rcs:12.000000
timestame:1619469947.985000000,objid:5,type:0,xpos:0.000000,ypos:0.000000,xspeed:2.440000,yspeed:-11.390000,angle:20.140000,distense:45.400000,rcs:15.000000
