timestame:1619470102.937000000,objid:3,type:0,xpos:0.000000,ypos:0.000000,xspeed:2.600000,yspeed:-12.700000,angle:-18.000000,distense:58.400000,rcs:15.000000
timestame:1619470102.937000000,objid:7,type:0,xpos:0.000000,ypos:0.000000,xspeed:-9.120000,yspeed:5.090000,angle:14.680000,distense:32.200000,rcs:22.000000
timestame:1619470102.937000000,objid:9,type:0,xpos:0.000000,ypos:0.000000,xspeed:2.490000,yspeed:-12.260000,angle:-18.000000,distense:57.400000,rcs:6.000000
timestame:1619470102.937000000,objid:11,type:0,xpos:0.000000,ypos:0.000000,xspeed:2.690000,yspeed:0.720000,angle:12.830000,distense:18.200000,rcs:34.000000
