timestame:1619469997.268000000,objid:9,type:0,xpos:0.000000,ypos:0.000000,xspeed:1.860000,yspeed:-2.750000,angle:20.340000,distense:45.400000,rcs:26.000000
timestame:1619469997.268000000,objid:10,type:0,xpos:0.000000,ypos:0.000000,xspeed:-1.130000,yspeed:-3.700000,angle:-18.000000,distense:37.200000,rcs:22.000000
timestame:1619469997.268000000,objid:11,type:0,xpos:0.000000,ypos:0.000000,xspeed:-1.220000,yspeed:-1.100000,angle:-18.000000,distense:34.200000,rcs:9.000000
timestame:1619469997.268000000,objid:15,type:0,xpos:0.000000,ypos:0.000000,xspeed:-1.260000,yspeed:-2.610000,angle:-18.000000,distense:35.800000,rcs:24.000000
