timestame:1619471531.595000000,objid:2,type:0,xpos:0.000000,ypos:0.000000,xspeed:-18.960000,yspeed:-4.020000,angle:10.480000,distense:30.600000,rcs:6.000000
timestame:1619471531.595000000,objid:4,type:0,xpos:0.000000,ypos:0.000000,xspeed:-12.760000,yspeed:4.200000,angle:-2.450000,distense:201.000000,rcs:19.000000
