timestame:1619469928.480000000,objid:1,type:0,xpos:0.000000,ypos:0.000000,xspeed:7.200000,yspeed:0.090000,angle:1.370000,distense:185.800000,rcs:12.000000
timestame:1619469928.480000000,objid:8,type:0,xpos:0.000000,ypos:0.000000,xspeed:7.340000,yspeed:0.070000,angle:1.210000,distense:179.400000,rcs:21.000000
