timestame:1619470737.349000000,objid:0,type:0,xpos:0.000000,ypos:0.000000,xspeed:-18.070000,yspeed:0.000000,angle:-3.820000,distense:158.800000,rcs:9.000000
timestame:1619470737.349000000,objid:1,type:0,xpos:0.000000,ypos:0.000000,xspeed:11.930000,yspeed:-0.140000,angle:1.220000,distense:114.600000,rcs:13.000000
timestame:1619470737.349000000,objid:6,type:0,xpos:0.000000,ypos:0.000000,xspeed:12.070000,yspeed:0.050000,angle:1.500000,distense:104.000000,rcs:30.000000
