timestame:1619469927.922000000,objid:1,type:0,xpos:0.000000,ypos:0.000000,xspeed:6.920000,yspeed:0.020000,angle:1.340000,distense:181.000000,rcs:9.000000
timestame:1619469927.922000000,objid:8,type:0,xpos:0.000000,ypos:0.000000,xspeed:7.110000,yspeed:0.090000,angle:1.250000,distense:174.600000,rcs:21.000000
