timestame:1619469914.222000000,objid:0,type:0,xpos:0.000000,ypos:0.000000,xspeed:-6.370000,yspeed:1.850000,angle:-18.000000,distense:30.800000,rcs:6.000000
timestame:1619469914.222000000,objid:1,type:0,xpos:0.000000,ypos:0.000000,xspeed:5.000000,yspeed:0.050000,angle:1.670000,distense:96.200000,rcs:15.000000
timestame:1619469914.222000000,objid:2,type:0,xpos:0.000000,ypos:0.000000,xspeed:12.540000,yspeed:0.290000,angle:2.550000,distense:182.800000,rcs:22.000000
timestame:1619469914.222000000,objid:8,type:0,xpos:0.000000,ypos:0.000000,xspeed:4.970000,yspeed:-0.150000,angle:1.670000,distense:89.200000,rcs:33.000000
