timestame:1619470329.680000000,objid:0,type:0,xpos:0.000000,ypos:0.000000,xspeed:16.140000,yspeed:-0.340000,angle:0.560000,distense:172.600000,rcs:20.000000
timestame:1619470329.680000000,objid:2,type:0,xpos:0.000000,ypos:0.000000,xspeed:9.580000,yspeed:0.260000,angle:1.000000,distense:198.600000,rcs:21.000000
timestame:1619470329.680000000,objid:3,type:0,xpos:0.000000,ypos:0.000000,xspeed:14.210000,yspeed:0.270000,angle:2.330000,distense:223.600000,rcs:6.000000
timestame:1619470329.680000000,objid:5,type:0,xpos:0.000000,ypos:0.000000,xspeed:9.400000,yspeed:0.280000,angle:1.300000,distense:213.200000,rcs:9.000000
