timestame:1619469556.683000000,objid:2,type:0,xpos:0.000000,ypos:0.000000,xspeed:-1.070000,yspeed:4.890000,angle:-12.770000,distense:37.600000,rcs:22.000000
timestame:1619469556.683000000,objid:4,type:0,xpos:0.000000,ypos:0.000000,xspeed:-1.720000,yspeed:6.470000,angle:2.050000,distense:41.200000,rcs:27.000000
timestame:1619469556.683000000,objid:5,type:0,xpos:0.000000,ypos:0.000000,xspeed:-2.690000,yspeed:8.230000,angle:7.770000,distense:40.400000,rcs:25.000000
timestame:1619469556.683000000,objid:10,type:0,xpos:0.000000,ypos:0.000000,xspeed:1.420000,yspeed:-4.630000,angle:3.440000,distense:50.400000,rcs:6.000000
