timestame:1619471212.659000000,objid:2,type:0,xpos:0.000000,ypos:0.000000,xspeed:6.330000,yspeed:3.250000,angle:21.540000,distense:29.000000,rcs:18.000000
timestame:1619471212.659000000,objid:3,type:0,xpos:0.000000,ypos:0.000000,xspeed:5.190000,yspeed:3.000000,angle:-16.100000,distense:25.600000,rcs:31.000000
timestame:1619471212.659000000,objid:4,type:0,xpos:0.000000,ypos:0.000000,xspeed:-7.640000,yspeed:-0.300000,angle:-18.000000,distense:36.800000,rcs:16.000000
timestame:1619471212.659000000,objid:5,type:0,xpos:0.000000,ypos:0.000000,xspeed:-6.830000,yspeed:-0.530000,angle:-18.000000,distense:35.000000,rcs:12.000000
