timestame:1619471372.119000000,objid:1,type:0,xpos:0.000000,ypos:0.000000,xspeed:8.990000,yspeed:0.000000,angle:2.310000,distense:160.800000,rcs:22.000000
timestame:1619471372.119000000,objid:7,type:0,xpos:0.000000,ypos:0.000000,xspeed:10.300000,yspeed:0.250000,angle:1.530000,distense:207.200000,rcs:19.000000
