timestame:1619470479.462000000,objid:0,type:0,xpos:0.000000,ypos:0.000000,xspeed:-7.390000,yspeed:-0.330000,angle:-6.800000,distense:99.600000,rcs:24.000000
timestame:1619470479.462000000,objid:2,type:0,xpos:0.000000,ypos:0.000000,xspeed:1.690000,yspeed:-0.460000,angle:11.850000,distense:78.400000,rcs:6.000000
timestame:1619470479.462000000,objid:4,type:0,xpos:0.000000,ypos:0.000000,xspeed:1.130000,yspeed:-2.670000,angle:-14.810000,distense:46.600000,rcs:16.000000
