timestame:1619469707.491000000,objid:6,type:0,xpos:0.000000,ypos:0.000000,xspeed:-2.820000,yspeed:-1.200000,angle:-18.000000,distense:33.200000,rcs:20.000000
timestame:1619469707.491000000,objid:8,type:0,xpos:0.000000,ypos:0.000000,xspeed:16.890000,yspeed:0.000000,angle:-13.270000,distense:41.800000,rcs:28.000000
timestame:1619469707.491000000,objid:10,type:0,xpos:0.000000,ypos:0.000000,xspeed:-3.180000,yspeed:-5.360000,angle:-18.000000,distense:38.200000,rcs:12.000000
