timestame:1619470221.944000000,objid:8,type:0,xpos:0.000000,ypos:0.000000,xspeed:-3.490000,yspeed:12.170000,angle:-18.000000,distense:45.000000,rcs:15.000000
timestame:1619470221.944000000,objid:11,type:0,xpos:0.000000,ypos:0.000000,xspeed:-2.010000,yspeed:6.490000,angle:-15.050000,distense:44.200000,rcs:13.000000
