timestame:1619470707.840000000,objid:1,type:0,xpos:0.000000,ypos:0.000000,xspeed:12.310000,yspeed:0.140000,angle:2.170000,distense:186.600000,rcs:15.000000
timestame:1619470707.840000000,objid:2,type:0,xpos:0.000000,ypos:0.000000,xspeed:3.370000,yspeed:1.780000,angle:-13.670000,distense:18.200000,rcs:9.000000
