timestame:1619470617.052000000,objid:0,type:0,xpos:0.000000,ypos:0.000000,xspeed:2.150000,yspeed:-10.170000,angle:-18.000000,distense:73.800000,rcs:6.000000
timestame:1619470617.052000000,objid:1,type:0,xpos:0.000000,ypos:0.000000,xspeed:-21.940000,yspeed:0.990000,angle:-7.630000,distense:109.000000,rcs:15.000000
timestame:1619470617.052000000,objid:10,type:0,xpos:0.000000,ypos:0.000000,xspeed:-1.240000,yspeed:5.600000,angle:-15.940000,distense:41.400000,rcs:6.000000
