timestame:1619470113.230000000,objid:1,type:0,xpos:0.000000,ypos:0.000000,xspeed:5.240000,yspeed:0.000000,angle:-15.110000,distense:26.000000,rcs:20.000000
timestame:1619470113.230000000,objid:3,type:0,xpos:0.000000,ypos:0.000000,xspeed:22.560000,yspeed:6.980000,angle:20.040000,distense:49.400000,rcs:9.000000
timestame:1619470113.230000000,objid:7,type:0,xpos:0.000000,ypos:0.000000,xspeed:5.840000,yspeed:1.750000,angle:22.310000,distense:34.600000,rcs:38.000000
