timestame:1619469755.545000000,objid:3,type:0,xpos:0.000000,ypos:0.000000,xspeed:6.150000,yspeed:1.230000,angle:21.910000,distense:28.400000,rcs:36.000000
timestame:1619469755.545000000,objid:5,type:0,xpos:0.000000,ypos:0.000000,xspeed:5.760000,yspeed:0.630000,angle:18.270000,distense:30.400000,rcs:39.000000
