timestame:1619471040.862000000,objid:2,type:0,xpos:0.000000,ypos:0.000000,xspeed:-2.090000,yspeed:-1.200000,angle:-18.000000,distense:36.200000,rcs:23.000000
timestame:1619471040.862000000,objid:6,type:0,xpos:0.000000,ypos:0.000000,xspeed:-3.710000,yspeed:-5.340000,angle:-18.000000,distense:38.600000,rcs:27.000000
timestame:1619471040.862000000,objid:10,type:0,xpos:0.000000,ypos:0.000000,xspeed:-6.260000,yspeed:-15.510000,angle:-18.000000,distense:39.000000,rcs:25.000000
