timestame:1619470655.440000000,objid:0,type:0,xpos:0.000000,ypos:0.000000,xspeed:-1.930000,yspeed:-2.230000,angle:-18.000000,distense:34.200000,rcs:25.000000
timestame:1619470655.440000000,objid:7,type:0,xpos:0.000000,ypos:0.000000,xspeed:-1.930000,yspeed:-3.810000,angle:-18.000000,distense:37.200000,rcs:12.000000
timestame:1619470655.440000000,objid:11,type:0,xpos:0.000000,ypos:0.000000,xspeed:-1.470000,yspeed:-2.420000,angle:-15.450000,distense:37.600000,rcs:29.000000
timestame:1619470655.440000000,objid:18,type:0,xpos:0.000000,ypos:0.000000,xspeed:-3.580000,yspeed:0.090000,angle:-7.760000,distense:111.000000,rcs:20.000000
