timestame:1619469701.945000000,objid:1,type:0,xpos:0.000000,ypos:0.000000,xspeed:-2.140000,yspeed:-6.020000,angle:-12.330000,distense:42.400000,rcs:40.000000
timestame:1619469701.945000000,objid:2,type:0,xpos:0.000000,ypos:0.000000,xspeed:-2.550000,yspeed:-1.100000,angle:-18.000000,distense:36.600000,rcs:12.000000
timestame:1619469701.945000000,objid:5,type:0,xpos:0.000000,ypos:0.000000,xspeed:-3.160000,yspeed:-0.990000,angle:-18.000000,distense:33.400000,rcs:9.000000
timestame:1619469701.945000000,objid:10,type:0,xpos:0.000000,ypos:0.000000,xspeed:-1.950000,yspeed:-3.460000,angle:-16.740000,distense:41.200000,rcs:27.000000
