timestame:1619469621.676000000,objid:1,type:0,xpos:0.000000,ypos:0.000000,xspeed:-3.200000,yspeed:0.180000,angle:-14.500000,distense:64.600000,rcs:22.000000
timestame:1619469621.676000000,objid:2,type:0,xpos:0.000000,ypos:0.000000,xspeed:-3.980000,yspeed:-0.330000,angle:-12.910000,distense:76.000000,rcs:20.000000
timestame:1619469621.676000000,objid:4,type:0,xpos:0.000000,ypos:0.000000,xspeed:-15.470000,yspeed:0.110000,angle:-7.120000,distense:87.000000,rcs:13.000000
