timestame:1619469705.573000000,objid:1,type:0,xpos:0.000000,ypos:0.000000,xspeed:-1.360000,yspeed:-3.250000,angle:-18.000000,distense:41.800000,rcs:6.000000
timestame:1619469705.573000000,objid:5,type:0,xpos:0.000000,ypos:0.000000,xspeed:-6.440000,yspeed:5.360000,angle:-13.030000,distense:56.200000,rcs:16.000000
timestame:1619469705.573000000,objid:6,type:0,xpos:0.000000,ypos:0.000000,xspeed:-1.440000,yspeed:-0.780000,angle:-18.000000,distense:37.200000,rcs:6.000000
timestame:1619469705.573000000,objid:14,type:0,xpos:0.000000,ypos:0.000000,xspeed:-2.700000,yspeed:-2.560000,angle:-18.000000,distense:38.200000,rcs:28.000000
