timestame:1619471254.240000000,objid:1,type:0,xpos:0.000000,ypos:0.000000,xspeed:3.720000,yspeed:2.620000,angle:5.340000,distense:86.600000,rcs:6.000000
timestame:1619471254.240000000,objid:3,type:0,xpos:0.000000,ypos:0.000000,xspeed:-16.170000,yspeed:-0.270000,angle:-7.400000,distense:112.800000,rcs:9.000000
