timestame:1619469633.445000000,objid:3,type:0,xpos:0.000000,ypos:0.000000,xspeed:-7.950000,yspeed:0.650000,angle:-6.510000,distense:59.000000,rcs:18.000000
timestame:1619469633.445000000,objid:4,type:0,xpos:0.000000,ypos:0.000000,xspeed:4.500000,yspeed:2.460000,angle:21.400000,distense:22.200000,rcs:23.000000
timestame:1619469633.445000000,objid:6,type:0,xpos:0.000000,ypos:0.000000,xspeed:-9.010000,yspeed:0.020000,angle:-8.390000,distense:55.400000,rcs:19.000000
