timestame:1619470482.505000000,objid:1,type:0,xpos:0.000000,ypos:0.000000,xspeed:-4.240000,yspeed:-0.180000,angle:-7.730000,distense:88.800000,rcs:27.000000
timestame:1619470482.505000000,objid:2,type:0,xpos:0.000000,ypos:0.000000,xspeed:1.700000,yspeed:-0.130000,angle:10.880000,distense:83.400000,rcs:6.000000
timestame:1619470482.505000000,objid:3,type:0,xpos:0.000000,ypos:0.000000,xspeed:-1.460000,yspeed:0.000000,angle:20.970000,distense:44.600000,rcs:30.000000
timestame:1619470482.505000000,objid:6,type:0,xpos:0.000000,ypos:0.000000,xspeed:-3.630000,yspeed:0.720000,angle:-6.600000,distense:94.600000,rcs:13.000000
