timestame:1619470499.911000000,objid:2,type:0,xpos:0.000000,ypos:0.000000,xspeed:-1.220000,yspeed:-1.320000,angle:-18.000000,distense:38.600000,rcs:26.000000
timestame:1619470499.911000000,objid:4,type:0,xpos:0.000000,ypos:0.000000,xspeed:1.750000,yspeed:-3.840000,angle:12.430000,distense:45.200000,rcs:25.000000
timestame:1619470499.911000000,objid:7,type:0,xpos:0.000000,ypos:0.000000,xspeed:-1.730000,yspeed:-2.550000,angle:-18.000000,distense:45.400000,rcs:9.000000
