timestame:1619470569.631000000,objid:1,type:0,xpos:0.000000,ypos:0.000000,xspeed:4.040000,yspeed:2.820000,angle:-13.470000,distense:37.800000,rcs:6.000000
timestame:1619470569.631000000,objid:3,type:0,xpos:0.000000,ypos:0.000000,xspeed:15.460000,yspeed:0.110000,angle:1.010000,distense:191.600000,rcs:27.000000
timestame:1619470569.631000000,objid:5,type:0,xpos:0.000000,ypos:0.000000,xspeed:-1.960000,yspeed:4.050000,angle:-3.420000,distense:42.000000,rcs:6.000000
timestame:1619470569.631000000,objid:6,type:0,xpos:0.000000,ypos:0.000000,xspeed:-29.930000,yspeed:-4.600000,angle:16.390000,distense:23.000000,rcs:9.000000
