timestame:1619470610.179000000,objid:0,type:0,xpos:0.000000,ypos:0.000000,xspeed:6.830000,yspeed:5.010000,angle:-15.970000,distense:29.400000,rcs:6.000000
timestame:1619470610.179000000,objid:2,type:0,xpos:0.000000,ypos:0.000000,xspeed:7.040000,yspeed:1.280000,angle:17.310000,distense:34.000000,rcs:6.000000
