timestame:1619470871.458000000,objid:1,type:0,xpos:0.000000,ypos:0.000000,xspeed:-13.650000,yspeed:2.420000,angle:-3.530000,distense:144.000000,rcs:9.000000
timestame:1619470871.458000000,objid:3,type:0,xpos:0.000000,ypos:0.000000,xspeed:4.630000,yspeed:-6.780000,angle:-6.210000,distense:52.800000,rcs:6.000000
timestame:1619470871.458000000,objid:4,type:0,xpos:0.000000,ypos:0.000000,xspeed:4.610000,yspeed:-0.880000,angle:0.080000,distense:13.600000,rcs:28.000000
