timestame:1619470750.702000000,objid:0,type:0,xpos:0.000000,ypos:0.000000,xspeed:-1.320000,yspeed:-2.800000,angle:-16.860000,distense:40.000000,rcs:29.000000
timestame:1619470750.702000000,objid:5,type:0,xpos:0.000000,ypos:0.000000,xspeed:1.600000,yspeed:-4.660000,angle:-0.180000,distense:44.000000,rcs:27.000000
timestame:1619470750.702000000,objid:8,type:0,xpos:0.000000,ypos:0.000000,xspeed:1.370000,yspeed:-13.400000,angle:-16.880000,distense:45.800000,rcs:26.000000
