timestame:1619469699.261000000,objid:2,type:0,xpos:0.000000,ypos:0.000000,xspeed:-1.900000,yspeed:-2.360000,angle:-18.000000,distense:41.600000,rcs:20.000000
timestame:1619469699.261000000,objid:5,type:0,xpos:0.000000,ypos:0.000000,xspeed:-3.910000,yspeed:-2.060000,angle:-18.000000,distense:38.800000,rcs:13.000000
timestame:1619469699.261000000,objid:8,type:0,xpos:0.000000,ypos:0.000000,xspeed:3.280000,yspeed:5.370000,angle:-8.150000,distense:46.000000,rcs:30.000000
