timestame:1619470702.129000000,objid:0,type:0,xpos:0.000000,ypos:0.000000,xspeed:4.710000,yspeed:2.400000,angle:20.080000,distense:28.400000,rcs:24.000000
timestame:1619470702.129000000,objid:1,type:0,xpos:0.000000,ypos:0.000000,xspeed:10.000000,yspeed:-0.070000,angle:3.230000,distense:118.200000,rcs:12.000000
timestame:1619470702.129000000,objid:2,type:0,xpos:0.000000,ypos:0.000000,xspeed:-8.860000,yspeed:-0.010000,angle:-12.860000,distense:87.200000,rcs:13.000000
