timestame:1619470944.134000000,objid:1,type:0,xpos:0.000000,ypos:0.000000,xspeed:-6.280000,yspeed:0.450000,angle:-17.470000,distense:43.800000,rcs:9.000000
timestame:1619470944.134000000,objid:5,type:0,xpos:0.000000,ypos:0.000000,xspeed:-6.200000,yspeed:-0.540000,angle:-18.000000,distense:48.600000,rcs:16.000000
timestame:1619470944.134000000,objid:7,type:0,xpos:0.000000,ypos:0.000000,xspeed:-5.410000,yspeed:-0.830000,angle:-18.000000,distense:46.000000,rcs:16.000000
