timestame:1619469915.526000000,objid:1,type:0,xpos:0.000000,ypos:0.000000,xspeed:5.360000,yspeed:0.080000,angle:1.600000,distense:103.600000,rcs:25.000000
timestame:1619469915.526000000,objid:2,type:0,xpos:0.000000,ypos:0.000000,xspeed:13.350000,yspeed:0.370000,angle:2.500000,distense:201.600000,rcs:24.000000
timestame:1619469915.526000000,objid:8,type:0,xpos:0.000000,ypos:0.000000,xspeed:5.280000,yspeed:0.000000,angle:1.650000,distense:96.600000,rcs:22.000000
