timestame:1619469532.347000000,objid:1,type:0,xpos:0.000000,ypos:0.000000,xspeed:1.640000,yspeed:-5.160000,angle:-18.000000,distense:80.600000,rcs:9.000000
timestame:1619469532.347000000,objid:4,type:0,xpos:0.000000,ypos:0.000000,xspeed:16.200000,yspeed:1.260000,angle:2.780000,distense:35.600000,rcs:35.000000
timestame:1619469532.347000000,objid:7,type:0,xpos:0.000000,ypos:0.000000,xspeed:17.250000,yspeed:0.390000,angle:1.510000,distense:44.000000,rcs:30.000000
