timestame:1619469923.712000000,objid:1,type:0,xpos:0.000000,ypos:0.000000,xspeed:6.040000,yspeed:0.090000,angle:1.390000,distense:152.000000,rcs:13.000000
timestame:1619469923.712000000,objid:8,type:0,xpos:0.000000,ypos:0.000000,xspeed:6.060000,yspeed:0.040000,angle:1.340000,distense:145.000000,rcs:22.000000
