timestame:1619470498.369000000,objid:2,type:0,xpos:0.000000,ypos:0.000000,xspeed:-1.460000,yspeed:-2.730000,angle:-18.000000,distense:40.000000,rcs:32.000000
timestame:1619470498.369000000,objid:5,type:0,xpos:0.000000,ypos:0.000000,xspeed:2.520000,yspeed:-4.460000,angle:9.360000,distense:43.600000,rcs:37.000000
timestame:1619470498.369000000,objid:7,type:0,xpos:0.000000,ypos:0.000000,xspeed:-1.660000,yspeed:-1.630000,angle:-15.910000,distense:46.600000,rcs:9.000000
