timestame:1619469532.535000000,objid:1,type:0,xpos:0.000000,ypos:0.000000,xspeed:1.620000,yspeed:-5.220000,angle:-18.000000,distense:81.400000,rcs:9.000000
timestame:1619469532.535000000,objid:4,type:0,xpos:0.000000,ypos:0.000000,xspeed:16.190000,yspeed:1.620000,angle:3.390000,distense:38.600000,rcs:33.000000
timestame:1619469532.535000000,objid:7,type:0,xpos:0.000000,ypos:0.000000,xspeed:17.170000,yspeed:0.420000,angle:1.540000,distense:47.000000,rcs:34.000000
