timestame:1619470706.910000000,objid:0,type:0,xpos:0.000000,ypos:0.000000,xspeed:4.230000,yspeed:-1.400000,angle:-18.000000,distense:71.200000,rcs:6.000000
timestame:1619470706.910000000,objid:1,type:0,xpos:0.000000,ypos:0.000000,xspeed:12.010000,yspeed:0.040000,angle:2.200000,distense:175.200000,rcs:9.000000
timestame:1619470706.910000000,objid:2,type:0,xpos:0.000000,ypos:0.000000,xspeed:1.620000,yspeed:1.870000,angle:-11.680000,distense:14.400000,rcs:12.000000
timestame:1619470706.910000000,objid:4,type:0,xpos:0.000000,ypos:0.000000,xspeed:-14.020000,yspeed:-6.030000,angle:-17.850000,distense:10.200000,rcs:20.000000
