timestame:1619469853.625000000,objid:0,type:0,xpos:0.000000,ypos:0.000000,xspeed:4.440000,yspeed:-3.490000,angle:6.290000,distense:48.000000,rcs:25.000000
timestame:1619469853.625000000,objid:10,type:0,xpos:0.000000,ypos:0.000000,xspeed:-11.740000,yspeed:0.100000,angle:-4.060000,distense:155.000000,rcs:15.000000
timestame:1619469853.625000000,objid:18,type:0,xpos:0.000000,ypos:0.000000,xspeed:1.660000,yspeed:0.400000,angle:-8.980000,distense:91.600000,rcs:13.000000
