timestame:1619471068.765000000,objid:0,type:0,xpos:0.000000,ypos:0.000000,xspeed:-5.660000,yspeed:-0.280000,angle:-7.670000,distense:90.600000,rcs:16.000000
timestame:1619471068.765000000,objid:3,type:0,xpos:0.000000,ypos:0.000000,xspeed:-6.790000,yspeed:-0.170000,angle:-5.010000,distense:133.400000,rcs:9.000000
timestame:1619471068.765000000,objid:5,type:0,xpos:0.000000,ypos:0.000000,xspeed:-11.130000,yspeed:-0.330000,angle:-6.990000,distense:122.800000,rcs:20.000000
timestame:1619471068.765000000,objid:9,type:0,xpos:0.000000,ypos:0.000000,xspeed:-2.920000,yspeed:-0.250000,angle:-12.970000,distense:62.000000,rcs:18.000000
