timestame:1619470644.842000000,objid:2,type:0,xpos:0.000000,ypos:0.000000,xspeed:-6.310000,yspeed:-0.180000,angle:-5.410000,distense:157.200000,rcs:15.000000
timestame:1619470644.842000000,objid:5,type:0,xpos:0.000000,ypos:0.000000,xspeed:5.150000,yspeed:0.960000,angle:19.630000,distense:53.800000,rcs:6.000000
timestame:1619470644.842000000,objid:8,type:0,xpos:0.000000,ypos:0.000000,xspeed:-1.800000,yspeed:-3.350000,angle:8.780000,distense:85.600000,rcs:20.000000
