timestame:1619470979.276000000,objid:0,type:0,xpos:0.000000,ypos:0.000000,xspeed:7.270000,yspeed:-0.180000,angle:2.290000,distense:144.200000,rcs:26.000000
timestame:1619470979.276000000,objid:1,type:0,xpos:0.000000,ypos:0.000000,xspeed:-17.230000,yspeed:-1.460000,angle:-3.970000,distense:153.800000,rcs:15.000000
timestame:1619470979.276000000,objid:2,type:0,xpos:0.000000,ypos:0.000000,xspeed:-16.010000,yspeed:-1.180000,angle:-4.550000,distense:153.000000,rcs:19.000000
