timestame:1619470008.306000000,objid:1,type:0,xpos:0.000000,ypos:0.000000,xspeed:-22.560000,yspeed:-0.100000,angle:0.940000,distense:28.400000,rcs:6.000000
timestame:1619470008.306000000,objid:2,type:0,xpos:0.000000,ypos:0.000000,xspeed:-1.190000,yspeed:-1.220000,angle:-18.000000,distense:33.600000,rcs:23.000000
timestame:1619470008.306000000,objid:9,type:0,xpos:0.000000,ypos:0.000000,xspeed:-2.070000,yspeed:-2.460000,angle:-18.000000,distense:33.400000,rcs:16.000000
timestame:1619470008.306000000,objid:11,type:0,xpos:0.000000,ypos:0.000000,xspeed:-2.580000,yspeed:-1.640000,angle:-18.000000,distense:30.400000,rcs:9.000000
