timestame:1619469572.243000000,objid:1,type:0,xpos:0.000000,ypos:0.000000,xspeed:-6.260000,yspeed:-2.990000,angle:-18.000000,distense:32.600000,rcs:9.000000
timestame:1619469572.243000000,objid:3,type:0,xpos:0.000000,ypos:0.000000,xspeed:-9.000000,yspeed:1.070000,angle:-5.370000,distense:148.400000,rcs:9.000000
timestame:1619469572.243000000,objid:5,type:0,xpos:0.000000,ypos:0.000000,xspeed:-8.980000,yspeed:-0.310000,angle:-6.010000,distense:145.000000,rcs:15.000000
timestame:1619469572.243000000,objid:8,type:0,xpos:0.000000,ypos:0.000000,xspeed:-2.460000,yspeed:-2.000000,angle:-18.000000,distense:36.800000,rcs:20.000000
