timestame:1619470772.560000000,objid:0,type:0,xpos:0.000000,ypos:0.000000,xspeed:-9.800000,yspeed:-0.110000,angle:-6.510000,distense:129.600000,rcs:15.000000
timestame:1619470772.560000000,objid:1,type:0,xpos:0.000000,ypos:0.000000,xspeed:13.880000,yspeed:0.130000,angle:1.530000,distense:124.400000,rcs:18.000000
