timestame:1619470949.477000000,objid:1,type:0,xpos:0.000000,ypos:0.000000,xspeed:1.250000,yspeed:-0.130000,angle:9.110000,distense:18.800000,rcs:33.000000
timestame:1619470949.477000000,objid:3,type:0,xpos:0.000000,ypos:0.000000,xspeed:1.230000,yspeed:0.490000,angle:1.590000,distense:41.000000,rcs:9.000000
