timestame:1619469874.659000000,objid:0,type:0,xpos:0.000000,ypos:0.000000,xspeed:-3.000000,yspeed:-0.410000,angle:-18.000000,distense:24.200000,rcs:6.000000
timestame:1619469874.659000000,objid:17,type:0,xpos:0.000000,ypos:0.000000,xspeed:5.670000,yspeed:-2.010000,angle:10.160000,distense:68.400000,rcs:9.000000
