timestame:1619471408.074000000,objid:7,type:0,xpos:0.000000,ypos:0.000000,xspeed:-1.360000,yspeed:-2.990000,angle:-8.430000,distense:41.600000,rcs:28.000000
timestame:1619471408.074000000,objid:11,type:0,xpos:0.000000,ypos:0.000000,xspeed:-13.700000,yspeed:-11.300000,angle:-2.550000,distense:130.800000,rcs:6.000000
timestame:1619471408.074000000,objid:12,type:0,xpos:0.000000,ypos:0.000000,xspeed:-10.120000,yspeed:1.340000,angle:-3.390000,distense:206.000000,rcs:15.000000
