timestame:1619470074.195000000,objid:4,type:0,xpos:0.000000,ypos:0.000000,xspeed:-1.190000,yspeed:1.910000,angle:-15.980000,distense:42.800000,rcs:15.000000
timestame:1619470074.195000000,objid:8,type:0,xpos:0.000000,ypos:0.000000,xspeed:1.390000,yspeed:3.110000,angle:-5.370000,distense:43.400000,rcs:6.000000
