timestame:1619469784.285000000,objid:2,type:0,xpos:0.000000,ypos:0.000000,xspeed:16.930000,yspeed:-0.110000,angle:0.960000,distense:165.800000,rcs:18.000000
timestame:1619469784.285000000,objid:4,type:0,xpos:0.000000,ypos:0.000000,xspeed:-17.580000,yspeed:-0.340000,angle:-6.660000,distense:128.400000,rcs:13.000000
timestame:1619469784.285000000,objid:5,type:0,xpos:0.000000,ypos:0.000000,xspeed:1.600000,yspeed:3.520000,angle:-1.940000,distense:47.400000,rcs:6.000000
timestame:1619469784.285000000,objid:10,type:0,xpos:0.000000,ypos:0.000000,xspeed:16.680000,yspeed:0.260000,angle:1.300000,distense:153.000000,rcs:26.000000
