timestame:1619471148.719000000,objid:1,type:0,xpos:0.000000,ypos:0.000000,xspeed:-1.370000,yspeed:-2.460000,angle:14.900000,distense:40.400000,rcs:29.000000
timestame:1619471148.719000000,objid:5,type:0,xpos:0.000000,ypos:0.000000,xspeed:-1.270000,yspeed:6.240000,angle:13.590000,distense:40.600000,rcs:9.000000
