timestame:1619470473.610000000,objid:1,type:0,xpos:0.000000,ypos:0.000000,xspeed:-11.210000,yspeed:-0.500000,angle:-4.290000,distense:152.400000,rcs:12.000000
timestame:1619470473.610000000,objid:2,type:0,xpos:0.000000,ypos:0.000000,xspeed:2.350000,yspeed:-2.500000,angle:13.720000,distense:71.400000,rcs:6.000000
