timestame:1619470493.085000000,objid:2,type:0,xpos:0.000000,ypos:0.000000,xspeed:1.490000,yspeed:-5.470000,angle:14.340000,distense:56.800000,rcs:15.000000
timestame:1619470493.085000000,objid:3,type:0,xpos:0.000000,ypos:0.000000,xspeed:1.850000,yspeed:-4.770000,angle:8.510000,distense:45.200000,rcs:23.000000
