timestame:1619471364.321000000,objid:1,type:0,xpos:0.000000,ypos:0.000000,xspeed:1.730000,yspeed:-0.780000,angle:4.130000,distense:94.800000,rcs:20.000000
timestame:1619471364.321000000,objid:2,type:0,xpos:0.000000,ypos:0.000000,xspeed:6.820000,yspeed:-0.290000,angle:3.780000,distense:99.400000,rcs:6.000000
timestame:1619471364.321000000,objid:4,type:0,xpos:0.000000,ypos:0.000000,xspeed:6.590000,yspeed:0.030000,angle:4.750000,distense:92.800000,rcs:23.000000
timestame:1619471364.321000000,objid:7,type:0,xpos:0.000000,ypos:0.000000,xspeed:10.760000,yspeed:0.210000,angle:1.580000,distense:120.600000,rcs:28.000000
