timestame:1619470800.624000000,objid:2,type:0,xpos:0.000000,ypos:0.000000,xspeed:-8.600000,yspeed:0.310000,angle:-7.800000,distense:33.600000,rcs:6.000000
timestame:1619470800.624000000,objid:4,type:0,xpos:0.000000,ypos:0.000000,xspeed:-1.670000,yspeed:-1.810000,angle:-10.350000,distense:43.400000,rcs:35.000000
timestame:1619470800.624000000,objid:8,type:0,xpos:0.000000,ypos:0.000000,xspeed:-1.050000,yspeed:-5.220000,angle:-18.000000,distense:44.000000,rcs:9.000000
timestame:1619470800.624000000,objid:15,type:0,xpos:0.000000,ypos:0.000000,xspeed:-1.080000,yspeed:-1.570000,angle:-18.000000,distense:37.400000,rcs:9.000000
