timestame:1619469646.102000000,objid:2,type:0,xpos:0.000000,ypos:0.000000,xspeed:12.740000,yspeed:0.890000,angle:5.360000,distense:79.600000,rcs:27.000000
timestame:1619469646.102000000,objid:13,type:0,xpos:0.000000,ypos:0.000000,xspeed:15.130000,yspeed:0.590000,angle:2.270000,distense:137.200000,rcs:34.000000
timestame:1619469646.102000000,objid:14,type:0,xpos:0.000000,ypos:0.000000,xspeed:12.880000,yspeed:0.400000,angle:5.140000,distense:76.800000,rcs:30.000000
