timestame:1619471090.991000000,objid:1,type:0,xpos:0.000000,ypos:0.000000,xspeed:10.710000,yspeed:0.380000,angle:5.510000,distense:57.400000,rcs:25.000000
timestame:1619471090.991000000,objid:2,type:0,xpos:0.000000,ypos:0.000000,xspeed:6.120000,yspeed:0.270000,angle:2.210000,distense:48.200000,rcs:40.000000
timestame:1619471090.991000000,objid:4,type:0,xpos:0.000000,ypos:0.000000,xspeed:-21.960000,yspeed:-0.910000,angle:-18.000000,distense:30.200000,rcs:12.000000
timestame:1619471090.991000000,objid:5,type:0,xpos:0.000000,ypos:0.000000,xspeed:11.600000,yspeed:1.130000,angle:2.040000,distense:108.200000,rcs:16.000000
