timestame:1619470227.597000000,objid:2,type:0,xpos:0.000000,ypos:0.000000,xspeed:-1.240000,yspeed:-2.940000,angle:-8.330000,distense:42.200000,rcs:43.000000
timestame:1619470227.597000000,objid:4,type:0,xpos:0.000000,ypos:0.000000,xspeed:7.920000,yspeed:-0.710000,angle:8.020000,distense:172.400000,rcs:9.000000
timestame:1619470227.597000000,objid:8,type:0,xpos:0.000000,ypos:0.000000,xspeed:-1.850000,yspeed:-2.520000,angle:-13.600000,distense:40.600000,rcs:19.000000
timestame:1619470227.597000000,objid:11,type:0,xpos:0.000000,ypos:0.000000,xspeed:-8.260000,yspeed:6.630000,angle:-2.640000,distense:189.000000,rcs:12.000000
