timestame:1619470645.534000000,objid:2,type:0,xpos:0.000000,ypos:0.000000,xspeed:-6.180000,yspeed:-0.190000,angle:-5.600000,distense:153.400000,rcs:16.000000
timestame:1619470645.534000000,objid:5,type:0,xpos:0.000000,ypos:0.000000,xspeed:-1.960000,yspeed:2.260000,angle:-13.340000,distense:47.200000,rcs:25.000000
timestame:1619470645.534000000,objid:8,type:0,xpos:0.000000,ypos:0.000000,xspeed:-1.770000,yspeed:-4.700000,angle:6.160000,distense:84.000000,rcs:13.000000
timestame:1619470645.534000000,objid:9,type:0,xpos:0.000000,ypos:0.000000,xspeed:-1.510000,yspeed:10.770000,angle:-6.830000,distense:44.800000,rcs:6.000000
