timestame:1619470871.273000000,objid:1,type:0,xpos:0.000000,ypos:0.000000,xspeed:-13.650000,yspeed:2.420000,angle:-3.640000,distense:146.600000,rcs:9.000000
timestame:1619470871.273000000,objid:3,type:0,xpos:0.000000,ypos:0.000000,xspeed:11.040000,yspeed:-3.240000,angle:-5.040000,distense:53.400000,rcs:6.000000
timestame:1619470871.273000000,objid:4,type:0,xpos:0.000000,ypos:0.000000,xspeed:4.190000,yspeed:-1.440000,angle:-0.020000,distense:12.400000,rcs:25.000000
