timestame:1619471252.203000000,objid:1,type:0,xpos:0.000000,ypos:0.000000,xspeed:2.250000,yspeed:3.050000,angle:2.190000,distense:77.600000,rcs:12.000000
timestame:1619471252.203000000,objid:3,type:0,xpos:0.000000,ypos:0.000000,xspeed:-17.430000,yspeed:-0.640000,angle:-5.760000,distense:144.800000,rcs:12.000000
