timestame:1619470932.996000000,objid:0,type:0,xpos:0.000000,ypos:0.000000,xspeed:-1.050000,yspeed:-1.030000,angle:-4.900000,distense:14.200000,rcs:22.000000
timestame:1619470932.996000000,objid:7,type:0,xpos:0.000000,ypos:0.000000,xspeed:-2.690000,yspeed:-0.130000,angle:-11.190000,distense:82.200000,rcs:18.000000
