timestame:1619470166.800000000,objid:0,type:0,xpos:0.000000,ypos:0.000000,xspeed:5.220000,yspeed:0.180000,angle:2.140000,distense:35.400000,rcs:27.000000
timestame:1619470166.800000000,objid:3,type:0,xpos:0.000000,ypos:0.000000,xspeed:7.020000,yspeed:0.470000,angle:6.430000,distense:65.600000,rcs:29.000000
