timestame:1619470665.173000000,objid:0,type:0,xpos:0.000000,ypos:0.000000,xspeed:-1.200000,yspeed:0.150000,angle:-9.660000,distense:93.200000,rcs:23.000000
timestame:1619470665.173000000,objid:3,type:0,xpos:0.000000,ypos:0.000000,xspeed:-1.650000,yspeed:-0.160000,angle:-8.220000,distense:104.000000,rcs:6.000000
