timestame:1619471135.324000000,objid:5,type:0,xpos:0.000000,ypos:0.000000,xspeed:16.890000,yspeed:0.000000,angle:19.730000,distense:45.200000,rcs:26.000000
timestame:1619471135.324000000,objid:7,type:0,xpos:0.000000,ypos:0.000000,xspeed:-17.700000,yspeed:-20.480000,angle:12.900000,distense:34.400000,rcs:39.000000
