timestame:1619470344.124000000,objid:6,type:0,xpos:0.000000,ypos:0.000000,xspeed:-1.730000,yspeed:4.920000,angle:-12.750000,distense:34.800000,rcs:12.000000
timestame:1619470344.124000000,objid:9,type:0,xpos:0.000000,ypos:0.000000,xspeed:-10.330000,yspeed:-4.730000,angle:-3.430000,distense:120.200000,rcs:12.000000
