timestame:1619469684.200000000,objid:2,type:0,xpos:0.000000,ypos:0.000000,xspeed:-1.890000,yspeed:4.750000,angle:-18.000000,distense:52.400000,rcs:6.000000
timestame:1619469684.200000000,objid:4,type:0,xpos:0.000000,ypos:0.000000,xspeed:-2.880000,yspeed:5.850000,angle:-18.000000,distense:54.000000,rcs:15.000000
