timestame:1619469635.502000000,objid:2,type:0,xpos:0.000000,ypos:0.000000,xspeed:4.110000,yspeed:1.640000,angle:20.770000,distense:22.200000,rcs:30.000000
timestame:1619469635.502000000,objid:3,type:0,xpos:0.000000,ypos:0.000000,xspeed:-5.580000,yspeed:3.050000,angle:-0.190000,distense:47.400000,rcs:22.000000
timestame:1619469635.502000000,objid:4,type:0,xpos:0.000000,ypos:0.000000,xspeed:4.090000,yspeed:0.110000,angle:21.730000,distense:29.800000,rcs:13.000000
timestame:1619469635.502000000,objid:5,type:0,xpos:0.000000,ypos:0.000000,xspeed:3.790000,yspeed:2.210000,angle:20.050000,distense:25.800000,rcs:33.000000
