timestame:1619471064.605000000,objid:0,type:0,xpos:0.000000,ypos:0.000000,xspeed:-6.720000,yspeed:0.420000,angle:-4.980000,distense:113.600000,rcs:18.000000
timestame:1619471064.605000000,objid:2,type:0,xpos:0.000000,ypos:0.000000,xspeed:8.080000,yspeed:-20.480000,angle:-17.400000,distense:63.200000,rcs:13.000000
timestame:1619471064.605000000,objid:3,type:0,xpos:0.000000,ypos:0.000000,xspeed:-7.780000,yspeed:-1.000000,angle:-4.060000,distense:161.800000,rcs:12.000000
timestame:1619471064.605000000,objid:9,type:0,xpos:0.000000,ypos:0.000000,xspeed:-1.670000,yspeed:-0.070000,angle:-10.140000,distense:73.000000,rcs:18.000000
