timestame:1619469625.977000000,objid:1,type:0,xpos:0.000000,ypos:0.000000,xspeed:-4.520000,yspeed:-0.160000,angle:-18.000000,distense:45.600000,rcs:16.000000
timestame:1619469625.977000000,objid:2,type:0,xpos:0.000000,ypos:0.000000,xspeed:-4.380000,yspeed:0.000000,angle:-16.900000,distense:58.400000,rcs:27.000000
timestame:1619469625.977000000,objid:4,type:0,xpos:0.000000,ypos:0.000000,xspeed:-12.560000,yspeed:-0.480000,angle:-18.000000,distense:34.200000,rcs:9.000000
timestame:1619469625.977000000,objid:5,type:0,xpos:0.000000,ypos:0.000000,xspeed:-3.180000,yspeed:4.310000,angle:-10.460000,distense:67.400000,rcs:6.000000
