timestame:1619470946.244000000,objid:1,type:0,xpos:0.000000,ypos:0.000000,xspeed:-7.740000,yspeed:-0.380000,angle:-18.000000,distense:27.600000,rcs:6.000000
timestame:1619470946.244000000,objid:5,type:0,xpos:0.000000,ypos:0.000000,xspeed:-6.580000,yspeed:-0.410000,angle:-18.000000,distense:36.000000,rcs:9.000000
timestame:1619470946.244000000,objid:7,type:0,xpos:0.000000,ypos:0.000000,xspeed:-6.300000,yspeed:-0.260000,angle:-18.000000,distense:33.800000,rcs:6.000000
