timestame:1619470103.122000000,objid:3,type:0,xpos:0.000000,ypos:0.000000,xspeed:2.600000,yspeed:-12.800000,angle:-18.000000,distense:59.800000,rcs:9.000000
timestame:1619470103.122000000,objid:7,type:0,xpos:0.000000,ypos:0.000000,xspeed:-10.700000,yspeed:1.450000,angle:15.250000,distense:29.800000,rcs:22.000000
timestame:1619470103.122000000,objid:11,type:0,xpos:0.000000,ypos:0.000000,xspeed:2.510000,yspeed:0.920000,angle:13.960000,distense:18.600000,rcs:31.000000
