timestame:1619471086.028000000,objid:0,type:0,xpos:0.000000,ypos:0.000000,xspeed:8.360000,yspeed:0.360000,angle:1.460000,distense:54.000000,rcs:32.000000
timestame:1619471086.028000000,objid:4,type:0,xpos:0.000000,ypos:0.000000,xspeed:-23.630000,yspeed:-5.060000,angle:-4.700000,distense:137.200000,rcs:12.000000
timestame:1619471086.028000000,objid:11,type:0,xpos:0.000000,ypos:0.000000,xspeed:2.250000,yspeed:0.100000,angle:2.470000,distense:20.400000,rcs:40.000000
