timestame:1619469482.195000000,objid:1,type:0,xpos:0.000000,ypos:0.000000,xspeed:-4.340000,yspeed:-2.730000,angle:-11.450000,distense:82.200000,rcs:19.000000
timestame:1619469482.195000000,objid:3,type:0,xpos:0.000000,ypos:0.000000,xspeed:4.530000,yspeed:-1.350000,angle:12.720000,distense:12.200000,rcs:16.000000
timestame:1619469482.195000000,objid:7,type:0,xpos:0.000000,ypos:0.000000,xspeed:-1.800000,yspeed:-0.130000,angle:-10.030000,distense:92.800000,rcs:9.000000
