timestame:1619470790.150000000,objid:0,type:0,xpos:0.000000,ypos:0.000000,xspeed:1.850000,yspeed:0.150000,angle:1.450000,distense:17.600000,rcs:31.000000
timestame:1619470790.150000000,objid:2,type:0,xpos:0.000000,ypos:0.000000,xspeed:-4.180000,yspeed:-7.660000,angle:-3.880000,distense:49.200000,rcs:9.000000
