timestame:1619471250.533000000,objid:0,type:0,xpos:0.000000,ypos:0.000000,xspeed:-15.240000,yspeed:6.020000,angle:-1.920000,distense:174.200000,rcs:6.000000
timestame:1619471250.533000000,objid:3,type:0,xpos:0.000000,ypos:0.000000,xspeed:-16.610000,yspeed:0.000000,angle:-4.460000,distense:173.400000,rcs:12.000000
