timestame:1619471316.100000000,objid:1,type:0,xpos:0.000000,ypos:0.000000,xspeed:-14.270000,yspeed:-0.520000,angle:-4.950000,distense:136.000000,rcs:16.000000
timestame:1619471316.100000000,objid:2,type:0,xpos:0.000000,ypos:0.000000,xspeed:-1.960000,yspeed:5.580000,angle:-6.700000,distense:38.200000,rcs:6.000000
