timestame:1619471001.285000000,objid:0,type:0,xpos:0.000000,ypos:0.000000,xspeed:-17.480000,yspeed:-0.060000,angle:-4.830000,distense:162.200000,rcs:19.000000
timestame:1619471001.285000000,objid:1,type:0,xpos:0.000000,ypos:0.000000,xspeed:-15.620000,yspeed:-1.410000,angle:-4.460000,distense:165.400000,rcs:18.000000
