timestame:1619471252.080000000,objid:1,type:0,xpos:0.000000,ypos:0.000000,xspeed:2.110000,yspeed:2.960000,angle:1.820000,distense:77.000000,rcs:12.000000
timestame:1619471252.080000000,objid:3,type:0,xpos:0.000000,ypos:0.000000,xspeed:-17.430000,yspeed:-1.000000,angle:-5.840000,distense:146.800000,rcs:13.000000
