timestame:1619469715.120000000,objid:1,type:0,xpos:0.000000,ypos:0.000000,xspeed:-1.930000,yspeed:7.280000,angle:-13.430000,distense:37.600000,rcs:16.000000
timestame:1619469715.120000000,objid:3,type:0,xpos:0.000000,ypos:0.000000,xspeed:14.150000,yspeed:-0.980000,angle:0.790000,distense:161.400000,rcs:12.000000
