timestame:1619470059.685000000,objid:0,type:0,xpos:0.000000,ypos:0.000000,xspeed:-12.180000,yspeed:0.140000,angle:-5.060000,distense:83.600000,rcs:18.000000
timestame:1619470059.685000000,objid:1,type:0,xpos:0.000000,ypos:0.000000,xspeed:-17.150000,yspeed:2.250000,angle:-4.940000,distense:179.800000,rcs:12.000000
timestame:1619470059.685000000,objid:3,type:0,xpos:0.000000,ypos:0.000000,xspeed:-17.220000,yspeed:2.260000,angle:-3.720000,distense:175.600000,rcs:13.000000
timestame:1619470059.685000000,objid:5,type:0,xpos:0.000000,ypos:0.000000,xspeed:9.510000,yspeed:0.470000,angle:2.850000,distense:182.800000,rcs:24.000000
