timestame:1619470792.374000000,objid:5,type:0,xpos:0.000000,ypos:0.000000,xspeed:4.400000,yspeed:-3.820000,angle:-18.000000,distense:49.400000,rcs:6.000000
timestame:1619470792.374000000,objid:7,type:0,xpos:0.000000,ypos:0.000000,xspeed:4.120000,yspeed:2.440000,angle:13.400000,distense:50.600000,rcs:20.000000
