timestame:1619471091.994000000,objid:1,type:0,xpos:0.000000,ypos:0.000000,xspeed:11.680000,yspeed:0.080000,angle:4.250000,distense:70.600000,rcs:22.000000
timestame:1619471091.994000000,objid:2,type:0,xpos:0.000000,ypos:0.000000,xspeed:6.590000,yspeed:0.380000,angle:2.460000,distense:55.800000,rcs:43.000000
timestame:1619471091.994000000,objid:4,type:0,xpos:0.000000,ypos:0.000000,xspeed:-22.350000,yspeed:-1.250000,angle:-18.000000,distense:17.200000,rcs:6.000000
timestame:1619471091.994000000,objid:5,type:0,xpos:0.000000,ypos:0.000000,xspeed:12.540000,yspeed:-0.010000,angle:1.530000,distense:121.600000,rcs:15.000000
