timestame:1619470499.979000000,objid:2,type:0,xpos:0.000000,ypos:0.000000,xspeed:-1.240000,yspeed:-1.410000,angle:-18.000000,distense:38.600000,rcs:22.000000
timestame:1619470499.979000000,objid:4,type:0,xpos:0.000000,ypos:0.000000,xspeed:1.600000,yspeed:-3.350000,angle:12.530000,distense:45.200000,rcs:25.000000
timestame:1619470499.979000000,objid:7,type:0,xpos:0.000000,ypos:0.000000,xspeed:-1.730000,yspeed:-2.550000,angle:-18.000000,distense:45.200000,rcs:9.000000
