timestame:1619469927.120000000,objid:1,type:0,xpos:0.000000,ypos:0.000000,xspeed:6.780000,yspeed:0.250000,angle:1.540000,distense:175.400000,rcs:6.000000
timestame:1619469927.120000000,objid:8,type:0,xpos:0.000000,ypos:0.000000,xspeed:6.960000,yspeed:0.060000,angle:1.240000,distense:168.800000,rcs:26.000000
