timestame:1619469633.753000000,objid:1,type:0,xpos:0.000000,ypos:0.000000,xspeed:3.710000,yspeed:2.660000,angle:20.170000,distense:20.200000,rcs:22.000000
timestame:1619469633.753000000,objid:3,type:0,xpos:0.000000,ypos:0.000000,xspeed:-6.690000,yspeed:2.120000,angle:-5.810000,distense:57.400000,rcs:19.000000
timestame:1619469633.753000000,objid:4,type:0,xpos:0.000000,ypos:0.000000,xspeed:2.350000,yspeed:4.130000,angle:-16.040000,distense:22.800000,rcs:12.000000
