timestame:1619470594.234000000,objid:5,type:0,xpos:0.000000,ypos:0.000000,xspeed:8.110000,yspeed:2.420000,angle:-17.970000,distense:33.000000,rcs:22.000000
timestame:1619470594.234000000,objid:6,type:0,xpos:0.000000,ypos:0.000000,xspeed:6.010000,yspeed:1.860000,angle:19.650000,distense:30.800000,rcs:30.000000
