timestame:1619470611.293000000,objid:0,type:0,xpos:0.000000,ypos:0.000000,xspeed:-30.290000,yspeed:1.940000,angle:-3.450000,distense:197.800000,rcs:9.000000
timestame:1619470611.293000000,objid:2,type:0,xpos:0.000000,ypos:0.000000,xspeed:-2.220000,yspeed:6.730000,angle:-18.000000,distense:50.200000,rcs:6.000000
timestame:1619470611.293000000,objid:3,type:0,xpos:0.000000,ypos:0.000000,xspeed:1.440000,yspeed:4.250000,angle:-12.030000,distense:33.800000,rcs:18.000000
timestame:1619470611.293000000,objid:4,type:0,xpos:0.000000,ypos:0.000000,xspeed:5.430000,yspeed:0.990000,angle:-17.930000,distense:32.800000,rcs:13.000000
