timestame:1619469631.202000000,objid:1,type:0,xpos:0.000000,ypos:0.000000,xspeed:-4.210000,yspeed:0.010000,angle:-18.000000,distense:26.200000,rcs:6.000000
timestame:1619469631.202000000,objid:2,type:0,xpos:0.000000,ypos:0.000000,xspeed:-6.400000,yspeed:-0.670000,angle:-18.000000,distense:31.800000,rcs:9.000000
timestame:1619469631.202000000,objid:6,type:0,xpos:0.000000,ypos:0.000000,xspeed:-10.130000,yspeed:-0.070000,angle:-6.280000,distense:74.200000,rcs:13.000000
timestame:1619469631.202000000,objid:7,type:0,xpos:0.000000,ypos:0.000000,xspeed:-6.510000,yspeed:-0.500000,angle:-18.000000,distense:35.800000,rcs:12.000000
