timestame:1619470963.306000000,objid:0,type:0,xpos:0.000000,ypos:0.000000,xspeed:3.640000,yspeed:0.090000,angle:6.590000,distense:49.000000,rcs:36.000000
timestame:1619470963.306000000,objid:6,type:0,xpos:0.000000,ypos:0.000000,xspeed:10.130000,yspeed:0.490000,angle:1.930000,distense:95.200000,rcs:34.000000
timestame:1619470963.306000000,objid:9,type:0,xpos:0.000000,ypos:0.000000,xspeed:9.700000,yspeed:0.190000,angle:2.240000,distense:113.000000,rcs:9.000000
timestame:1619470963.306000000,objid:12,type:0,xpos:0.000000,ypos:0.000000,xspeed:3.160000,yspeed:0.020000,angle:5.210000,distense:58.800000,rcs:29.000000
