timestame:1619470489.216000000,objid:1,type:0,xpos:0.000000,ypos:0.000000,xspeed:-5.660000,yspeed:0.800000,angle:-18.000000,distense:37.200000,rcs:6.000000
timestame:1619470489.216000000,objid:4,type:0,xpos:0.000000,ypos:0.000000,xspeed:-1.260000,yspeed:2.470000,angle:-16.500000,distense:45.600000,rcs:25.000000
timestame:1619470489.216000000,objid:5,type:0,xpos:0.000000,ypos:0.000000,xspeed:-3.910000,yspeed:-2.720000,angle:-18.000000,distense:30.400000,rcs:13.000000
timestame:1619470489.216000000,objid:6,type:0,xpos:0.000000,ypos:0.000000,xspeed:-3.180000,yspeed:-4.360000,angle:-18.000000,distense:35.000000,rcs:9.000000
