timestame:1619471040.240000000,objid:2,type:0,xpos:0.000000,ypos:0.000000,xspeed:-1.830000,yspeed:-1.250000,angle:-18.000000,distense:37.400000,rcs:22.000000
timestame:1619471040.240000000,objid:6,type:0,xpos:0.000000,ypos:0.000000,xspeed:-4.280000,yspeed:-7.180000,angle:-18.000000,distense:39.200000,rcs:21.000000
