timestame:1619470042.793000000,objid:1,type:0,xpos:0.000000,ypos:0.000000,xspeed:13.000000,yspeed:-0.050000,angle:1.030000,distense:170.000000,rcs:9.000000
timestame:1619470042.793000000,objid:3,type:0,xpos:0.000000,ypos:0.000000,xspeed:13.720000,yspeed:0.020000,angle:1.320000,distense:144.200000,rcs:12.000000
timestame:1619470042.793000000,objid:4,type:0,xpos:0.000000,ypos:0.000000,xspeed:8.390000,yspeed:0.330000,angle:4.340000,distense:62.800000,rcs:6.000000
timestame:1619470042.793000000,objid:5,type:0,xpos:0.000000,ypos:0.000000,xspeed:4.770000,yspeed:0.060000,angle:5.670000,distense:46.600000,rcs:37.000000
