timestame:1619469823.036000000,objid:2,type:0,xpos:0.000000,ypos:0.000000,xspeed:-1.850000,yspeed:-4.710000,angle:-13.570000,distense:41.200000,rcs:29.000000
timestame:1619469823.036000000,objid:11,type:0,xpos:0.000000,ypos:0.000000,xspeed:-4.170000,yspeed:0.380000,angle:-5.850000,distense:135.200000,rcs:6.000000
