timestame:1619471136.561000000,objid:3,type:0,xpos:0.000000,ypos:0.000000,xspeed:-1.790000,yspeed:-2.630000,angle:13.420000,distense:38.600000,rcs:35.000000
timestame:1619471136.561000000,objid:4,type:0,xpos:0.000000,ypos:0.000000,xspeed:3.630000,yspeed:-1.500000,angle:10.440000,distense:42.200000,rcs:32.000000
