timestame:1619470330.481000000,objid:0,type:0,xpos:0.000000,ypos:0.000000,xspeed:16.410000,yspeed:-0.460000,angle:0.320000,distense:185.800000,rcs:32.000000
timestame:1619470330.481000000,objid:2,type:0,xpos:0.000000,ypos:0.000000,xspeed:9.920000,yspeed:0.410000,angle:1.140000,distense:207.000000,rcs:16.000000
timestame:1619470330.481000000,objid:4,type:0,xpos:0.000000,ypos:0.000000,xspeed:-1.300000,yspeed:0.460000,angle:14.190000,distense:67.200000,rcs:12.000000
