timestame:1619469579.373000000,objid:1,type:0,xpos:0.000000,ypos:0.000000,xspeed:-6.400000,yspeed:-0.640000,angle:-8.010000,distense:110.600000,rcs:15.000000
timestame:1619469579.373000000,objid:3,type:0,xpos:0.000000,ypos:0.000000,xspeed:-6.240000,yspeed:-0.110000,angle:-8.960000,distense:100.800000,rcs:19.000000
timestame:1619469579.373000000,objid:5,type:0,xpos:0.000000,ypos:0.000000,xspeed:-6.230000,yspeed:-0.300000,angle:-9.520000,distense:97.600000,rcs:16.000000
