timestame:1619470952.883000000,objid:0,type:0,xpos:0.000000,ypos:0.000000,xspeed:5.170000,yspeed:-0.050000,angle:0.800000,distense:36.200000,rcs:37.000000
timestame:1619470952.883000000,objid:5,type:0,xpos:0.000000,ypos:0.000000,xspeed:-4.080000,yspeed:0.000000,angle:15.850000,distense:27.800000,rcs:12.000000
timestame:1619470952.883000000,objid:10,type:0,xpos:0.000000,ypos:0.000000,xspeed:4.160000,yspeed:-0.210000,angle:1.990000,distense:21.000000,rcs:29.000000
