timestame:1619471182.254000000,objid:8,type:0,xpos:0.000000,ypos:0.000000,xspeed:5.110000,yspeed:1.960000,angle:-9.770000,distense:42.600000,rcs:6.000000
timestame:1619471182.254000000,objid:10,type:0,xpos:0.000000,ypos:0.000000,xspeed:-6.320000,yspeed:1.220000,angle:-7.080000,distense:117.800000,rcs:15.000000
timestame:1619471182.254000000,objid:13,type:0,xpos:0.000000,ypos:0.000000,xspeed:-3.800000,yspeed:-0.140000,angle:-10.340000,distense:88.400000,rcs:13.000000
timestame:1619471182.254000000,objid:16,type:0,xpos:0.000000,ypos:0.000000,xspeed:2.190000,yspeed:3.830000,angle:-6.010000,distense:43.600000,rcs:15.000000
