timestame:1619470944.007000000,objid:1,type:0,xpos:0.000000,ypos:0.000000,xspeed:-6.190000,yspeed:0.520000,angle:-17.050000,distense:44.600000,rcs:15.000000
timestame:1619470944.007000000,objid:5,type:0,xpos:0.000000,ypos:0.000000,xspeed:-6.190000,yspeed:-0.520000,angle:-18.000000,distense:49.200000,rcs:13.000000
timestame:1619470944.007000000,objid:7,type:0,xpos:0.000000,ypos:0.000000,xspeed:-5.430000,yspeed:-0.630000,angle:-18.000000,distense:46.400000,rcs:13.000000
