timestame:1619469580.383000000,objid:1,type:0,xpos:0.000000,ypos:0.000000,xspeed:-6.090000,yspeed:-0.460000,angle:-8.550000,distense:105.000000,rcs:13.000000
timestame:1619469580.383000000,objid:5,type:0,xpos:0.000000,ypos:0.000000,xspeed:-5.990000,yspeed:-0.270000,angle:-10.150000,distense:92.000000,rcs:12.000000
