timestame:1619471364.825000000,objid:1,type:0,xpos:0.000000,ypos:0.000000,xspeed:5.160000,yspeed:-0.330000,angle:3.920000,distense:98.400000,rcs:24.000000
timestame:1619471364.825000000,objid:2,type:0,xpos:0.000000,ypos:0.000000,xspeed:7.150000,yspeed:-0.220000,angle:3.620000,distense:103.800000,rcs:9.000000
timestame:1619471364.825000000,objid:4,type:0,xpos:0.000000,ypos:0.000000,xspeed:6.670000,yspeed:0.110000,angle:4.700000,distense:96.600000,rcs:6.000000
timestame:1619471364.825000000,objid:7,type:0,xpos:0.000000,ypos:0.000000,xspeed:11.050000,yspeed:0.360000,angle:1.730000,distense:127.200000,rcs:22.000000
