timestame:1619470223.619000000,objid:7,type:0,xpos:0.000000,ypos:0.000000,xspeed:3.040000,yspeed:7.270000,angle:-9.630000,distense:49.200000,rcs:15.000000
timestame:1619470223.619000000,objid:8,type:0,xpos:0.000000,ypos:0.000000,xspeed:-2.080000,yspeed:7.800000,angle:-1.840000,distense:39.600000,rcs:9.000000
timestame:1619470223.619000000,objid:11,type:0,xpos:0.000000,ypos:0.000000,xspeed:-2.150000,yspeed:6.730000,angle:0.120000,distense:39.000000,rcs:18.000000
