timestame:1619470047.437000000,objid:0,type:0,xpos:0.000000,ypos:0.000000,xspeed:6.580000,yspeed:0.350000,angle:4.590000,distense:87.200000,rcs:13.000000
timestame:1619470047.437000000,objid:3,type:0,xpos:0.000000,ypos:0.000000,xspeed:14.900000,yspeed:0.220000,angle:1.220000,distense:212.600000,rcs:13.000000
timestame:1619470047.437000000,objid:5,type:0,xpos:0.000000,ypos:0.000000,xspeed:6.790000,yspeed:0.180000,angle:4.860000,distense:77.800000,rcs:13.000000
