timestame:1619470487.092000000,objid:2,type:0,xpos:0.000000,ypos:0.000000,xspeed:1.630000,yspeed:-7.840000,angle:-9.510000,distense:66.800000,rcs:18.000000
timestame:1619470487.092000000,objid:4,type:0,xpos:0.000000,ypos:0.000000,xspeed:-1.640000,yspeed:-4.250000,angle:-18.000000,distense:38.600000,rcs:9.000000
timestame:1619470487.092000000,objid:5,type:0,xpos:0.000000,ypos:0.000000,xspeed:-2.810000,yspeed:-1.750000,angle:-18.000000,distense:35.000000,rcs:23.000000
