timestame:1619469621.742000000,objid:1,type:0,xpos:0.000000,ypos:0.000000,xspeed:-3.260000,yspeed:0.200000,angle:-14.530000,distense:64.200000,rcs:20.000000
timestame:1619469621.742000000,objid:2,type:0,xpos:0.000000,ypos:0.000000,xspeed:-3.990000,yspeed:-0.280000,angle:-12.920000,distense:75.800000,rcs:28.000000
timestame:1619469621.742000000,objid:4,type:0,xpos:0.000000,ypos:0.000000,xspeed:-15.400000,yspeed:0.210000,angle:-7.030000,distense:86.200000,rcs:22.000000
