timestame:1619470510.614000000,objid:6,type:0,xpos:0.000000,ypos:0.000000,xspeed:-2.150000,yspeed:8.740000,angle:22.210000,distense:39.200000,rcs:6.000000
timestame:1619470510.614000000,objid:8,type:0,xpos:0.000000,ypos:0.000000,xspeed:-4.850000,yspeed:-2.880000,angle:6.690000,distense:73.600000,rcs:24.000000
timestame:1619470510.614000000,objid:10,type:0,xpos:0.000000,ypos:0.000000,xspeed:3.360000,yspeed:0.650000,angle:1.210000,distense:12.800000,rcs:13.000000
