timestame:1619470490.163000000,objid:5,type:0,xpos:0.000000,ypos:0.000000,xspeed:-2.170000,yspeed:-1.270000,angle:-18.000000,distense:30.400000,rcs:6.000000
timestame:1619470490.163000000,objid:8,type:0,xpos:0.000000,ypos:0.000000,xspeed:1.320000,yspeed:10.790000,angle:-17.540000,distense:47.000000,rcs:24.000000
