timestame:1619469580.445000000,objid:1,type:0,xpos:0.000000,ypos:0.000000,xspeed:-6.080000,yspeed:-0.470000,angle:-8.600000,distense:104.600000,rcs:15.000000
timestame:1619469580.445000000,objid:5,type:0,xpos:0.000000,ypos:0.000000,xspeed:-5.970000,yspeed:-0.260000,angle:-10.190000,distense:91.600000,rcs:16.000000
