timestame:1619470637.341000000,objid:2,type:0,xpos:0.000000,ypos:0.000000,xspeed:1.250000,yspeed:-5.820000,angle:-2.840000,distense:51.000000,rcs:6.000000
timestame:1619470637.341000000,objid:3,type:0,xpos:0.000000,ypos:0.000000,xspeed:4.260000,yspeed:-14.170000,angle:-5.630000,distense:52.600000,rcs:6.000000
timestame:1619470637.341000000,objid:4,type:0,xpos:0.000000,ypos:0.000000,xspeed:-6.020000,yspeed:7.640000,angle:-2.780000,distense:206.600000,rcs:9.000000
timestame:1619470637.341000000,objid:6,type:0,xpos:0.000000,ypos:0.000000,xspeed:2.870000,yspeed:-9.670000,angle:-1.030000,distense:51.000000,rcs:6.000000
