timestame:1619470535.722000000,objid:0,type:0,xpos:0.000000,ypos:0.000000,xspeed:5.530000,yspeed:1.650000,angle:17.620000,distense:31.400000,rcs:28.000000
timestame:1619470535.722000000,objid:4,type:0,xpos:0.000000,ypos:0.000000,xspeed:1.400000,yspeed:-0.570000,angle:18.610000,distense:24.400000,rcs:31.000000
