timestame:1619469783.663000000,objid:2,type:0,xpos:0.000000,ypos:0.000000,xspeed:17.010000,yspeed:-0.050000,angle:1.100000,distense:154.800000,rcs:9.000000
timestame:1619469783.663000000,objid:4,type:0,xpos:0.000000,ypos:0.000000,xspeed:-17.770000,yspeed:-0.420000,angle:-6.080000,distense:139.600000,rcs:12.000000
timestame:1619469783.663000000,objid:5,type:0,xpos:0.000000,ypos:0.000000,xspeed:1.500000,yspeed:3.520000,angle:-3.250000,distense:45.000000,rcs:6.000000
timestame:1619469783.663000000,objid:10,type:0,xpos:0.000000,ypos:0.000000,xspeed:16.640000,yspeed:0.090000,angle:1.180000,distense:141.800000,rcs:28.000000
