timestame:1619470288.630000000,objid:2,type:0,xpos:0.000000,ypos:0.000000,xspeed:-12.240000,yspeed:-0.150000,angle:-10.180000,distense:86.200000,rcs:25.000000
timestame:1619470288.630000000,objid:5,type:0,xpos:0.000000,ypos:0.000000,xspeed:-5.720000,yspeed:-0.420000,angle:-18.000000,distense:34.000000,rcs:28.000000
timestame:1619470288.630000000,objid:7,type:0,xpos:0.000000,ypos:0.000000,xspeed:-5.720000,yspeed:-0.550000,angle:-18.000000,distense:29.800000,rcs:23.000000
timestame:1619470288.630000000,objid:11,type:0,xpos:0.000000,ypos:0.000000,xspeed:-5.690000,yspeed:-0.340000,angle:-18.000000,distense:24.200000,rcs:6.000000
