timestame:1619471364.075000000,objid:1,type:0,xpos:0.000000,ypos:0.000000,xspeed:13.210000,yspeed:2.450000,angle:4.310000,distense:96.400000,rcs:24.000000
timestame:1619471364.075000000,objid:2,type:0,xpos:0.000000,ypos:0.000000,xspeed:6.760000,yspeed:-0.190000,angle:4.000000,distense:97.800000,rcs:15.000000
timestame:1619471364.075000000,objid:4,type:0,xpos:0.000000,ypos:0.000000,xspeed:6.590000,yspeed:0.030000,angle:4.830000,distense:91.200000,rcs:23.000000
timestame:1619471364.075000000,objid:7,type:0,xpos:0.000000,ypos:0.000000,xspeed:10.600000,yspeed:0.080000,angle:1.450000,distense:117.800000,rcs:29.000000
