timestame:1619471261.544000000,objid:2,type:0,xpos:0.000000,ypos:0.000000,xspeed:12.560000,yspeed:0.180000,angle:3.800000,distense:94.400000,rcs:30.000000
timestame:1619471261.544000000,objid:6,type:0,xpos:0.000000,ypos:0.000000,xspeed:12.590000,yspeed:-0.140000,angle:3.480000,distense:106.600000,rcs:9.000000
timestame:1619471261.544000000,objid:10,type:0,xpos:0.000000,ypos:0.000000,xspeed:12.420000,yspeed:0.470000,angle:4.670000,distense:82.000000,rcs:33.000000
