timestame:1619469912.554000000,objid:1,type:0,xpos:0.000000,ypos:0.000000,xspeed:4.570000,yspeed:0.000000,angle:1.710000,distense:87.200000,rcs:21.000000
timestame:1619469912.554000000,objid:2,type:0,xpos:0.000000,ypos:0.000000,xspeed:11.470000,yspeed:0.280000,angle:2.780000,distense:160.600000,rcs:16.000000
timestame:1619469912.554000000,objid:8,type:0,xpos:0.000000,ypos:0.000000,xspeed:4.480000,yspeed:0.100000,angle:2.220000,distense:80.400000,rcs:30.000000
