timestame:1619469877.630000000,objid:3,type:0,xpos:0.000000,ypos:0.000000,xspeed:-4.880000,yspeed:-0.920000,angle:-18.000000,distense:31.400000,rcs:6.000000
timestame:1619469877.630000000,objid:4,type:0,xpos:0.000000,ypos:0.000000,xspeed:-1.110000,yspeed:3.010000,angle:-12.360000,distense:39.400000,rcs:26.000000
timestame:1619469877.630000000,objid:6,type:0,xpos:0.000000,ypos:0.000000,xspeed:-2.320000,yspeed:-0.680000,angle:-18.000000,distense:36.000000,rcs:9.000000
timestame:1619469877.630000000,objid:9,type:0,xpos:0.000000,ypos:0.000000,xspeed:-6.050000,yspeed:-7.460000,angle:-4.680000,distense:61.000000,rcs:6.000000
