timestame:1619470194.245000000,objid:1,type:0,xpos:0.000000,ypos:0.000000,xspeed:1.640000,yspeed:1.060000,angle:6.370000,distense:140.800000,rcs:21.000000
timestame:1619470194.245000000,objid:2,type:0,xpos:0.000000,ypos:0.000000,xspeed:-3.830000,yspeed:1.540000,angle:-7.970000,distense:43.400000,rcs:6.000000
timestame:1619470194.245000000,objid:4,type:0,xpos:0.000000,ypos:0.000000,xspeed:-3.820000,yspeed:7.740000,angle:6.770000,distense:152.800000,rcs:6.000000
