timestame:1619470495.695000000,objid:2,type:0,xpos:0.000000,ypos:0.000000,xspeed:-3.370000,yspeed:-10.660000,angle:-5.170000,distense:41.400000,rcs:42.000000
timestame:1619470495.695000000,objid:5,type:0,xpos:0.000000,ypos:0.000000,xspeed:10.860000,yspeed:8.600000,angle:-8.720000,distense:51.800000,rcs:6.000000
