timestame:1619471373.415000000,objid:1,type:0,xpos:0.000000,ypos:0.000000,xspeed:9.430000,yspeed:0.270000,angle:2.430000,distense:173.800000,rcs:24.000000
timestame:1619471373.415000000,objid:7,type:0,xpos:0.000000,ypos:0.000000,xspeed:10.000000,yspeed:0.200000,angle:1.490000,distense:220.000000,rcs:9.000000
