timestame:1619470832.388000000,objid:0,type:0,xpos:0.000000,ypos:0.000000,xspeed:5.840000,yspeed:-4.470000,angle:2.600000,distense:109.000000,rcs:20.000000
timestame:1619470832.388000000,objid:1,type:0,xpos:0.000000,ypos:0.000000,xspeed:9.630000,yspeed:0.060000,angle:2.860000,distense:117.200000,rcs:21.000000
timestame:1619470832.388000000,objid:3,type:0,xpos:0.000000,ypos:0.000000,xspeed:8.840000,yspeed:0.010000,angle:3.490000,distense:108.400000,rcs:21.000000
timestame:1619470832.388000000,objid:6,type:0,xpos:0.000000,ypos:0.000000,xspeed:12.690000,yspeed:0.000000,angle:1.210000,distense:151.200000,rcs:21.000000
