timestame:1619471209.802000000,objid:0,type:0,xpos:0.000000,ypos:0.000000,xspeed:-8.580000,yspeed:-1.800000,angle:-17.980000,distense:54.800000,rcs:25.000000
timestame:1619471209.802000000,objid:2,type:0,xpos:0.000000,ypos:0.000000,xspeed:-4.390000,yspeed:-2.070000,angle:-18.000000,distense:37.400000,rcs:13.000000
timestame:1619471209.802000000,objid:5,type:0,xpos:0.000000,ypos:0.000000,xspeed:-6.050000,yspeed:-0.530000,angle:-18.000000,distense:52.200000,rcs:21.000000
timestame:1619471209.802000000,objid:11,type:0,xpos:0.000000,ypos:0.000000,xspeed:-6.330000,yspeed:-0.190000,angle:-18.000000,distense:39.600000,rcs:18.000000
