timestame:1619470075.317000000,objid:3,type:0,xpos:0.000000,ypos:0.000000,xspeed:-1.460000,yspeed:2.480000,angle:-16.510000,distense:47.400000,rcs:18.000000
timestame:1619470075.317000000,objid:4,type:0,xpos:0.000000,ypos:0.000000,xspeed:-1.080000,yspeed:1.770000,angle:-13.220000,distense:42.800000,rcs:24.000000
