timestame:1619470859.333000000,objid:0,type:0,xpos:0.000000,ypos:0.000000,xspeed:6.040000,yspeed:3.790000,angle:-16.510000,distense:38.600000,rcs:6.000000
timestame:1619470859.333000000,objid:1,type:0,xpos:0.000000,ypos:0.000000,xspeed:3.320000,yspeed:-0.080000,angle:-13.160000,distense:39.200000,rcs:9.000000
