timestame:1619470973.821000000,objid:0,type:0,xpos:0.000000,ypos:0.000000,xspeed:6.220000,yspeed:0.040000,angle:3.720000,distense:105.200000,rcs:22.000000
timestame:1619470973.821000000,objid:2,type:0,xpos:0.000000,ypos:0.000000,xspeed:1.540000,yspeed:3.910000,angle:-3.850000,distense:45.800000,rcs:12.000000
timestame:1619470973.821000000,objid:3,type:0,xpos:0.000000,ypos:0.000000,xspeed:6.670000,yspeed:-0.470000,angle:2.470000,distense:114.200000,rcs:12.000000
timestame:1619470973.821000000,objid:9,type:0,xpos:0.000000,ypos:0.000000,xspeed:2.790000,yspeed:2.740000,angle:-12.320000,distense:39.200000,rcs:24.000000
