timestame:1619470690.667000000,objid:0,type:0,xpos:0.000000,ypos:0.000000,xspeed:-4.940000,yspeed:-0.210000,angle:-18.000000,distense:27.400000,rcs:6.000000
timestame:1619470690.667000000,objid:1,type:0,xpos:0.000000,ypos:0.000000,xspeed:2.520000,yspeed:0.100000,angle:8.370000,distense:30.000000,rcs:32.000000
timestame:1619470690.667000000,objid:8,type:0,xpos:0.000000,ypos:0.000000,xspeed:-8.430000,yspeed:-2.010000,angle:-18.000000,distense:29.600000,rcs:6.000000
