timestame:1619470050.295000000,objid:0,type:0,xpos:0.000000,ypos:0.000000,xspeed:6.970000,yspeed:0.050000,angle:3.640000,distense:107.200000,rcs:9.000000
timestame:1619470050.295000000,objid:5,type:0,xpos:0.000000,ypos:0.000000,xspeed:6.950000,yspeed:0.120000,angle:4.010000,distense:97.400000,rcs:21.000000
