timestame:1619470838.025000000,objid:2,type:0,xpos:0.000000,ypos:0.000000,xspeed:4.350000,yspeed:2.210000,angle:22.570000,distense:33.000000,rcs:9.000000
timestame:1619470838.025000000,objid:3,type:0,xpos:0.000000,ypos:0.000000,xspeed:2.470000,yspeed:1.500000,angle:-14.890000,distense:31.600000,rcs:16.000000
timestame:1619470838.025000000,objid:4,type:0,xpos:0.000000,ypos:0.000000,xspeed:1.920000,yspeed:5.680000,angle:-6.100000,distense:43.400000,rcs:6.000000
timestame:1619470838.025000000,objid:7,type:0,xpos:0.000000,ypos:0.000000,xspeed:12.840000,yspeed:0.520000,angle:2.640000,distense:176.800000,rcs:26.000000
