timestame:1619470700.513000000,objid:1,type:0,xpos:0.000000,ypos:0.000000,xspeed:9.040000,yspeed:0.230000,angle:4.070000,distense:100.800000,rcs:18.000000
timestame:1619470700.513000000,objid:2,type:0,xpos:0.000000,ypos:0.000000,xspeed:-8.920000,yspeed:1.250000,angle:-10.520000,distense:101.000000,rcs:6.000000
