timestame:1619471153.006000000,objid:0,type:0,xpos:0.000000,ypos:0.000000,xspeed:-1.180000,yspeed:7.920000,angle:22.040000,distense:41.000000,rcs:6.000000
timestame:1619471153.006000000,objid:1,type:0,xpos:0.000000,ypos:0.000000,xspeed:-7.390000,yspeed:-4.970000,angle:7.920000,distense:79.200000,rcs:13.000000
timestame:1619471153.006000000,objid:2,type:0,xpos:0.000000,ypos:0.000000,xspeed:-2.620000,yspeed:11.890000,angle:-17.650000,distense:40.400000,rcs:16.000000
