timestame:1619469789.305000000,objid:1,type:0,xpos:0.000000,ypos:0.000000,xspeed:-16.220000,yspeed:-0.570000,angle:-17.180000,distense:56.000000,rcs:29.000000
timestame:1619469789.305000000,objid:4,type:0,xpos:0.000000,ypos:0.000000,xspeed:-16.670000,yspeed:-0.710000,angle:-18.000000,distense:47.000000,rcs:23.000000
