timestame:1619470952.821000000,objid:0,type:0,xpos:0.000000,ypos:0.000000,xspeed:5.210000,yspeed:-0.220000,angle:0.480000,distense:35.800000,rcs:36.000000
timestame:1619470952.821000000,objid:10,type:0,xpos:0.000000,ypos:0.000000,xspeed:4.160000,yspeed:-0.210000,angle:2.050000,distense:20.800000,rcs:29.000000
