timestame:1619471124.368000000,objid:0,type:0,xpos:0.000000,ypos:0.000000,xspeed:-1.490000,yspeed:3.000000,angle:14.280000,distense:40.600000,rcs:19.000000
timestame:1619471124.368000000,objid:1,type:0,xpos:0.000000,ypos:0.000000,xspeed:-4.720000,yspeed:4.840000,angle:12.840000,distense:39.800000,rcs:18.000000
timestame:1619471124.368000000,objid:2,type:0,xpos:0.000000,ypos:0.000000,xspeed:-1.460000,yspeed:0.000000,angle:17.270000,distense:39.800000,rcs:18.000000
