timestame:1619469786.018000000,objid:1,type:0,xpos:0.000000,ypos:0.000000,xspeed:-17.660000,yspeed:-0.900000,angle:-8.370000,distense:107.400000,rcs:13.000000
timestame:1619469786.018000000,objid:2,type:0,xpos:0.000000,ypos:0.000000,xspeed:16.700000,yspeed:0.100000,angle:0.970000,distense:194.800000,rcs:9.000000
timestame:1619469786.018000000,objid:4,type:0,xpos:0.000000,ypos:0.000000,xspeed:-17.210000,yspeed:-0.310000,angle:-8.870000,distense:99.200000,rcs:22.000000
timestame:1619469786.018000000,objid:10,type:0,xpos:0.000000,ypos:0.000000,xspeed:16.800000,yspeed:0.180000,angle:1.160000,distense:182.400000,rcs:35.000000
