timestame:1619471558.516000000,objid:7,type:0,xpos:0.000000,ypos:0.000000,xspeed:-2.570000,yspeed:-1.570000,angle:-18.000000,distense:32.400000,rcs:18.000000
timestame:1619471558.516000000,objid:12,type:0,xpos:0.000000,ypos:0.000000,xspeed:2.780000,yspeed:1.940000,angle:-15.210000,distense:35.000000,rcs:16.000000
