timestame:1619469684.634000000,objid:1,type:0,xpos:0.000000,ypos:0.000000,xspeed:-2.410000,yspeed:11.100000,angle:-14.740000,distense:50.200000,rcs:6.000000
timestame:1619469684.634000000,objid:2,type:0,xpos:0.000000,ypos:0.000000,xspeed:-1.620000,yspeed:4.440000,angle:-18.000000,distense:51.000000,rcs:9.000000
timestame:1619469684.634000000,objid:4,type:0,xpos:0.000000,ypos:0.000000,xspeed:-2.540000,yspeed:6.500000,angle:-18.000000,distense:51.800000,rcs:9.000000
