timestame:1619471152.882000000,objid:0,type:0,xpos:0.000000,ypos:0.000000,xspeed:-1.180000,yspeed:7.920000,angle:20.080000,distense:40.600000,rcs:6.000000
timestame:1619471152.882000000,objid:1,type:0,xpos:0.000000,ypos:0.000000,xspeed:-7.450000,yspeed:-4.990000,angle:8.400000,distense:80.600000,rcs:12.000000
timestame:1619471152.882000000,objid:2,type:0,xpos:0.000000,ypos:0.000000,xspeed:-1.580000,yspeed:11.390000,angle:19.870000,distense:40.400000,rcs:21.000000
