timestame:1619470116.757000000,objid:5,type:0,xpos:0.000000,ypos:0.000000,xspeed:-8.380000,yspeed:-0.960000,angle:13.140000,distense:32.000000,rcs:18.000000
timestame:1619470116.757000000,objid:10,type:0,xpos:0.000000,ypos:0.000000,xspeed:2.900000,yspeed:5.010000,angle:-9.630000,distense:40.800000,rcs:18.000000
