timestame:1619470439.973000000,objid:1,type:0,xpos:0.000000,ypos:0.000000,xspeed:14.750000,yspeed:0.620000,angle:2.450000,distense:57.800000,rcs:29.000000
timestame:1619470439.973000000,objid:2,type:0,xpos:0.000000,ypos:0.000000,xspeed:3.820000,yspeed:-0.080000,angle:10.040000,distense:75.000000,rcs:16.000000
