timestame:1619471002.033000000,objid:1,type:0,xpos:0.000000,ypos:0.000000,xspeed:-13.880000,yspeed:-1.320000,angle:-5.180000,distense:156.000000,rcs:15.000000
timestame:1619471002.033000000,objid:3,type:0,xpos:0.000000,ypos:0.000000,xspeed:-1.910000,yspeed:-14.400000,angle:-12.770000,distense:45.600000,rcs:6.000000
timestame:1619471002.033000000,objid:4,type:0,xpos:0.000000,ypos:0.000000,xspeed:2.250000,yspeed:-0.280000,angle:-0.640000,distense:15.200000,rcs:18.000000
