timestame:1619470277.372000000,objid:1,type:0,xpos:0.000000,ypos:0.000000,xspeed:-10.240000,yspeed:0.180000,angle:-5.380000,distense:89.800000,rcs:19.000000
timestame:1619470277.372000000,objid:2,type:0,xpos:0.000000,ypos:0.000000,xspeed:-2.180000,yspeed:0.130000,angle:-7.050000,distense:87.800000,rcs:13.000000
timestame:1619470277.372000000,objid:11,type:0,xpos:0.000000,ypos:0.000000,xspeed:-2.240000,yspeed:-0.140000,angle:-9.730000,distense:73.400000,rcs:20.000000
timestame:1619470277.372000000,objid:22,type:0,xpos:0.000000,ypos:0.000000,xspeed:-1.570000,yspeed:-0.070000,angle:-8.210000,distense:82.000000,rcs:18.000000
