timestame:1619470913.613000000,objid:0,type:0,xpos:0.000000,ypos:0.000000,xspeed:5.430000,yspeed:2.850000,angle:-17.600000,distense:33.000000,rcs:22.000000
timestame:1619470913.613000000,objid:4,type:0,xpos:0.000000,ypos:0.000000,xspeed:15.340000,yspeed:15.220000,angle:-7.190000,distense:55.800000,rcs:6.000000
timestame:1619470913.613000000,objid:7,type:0,xpos:0.000000,ypos:0.000000,xspeed:4.630000,yspeed:2.610000,angle:-16.950000,distense:45.000000,rcs:9.000000
timestame:1619470913.613000000,objid:10,type:0,xpos:0.000000,ypos:0.000000,xspeed:5.560000,yspeed:2.330000,angle:22.540000,distense:39.000000,rcs:6.000000
