timestame:1619470193.011000000,objid:0,type:0,xpos:0.000000,ypos:0.000000,xspeed:-4.070000,yspeed:6.960000,angle:19.640000,distense:41.800000,rcs:13.000000
timestame:1619470193.011000000,objid:1,type:0,xpos:0.000000,ypos:0.000000,xspeed:1.990000,yspeed:1.210000,angle:6.020000,distense:139.200000,rcs:34.000000
timestame:1619470193.011000000,objid:2,type:0,xpos:0.000000,ypos:0.000000,xspeed:-4.740000,yspeed:5.670000,angle:21.790000,distense:39.800000,rcs:24.000000
