timestame:1619471062.629000000,objid:0,type:0,xpos:0.000000,ypos:0.000000,xspeed:-7.350000,yspeed:0.950000,angle:-4.630000,distense:126.600000,rcs:12.000000
timestame:1619471062.629000000,objid:8,type:0,xpos:0.000000,ypos:0.000000,xspeed:-1.180000,yspeed:3.200000,angle:1.650000,distense:35.000000,rcs:15.000000
timestame:1619471062.629000000,objid:9,type:0,xpos:0.000000,ypos:0.000000,xspeed:-1.640000,yspeed:-0.200000,angle:-9.770000,distense:76.200000,rcs:13.000000
