timestame:1619469700.322000000,objid:2,type:0,xpos:0.000000,ypos:0.000000,xspeed:-2.210000,yspeed:-2.060000,angle:-18.000000,distense:40.000000,rcs:12.000000
timestame:1619469700.322000000,objid:5,type:0,xpos:0.000000,ypos:0.000000,xspeed:-4.120000,yspeed:-2.290000,angle:-18.000000,distense:36.400000,rcs:12.000000
timestame:1619469700.322000000,objid:8,type:0,xpos:0.000000,ypos:0.000000,xspeed:2.570000,yspeed:5.450000,angle:-1.220000,distense:47.800000,rcs:12.000000
