timestame:1619470222.499000000,objid:8,type:0,xpos:0.000000,ypos:0.000000,xspeed:-2.060000,yspeed:7.930000,angle:-12.930000,distense:43.000000,rcs:15.000000
timestame:1619470222.499000000,objid:11,type:0,xpos:0.000000,ypos:0.000000,xspeed:-2.080000,yspeed:6.700000,angle:-10.060000,distense:42.000000,rcs:22.000000
