timestame:1619470919.998000000,objid:2,type:0,xpos:0.000000,ypos:0.000000,xspeed:1.140000,yspeed:-0.480000,angle:12.550000,distense:12.600000,rcs:29.000000
timestame:1619470919.998000000,objid:3,type:0,xpos:0.000000,ypos:0.000000,xspeed:-10.980000,yspeed:-2.890000,angle:-4.110000,distense:175.600000,rcs:16.000000
