timestame:1619470146.191000000,objid:0,type:0,xpos:0.000000,ypos:0.000000,xspeed:3.080000,yspeed:1.950000,angle:-17.450000,distense:37.200000,rcs:9.000000
timestame:1619470146.191000000,objid:1,type:0,xpos:0.000000,ypos:0.000000,xspeed:5.200000,yspeed:2.530000,angle:22.510000,distense:23.800000,rcs:27.000000
timestame:1619470146.191000000,objid:2,type:0,xpos:0.000000,ypos:0.000000,xspeed:4.120000,yspeed:1.890000,angle:20.700000,distense:33.600000,rcs:13.000000
timestame:1619470146.191000000,objid:3,type:0,xpos:0.000000,ypos:0.000000,xspeed:-1.320000,yspeed:0.710000,angle:-9.780000,distense:74.800000,rcs:20.000000
