timestame:1619471369.244000000,objid:1,type:0,xpos:0.000000,ypos:0.000000,xspeed:8.080000,yspeed:-0.050000,angle:2.780000,distense:134.400000,rcs:20.000000
timestame:1619471369.244000000,objid:7,type:0,xpos:0.000000,ypos:0.000000,xspeed:11.260000,yspeed:0.290000,angle:1.580000,distense:178.000000,rcs:25.000000
