timestame:1619470609.563000000,objid:0,type:0,xpos:0.000000,ypos:0.000000,xspeed:5.090000,yspeed:4.320000,angle:-17.330000,distense:23.800000,rcs:20.000000
timestame:1619470609.563000000,objid:2,type:0,xpos:0.000000,ypos:0.000000,xspeed:7.110000,yspeed:1.280000,angle:18.290000,distense:29.800000,rcs:13.000000
