timestame:1619471375.349000000,objid:0,type:0,xpos:0.000000,ypos:0.000000,xspeed:5.800000,yspeed:3.900000,angle:2.240000,distense:199.800000,rcs:9.000000
timestame:1619471375.349000000,objid:1,type:0,xpos:0.000000,ypos:0.000000,xspeed:9.990000,yspeed:0.200000,angle:2.250000,distense:193.400000,rcs:30.000000
