timestame:1619469657.448000000,objid:7,type:0,xpos:0.000000,ypos:0.000000,xspeed:24.450000,yspeed:0.430000,angle:1.030000,distense:197.200000,rcs:9.000000
timestame:1619469657.448000000,objid:8,type:0,xpos:0.000000,ypos:0.000000,xspeed:2.470000,yspeed:3.000000,angle:-10.920000,distense:39.200000,rcs:12.000000
