timestame:1619470136.876000000,objid:7,type:0,xpos:0.000000,ypos:0.000000,xspeed:-4.070000,yspeed:-0.250000,angle:-9.920000,distense:75.400000,rcs:16.000000
timestame:1619470136.876000000,objid:8,type:0,xpos:0.000000,ypos:0.000000,xspeed:2.950000,yspeed:3.850000,angle:-6.690000,distense:43.600000,rcs:6.000000
