timestame:1619470964.055000000,objid:0,type:0,xpos:0.000000,ypos:0.000000,xspeed:3.770000,yspeed:0.150000,angle:6.470000,distense:52.000000,rcs:28.000000
timestame:1619470964.055000000,objid:6,type:0,xpos:0.000000,ypos:0.000000,xspeed:10.320000,yspeed:0.520000,angle:2.030000,distense:103.000000,rcs:34.000000
timestame:1619470964.055000000,objid:12,type:0,xpos:0.000000,ypos:0.000000,xspeed:3.040000,yspeed:0.030000,angle:5.080000,distense:60.800000,rcs:27.000000
