timestame:1619471259.565000000,objid:2,type:0,xpos:0.000000,ypos:0.000000,xspeed:12.260000,yspeed:0.460000,angle:5.070000,distense:69.400000,rcs:29.000000
timestame:1619471259.565000000,objid:3,type:0,xpos:0.000000,ypos:0.000000,xspeed:-14.890000,yspeed:-0.670000,angle:-18.000000,distense:37.600000,rcs:15.000000
timestame:1619471259.565000000,objid:6,type:0,xpos:0.000000,ypos:0.000000,xspeed:12.360000,yspeed:0.220000,angle:5.100000,distense:81.600000,rcs:9.000000
timestame:1619471259.565000000,objid:10,type:0,xpos:0.000000,ypos:0.000000,xspeed:12.270000,yspeed:0.570000,angle:5.690000,distense:57.400000,rcs:34.000000
