timestame:1619471089.508000000,objid:0,type:0,xpos:0.000000,ypos:0.000000,xspeed:10.080000,yspeed:0.440000,angle:1.890000,distense:88.000000,rcs:22.000000
timestame:1619471089.508000000,objid:1,type:0,xpos:0.000000,ypos:0.000000,xspeed:9.500000,yspeed:0.660000,angle:7.400000,distense:40.000000,rcs:26.000000
timestame:1619471089.508000000,objid:2,type:0,xpos:0.000000,ypos:0.000000,xspeed:5.050000,yspeed:0.050000,angle:2.050000,distense:38.200000,rcs:44.000000
timestame:1619471089.508000000,objid:4,type:0,xpos:0.000000,ypos:0.000000,xspeed:-21.990000,yspeed:-0.880000,angle:-13.280000,distense:60.400000,rcs:13.000000
