timestame:1619469997.145000000,objid:9,type:0,xpos:0.000000,ypos:0.000000,xspeed:2.470000,yspeed:-3.490000,angle:20.140000,distense:45.600000,rcs:15.000000
timestame:1619469997.145000000,objid:10,type:0,xpos:0.000000,ypos:0.000000,xspeed:-1.080000,yspeed:-3.760000,angle:-18.000000,distense:37.400000,rcs:20.000000
timestame:1619469997.145000000,objid:11,type:0,xpos:0.000000,ypos:0.000000,xspeed:-1.380000,yspeed:-1.090000,angle:-18.000000,distense:34.000000,rcs:24.000000
timestame:1619469997.145000000,objid:15,type:0,xpos:0.000000,ypos:0.000000,xspeed:-1.250000,yspeed:-2.590000,angle:-18.000000,distense:35.800000,rcs:20.000000
