timestame:1619470872.629000000,objid:1,type:0,xpos:0.000000,ypos:0.000000,xspeed:-9.090000,yspeed:-2.920000,angle:-5.270000,distense:134.400000,rcs:9.000000
timestame:1619470872.629000000,objid:4,type:0,xpos:0.000000,ypos:0.000000,xspeed:3.710000,yspeed:-0.140000,angle:0.690000,distense:17.400000,rcs:40.000000
timestame:1619470872.629000000,objid:9,type:0,xpos:0.000000,ypos:0.000000,xspeed:2.330000,yspeed:0.000000,angle:-1.930000,distense:27.200000,rcs:12.000000
