timestame:1619470085.380000000,objid:5,type:0,xpos:0.000000,ypos:0.000000,xspeed:2.910000,yspeed:0.000000,angle:-7.560000,distense:55.800000,rcs:13.000000
timestame:1619470085.380000000,objid:10,type:0,xpos:0.000000,ypos:0.000000,xspeed:1.500000,yspeed:-3.590000,angle:-3.650000,distense:55.000000,rcs:20.000000
timestame:1619470085.380000000,objid:14,type:0,xpos:0.000000,ypos:0.000000,xspeed:-3.110000,yspeed:-1.460000,angle:-17.310000,distense:53.400000,rcs:12.000000
