timestame:1619470715.324000000,objid:0,type:0,xpos:0.000000,ypos:0.000000,xspeed:22.140000,yspeed:0.000000,angle:-13.970000,distense:51.000000,rcs:15.000000
timestame:1619470715.324000000,objid:3,type:0,xpos:0.000000,ypos:0.000000,xspeed:3.520000,yspeed:3.620000,angle:-10.910000,distense:40.600000,rcs:12.000000
