timestame:1619471312.933000000,objid:1,type:0,xpos:0.000000,ypos:0.000000,xspeed:-21.630000,yspeed:0.740000,angle:-2.970000,distense:180.400000,rcs:9.000000
timestame:1619471312.933000000,objid:2,type:0,xpos:0.000000,ypos:0.000000,xspeed:1.850000,yspeed:3.830000,angle:-7.830000,distense:45.200000,rcs:6.000000
timestame:1619471312.933000000,objid:3,type:0,xpos:0.000000,ypos:0.000000,xspeed:3.200000,yspeed:3.390000,angle:-11.720000,distense:40.600000,rcs:13.000000
timestame:1619471312.933000000,objid:4,type:0,xpos:0.000000,ypos:0.000000,xspeed:-1.090000,yspeed:5.030000,angle:5.370000,distense:37.000000,rcs:25.000000
