timestame:1619471026.165000000,objid:0,type:0,xpos:0.000000,ypos:0.000000,xspeed:-2.810000,yspeed:-3.260000,angle:-18.000000,distense:32.000000,rcs:6.000000
timestame:1619471026.165000000,objid:1,type:0,xpos:0.000000,ypos:0.000000,xspeed:-1.330000,yspeed:2.650000,angle:14.940000,distense:39.200000,rcs:6.000000
timestame:1619471026.165000000,objid:3,type:0,xpos:0.000000,ypos:0.000000,xspeed:-4.350000,yspeed:-3.310000,angle:-18.000000,distense:29.600000,rcs:6.000000
timestame:1619471026.165000000,objid:8,type:0,xpos:0.000000,ypos:0.000000,xspeed:-2.530000,yspeed:2.150000,angle:20.800000,distense:39.800000,rcs:26.000000
