timestame:1619471076.777000000,objid:0,type:0,xpos:0.000000,ypos:0.000000,xspeed:-9.720000,yspeed:-0.360000,angle:-18.000000,distense:27.000000,rcs:6.000000
timestame:1619471076.777000000,objid:3,type:0,xpos:0.000000,ypos:0.000000,xspeed:-9.040000,yspeed:-0.240000,angle:-9.910000,distense:69.600000,rcs:27.000000
timestame:1619471076.777000000,objid:5,type:0,xpos:0.000000,ypos:0.000000,xspeed:-9.960000,yspeed:-0.220000,angle:-15.770000,distense:48.000000,rcs:19.000000
timestame:1619471076.777000000,objid:6,type:0,xpos:0.000000,ypos:0.000000,xspeed:-5.430000,yspeed:-0.450000,angle:-18.000000,distense:54.200000,rcs:30.000000
