timestame:1619470758.166000000,objid:1,type:0,xpos:0.000000,ypos:0.000000,xspeed:-1.260000,yspeed:-3.130000,angle:-12.570000,distense:38.800000,rcs:30.000000
timestame:1619470758.166000000,objid:10,type:0,xpos:0.000000,ypos:0.000000,xspeed:-2.910000,yspeed:-0.710000,angle:-18.000000,distense:25.200000,rcs:6.000000
