timestame:1619470594.045000000,objid:0,type:0,xpos:0.000000,ypos:0.000000,xspeed:-14.500000,yspeed:-0.640000,angle:-18.000000,distense:22.200000,rcs:6.000000
timestame:1619470594.045000000,objid:5,type:0,xpos:0.000000,ypos:0.000000,xspeed:8.250000,yspeed:2.140000,angle:22.690000,distense:31.600000,rcs:28.000000
timestame:1619470594.045000000,objid:6,type:0,xpos:0.000000,ypos:0.000000,xspeed:6.170000,yspeed:1.900000,angle:19.700000,distense:29.800000,rcs:28.000000
