timestame:1619469759.952000000,objid:1,type:0,xpos:0.000000,ypos:0.000000,xspeed:1.450000,yspeed:3.120000,angle:-8.630000,distense:40.200000,rcs:15.000000
timestame:1619469759.952000000,objid:2,type:0,xpos:0.000000,ypos:0.000000,xspeed:4.660000,yspeed:3.370000,angle:-14.230000,distense:42.000000,rcs:18.000000
