timestame:1619469913.668000000,objid:0,type:0,xpos:0.000000,ypos:0.000000,xspeed:-6.340000,yspeed:1.780000,angle:-18.000000,distense:34.200000,rcs:6.000000
timestame:1619469913.668000000,objid:1,type:0,xpos:0.000000,ypos:0.000000,xspeed:4.910000,yspeed:0.100000,angle:1.740000,distense:93.200000,rcs:16.000000
timestame:1619469913.668000000,objid:2,type:0,xpos:0.000000,ypos:0.000000,xspeed:12.190000,yspeed:0.200000,angle:2.540000,distense:175.600000,rcs:9.000000
timestame:1619469913.668000000,objid:8,type:0,xpos:0.000000,ypos:0.000000,xspeed:4.820000,yspeed:0.020000,angle:1.990000,distense:86.400000,rcs:30.000000
