timestame:1619471558.823000000,objid:3,type:0,xpos:0.000000,ypos:0.000000,xspeed:-2.560000,yspeed:-2.800000,angle:-1.070000,distense:38.400000,rcs:30.000000
timestame:1619471558.823000000,objid:7,type:0,xpos:0.000000,ypos:0.000000,xspeed:-2.690000,yspeed:-1.560000,angle:-18.000000,distense:31.800000,rcs:13.000000
timestame:1619471558.823000000,objid:12,type:0,xpos:0.000000,ypos:0.000000,xspeed:2.740000,yspeed:1.940000,angle:-14.900000,distense:36.000000,rcs:13.000000
timestame:1619471558.823000000,objid:13,type:0,xpos:0.000000,ypos:0.000000,xspeed:-13.050000,yspeed:18.340000,angle:3.510000,distense:43.000000,rcs:9.000000
