timestame:1619471168.511000000,objid:0,type:0,xpos:0.000000,ypos:0.000000,xspeed:-9.470000,yspeed:-0.280000,angle:-5.070000,distense:123.400000,rcs:15.000000
timestame:1619471168.511000000,objid:2,type:0,xpos:0.000000,ypos:0.000000,xspeed:2.870000,yspeed:0.480000,angle:3.560000,distense:14.600000,rcs:24.000000
