timestame:1619471243.518000000,objid:0,type:0,xpos:0.000000,ypos:0.000000,xspeed:-2.000000,yspeed:2.240000,angle:-18.000000,distense:74.400000,rcs:12.000000
timestame:1619471243.518000000,objid:9,type:0,xpos:0.000000,ypos:0.000000,xspeed:10.100000,yspeed:0.260000,angle:1.320000,distense:205.800000,rcs:23.000000
