timestame:1619469975.840000000,objid:2,type:0,xpos:0.000000,ypos:0.000000,xspeed:-1.500000,yspeed:-1.230000,angle:-18.000000,distense:32.400000,rcs:24.000000
timestame:1619469975.840000000,objid:4,type:0,xpos:0.000000,ypos:0.000000,xspeed:5.160000,yspeed:-6.510000,angle:6.070000,distense:44.600000,rcs:33.000000
timestame:1619469975.840000000,objid:6,type:0,xpos:0.000000,ypos:0.000000,xspeed:-1.480000,yspeed:-2.180000,angle:-18.000000,distense:35.000000,rcs:30.000000
timestame:1619469975.840000000,objid:7,type:0,xpos:0.000000,ypos:0.000000,xspeed:-3.640000,yspeed:-5.340000,angle:-18.000000,distense:36.000000,rcs:28.000000
