timestame:1619470486.035000000,objid:1,type:0,xpos:0.000000,ypos:0.000000,xspeed:-2.660000,yspeed:-0.300000,angle:-9.310000,distense:79.200000,rcs:13.000000
timestame:1619470486.035000000,objid:2,type:0,xpos:0.000000,ypos:0.000000,xspeed:1.620000,yspeed:-7.480000,angle:-2.340000,distense:64.200000,rcs:22.000000
timestame:1619470486.035000000,objid:4,type:0,xpos:0.000000,ypos:0.000000,xspeed:-1.580000,yspeed:-4.840000,angle:-16.630000,distense:39.000000,rcs:25.000000
timestame:1619470486.035000000,objid:6,type:0,xpos:0.000000,ypos:0.000000,xspeed:3.290000,yspeed:7.000000,angle:-5.730000,distense:40.800000,rcs:30.000000
