timestame:1619470735.115000000,objid:1,type:0,xpos:0.000000,ypos:0.000000,xspeed:12.080000,yspeed:-0.170000,angle:1.770000,distense:88.200000,rcs:16.000000
timestame:1619470735.115000000,objid:6,type:0,xpos:0.000000,ypos:0.000000,xspeed:12.200000,yspeed:0.360000,angle:2.210000,distense:77.600000,rcs:32.000000
