timestame:1619471409.749000000,objid:1,type:0,xpos:0.000000,ypos:0.000000,xspeed:-1.140000,yspeed:-2.670000,angle:-11.820000,distense:41.000000,rcs:29.000000
timestame:1619471409.749000000,objid:4,type:0,xpos:0.000000,ypos:0.000000,xspeed:-1.520000,yspeed:1.520000,angle:0.040000,distense:43.800000,rcs:26.000000
timestame:1619471409.749000000,objid:7,type:0,xpos:0.000000,ypos:0.000000,xspeed:-2.030000,yspeed:-3.080000,angle:-17.100000,distense:38.800000,rcs:24.000000
timestame:1619471409.749000000,objid:12,type:0,xpos:0.000000,ypos:0.000000,xspeed:-9.650000,yspeed:-0.810000,angle:-4.210000,distense:189.800000,rcs:9.000000
