timestame:1619469620.498000000,objid:1,type:0,xpos:0.000000,ypos:0.000000,xspeed:-2.510000,yspeed:0.070000,angle:-13.800000,distense:69.000000,rcs:22.000000
timestame:1619469620.498000000,objid:2,type:0,xpos:0.000000,ypos:0.000000,xspeed:-2.650000,yspeed:-1.740000,angle:-11.980000,distense:81.000000,rcs:20.000000
timestame:1619469620.498000000,objid:4,type:0,xpos:0.000000,ypos:0.000000,xspeed:-16.060000,yspeed:0.460000,angle:-5.700000,distense:104.600000,rcs:6.000000
timestame:1619469620.498000000,objid:5,type:0,xpos:0.000000,ypos:0.000000,xspeed:-6.990000,yspeed:5.400000,angle:-12.330000,distense:164.400000,rcs:6.000000
