timestame:1619470460.785000000,objid:0,type:0,xpos:0.000000,ypos:0.000000,xspeed:-16.640000,yspeed:-1.760000,angle:-7.610000,distense:94.600000,rcs:16.000000
timestame:1619470460.785000000,objid:2,type:0,xpos:0.000000,ypos:0.000000,xspeed:5.910000,yspeed:-0.070000,angle:3.210000,distense:179.800000,rcs:12.000000
