timestame:1619470885.810000000,objid:0,type:0,xpos:0.000000,ypos:0.000000,xspeed:-1.870000,yspeed:9.100000,angle:-16.460000,distense:38.800000,rcs:6.000000
timestame:1619470885.810000000,objid:3,type:0,xpos:0.000000,ypos:0.000000,xspeed:-2.250000,yspeed:-2.990000,angle:-18.000000,distense:34.600000,rcs:36.000000
timestame:1619470885.810000000,objid:6,type:0,xpos:0.000000,ypos:0.000000,xspeed:3.970000,yspeed:4.450000,angle:-12.370000,distense:43.400000,rcs:22.000000
timestame:1619470885.810000000,objid:12,type:0,xpos:0.000000,ypos:0.000000,xspeed:-5.490000,yspeed:-6.030000,angle:-18.000000,distense:63.200000,rcs:12.000000
