timestame:1619470929.162000000,objid:3,type:0,xpos:0.000000,ypos:0.000000,xspeed:-7.940000,yspeed:-0.400000,angle:-10.600000,distense:88.800000,rcs:9.000000
timestame:1619470929.162000000,objid:5,type:0,xpos:0.000000,ypos:0.000000,xspeed:-1.270000,yspeed:-0.190000,angle:15.490000,distense:12.400000,rcs:26.000000
timestame:1619470929.162000000,objid:6,type:0,xpos:0.000000,ypos:0.000000,xspeed:-23.900000,yspeed:0.000000,angle:-10.360000,distense:87.800000,rcs:19.000000
