timestame:1619469657.263000000,objid:1,type:0,xpos:0.000000,ypos:0.000000,xspeed:2.530000,yspeed:3.640000,angle:-5.210000,distense:44.600000,rcs:6.000000
timestame:1619469657.263000000,objid:7,type:0,xpos:0.000000,ypos:0.000000,xspeed:24.360000,yspeed:0.360000,angle:0.980000,distense:192.600000,rcs:13.000000
timestame:1619469657.263000000,objid:8,type:0,xpos:0.000000,ypos:0.000000,xspeed:2.570000,yspeed:2.980000,angle:-11.440000,distense:38.600000,rcs:9.000000
