timestame:1619470879.087000000,objid:3,type:0,xpos:0.000000,ypos:0.000000,xspeed:-2.000000,yspeed:-3.740000,angle:-15.420000,distense:35.200000,rcs:31.000000
timestame:1619470879.087000000,objid:9,type:0,xpos:0.000000,ypos:0.000000,xspeed:1.270000,yspeed:-1.070000,angle:-4.180000,distense:24.200000,rcs:20.000000
timestame:1619470879.087000000,objid:14,type:0,xpos:0.000000,ypos:0.000000,xspeed:-5.680000,yspeed:-0.140000,angle:-8.210000,distense:88.400000,rcs:9.000000
timestame:1619470879.087000000,objid:19,type:0,xpos:0.000000,ypos:0.000000,xspeed:1.140000,yspeed:2.280000,angle:-11.770000,distense:47.400000,rcs:15.000000
