timestame:1619471517.367000000,objid:3,type:0,xpos:0.000000,ypos:0.000000,xspeed:28.140000,yspeed:-3.960000,angle:-0.020000,distense:174.200000,rcs:6.000000
timestame:1619471517.367000000,objid:7,type:0,xpos:0.000000,ypos:0.000000,xspeed:16.080000,yspeed:0.250000,angle:1.580000,distense:171.000000,rcs:16.000000
timestame:1619471517.367000000,objid:9,type:0,xpos:0.000000,ypos:0.000000,xspeed:17.340000,yspeed:-0.710000,angle:0.150000,distense:218.800000,rcs:6.000000
timestame:1619471517.367000000,objid:10,type:0,xpos:0.000000,ypos:0.000000,xspeed:15.990000,yspeed:0.090000,angle:1.360000,distense:160.400000,rcs:20.000000
