timestame:1619470777.095000000,objid:0,type:0,xpos:0.000000,ypos:0.000000,xspeed:19.980000,yspeed:1.410000,angle:1.510000,distense:212.800000,rcs:9.000000
timestame:1619470777.095000000,objid:1,type:0,xpos:0.000000,ypos:0.000000,xspeed:-7.400000,yspeed:-0.940000,angle:-9.890000,distense:97.800000,rcs:20.000000
timestame:1619470777.095000000,objid:3,type:0,xpos:0.000000,ypos:0.000000,xspeed:4.960000,yspeed:0.110000,angle:-10.810000,distense:49.800000,rcs:20.000000
timestame:1619470777.095000000,objid:4,type:0,xpos:0.000000,ypos:0.000000,xspeed:8.050000,yspeed:-4.890000,angle:-6.160000,distense:51.600000,rcs:13.000000
