timestame:1619469623.932000000,objid:1,type:0,xpos:0.000000,ypos:0.000000,xspeed:-4.230000,yspeed:-0.150000,angle:-17.880000,distense:54.400000,rcs:20.000000
timestame:1619469623.932000000,objid:2,type:0,xpos:0.000000,ypos:0.000000,xspeed:-3.910000,yspeed:-0.330000,angle:-14.970000,distense:67.800000,rcs:19.000000
timestame:1619469623.932000000,objid:4,type:0,xpos:0.000000,ypos:0.000000,xspeed:-13.730000,yspeed:-0.410000,angle:-12.230000,distense:57.400000,rcs:20.000000
