timestame:1619471220.964000000,objid:0,type:0,xpos:0.000000,ypos:0.000000,xspeed:1.420000,yspeed:1.020000,angle:1.690000,distense:54.200000,rcs:13.000000
timestame:1619471220.964000000,objid:6,type:0,xpos:0.000000,ypos:0.000000,xspeed:3.750000,yspeed:0.200000,angle:2.310000,distense:53.800000,rcs:12.000000
timestame:1619471220.964000000,objid:9,type:0,xpos:0.000000,ypos:0.000000,xspeed:3.810000,yspeed:0.250000,angle:2.770000,distense:35.000000,rcs:40.000000
timestame:1619471220.964000000,objid:10,type:0,xpos:0.000000,ypos:0.000000,xspeed:3.680000,yspeed:0.480000,angle:1.750000,distense:44.000000,rcs:6.000000
