timestame:1619469527.753000000,objid:2,type:0,xpos:0.000000,ypos:0.000000,xspeed:2.460000,yspeed:-3.710000,angle:-18.000000,distense:62.400000,rcs:32.000000
timestame:1619469527.753000000,objid:4,type:0,xpos:0.000000,ypos:0.000000,xspeed:-6.870000,yspeed:2.590000,angle:-18.000000,distense:60.600000,rcs:16.000000
timestame:1619469527.753000000,objid:11,type:0,xpos:0.000000,ypos:0.000000,xspeed:1.540000,yspeed:-4.800000,angle:-18.000000,distense:73.200000,rcs:9.000000
