timestame:1619469822.481000000,objid:1,type:0,xpos:0.000000,ypos:0.000000,xspeed:1.290000,yspeed:-7.070000,angle:-18.000000,distense:68.400000,rcs:6.000000
timestame:1619469822.481000000,objid:2,type:0,xpos:0.000000,ypos:0.000000,xspeed:-1.220000,yspeed:-4.140000,angle:-9.320000,distense:42.200000,rcs:28.000000
timestame:1619469822.481000000,objid:11,type:0,xpos:0.000000,ypos:0.000000,xspeed:-4.420000,yspeed:0.440000,angle:-5.820000,distense:137.200000,rcs:9.000000
