timestame:1619470202.469000000,objid:0,type:0,xpos:0.000000,ypos:0.000000,xspeed:1.690000,yspeed:-2.110000,angle:5.080000,distense:142.400000,rcs:12.000000
timestame:1619470202.469000000,objid:1,type:0,xpos:0.000000,ypos:0.000000,xspeed:2.970000,yspeed:1.070000,angle:6.480000,distense:162.400000,rcs:12.000000
timestame:1619470202.469000000,objid:2,type:0,xpos:0.000000,ypos:0.000000,xspeed:1.510000,yspeed:1.170000,angle:5.470000,distense:157.800000,rcs:6.000000
