timestame:1619470011.532000000,objid:0,type:0,xpos:0.000000,ypos:0.000000,xspeed:-2.120000,yspeed:-0.900000,angle:-17.350000,distense:35.000000,rcs:22.000000
timestame:1619470011.532000000,objid:2,type:0,xpos:0.000000,ypos:0.000000,xspeed:-2.040000,yspeed:0.000000,angle:-12.780000,distense:43.600000,rcs:27.000000
