timestame:1619469783.602000000,objid:2,type:0,xpos:0.000000,ypos:0.000000,xspeed:17.010000,yspeed:-0.050000,angle:1.110000,distense:153.800000,rcs:9.000000
timestame:1619469783.602000000,objid:4,type:0,xpos:0.000000,ypos:0.000000,xspeed:-17.790000,yspeed:-0.600000,angle:-6.140000,distense:140.800000,rcs:13.000000
timestame:1619469783.602000000,objid:5,type:0,xpos:0.000000,ypos:0.000000,xspeed:1.580000,yspeed:3.420000,angle:-3.650000,distense:44.800000,rcs:6.000000
timestame:1619469783.602000000,objid:10,type:0,xpos:0.000000,ypos:0.000000,xspeed:16.620000,yspeed:0.090000,angle:1.180000,distense:140.800000,rcs:30.000000
