timestame:1619470988.552000000,objid:2,type:0,xpos:0.000000,ypos:0.000000,xspeed:-13.760000,yspeed:-0.990000,angle:-18.000000,distense:23.600000,rcs:9.000000
timestame:1619470988.552000000,objid:3,type:0,xpos:0.000000,ypos:0.000000,xspeed:5.050000,yspeed:0.030000,angle:8.240000,distense:94.000000,rcs:9.000000
timestame:1619470988.552000000,objid:4,type:0,xpos:0.000000,ypos:0.000000,xspeed:-13.490000,yspeed:-0.510000,angle:-10.050000,distense:74.800000,rcs:21.000000
timestame:1619470988.552000000,objid:7,type:0,xpos:0.000000,ypos:0.000000,xspeed:-15.080000,yspeed:-0.450000,angle:-18.000000,distense:23.400000,rcs:6.000000
