timestame:1619471260.430000000,objid:2,type:0,xpos:0.000000,ypos:0.000000,xspeed:12.370000,yspeed:0.380000,angle:4.530000,distense:79.800000,rcs:31.000000
timestame:1619471260.430000000,objid:6,type:0,xpos:0.000000,ypos:0.000000,xspeed:12.420000,yspeed:-0.050000,angle:4.240000,distense:92.000000,rcs:19.000000
timestame:1619471260.430000000,objid:10,type:0,xpos:0.000000,ypos:0.000000,xspeed:12.360000,yspeed:0.690000,angle:5.430000,distense:67.800000,rcs:25.000000
