timestame:1619470940.109000000,objid:1,type:0,xpos:0.000000,ypos:0.000000,xspeed:-2.770000,yspeed:0.980000,angle:-12.810000,distense:68.600000,rcs:22.000000
timestame:1619470940.109000000,objid:5,type:0,xpos:0.000000,ypos:0.000000,xspeed:-4.670000,yspeed:0.000000,angle:-13.740000,distense:71.200000,rcs:20.000000
timestame:1619470940.109000000,objid:10,type:0,xpos:0.000000,ypos:0.000000,xspeed:-3.900000,yspeed:0.220000,angle:-10.540000,distense:68.800000,rcs:24.000000
