timestame:1619470975.057000000,objid:0,type:0,xpos:0.000000,ypos:0.000000,xspeed:6.540000,yspeed:0.070000,angle:3.530000,distense:114.000000,rcs:21.000000
timestame:1619470975.057000000,objid:3,type:0,xpos:0.000000,ypos:0.000000,xspeed:7.090000,yspeed:-0.150000,angle:2.330000,distense:123.800000,rcs:12.000000
timestame:1619470975.057000000,objid:5,type:0,xpos:0.000000,ypos:0.000000,xspeed:-17.910000,yspeed:9.550000,angle:-5.710000,distense:141.400000,rcs:12.000000
timestame:1619470975.057000000,objid:9,type:0,xpos:0.000000,ypos:0.000000,xspeed:1.970000,yspeed:3.560000,angle:-7.020000,distense:43.200000,rcs:12.000000
