timestame:1619471093.108000000,objid:1,type:0,xpos:0.000000,ypos:0.000000,xspeed:12.530000,yspeed:-0.240000,angle:3.020000,distense:85.200000,rcs:13.000000
timestame:1619471093.108000000,objid:2,type:0,xpos:0.000000,ypos:0.000000,xspeed:7.040000,yspeed:0.260000,angle:2.260000,distense:64.000000,rcs:42.000000
timestame:1619471093.108000000,objid:5,type:0,xpos:0.000000,ypos:0.000000,xspeed:12.820000,yspeed:0.270000,angle:1.620000,distense:135.800000,rcs:9.000000
