timestame:1619469634.067000000,objid:1,type:0,xpos:0.000000,ypos:0.000000,xspeed:3.270000,yspeed:-0.800000,angle:19.290000,distense:21.600000,rcs:29.000000
timestame:1619469634.067000000,objid:3,type:0,xpos:0.000000,ypos:0.000000,xspeed:-6.640000,yspeed:2.610000,angle:-4.850000,distense:54.800000,rcs:20.000000
timestame:1619469634.067000000,objid:4,type:0,xpos:0.000000,ypos:0.000000,xspeed:2.350000,yspeed:4.130000,angle:-13.700000,distense:24.400000,rcs:12.000000
