timestame:1619470215.317000000,objid:7,type:0,xpos:0.000000,ypos:0.000000,xspeed:-2.660000,yspeed:7.360000,angle:-8.900000,distense:43.800000,rcs:24.000000
timestame:1619470215.317000000,objid:9,type:0,xpos:0.000000,ypos:0.000000,xspeed:-1.550000,yspeed:9.970000,angle:-15.970000,distense:40.400000,rcs:9.000000
