timestame:1619469553.340000000,objid:1,type:0,xpos:0.000000,ypos:0.000000,xspeed:1.000000,yspeed:-2.640000,angle:22.350000,distense:50.800000,rcs:25.000000
timestame:1619469553.340000000,objid:2,type:0,xpos:0.000000,ypos:0.000000,xspeed:-4.220000,yspeed:3.380000,angle:-18.000000,distense:46.400000,rcs:13.000000
timestame:1619469553.340000000,objid:3,type:0,xpos:0.000000,ypos:0.000000,xspeed:-2.480000,yspeed:0.940000,angle:-18.000000,distense:51.400000,rcs:12.000000
