timestame:1619470048.178000000,objid:0,type:0,xpos:0.000000,ypos:0.000000,xspeed:6.750000,yspeed:0.280000,angle:4.390000,distense:92.400000,rcs:12.000000
timestame:1619470048.178000000,objid:3,type:0,xpos:0.000000,ypos:0.000000,xspeed:14.900000,yspeed:0.270000,angle:1.240000,distense:223.400000,rcs:9.000000
timestame:1619470048.178000000,objid:5,type:0,xpos:0.000000,ypos:0.000000,xspeed:6.810000,yspeed:0.060000,angle:4.480000,distense:82.800000,rcs:20.000000
