timestame:1619469993.538000000,objid:1,type:0,xpos:0.000000,ypos:0.000000,xspeed:1.780000,yspeed:-0.920000,angle:2.030000,distense:41.200000,rcs:26.000000
timestame:1619469993.538000000,objid:8,type:0,xpos:0.000000,ypos:0.000000,xspeed:1.240000,yspeed:3.220000,angle:-6.710000,distense:38.600000,rcs:12.000000
timestame:1619469993.538000000,objid:9,type:0,xpos:0.000000,ypos:0.000000,xspeed:-1.990000,yspeed:-14.250000,angle:-13.510000,distense:33.000000,rcs:15.000000
timestame:1619469993.538000000,objid:24,type:0,xpos:0.000000,ypos:0.000000,xspeed:2.690000,yspeed:1.920000,angle:-15.280000,distense:33.200000,rcs:20.000000
