timestame:1619471147.234000000,objid:1,type:0,xpos:0.000000,ypos:0.000000,xspeed:-1.270000,yspeed:6.080000,angle:21.900000,distense:40.200000,rcs:6.000000
timestame:1619471147.234000000,objid:5,type:0,xpos:0.000000,ypos:0.000000,xspeed:-1.110000,yspeed:6.600000,angle:0.460000,distense:41.600000,rcs:22.000000
timestame:1619471147.234000000,objid:9,type:0,xpos:0.000000,ypos:0.000000,xspeed:-1.510000,yspeed:5.830000,angle:-4.030000,distense:42.400000,rcs:15.000000
