timestame:1619470840.372000000,objid:3,type:0,xpos:0.000000,ypos:0.000000,xspeed:2.750000,yspeed:2.400000,angle:-11.970000,distense:40.600000,rcs:9.000000
timestame:1619470840.372000000,objid:7,type:0,xpos:0.000000,ypos:0.000000,xspeed:13.250000,yspeed:0.390000,angle:2.380000,distense:209.000000,rcs:24.000000
