timestame:1619469816.221000000,objid:3,type:0,xpos:0.000000,ypos:0.000000,xspeed:1.240000,yspeed:-2.750000,angle:-5.670000,distense:50.400000,rcs:19.000000
timestame:1619469816.221000000,objid:4,type:0,xpos:0.000000,ypos:0.000000,xspeed:-8.910000,yspeed:-1.360000,angle:-4.700000,distense:177.000000,rcs:13.000000
timestame:1619469816.221000000,objid:6,type:0,xpos:0.000000,ypos:0.000000,xspeed:4.050000,yspeed:2.850000,angle:22.230000,distense:27.000000,rcs:6.000000
timestame:1619469816.221000000,objid:10,type:0,xpos:0.000000,ypos:0.000000,xspeed:1.570000,yspeed:-0.770000,angle:-16.990000,distense:46.000000,rcs:24.000000
