timestame:1619470757.292000000,objid:2,type:0,xpos:0.000000,ypos:0.000000,xspeed:-2.410000,yspeed:-1.120000,angle:-18.000000,distense:30.400000,rcs:15.000000
timestame:1619470757.292000000,objid:10,type:0,xpos:0.000000,ypos:0.000000,xspeed:-3.100000,yspeed:-0.660000,angle:-18.000000,distense:26.600000,rcs:12.000000
timestame:1619470757.292000000,objid:11,type:0,xpos:0.000000,ypos:0.000000,xspeed:-2.630000,yspeed:0.030000,angle:-18.000000,distense:24.800000,rcs:6.000000
