timestame:1619470596.474000000,objid:1,type:0,xpos:0.000000,ypos:0.000000,xspeed:6.050000,yspeed:3.030000,angle:-15.670000,distense:35.000000,rcs:20.000000
timestame:1619470596.474000000,objid:3,type:0,xpos:0.000000,ypos:0.000000,xspeed:-2.340000,yspeed:0.000000,angle:6.910000,distense:176.200000,rcs:6.000000
timestame:1619470596.474000000,objid:5,type:0,xpos:0.000000,ypos:0.000000,xspeed:5.010000,yspeed:4.070000,angle:-12.010000,distense:45.200000,rcs:20.000000
