timestame:1619470773.615000000,objid:0,type:0,xpos:0.000000,ypos:0.000000,xspeed:-9.400000,yspeed:-0.120000,angle:-7.070000,distense:120.200000,rcs:20.000000
timestame:1619470773.615000000,objid:2,type:0,xpos:0.000000,ypos:0.000000,xspeed:19.030000,yspeed:1.120000,angle:1.540000,distense:146.600000,rcs:18.000000
