timestame:1619470649.124000000,objid:4,type:0,xpos:0.000000,ypos:0.000000,xspeed:-2.050000,yspeed:-2.690000,angle:-18.000000,distense:39.200000,rcs:21.000000
timestame:1619470649.124000000,objid:9,type:0,xpos:0.000000,ypos:0.000000,xspeed:-1.640000,yspeed:-3.390000,angle:-17.910000,distense:40.400000,rcs:26.000000
timestame:1619470649.124000000,objid:15,type:0,xpos:0.000000,ypos:0.000000,xspeed:-1.430000,yspeed:-7.490000,angle:-6.740000,distense:67.800000,rcs:9.000000
