timestame:1619470734.684000000,objid:1,type:0,xpos:0.000000,ypos:0.000000,xspeed:11.980000,yspeed:0.020000,angle:2.180000,distense:82.800000,rcs:15.000000
timestame:1619470734.684000000,objid:6,type:0,xpos:0.000000,ypos:0.000000,xspeed:12.310000,yspeed:0.390000,angle:2.280000,distense:72.600000,rcs:27.000000
