timestame:1619471003.024000000,objid:0,type:0,xpos:0.000000,ypos:0.000000,xspeed:-3.000000,yspeed:0.240000,angle:-6.430000,distense:49.200000,rcs:18.000000
timestame:1619471003.024000000,objid:1,type:0,xpos:0.000000,ypos:0.000000,xspeed:-13.240000,yspeed:-0.450000,angle:-5.610000,distense:142.800000,rcs:15.000000
timestame:1619471003.024000000,objid:3,type:0,xpos:0.000000,ypos:0.000000,xspeed:1.350000,yspeed:-2.870000,angle:-15.990000,distense:46.600000,rcs:20.000000
timestame:1619471003.024000000,objid:4,type:0,xpos:0.000000,ypos:0.000000,xspeed:1.850000,yspeed:0.120000,angle:-0.220000,distense:17.000000,rcs:22.000000
