timestame:1619470073.576000000,objid:3,type:0,xpos:0.000000,ypos:0.000000,xspeed:-1.240000,yspeed:2.210000,angle:18.620000,distense:48.000000,rcs:31.000000
timestame:1619470073.576000000,objid:4,type:0,xpos:0.000000,ypos:0.000000,xspeed:-1.480000,yspeed:2.220000,angle:-17.090000,distense:42.800000,rcs:18.000000
timestame:1619470073.576000000,objid:8,type:0,xpos:0.000000,ypos:0.000000,xspeed:1.490000,yspeed:3.230000,angle:-6.670000,distense:42.000000,rcs:6.000000
