timestame:1619469913.853000000,objid:0,type:0,xpos:0.000000,ypos:0.000000,xspeed:-6.370000,yspeed:1.850000,angle:-18.000000,distense:33.200000,rcs:6.000000
timestame:1619469913.853000000,objid:1,type:0,xpos:0.000000,ypos:0.000000,xspeed:4.940000,yspeed:0.100000,angle:1.750000,distense:94.200000,rcs:21.000000
timestame:1619469913.853000000,objid:2,type:0,xpos:0.000000,ypos:0.000000,xspeed:12.280000,yspeed:0.220000,angle:2.530000,distense:178.000000,rcs:20.000000
timestame:1619469913.853000000,objid:8,type:0,xpos:0.000000,ypos:0.000000,xspeed:4.830000,yspeed:-0.030000,angle:1.900000,distense:87.200000,rcs:34.000000
