timestame:1619471233.722000000,objid:0,type:0,xpos:0.000000,ypos:0.000000,xspeed:7.750000,yspeed:0.020000,angle:1.550000,distense:123.200000,rcs:9.000000
timestame:1619471233.722000000,objid:9,type:0,xpos:0.000000,ypos:0.000000,xspeed:7.180000,yspeed:0.060000,angle:1.560000,distense:113.200000,rcs:22.000000
