timestame:1619470112.367000000,objid:2,type:0,xpos:0.000000,ypos:0.000000,xspeed:6.470000,yspeed:2.110000,angle:18.360000,distense:31.600000,rcs:21.000000
timestame:1619470112.367000000,objid:3,type:0,xpos:0.000000,ypos:0.000000,xspeed:24.860000,yspeed:1.290000,angle:21.680000,distense:27.400000,rcs:13.000000
timestame:1619470112.367000000,objid:7,type:0,xpos:0.000000,ypos:0.000000,xspeed:6.600000,yspeed:1.210000,angle:22.050000,distense:29.800000,rcs:20.000000
