timestame:1619469715.987000000,objid:1,type:0,xpos:0.000000,ypos:0.000000,xspeed:-2.130000,yspeed:8.060000,angle:-2.250000,distense:40.000000,rcs:6.000000
timestame:1619469715.987000000,objid:3,type:0,xpos:0.000000,ypos:0.000000,xspeed:14.720000,yspeed:-0.920000,angle:0.500000,distense:175.400000,rcs:13.000000
