timestame:1619470104.116000000,objid:3,type:0,xpos:0.000000,ypos:0.000000,xspeed:2.470000,yspeed:-13.740000,angle:-18.000000,distense:68.800000,rcs:6.000000
timestame:1619470104.116000000,objid:6,type:0,xpos:0.000000,ypos:0.000000,xspeed:-1.630000,yspeed:-1.010000,angle:14.440000,distense:27.600000,rcs:22.000000
timestame:1619470104.116000000,objid:9,type:0,xpos:0.000000,ypos:0.000000,xspeed:5.290000,yspeed:0.680000,angle:21.790000,distense:20.600000,rcs:25.000000
timestame:1619470104.116000000,objid:11,type:0,xpos:0.000000,ypos:0.000000,xspeed:1.910000,yspeed:0.740000,angle:14.070000,distense:19.800000,rcs:12.000000
