timestame:1619470479.708000000,objid:0,type:0,xpos:0.000000,ypos:0.000000,xspeed:-7.390000,yspeed:-0.330000,angle:-6.970000,distense:98.000000,rcs:24.000000
timestame:1619470479.708000000,objid:1,type:0,xpos:0.000000,ypos:0.000000,xspeed:-5.690000,yspeed:-1.190000,angle:-6.650000,distense:101.200000,rcs:21.000000
timestame:1619470479.708000000,objid:2,type:0,xpos:0.000000,ypos:0.000000,xspeed:1.730000,yspeed:-0.620000,angle:11.450000,distense:78.800000,rcs:9.000000
