timestame:1619470367.324000000,objid:0,type:0,xpos:0.000000,ypos:0.000000,xspeed:2.610000,yspeed:4.460000,angle:10.250000,distense:51.200000,rcs:6.000000
timestame:1619470367.324000000,objid:4,type:0,xpos:0.000000,ypos:0.000000,xspeed:-2.310000,yspeed:-3.940000,angle:-18.000000,distense:41.200000,rcs:22.000000
timestame:1619470367.324000000,objid:6,type:0,xpos:0.000000,ypos:0.000000,xspeed:-4.630000,yspeed:-8.730000,angle:-17.960000,distense:41.800000,rcs:22.000000
