timestame:1619469694.795000000,objid:1,type:0,xpos:0.000000,ypos:0.000000,xspeed:-1.520000,yspeed:6.780000,angle:4.710000,distense:41.400000,rcs:26.000000
timestame:1619469694.795000000,objid:3,type:0,xpos:0.000000,ypos:0.000000,xspeed:2.070000,yspeed:3.810000,angle:6.390000,distense:48.200000,rcs:15.000000
timestame:1619469694.795000000,objid:6,type:0,xpos:0.000000,ypos:0.000000,xspeed:1.810000,yspeed:-4.360000,angle:12.890000,distense:47.800000,rcs:9.000000
timestame:1619469694.795000000,objid:8,type:0,xpos:0.000000,ypos:0.000000,xspeed:2.220000,yspeed:-7.670000,angle:-18.000000,distense:75.200000,rcs:6.000000
