timestame:1619470493.332000000,objid:2,type:0,xpos:0.000000,ypos:0.000000,xspeed:1.450000,yspeed:-5.320000,angle:13.250000,distense:56.800000,rcs:19.000000
timestame:1619470493.332000000,objid:3,type:0,xpos:0.000000,ypos:0.000000,xspeed:1.770000,yspeed:-4.590000,angle:7.290000,distense:45.400000,rcs:31.000000
