timestame:1619470138.502000000,objid:0,type:0,xpos:0.000000,ypos:0.000000,xspeed:-6.860000,yspeed:-0.630000,angle:12.250000,distense:34.000000,rcs:15.000000
timestame:1619470138.502000000,objid:7,type:0,xpos:0.000000,ypos:0.000000,xspeed:-2.290000,yspeed:-0.340000,angle:-10.540000,distense:74.000000,rcs:6.000000
