timestame:1619470797.452000000,objid:3,type:0,xpos:0.000000,ypos:0.000000,xspeed:1.640000,yspeed:-11.780000,angle:-12.010000,distense:62.800000,rcs:12.000000
timestame:1619470797.452000000,objid:10,type:0,xpos:0.000000,ypos:0.000000,xspeed:-14.860000,yspeed:0.000000,angle:-8.970000,distense:53.400000,rcs:9.000000
timestame:1619470797.452000000,objid:12,type:0,xpos:0.000000,ypos:0.000000,xspeed:2.320000,yspeed:-10.780000,angle:-18.000000,distense:71.200000,rcs:6.000000
timestame:1619470797.452000000,objid:15,type:0,xpos:0.000000,ypos:0.000000,xspeed:-2.440000,yspeed:-2.170000,angle:-18.000000,distense:37.200000,rcs:9.000000
