timestame:1619470739.403000000,objid:0,type:0,xpos:0.000000,ypos:0.000000,xspeed:-15.950000,yspeed:-0.390000,angle:-5.490000,distense:125.800000,rcs:9.000000
timestame:1619470739.403000000,objid:1,type:0,xpos:0.000000,ypos:0.000000,xspeed:11.860000,yspeed:-0.070000,angle:0.990000,distense:138.800000,rcs:6.000000
timestame:1619470739.403000000,objid:6,type:0,xpos:0.000000,ypos:0.000000,xspeed:12.230000,yspeed:0.100000,angle:1.350000,distense:129.200000,rcs:30.000000
