timestame:1619471268.667000000,objid:0,type:0,xpos:0.000000,ypos:0.000000,xspeed:13.630000,yspeed:0.330000,angle:2.390000,distense:213.000000,rcs:9.000000
timestame:1619471268.667000000,objid:2,type:0,xpos:0.000000,ypos:0.000000,xspeed:13.670000,yspeed:0.100000,angle:2.050000,distense:189.000000,rcs:15.000000
timestame:1619471268.667000000,objid:6,type:0,xpos:0.000000,ypos:0.000000,xspeed:13.540000,yspeed:0.090000,angle:1.960000,distense:200.600000,rcs:6.000000
timestame:1619471268.667000000,objid:10,type:0,xpos:0.000000,ypos:0.000000,xspeed:13.650000,yspeed:0.040000,angle:2.000000,distense:176.400000,rcs:31.000000
