timestame:1619470168.662000000,objid:0,type:0,xpos:0.000000,ypos:0.000000,xspeed:6.550000,yspeed:0.330000,angle:2.300000,distense:48.800000,rcs:35.000000
timestame:1619470168.662000000,objid:1,type:0,xpos:0.000000,ypos:0.000000,xspeed:10.330000,yspeed:2.800000,angle:2.880000,distense:16.800000,rcs:13.000000
timestame:1619470168.662000000,objid:3,type:0,xpos:0.000000,ypos:0.000000,xspeed:8.270000,yspeed:0.180000,angle:5.220000,distense:82.200000,rcs:22.000000
