timestame:1619470567.963000000,objid:1,type:0,xpos:0.000000,ypos:0.000000,xspeed:4.140000,yspeed:3.090000,angle:-14.670000,distense:29.800000,rcs:19.000000
timestame:1619470567.963000000,objid:3,type:0,xpos:0.000000,ypos:0.000000,xspeed:15.130000,yspeed:0.070000,angle:1.070000,distense:165.200000,rcs:30.000000
timestame:1619470567.963000000,objid:8,type:0,xpos:0.000000,ypos:0.000000,xspeed:3.840000,yspeed:4.600000,angle:-9.590000,distense:44.000000,rcs:12.000000
