timestame:1619470563.194000000,objid:1,type:0,xpos:0.000000,ypos:0.000000,xspeed:6.710000,yspeed:-0.490000,angle:3.440000,distense:203.400000,rcs:15.000000
timestame:1619470563.194000000,objid:2,type:0,xpos:0.000000,ypos:0.000000,xspeed:-12.820000,yspeed:0.000000,angle:-13.960000,distense:17.200000,rcs:20.000000
timestame:1619470563.194000000,objid:3,type:0,xpos:0.000000,ypos:0.000000,xspeed:10.530000,yspeed:0.150000,angle:1.610000,distense:96.200000,rcs:30.000000
timestame:1619470563.194000000,objid:5,type:0,xpos:0.000000,ypos:0.000000,xspeed:7.600000,yspeed:-4.840000,angle:1.880000,distense:214.600000,rcs:6.000000
