timestame:1619470165.133000000,objid:3,type:0,xpos:0.000000,ypos:0.000000,xspeed:6.200000,yspeed:0.380000,angle:6.970000,distense:52.800000,rcs:28.000000
timestame:1619470165.133000000,objid:6,type:0,xpos:0.000000,ypos:0.000000,xspeed:2.010000,yspeed:0.240000,angle:1.780000,distense:24.400000,rcs:33.000000
