timestame:1619470767.901000000,objid:0,type:0,xpos:0.000000,ypos:0.000000,xspeed:-11.890000,yspeed:-1.950000,angle:-4.880000,distense:177.800000,rcs:13.000000
timestame:1619470767.901000000,objid:1,type:0,xpos:0.000000,ypos:0.000000,xspeed:9.960000,yspeed:1.970000,angle:2.590000,distense:62.200000,rcs:28.000000
timestame:1619470767.901000000,objid:9,type:0,xpos:0.000000,ypos:0.000000,xspeed:7.350000,yspeed:0.230000,angle:2.350000,distense:58.800000,rcs:35.000000
