timestame:1619471250.964000000,objid:1,type:0,xpos:0.000000,ypos:0.000000,xspeed:1.250000,yspeed:2.700000,angle:-0.830000,distense:74.000000,rcs:15.000000
timestame:1619471250.964000000,objid:3,type:0,xpos:0.000000,ypos:0.000000,xspeed:-19.010000,yspeed:-0.320000,angle:-4.660000,distense:166.000000,rcs:6.000000
