timestame:1619470447.230000000,objid:0,type:0,xpos:0.000000,ypos:0.000000,xspeed:19.220000,yspeed:0.000000,angle:1.580000,distense:186.400000,rcs:15.000000
timestame:1619470447.230000000,objid:2,type:0,xpos:0.000000,ypos:0.000000,xspeed:4.520000,yspeed:-0.210000,angle:6.620000,distense:105.600000,rcs:20.000000
