timestame:1619470275.700000000,objid:1,type:0,xpos:0.000000,ypos:0.000000,xspeed:-10.440000,yspeed:-0.070000,angle:-5.010000,distense:106.000000,rcs:6.000000
timestame:1619470275.700000000,objid:2,type:0,xpos:0.000000,ypos:0.000000,xspeed:-1.370000,yspeed:0.270000,angle:-6.810000,distense:92.000000,rcs:12.000000
timestame:1619470275.700000000,objid:11,type:0,xpos:0.000000,ypos:0.000000,xspeed:-1.180000,yspeed:-0.130000,angle:-8.930000,distense:78.000000,rcs:20.000000
timestame:1619470275.700000000,objid:22,type:0,xpos:0.000000,ypos:0.000000,xspeed:-1.220000,yspeed:-0.080000,angle:-7.870000,distense:84.800000,rcs:19.000000
