timestame:1619469625.481000000,objid:1,type:0,xpos:0.000000,ypos:0.000000,xspeed:-4.520000,yspeed:-0.150000,angle:-18.000000,distense:47.600000,rcs:20.000000
timestame:1619469625.481000000,objid:2,type:0,xpos:0.000000,ypos:0.000000,xspeed:-4.390000,yspeed:0.160000,angle:-16.100000,distense:60.400000,rcs:24.000000
timestame:1619469625.481000000,objid:4,type:0,xpos:0.000000,ypos:0.000000,xspeed:-12.820000,yspeed:-0.520000,angle:-18.000000,distense:39.400000,rcs:18.000000
timestame:1619469625.481000000,objid:5,type:0,xpos:0.000000,ypos:0.000000,xspeed:-3.180000,yspeed:4.310000,angle:-11.920000,distense:69.200000,rcs:6.000000
