timestame:1619469890.148000000,objid:2,type:0,xpos:0.000000,ypos:0.000000,xspeed:-3.900000,yspeed:-0.110000,angle:-13.800000,distense:55.600000,rcs:21.000000
timestame:1619469890.148000000,objid:5,type:0,xpos:0.000000,ypos:0.000000,xspeed:-2.920000,yspeed:-0.150000,angle:-17.730000,distense:57.400000,rcs:12.000000
timestame:1619469890.148000000,objid:16,type:0,xpos:0.000000,ypos:0.000000,xspeed:-3.640000,yspeed:-0.160000,angle:-11.270000,distense:66.800000,rcs:21.000000
