timestame:1619470293.714000000,objid:0,type:0,xpos:0.000000,ypos:0.000000,xspeed:1.280000,yspeed:0.050000,angle:5.650000,distense:20.000000,rcs:29.000000
timestame:1619470293.714000000,objid:1,type:0,xpos:0.000000,ypos:0.000000,xspeed:-1.920000,yspeed:-0.930000,angle:1.710000,distense:9.400000,rcs:20.000000
timestame:1619470293.714000000,objid:2,type:0,xpos:0.000000,ypos:0.000000,xspeed:-12.410000,yspeed:-0.790000,angle:-18.000000,distense:29.200000,rcs:6.000000
timestame:1619470293.714000000,objid:3,type:0,xpos:0.000000,ypos:0.000000,xspeed:-17.760000,yspeed:5.630000,angle:-18.000000,distense:29.400000,rcs:9.000000
