timestame:1619469855.917000000,objid:4,type:0,xpos:0.000000,ypos:0.000000,xspeed:-9.140000,yspeed:3.900000,angle:2.990000,distense:43.400000,rcs:6.000000
timestame:1619469855.917000000,objid:5,type:0,xpos:0.000000,ypos:0.000000,xspeed:-1.650000,yspeed:-3.160000,angle:-7.490000,distense:61.400000,rcs:6.000000
timestame:1619469855.917000000,objid:10,type:0,xpos:0.000000,ypos:0.000000,xspeed:-10.920000,yspeed:-0.030000,angle:-4.980000,distense:130.400000,rcs:15.000000
