timestame:1619469537.753000000,objid:4,type:0,xpos:0.000000,ypos:0.000000,xspeed:16.990000,yspeed:0.330000,angle:1.740000,distense:126.200000,rcs:21.000000
timestame:1619469537.753000000,objid:7,type:0,xpos:0.000000,ypos:0.000000,xspeed:17.100000,yspeed:0.230000,angle:1.360000,distense:134.000000,rcs:12.000000
