timestame:1619471026.781000000,objid:0,type:0,xpos:0.000000,ypos:0.000000,xspeed:-2.950000,yspeed:-3.230000,angle:-18.000000,distense:31.400000,rcs:6.000000
timestame:1619471026.781000000,objid:2,type:0,xpos:0.000000,ypos:0.000000,xspeed:4.240000,yspeed:-3.910000,angle:-17.220000,distense:17.200000,rcs:13.000000
timestame:1619471026.781000000,objid:3,type:0,xpos:0.000000,ypos:0.000000,xspeed:-3.690000,yspeed:-2.460000,angle:-18.000000,distense:29.000000,rcs:6.000000
timestame:1619471026.781000000,objid:8,type:0,xpos:0.000000,ypos:0.000000,xspeed:-1.890000,yspeed:5.550000,angle:-14.590000,distense:40.400000,rcs:6.000000
