timestame:1619469578.998000000,objid:1,type:0,xpos:0.000000,ypos:0.000000,xspeed:-6.490000,yspeed:-1.010000,angle:-8.020000,distense:112.800000,rcs:12.000000
timestame:1619469578.998000000,objid:3,type:0,xpos:0.000000,ypos:0.000000,xspeed:-6.230000,yspeed:-0.170000,angle:-8.820000,distense:103.000000,rcs:16.000000
timestame:1619469578.998000000,objid:5,type:0,xpos:0.000000,ypos:0.000000,xspeed:-6.330000,yspeed:-0.350000,angle:-9.320000,distense:99.600000,rcs:20.000000
