timestame:1619469563.799000000,objid:1,type:0,xpos:0.000000,ypos:0.000000,xspeed:-1.460000,yspeed:0.000000,angle:21.430000,distense:52.000000,rcs:13.000000
timestame:1619469563.799000000,objid:7,type:0,xpos:0.000000,ypos:0.000000,xspeed:-1.350000,yspeed:-3.550000,angle:22.330000,distense:42.800000,rcs:25.000000
timestame:1619469563.799000000,objid:14,type:0,xpos:0.000000,ypos:0.000000,xspeed:-4.400000,yspeed:1.250000,angle:-16.050000,distense:44.400000,rcs:24.000000
