timestame:1619469554.768000000,objid:2,type:0,xpos:0.000000,ypos:0.000000,xspeed:-1.550000,yspeed:4.270000,angle:-18.000000,distense:42.200000,rcs:13.000000
timestame:1619469554.768000000,objid:3,type:0,xpos:0.000000,ypos:0.000000,xspeed:-1.680000,yspeed:5.060000,angle:-18.000000,distense:47.000000,rcs:16.000000
timestame:1619469554.768000000,objid:4,type:0,xpos:0.000000,ypos:0.000000,xspeed:-2.920000,yspeed:6.600000,angle:-13.300000,distense:45.200000,rcs:23.000000
