timestame:1619471061.882000000,objid:0,type:0,xpos:0.000000,ypos:0.000000,xspeed:-8.340000,yspeed:4.600000,angle:-3.920000,distense:131.400000,rcs:6.000000
timestame:1619471061.882000000,objid:8,type:0,xpos:0.000000,ypos:0.000000,xspeed:-1.190000,yspeed:3.100000,angle:-2.240000,distense:35.800000,rcs:21.000000
timestame:1619471061.882000000,objid:9,type:0,xpos:0.000000,ypos:0.000000,xspeed:-1.960000,yspeed:-0.170000,angle:-9.520000,distense:76.800000,rcs:15.000000
