timestame:1619470478.702000000,objid:0,type:0,xpos:0.000000,ypos:0.000000,xspeed:-7.490000,yspeed:-0.280000,angle:-6.290000,distense:104.800000,rcs:22.000000
timestame:1619470478.702000000,objid:2,type:0,xpos:0.000000,ypos:0.000000,xspeed:1.460000,yspeed:-0.340000,angle:12.480000,distense:76.800000,rcs:9.000000
