timestame:1619469712.517000000,objid:1,type:0,xpos:0.000000,ypos:0.000000,xspeed:-4.150000,yspeed:-1.750000,angle:-18.000000,distense:29.400000,rcs:6.000000
timestame:1619469712.517000000,objid:3,type:0,xpos:0.000000,ypos:0.000000,xspeed:12.430000,yspeed:-1.380000,angle:2.000000,distense:123.800000,rcs:19.000000
timestame:1619469712.517000000,objid:4,type:0,xpos:0.000000,ypos:0.000000,xspeed:-5.050000,yspeed:-2.270000,angle:-18.000000,distense:27.600000,rcs:6.000000
timestame:1619469712.517000000,objid:6,type:0,xpos:0.000000,ypos:0.000000,xspeed:-1.370000,yspeed:6.300000,angle:-3.760000,distense:38.400000,rcs:24.000000
