timestame:1619471147.973000000,objid:4,type:0,xpos:0.000000,ypos:0.000000,xspeed:-14.920000,yspeed:8.890000,angle:-8.380000,distense:43.000000,rcs:20.000000
timestame:1619471147.973000000,objid:5,type:0,xpos:0.000000,ypos:0.000000,xspeed:-1.270000,yspeed:6.270000,angle:7.230000,distense:40.800000,rcs:30.000000
timestame:1619471147.973000000,objid:9,type:0,xpos:0.000000,ypos:0.000000,xspeed:-1.640000,yspeed:6.020000,angle:2.670000,distense:40.800000,rcs:15.000000
