timestame:1619471451.923000000,objid:3,type:0,xpos:0.000000,ypos:0.000000,xspeed:-2.260000,yspeed:-0.140000,angle:-6.550000,distense:101.000000,rcs:12.000000
timestame:1619471451.923000000,objid:11,type:0,xpos:0.000000,ypos:0.000000,xspeed:-1.490000,yspeed:0.350000,angle:-7.400000,distense:93.600000,rcs:15.000000
timestame:1619471451.923000000,objid:13,type:0,xpos:0.000000,ypos:0.000000,xspeed:-3.860000,yspeed:-0.200000,angle:22.120000,distense:34.800000,rcs:9.000000
