timestame:1619470914.482000000,objid:0,type:0,xpos:0.000000,ypos:0.000000,xspeed:4.730000,yspeed:3.330000,angle:-14.810000,distense:37.200000,rcs:21.000000
timestame:1619470914.482000000,objid:10,type:0,xpos:0.000000,ypos:0.000000,xspeed:5.580000,yspeed:3.340000,angle:-16.520000,distense:44.600000,rcs:6.000000
