timestame:1619471224.557000000,objid:1,type:0,xpos:0.000000,ypos:0.000000,xspeed:6.030000,yspeed:-0.370000,angle:-5.070000,distense:35.600000,rcs:22.000000
timestame:1619471224.557000000,objid:6,type:0,xpos:0.000000,ypos:0.000000,xspeed:4.740000,yspeed:0.340000,angle:2.630000,distense:71.000000,rcs:6.000000
timestame:1619471224.557000000,objid:9,type:0,xpos:0.000000,ypos:0.000000,xspeed:4.880000,yspeed:0.090000,angle:2.540000,distense:52.400000,rcs:45.000000
