timestame:1619469760.695000000,objid:1,type:0,xpos:0.000000,ypos:0.000000,xspeed:1.690000,yspeed:5.510000,angle:-3.750000,distense:44.400000,rcs:9.000000
timestame:1619469760.695000000,objid:2,type:0,xpos:0.000000,ypos:0.000000,xspeed:39.760000,yspeed:-4.160000,angle:-11.140000,distense:24.600000,rcs:6.000000
