timestame:1619469538.997000000,objid:4,type:0,xpos:0.000000,ypos:0.000000,xspeed:17.320000,yspeed:0.240000,angle:1.530000,distense:148.400000,rcs:18.000000
timestame:1619469538.997000000,objid:7,type:0,xpos:0.000000,ypos:0.000000,xspeed:17.250000,yspeed:0.180000,angle:1.220000,distense:155.800000,rcs:6.000000
