timestame:1619469567.826000000,objid:1,type:0,xpos:0.000000,ypos:0.000000,xspeed:1.620000,yspeed:1.890000,angle:-18.000000,distense:41.400000,rcs:30.000000
timestame:1619469567.826000000,objid:2,type:0,xpos:0.000000,ypos:0.000000,xspeed:-1.160000,yspeed:-3.850000,angle:-6.740000,distense:37.200000,rcs:31.000000
timestame:1619469567.826000000,objid:8,type:0,xpos:0.000000,ypos:0.000000,xspeed:3.190000,yspeed:-6.230000,angle:-1.260000,distense:61.000000,rcs:9.000000
timestame:1619469567.826000000,objid:11,type:0,xpos:0.000000,ypos:0.000000,xspeed:-2.090000,yspeed:-4.860000,angle:-14.370000,distense:34.800000,rcs:27.000000
