timestame:1619470913.306000000,objid:0,type:0,xpos:0.000000,ypos:0.000000,xspeed:5.540000,yspeed:2.960000,angle:-17.710000,distense:31.400000,rcs:24.000000
timestame:1619470913.306000000,objid:4,type:0,xpos:0.000000,ypos:0.000000,xspeed:15.340000,yspeed:15.220000,angle:-8.620000,distense:49.600000,rcs:6.000000
timestame:1619470913.306000000,objid:7,type:0,xpos:0.000000,ypos:0.000000,xspeed:4.420000,yspeed:2.600000,angle:-17.010000,distense:43.200000,rcs:6.000000
timestame:1619470913.306000000,objid:10,type:0,xpos:0.000000,ypos:0.000000,xspeed:5.680000,yspeed:1.600000,angle:21.850000,distense:37.200000,rcs:12.000000
