timestame:1619471235.777000000,objid:0,type:0,xpos:0.000000,ypos:0.000000,xspeed:8.070000,yspeed:0.060000,angle:1.380000,distense:140.000000,rcs:9.000000
timestame:1619471235.777000000,objid:9,type:0,xpos:0.000000,ypos:0.000000,xspeed:7.810000,yspeed:0.100000,angle:1.490000,distense:129.800000,rcs:31.000000
