timestame:1619469539.926000000,objid:4,type:0,xpos:0.000000,ypos:0.000000,xspeed:17.590000,yspeed:0.130000,angle:1.340000,distense:164.600000,rcs:25.000000
timestame:1619469539.926000000,objid:7,type:0,xpos:0.000000,ypos:0.000000,xspeed:17.420000,yspeed:0.120000,angle:1.110000,distense:171.600000,rcs:9.000000
