timestame:1619469824.206000000,objid:2,type:0,xpos:0.000000,ypos:0.000000,xspeed:-1.980000,yspeed:-3.880000,angle:-18.000000,distense:40.000000,rcs:18.000000
timestame:1619469824.206000000,objid:4,type:0,xpos:0.000000,ypos:0.000000,xspeed:-1.980000,yspeed:-2.570000,angle:-15.280000,distense:45.600000,rcs:22.000000
timestame:1619469824.206000000,objid:11,type:0,xpos:0.000000,ypos:0.000000,xspeed:-3.710000,yspeed:0.030000,angle:-6.250000,distense:131.400000,rcs:13.000000
