timestame:1619469531.471000000,objid:1,type:0,xpos:0.000000,ypos:0.000000,xspeed:1.760000,yspeed:-4.620000,angle:-18.000000,distense:76.400000,rcs:12.000000
timestame:1619469531.471000000,objid:3,type:0,xpos:0.000000,ypos:0.000000,xspeed:-1.140000,yspeed:-1.750000,angle:-6.230000,distense:11.000000,rcs:34.000000
timestame:1619469531.471000000,objid:4,type:0,xpos:0.000000,ypos:0.000000,xspeed:16.310000,yspeed:1.230000,angle:1.180000,distense:21.000000,rcs:38.000000
timestame:1619469531.471000000,objid:7,type:0,xpos:0.000000,ypos:0.000000,xspeed:17.180000,yspeed:0.460000,angle:1.750000,distense:28.400000,rcs:40.000000
