timestame:1619471027.963000000,objid:2,type:0,xpos:0.000000,ypos:0.000000,xspeed:5.870000,yspeed:0.450000,angle:19.040000,distense:24.400000,rcs:26.000000
timestame:1619471027.963000000,objid:5,type:0,xpos:0.000000,ypos:0.000000,xspeed:5.020000,yspeed:0.730000,angle:-16.100000,distense:22.000000,rcs:34.000000
