timestame:1619470570.382000000,objid:1,type:0,xpos:0.000000,ypos:0.000000,xspeed:3.670000,yspeed:3.180000,angle:-11.450000,distense:41.400000,rcs:6.000000
timestame:1619470570.382000000,objid:3,type:0,xpos:0.000000,ypos:0.000000,xspeed:15.400000,yspeed:0.210000,angle:1.070000,distense:203.600000,rcs:20.000000
timestame:1619470570.382000000,objid:5,type:0,xpos:0.000000,ypos:0.000000,xspeed:-1.430000,yspeed:-0.230000,angle:-2.900000,distense:41.200000,rcs:12.000000
