timestame:1619470492.775000000,objid:2,type:0,xpos:0.000000,ypos:0.000000,xspeed:1.490000,yspeed:-5.730000,angle:15.690000,distense:56.600000,rcs:23.000000
timestame:1619470492.775000000,objid:3,type:0,xpos:0.000000,ypos:0.000000,xspeed:1.870000,yspeed:-4.950000,angle:10.160000,distense:44.800000,rcs:42.000000
