timestame:1619470747.161000000,objid:0,type:0,xpos:0.000000,ypos:0.000000,xspeed:-2.000000,yspeed:-0.790000,angle:-10.030000,distense:81.000000,rcs:6.000000
timestame:1619470747.161000000,objid:2,type:0,xpos:0.000000,ypos:0.000000,xspeed:1.170000,yspeed:-1.430000,angle:18.480000,distense:48.200000,rcs:15.000000
