timestame:1619470939.059000000,objid:1,type:0,xpos:0.000000,ypos:0.000000,xspeed:-1.740000,yspeed:1.560000,angle:-12.960000,distense:71.800000,rcs:15.000000
timestame:1619470939.059000000,objid:10,type:0,xpos:0.000000,ypos:0.000000,xspeed:-3.150000,yspeed:0.100000,angle:-10.130000,distense:73.400000,rcs:13.000000
