timestame:1619471151.949000000,objid:0,type:0,xpos:0.000000,ypos:0.000000,xspeed:-1.300000,yspeed:8.170000,angle:10.280000,distense:39.800000,rcs:26.000000
timestame:1619471151.949000000,objid:1,type:0,xpos:0.000000,ypos:0.000000,xspeed:-8.530000,yspeed:-2.220000,angle:11.030000,distense:87.600000,rcs:13.000000
timestame:1619471151.949000000,objid:7,type:0,xpos:0.000000,ypos:0.000000,xspeed:-1.020000,yspeed:6.440000,angle:4.530000,distense:40.400000,rcs:6.000000
