timestame:1619470798.628000000,objid:3,type:0,xpos:0.000000,ypos:0.000000,xspeed:1.330000,yspeed:-11.790000,angle:-18.000000,distense:68.600000,rcs:6.000000
timestame:1619470798.628000000,objid:7,type:0,xpos:0.000000,ypos:0.000000,xspeed:-1.030000,yspeed:-7.850000,angle:18.290000,distense:44.600000,rcs:22.000000
timestame:1619470798.628000000,objid:12,type:0,xpos:0.000000,ypos:0.000000,xspeed:-7.090000,yspeed:-14.350000,angle:-0.310000,distense:66.400000,rcs:6.000000
timestame:1619470798.628000000,objid:15,type:0,xpos:0.000000,ypos:0.000000,xspeed:-1.240000,yspeed:-2.150000,angle:-18.000000,distense:37.600000,rcs:39.000000
