timestame:1619470951.708000000,objid:0,type:0,xpos:0.000000,ypos:0.000000,xspeed:5.820000,yspeed:-0.460000,angle:0.730000,distense:30.800000,rcs:43.000000
timestame:1619470951.708000000,objid:7,type:0,xpos:0.000000,ypos:0.000000,xspeed:4.260000,yspeed:-6.320000,angle:-5.090000,distense:41.800000,rcs:12.000000
timestame:1619470951.708000000,objid:10,type:0,xpos:0.000000,ypos:0.000000,xspeed:3.290000,yspeed:0.270000,angle:4.100000,distense:15.800000,rcs:34.000000
