timestame:1619471147.665000000,objid:1,type:0,xpos:0.000000,ypos:0.000000,xspeed:-1.180000,yspeed:6.050000,angle:-15.160000,distense:41.000000,rcs:9.000000
timestame:1619471147.665000000,objid:4,type:0,xpos:0.000000,ypos:0.000000,xspeed:-4.790000,yspeed:7.090000,angle:-15.430000,distense:47.000000,rcs:20.000000
timestame:1619471147.665000000,objid:5,type:0,xpos:0.000000,ypos:0.000000,xspeed:-1.390000,yspeed:7.180000,angle:5.680000,distense:40.800000,rcs:30.000000
timestame:1619471147.665000000,objid:9,type:0,xpos:0.000000,ypos:0.000000,xspeed:-1.670000,yspeed:6.000000,angle:0.100000,distense:41.200000,rcs:20.000000
