timestame:1619470859.888000000,objid:0,type:0,xpos:0.000000,ypos:0.000000,xspeed:5.970000,yspeed:3.730000,angle:-15.820000,distense:42.800000,rcs:6.000000
timestame:1619470859.888000000,objid:1,type:0,xpos:0.000000,ypos:0.000000,xspeed:2.740000,yspeed:1.010000,angle:-13.410000,distense:40.800000,rcs:6.000000
