timestame:1619470079.605000000,objid:0,type:0,xpos:0.000000,ypos:0.000000,xspeed:2.140000,yspeed:-3.590000,angle:19.900000,distense:50.200000,rcs:13.000000
timestame:1619470079.605000000,objid:4,type:0,xpos:0.000000,ypos:0.000000,xspeed:-6.260000,yspeed:5.720000,angle:1.570000,distense:48.600000,rcs:13.000000
