timestame:1619470105.359000000,objid:1,type:0,xpos:0.000000,ypos:0.000000,xspeed:7.630000,yspeed:2.470000,angle:-17.370000,distense:27.200000,rcs:35.000000
timestame:1619470105.359000000,objid:6,type:0,xpos:0.000000,ypos:0.000000,xspeed:-2.640000,yspeed:-0.140000,angle:16.840000,distense:24.000000,rcs:9.000000
timestame:1619470105.359000000,objid:9,type:0,xpos:0.000000,ypos:0.000000,xspeed:3.810000,yspeed:2.170000,angle:-16.880000,distense:25.200000,rcs:34.000000
timestame:1619470105.359000000,objid:11,type:0,xpos:0.000000,ypos:0.000000,xspeed:1.910000,yspeed:0.560000,angle:14.000000,distense:22.000000,rcs:6.000000
