timestame:1619470872.998000000,objid:1,type:0,xpos:0.000000,ypos:0.000000,xspeed:-9.680000,yspeed:-2.410000,angle:-5.630000,distense:130.400000,rcs:9.000000
timestame:1619470872.998000000,objid:4,type:0,xpos:0.000000,ypos:0.000000,xspeed:3.510000,yspeed:-0.070000,angle:0.690000,distense:18.400000,rcs:38.000000
timestame:1619470872.998000000,objid:9,type:0,xpos:0.000000,ypos:0.000000,xspeed:2.330000,yspeed:0.000000,angle:-1.870000,distense:28.000000,rcs:12.000000
