timestame:1619470442.204000000,objid:1,type:0,xpos:0.000000,ypos:0.000000,xspeed:15.830000,yspeed:0.530000,angle:2.240000,distense:93.600000,rcs:18.000000
timestame:1619470442.204000000,objid:2,type:0,xpos:0.000000,ypos:0.000000,xspeed:3.860000,yspeed:-0.040000,angle:9.050000,distense:83.400000,rcs:15.000000
