timestame:1619470124.778000000,objid:1,type:0,xpos:0.000000,ypos:0.000000,xspeed:4.250000,yspeed:3.890000,angle:-16.170000,distense:39.600000,rcs:12.000000
timestame:1619470124.778000000,objid:3,type:0,xpos:0.000000,ypos:0.000000,xspeed:-6.200000,yspeed:-1.850000,angle:11.640000,distense:38.800000,rcs:16.000000
timestame:1619470124.778000000,objid:4,type:0,xpos:0.000000,ypos:0.000000,xspeed:3.970000,yspeed:1.410000,angle:22.940000,distense:31.200000,rcs:25.000000
timestame:1619470124.778000000,objid:6,type:0,xpos:0.000000,ypos:0.000000,xspeed:4.080000,yspeed:3.020000,angle:-14.590000,distense:37.200000,rcs:27.000000
