timestame:1619469927.306000000,objid:1,type:0,xpos:0.000000,ypos:0.000000,xspeed:6.810000,yspeed:0.260000,angle:1.560000,distense:176.800000,rcs:9.000000
timestame:1619469927.306000000,objid:8,type:0,xpos:0.000000,ypos:0.000000,xspeed:6.980000,yspeed:0.040000,angle:1.220000,distense:170.200000,rcs:27.000000
