timestame:1619469656.643000000,objid:1,type:0,xpos:0.000000,ypos:0.000000,xspeed:2.700000,yspeed:3.600000,angle:-6.810000,distense:42.200000,rcs:6.000000
timestame:1619469656.643000000,objid:7,type:0,xpos:0.000000,ypos:0.000000,xspeed:23.970000,yspeed:0.440000,angle:1.050000,distense:175.800000,rcs:15.000000
timestame:1619469656.643000000,objid:8,type:0,xpos:0.000000,ypos:0.000000,xspeed:3.200000,yspeed:2.370000,angle:-14.350000,distense:36.600000,rcs:15.000000
timestame:1619469656.643000000,objid:14,type:0,xpos:0.000000,ypos:0.000000,xspeed:14.420000,yspeed:0.210000,angle:2.330000,distense:222.800000,rcs:6.000000
