timestame:1619469617.193000000,objid:1,type:0,xpos:0.000000,ypos:0.000000,xspeed:-1.130000,yspeed:0.290000,angle:-12.560000,distense:76.800000,rcs:20.000000
timestame:1619469617.193000000,objid:2,type:0,xpos:0.000000,ypos:0.000000,xspeed:10.170000,yspeed:2.010000,angle:-9.690000,distense:90.200000,rcs:15.000000
