timestame:1619469618.193000000,objid:1,type:0,xpos:0.000000,ypos:0.000000,xspeed:-1.320000,yspeed:0.400000,angle:-12.430000,distense:75.400000,rcs:25.000000
timestame:1619469618.193000000,objid:3,type:0,xpos:0.000000,ypos:0.000000,xspeed:-1.010000,yspeed:-0.080000,angle:-10.490000,distense:88.600000,rcs:24.000000
timestame:1619469618.193000000,objid:4,type:0,xpos:0.000000,ypos:0.000000,xspeed:-18.560000,yspeed:2.640000,angle:-4.380000,distense:140.600000,rcs:13.000000
