timestame:1619469556.252000000,objid:2,type:0,xpos:0.000000,ypos:0.000000,xspeed:-1.080000,yspeed:4.790000,angle:-15.750000,distense:38.600000,rcs:23.000000
timestame:1619469556.252000000,objid:4,type:0,xpos:0.000000,ypos:0.000000,xspeed:-1.760000,yspeed:5.880000,angle:-2.610000,distense:42.000000,rcs:26.000000
timestame:1619469556.252000000,objid:5,type:0,xpos:0.000000,ypos:0.000000,xspeed:-2.390000,yspeed:7.910000,angle:2.710000,distense:41.400000,rcs:26.000000
timestame:1619469556.252000000,objid:10,type:0,xpos:0.000000,ypos:0.000000,xspeed:1.520000,yspeed:-5.040000,angle:5.430000,distense:50.000000,rcs:26.000000
