timestame:1619471264.332000000,objid:2,type:0,xpos:0.000000,ypos:0.000000,xspeed:12.900000,yspeed:0.090000,angle:2.770000,distense:130.200000,rcs:20.000000
timestame:1619471264.332000000,objid:6,type:0,xpos:0.000000,ypos:0.000000,xspeed:12.950000,yspeed:-0.060000,angle:2.540000,distense:142.400000,rcs:18.000000
timestame:1619471264.332000000,objid:10,type:0,xpos:0.000000,ypos:0.000000,xspeed:12.840000,yspeed:-0.060000,angle:2.880000,distense:117.800000,rcs:24.000000
