timestame:1619470982.718000000,objid:0,type:0,xpos:0.000000,ypos:0.000000,xspeed:8.160000,yspeed:0.210000,angle:2.320000,distense:172.800000,rcs:25.000000
timestame:1619470982.718000000,objid:1,type:0,xpos:0.000000,ypos:0.000000,xspeed:-15.690000,yspeed:-0.210000,angle:-6.300000,distense:101.400000,rcs:22.000000
timestame:1619470982.718000000,objid:2,type:0,xpos:0.000000,ypos:0.000000,xspeed:-18.620000,yspeed:-12.040000,angle:-5.600000,distense:150.800000,rcs:6.000000
timestame:1619470982.718000000,objid:3,type:0,xpos:0.000000,ypos:0.000000,xspeed:3.380000,yspeed:-2.950000,angle:14.220000,distense:66.600000,rcs:6.000000
