timestame:1619469913.175000000,objid:0,type:0,xpos:0.000000,ypos:0.000000,xspeed:-6.400000,yspeed:2.690000,angle:-18.000000,distense:37.400000,rcs:13.000000
timestame:1619469913.175000000,objid:1,type:0,xpos:0.000000,ypos:0.000000,xspeed:4.750000,yspeed:0.040000,angle:1.720000,distense:90.400000,rcs:20.000000
timestame:1619469913.175000000,objid:2,type:0,xpos:0.000000,ypos:0.000000,xspeed:11.830000,yspeed:0.150000,angle:2.580000,distense:168.400000,rcs:19.000000
timestame:1619469913.175000000,objid:8,type:0,xpos:0.000000,ypos:0.000000,xspeed:4.760000,yspeed:0.090000,angle:2.150000,distense:83.600000,rcs:26.000000
