timestame:1619469564.045000000,objid:1,type:0,xpos:0.000000,ypos:0.000000,xspeed:5.430000,yspeed:-5.440000,angle:19.010000,distense:53.400000,rcs:13.000000
timestame:1619469564.045000000,objid:14,type:0,xpos:0.000000,ypos:0.000000,xspeed:-2.180000,yspeed:-4.390000,angle:-17.480000,distense:43.800000,rcs:22.000000
