timestame:1619471165.903000000,objid:0,type:0,xpos:0.000000,ypos:0.000000,xspeed:-10.740000,yspeed:0.270000,angle:-3.700000,distense:147.400000,rcs:9.000000
timestame:1619471165.903000000,objid:2,type:0,xpos:0.000000,ypos:0.000000,xspeed:-9.900000,yspeed:-0.040000,angle:-3.440000,distense:151.600000,rcs:12.000000
timestame:1619471165.903000000,objid:3,type:0,xpos:0.000000,ypos:0.000000,xspeed:2.090000,yspeed:5.550000,angle:-1.180000,distense:50.600000,rcs:6.000000
