timestame:1619471531.287000000,objid:2,type:0,xpos:0.000000,ypos:0.000000,xspeed:-15.430000,yspeed:3.440000,angle:10.210000,distense:36.600000,rcs:20.000000
timestame:1619471531.287000000,objid:4,type:0,xpos:0.000000,ypos:0.000000,xspeed:-15.390000,yspeed:-0.580000,angle:-2.880000,distense:204.400000,rcs:15.000000
