timestame:1619470705.052000000,objid:0,type:0,xpos:0.000000,ypos:0.000000,xspeed:3.410000,yspeed:3.550000,angle:-12.670000,distense:41.400000,rcs:6.000000
timestame:1619470705.052000000,objid:1,type:0,xpos:0.000000,ypos:0.000000,xspeed:11.330000,yspeed:0.020000,angle:2.510000,distense:152.000000,rcs:6.000000
timestame:1619470705.052000000,objid:2,type:0,xpos:0.000000,ypos:0.000000,xspeed:-7.480000,yspeed:-1.300000,angle:-18.000000,distense:67.600000,rcs:9.000000
