timestame:1619470028.368000000,objid:1,type:0,xpos:0.000000,ypos:0.000000,xspeed:4.950000,yspeed:0.430000,angle:1.430000,distense:24.000000,rcs:30.000000
timestame:1619470028.368000000,objid:2,type:0,xpos:0.000000,ypos:0.000000,xspeed:6.100000,yspeed:0.240000,angle:2.320000,distense:39.800000,rcs:39.000000
