timestame:1619470638.714000000,objid:4,type:0,xpos:0.000000,ypos:0.000000,xspeed:-7.250000,yspeed:2.550000,angle:-2.600000,distense:196.400000,rcs:9.000000
timestame:1619470638.714000000,objid:5,type:0,xpos:0.000000,ypos:0.000000,xspeed:2.410000,yspeed:2.630000,angle:-7.920000,distense:33.400000,rcs:6.000000
timestame:1619470638.714000000,objid:7,type:0,xpos:0.000000,ypos:0.000000,xspeed:1.310000,yspeed:-8.810000,angle:-17.890000,distense:57.000000,rcs:16.000000
timestame:1619470638.714000000,objid:8,type:0,xpos:0.000000,ypos:0.000000,xspeed:2.600000,yspeed:-7.520000,angle:-14.060000,distense:56.400000,rcs:6.000000
