timestame:1619470974.810000000,objid:0,type:0,xpos:0.000000,ypos:0.000000,xspeed:6.500000,yspeed:0.090000,angle:3.590000,distense:112.200000,rcs:26.000000
timestame:1619470974.810000000,objid:3,type:0,xpos:0.000000,ypos:0.000000,xspeed:7.140000,yspeed:-0.310000,angle:2.240000,distense:122.200000,rcs:9.000000
timestame:1619470974.810000000,objid:5,type:0,xpos:0.000000,ypos:0.000000,xspeed:-19.530000,yspeed:0.000000,angle:-6.330000,distense:145.800000,rcs:9.000000
timestame:1619470974.810000000,objid:9,type:0,xpos:0.000000,ypos:0.000000,xspeed:2.060000,yspeed:3.370000,angle:-8.040000,distense:42.400000,rcs:9.000000
