timestame:1619470129.244000000,objid:7,type:0,xpos:0.000000,ypos:0.000000,xspeed:-9.600000,yspeed:0.010000,angle:-5.170000,distense:118.200000,rcs:12.000000
timestame:1619470129.244000000,objid:8,type:0,xpos:0.000000,ypos:0.000000,xspeed:-5.520000,yspeed:0.740000,angle:16.150000,distense:24.400000,rcs:15.000000
timestame:1619470129.244000000,objid:9,type:0,xpos:0.000000,ypos:0.000000,xspeed:5.820000,yspeed:1.460000,angle:22.240000,distense:26.200000,rcs:20.000000
timestame:1619470129.244000000,objid:11,type:0,xpos:0.000000,ypos:0.000000,xspeed:-2.580000,yspeed:2.630000,angle:-18.000000,distense:39.200000,rcs:6.000000
