timestame:1619470986.375000000,objid:0,type:0,xpos:0.000000,ypos:0.000000,xspeed:8.830000,yspeed:0.250000,angle:2.230000,distense:205.000000,rcs:24.000000
timestame:1619470986.375000000,objid:1,type:0,xpos:0.000000,ypos:0.000000,xspeed:-15.600000,yspeed:-0.580000,angle:-16.160000,distense:47.000000,rcs:20.000000
timestame:1619470986.375000000,objid:3,type:0,xpos:0.000000,ypos:0.000000,xspeed:4.600000,yspeed:-0.980000,angle:8.700000,distense:82.400000,rcs:12.000000
timestame:1619470986.375000000,objid:4,type:0,xpos:0.000000,ypos:0.000000,xspeed:-13.440000,yspeed:-1.350000,angle:-6.950000,distense:104.600000,rcs:19.000000
