timestame:1619471211.539000000,objid:4,type:0,xpos:0.000000,ypos:0.000000,xspeed:-8.020000,yspeed:-0.170000,angle:-18.000000,distense:44.400000,rcs:12.000000
timestame:1619471211.539000000,objid:5,type:0,xpos:0.000000,ypos:0.000000,xspeed:-6.400000,yspeed:-0.470000,angle:-18.000000,distense:42.000000,rcs:15.000000
timestame:1619471211.539000000,objid:6,type:0,xpos:0.000000,ypos:0.000000,xspeed:20.930000,yspeed:-11.170000,angle:-16.910000,distense:20.000000,rcs:16.000000
