timestame:1619470499.108000000,objid:2,type:0,xpos:0.000000,ypos:0.000000,xspeed:-1.550000,yspeed:-2.140000,angle:-18.000000,distense:39.000000,rcs:26.000000
timestame:1619470499.108000000,objid:4,type:0,xpos:0.000000,ypos:0.000000,xspeed:1.230000,yspeed:-11.230000,angle:16.010000,distense:44.200000,rcs:26.000000
timestame:1619470499.108000000,objid:7,type:0,xpos:0.000000,ypos:0.000000,xspeed:-1.590000,yspeed:-1.860000,angle:-18.000000,distense:45.800000,rcs:6.000000
