timestame:1619470225.669000000,objid:7,type:0,xpos:0.000000,ypos:0.000000,xspeed:1.220000,yspeed:0.190000,angle:-10.300000,distense:50.600000,rcs:9.000000
timestame:1619470225.669000000,objid:8,type:0,xpos:0.000000,ypos:0.000000,xspeed:-5.310000,yspeed:-7.910000,angle:-7.040000,distense:42.400000,rcs:37.000000
timestame:1619470225.669000000,objid:11,type:0,xpos:0.000000,ypos:0.000000,xspeed:-1.570000,yspeed:6.600000,angle:-17.970000,distense:39.200000,rcs:16.000000
timestame:1619470225.669000000,objid:14,type:0,xpos:0.000000,ypos:0.000000,xspeed:-1.210000,yspeed:8.130000,angle:-13.710000,distense:40.400000,rcs:12.000000
