timestame:1619469926.750000000,objid:1,type:0,xpos:0.000000,ypos:0.000000,xspeed:6.740000,yspeed:0.210000,angle:1.510000,distense:173.000000,rcs:9.000000
timestame:1619469926.750000000,objid:8,type:0,xpos:0.000000,ypos:0.000000,xspeed:6.840000,yspeed:0.110000,angle:1.290000,distense:166.200000,rcs:22.000000
