timestame:1619470776.035000000,objid:0,type:0,xpos:0.000000,ypos:0.000000,xspeed:18.710000,yspeed:4.100000,angle:1.630000,distense:191.000000,rcs:13.000000
timestame:1619470776.035000000,objid:1,type:0,xpos:0.000000,ypos:0.000000,xspeed:-7.850000,yspeed:-1.410000,angle:-8.870000,distense:105.000000,rcs:20.000000
