timestame:1619471062.568000000,objid:0,type:0,xpos:0.000000,ypos:0.000000,xspeed:-7.470000,yspeed:0.940000,angle:-4.650000,distense:127.000000,rcs:6.000000
timestame:1619471062.568000000,objid:8,type:0,xpos:0.000000,ypos:0.000000,xspeed:-1.180000,yspeed:3.140000,angle:1.190000,distense:35.000000,rcs:16.000000
timestame:1619471062.568000000,objid:9,type:0,xpos:0.000000,ypos:0.000000,xspeed:-1.630000,yspeed:-0.230000,angle:-9.790000,distense:76.400000,rcs:18.000000
