timestame:1619470770.009000000,objid:0,type:0,xpos:0.000000,ypos:0.000000,xspeed:-11.350000,yspeed:-0.410000,angle:-5.570000,distense:153.400000,rcs:18.000000
timestame:1619470770.009000000,objid:1,type:0,xpos:0.000000,ypos:0.000000,xspeed:11.820000,yspeed:0.280000,angle:2.090000,distense:87.800000,rcs:24.000000
timestame:1619470770.009000000,objid:2,type:0,xpos:0.000000,ypos:0.000000,xspeed:-10.400000,yspeed:-0.500000,angle:-6.240000,distense:151.200000,rcs:13.000000
