timestame:1619470887.429000000,objid:3,type:0,xpos:0.000000,ypos:0.000000,xspeed:-2.000000,yspeed:-3.170000,angle:-18.000000,distense:34.000000,rcs:22.000000
timestame:1619470887.429000000,objid:19,type:0,xpos:0.000000,ypos:0.000000,xspeed:-1.010000,yspeed:-3.450000,angle:-16.010000,distense:36.200000,rcs:28.000000
