timestame:1619469539.372000000,objid:4,type:0,xpos:0.000000,ypos:0.000000,xspeed:17.420000,yspeed:0.200000,angle:1.460000,distense:154.800000,rcs:18.000000
timestame:1619469539.372000000,objid:7,type:0,xpos:0.000000,ypos:0.000000,xspeed:17.210000,yspeed:0.130000,angle:1.150000,distense:161.800000,rcs:9.000000
