timestame:1619470286.893000000,objid:2,type:0,xpos:0.000000,ypos:0.000000,xspeed:-12.790000,yspeed:-0.250000,angle:-8.250000,distense:106.600000,rcs:12.000000
timestame:1619470286.893000000,objid:5,type:0,xpos:0.000000,ypos:0.000000,xspeed:-5.570000,yspeed:-0.430000,angle:-18.000000,distense:43.000000,rcs:24.000000
timestame:1619470286.893000000,objid:7,type:0,xpos:0.000000,ypos:0.000000,xspeed:-5.110000,yspeed:-0.290000,angle:-18.000000,distense:38.600000,rcs:28.000000
timestame:1619470286.893000000,objid:11,type:0,xpos:0.000000,ypos:0.000000,xspeed:-5.410000,yspeed:-0.180000,angle:-18.000000,distense:32.200000,rcs:15.000000
