timestame:1619470800.932000000,objid:2,type:0,xpos:0.000000,ypos:0.000000,xspeed:-10.380000,yspeed:-1.130000,angle:-9.690000,distense:30.200000,rcs:6.000000
timestame:1619470800.932000000,objid:4,type:0,xpos:0.000000,ypos:0.000000,xspeed:-2.170000,yspeed:-3.180000,angle:-12.140000,distense:42.800000,rcs:22.000000
timestame:1619470800.932000000,objid:15,type:0,xpos:0.000000,ypos:0.000000,xspeed:-1.290000,yspeed:-1.640000,angle:-18.000000,distense:37.000000,rcs:12.000000
