timestame:1619470072.523000000,objid:3,type:0,xpos:0.000000,ypos:0.000000,xspeed:-1.570000,yspeed:2.400000,angle:15.870000,distense:48.200000,rcs:31.000000
timestame:1619470072.523000000,objid:4,type:0,xpos:0.000000,ypos:0.000000,xspeed:-1.540000,yspeed:2.410000,angle:20.330000,distense:43.400000,rcs:6.000000
timestame:1619470072.523000000,objid:8,type:0,xpos:0.000000,ypos:0.000000,xspeed:2.250000,yspeed:2.530000,angle:-11.110000,distense:39.000000,rcs:18.000000
