timestame:1619470570.006000000,objid:1,type:0,xpos:0.000000,ypos:0.000000,xspeed:3.790000,yspeed:2.990000,angle:-12.470000,distense:39.400000,rcs:12.000000
timestame:1619470570.006000000,objid:3,type:0,xpos:0.000000,ypos:0.000000,xspeed:15.440000,yspeed:0.150000,angle:1.030000,distense:197.200000,rcs:26.000000
timestame:1619470570.006000000,objid:5,type:0,xpos:0.000000,ypos:0.000000,xspeed:-2.610000,yspeed:2.770000,angle:-1.850000,distense:41.800000,rcs:6.000000
