timestame:1619471227.585000000,objid:0,type:0,xpos:0.000000,ypos:0.000000,xspeed:5.290000,yspeed:0.100000,angle:2.010000,distense:79.400000,rcs:12.000000
timestame:1619471227.585000000,objid:1,type:0,xpos:0.000000,ypos:0.000000,xspeed:4.830000,yspeed:-3.320000,angle:-14.780000,distense:52.000000,rcs:13.000000
timestame:1619471227.585000000,objid:9,type:0,xpos:0.000000,ypos:0.000000,xspeed:5.690000,yspeed:0.090000,angle:2.150000,distense:70.200000,rcs:38.000000
