timestame:1619471409.687000000,objid:1,type:0,xpos:0.000000,ypos:0.000000,xspeed:-1.120000,yspeed:-2.730000,angle:-11.660000,distense:41.200000,rcs:31.000000
timestame:1619471409.687000000,objid:4,type:0,xpos:0.000000,ypos:0.000000,xspeed:-1.850000,yspeed:0.800000,angle:-0.630000,distense:43.600000,rcs:32.000000
timestame:1619471409.687000000,objid:7,type:0,xpos:0.000000,ypos:0.000000,xspeed:-1.960000,yspeed:-3.070000,angle:-16.720000,distense:39.000000,rcs:20.000000
timestame:1619471409.687000000,objid:12,type:0,xpos:0.000000,ypos:0.000000,xspeed:-9.600000,yspeed:-0.900000,angle:-4.220000,distense:190.400000,rcs:15.000000
