timestame:1619470050.917000000,objid:0,type:0,xpos:0.000000,ypos:0.000000,xspeed:7.130000,yspeed:0.020000,angle:3.450000,distense:112.000000,rcs:6.000000
timestame:1619470050.917000000,objid:5,type:0,xpos:0.000000,ypos:0.000000,xspeed:7.110000,yspeed:0.080000,angle:3.820000,distense:102.400000,rcs:27.000000
