timestame:1619470751.072000000,objid:8,type:0,xpos:0.000000,ypos:0.000000,xspeed:3.230000,yspeed:-7.360000,angle:21.850000,distense:46.800000,rcs:30.000000
timestame:1619470751.072000000,objid:12,type:0,xpos:0.000000,ypos:0.000000,xspeed:-20.980000,yspeed:0.000000,angle:-18.000000,distense:34.800000,rcs:16.000000
