timestame:1619469645.484000000,objid:2,type:0,xpos:0.000000,ypos:0.000000,xspeed:12.650000,yspeed:1.010000,angle:5.630000,distense:71.200000,rcs:15.000000
timestame:1619469645.484000000,objid:6,type:0,xpos:0.000000,ypos:0.000000,xspeed:12.210000,yspeed:0.560000,angle:5.030000,distense:80.400000,rcs:16.000000
timestame:1619469645.484000000,objid:13,type:0,xpos:0.000000,ypos:0.000000,xspeed:15.130000,yspeed:0.520000,angle:2.200000,distense:127.200000,rcs:29.000000
timestame:1619469645.484000000,objid:14,type:0,xpos:0.000000,ypos:0.000000,xspeed:12.820000,yspeed:0.420000,angle:5.590000,distense:68.200000,rcs:33.000000
