timestame:1619471164.604000000,objid:0,type:0,xpos:0.000000,ypos:0.000000,xspeed:-10.480000,yspeed:2.540000,angle:-3.160000,distense:161.400000,rcs:12.000000
timestame:1619471164.604000000,objid:3,type:0,xpos:0.000000,ypos:0.000000,xspeed:3.080000,yspeed:4.970000,angle:-7.710000,distense:44.800000,rcs:6.000000
timestame:1619471164.604000000,objid:8,type:0,xpos:0.000000,ypos:0.000000,xspeed:2.930000,yspeed:4.560000,angle:-6.390000,distense:47.000000,rcs:6.000000
