timestame:1619469876.150000000,objid:13,type:0,xpos:0.000000,ypos:0.000000,xspeed:-1.030000,yspeed:-0.970000,angle:-15.080000,distense:41.200000,rcs:6.000000
timestame:1619469876.150000000,objid:17,type:0,xpos:0.000000,ypos:0.000000,xspeed:1.030000,yspeed:-3.370000,angle:5.720000,distense:67.600000,rcs:9.000000
