timestame:1619470699.647000000,objid:1,type:0,xpos:0.000000,ypos:0.000000,xspeed:8.590000,yspeed:0.230000,angle:4.320000,distense:92.600000,rcs:20.000000
timestame:1619470699.647000000,objid:2,type:0,xpos:0.000000,ypos:0.000000,xspeed:-8.410000,yspeed:10.160000,angle:-9.000000,distense:108.400000,rcs:9.000000
