timestame:1619470014.560000000,objid:0,type:0,xpos:0.000000,ypos:0.000000,xspeed:-2.100000,yspeed:-1.740000,angle:-18.000000,distense:31.600000,rcs:21.000000
timestame:1619470014.560000000,objid:1,type:0,xpos:0.000000,ypos:0.000000,xspeed:-1.060000,yspeed:-2.780000,angle:14.510000,distense:40.800000,rcs:36.000000
timestame:1619470014.560000000,objid:5,type:0,xpos:0.000000,ypos:0.000000,xspeed:-1.150000,yspeed:-1.460000,angle:-14.180000,distense:36.400000,rcs:31.000000
timestame:1619470014.560000000,objid:8,type:0,xpos:0.000000,ypos:0.000000,xspeed:-2.640000,yspeed:1.030000,angle:-0.210000,distense:56.800000,rcs:12.000000
