timestame:1619470703.622000000,objid:0,type:0,xpos:0.000000,ypos:0.000000,xspeed:4.020000,yspeed:2.680000,angle:-17.690000,distense:35.000000,rcs:15.000000
timestame:1619470703.622000000,objid:1,type:0,xpos:0.000000,ypos:0.000000,xspeed:10.740000,yspeed:-0.050000,angle:2.780000,distense:135.000000,rcs:13.000000
timestame:1619470703.622000000,objid:2,type:0,xpos:0.000000,ypos:0.000000,xspeed:-8.250000,yspeed:-0.370000,angle:-15.560000,distense:76.000000,rcs:9.000000
