timestame:1619469578.005000000,objid:1,type:0,xpos:0.000000,ypos:0.000000,xspeed:-5.890000,yspeed:-1.220000,angle:-7.130000,distense:119.400000,rcs:16.000000
timestame:1619469578.005000000,objid:3,type:0,xpos:0.000000,ypos:0.000000,xspeed:-6.530000,yspeed:-0.240000,angle:-8.310000,distense:109.000000,rcs:12.000000
timestame:1619469578.005000000,objid:5,type:0,xpos:0.000000,ypos:0.000000,xspeed:-6.610000,yspeed:-0.240000,angle:-8.510000,distense:105.600000,rcs:13.000000
