timestame:1619471140.217000000,objid:0,type:0,xpos:0.000000,ypos:0.000000,xspeed:-4.900000,yspeed:-4.840000,angle:-18.000000,distense:34.800000,rcs:20.000000
timestame:1619471140.217000000,objid:3,type:0,xpos:0.000000,ypos:0.000000,xspeed:-2.510000,yspeed:-2.970000,angle:-18.000000,distense:33.600000,rcs:13.000000
timestame:1619471140.217000000,objid:7,type:0,xpos:0.000000,ypos:0.000000,xspeed:-4.770000,yspeed:-4.460000,angle:-10.780000,distense:36.400000,rcs:33.000000
