timestame:1619470497.682000000,objid:6,type:0,xpos:0.000000,ypos:0.000000,xspeed:-1.250000,yspeed:3.550000,angle:-7.010000,distense:47.400000,rcs:6.000000
timestame:1619470497.682000000,objid:7,type:0,xpos:0.000000,ypos:0.000000,xspeed:-1.830000,yspeed:-2.320000,angle:-14.850000,distense:47.400000,rcs:9.000000
