timestame:1619469630.953000000,objid:1,type:0,xpos:0.000000,ypos:0.000000,xspeed:-4.210000,yspeed:0.010000,angle:-18.000000,distense:26.800000,rcs:6.000000
timestame:1619469630.953000000,objid:2,type:0,xpos:0.000000,ypos:0.000000,xspeed:-6.250000,yspeed:-0.760000,angle:-18.000000,distense:33.400000,rcs:6.000000
timestame:1619469630.953000000,objid:6,type:0,xpos:0.000000,ypos:0.000000,xspeed:-10.300000,yspeed:-0.030000,angle:-6.030000,distense:76.200000,rcs:20.000000
timestame:1619469630.953000000,objid:7,type:0,xpos:0.000000,ypos:0.000000,xspeed:-6.330000,yspeed:-0.370000,angle:-18.000000,distense:37.400000,rcs:19.000000
