timestame:1619471445.651000000,objid:3,type:0,xpos:0.000000,ypos:0.000000,xspeed:-4.480000,yspeed:-1.010000,angle:-5.890000,distense:117.000000,rcs:13.000000
timestame:1619471445.651000000,objid:11,type:0,xpos:0.000000,ypos:0.000000,xspeed:-3.600000,yspeed:-0.070000,angle:-6.110000,distense:106.200000,rcs:12.000000
timestame:1619471445.651000000,objid:13,type:0,xpos:0.000000,ypos:0.000000,xspeed:-2.190000,yspeed:-0.140000,angle:13.410000,distense:57.000000,rcs:15.000000
