timestame:1619469923.835000000,objid:1,type:0,xpos:0.000000,ypos:0.000000,xspeed:6.070000,yspeed:0.130000,angle:1.420000,distense:152.800000,rcs:15.000000
timestame:1619469923.835000000,objid:8,type:0,xpos:0.000000,ypos:0.000000,xspeed:6.110000,yspeed:0.050000,angle:1.340000,distense:145.800000,rcs:24.000000
