timestame:1619471125.353000000,objid:1,type:0,xpos:0.000000,ypos:0.000000,xspeed:1.450000,yspeed:0.000000,angle:-11.430000,distense:40.000000,rcs:13.000000
timestame:1619471125.353000000,objid:2,type:0,xpos:0.000000,ypos:0.000000,xspeed:-1.700000,yspeed:6.330000,angle:-15.310000,distense:40.200000,rcs:9.000000
