timestame:1619470071.274000000,objid:3,type:0,xpos:0.000000,ypos:0.000000,xspeed:-1.810000,yspeed:2.730000,angle:12.150000,distense:48.800000,rcs:38.000000
timestame:1619470071.274000000,objid:4,type:0,xpos:0.000000,ypos:0.000000,xspeed:-1.680000,yspeed:2.980000,angle:16.610000,distense:44.200000,rcs:25.000000
timestame:1619470071.274000000,objid:8,type:0,xpos:0.000000,ypos:0.000000,xspeed:2.810000,yspeed:2.080000,angle:-14.470000,distense:35.400000,rcs:26.000000
