timestame:1619470966.357000000,objid:0,type:0,xpos:0.000000,ypos:0.000000,xspeed:4.340000,yspeed:0.010000,angle:5.460000,distense:62.600000,rcs:28.000000
timestame:1619470966.357000000,objid:1,type:0,xpos:0.000000,ypos:0.000000,xspeed:13.430000,yspeed:-0.330000,angle:0.730000,distense:154.200000,rcs:9.000000
timestame:1619470966.357000000,objid:6,type:0,xpos:0.000000,ypos:0.000000,xspeed:11.170000,yspeed:0.420000,angle:1.990000,distense:129.800000,rcs:22.000000
timestame:1619470966.357000000,objid:7,type:0,xpos:0.000000,ypos:0.000000,xspeed:7.170000,yspeed:1.510000,angle:21.830000,distense:20.600000,rcs:24.000000
