timestame:1619470190.851000000,objid:1,type:0,xpos:0.000000,ypos:0.000000,xspeed:2.420000,yspeed:5.260000,angle:5.790000,distense:134.800000,rcs:29.000000
timestame:1619470190.851000000,objid:2,type:0,xpos:0.000000,ypos:0.000000,xspeed:-5.780000,yspeed:4.040000,angle:1.700000,distense:46.200000,rcs:29.000000
timestame:1619470190.851000000,objid:7,type:0,xpos:0.000000,ypos:0.000000,xspeed:3.510000,yspeed:0.480000,angle:6.140000,distense:140.800000,rcs:12.000000
