timestame:1619470510.675000000,objid:6,type:0,xpos:0.000000,ypos:0.000000,xspeed:-2.150000,yspeed:8.740000,angle:-17.980000,distense:39.200000,rcs:6.000000
timestame:1619470510.675000000,objid:8,type:0,xpos:0.000000,ypos:0.000000,xspeed:-4.730000,yspeed:-2.850000,angle:6.610000,distense:73.400000,rcs:16.000000
timestame:1619470510.675000000,objid:10,type:0,xpos:0.000000,ypos:0.000000,xspeed:3.860000,yspeed:-0.660000,angle:-0.110000,distense:13.200000,rcs:13.000000
