timestame:1619470124.839000000,objid:1,type:0,xpos:0.000000,ypos:0.000000,xspeed:4.250000,yspeed:3.890000,angle:-16.020000,distense:39.800000,rcs:12.000000
timestame:1619470124.839000000,objid:3,type:0,xpos:0.000000,ypos:0.000000,xspeed:-6.180000,yspeed:-2.210000,angle:11.350000,distense:38.400000,rcs:16.000000
timestame:1619470124.839000000,objid:4,type:0,xpos:0.000000,ypos:0.000000,xspeed:4.010000,yspeed:1.320000,angle:22.650000,distense:31.400000,rcs:9.000000
timestame:1619470124.839000000,objid:6,type:0,xpos:0.000000,ypos:0.000000,xspeed:4.120000,yspeed:3.020000,angle:-14.540000,distense:37.600000,rcs:20.000000
