timestame:1619469926.317000000,objid:1,type:0,xpos:0.000000,ypos:0.000000,xspeed:6.680000,yspeed:0.230000,angle:1.530000,distense:170.000000,rcs:12.000000
timestame:1619469926.317000000,objid:8,type:0,xpos:0.000000,ypos:0.000000,xspeed:6.730000,yspeed:0.110000,angle:1.310000,distense:163.200000,rcs:28.000000
