timestame:1619470171.632000000,objid:0,type:0,xpos:0.000000,ypos:0.000000,xspeed:8.800000,yspeed:0.260000,angle:2.200000,distense:75.600000,rcs:25.000000
timestame:1619470171.632000000,objid:1,type:0,xpos:0.000000,ypos:0.000000,xspeed:10.010000,yspeed:0.480000,angle:2.670000,distense:46.200000,rcs:35.000000
timestame:1619470171.632000000,objid:3,type:0,xpos:0.000000,ypos:0.000000,xspeed:10.840000,yspeed:0.010000,angle:3.650000,distense:114.800000,rcs:12.000000
timestame:1619470171.632000000,objid:4,type:0,xpos:0.000000,ypos:0.000000,xspeed:4.920000,yspeed:1.160000,angle:19.510000,distense:29.000000,rcs:21.000000
