timestame:1619470274.205000000,objid:1,type:0,xpos:0.000000,ypos:0.000000,xspeed:-11.280000,yspeed:-1.040000,angle:-5.000000,distense:120.800000,rcs:6.000000
timestame:1619470274.205000000,objid:2,type:0,xpos:0.000000,ypos:0.000000,xspeed:-1.220000,yspeed:1.050000,angle:-6.580000,distense:94.000000,rcs:12.000000
