timestame:1619469531.906000000,objid:1,type:0,xpos:0.000000,ypos:0.000000,xspeed:1.720000,yspeed:-4.890000,angle:-18.000000,distense:78.400000,rcs:6.000000
timestame:1619469531.906000000,objid:4,type:0,xpos:0.000000,ypos:0.000000,xspeed:16.040000,yspeed:2.070000,angle:2.910000,distense:27.800000,rcs:37.000000
timestame:1619469531.906000000,objid:7,type:0,xpos:0.000000,ypos:0.000000,xspeed:17.570000,yspeed:0.080000,angle:1.230000,distense:36.000000,rcs:37.000000
