timestame:1619471253.686000000,objid:1,type:0,xpos:0.000000,ypos:0.000000,xspeed:3.320000,yspeed:2.740000,angle:4.700000,distense:83.800000,rcs:9.000000
timestame:1619471253.686000000,objid:3,type:0,xpos:0.000000,ypos:0.000000,xspeed:-16.480000,yspeed:-0.240000,angle:-6.810000,distense:121.000000,rcs:13.000000
