timestame:1619471404.019000000,objid:4,type:0,xpos:0.000000,ypos:0.000000,xspeed:-2.190000,yspeed:9.080000,angle:15.800000,distense:40.000000,rcs:6.000000
timestame:1619471404.019000000,objid:5,type:0,xpos:0.000000,ypos:0.000000,xspeed:1.050000,yspeed:11.370000,angle:15.750000,distense:40.400000,rcs:25.000000
timestame:1619471404.019000000,objid:12,type:0,xpos:0.000000,ypos:0.000000,xspeed:-19.250000,yspeed:-2.510000,angle:11.470000,distense:28.800000,rcs:9.000000
