timestame:1619470664.368000000,objid:0,type:0,xpos:0.000000,ypos:0.000000,xspeed:-1.420000,yspeed:0.110000,angle:-9.710000,distense:93.800000,rcs:13.000000
timestame:1619470664.368000000,objid:1,type:0,xpos:0.000000,ypos:0.000000,xspeed:3.150000,yspeed:-4.440000,angle:-18.000000,distense:53.600000,rcs:9.000000
timestame:1619470664.368000000,objid:3,type:0,xpos:0.000000,ypos:0.000000,xspeed:-1.410000,yspeed:-0.060000,angle:-7.950000,distense:105.600000,rcs:9.000000
