timestame:1619471006.563000000,objid:2,type:0,xpos:0.000000,ypos:0.000000,xspeed:-6.830000,yspeed:2.010000,angle:-8.150000,distense:107.400000,rcs:18.000000
timestame:1619471006.563000000,objid:7,type:0,xpos:0.000000,ypos:0.000000,xspeed:-2.420000,yspeed:8.020000,angle:-18.000000,distense:46.200000,rcs:15.000000
timestame:1619471006.563000000,objid:9,type:0,xpos:0.000000,ypos:0.000000,xspeed:-8.170000,yspeed:-2.170000,angle:-8.660000,distense:109.600000,rcs:20.000000
