timestame:1619471076.592000000,objid:0,type:0,xpos:0.000000,ypos:0.000000,xspeed:-9.720000,yspeed:-0.360000,angle:-18.000000,distense:28.600000,rcs:6.000000
timestame:1619471076.592000000,objid:3,type:0,xpos:0.000000,ypos:0.000000,xspeed:-8.950000,yspeed:-0.200000,angle:-9.550000,distense:71.200000,rcs:27.000000
timestame:1619471076.592000000,objid:5,type:0,xpos:0.000000,ypos:0.000000,xspeed:-9.910000,yspeed:-0.210000,angle:-15.130000,distense:49.800000,rcs:15.000000
timestame:1619471076.592000000,objid:6,type:0,xpos:0.000000,ypos:0.000000,xspeed:-5.300000,yspeed:-0.540000,angle:-18.000000,distense:55.400000,rcs:29.000000
