timestame:1619470566.234000000,objid:0,type:0,xpos:0.000000,ypos:0.000000,xspeed:6.500000,yspeed:2.080000,angle:20.130000,distense:34.000000,rcs:6.000000
timestame:1619470566.234000000,objid:2,type:0,xpos:0.000000,ypos:0.000000,xspeed:-7.310000,yspeed:0.740000,angle:-11.050000,distense:17.200000,rcs:9.000000
timestame:1619470566.234000000,objid:3,type:0,xpos:0.000000,ypos:0.000000,xspeed:13.250000,yspeed:0.140000,angle:1.330000,distense:136.800000,rcs:13.000000
