timestame:1619470505.262000000,objid:1,type:0,xpos:0.000000,ypos:0.000000,xspeed:1.750000,yspeed:-0.360000,angle:-7.420000,distense:42.000000,rcs:24.000000
timestame:1619470505.262000000,objid:3,type:0,xpos:0.000000,ypos:0.000000,xspeed:-1.630000,yspeed:-1.830000,angle:-18.000000,distense:36.200000,rcs:20.000000
timestame:1619470505.262000000,objid:4,type:0,xpos:0.000000,ypos:0.000000,xspeed:-1.750000,yspeed:0.000000,angle:-7.270000,distense:44.200000,rcs:23.000000
timestame:1619470505.262000000,objid:6,type:0,xpos:0.000000,ypos:0.000000,xspeed:-2.240000,yspeed:-0.660000,angle:-18.000000,distense:27.800000,rcs:6.000000
