timestame:1619471084.344000000,objid:4,type:0,xpos:0.000000,ypos:0.000000,xspeed:4.360000,yspeed:0.150000,angle:1.510000,distense:38.000000,rcs:31.000000
timestame:1619471084.344000000,objid:10,type:0,xpos:0.000000,ypos:0.000000,xspeed:5.900000,yspeed:0.480000,angle:2.330000,distense:55.000000,rcs:6.000000
timestame:1619471084.344000000,objid:11,type:0,xpos:0.000000,ypos:0.000000,xspeed:1.280000,yspeed:0.000000,angle:2.490000,distense:15.600000,rcs:46.000000
