timestame:1619470202.408000000,objid:0,type:0,xpos:0.000000,ypos:0.000000,xspeed:1.540000,yspeed:-2.120000,angle:5.140000,distense:142.200000,rcs:16.000000
timestame:1619470202.408000000,objid:1,type:0,xpos:0.000000,ypos:0.000000,xspeed:2.950000,yspeed:1.470000,angle:6.580000,distense:162.200000,rcs:9.000000
timestame:1619470202.408000000,objid:2,type:0,xpos:0.000000,ypos:0.000000,xspeed:1.510000,yspeed:1.170000,angle:5.450000,distense:157.600000,rcs:6.000000
