timestame:1619471250.902000000,objid:1,type:0,xpos:0.000000,ypos:0.000000,xspeed:1.160000,yspeed:2.410000,angle:-1.090000,distense:74.000000,rcs:12.000000
timestame:1619471250.902000000,objid:3,type:0,xpos:0.000000,ypos:0.000000,xspeed:-16.730000,yspeed:-1.250000,angle:-4.710000,distense:168.000000,rcs:16.000000
