timestame:1619470165.006000000,objid:3,type:0,xpos:0.000000,ypos:0.000000,xspeed:6.140000,yspeed:0.340000,angle:6.950000,distense:52.000000,rcs:35.000000
timestame:1619470165.006000000,objid:6,type:0,xpos:0.000000,ypos:0.000000,xspeed:1.950000,yspeed:0.240000,angle:1.740000,distense:24.200000,rcs:36.000000
