timestame:1619470052.092000000,objid:0,type:0,xpos:0.000000,ypos:0.000000,xspeed:7.430000,yspeed:-0.170000,angle:2.930000,distense:120.800000,rcs:6.000000
timestame:1619470052.092000000,objid:5,type:0,xpos:0.000000,ypos:0.000000,xspeed:7.450000,yspeed:0.080000,angle:3.550000,distense:111.200000,rcs:23.000000
