timestame:1619470373.778000000,objid:0,type:0,xpos:0.000000,ypos:0.000000,xspeed:17.770000,yspeed:0.000000,angle:9.420000,distense:48.600000,rcs:33.000000
timestame:1619470373.778000000,objid:3,type:0,xpos:0.000000,ypos:0.000000,xspeed:26.580000,yspeed:2.320000,angle:-3.790000,distense:53.400000,rcs:23.000000
timestame:1619470373.778000000,objid:10,type:0,xpos:0.000000,ypos:0.000000,xspeed:-5.750000,yspeed:-1.840000,angle:-18.000000,distense:30.200000,rcs:6.000000
timestame:1619470373.778000000,objid:14,type:0,xpos:0.000000,ypos:0.000000,xspeed:-2.610000,yspeed:-0.630000,angle:-18.000000,distense:29.000000,rcs:6.000000
