timestame:1619471445.467000000,objid:3,type:0,xpos:0.000000,ypos:0.000000,xspeed:-4.520000,yspeed:-0.800000,angle:-5.640000,distense:117.600000,rcs:15.000000
timestame:1619471445.467000000,objid:10,type:0,xpos:0.000000,ypos:0.000000,xspeed:-2.670000,yspeed:-1.140000,angle:-18.000000,distense:28.200000,rcs:6.000000
timestame:1619471445.467000000,objid:11,type:0,xpos:0.000000,ypos:0.000000,xspeed:-3.670000,yspeed:-0.080000,angle:-6.090000,distense:106.800000,rcs:6.000000
timestame:1619471445.467000000,objid:13,type:0,xpos:0.000000,ypos:0.000000,xspeed:-2.120000,yspeed:-0.100000,angle:13.370000,distense:57.600000,rcs:16.000000
