timestame:1619470137.502000000,objid:0,type:0,xpos:0.000000,ypos:0.000000,xspeed:-8.160000,yspeed:0.000000,angle:11.040000,distense:40.800000,rcs:16.000000
timestame:1619470137.502000000,objid:7,type:0,xpos:0.000000,ypos:0.000000,xspeed:-3.380000,yspeed:-0.240000,angle:-10.130000,distense:74.600000,rcs:6.000000
timestame:1619470137.502000000,objid:8,type:0,xpos:0.000000,ypos:0.000000,xspeed:2.890000,yspeed:3.960000,angle:-5.270000,distense:46.400000,rcs:6.000000
