timestame:1619469538.437000000,objid:4,type:0,xpos:0.000000,ypos:0.000000,xspeed:17.020000,yspeed:0.260000,angle:1.610000,distense:137.600000,rcs:12.000000
timestame:1619469538.437000000,objid:7,type:0,xpos:0.000000,ypos:0.000000,xspeed:17.040000,yspeed:0.210000,angle:1.300000,distense:145.000000,rcs:12.000000
