timestame:1619469539.433000000,objid:4,type:0,xpos:0.000000,ypos:0.000000,xspeed:17.420000,yspeed:0.170000,angle:1.420000,distense:156.000000,rcs:20.000000
timestame:1619469539.433000000,objid:7,type:0,xpos:0.000000,ypos:0.000000,xspeed:17.240000,yspeed:0.150000,angle:1.160000,distense:163.000000,rcs:12.000000
