timestame:1619470989.416000000,objid:3,type:0,xpos:0.000000,ypos:0.000000,xspeed:5.170000,yspeed:0.100000,angle:7.970000,distense:98.600000,rcs:6.000000
timestame:1619470989.416000000,objid:4,type:0,xpos:0.000000,ypos:0.000000,xspeed:-13.460000,yspeed:-0.470000,angle:-12.080000,distense:63.800000,rcs:13.000000
