timestame:1619471306.842000000,objid:0,type:0,xpos:0.000000,ypos:0.000000,xspeed:2.870000,yspeed:0.890000,angle:20.760000,distense:23.600000,rcs:23.000000
timestame:1619471306.842000000,objid:1,type:0,xpos:0.000000,ypos:0.000000,xspeed:-7.040000,yspeed:2.220000,angle:-18.000000,distense:29.200000,rcs:9.000000
timestame:1619471306.842000000,objid:2,type:0,xpos:0.000000,ypos:0.000000,xspeed:4.930000,yspeed:0.410000,angle:-17.470000,distense:22.400000,rcs:16.000000
