timestame:1619471260.058000000,objid:2,type:0,xpos:0.000000,ypos:0.000000,xspeed:12.310000,yspeed:0.420000,angle:4.760000,distense:75.200000,rcs:35.000000
timestame:1619471260.058000000,objid:3,type:0,xpos:0.000000,ypos:0.000000,xspeed:-14.780000,yspeed:-0.640000,angle:-18.000000,distense:31.800000,rcs:15.000000
timestame:1619471260.058000000,objid:6,type:0,xpos:0.000000,ypos:0.000000,xspeed:12.410000,yspeed:0.080000,angle:4.620000,distense:87.600000,rcs:23.000000
timestame:1619471260.058000000,objid:10,type:0,xpos:0.000000,ypos:0.000000,xspeed:12.320000,yspeed:0.620000,angle:5.490000,distense:63.400000,rcs:22.000000
