timestame:1619470567.778000000,objid:1,type:0,xpos:0.000000,ypos:0.000000,xspeed:4.120000,yspeed:3.050000,angle:-15.050000,distense:29.000000,rcs:19.000000
timestame:1619470567.778000000,objid:3,type:0,xpos:0.000000,ypos:0.000000,xspeed:15.090000,yspeed:0.060000,angle:1.080000,distense:162.400000,rcs:28.000000
timestame:1619470567.778000000,objid:8,type:0,xpos:0.000000,ypos:0.000000,xspeed:4.150000,yspeed:4.690000,angle:-10.200000,distense:43.400000,rcs:13.000000
