timestame:1619471075.967000000,objid:0,type:0,xpos:0.000000,ypos:0.000000,xspeed:-9.700000,yspeed:-0.480000,angle:-18.000000,distense:33.600000,rcs:13.000000
timestame:1619471075.967000000,objid:3,type:0,xpos:0.000000,ypos:0.000000,xspeed:-8.710000,yspeed:-0.130000,angle:-8.700000,distense:77.000000,rcs:26.000000
timestame:1619471075.967000000,objid:5,type:0,xpos:0.000000,ypos:0.000000,xspeed:-9.610000,yspeed:-0.130000,angle:-13.120000,distense:56.000000,rcs:16.000000
timestame:1619471075.967000000,objid:6,type:0,xpos:0.000000,ypos:0.000000,xspeed:-5.250000,yspeed:-0.630000,angle:-17.270000,distense:58.400000,rcs:22.000000
