timestame:1619471369.306000000,objid:1,type:0,xpos:0.000000,ypos:0.000000,xspeed:8.100000,yspeed:-0.010000,angle:2.810000,distense:135.000000,rcs:15.000000
timestame:1619471369.306000000,objid:7,type:0,xpos:0.000000,ypos:0.000000,xspeed:11.260000,yspeed:0.290000,angle:1.590000,distense:178.800000,rcs:21.000000
