timestame:1619471367.821000000,objid:1,type:0,xpos:0.000000,ypos:0.000000,xspeed:7.830000,yspeed:0.060000,angle:3.140000,distense:123.000000,rcs:22.000000
timestame:1619471367.821000000,objid:7,type:0,xpos:0.000000,ypos:0.000000,xspeed:11.720000,yspeed:0.160000,angle:1.500000,distense:163.000000,rcs:24.000000
