timestame:1619471365.882000000,objid:1,type:0,xpos:0.000000,ypos:0.000000,xspeed:7.110000,yspeed:-0.620000,angle:3.140000,distense:106.800000,rcs:25.000000
timestame:1619471365.882000000,objid:2,type:0,xpos:0.000000,ypos:0.000000,xspeed:7.490000,yspeed:-0.120000,angle:3.370000,distense:112.000000,rcs:16.000000
timestame:1619471365.882000000,objid:7,type:0,xpos:0.000000,ypos:0.000000,xspeed:11.470000,yspeed:0.410000,angle:1.790000,distense:139.400000,rcs:18.000000
