timestame:1619470145.692000000,objid:0,type:0,xpos:0.000000,ypos:0.000000,xspeed:3.440000,yspeed:1.880000,angle:22.600000,distense:36.000000,rcs:6.000000
timestame:1619470145.692000000,objid:1,type:0,xpos:0.000000,ypos:0.000000,xspeed:2.620000,yspeed:0.000000,angle:22.300000,distense:20.800000,rcs:20.000000
timestame:1619470145.692000000,objid:2,type:0,xpos:0.000000,ypos:0.000000,xspeed:6.470000,yspeed:2.550000,angle:20.060000,distense:32.400000,rcs:20.000000
