timestame:1619470202.161000000,objid:0,type:0,xpos:0.000000,ypos:0.000000,xspeed:1.320000,yspeed:-2.310000,angle:5.310000,distense:141.600000,rcs:20.000000
timestame:1619470202.161000000,objid:1,type:0,xpos:0.000000,ypos:0.000000,xspeed:2.270000,yspeed:0.130000,angle:6.240000,distense:161.000000,rcs:6.000000
timestame:1619470202.161000000,objid:2,type:0,xpos:0.000000,ypos:0.000000,xspeed:1.510000,yspeed:1.170000,angle:5.340000,distense:157.200000,rcs:6.000000
