timestame:1619469759.642000000,objid:1,type:0,xpos:0.000000,ypos:0.000000,xspeed:1.730000,yspeed:-1.400000,angle:-10.820000,distense:39.000000,rcs:18.000000
timestame:1619469759.642000000,objid:2,type:0,xpos:0.000000,ypos:0.000000,xspeed:4.660000,yspeed:3.370000,angle:-14.620000,distense:40.200000,rcs:18.000000
