timestame:1619470729.102000000,objid:0,type:0,xpos:0.000000,ypos:0.000000,xspeed:-12.520000,yspeed:-0.330000,angle:-11.370000,distense:64.000000,rcs:19.000000
timestame:1619470729.102000000,objid:1,type:0,xpos:0.000000,ypos:0.000000,xspeed:12.390000,yspeed:0.690000,angle:4.810000,distense:15.000000,rcs:36.000000
timestame:1619470729.102000000,objid:3,type:0,xpos:0.000000,ypos:0.000000,xspeed:-12.470000,yspeed:-19.630000,angle:-13.960000,distense:61.000000,rcs:21.000000
