timestame:1619470562.386000000,objid:1,type:0,xpos:0.000000,ypos:0.000000,xspeed:6.230000,yspeed:-0.470000,angle:3.700000,distense:197.200000,rcs:22.000000
timestame:1619470562.386000000,objid:2,type:0,xpos:0.000000,ypos:0.000000,xspeed:6.520000,yspeed:-4.330000,angle:2.340000,distense:213.600000,rcs:6.000000
timestame:1619470562.386000000,objid:3,type:0,xpos:0.000000,ypos:0.000000,xspeed:10.000000,yspeed:0.240000,angle:1.800000,distense:86.600000,rcs:32.000000
