timestame:1619470493.393000000,objid:2,type:0,xpos:0.000000,ypos:0.000000,xspeed:1.460000,yspeed:-5.360000,angle:12.860000,distense:56.800000,rcs:16.000000
timestame:1619470493.393000000,objid:3,type:0,xpos:0.000000,ypos:0.000000,xspeed:1.770000,yspeed:-4.590000,angle:6.930000,distense:45.400000,rcs:31.000000
