timestame:1619470979.722000000,objid:0,type:0,xpos:0.000000,ypos:0.000000,xspeed:7.370000,yspeed:-0.120000,angle:2.280000,distense:147.600000,rcs:26.000000
timestame:1619470979.722000000,objid:1,type:0,xpos:0.000000,ypos:0.000000,xspeed:-14.230000,yspeed:-0.690000,angle:-4.110000,distense:148.800000,rcs:20.000000
