timestame:1619470521.667000000,objid:0,type:0,xpos:0.000000,ypos:0.000000,xspeed:2.620000,yspeed:0.000000,angle:-12.770000,distense:44.200000,rcs:12.000000
timestame:1619470521.667000000,objid:4,type:0,xpos:0.000000,ypos:0.000000,xspeed:-1.800000,yspeed:5.780000,angle:-17.490000,distense:43.000000,rcs:6.000000
