timestame:1619470046.500000000,objid:0,type:0,xpos:0.000000,ypos:0.000000,xspeed:6.770000,yspeed:0.230000,angle:4.560000,distense:81.200000,rcs:15.000000
timestame:1619470046.500000000,objid:3,type:0,xpos:0.000000,ypos:0.000000,xspeed:14.650000,yspeed:0.140000,angle:1.190000,distense:198.000000,rcs:19.000000
timestame:1619470046.500000000,objid:5,type:0,xpos:0.000000,ypos:0.000000,xspeed:6.490000,yspeed:0.530000,angle:5.640000,distense:71.000000,rcs:26.000000
