timestame:1619471230.312000000,objid:0,type:0,xpos:0.000000,ypos:0.000000,xspeed:6.410000,yspeed:0.220000,angle:2.220000,distense:97.000000,rcs:9.000000
timestame:1619471230.312000000,objid:1,type:0,xpos:0.000000,ypos:0.000000,xspeed:2.960000,yspeed:-5.380000,angle:-18.000000,distense:64.400000,rcs:6.000000
timestame:1619471230.312000000,objid:9,type:0,xpos:0.000000,ypos:0.000000,xspeed:6.630000,yspeed:0.220000,angle:2.150000,distense:88.600000,rcs:38.000000
