timestame:1619470028.799000000,objid:1,type:0,xpos:0.000000,ypos:0.000000,xspeed:4.980000,yspeed:0.310000,angle:1.290000,distense:26.400000,rcs:33.000000
timestame:1619470028.799000000,objid:2,type:0,xpos:0.000000,ypos:0.000000,xspeed:6.400000,yspeed:0.240000,angle:2.290000,distense:43.200000,rcs:38.000000
