timestame:1619471092.056000000,objid:1,type:0,xpos:0.000000,ypos:0.000000,xspeed:11.730000,yspeed:0.060000,angle:4.180000,distense:71.400000,rcs:21.000000
timestame:1619471092.056000000,objid:2,type:0,xpos:0.000000,ypos:0.000000,xspeed:6.640000,yspeed:0.370000,angle:2.450000,distense:56.200000,rcs:44.000000
timestame:1619471092.056000000,objid:5,type:0,xpos:0.000000,ypos:0.000000,xspeed:12.540000,yspeed:-0.130000,angle:1.430000,distense:122.400000,rcs:16.000000
