timestame:1619471370.432000000,objid:1,type:0,xpos:0.000000,ypos:0.000000,xspeed:8.450000,yspeed:-0.050000,angle:2.540000,distense:145.000000,rcs:13.000000
timestame:1619471370.432000000,objid:7,type:0,xpos:0.000000,ypos:0.000000,xspeed:10.860000,yspeed:0.220000,angle:1.530000,distense:190.600000,rcs:15.000000
