timestame:1619469696.474000000,objid:1,type:0,xpos:0.000000,ypos:0.000000,xspeed:-1.500000,yspeed:6.190000,angle:19.230000,distense:41.000000,rcs:9.000000
timestame:1619469696.474000000,objid:2,type:0,xpos:0.000000,ypos:0.000000,xspeed:-1.090000,yspeed:-4.960000,angle:-13.460000,distense:45.000000,rcs:33.000000
timestame:1619469696.474000000,objid:3,type:0,xpos:0.000000,ypos:0.000000,xspeed:-1.440000,yspeed:-3.250000,angle:-0.590000,distense:45.600000,rcs:6.000000
timestame:1619469696.474000000,objid:7,type:0,xpos:0.000000,ypos:0.000000,xspeed:-1.110000,yspeed:7.110000,angle:16.720000,distense:42.400000,rcs:12.000000
