timestame:1619469697.952000000,objid:1,type:0,xpos:0.000000,ypos:0.000000,xspeed:-2.640000,yspeed:10.520000,angle:-7.710000,distense:48.000000,rcs:31.000000
timestame:1619469697.952000000,objid:2,type:0,xpos:0.000000,ypos:0.000000,xspeed:-2.290000,yspeed:-3.350000,angle:-18.000000,distense:42.800000,rcs:20.000000
timestame:1619469697.952000000,objid:5,type:0,xpos:0.000000,ypos:0.000000,xspeed:-8.780000,yspeed:-7.440000,angle:-17.480000,distense:42.600000,rcs:29.000000
timestame:1619469697.952000000,objid:7,type:0,xpos:0.000000,ypos:0.000000,xspeed:4.450000,yspeed:8.340000,angle:8.850000,distense:110.600000,rcs:6.000000
