timestame:1619470794.974000000,objid:3,type:0,xpos:0.000000,ypos:0.000000,xspeed:2.540000,yspeed:2.880000,angle:11.440000,distense:44.600000,rcs:23.000000
timestame:1619470794.974000000,objid:4,type:0,xpos:0.000000,ypos:0.000000,xspeed:1.800000,yspeed:-8.170000,angle:-14.510000,distense:55.800000,rcs:6.000000
timestame:1619470794.974000000,objid:5,type:0,xpos:0.000000,ypos:0.000000,xspeed:4.600000,yspeed:-11.330000,angle:-18.000000,distense:58.600000,rcs:21.000000
