timestame:1619469920.419000000,objid:1,type:0,xpos:0.000000,ypos:0.000000,xspeed:5.730000,yspeed:-0.130000,angle:1.130000,distense:131.800000,rcs:12.000000
timestame:1619469920.419000000,objid:8,type:0,xpos:0.000000,ypos:0.000000,xspeed:5.780000,yspeed:0.070000,angle:1.480000,distense:125.200000,rcs:27.000000
