timestame:1619471369.557000000,objid:1,type:0,xpos:0.000000,ypos:0.000000,xspeed:8.260000,yspeed:-0.080000,angle:2.680000,distense:137.800000,rcs:13.000000
timestame:1619471369.557000000,objid:7,type:0,xpos:0.000000,ypos:0.000000,xspeed:11.090000,yspeed:0.310000,angle:1.610000,distense:181.800000,rcs:9.000000
