timestame:1619469925.007000000,objid:1,type:0,xpos:0.000000,ypos:0.000000,xspeed:6.370000,yspeed:0.210000,angle:1.490000,distense:160.800000,rcs:16.000000
timestame:1619469925.007000000,objid:8,type:0,xpos:0.000000,ypos:0.000000,xspeed:6.340000,yspeed:-0.020000,angle:1.220000,distense:153.600000,rcs:22.000000
