timestame:1619470708.339000000,objid:1,type:0,xpos:0.000000,ypos:0.000000,xspeed:12.430000,yspeed:0.220000,angle:2.180000,distense:193.600000,rcs:12.000000
timestame:1619470708.339000000,objid:2,type:0,xpos:0.000000,ypos:0.000000,xspeed:3.440000,yspeed:1.140000,angle:-15.500000,distense:20.200000,rcs:24.000000
timestame:1619470708.339000000,objid:3,type:0,xpos:0.000000,ypos:0.000000,xspeed:21.840000,yspeed:12.430000,angle:21.760000,distense:32.600000,rcs:18.000000
timestame:1619470708.339000000,objid:7,type:0,xpos:0.000000,ypos:0.000000,xspeed:12.710000,yspeed:13.930000,angle:-9.190000,distense:18.400000,rcs:9.000000
