timestame:1619470791.074000000,objid:0,type:0,xpos:0.000000,ypos:0.000000,xspeed:1.630000,yspeed:0.100000,angle:1.660000,distense:19.000000,rcs:30.000000
timestame:1619470791.074000000,objid:1,type:0,xpos:0.000000,ypos:0.000000,xspeed:2.940000,yspeed:-8.490000,angle:22.690000,distense:47.200000,rcs:16.000000
timestame:1619470791.074000000,objid:2,type:0,xpos:0.000000,ypos:0.000000,xspeed:1.380000,yspeed:-7.810000,angle:-13.490000,distense:47.800000,rcs:15.000000
