timestame:1619470138.872000000,objid:0,type:0,xpos:0.000000,ypos:0.000000,xspeed:-6.340000,yspeed:-0.280000,angle:13.140000,distense:32.400000,rcs:16.000000
timestame:1619470138.872000000,objid:7,type:0,xpos:0.000000,ypos:0.000000,xspeed:-2.150000,yspeed:-0.200000,angle:-10.480000,distense:73.400000,rcs:6.000000
