timestame:1619469919.244000000,objid:1,type:0,xpos:0.000000,ypos:0.000000,xspeed:5.760000,yspeed:-0.060000,angle:1.310000,distense:125.200000,rcs:19.000000
timestame:1619469919.244000000,objid:8,type:0,xpos:0.000000,ypos:0.000000,xspeed:5.780000,yspeed:0.040000,angle:1.470000,distense:118.600000,rcs:33.000000
