timestame:1619469532.412000000,objid:1,type:0,xpos:0.000000,ypos:0.000000,xspeed:1.620000,yspeed:-5.220000,angle:-18.000000,distense:80.800000,rcs:9.000000
timestame:1619469532.412000000,objid:4,type:0,xpos:0.000000,ypos:0.000000,xspeed:16.200000,yspeed:1.340000,angle:2.920000,distense:36.600000,rcs:32.000000
timestame:1619469532.412000000,objid:7,type:0,xpos:0.000000,ypos:0.000000,xspeed:17.210000,yspeed:0.390000,angle:1.500000,distense:45.000000,rcs:30.000000
