timestame:1619470640.140000000,objid:2,type:0,xpos:0.000000,ypos:0.000000,xspeed:-5.740000,yspeed:-1.260000,angle:-4.660000,distense:188.200000,rcs:12.000000
timestame:1619470640.140000000,objid:6,type:0,xpos:0.000000,ypos:0.000000,xspeed:-1.510000,yspeed:3.950000,angle:-18.000000,distense:49.000000,rcs:12.000000
timestame:1619470640.140000000,objid:13,type:0,xpos:0.000000,ypos:0.000000,xspeed:-10.870000,yspeed:0.890000,angle:-18.000000,distense:46.200000,rcs:9.000000
