timestame:1619471264.579000000,objid:0,type:0,xpos:0.000000,ypos:0.000000,xspeed:6.140000,yspeed:-0.960000,angle:2.610000,distense:157.000000,rcs:9.000000
timestame:1619471264.579000000,objid:2,type:0,xpos:0.000000,ypos:0.000000,xspeed:12.930000,yspeed:0.070000,angle:2.700000,distense:133.400000,rcs:21.000000
timestame:1619471264.579000000,objid:6,type:0,xpos:0.000000,ypos:0.000000,xspeed:12.940000,yspeed:-0.070000,angle:2.470000,distense:145.400000,rcs:9.000000
timestame:1619471264.579000000,objid:10,type:0,xpos:0.000000,ypos:0.000000,xspeed:12.870000,yspeed:-0.040000,angle:2.820000,distense:120.800000,rcs:26.000000
