timestame:1619470105.728000000,objid:1,type:0,xpos:0.000000,ypos:0.000000,xspeed:6.730000,yspeed:-0.400000,angle:20.210000,distense:29.000000,rcs:27.000000
timestame:1619470105.728000000,objid:9,type:0,xpos:0.000000,ypos:0.000000,xspeed:3.900000,yspeed:2.430000,angle:-16.000000,distense:27.000000,rcs:30.000000
