timestame:1619471262.043000000,objid:2,type:0,xpos:0.000000,ypos:0.000000,xspeed:12.630000,yspeed:0.120000,angle:3.520000,distense:100.600000,rcs:30.000000
timestame:1619471262.043000000,objid:6,type:0,xpos:0.000000,ypos:0.000000,xspeed:12.640000,yspeed:-0.170000,angle:3.220000,distense:112.800000,rcs:16.000000
timestame:1619471262.043000000,objid:10,type:0,xpos:0.000000,ypos:0.000000,xspeed:12.610000,yspeed:0.230000,angle:4.120000,distense:88.400000,rcs:13.000000
