timestame:1619469568.324000000,objid:2,type:0,xpos:0.000000,ypos:0.000000,xspeed:-1.300000,yspeed:-3.700000,angle:-9.360000,distense:36.600000,rcs:37.000000
timestame:1619469568.324000000,objid:8,type:0,xpos:0.000000,ypos:0.000000,xspeed:3.390000,yspeed:-7.090000,angle:-4.550000,distense:63.000000,rcs:6.000000
timestame:1619469568.324000000,objid:11,type:0,xpos:0.000000,ypos:0.000000,xspeed:-2.640000,yspeed:-5.330000,angle:-18.000000,distense:33.800000,rcs:29.000000
