timestame:1619470839.566000000,objid:2,type:0,xpos:0.000000,ypos:0.000000,xspeed:3.870000,yspeed:2.260000,angle:-16.660000,distense:39.400000,rcs:19.000000
timestame:1619470839.566000000,objid:3,type:0,xpos:0.000000,ypos:0.000000,xspeed:2.860000,yspeed:1.860000,angle:-13.900000,distense:37.400000,rcs:25.000000
timestame:1619470839.566000000,objid:7,type:0,xpos:0.000000,ypos:0.000000,xspeed:13.110000,yspeed:0.270000,angle:2.340000,distense:197.600000,rcs:34.000000
