timestame:1619470533.541000000,objid:0,type:0,xpos:0.000000,ypos:0.000000,xspeed:7.900000,yspeed:0.080000,angle:18.930000,distense:19.800000,rcs:25.000000
timestame:1619470533.541000000,objid:2,type:0,xpos:0.000000,ypos:0.000000,xspeed:-8.200000,yspeed:0.200000,angle:-7.320000,distense:116.400000,rcs:9.000000
timestame:1619470533.541000000,objid:3,type:0,xpos:0.000000,ypos:0.000000,xspeed:-3.430000,yspeed:-4.630000,angle:-8.680000,distense:110.000000,rcs:12.000000
timestame:1619470533.541000000,objid:4,type:0,xpos:0.000000,ypos:0.000000,xspeed:5.530000,yspeed:0.000000,angle:-15.000000,distense:20.800000,rcs:13.000000
