timestame:1619470007.117000000,objid:8,type:0,xpos:0.000000,ypos:0.000000,xspeed:-3.760000,yspeed:-2.120000,angle:-18.000000,distense:31.200000,rcs:6.000000
timestame:1619470007.117000000,objid:9,type:0,xpos:0.000000,ypos:0.000000,xspeed:-2.120000,yspeed:-2.850000,angle:-18.000000,distense:34.200000,rcs:24.000000
timestame:1619470007.117000000,objid:11,type:0,xpos:0.000000,ypos:0.000000,xspeed:-3.080000,yspeed:-2.660000,angle:-18.000000,distense:31.800000,rcs:6.000000
