timestame:1619470486.902000000,objid:1,type:0,xpos:0.000000,ypos:0.000000,xspeed:-2.380000,yspeed:-0.250000,angle:-9.570000,distense:77.800000,rcs:12.000000
timestame:1619470486.902000000,objid:2,type:0,xpos:0.000000,ypos:0.000000,xspeed:1.600000,yspeed:-7.790000,angle:-8.290000,distense:66.200000,rcs:13.000000
timestame:1619470486.902000000,objid:4,type:0,xpos:0.000000,ypos:0.000000,xspeed:-1.610000,yspeed:-4.410000,angle:-18.000000,distense:38.800000,rcs:20.000000
timestame:1619470486.902000000,objid:5,type:0,xpos:0.000000,ypos:0.000000,xspeed:-2.270000,yspeed:-0.590000,angle:-18.000000,distense:35.400000,rcs:9.000000
