timestame:1619470489.154000000,objid:1,type:0,xpos:0.000000,ypos:0.000000,xspeed:-5.660000,yspeed:0.800000,angle:-18.000000,distense:37.600000,rcs:6.000000
timestame:1619470489.154000000,objid:4,type:0,xpos:0.000000,ypos:0.000000,xspeed:-1.640000,yspeed:3.140000,angle:-16.310000,distense:45.400000,rcs:23.000000
timestame:1619470489.154000000,objid:5,type:0,xpos:0.000000,ypos:0.000000,xspeed:-3.910000,yspeed:-2.720000,angle:-18.000000,distense:30.600000,rcs:13.000000
timestame:1619470489.154000000,objid:6,type:0,xpos:0.000000,ypos:0.000000,xspeed:-3.080000,yspeed:-4.190000,angle:-18.000000,distense:35.000000,rcs:20.000000
