timestame:1619470664.245000000,objid:0,type:0,xpos:0.000000,ypos:0.000000,xspeed:-1.440000,yspeed:0.090000,angle:-9.730000,distense:94.000000,rcs:19.000000
timestame:1619470664.245000000,objid:1,type:0,xpos:0.000000,ypos:0.000000,xspeed:3.150000,yspeed:-4.440000,angle:-18.000000,distense:53.200000,rcs:9.000000
timestame:1619470664.245000000,objid:3,type:0,xpos:0.000000,ypos:0.000000,xspeed:-1.450000,yspeed:-0.010000,angle:-7.890000,distense:105.800000,rcs:12.000000
