timestame:1619471224.742000000,objid:1,type:0,xpos:0.000000,ypos:0.000000,xspeed:5.950000,yspeed:-0.520000,angle:-5.370000,distense:36.600000,rcs:27.000000
timestame:1619471224.742000000,objid:6,type:0,xpos:0.000000,ypos:0.000000,xspeed:4.780000,yspeed:0.380000,angle:2.700000,distense:71.800000,rcs:6.000000
timestame:1619471224.742000000,objid:9,type:0,xpos:0.000000,ypos:0.000000,xspeed:4.930000,yspeed:0.170000,angle:2.680000,distense:53.400000,rcs:46.000000
