timestame:1619470551.348000000,objid:1,type:0,xpos:0.000000,ypos:0.000000,xspeed:1.500000,yspeed:-1.660000,angle:4.960000,distense:146.000000,rcs:6.000000
timestame:1619470551.348000000,objid:2,type:0,xpos:0.000000,ypos:0.000000,xspeed:-7.010000,yspeed:-0.980000,angle:-18.000000,distense:27.000000,rcs:12.000000
timestame:1619470551.348000000,objid:3,type:0,xpos:0.000000,ypos:0.000000,xspeed:3.280000,yspeed:3.040000,angle:6.860000,distense:170.800000,rcs:9.000000
timestame:1619470551.348000000,objid:16,type:0,xpos:0.000000,ypos:0.000000,xspeed:-5.870000,yspeed:-0.400000,angle:-18.000000,distense:24.200000,rcs:9.000000
