timestame:1619470117.626000000,objid:1,type:0,xpos:0.000000,ypos:0.000000,xspeed:-5.190000,yspeed:-3.390000,angle:11.930000,distense:32.600000,rcs:21.000000
timestame:1619470117.626000000,objid:3,type:0,xpos:0.000000,ypos:0.000000,xspeed:-8.140000,yspeed:-4.230000,angle:9.810000,distense:36.800000,rcs:12.000000
timestame:1619470117.626000000,objid:5,type:0,xpos:0.000000,ypos:0.000000,xspeed:-8.140000,yspeed:-0.580000,angle:16.540000,distense:24.600000,rcs:19.000000
timestame:1619470117.626000000,objid:10,type:0,xpos:0.000000,ypos:0.000000,xspeed:2.610000,yspeed:5.220000,angle:-5.500000,distense:45.400000,rcs:9.000000
