timestame:1619469683.954000000,objid:2,type:0,xpos:0.000000,ypos:0.000000,xspeed:-3.740000,yspeed:5.350000,angle:-18.000000,distense:52.400000,rcs:9.000000
timestame:1619469683.954000000,objid:4,type:0,xpos:0.000000,ypos:0.000000,xspeed:-6.200000,yspeed:1.220000,angle:-18.000000,distense:55.000000,rcs:12.000000
