timestame:1619471559.627000000,objid:3,type:0,xpos:0.000000,ypos:0.000000,xspeed:-1.950000,yspeed:-2.520000,angle:-3.300000,distense:37.200000,rcs:26.000000
timestame:1619471559.627000000,objid:6,type:0,xpos:0.000000,ypos:0.000000,xspeed:13.300000,yspeed:-6.140000,angle:-18.000000,distense:41.800000,rcs:9.000000
timestame:1619471559.627000000,objid:7,type:0,xpos:0.000000,ypos:0.000000,xspeed:-2.600000,yspeed:-1.380000,angle:-18.000000,distense:31.000000,rcs:9.000000
timestame:1619471559.627000000,objid:12,type:0,xpos:0.000000,ypos:0.000000,xspeed:2.570000,yspeed:2.340000,angle:-12.890000,distense:38.600000,rcs:9.000000
