timestame:1619471311.317000000,objid:0,type:0,xpos:0.000000,ypos:0.000000,xspeed:3.130000,yspeed:1.420000,angle:20.450000,distense:40.400000,rcs:9.000000
timestame:1619471311.317000000,objid:2,type:0,xpos:0.000000,ypos:0.000000,xspeed:3.390000,yspeed:2.440000,angle:-15.610000,distense:40.400000,rcs:15.000000
timestame:1619471311.317000000,objid:3,type:0,xpos:0.000000,ypos:0.000000,xspeed:3.560000,yspeed:1.870000,angle:-16.960000,distense:33.200000,rcs:25.000000
timestame:1619471311.317000000,objid:4,type:0,xpos:0.000000,ypos:0.000000,xspeed:-1.220000,yspeed:5.470000,angle:-6.170000,distense:38.400000,rcs:21.000000
