timestame:1619471370.942000000,objid:1,type:0,xpos:0.000000,ypos:0.000000,xspeed:8.620000,yspeed:-0.080000,angle:2.420000,distense:150.000000,rcs:6.000000
timestame:1619471370.942000000,objid:7,type:0,xpos:0.000000,ypos:0.000000,xspeed:10.680000,yspeed:0.190000,angle:1.500000,distense:196.000000,rcs:6.000000
