timestame:1619471231.367000000,objid:0,type:0,xpos:0.000000,ypos:0.000000,xspeed:6.630000,yspeed:0.050000,angle:1.920000,distense:104.400000,rcs:12.000000
timestame:1619471231.367000000,objid:1,type:0,xpos:0.000000,ypos:0.000000,xspeed:2.780000,yspeed:-5.470000,angle:-18.000000,distense:69.600000,rcs:6.000000
timestame:1619471231.367000000,objid:9,type:0,xpos:0.000000,ypos:0.000000,xspeed:6.800000,yspeed:0.000000,angle:1.760000,distense:96.200000,rcs:27.000000
