timestame:1619470568.148000000,objid:1,type:0,xpos:0.000000,ypos:0.000000,xspeed:4.200000,yspeed:2.630000,angle:-15.340000,distense:30.600000,rcs:22.000000
timestame:1619470568.148000000,objid:3,type:0,xpos:0.000000,ypos:0.000000,xspeed:15.190000,yspeed:0.090000,angle:1.080000,distense:168.000000,rcs:22.000000
timestame:1619470568.148000000,objid:8,type:0,xpos:0.000000,ypos:0.000000,xspeed:3.800000,yspeed:4.220000,angle:-9.570000,distense:44.800000,rcs:12.000000
