timestame:1619470737.287000000,objid:0,type:0,xpos:0.000000,ypos:0.000000,xspeed:-18.070000,yspeed:0.000000,angle:-3.790000,distense:159.800000,rcs:9.000000
timestame:1619470737.287000000,objid:1,type:0,xpos:0.000000,ypos:0.000000,xspeed:11.940000,yspeed:-0.130000,angle:1.250000,distense:113.800000,rcs:9.000000
timestame:1619470737.287000000,objid:2,type:0,xpos:0.000000,ypos:0.000000,xspeed:-1.190000,yspeed:-0.880000,angle:-5.940000,distense:49.000000,rcs:9.000000
timestame:1619470737.287000000,objid:6,type:0,xpos:0.000000,ypos:0.000000,xspeed:12.090000,yspeed:0.090000,angle:1.540000,distense:103.400000,rcs:38.000000
