timestame:1619470146.821000000,objid:0,type:0,xpos:0.000000,ypos:0.000000,xspeed:2.390000,yspeed:2.370000,angle:-15.060000,distense:38.600000,rcs:13.000000
timestame:1619470146.821000000,objid:1,type:0,xpos:0.000000,ypos:0.000000,xspeed:2.740000,yspeed:1.320000,angle:-17.840000,distense:24.400000,rcs:22.000000
timestame:1619470146.821000000,objid:2,type:0,xpos:0.000000,ypos:0.000000,xspeed:3.030000,yspeed:1.770000,angle:21.730000,distense:35.000000,rcs:6.000000
