timestame:1619470635.728000000,objid:2,type:0,xpos:0.000000,ypos:0.000000,xspeed:-2.020000,yspeed:0.040000,angle:-8.850000,distense:80.000000,rcs:12.000000
timestame:1619470635.728000000,objid:5,type:0,xpos:0.000000,ypos:0.000000,xspeed:-1.170000,yspeed:0.000000,angle:16.640000,distense:49.600000,rcs:24.000000
