timestame:1619470102.505000000,objid:3,type:0,xpos:0.000000,ypos:0.000000,xspeed:2.250000,yspeed:-12.260000,angle:-15.280000,distense:55.400000,rcs:16.000000
timestame:1619470102.505000000,objid:4,type:0,xpos:0.000000,ypos:0.000000,xspeed:-1.300000,yspeed:0.970000,angle:17.870000,distense:24.800000,rcs:18.000000
timestame:1619470102.505000000,objid:9,type:0,xpos:0.000000,ypos:0.000000,xspeed:2.490000,yspeed:-12.260000,angle:-14.760000,distense:54.800000,rcs:6.000000
timestame:1619470102.505000000,objid:11,type:0,xpos:0.000000,ypos:0.000000,xspeed:3.000000,yspeed:0.730000,angle:12.370000,distense:17.600000,rcs:26.000000
