timestame:1619470225.484000000,objid:7,type:0,xpos:0.000000,ypos:0.000000,xspeed:1.240000,yspeed:0.470000,angle:-9.960000,distense:50.600000,rcs:16.000000
timestame:1619470225.484000000,objid:9,type:0,xpos:0.000000,ypos:0.000000,xspeed:-2.060000,yspeed:6.410000,angle:20.420000,distense:38.200000,rcs:6.000000
timestame:1619470225.484000000,objid:11,type:0,xpos:0.000000,ypos:0.000000,xspeed:-1.510000,yspeed:5.640000,angle:20.870000,distense:39.000000,rcs:18.000000
timestame:1619470225.484000000,objid:14,type:0,xpos:0.000000,ypos:0.000000,xspeed:-1.010000,yspeed:7.760000,angle:-16.080000,distense:40.000000,rcs:9.000000
