timestame:1619471089.882000000,objid:0,type:0,xpos:0.000000,ypos:0.000000,xspeed:10.320000,yspeed:0.430000,angle:1.890000,distense:92.200000,rcs:18.000000
timestame:1619471089.882000000,objid:1,type:0,xpos:0.000000,ypos:0.000000,xspeed:9.790000,yspeed:0.600000,angle:6.910000,distense:44.000000,rcs:18.000000
timestame:1619471089.882000000,objid:2,type:0,xpos:0.000000,ypos:0.000000,xspeed:5.270000,yspeed:0.140000,angle:2.090000,distense:40.400000,rcs:48.000000
timestame:1619471089.882000000,objid:4,type:0,xpos:0.000000,ypos:0.000000,xspeed:-21.940000,yspeed:-0.940000,angle:-15.700000,distense:53.000000,rcs:9.000000
