timestame:1619470194.060000000,objid:1,type:0,xpos:0.000000,ypos:0.000000,xspeed:1.640000,yspeed:1.060000,angle:6.310000,distense:140.600000,rcs:21.000000
timestame:1619470194.060000000,objid:4,type:0,xpos:0.000000,ypos:0.000000,xspeed:-3.820000,yspeed:7.740000,angle:6.220000,distense:153.400000,rcs:6.000000
