timestame:1619470059.623000000,objid:0,type:0,xpos:0.000000,ypos:0.000000,xspeed:-12.280000,yspeed:0.180000,angle:-4.980000,distense:84.200000,rcs:12.000000
timestame:1619470059.623000000,objid:1,type:0,xpos:0.000000,ypos:0.000000,xspeed:-17.150000,yspeed:2.250000,angle:-4.960000,distense:180.800000,rcs:12.000000
timestame:1619470059.623000000,objid:3,type:0,xpos:0.000000,ypos:0.000000,xspeed:-17.220000,yspeed:2.260000,angle:-3.740000,distense:176.600000,rcs:13.000000
timestame:1619470059.623000000,objid:5,type:0,xpos:0.000000,ypos:0.000000,xspeed:9.480000,yspeed:0.430000,angle:2.810000,distense:182.200000,rcs:26.000000
