timestame:1619470074.882000000,objid:3,type:0,xpos:0.000000,ypos:0.000000,xspeed:-1.350000,yspeed:2.330000,angle:22.650000,distense:47.600000,rcs:19.000000
timestame:1619470074.882000000,objid:4,type:0,xpos:0.000000,ypos:0.000000,xspeed:-1.190000,yspeed:1.880000,angle:-14.040000,distense:42.800000,rcs:18.000000
timestame:1619470074.882000000,objid:8,type:0,xpos:0.000000,ypos:0.000000,xspeed:1.320000,yspeed:3.130000,angle:-3.780000,distense:45.200000,rcs:6.000000
