timestame:1619471226.842000000,objid:0,type:0,xpos:0.000000,ypos:0.000000,xspeed:6.500000,yspeed:0.190000,angle:2.050000,distense:75.600000,rcs:19.000000
timestame:1619471226.842000000,objid:1,type:0,xpos:0.000000,ypos:0.000000,xspeed:5.280000,yspeed:-2.590000,angle:-11.660000,distense:48.200000,rcs:21.000000
timestame:1619471226.842000000,objid:9,type:0,xpos:0.000000,ypos:0.000000,xspeed:5.400000,yspeed:0.220000,angle:2.470000,distense:65.200000,rcs:39.000000
