timestame:1619471148.035000000,objid:4,type:0,xpos:0.000000,ypos:0.000000,xspeed:-14.520000,yspeed:8.340000,angle:-7.530000,distense:42.600000,rcs:15.000000
timestame:1619471148.035000000,objid:5,type:0,xpos:0.000000,ypos:0.000000,xspeed:-1.250000,yspeed:6.190000,angle:7.630000,distense:40.800000,rcs:26.000000
timestame:1619471148.035000000,objid:9,type:0,xpos:0.000000,ypos:0.000000,xspeed:-1.640000,yspeed:6.020000,angle:3.190000,distense:40.800000,rcs:15.000000
