timestame:1619471519.850000000,objid:7,type:0,xpos:0.000000,ypos:0.000000,xspeed:16.680000,yspeed:0.270000,angle:1.440000,distense:212.400000,rcs:15.000000
timestame:1619471519.850000000,objid:10,type:0,xpos:0.000000,ypos:0.000000,xspeed:16.610000,yspeed:0.370000,angle:1.440000,distense:201.800000,rcs:22.000000
