timestame:1619469823.837000000,objid:2,type:0,xpos:0.000000,ypos:0.000000,xspeed:-1.900000,yspeed:-3.860000,angle:-17.590000,distense:40.400000,rcs:22.000000
timestame:1619469823.837000000,objid:11,type:0,xpos:0.000000,ypos:0.000000,xspeed:-3.800000,yspeed:0.100000,angle:-6.140000,distense:132.400000,rcs:12.000000
