timestame:1619470644.965000000,objid:2,type:0,xpos:0.000000,ypos:0.000000,xspeed:-6.290000,yspeed:-0.230000,angle:-5.500000,distense:156.600000,rcs:18.000000
timestame:1619470644.965000000,objid:5,type:0,xpos:0.000000,ypos:0.000000,xspeed:5.150000,yspeed:0.960000,angle:19.520000,distense:54.400000,rcs:6.000000
timestame:1619470644.965000000,objid:8,type:0,xpos:0.000000,ypos:0.000000,xspeed:-1.850000,yspeed:-2.890000,angle:8.870000,distense:85.400000,rcs:15.000000
