timestame:1619470463.763000000,objid:0,type:0,xpos:0.000000,ypos:0.000000,xspeed:-13.880000,yspeed:-0.630000,angle:-13.960000,distense:54.800000,rcs:19.000000
timestame:1619470463.763000000,objid:2,type:0,xpos:0.000000,ypos:0.000000,xspeed:6.060000,yspeed:0.020000,angle:3.050000,distense:198.000000,rcs:13.000000
