timestame:1619471452.046000000,objid:3,type:0,xpos:0.000000,ypos:0.000000,xspeed:-2.230000,yspeed:-0.190000,angle:-6.630000,distense:100.800000,rcs:13.000000
timestame:1619471452.046000000,objid:11,type:0,xpos:0.000000,ypos:0.000000,xspeed:-1.450000,yspeed:0.300000,angle:-7.440000,distense:93.400000,rcs:12.000000
timestame:1619471452.046000000,objid:13,type:0,xpos:0.000000,ypos:0.000000,xspeed:-3.840000,yspeed:-0.180000,angle:22.400000,distense:34.400000,rcs:9.000000
