timestame:1619470460.286000000,objid:0,type:0,xpos:0.000000,ypos:0.000000,xspeed:-17.510000,yspeed:-3.470000,angle:-7.430000,distense:102.000000,rcs:6.000000
timestame:1619470460.286000000,objid:2,type:0,xpos:0.000000,ypos:0.000000,xspeed:5.800000,yspeed:-0.110000,angle:3.240000,distense:176.800000,rcs:20.000000
