timestame:1619469559.472000000,objid:2,type:0,xpos:0.000000,ypos:0.000000,xspeed:-1.030000,yspeed:4.510000,angle:7.370000,distense:34.200000,rcs:9.000000
timestame:1619469559.472000000,objid:13,type:0,xpos:0.000000,ypos:0.000000,xspeed:1.860000,yspeed:-9.030000,angle:-18.000000,distense:60.000000,rcs:6.000000
timestame:1619469559.472000000,objid:14,type:0,xpos:0.000000,ypos:0.000000,xspeed:-4.070000,yspeed:11.290000,angle:-3.910000,distense:48.000000,rcs:6.000000
