timestame:1619469854.620000000,objid:0,type:0,xpos:0.000000,ypos:0.000000,xspeed:3.540000,yspeed:-4.100000,angle:1.370000,distense:50.600000,rcs:12.000000
timestame:1619469854.620000000,objid:4,type:0,xpos:0.000000,ypos:0.000000,xspeed:-1.010000,yspeed:13.120000,angle:-11.230000,distense:50.400000,rcs:12.000000
timestame:1619469854.620000000,objid:10,type:0,xpos:0.000000,ypos:0.000000,xspeed:-11.510000,yspeed:-0.100000,angle:-4.510000,distense:144.200000,rcs:16.000000
