timestame:1619469528.805000000,objid:1,type:0,xpos:0.000000,ypos:0.000000,xspeed:1.700000,yspeed:-3.220000,angle:-18.000000,distense:65.600000,rcs:21.000000
timestame:1619469528.805000000,objid:2,type:0,xpos:0.000000,ypos:0.000000,xspeed:2.770000,yspeed:-3.480000,angle:-18.000000,distense:66.800000,rcs:9.000000
timestame:1619469528.805000000,objid:4,type:0,xpos:0.000000,ypos:0.000000,xspeed:2.290000,yspeed:-6.820000,angle:-18.000000,distense:71.200000,rcs:9.000000
timestame:1619469528.805000000,objid:11,type:0,xpos:0.000000,ypos:0.000000,xspeed:1.340000,yspeed:-4.660000,angle:-18.000000,distense:76.800000,rcs:6.000000
