timestame:1619470375.145000000,objid:1,type:0,xpos:0.000000,ypos:0.000000,xspeed:-1.560000,yspeed:-3.210000,angle:-18.000000,distense:37.600000,rcs:26.000000
timestame:1619470375.145000000,objid:8,type:0,xpos:0.000000,ypos:0.000000,xspeed:3.050000,yspeed:3.330000,angle:3.130000,distense:64.200000,rcs:13.000000
timestame:1619470375.145000000,objid:18,type:0,xpos:0.000000,ypos:0.000000,xspeed:-7.500000,yspeed:0.010000,angle:-7.380000,distense:90.600000,rcs:12.000000
