timestame:1619470773.923000000,objid:0,type:0,xpos:0.000000,ypos:0.000000,xspeed:-9.450000,yspeed:-0.160000,angle:-7.310000,distense:117.200000,rcs:18.000000
timestame:1619470773.923000000,objid:2,type:0,xpos:0.000000,ypos:0.000000,xspeed:17.710000,yspeed:0.560000,angle:1.480000,distense:151.400000,rcs:12.000000
