timestame:1619470048.615000000,objid:0,type:0,xpos:0.000000,ypos:0.000000,xspeed:6.680000,yspeed:0.060000,angle:4.030000,distense:95.400000,rcs:12.000000
timestame:1619470048.615000000,objid:5,type:0,xpos:0.000000,ypos:0.000000,xspeed:6.800000,yspeed:0.060000,angle:4.320000,distense:86.000000,rcs:31.000000
