timestame:1619470059.937000000,objid:0,type:0,xpos:0.000000,ypos:0.000000,xspeed:-12.030000,yspeed:0.030000,angle:-5.340000,distense:80.800000,rcs:21.000000
timestame:1619470059.937000000,objid:1,type:0,xpos:0.000000,ypos:0.000000,xspeed:-20.120000,yspeed:8.040000,angle:-4.510000,distense:174.600000,rcs:6.000000
timestame:1619470059.937000000,objid:3,type:0,xpos:0.000000,ypos:0.000000,xspeed:-17.220000,yspeed:2.260000,angle:-3.630000,distense:171.400000,rcs:13.000000
timestame:1619470059.937000000,objid:5,type:0,xpos:0.000000,ypos:0.000000,xspeed:9.580000,yspeed:0.480000,angle:2.850000,distense:185.200000,rcs:18.000000
