timestame:1619471084.412000000,objid:4,type:0,xpos:0.000000,ypos:0.000000,xspeed:4.360000,yspeed:0.150000,angle:1.520000,distense:38.200000,rcs:31.000000
timestame:1619471084.412000000,objid:10,type:0,xpos:0.000000,ypos:0.000000,xspeed:5.900000,yspeed:0.480000,angle:2.340000,distense:55.400000,rcs:6.000000
timestame:1619471084.412000000,objid:11,type:0,xpos:0.000000,ypos:0.000000,xspeed:1.330000,yspeed:0.020000,angle:2.580000,distense:15.800000,rcs:44.000000
