timestame:1619470596.782000000,objid:1,type:0,xpos:0.000000,ypos:0.000000,xspeed:5.510000,yspeed:3.170000,angle:-14.690000,distense:36.600000,rcs:22.000000
timestame:1619470596.782000000,objid:3,type:0,xpos:0.000000,ypos:0.000000,xspeed:-3.470000,yspeed:1.330000,angle:7.250000,distense:174.400000,rcs:6.000000
timestame:1619470596.782000000,objid:5,type:0,xpos:0.000000,ypos:0.000000,xspeed:4.680000,yspeed:4.280000,angle:-10.690000,distense:47.200000,rcs:12.000000
