timestame:1619471097.508000000,objid:2,type:0,xpos:0.000000,ypos:0.000000,xspeed:8.690000,yspeed:-0.030000,angle:1.200000,distense:101.400000,rcs:38.000000
timestame:1619471097.508000000,objid:3,type:0,xpos:0.000000,ypos:0.000000,xspeed:-17.920000,yspeed:-1.070000,angle:-13.700000,distense:55.600000,rcs:27.000000
