timestame:1619469619.132000000,objid:1,type:0,xpos:0.000000,ypos:0.000000,xspeed:-2.000000,yspeed:0.060000,angle:-13.150000,distense:72.800000,rcs:19.000000
timestame:1619469619.132000000,objid:3,type:0,xpos:0.000000,ypos:0.000000,xspeed:-1.570000,yspeed:-0.130000,angle:-10.930000,distense:86.600000,rcs:21.000000
timestame:1619469619.132000000,objid:4,type:0,xpos:0.000000,ypos:0.000000,xspeed:-17.080000,yspeed:1.790000,angle:-4.390000,distense:124.800000,rcs:12.000000
