timestame:1619470737.662000000,objid:0,type:0,xpos:0.000000,ypos:0.000000,xspeed:-17.910000,yspeed:-4.430000,angle:-4.510000,distense:153.000000,rcs:13.000000
timestame:1619470737.662000000,objid:1,type:0,xpos:0.000000,ypos:0.000000,xspeed:11.850000,yspeed:-0.070000,angle:1.250000,distense:118.000000,rcs:12.000000
timestame:1619470737.662000000,objid:6,type:0,xpos:0.000000,ypos:0.000000,xspeed:12.070000,yspeed:0.050000,angle:1.450000,distense:107.600000,rcs:30.000000
