timestame:1619469789.863000000,objid:1,type:0,xpos:0.000000,ypos:0.000000,xspeed:-16.280000,yspeed:-0.700000,angle:-18.000000,distense:47.800000,rcs:32.000000
timestame:1619469789.863000000,objid:4,type:0,xpos:0.000000,ypos:0.000000,xspeed:-16.690000,yspeed:-0.650000,angle:-18.000000,distense:38.800000,rcs:19.000000
