timestame:1619469637.181000000,objid:1,type:0,xpos:0.000000,ypos:0.000000,xspeed:3.540000,yspeed:1.780000,angle:-15.310000,distense:23.000000,rcs:27.000000
timestame:1619469637.181000000,objid:3,type:0,xpos:0.000000,ypos:0.000000,xspeed:-4.340000,yspeed:4.690000,angle:12.280000,distense:42.400000,rcs:19.000000
timestame:1619469637.181000000,objid:4,type:0,xpos:0.000000,ypos:0.000000,xspeed:3.200000,yspeed:2.650000,angle:-13.300000,distense:36.600000,rcs:20.000000
timestame:1619469637.181000000,objid:8,type:0,xpos:0.000000,ypos:0.000000,xspeed:4.210000,yspeed:4.700000,angle:22.210000,distense:23.800000,rcs:23.000000
