timestame:1619470978.907000000,objid:0,type:0,xpos:0.000000,ypos:0.000000,xspeed:7.210000,yspeed:-0.230000,angle:2.320000,distense:141.600000,rcs:26.000000
timestame:1619470978.907000000,objid:1,type:0,xpos:0.000000,ypos:0.000000,xspeed:-17.340000,yspeed:-2.260000,angle:-3.610000,distense:160.200000,rcs:18.000000
timestame:1619470978.907000000,objid:2,type:0,xpos:0.000000,ypos:0.000000,xspeed:-16.160000,yspeed:-1.170000,angle:-4.230000,distense:158.600000,rcs:20.000000
timestame:1619470978.907000000,objid:5,type:0,xpos:0.000000,ypos:0.000000,xspeed:-18.940000,yspeed:0.110000,angle:-12.520000,distense:69.400000,rcs:6.000000
