timestame:1619470990.353000000,objid:3,type:0,xpos:0.000000,ypos:0.000000,xspeed:5.230000,yspeed:-0.260000,angle:7.070000,distense:103.600000,rcs:6.000000
timestame:1619470990.353000000,objid:4,type:0,xpos:0.000000,ypos:0.000000,xspeed:-13.470000,yspeed:-0.480000,angle:-15.690000,distense:51.400000,rcs:13.000000
