timestame:1619471251.464000000,objid:1,type:0,xpos:0.000000,ypos:0.000000,xspeed:1.790000,yspeed:2.930000,angle:0.360000,distense:75.400000,rcs:6.000000
timestame:1619471251.464000000,objid:3,type:0,xpos:0.000000,ypos:0.000000,xspeed:-17.180000,yspeed:-1.410000,angle:-5.300000,distense:158.400000,rcs:13.000000
