timestame:1619471097.570000000,objid:2,type:0,xpos:0.000000,ypos:0.000000,xspeed:8.710000,yspeed:-0.020000,angle:1.210000,distense:102.000000,rcs:32.000000
timestame:1619471097.570000000,objid:3,type:0,xpos:0.000000,ypos:0.000000,xspeed:-17.730000,yspeed:-1.220000,angle:-14.130000,distense:54.800000,rcs:22.000000
