timestame:1619469787.392000000,objid:1,type:0,xpos:0.000000,ypos:0.000000,xspeed:-15.900000,yspeed:0.240000,angle:-9.690000,distense:86.200000,rcs:20.000000
timestame:1619469787.392000000,objid:2,type:0,xpos:0.000000,ypos:0.000000,xspeed:16.920000,yspeed:0.290000,angle:1.070000,distense:218.400000,rcs:12.000000
timestame:1619469787.392000000,objid:4,type:0,xpos:0.000000,ypos:0.000000,xspeed:-16.910000,yspeed:-0.410000,angle:-12.020000,distense:76.800000,rcs:20.000000
timestame:1619469787.392000000,objid:10,type:0,xpos:0.000000,ypos:0.000000,xspeed:17.060000,yspeed:0.220000,angle:1.130000,distense:206.200000,rcs:33.000000
