timestame:1619470952.944000000,objid:0,type:0,xpos:0.000000,ypos:0.000000,xspeed:5.110000,yspeed:0.030000,angle:0.960000,distense:36.400000,rcs:45.000000
timestame:1619470952.944000000,objid:5,type:0,xpos:0.000000,ypos:0.000000,xspeed:-4.080000,yspeed:0.000000,angle:15.990000,distense:27.600000,rcs:12.000000
timestame:1619470952.944000000,objid:10,type:0,xpos:0.000000,ypos:0.000000,xspeed:4.220000,yspeed:-0.290000,angle:1.730000,distense:21.400000,rcs:20.000000
