timestame:1619470332.272000000,objid:0,type:0,xpos:0.000000,ypos:0.000000,xspeed:16.610000,yspeed:-0.290000,angle:0.220000,distense:215.800000,rcs:19.000000
timestame:1619470332.272000000,objid:4,type:0,xpos:0.000000,ypos:0.000000,xspeed:-1.360000,yspeed:0.910000,angle:16.400000,distense:65.400000,rcs:6.000000
