timestame:1619469979.563000000,objid:1,type:0,xpos:0.000000,ypos:0.000000,xspeed:-1.460000,yspeed:-4.850000,angle:-3.570000,distense:40.000000,rcs:34.000000
timestame:1619469979.563000000,objid:13,type:0,xpos:0.000000,ypos:0.000000,xspeed:-1.110000,yspeed:-2.920000,angle:-12.900000,distense:38.600000,rcs:36.000000
timestame:1619469979.563000000,objid:18,type:0,xpos:0.000000,ypos:0.000000,xspeed:2.220000,yspeed:-9.460000,angle:-18.000000,distense:66.400000,rcs:12.000000
