timestame:1619470964.615000000,objid:0,type:0,xpos:0.000000,ypos:0.000000,xspeed:3.990000,yspeed:0.150000,angle:6.210000,distense:54.600000,rcs:35.000000
timestame:1619470964.615000000,objid:1,type:0,xpos:0.000000,ypos:0.000000,xspeed:11.100000,yspeed:4.590000,angle:1.410000,distense:130.800000,rcs:6.000000
timestame:1619470964.615000000,objid:6,type:0,xpos:0.000000,ypos:0.000000,xspeed:10.620000,yspeed:0.480000,angle:2.020000,distense:109.800000,rcs:30.000000
timestame:1619470964.615000000,objid:12,type:0,xpos:0.000000,ypos:0.000000,xspeed:2.990000,yspeed:-0.070000,angle:4.790000,distense:62.400000,rcs:6.000000
