timestame:1619470775.912000000,objid:0,type:0,xpos:0.000000,ypos:0.000000,xspeed:17.750000,yspeed:4.670000,angle:1.580000,distense:188.400000,rcs:12.000000
timestame:1619470775.912000000,objid:1,type:0,xpos:0.000000,ypos:0.000000,xspeed:-7.830000,yspeed:-1.220000,angle:-8.600000,distense:106.000000,rcs:16.000000
