timestame:1619470465.057000000,objid:0,type:0,xpos:0.000000,ypos:0.000000,xspeed:-13.460000,yspeed:-0.660000,angle:-18.000000,distense:39.400000,rcs:24.000000
timestame:1619470465.057000000,objid:2,type:0,xpos:0.000000,ypos:0.000000,xspeed:5.820000,yspeed:0.130000,angle:3.050000,distense:205.000000,rcs:9.000000
