timestame:1619470032.641000000,objid:1,type:0,xpos:0.000000,ypos:0.000000,xspeed:7.440000,yspeed:0.350000,angle:2.480000,distense:53.800000,rcs:35.000000
timestame:1619470032.641000000,objid:4,type:0,xpos:0.000000,ypos:0.000000,xspeed:12.100000,yspeed:0.210000,angle:1.830000,distense:87.800000,rcs:18.000000
timestame:1619470032.641000000,objid:7,type:0,xpos:0.000000,ypos:0.000000,xspeed:1.240000,yspeed:-0.420000,angle:6.910000,distense:22.600000,rcs:24.000000
