timestame:1619470699.585000000,objid:1,type:0,xpos:0.000000,ypos:0.000000,xspeed:8.540000,yspeed:0.240000,angle:4.360000,distense:92.000000,rcs:21.000000
timestame:1619470699.585000000,objid:2,type:0,xpos:0.000000,ypos:0.000000,xspeed:-8.410000,yspeed:11.290000,angle:-9.090000,distense:108.800000,rcs:6.000000
