timestame:1619471369.054000000,objid:1,type:0,xpos:0.000000,ypos:0.000000,xspeed:8.040000,yspeed:-0.030000,angle:2.830000,distense:133.000000,rcs:20.000000
timestame:1619471369.054000000,objid:7,type:0,xpos:0.000000,ypos:0.000000,xspeed:11.310000,yspeed:0.290000,angle:1.590000,distense:176.200000,rcs:12.000000
