timestame:1619469947.676000000,objid:3,type:0,xpos:0.000000,ypos:0.000000,xspeed:1.420000,yspeed:0.100000,angle:0.860000,distense:18.200000,rcs:20.000000
timestame:1619469947.676000000,objid:4,type:0,xpos:0.000000,ypos:0.000000,xspeed:-1.820000,yspeed:-12.200000,angle:5.860000,distense:48.000000,rcs:12.000000
timestame:1619469947.676000000,objid:8,type:0,xpos:0.000000,ypos:0.000000,xspeed:-3.890000,yspeed:13.110000,angle:-18.000000,distense:51.200000,rcs:16.000000
