timestame:1619469637.058000000,objid:1,type:0,xpos:0.000000,ypos:0.000000,xspeed:3.500000,yspeed:1.590000,angle:-15.700000,distense:22.400000,rcs:26.000000
timestame:1619469637.058000000,objid:3,type:0,xpos:0.000000,ypos:0.000000,xspeed:-4.410000,yspeed:4.550000,angle:11.130000,distense:42.600000,rcs:24.000000
timestame:1619469637.058000000,objid:4,type:0,xpos:0.000000,ypos:0.000000,xspeed:3.230000,yspeed:2.640000,angle:-13.530000,distense:36.200000,rcs:15.000000
timestame:1619469637.058000000,objid:8,type:0,xpos:0.000000,ypos:0.000000,xspeed:3.890000,yspeed:8.310000,angle:22.800000,distense:23.200000,rcs:19.000000
