timestame:1619469580.005000000,objid:1,type:0,xpos:0.000000,ypos:0.000000,xspeed:-6.050000,yspeed:-0.570000,angle:-8.360000,distense:107.600000,rcs:12.000000
timestame:1619469580.005000000,objid:3,type:0,xpos:0.000000,ypos:0.000000,xspeed:-6.190000,yspeed:-0.150000,angle:-9.400000,distense:97.200000,rcs:16.000000
timestame:1619469580.005000000,objid:5,type:0,xpos:0.000000,ypos:0.000000,xspeed:-6.140000,yspeed:-0.080000,angle:-9.630000,distense:94.200000,rcs:13.000000
