timestame:1619469914.346000000,objid:1,type:0,xpos:0.000000,ypos:0.000000,xspeed:5.000000,yspeed:0.020000,angle:1.620000,distense:96.800000,rcs:24.000000
timestame:1619469914.346000000,objid:2,type:0,xpos:0.000000,ypos:0.000000,xspeed:12.650000,yspeed:0.340000,angle:2.580000,distense:184.600000,rcs:16.000000
timestame:1619469914.346000000,objid:8,type:0,xpos:0.000000,ypos:0.000000,xspeed:5.020000,yspeed:-0.180000,angle:1.610000,distense:90.000000,rcs:29.000000
