timestame:1619470290.058000000,objid:2,type:0,xpos:0.000000,ypos:0.000000,xspeed:-12.090000,yspeed:-0.320000,angle:-13.180000,distense:69.600000,rcs:28.000000
timestame:1619470290.058000000,objid:5,type:0,xpos:0.000000,ypos:0.000000,xspeed:-6.200000,yspeed:-0.410000,angle:-18.000000,distense:26.200000,rcs:9.000000
timestame:1619470290.058000000,objid:7,type:0,xpos:0.000000,ypos:0.000000,xspeed:-5.570000,yspeed:-0.250000,angle:-18.000000,distense:23.400000,rcs:6.000000
