timestame:1619469482.630000000,objid:0,type:0,xpos:0.000000,ypos:0.000000,xspeed:-1.150000,yspeed:-0.180000,angle:-11.850000,distense:79.000000,rcs:31.000000
timestame:1619469482.630000000,objid:1,type:0,xpos:0.000000,ypos:0.000000,xspeed:-4.340000,yspeed:-2.730000,angle:-12.510000,distense:80.600000,rcs:19.000000
timestame:1619469482.630000000,objid:3,type:0,xpos:0.000000,ypos:0.000000,xspeed:3.890000,yspeed:0.130000,angle:13.180000,distense:13.600000,rcs:22.000000
timestame:1619469482.630000000,objid:7,type:0,xpos:0.000000,ypos:0.000000,xspeed:-2.460000,yspeed:-0.050000,angle:-10.180000,distense:91.200000,rcs:13.000000
