timestame:1619470075.193000000,objid:3,type:0,xpos:0.000000,ypos:0.000000,xspeed:-1.530000,yspeed:2.490000,angle:-16.840000,distense:47.200000,rcs:13.000000
timestame:1619470075.193000000,objid:4,type:0,xpos:0.000000,ypos:0.000000,xspeed:-1.080000,yspeed:1.770000,angle:-13.550000,distense:42.800000,rcs:24.000000
