timestame:1619470051.902000000,objid:0,type:0,xpos:0.000000,ypos:0.000000,xspeed:7.370000,yspeed:-0.160000,angle:2.990000,distense:119.400000,rcs:6.000000
timestame:1619470051.902000000,objid:5,type:0,xpos:0.000000,ypos:0.000000,xspeed:7.370000,yspeed:0.050000,angle:3.560000,distense:109.800000,rcs:26.000000
