timestame:1619469633.132000000,objid:1,type:0,xpos:0.000000,ypos:0.000000,xspeed:-14.840000,yspeed:-2.960000,angle:10.920000,distense:5.600000,rcs:6.000000
timestame:1619469633.132000000,objid:4,type:0,xpos:0.000000,ypos:0.000000,xspeed:4.950000,yspeed:0.000000,angle:18.870000,distense:20.200000,rcs:15.000000
timestame:1619469633.132000000,objid:6,type:0,xpos:0.000000,ypos:0.000000,xspeed:-9.010000,yspeed:0.020000,angle:-8.010000,distense:58.200000,rcs:19.000000
