timestame:1619470560.778000000,objid:0,type:0,xpos:0.000000,ypos:0.000000,xspeed:5.130000,yspeed:-0.390000,angle:2.740000,distense:195.200000,rcs:6.000000
timestame:1619470560.778000000,objid:1,type:0,xpos:0.000000,ypos:0.000000,xspeed:5.360000,yspeed:-0.060000,angle:4.420000,distense:186.600000,rcs:15.000000
timestame:1619470560.778000000,objid:3,type:0,xpos:0.000000,ypos:0.000000,xspeed:8.610000,yspeed:0.150000,angle:1.800000,distense:69.400000,rcs:36.000000
