timestame:1619469709.168000000,objid:3,type:0,xpos:0.000000,ypos:0.000000,xspeed:11.140000,yspeed:-3.150000,angle:5.740000,distense:82.800000,rcs:9.000000
timestame:1619469709.168000000,objid:4,type:0,xpos:0.000000,ypos:0.000000,xspeed:-2.890000,yspeed:-4.440000,angle:-18.000000,distense:36.800000,rcs:19.000000
timestame:1619469709.168000000,objid:5,type:0,xpos:0.000000,ypos:0.000000,xspeed:-3.790000,yspeed:-2.450000,angle:-18.000000,distense:33.600000,rcs:16.000000
timestame:1619469709.168000000,objid:7,type:0,xpos:0.000000,ypos:0.000000,xspeed:-7.270000,yspeed:-3.100000,angle:-18.000000,distense:34.400000,rcs:23.000000
