timestame:1619470770.810000000,objid:0,type:0,xpos:0.000000,ypos:0.000000,xspeed:-10.890000,yspeed:-0.310000,angle:-5.880000,distense:145.600000,rcs:15.000000
timestame:1619470770.810000000,objid:1,type:0,xpos:0.000000,ypos:0.000000,xspeed:12.500000,yspeed:0.260000,angle:1.950000,distense:98.600000,rcs:19.000000
timestame:1619470770.810000000,objid:2,type:0,xpos:0.000000,ypos:0.000000,xspeed:-11.100000,yspeed:1.060000,angle:-6.120000,distense:142.200000,rcs:12.000000
