timestame:1619470046.069000000,objid:0,type:0,xpos:0.000000,ypos:0.000000,xspeed:6.570000,yspeed:0.000000,angle:4.440000,distense:78.000000,rcs:16.000000
timestame:1619470046.069000000,objid:3,type:0,xpos:0.000000,ypos:0.000000,xspeed:14.580000,yspeed:0.040000,angle:1.130000,distense:191.600000,rcs:15.000000
timestame:1619470046.069000000,objid:5,type:0,xpos:0.000000,ypos:0.000000,xspeed:6.410000,yspeed:0.390000,angle:5.500000,distense:68.200000,rcs:31.000000
