timestame:1619471253.070000000,objid:1,type:0,xpos:0.000000,ypos:0.000000,xspeed:2.760000,yspeed:2.990000,angle:3.870000,distense:80.600000,rcs:6.000000
timestame:1619471253.070000000,objid:3,type:0,xpos:0.000000,ypos:0.000000,xspeed:-16.680000,yspeed:-0.270000,angle:-6.230000,distense:131.600000,rcs:15.000000
