timestame:1619470342.948000000,objid:2,type:0,xpos:0.000000,ypos:0.000000,xspeed:-1.880000,yspeed:-3.210000,angle:21.540000,distense:42.400000,rcs:28.000000
timestame:1619470342.948000000,objid:3,type:0,xpos:0.000000,ypos:0.000000,xspeed:1.700000,yspeed:4.170000,angle:-14.750000,distense:51.600000,rcs:15.000000
timestame:1619470342.948000000,objid:6,type:0,xpos:0.000000,ypos:0.000000,xspeed:-2.660000,yspeed:5.480000,angle:-18.000000,distense:38.000000,rcs:6.000000
