timestame:1619470756.911000000,objid:2,type:0,xpos:0.000000,ypos:0.000000,xspeed:-1.980000,yspeed:-0.980000,angle:-18.000000,distense:31.600000,rcs:15.000000
timestame:1619470756.911000000,objid:3,type:0,xpos:0.000000,ypos:0.000000,xspeed:2.800000,yspeed:-10.660000,angle:-0.730000,distense:46.400000,rcs:15.000000
timestame:1619470756.911000000,objid:10,type:0,xpos:0.000000,ypos:0.000000,xspeed:-3.350000,yspeed:-0.760000,angle:-18.000000,distense:27.200000,rcs:6.000000
timestame:1619470756.911000000,objid:11,type:0,xpos:0.000000,ypos:0.000000,xspeed:-2.650000,yspeed:0.080000,angle:-18.000000,distense:25.400000,rcs:13.000000
