timestame:1619471533.883000000,objid:2,type:0,xpos:0.000000,ypos:0.000000,xspeed:-14.290000,yspeed:-4.360000,angle:-4.400000,distense:166.800000,rcs:16.000000
timestame:1619471533.883000000,objid:4,type:0,xpos:0.000000,ypos:0.000000,xspeed:-12.850000,yspeed:-1.350000,angle:-3.870000,distense:171.200000,rcs:16.000000
timestame:1619471533.883000000,objid:6,type:0,xpos:0.000000,ypos:0.000000,xspeed:2.620000,yspeed:2.170000,angle:13.070000,distense:47.600000,rcs:16.000000
timestame:1619471533.883000000,objid:7,type:0,xpos:0.000000,ypos:0.000000,xspeed:4.360000,yspeed:4.310000,angle:9.950000,distense:43.400000,rcs:32.000000
