timestame:1619470480.459000000,objid:0,type:0,xpos:0.000000,ypos:0.000000,xspeed:-7.120000,yspeed:-0.390000,angle:-7.590000,distense:93.000000,rcs:19.000000
timestame:1619470480.459000000,objid:1,type:0,xpos:0.000000,ypos:0.000000,xspeed:-5.110000,yspeed:0.840000,angle:-6.510000,distense:97.000000,rcs:21.000000
timestame:1619470480.459000000,objid:2,type:0,xpos:0.000000,ypos:0.000000,xspeed:1.710000,yspeed:-0.400000,angle:11.360000,distense:80.000000,rcs:6.000000
timestame:1619470480.459000000,objid:6,type:0,xpos:0.000000,ypos:0.000000,xspeed:-4.670000,yspeed:0.000000,angle:-6.580000,distense:103.000000,rcs:12.000000
