timestame:1619470117.810000000,objid:1,type:0,xpos:0.000000,ypos:0.000000,xspeed:-2.570000,yspeed:1.690000,angle:12.670000,distense:32.600000,rcs:20.000000
timestame:1619470117.810000000,objid:3,type:0,xpos:0.000000,ypos:0.000000,xspeed:-8.140000,yspeed:-4.230000,angle:9.010000,distense:35.400000,rcs:12.000000
timestame:1619470117.810000000,objid:5,type:0,xpos:0.000000,ypos:0.000000,xspeed:-8.020000,yspeed:-0.660000,angle:16.920000,distense:23.400000,rcs:16.000000
timestame:1619470117.810000000,objid:10,type:0,xpos:0.000000,ypos:0.000000,xspeed:2.360000,yspeed:5.390000,angle:-4.280000,distense:46.200000,rcs:6.000000
