timestame:1619471220.532000000,objid:0,type:0,xpos:0.000000,ypos:0.000000,xspeed:2.380000,yspeed:2.750000,angle:1.960000,distense:54.200000,rcs:9.000000
timestame:1619471220.532000000,objid:6,type:0,xpos:0.000000,ypos:0.000000,xspeed:3.620000,yspeed:0.340000,angle:2.530000,distense:52.000000,rcs:13.000000
timestame:1619471220.532000000,objid:9,type:0,xpos:0.000000,ypos:0.000000,xspeed:3.720000,yspeed:0.140000,angle:2.520000,distense:33.400000,rcs:43.000000
timestame:1619471220.532000000,objid:10,type:0,xpos:0.000000,ypos:0.000000,xspeed:3.620000,yspeed:0.610000,angle:1.800000,distense:42.400000,rcs:18.000000
