timestame:1619470011.840000000,objid:0,type:0,xpos:0.000000,ypos:0.000000,xspeed:-1.900000,yspeed:-1.530000,angle:-18.000000,distense:34.800000,rcs:24.000000
timestame:1619470011.840000000,objid:2,type:0,xpos:0.000000,ypos:0.000000,xspeed:-5.310000,yspeed:13.220000,angle:-10.570000,distense:43.000000,rcs:26.000000
