timestame:1619470460.724000000,objid:0,type:0,xpos:0.000000,ypos:0.000000,xspeed:-16.690000,yspeed:-1.810000,angle:-7.510000,distense:95.600000,rcs:18.000000
timestame:1619470460.724000000,objid:2,type:0,xpos:0.000000,ypos:0.000000,xspeed:5.890000,yspeed:-0.090000,angle:3.200000,distense:179.400000,rcs:13.000000
