timestame:1619471422.862000000,objid:1,type:0,xpos:0.000000,ypos:0.000000,xspeed:-5.100000,yspeed:-1.170000,angle:-7.680000,distense:111.200000,rcs:12.000000
timestame:1619471422.862000000,objid:9,type:0,xpos:0.000000,ypos:0.000000,xspeed:-5.830000,yspeed:0.110000,angle:-4.920000,distense:127.000000,rcs:16.000000
timestame:1619471422.862000000,objid:12,type:0,xpos:0.000000,ypos:0.000000,xspeed:-4.910000,yspeed:-0.150000,angle:-8.950000,distense:102.000000,rcs:19.000000
