timestame:1619469579.183000000,objid:1,type:0,xpos:0.000000,ypos:0.000000,xspeed:-6.400000,yspeed:-0.600000,angle:-7.840000,distense:111.800000,rcs:9.000000
timestame:1619469579.183000000,objid:3,type:0,xpos:0.000000,ypos:0.000000,xspeed:-6.210000,yspeed:-0.130000,angle:-8.870000,distense:102.000000,rcs:20.000000
timestame:1619469579.183000000,objid:5,type:0,xpos:0.000000,ypos:0.000000,xspeed:-6.300000,yspeed:-0.340000,angle:-9.450000,distense:98.600000,rcs:16.000000
