timestame:1619470051.471000000,objid:0,type:0,xpos:0.000000,ypos:0.000000,xspeed:7.230000,yspeed:-0.070000,angle:3.210000,distense:116.000000,rcs:6.000000
timestame:1619470051.471000000,objid:5,type:0,xpos:0.000000,ypos:0.000000,xspeed:7.250000,yspeed:0.070000,angle:3.670000,distense:106.600000,rcs:24.000000
