timestame:1619469822.235000000,objid:1,type:0,xpos:0.000000,ypos:0.000000,xspeed:1.290000,yspeed:-7.070000,angle:-18.000000,distense:67.200000,rcs:6.000000
timestame:1619469822.235000000,objid:4,type:0,xpos:0.000000,ypos:0.000000,xspeed:-1.840000,yspeed:9.860000,angle:-7.420000,distense:43.200000,rcs:6.000000
timestame:1619469822.235000000,objid:11,type:0,xpos:0.000000,ypos:0.000000,xspeed:-4.610000,yspeed:0.280000,angle:-5.930000,distense:138.000000,rcs:9.000000
