timestame:1619470990.667000000,objid:3,type:0,xpos:0.000000,ypos:0.000000,xspeed:5.230000,yspeed:-0.170000,angle:7.040000,distense:105.000000,rcs:9.000000
timestame:1619470990.667000000,objid:4,type:0,xpos:0.000000,ypos:0.000000,xspeed:-13.480000,yspeed:-0.410000,angle:-17.020000,distense:47.600000,rcs:16.000000
