timestame:1619469928.915000000,objid:1,type:0,xpos:0.000000,ypos:0.000000,xspeed:7.360000,yspeed:0.150000,angle:1.420000,distense:189.200000,rcs:12.000000
timestame:1619469928.915000000,objid:8,type:0,xpos:0.000000,ypos:0.000000,xspeed:7.440000,yspeed:-0.030000,angle:1.100000,distense:182.800000,rcs:27.000000
