timestame:1619470276.441000000,objid:1,type:0,xpos:0.000000,ypos:0.000000,xspeed:-10.330000,yspeed:0.220000,angle:-4.950000,distense:98.800000,rcs:6.000000
timestame:1619470276.441000000,objid:2,type:0,xpos:0.000000,ypos:0.000000,xspeed:-1.690000,yspeed:0.170000,angle:-6.900000,distense:90.400000,rcs:9.000000
timestame:1619470276.441000000,objid:11,type:0,xpos:0.000000,ypos:0.000000,xspeed:-1.650000,yspeed:-0.150000,angle:-9.280000,distense:76.200000,rcs:25.000000
timestame:1619470276.441000000,objid:22,type:0,xpos:0.000000,ypos:0.000000,xspeed:-1.360000,yspeed:-0.070000,angle:-7.980000,distense:83.600000,rcs:20.000000
