timestame:1619470497.805000000,objid:2,type:0,xpos:0.000000,ypos:0.000000,xspeed:-1.040000,yspeed:-3.110000,angle:-17.420000,distense:41.000000,rcs:21.000000
timestame:1619470497.805000000,objid:6,type:0,xpos:0.000000,ypos:0.000000,xspeed:-1.250000,yspeed:3.550000,angle:-6.490000,distense:47.400000,rcs:6.000000
timestame:1619470497.805000000,objid:7,type:0,xpos:0.000000,ypos:0.000000,xspeed:-1.970000,yspeed:-2.040000,angle:-14.990000,distense:47.000000,rcs:6.000000
