timestame:1619470687.690000000,objid:0,type:0,xpos:0.000000,ypos:0.000000,xspeed:-4.810000,yspeed:-0.300000,angle:-18.000000,distense:39.000000,rcs:24.000000
timestame:1619470687.690000000,objid:1,type:0,xpos:0.000000,ypos:0.000000,xspeed:1.080000,yspeed:0.120000,angle:10.710000,distense:22.200000,rcs:27.000000
timestame:1619470687.690000000,objid:2,type:0,xpos:0.000000,ypos:0.000000,xspeed:-10.020000,yspeed:-1.800000,angle:-18.000000,distense:43.800000,rcs:20.000000
timestame:1619470687.690000000,objid:10,type:0,xpos:0.000000,ypos:0.000000,xspeed:5.740000,yspeed:2.070000,angle:20.540000,distense:37.800000,rcs:19.000000
