timestame:1619471306.406000000,objid:0,type:0,xpos:0.000000,ypos:0.000000,xspeed:2.990000,yspeed:0.640000,angle:20.510000,distense:22.400000,rcs:13.000000
timestame:1619471306.406000000,objid:1,type:0,xpos:0.000000,ypos:0.000000,xspeed:-6.670000,yspeed:2.470000,angle:-18.000000,distense:32.200000,rcs:9.000000
timestame:1619471306.406000000,objid:2,type:0,xpos:0.000000,ypos:0.000000,xspeed:5.230000,yspeed:0.500000,angle:-15.480000,distense:20.600000,rcs:15.000000
