timestame:1619469485.121000000,objid:1,type:0,xpos:0.000000,ypos:0.000000,xspeed:-4.260000,yspeed:-0.290000,angle:-12.720000,distense:71.400000,rcs:13.000000
timestame:1619469485.121000000,objid:3,type:0,xpos:0.000000,ypos:0.000000,xspeed:2.040000,yspeed:0.250000,angle:11.820000,distense:18.400000,rcs:31.000000
timestame:1619469485.121000000,objid:7,type:0,xpos:0.000000,ypos:0.000000,xspeed:-2.240000,yspeed:-0.060000,angle:-10.810000,distense:86.000000,rcs:19.000000
timestame:1619469485.121000000,objid:11,type:0,xpos:0.000000,ypos:0.000000,xspeed:-1.220000,yspeed:-0.540000,angle:-9.190000,distense:81.000000,rcs:13.000000
