timestame:1619470841.113000000,objid:0,type:0,xpos:0.000000,ypos:0.000000,xspeed:1.150000,yspeed:2.430000,angle:-5.920000,distense:41.400000,rcs:13.000000
timestame:1619470841.113000000,objid:3,type:0,xpos:0.000000,ypos:0.000000,xspeed:2.660000,yspeed:2.620000,angle:-10.620000,distense:43.200000,rcs:6.000000
timestame:1619470841.113000000,objid:7,type:0,xpos:0.000000,ypos:0.000000,xspeed:13.200000,yspeed:0.420000,angle:2.390000,distense:218.600000,rcs:9.000000
