timestame:1619469878.745000000,objid:0,type:0,xpos:0.000000,ypos:0.000000,xspeed:-1.140000,yspeed:-3.920000,angle:-14.390000,distense:41.000000,rcs:13.000000
timestame:1619469878.745000000,objid:3,type:0,xpos:0.000000,ypos:0.000000,xspeed:-4.130000,yspeed:-0.030000,angle:-18.000000,distense:27.800000,rcs:9.000000
timestame:1619469878.745000000,objid:6,type:0,xpos:0.000000,ypos:0.000000,xspeed:-3.870000,yspeed:-4.710000,angle:-18.000000,distense:36.600000,rcs:21.000000
timestame:1619469878.745000000,objid:10,type:0,xpos:0.000000,ypos:0.000000,xspeed:2.780000,yspeed:-3.670000,angle:-5.820000,distense:44.400000,rcs:24.000000
