timestame:1619471260.800000000,objid:2,type:0,xpos:0.000000,ypos:0.000000,xspeed:12.430000,yspeed:0.330000,angle:4.300000,distense:84.400000,rcs:31.000000
timestame:1619471260.800000000,objid:6,type:0,xpos:0.000000,ypos:0.000000,xspeed:12.480000,yspeed:-0.140000,angle:3.910000,distense:96.600000,rcs:15.000000
timestame:1619471260.800000000,objid:10,type:0,xpos:0.000000,ypos:0.000000,xspeed:12.340000,yspeed:0.550000,angle:5.060000,distense:72.200000,rcs:25.000000
