timestame:1619470012.581000000,objid:0,type:0,xpos:0.000000,ypos:0.000000,xspeed:-2.050000,yspeed:-1.890000,angle:-18.000000,distense:33.800000,rcs:18.000000
timestame:1619470012.581000000,objid:1,type:0,xpos:0.000000,ypos:0.000000,xspeed:-1.690000,yspeed:2.850000,angle:-7.210000,distense:46.800000,rcs:13.000000
timestame:1619470012.581000000,objid:2,type:0,xpos:0.000000,ypos:0.000000,xspeed:-10.710000,yspeed:-2.360000,angle:-4.410000,distense:36.400000,rcs:6.000000
timestame:1619470012.581000000,objid:9,type:0,xpos:0.000000,ypos:0.000000,xspeed:1.020000,yspeed:1.810000,angle:-3.620000,distense:49.000000,rcs:9.000000
