timestame:1619470110.445000000,objid:3,type:0,xpos:0.000000,ypos:0.000000,xspeed:-1.480000,yspeed:-2.520000,angle:14.880000,distense:25.800000,rcs:9.000000
timestame:1619470110.445000000,objid:5,type:0,xpos:0.000000,ypos:0.000000,xspeed:3.320000,yspeed:3.500000,angle:-10.780000,distense:38.800000,rcs:13.000000
timestame:1619470110.445000000,objid:6,type:0,xpos:0.000000,ypos:0.000000,xspeed:-7.420000,yspeed:-0.920000,angle:16.110000,distense:26.600000,rcs:6.000000
