timestame:1619469773.587000000,objid:1,type:0,xpos:0.000000,ypos:0.000000,xspeed:3.910000,yspeed:1.870000,angle:-16.060000,distense:31.200000,rcs:12.000000
timestame:1619469773.587000000,objid:3,type:0,xpos:0.000000,ypos:0.000000,xspeed:4.000000,yspeed:1.320000,angle:20.830000,distense:42.600000,rcs:12.000000
timestame:1619469773.587000000,objid:7,type:0,xpos:0.000000,ypos:0.000000,xspeed:3.410000,yspeed:2.950000,angle:-12.290000,distense:41.200000,rcs:27.000000
