timestame:1619470215.810000000,objid:2,type:0,xpos:0.000000,ypos:0.000000,xspeed:-4.670000,yspeed:0.000000,angle:-12.540000,distense:42.200000,rcs:6.000000
timestame:1619470215.810000000,objid:7,type:0,xpos:0.000000,ypos:0.000000,xspeed:-2.460000,yspeed:6.900000,angle:-5.260000,distense:42.600000,rcs:22.000000
timestame:1619470215.810000000,objid:11,type:0,xpos:0.000000,ypos:0.000000,xspeed:-1.210000,yspeed:5.420000,angle:-12.920000,distense:40.200000,rcs:13.000000
