timestame:1619470211.912000000,objid:0,type:0,xpos:0.000000,ypos:0.000000,xspeed:1.630000,yspeed:0.180000,angle:6.410000,distense:16.600000,rcs:28.000000
timestame:1619470211.912000000,objid:2,type:0,xpos:0.000000,ypos:0.000000,xspeed:-2.090000,yspeed:7.720000,angle:-18.000000,distense:46.600000,rcs:13.000000
timestame:1619470211.912000000,objid:4,type:0,xpos:0.000000,ypos:0.000000,xspeed:-2.020000,yspeed:-2.450000,angle:-3.430000,distense:49.800000,rcs:13.000000
