timestame:1619470964.246000000,objid:0,type:0,xpos:0.000000,ypos:0.000000,xspeed:3.890000,yspeed:0.110000,angle:6.290000,distense:53.000000,rcs:33.000000
timestame:1619470964.246000000,objid:6,type:0,xpos:0.000000,ypos:0.000000,xspeed:10.430000,yspeed:0.500000,angle:2.020000,distense:105.600000,rcs:37.000000
timestame:1619470964.246000000,objid:12,type:0,xpos:0.000000,ypos:0.000000,xspeed:3.040000,yspeed:0.040000,angle:5.040000,distense:61.400000,rcs:20.000000
