timestame:1619470439.533000000,objid:1,type:0,xpos:0.000000,ypos:0.000000,xspeed:14.380000,yspeed:0.620000,angle:2.470000,distense:51.000000,rcs:28.000000
timestame:1619470439.533000000,objid:2,type:0,xpos:0.000000,ypos:0.000000,xspeed:3.800000,yspeed:-0.080000,angle:10.280000,distense:73.400000,rcs:15.000000
