timestame:1619470963.495000000,objid:0,type:0,xpos:0.000000,ypos:0.000000,xspeed:3.640000,yspeed:0.100000,angle:6.530000,distense:49.600000,rcs:31.000000
timestame:1619470963.495000000,objid:6,type:0,xpos:0.000000,ypos:0.000000,xspeed:10.190000,yspeed:0.520000,angle:1.990000,distense:97.200000,rcs:38.000000
timestame:1619470963.495000000,objid:12,type:0,xpos:0.000000,ypos:0.000000,xspeed:3.130000,yspeed:0.050000,angle:5.220000,distense:59.400000,rcs:18.000000
