timestame:1619469931.830000000,objid:0,type:0,xpos:0.000000,ypos:0.000000,xspeed:-1.140000,yspeed:2.610000,angle:-18.000000,distense:38.400000,rcs:13.000000
timestame:1619469931.830000000,objid:1,type:0,xpos:0.000000,ypos:0.000000,xspeed:8.270000,yspeed:0.380000,angle:1.610000,distense:214.200000,rcs:9.000000
timestame:1619469931.830000000,objid:8,type:0,xpos:0.000000,ypos:0.000000,xspeed:8.220000,yspeed:0.370000,angle:1.400000,distense:207.200000,rcs:22.000000
