timestame:1619471296.277000000,objid:0,type:0,xpos:0.000000,ypos:0.000000,xspeed:1.270000,yspeed:4.470000,angle:-2.590000,distense:45.800000,rcs:6.000000
timestame:1619471296.277000000,objid:2,type:0,xpos:0.000000,ypos:0.000000,xspeed:-3.190000,yspeed:9.130000,angle:22.850000,distense:42.600000,rcs:22.000000
timestame:1619471296.277000000,objid:6,type:0,xpos:0.000000,ypos:0.000000,xspeed:2.630000,yspeed:3.690000,angle:-9.820000,distense:40.400000,rcs:13.000000
timestame:1619471296.277000000,objid:8,type:0,xpos:0.000000,ypos:0.000000,xspeed:-1.980000,yspeed:7.290000,angle:19.400000,distense:42.800000,rcs:6.000000
