timestame:1619470560.470000000,objid:0,type:0,xpos:0.000000,ypos:0.000000,xspeed:5.020000,yspeed:-0.440000,angle:2.760000,distense:193.200000,rcs:6.000000
timestame:1619470560.470000000,objid:1,type:0,xpos:0.000000,ypos:0.000000,xspeed:5.070000,yspeed:0.020000,angle:4.560000,distense:184.200000,rcs:19.000000
timestame:1619470560.470000000,objid:3,type:0,xpos:0.000000,ypos:0.000000,xspeed:8.230000,yspeed:0.070000,angle:1.740000,distense:65.600000,rcs:27.000000
