timestame:1619471366.754000000,objid:1,type:0,xpos:0.000000,ypos:0.000000,xspeed:7.570000,yspeed:-0.240000,angle:3.090000,distense:114.200000,rcs:21.000000
timestame:1619471366.754000000,objid:2,type:0,xpos:0.000000,ypos:0.000000,xspeed:8.000000,yspeed:-0.080000,angle:3.150000,distense:120.000000,rcs:13.000000
timestame:1619471366.754000000,objid:7,type:0,xpos:0.000000,ypos:0.000000,xspeed:11.740000,yspeed:0.250000,angle:1.620000,distense:150.400000,rcs:19.000000
