timestame:1619470979.845000000,objid:0,type:0,xpos:0.000000,ypos:0.000000,xspeed:7.410000,yspeed:-0.110000,angle:2.260000,distense:149.000000,rcs:21.000000
timestame:1619470979.845000000,objid:1,type:0,xpos:0.000000,ypos:0.000000,xspeed:-13.750000,yspeed:-0.520000,angle:-4.150000,distense:146.600000,rcs:21.000000
timestame:1619470979.845000000,objid:4,type:0,xpos:0.000000,ypos:0.000000,xspeed:-20.470000,yspeed:2.630000,angle:-18.000000,distense:52.000000,rcs:26.000000
