timestame:1619470048.677000000,objid:0,type:0,xpos:0.000000,ypos:0.000000,xspeed:6.700000,yspeed:0.060000,angle:4.010000,distense:96.000000,rcs:18.000000
timestame:1619470048.677000000,objid:5,type:0,xpos:0.000000,ypos:0.000000,xspeed:6.810000,yspeed:0.030000,angle:4.260000,distense:86.400000,rcs:23.000000
