timestame:1619469918.316000000,objid:1,type:0,xpos:0.000000,ypos:0.000000,xspeed:5.800000,yspeed:0.140000,angle:1.570000,distense:119.800000,rcs:12.000000
timestame:1619469918.316000000,objid:8,type:0,xpos:0.000000,ypos:0.000000,xspeed:5.760000,yspeed:0.000000,angle:1.450000,distense:113.000000,rcs:29.000000
