timestame:1619469566.216000000,objid:5,type:0,xpos:0.000000,ypos:0.000000,xspeed:-1.140000,yspeed:-2.240000,angle:-11.120000,distense:49.800000,rcs:16.000000
timestame:1619469566.216000000,objid:6,type:0,xpos:0.000000,ypos:0.000000,xspeed:-10.810000,yspeed:-2.640000,angle:-4.140000,distense:200.800000,rcs:15.000000
timestame:1619469566.216000000,objid:11,type:0,xpos:0.000000,ypos:0.000000,xspeed:-2.040000,yspeed:0.000000,angle:-1.630000,distense:37.000000,rcs:29.000000
timestame:1619469566.216000000,objid:15,type:0,xpos:0.000000,ypos:0.000000,xspeed:-4.050000,yspeed:8.870000,angle:20.130000,distense:56.000000,rcs:6.000000
