timestame:1619470491.155000000,objid:0,type:0,xpos:0.000000,ypos:0.000000,xspeed:1.490000,yspeed:-5.130000,angle:16.780000,distense:45.200000,rcs:25.000000
timestame:1619470491.155000000,objid:2,type:0,xpos:0.000000,ypos:0.000000,xspeed:1.690000,yspeed:-5.680000,angle:-15.760000,distense:57.800000,rcs:12.000000
timestame:1619470491.155000000,objid:8,type:0,xpos:0.000000,ypos:0.000000,xspeed:1.990000,yspeed:7.500000,angle:-10.530000,distense:52.400000,rcs:6.000000
