timestame:1619471373.045000000,objid:1,type:0,xpos:0.000000,ypos:0.000000,xspeed:9.280000,yspeed:0.200000,angle:2.400000,distense:170.200000,rcs:22.000000
timestame:1619471373.045000000,objid:7,type:0,xpos:0.000000,ypos:0.000000,xspeed:10.070000,yspeed:0.220000,angle:1.500000,distense:216.600000,rcs:16.000000
