timestame:1619470640.572000000,objid:2,type:0,xpos:0.000000,ypos:0.000000,xspeed:-6.190000,yspeed:-0.520000,angle:-4.620000,distense:185.200000,rcs:13.000000
timestame:1619470640.572000000,objid:6,type:0,xpos:0.000000,ypos:0.000000,xspeed:-1.020000,yspeed:4.860000,angle:-18.000000,distense:48.000000,rcs:6.000000
timestame:1619470640.572000000,objid:13,type:0,xpos:0.000000,ypos:0.000000,xspeed:-2.750000,yspeed:4.500000,angle:-17.910000,distense:45.800000,rcs:16.000000
