timestame:1619470770.871000000,objid:0,type:0,xpos:0.000000,ypos:0.000000,xspeed:-10.810000,yspeed:-0.280000,angle:-5.880000,distense:145.000000,rcs:21.000000
timestame:1619470770.871000000,objid:1,type:0,xpos:0.000000,ypos:0.000000,xspeed:12.570000,yspeed:0.220000,angle:1.890000,distense:99.600000,rcs:12.000000
timestame:1619470770.871000000,objid:2,type:0,xpos:0.000000,ypos:0.000000,xspeed:-11.100000,yspeed:1.060000,angle:-6.120000,distense:141.600000,rcs:12.000000
