timestame:1619471232.295000000,objid:0,type:0,xpos:0.000000,ypos:0.000000,xspeed:6.930000,yspeed:-0.110000,angle:1.610000,distense:111.200000,rcs:6.000000
timestame:1619471232.295000000,objid:9,type:0,xpos:0.000000,ypos:0.000000,xspeed:6.900000,yspeed:-0.050000,angle:1.560000,distense:102.600000,rcs:33.000000
