timestame:1619470045.946000000,objid:0,type:0,xpos:0.000000,ypos:0.000000,xspeed:6.530000,yspeed:0.060000,angle:4.550000,distense:77.200000,rcs:9.000000
timestame:1619470045.946000000,objid:3,type:0,xpos:0.000000,ypos:0.000000,xspeed:14.570000,yspeed:0.090000,angle:1.180000,distense:190.000000,rcs:12.000000
timestame:1619470045.946000000,objid:5,type:0,xpos:0.000000,ypos:0.000000,xspeed:6.370000,yspeed:0.350000,angle:5.470000,distense:67.200000,rcs:24.000000
