timestame:1619469910.566000000,objid:1,type:0,xpos:0.000000,ypos:0.000000,xspeed:4.130000,yspeed:-0.050000,angle:1.910000,distense:77.800000,rcs:13.000000
timestame:1619469910.566000000,objid:2,type:0,xpos:0.000000,ypos:0.000000,xspeed:10.130000,yspeed:0.060000,angle:2.950000,distense:136.800000,rcs:13.000000
timestame:1619469910.566000000,objid:8,type:0,xpos:0.000000,ypos:0.000000,xspeed:4.080000,yspeed:0.180000,angle:2.450000,distense:71.000000,rcs:34.000000
