timestame:1619470592.742000000,objid:0,type:0,xpos:0.000000,ypos:0.000000,xspeed:-14.620000,yspeed:-0.570000,angle:-18.000000,distense:37.800000,rcs:6.000000
timestame:1619470592.742000000,objid:2,type:0,xpos:0.000000,ypos:0.000000,xspeed:34.790000,yspeed:-7.020000,angle:-11.930000,distense:38.200000,rcs:6.000000
timestame:1619470592.742000000,objid:5,type:0,xpos:0.000000,ypos:0.000000,xspeed:8.560000,yspeed:3.780000,angle:-13.370000,distense:20.600000,rcs:19.000000
timestame:1619470592.742000000,objid:6,type:0,xpos:0.000000,ypos:0.000000,xspeed:7.310000,yspeed:4.100000,angle:20.760000,distense:21.400000,rcs:22.000000
