timestame:1619471136.499000000,objid:3,type:0,xpos:0.000000,ypos:0.000000,xspeed:-1.920000,yspeed:-3.900000,angle:13.050000,distense:38.600000,rcs:33.000000
timestame:1619471136.499000000,objid:4,type:0,xpos:0.000000,ypos:0.000000,xspeed:3.630000,yspeed:-1.500000,angle:10.610000,distense:42.000000,rcs:32.000000
