timestame:1619469715.429000000,objid:1,type:0,xpos:0.000000,ypos:0.000000,xspeed:-1.860000,yspeed:7.380000,angle:-10.090000,distense:38.400000,rcs:9.000000
timestame:1619469715.429000000,objid:3,type:0,xpos:0.000000,ypos:0.000000,xspeed:14.330000,yspeed:-0.970000,angle:0.680000,distense:166.000000,rcs:9.000000
