timestame:1619470373.038000000,objid:2,type:0,xpos:0.000000,ypos:0.000000,xspeed:-1.440000,yspeed:1.540000,angle:-3.890000,distense:40.400000,rcs:19.000000
timestame:1619470373.038000000,objid:6,type:0,xpos:0.000000,ypos:0.000000,xspeed:-1.850000,yspeed:-0.010000,angle:-18.000000,distense:32.600000,rcs:9.000000
timestame:1619470373.038000000,objid:10,type:0,xpos:0.000000,ypos:0.000000,xspeed:-5.440000,yspeed:-1.580000,angle:-18.000000,distense:32.800000,rcs:16.000000
timestame:1619470373.038000000,objid:14,type:0,xpos:0.000000,ypos:0.000000,xspeed:-2.390000,yspeed:-0.350000,angle:-18.000000,distense:30.200000,rcs:13.000000
