timestame:1619470733.944000000,objid:1,type:0,xpos:0.000000,ypos:0.000000,xspeed:12.120000,yspeed:0.380000,angle:2.870000,distense:74.400000,rcs:18.000000
timestame:1619470733.944000000,objid:6,type:0,xpos:0.000000,ypos:0.000000,xspeed:12.470000,yspeed:0.570000,angle:2.550000,distense:64.000000,rcs:38.000000
