timestame:1619471154.009000000,objid:1,type:0,xpos:0.000000,ypos:0.000000,xspeed:-7.290000,yspeed:-5.970000,angle:3.410000,distense:71.600000,rcs:9.000000
timestame:1619471154.009000000,objid:2,type:0,xpos:0.000000,ypos:0.000000,xspeed:-2.260000,yspeed:10.830000,angle:-4.530000,distense:43.600000,rcs:6.000000
timestame:1619471154.009000000,objid:4,type:0,xpos:0.000000,ypos:0.000000,xspeed:-19.690000,yspeed:-11.900000,angle:-10.190000,distense:83.400000,rcs:9.000000
timestame:1619471154.009000000,objid:8,type:0,xpos:0.000000,ypos:0.000000,xspeed:7.280000,yspeed:0.450000,angle:-16.150000,distense:16.200000,rcs:20.000000
