timestame:1619469752.115000000,objid:1,type:0,xpos:0.000000,ypos:0.000000,xspeed:5.430000,yspeed:2.260000,angle:20.920000,distense:32.400000,rcs:15.000000
timestame:1619469752.115000000,objid:2,type:0,xpos:0.000000,ypos:0.000000,xspeed:24.470000,yspeed:0.000000,angle:17.360000,distense:37.200000,rcs:9.000000
