timestame:1619470838.827000000,objid:2,type:0,xpos:0.000000,ypos:0.000000,xspeed:4.000000,yspeed:2.380000,angle:-17.150000,distense:36.400000,rcs:19.000000
timestame:1619470838.827000000,objid:3,type:0,xpos:0.000000,ypos:0.000000,xspeed:2.650000,yspeed:1.520000,angle:-14.670000,distense:34.400000,rcs:20.000000
timestame:1619470838.827000000,objid:4,type:0,xpos:0.000000,ypos:0.000000,xspeed:1.140000,yspeed:5.610000,angle:-1.660000,distense:46.600000,rcs:12.000000
timestame:1619470838.827000000,objid:7,type:0,xpos:0.000000,ypos:0.000000,xspeed:12.960000,yspeed:0.380000,angle:2.490000,distense:188.000000,rcs:29.000000
