timestame:1619469578.875000000,objid:1,type:0,xpos:0.000000,ypos:0.000000,xspeed:-6.540000,yspeed:-1.160000,angle:-8.010000,distense:113.400000,rcs:12.000000
timestame:1619469578.875000000,objid:3,type:0,xpos:0.000000,ypos:0.000000,xspeed:-6.250000,yspeed:-0.200000,angle:-8.780000,distense:103.800000,rcs:19.000000
timestame:1619469578.875000000,objid:5,type:0,xpos:0.000000,ypos:0.000000,xspeed:-6.340000,yspeed:-0.340000,angle:-9.220000,distense:100.400000,rcs:12.000000
