timestame:1619470438.357000000,objid:1,type:0,xpos:0.000000,ypos:0.000000,xspeed:13.490000,yspeed:0.560000,angle:2.400000,distense:32.800000,rcs:33.000000
timestame:1619470438.357000000,objid:2,type:0,xpos:0.000000,ypos:0.000000,xspeed:3.820000,yspeed:0.100000,angle:11.220000,distense:69.000000,rcs:18.000000
