timestame:1619471139.411000000,objid:7,type:0,xpos:0.000000,ypos:0.000000,xspeed:4.180000,yspeed:1.360000,angle:-1.440000,distense:40.800000,rcs:15.000000
timestame:1619471139.411000000,objid:9,type:0,xpos:0.000000,ypos:0.000000,xspeed:4.140000,yspeed:1.110000,angle:7.770000,distense:48.000000,rcs:6.000000
timestame:1619471139.411000000,objid:11,type:0,xpos:0.000000,ypos:0.000000,xspeed:16.310000,yspeed:0.000000,angle:-18.000000,distense:53.600000,rcs:9.000000
