timestame:1619470757.164000000,objid:2,type:0,xpos:0.000000,ypos:0.000000,xspeed:-2.300000,yspeed:-1.090000,angle:-18.000000,distense:30.800000,rcs:9.000000
timestame:1619470757.164000000,objid:3,type:0,xpos:0.000000,ypos:0.000000,xspeed:1.880000,yspeed:-4.530000,angle:-1.140000,distense:46.800000,rcs:19.000000
timestame:1619470757.164000000,objid:10,type:0,xpos:0.000000,ypos:0.000000,xspeed:-3.220000,yspeed:-0.580000,angle:-18.000000,distense:26.800000,rcs:6.000000
timestame:1619470757.164000000,objid:11,type:0,xpos:0.000000,ypos:0.000000,xspeed:-2.500000,yspeed:0.110000,angle:-18.000000,distense:25.200000,rcs:9.000000
