timestame:1619471410.497000000,objid:2,type:0,xpos:0.000000,ypos:0.000000,xspeed:-3.640000,yspeed:-2.450000,angle:-18.000000,distense:40.400000,rcs:31.000000
timestame:1619471410.497000000,objid:4,type:0,xpos:0.000000,ypos:0.000000,xspeed:-1.660000,yspeed:0.260000,angle:-0.510000,distense:42.200000,rcs:33.000000
timestame:1619471410.497000000,objid:7,type:0,xpos:0.000000,ypos:0.000000,xspeed:-2.360000,yspeed:-3.220000,angle:-18.000000,distense:37.600000,rcs:18.000000
timestame:1619471410.497000000,objid:12,type:0,xpos:0.000000,ypos:0.000000,xspeed:-9.500000,yspeed:-0.570000,angle:-4.400000,distense:182.400000,rcs:12.000000
