timestame:1619470495.947000000,objid:2,type:0,xpos:0.000000,ypos:0.000000,xspeed:-1.380000,yspeed:-8.300000,angle:-7.760000,distense:41.600000,rcs:35.000000
timestame:1619470495.947000000,objid:5,type:0,xpos:0.000000,ypos:0.000000,xspeed:10.860000,yspeed:8.600000,angle:-8.350000,distense:55.200000,rcs:6.000000
timestame:1619470495.947000000,objid:6,type:0,xpos:0.000000,ypos:0.000000,xspeed:-1.750000,yspeed:0.000000,angle:-16.470000,distense:45.200000,rcs:20.000000
