timestame:1619469994.530000000,objid:6,type:0,xpos:0.000000,ypos:0.000000,xspeed:-5.790000,yspeed:3.130000,angle:21.150000,distense:51.400000,rcs:9.000000
timestame:1619469994.530000000,objid:8,type:0,xpos:0.000000,ypos:0.000000,xspeed:1.130000,yspeed:3.270000,angle:-3.790000,distense:41.200000,rcs:6.000000
timestame:1619469994.530000000,objid:15,type:0,xpos:0.000000,ypos:0.000000,xspeed:-1.300000,yspeed:-2.460000,angle:-16.030000,distense:36.600000,rcs:33.000000
timestame:1619469994.530000000,objid:24,type:0,xpos:0.000000,ypos:0.000000,xspeed:2.660000,yspeed:2.420000,angle:-13.140000,distense:36.800000,rcs:13.000000
