timestame:1619471320.017000000,objid:1,type:0,xpos:0.000000,ypos:0.000000,xspeed:-7.300000,yspeed:-0.520000,angle:-6.380000,distense:101.200000,rcs:16.000000
timestame:1619471320.017000000,objid:3,type:0,xpos:0.000000,ypos:0.000000,xspeed:-15.280000,yspeed:0.050000,angle:-3.250000,distense:184.200000,rcs:6.000000
timestame:1619471320.017000000,objid:4,type:0,xpos:0.000000,ypos:0.000000,xspeed:-16.470000,yspeed:-3.460000,angle:-2.830000,distense:190.600000,rcs:6.000000
