timestame:1619470974.376000000,objid:0,type:0,xpos:0.000000,ypos:0.000000,xspeed:6.360000,yspeed:0.080000,angle:3.670000,distense:109.000000,rcs:20.000000
timestame:1619470974.376000000,objid:2,type:0,xpos:0.000000,ypos:0.000000,xspeed:1.200000,yspeed:3.820000,angle:-2.090000,distense:47.000000,rcs:9.000000
timestame:1619470974.376000000,objid:3,type:0,xpos:0.000000,ypos:0.000000,xspeed:7.110000,yspeed:-0.500000,angle:2.230000,distense:118.600000,rcs:13.000000
timestame:1619470974.376000000,objid:9,type:0,xpos:0.000000,ypos:0.000000,xspeed:2.320000,yspeed:3.210000,angle:-9.770000,distense:41.000000,rcs:22.000000
