timestame:1619469889.532000000,objid:2,type:0,xpos:0.000000,ypos:0.000000,xspeed:-3.590000,yspeed:-0.180000,angle:-13.120000,distense:58.600000,rcs:12.000000
timestame:1619469889.532000000,objid:5,type:0,xpos:0.000000,ypos:0.000000,xspeed:-2.730000,yspeed:-0.240000,angle:-17.160000,distense:59.600000,rcs:19.000000
timestame:1619469889.532000000,objid:16,type:0,xpos:0.000000,ypos:0.000000,xspeed:-3.500000,yspeed:-0.210000,angle:-10.810000,distense:69.400000,rcs:26.000000
