timestame:1619470145.317000000,objid:0,type:0,xpos:0.000000,ypos:0.000000,xspeed:3.730000,yspeed:1.640000,angle:21.610000,distense:35.000000,rcs:13.000000
timestame:1619470145.317000000,objid:2,type:0,xpos:0.000000,ypos:0.000000,xspeed:5.660000,yspeed:1.680000,angle:19.890000,distense:29.800000,rcs:18.000000
