timestame:1619470777.653000000,objid:1,type:0,xpos:0.000000,ypos:0.000000,xspeed:-7.270000,yspeed:-0.620000,angle:-10.180000,distense:94.000000,rcs:16.000000
timestame:1619470777.653000000,objid:2,type:0,xpos:0.000000,ypos:0.000000,xspeed:24.150000,yspeed:2.120000,angle:-11.940000,distense:57.000000,rcs:9.000000
timestame:1619470777.653000000,objid:3,type:0,xpos:0.000000,ypos:0.000000,xspeed:1.760000,yspeed:-1.310000,angle:-12.060000,distense:49.200000,rcs:20.000000
