timestame:1619470294.959000000,objid:0,type:0,xpos:0.000000,ypos:0.000000,xspeed:2.090000,yspeed:0.100000,angle:5.280000,distense:23.600000,rcs:24.000000
timestame:1619470294.959000000,objid:1,type:0,xpos:0.000000,ypos:0.000000,xspeed:-1.100000,yspeed:-0.050000,angle:5.370000,distense:9.000000,rcs:30.000000
timestame:1619470294.959000000,objid:3,type:0,xpos:0.000000,ypos:0.000000,xspeed:2.550000,yspeed:-0.190000,angle:3.730000,distense:13.200000,rcs:38.000000
timestame:1619470294.959000000,objid:5,type:0,xpos:0.000000,ypos:0.000000,xspeed:3.210000,yspeed:0.330000,angle:2.450000,distense:22.000000,rcs:32.000000
