timestame:1619470666.036000000,objid:0,type:0,xpos:0.000000,ypos:0.000000,xspeed:-1.100000,yspeed:0.260000,angle:-9.470000,distense:92.200000,rcs:19.000000
timestame:1619470666.036000000,objid:1,type:0,xpos:0.000000,ypos:0.000000,xspeed:1.330000,yspeed:0.770000,angle:-7.480000,distense:110.000000,rcs:9.000000
timestame:1619470666.036000000,objid:3,type:0,xpos:0.000000,ypos:0.000000,xspeed:-1.340000,yspeed:-0.100000,angle:-8.260000,distense:103.200000,rcs:13.000000
