timestame:1619470928.665000000,objid:3,type:0,xpos:0.000000,ypos:0.000000,xspeed:-7.940000,yspeed:-0.400000,angle:-10.050000,distense:92.600000,rcs:9.000000
timestame:1619470928.665000000,objid:5,type:0,xpos:0.000000,ypos:0.000000,xspeed:-1.790000,yspeed:0.540000,angle:16.250000,distense:12.800000,rcs:9.000000
