timestame:1619470278.789000000,objid:1,type:0,xpos:0.000000,ypos:0.000000,xspeed:-10.180000,yspeed:-0.080000,angle:-6.760000,distense:75.200000,rcs:13.000000
timestame:1619470278.789000000,objid:3,type:0,xpos:0.000000,ypos:0.000000,xspeed:-2.520000,yspeed:0.080000,angle:-9.010000,distense:75.400000,rcs:20.000000
timestame:1619470278.789000000,objid:11,type:0,xpos:0.000000,ypos:0.000000,xspeed:-2.850000,yspeed:-0.360000,angle:-11.170000,distense:68.600000,rcs:21.000000
