timestame:1619470045.515000000,objid:0,type:0,xpos:0.000000,ypos:0.000000,xspeed:6.510000,yspeed:-0.040000,angle:4.610000,distense:74.400000,rcs:15.000000
timestame:1619470045.515000000,objid:3,type:0,xpos:0.000000,ypos:0.000000,xspeed:14.360000,yspeed:0.180000,angle:1.290000,distense:183.400000,rcs:20.000000
timestame:1619470045.515000000,objid:5,type:0,xpos:0.000000,ypos:0.000000,xspeed:6.220000,yspeed:0.270000,angle:5.480000,distense:64.200000,rcs:33.000000
