timestame:1619469922.284000000,objid:1,type:0,xpos:0.000000,ypos:0.000000,xspeed:6.000000,yspeed:0.260000,angle:1.490000,distense:143.200000,rcs:20.000000
timestame:1619469922.284000000,objid:8,type:0,xpos:0.000000,ypos:0.000000,xspeed:5.820000,yspeed:0.000000,angle:1.360000,distense:136.000000,rcs:29.000000
