timestame:1619471098.375000000,objid:2,type:0,xpos:0.000000,ypos:0.000000,xspeed:9.130000,yspeed:0.080000,angle:1.250000,distense:109.800000,rcs:29.000000
timestame:1619471098.375000000,objid:3,type:0,xpos:0.000000,ypos:0.000000,xspeed:-17.760000,yspeed:-1.080000,angle:-18.000000,distense:41.800000,rcs:18.000000
