timestame:1619470277.248000000,objid:1,type:0,xpos:0.000000,ypos:0.000000,xspeed:-10.250000,yspeed:0.260000,angle:-5.220000,distense:91.000000,rcs:12.000000
timestame:1619470277.248000000,objid:2,type:0,xpos:0.000000,ypos:0.000000,xspeed:-2.090000,yspeed:0.160000,angle:-6.980000,distense:88.200000,rcs:18.000000
timestame:1619470277.248000000,objid:11,type:0,xpos:0.000000,ypos:0.000000,xspeed:-2.120000,yspeed:-0.090000,angle:-9.570000,distense:73.800000,rcs:19.000000
timestame:1619470277.248000000,objid:22,type:0,xpos:0.000000,ypos:0.000000,xspeed:-1.570000,yspeed:-0.070000,angle:-8.190000,distense:82.200000,rcs:18.000000
