timestame:1619470146.882000000,objid:0,type:0,xpos:0.000000,ypos:0.000000,xspeed:2.320000,yspeed:2.460000,angle:-14.690000,distense:38.600000,rcs:9.000000
timestame:1619470146.882000000,objid:1,type:0,xpos:0.000000,ypos:0.000000,xspeed:2.610000,yspeed:1.280000,angle:-17.760000,distense:24.400000,rcs:26.000000
timestame:1619470146.882000000,objid:2,type:0,xpos:0.000000,ypos:0.000000,xspeed:3.030000,yspeed:1.770000,angle:21.780000,distense:35.200000,rcs:6.000000
