timestame:1619471251.772000000,objid:1,type:0,xpos:0.000000,ypos:0.000000,xspeed:1.930000,yspeed:2.870000,angle:1.090000,distense:76.200000,rcs:15.000000
timestame:1619471251.772000000,objid:3,type:0,xpos:0.000000,ypos:0.000000,xspeed:-17.730000,yspeed:-0.850000,angle:-5.480000,distense:151.800000,rcs:13.000000
