timestame:1619469889.405000000,objid:2,type:0,xpos:0.000000,ypos:0.000000,xspeed:-3.540000,yspeed:-0.270000,angle:-13.150000,distense:59.200000,rcs:15.000000
timestame:1619469889.405000000,objid:5,type:0,xpos:0.000000,ypos:0.000000,xspeed:-2.700000,yspeed:-0.250000,angle:-17.030000,distense:59.800000,rcs:16.000000
timestame:1619469889.405000000,objid:16,type:0,xpos:0.000000,ypos:0.000000,xspeed:-3.500000,yspeed:-0.210000,angle:-10.730000,distense:69.800000,rcs:26.000000
