timestame:1619470048.055000000,objid:0,type:0,xpos:0.000000,ypos:0.000000,xspeed:6.720000,yspeed:0.320000,angle:4.470000,distense:91.600000,rcs:9.000000
timestame:1619470048.055000000,objid:3,type:0,xpos:0.000000,ypos:0.000000,xspeed:14.900000,yspeed:0.270000,angle:1.250000,distense:221.600000,rcs:9.000000
timestame:1619470048.055000000,objid:5,type:0,xpos:0.000000,ypos:0.000000,xspeed:6.800000,yspeed:0.160000,angle:4.660000,distense:82.000000,rcs:28.000000
