timestame:1619470880.266000000,objid:3,type:0,xpos:0.000000,ypos:0.000000,xspeed:-1.690000,yspeed:-3.080000,angle:-18.000000,distense:34.600000,rcs:31.000000
timestame:1619470880.266000000,objid:4,type:0,xpos:0.000000,ypos:0.000000,xspeed:-25.710000,yspeed:-6.190000,angle:-18.000000,distense:22.400000,rcs:21.000000
timestame:1619470880.266000000,objid:9,type:0,xpos:0.000000,ypos:0.000000,xspeed:1.000000,yspeed:-0.270000,angle:-2.930000,distense:25.000000,rcs:21.000000
