timestame:1619470168.103000000,objid:0,type:0,xpos:0.000000,ypos:0.000000,xspeed:6.200000,yspeed:0.220000,angle:2.100000,distense:44.400000,rcs:28.000000
timestame:1619470168.103000000,objid:3,type:0,xpos:0.000000,ypos:0.000000,xspeed:7.870000,yspeed:0.470000,angle:5.890000,distense:76.600000,rcs:25.000000
