timestame:1619469707.860000000,objid:3,type:0,xpos:0.000000,ypos:0.000000,xspeed:11.540000,yspeed:7.400000,angle:11.300000,distense:69.000000,rcs:12.000000
timestame:1619469707.860000000,objid:6,type:0,xpos:0.000000,ypos:0.000000,xspeed:-3.460000,yspeed:-1.420000,angle:-18.000000,distense:32.000000,rcs:12.000000
timestame:1619469707.860000000,objid:8,type:0,xpos:0.000000,ypos:0.000000,xspeed:2.230000,yspeed:-4.910000,angle:-16.160000,distense:41.200000,rcs:28.000000
