timestame:1619471499.352000000,objid:0,type:0,xpos:0.000000,ypos:0.000000,xspeed:7.890000,yspeed:0.120000,angle:1.800000,distense:92.600000,rcs:24.000000
timestame:1619471499.352000000,objid:3,type:0,xpos:0.000000,ypos:0.000000,xspeed:7.790000,yspeed:0.030000,angle:3.320000,distense:122.000000,rcs:22.000000
timestame:1619471499.352000000,objid:10,type:0,xpos:0.000000,ypos:0.000000,xspeed:7.130000,yspeed:0.340000,angle:5.490000,distense:81.200000,rcs:22.000000
