timestame:1619469645.853000000,objid:2,type:0,xpos:0.000000,ypos:0.000000,xspeed:12.740000,yspeed:0.890000,angle:5.410000,distense:76.600000,rcs:27.000000
timestame:1619469645.853000000,objid:13,type:0,xpos:0.000000,ypos:0.000000,xspeed:15.170000,yspeed:0.590000,angle:2.270000,distense:133.600000,rcs:33.000000
timestame:1619469645.853000000,objid:14,type:0,xpos:0.000000,ypos:0.000000,xspeed:12.830000,yspeed:0.400000,angle:5.290000,distense:73.600000,rcs:30.000000
