timestame:1619471306.592000000,objid:0,type:0,xpos:0.000000,ypos:0.000000,xspeed:2.940000,yspeed:0.530000,angle:20.140000,distense:22.800000,rcs:13.000000
timestame:1619471306.592000000,objid:1,type:0,xpos:0.000000,ypos:0.000000,xspeed:-6.670000,yspeed:2.470000,angle:-18.000000,distense:31.000000,rcs:9.000000
timestame:1619471306.592000000,objid:2,type:0,xpos:0.000000,ypos:0.000000,xspeed:4.700000,yspeed:-0.530000,angle:-16.860000,distense:21.200000,rcs:6.000000
