timestame:1619470774.544000000,objid:0,type:0,xpos:0.000000,ypos:0.000000,xspeed:-9.290000,yspeed:-0.160000,angle:-7.690000,distense:112.000000,rcs:18.000000
timestame:1619470774.544000000,objid:1,type:0,xpos:0.000000,ypos:0.000000,xspeed:-10.400000,yspeed:-2.720000,angle:-7.340000,distense:115.600000,rcs:21.000000
timestame:1619470774.544000000,objid:2,type:0,xpos:0.000000,ypos:0.000000,xspeed:17.730000,yspeed:0.400000,angle:1.440000,distense:162.000000,rcs:9.000000
