timestame:1619470481.579000000,objid:1,type:0,xpos:0.000000,ypos:0.000000,xspeed:-5.020000,yspeed:0.010000,angle:-7.240000,distense:91.600000,rcs:24.000000
timestame:1619470481.579000000,objid:2,type:0,xpos:0.000000,ypos:0.000000,xspeed:1.700000,yspeed:-0.300000,angle:10.950000,distense:81.800000,rcs:9.000000
timestame:1619470481.579000000,objid:6,type:0,xpos:0.000000,ypos:0.000000,xspeed:-7.110000,yspeed:-2.230000,angle:-6.750000,distense:97.800000,rcs:15.000000
