timestame:1619469580.255000000,objid:1,type:0,xpos:0.000000,ypos:0.000000,xspeed:-6.060000,yspeed:-0.480000,angle:-8.430000,distense:106.000000,rcs:16.000000
timestame:1619469580.255000000,objid:5,type:0,xpos:0.000000,ypos:0.000000,xspeed:-6.010000,yspeed:-0.170000,angle:-9.880000,distense:93.000000,rcs:9.000000
