timestame:1619471140.714000000,objid:0,type:0,xpos:0.000000,ypos:0.000000,xspeed:-3.770000,yspeed:-2.750000,angle:-18.000000,distense:33.800000,rcs:20.000000
timestame:1619471140.714000000,objid:3,type:0,xpos:0.000000,ypos:0.000000,xspeed:-3.170000,yspeed:-3.060000,angle:-18.000000,distense:32.600000,rcs:16.000000
timestame:1619471140.714000000,objid:4,type:0,xpos:0.000000,ypos:0.000000,xspeed:-2.910000,yspeed:5.900000,angle:-18.000000,distense:53.800000,rcs:6.000000
timestame:1619471140.714000000,objid:7,type:0,xpos:0.000000,ypos:0.000000,xspeed:-5.010000,yspeed:-4.740000,angle:-15.600000,distense:34.600000,rcs:29.000000
