timestame:1619471084.094000000,objid:4,type:0,xpos:0.000000,ypos:0.000000,xspeed:4.210000,yspeed:0.190000,angle:1.590000,distense:36.600000,rcs:36.000000
timestame:1619471084.094000000,objid:10,type:0,xpos:0.000000,ypos:0.000000,xspeed:5.900000,yspeed:0.480000,angle:2.270000,distense:53.600000,rcs:6.000000
timestame:1619471084.094000000,objid:11,type:0,xpos:0.000000,ypos:0.000000,xspeed:1.270000,yspeed:-0.100000,angle:2.090000,distense:15.400000,rcs:44.000000
