timestame:1619471231.552000000,objid:0,type:0,xpos:0.000000,ypos:0.000000,xspeed:6.780000,yspeed:0.000000,angle:1.840000,distense:106.000000,rcs:9.000000
timestame:1619471231.552000000,objid:1,type:0,xpos:0.000000,ypos:0.000000,xspeed:2.780000,yspeed:-5.470000,angle:-18.000000,distense:70.600000,rcs:6.000000
timestame:1619471231.552000000,objid:9,type:0,xpos:0.000000,ypos:0.000000,xspeed:6.830000,yspeed:-0.040000,angle:1.680000,distense:97.600000,rcs:37.000000
