timestame:1619471164.295000000,objid:0,type:0,xpos:0.000000,ypos:0.000000,xspeed:-8.890000,yspeed:4.860000,angle:-2.870000,distense:165.400000,rcs:18.000000
timestame:1619471164.295000000,objid:3,type:0,xpos:0.000000,ypos:0.000000,xspeed:3.350000,yspeed:4.990000,angle:-8.990000,distense:43.600000,rcs:16.000000
timestame:1619471164.295000000,objid:8,type:0,xpos:0.000000,ypos:0.000000,xspeed:3.020000,yspeed:4.490000,angle:-7.400000,distense:45.600000,rcs:6.000000
