timestame:1619470293.345000000,objid:0,type:0,xpos:0.000000,ypos:0.000000,xspeed:1.080000,yspeed:0.030000,angle:5.730000,distense:19.200000,rcs:30.000000
timestame:1619470293.345000000,objid:1,type:0,xpos:0.000000,ypos:0.000000,xspeed:-1.530000,yspeed:0.040000,angle:6.280000,distense:10.600000,rcs:6.000000
timestame:1619470293.345000000,objid:2,type:0,xpos:0.000000,ypos:0.000000,xspeed:-12.190000,yspeed:-0.550000,angle:-18.000000,distense:32.800000,rcs:25.000000
