timestame:1619471408.937000000,objid:1,type:0,xpos:0.000000,ypos:0.000000,xspeed:-1.630000,yspeed:-4.110000,angle:-9.940000,distense:41.200000,rcs:27.000000
timestame:1619471408.937000000,objid:4,type:0,xpos:0.000000,ypos:0.000000,xspeed:-1.830000,yspeed:-9.090000,angle:-1.290000,distense:45.000000,rcs:36.000000
timestame:1619471408.937000000,objid:7,type:0,xpos:0.000000,ypos:0.000000,xspeed:-1.790000,yspeed:-3.440000,angle:-13.650000,distense:40.200000,rcs:24.000000
timestame:1619471408.937000000,objid:12,type:0,xpos:0.000000,ypos:0.000000,xspeed:-9.810000,yspeed:-1.330000,angle:-3.970000,distense:197.200000,rcs:16.000000
