timestame:1619471253.994000000,objid:1,type:0,xpos:0.000000,ypos:0.000000,xspeed:3.530000,yspeed:2.680000,angle:5.070000,distense:85.200000,rcs:6.000000
timestame:1619471253.994000000,objid:3,type:0,xpos:0.000000,ypos:0.000000,xspeed:-16.280000,yspeed:-0.270000,angle:-7.150000,distense:116.600000,rcs:20.000000
