timestame:1619470798.382000000,objid:1,type:0,xpos:0.000000,ypos:0.000000,xspeed:1.460000,yspeed:-0.600000,angle:-18.000000,distense:40.000000,rcs:45.000000
timestame:1619470798.382000000,objid:3,type:0,xpos:0.000000,ypos:0.000000,xspeed:1.390000,yspeed:-11.580000,angle:-18.000000,distense:67.000000,rcs:6.000000
timestame:1619470798.382000000,objid:15,type:0,xpos:0.000000,ypos:0.000000,xspeed:-1.550000,yspeed:-2.300000,angle:-18.000000,distense:37.400000,rcs:6.000000
