timestame:1619469758.957000000,objid:1,type:0,xpos:0.000000,ypos:0.000000,xspeed:3.500000,yspeed:5.240000,angle:-9.900000,distense:58.800000,rcs:6.000000
timestame:1619469758.957000000,objid:2,type:0,xpos:0.000000,ypos:0.000000,xspeed:4.700000,yspeed:3.220000,angle:-15.890000,distense:36.400000,rcs:25.000000
timestame:1619469758.957000000,objid:3,type:0,xpos:0.000000,ypos:0.000000,xspeed:5.240000,yspeed:2.470000,angle:-17.320000,distense:47.800000,rcs:6.000000
timestame:1619469758.957000000,objid:7,type:0,xpos:0.000000,ypos:0.000000,xspeed:8.590000,yspeed:5.080000,angle:-9.750000,distense:48.800000,rcs:6.000000
