timestame:1619469577.198000000,objid:1,type:0,xpos:0.000000,ypos:0.000000,xspeed:-9.460000,yspeed:-2.680000,angle:-6.520000,distense:123.200000,rcs:9.000000
timestame:1619469577.198000000,objid:3,type:0,xpos:0.000000,ypos:0.000000,xspeed:-6.740000,yspeed:-0.140000,angle:-7.750000,distense:113.600000,rcs:22.000000
timestame:1619469577.198000000,objid:5,type:0,xpos:0.000000,ypos:0.000000,xspeed:-6.710000,yspeed:-0.200000,angle:-8.000000,distense:110.400000,rcs:19.000000
