timestame:1619470172.006000000,objid:0,type:0,xpos:0.000000,ypos:0.000000,xspeed:9.110000,yspeed:0.240000,angle:2.140000,distense:80.000000,rcs:29.000000
timestame:1619470172.006000000,objid:1,type:0,xpos:0.000000,ypos:0.000000,xspeed:9.970000,yspeed:0.430000,angle:2.570000,distense:50.400000,rcs:37.000000
timestame:1619470172.006000000,objid:3,type:0,xpos:0.000000,ypos:0.000000,xspeed:11.210000,yspeed:-0.040000,angle:3.430000,distense:120.200000,rcs:12.000000
timestame:1619470172.006000000,objid:4,type:0,xpos:0.000000,ypos:0.000000,xspeed:4.700000,yspeed:1.570000,angle:20.450000,distense:31.000000,rcs:20.000000
