timestame:1619469946.499000000,objid:2,type:0,xpos:0.000000,ypos:0.000000,xspeed:1.160000,yspeed:-2.420000,angle:-9.760000,distense:49.200000,rcs:19.000000
timestame:1619469946.499000000,objid:3,type:0,xpos:0.000000,ypos:0.000000,xspeed:1.930000,yspeed:0.200000,angle:0.590000,distense:17.000000,rcs:24.000000
timestame:1619469946.499000000,objid:5,type:0,xpos:0.000000,ypos:0.000000,xspeed:-4.380000,yspeed:0.000000,angle:-18.000000,distense:56.000000,rcs:9.000000
