timestame:1619469913.915000000,objid:0,type:0,xpos:0.000000,ypos:0.000000,xspeed:-6.370000,yspeed:1.850000,angle:-18.000000,distense:32.800000,rcs:6.000000
timestame:1619469913.915000000,objid:1,type:0,xpos:0.000000,ypos:0.000000,xspeed:4.960000,yspeed:0.120000,angle:1.760000,distense:94.600000,rcs:13.000000
timestame:1619469913.915000000,objid:2,type:0,xpos:0.000000,ypos:0.000000,xspeed:12.340000,yspeed:0.210000,angle:2.520000,distense:178.800000,rcs:20.000000
timestame:1619469913.915000000,objid:8,type:0,xpos:0.000000,ypos:0.000000,xspeed:4.820000,yspeed:-0.030000,angle:1.900000,distense:87.400000,rcs:29.000000
