timestame:1619470049.175000000,objid:0,type:0,xpos:0.000000,ypos:0.000000,xspeed:6.760000,yspeed:0.030000,angle:3.850000,distense:99.200000,rcs:15.000000
timestame:1619470049.175000000,objid:5,type:0,xpos:0.000000,ypos:0.000000,xspeed:6.840000,yspeed:0.200000,angle:4.370000,distense:89.800000,rcs:27.000000
