timestame:1619470610.367000000,objid:0,type:0,xpos:0.000000,ypos:0.000000,xspeed:6.830000,yspeed:5.010000,angle:-15.410000,distense:30.800000,rcs:6.000000
timestame:1619470610.367000000,objid:2,type:0,xpos:0.000000,ypos:0.000000,xspeed:7.040000,yspeed:1.280000,angle:17.060000,distense:35.400000,rcs:6.000000
