timestame:1619469912.369000000,objid:1,type:0,xpos:0.000000,ypos:0.000000,xspeed:4.540000,yspeed:-0.050000,angle:1.660000,distense:86.400000,rcs:21.000000
timestame:1619469912.369000000,objid:2,type:0,xpos:0.000000,ypos:0.000000,xspeed:11.320000,yspeed:0.200000,angle:2.730000,distense:158.400000,rcs:15.000000
timestame:1619469912.369000000,objid:8,type:0,xpos:0.000000,ypos:0.000000,xspeed:4.420000,yspeed:0.090000,angle:2.230000,distense:79.400000,rcs:27.000000
