timestame:1619471261.858000000,objid:2,type:0,xpos:0.000000,ypos:0.000000,xspeed:12.620000,yspeed:0.130000,angle:3.610000,distense:98.200000,rcs:31.000000
timestame:1619471261.858000000,objid:6,type:0,xpos:0.000000,ypos:0.000000,xspeed:12.600000,yspeed:-0.170000,angle:3.310000,distense:110.400000,rcs:15.000000
timestame:1619471261.858000000,objid:10,type:0,xpos:0.000000,ypos:0.000000,xspeed:12.520000,yspeed:0.310000,angle:4.320000,distense:86.000000,rcs:25.000000
