timestame:1619471519.542000000,objid:7,type:0,xpos:0.000000,ypos:0.000000,xspeed:16.660000,yspeed:0.230000,angle:1.420000,distense:207.400000,rcs:15.000000
timestame:1619471519.542000000,objid:10,type:0,xpos:0.000000,ypos:0.000000,xspeed:16.610000,yspeed:0.310000,angle:1.390000,distense:196.800000,rcs:28.000000
