timestame:1619471253.255000000,objid:1,type:0,xpos:0.000000,ypos:0.000000,xspeed:2.890000,yspeed:2.950000,angle:4.150000,distense:81.400000,rcs:12.000000
timestame:1619471253.255000000,objid:3,type:0,xpos:0.000000,ypos:0.000000,xspeed:-16.630000,yspeed:-0.140000,angle:-6.260000,distense:128.600000,rcs:9.000000
