timestame:1619471227.400000000,objid:0,type:0,xpos:0.000000,ypos:0.000000,xspeed:5.920000,yspeed:0.160000,angle:2.040000,distense:78.600000,rcs:13.000000
timestame:1619471227.400000000,objid:1,type:0,xpos:0.000000,ypos:0.000000,xspeed:4.950000,yspeed:-3.080000,angle:-13.760000,distense:50.800000,rcs:16.000000
timestame:1619471227.400000000,objid:9,type:0,xpos:0.000000,ypos:0.000000,xspeed:5.590000,yspeed:0.040000,angle:2.120000,distense:68.600000,rcs:38.000000
