timestame:1619470439.410000000,objid:1,type:0,xpos:0.000000,ypos:0.000000,xspeed:14.230000,yspeed:0.620000,angle:2.490000,distense:49.000000,rcs:28.000000
timestame:1619470439.410000000,objid:2,type:0,xpos:0.000000,ypos:0.000000,xspeed:3.760000,yspeed:-0.050000,angle:10.410000,distense:72.800000,rcs:18.000000
