timestame:1619470560.963000000,objid:0,type:0,xpos:0.000000,ypos:0.000000,xspeed:5.130000,yspeed:-0.390000,angle:2.700000,distense:196.200000,rcs:6.000000
timestame:1619470560.963000000,objid:1,type:0,xpos:0.000000,ypos:0.000000,xspeed:5.460000,yspeed:-0.160000,angle:4.300000,distense:187.800000,rcs:6.000000
timestame:1619470560.963000000,objid:3,type:0,xpos:0.000000,ypos:0.000000,xspeed:8.780000,yspeed:0.180000,angle:1.820000,distense:71.200000,rcs:32.000000
