timestame:1619470190.789000000,objid:1,type:0,xpos:0.000000,ypos:0.000000,xspeed:2.200000,yspeed:5.370000,angle:5.690000,distense:134.400000,rcs:22.000000
timestame:1619470190.789000000,objid:2,type:0,xpos:0.000000,ypos:0.000000,xspeed:-5.850000,yspeed:3.970000,angle:1.270000,distense:46.400000,rcs:34.000000
timestame:1619470190.789000000,objid:7,type:0,xpos:0.000000,ypos:0.000000,xspeed:3.510000,yspeed:0.480000,angle:6.140000,distense:140.600000,rcs:12.000000
