timestame:1619470965.117000000,objid:0,type:0,xpos:0.000000,ypos:0.000000,xspeed:4.040000,yspeed:0.220000,angle:6.210000,distense:56.800000,rcs:33.000000
timestame:1619470965.117000000,objid:1,type:0,xpos:0.000000,ypos:0.000000,xspeed:12.620000,yspeed:-0.930000,angle:0.840000,distense:137.200000,rcs:12.000000
timestame:1619470965.117000000,objid:6,type:0,xpos:0.000000,ypos:0.000000,xspeed:10.650000,yspeed:0.500000,angle:2.060000,distense:115.000000,rcs:29.000000
timestame:1619470965.117000000,objid:12,type:0,xpos:0.000000,ypos:0.000000,xspeed:3.040000,yspeed:-0.050000,angle:4.690000,distense:64.000000,rcs:20.000000
