timestame:1619470880.574000000,objid:3,type:0,xpos:0.000000,ypos:0.000000,xspeed:-1.800000,yspeed:-3.280000,angle:-18.000000,distense:34.400000,rcs:30.000000
timestame:1619470880.574000000,objid:4,type:0,xpos:0.000000,ypos:0.000000,xspeed:-21.270000,yspeed:-5.730000,angle:-18.000000,distense:18.000000,rcs:18.000000
timestame:1619470880.574000000,objid:17,type:0,xpos:0.000000,ypos:0.000000,xspeed:1.030000,yspeed:-7.580000,angle:17.570000,distense:43.000000,rcs:25.000000
timestame:1619470880.574000000,objid:23,type:0,xpos:0.000000,ypos:0.000000,xspeed:-2.710000,yspeed:-4.090000,angle:-18.000000,distense:49.800000,rcs:9.000000
