timestame:1619470086.989000000,objid:5,type:0,xpos:0.000000,ypos:0.000000,xspeed:4.630000,yspeed:-11.540000,angle:-18.000000,distense:62.200000,rcs:13.000000
timestame:1619470086.989000000,objid:6,type:0,xpos:0.000000,ypos:0.000000,xspeed:1.620000,yspeed:-5.220000,angle:9.140000,distense:49.400000,rcs:12.000000
timestame:1619470086.989000000,objid:13,type:0,xpos:0.000000,ypos:0.000000,xspeed:5.530000,yspeed:-6.680000,angle:0.730000,distense:46.200000,rcs:6.000000
timestame:1619470086.989000000,objid:17,type:0,xpos:0.000000,ypos:0.000000,xspeed:3.570000,yspeed:1.640000,angle:-10.780000,distense:60.600000,rcs:12.000000
