timestame:1619470364.283000000,objid:1,type:0,xpos:0.000000,ypos:0.000000,xspeed:-1.190000,yspeed:9.080000,angle:-10.400000,distense:42.600000,rcs:6.000000
timestame:1619470364.283000000,objid:11,type:0,xpos:0.000000,ypos:0.000000,xspeed:-2.160000,yspeed:4.460000,angle:-17.000000,distense:38.800000,rcs:6.000000
