timestame:1619470444.314000000,objid:1,type:0,xpos:0.000000,ypos:0.000000,xspeed:17.210000,yspeed:0.280000,angle:1.670000,distense:132.000000,rcs:9.000000
timestame:1619470444.314000000,objid:2,type:0,xpos:0.000000,ypos:0.000000,xspeed:4.030000,yspeed:-0.040000,angle:8.050000,distense:92.200000,rcs:15.000000
