timestame:1619471006.000000000,objid:2,type:0,xpos:0.000000,ypos:0.000000,xspeed:-9.350000,yspeed:-1.640000,angle:-8.250000,distense:111.200000,rcs:16.000000
timestame:1619471006.000000000,objid:6,type:0,xpos:0.000000,ypos:0.000000,xspeed:9.500000,yspeed:8.830000,angle:-4.370000,distense:124.600000,rcs:6.000000
timestame:1619471006.000000000,objid:7,type:0,xpos:0.000000,ypos:0.000000,xspeed:-2.560000,yspeed:3.860000,angle:-18.000000,distense:49.400000,rcs:9.000000
