timestame:1619470444.685000000,objid:1,type:0,xpos:0.000000,ypos:0.000000,xspeed:17.350000,yspeed:0.210000,angle:1.550000,distense:138.400000,rcs:13.000000
timestame:1619470444.685000000,objid:2,type:0,xpos:0.000000,ypos:0.000000,xspeed:4.280000,yspeed:-0.010000,angle:7.900000,distense:94.000000,rcs:16.000000
