timestame:1619470047.498000000,objid:0,type:0,xpos:0.000000,ypos:0.000000,xspeed:6.620000,yspeed:0.400000,angle:4.640000,distense:87.800000,rcs:15.000000
timestame:1619470047.498000000,objid:3,type:0,xpos:0.000000,ypos:0.000000,xspeed:14.900000,yspeed:0.220000,angle:1.220000,distense:213.600000,rcs:13.000000
timestame:1619470047.498000000,objid:5,type:0,xpos:0.000000,ypos:0.000000,xspeed:6.760000,yspeed:0.130000,angle:4.780000,distense:78.200000,rcs:25.000000
