timestame:1619471083.969000000,objid:4,type:0,xpos:0.000000,ypos:0.000000,xspeed:4.120000,yspeed:0.190000,angle:1.580000,distense:36.000000,rcs:37.000000
timestame:1619471083.969000000,objid:10,type:0,xpos:0.000000,ypos:0.000000,xspeed:5.930000,yspeed:0.420000,angle:2.140000,distense:53.000000,rcs:6.000000
timestame:1619471083.969000000,objid:11,type:0,xpos:0.000000,ypos:0.000000,xspeed:1.180000,yspeed:-0.180000,angle:1.710000,distense:15.000000,rcs:46.000000
