timestame:1619470569.072000000,objid:1,type:0,xpos:0.000000,ypos:0.000000,xspeed:4.100000,yspeed:2.640000,angle:-14.370000,distense:35.200000,rcs:20.000000
timestame:1619470569.072000000,objid:3,type:0,xpos:0.000000,ypos:0.000000,xspeed:15.380000,yspeed:0.110000,angle:1.030000,distense:183.200000,rcs:29.000000
timestame:1619470569.072000000,objid:6,type:0,xpos:0.000000,ypos:0.000000,xspeed:-29.930000,yspeed:-4.600000,angle:-3.470000,distense:36.000000,rcs:9.000000
timestame:1619470569.072000000,objid:8,type:0,xpos:0.000000,ypos:0.000000,xspeed:2.890000,yspeed:4.270000,angle:-6.580000,distense:48.600000,rcs:6.000000
