timestame:1619470192.335000000,objid:0,type:0,xpos:0.000000,ypos:0.000000,xspeed:-4.380000,yspeed:6.870000,angle:12.030000,distense:42.800000,rcs:30.000000
timestame:1619470192.335000000,objid:1,type:0,xpos:0.000000,ypos:0.000000,xspeed:2.190000,yspeed:1.630000,angle:5.980000,distense:138.000000,rcs:29.000000
timestame:1619470192.335000000,objid:2,type:0,xpos:0.000000,ypos:0.000000,xspeed:-5.030000,yspeed:5.300000,angle:14.350000,distense:41.000000,rcs:30.000000
