timestame:1619470498.800000000,objid:2,type:0,xpos:0.000000,ypos:0.000000,xspeed:-1.420000,yspeed:-2.130000,angle:-18.000000,distense:39.600000,rcs:30.000000
timestame:1619470498.800000000,objid:7,type:0,xpos:0.000000,ypos:0.000000,xspeed:-1.560000,yspeed:-1.630000,angle:-17.100000,distense:46.200000,rcs:6.000000
