timestame:1619469912.430000000,objid:1,type:0,xpos:0.000000,ypos:0.000000,xspeed:4.570000,yspeed:-0.010000,angle:1.700000,distense:86.600000,rcs:15.000000
timestame:1619469912.430000000,objid:2,type:0,xpos:0.000000,ypos:0.000000,xspeed:11.380000,yspeed:0.210000,angle:2.730000,distense:159.200000,rcs:15.000000
timestame:1619469912.430000000,objid:8,type:0,xpos:0.000000,ypos:0.000000,xspeed:4.460000,yspeed:0.100000,angle:2.230000,distense:79.800000,rcs:27.000000
