timestame:1619469915.402000000,objid:1,type:0,xpos:0.000000,ypos:0.000000,xspeed:5.310000,yspeed:0.060000,angle:1.570000,distense:103.000000,rcs:23.000000
timestame:1619469915.402000000,objid:2,type:0,xpos:0.000000,ypos:0.000000,xspeed:13.270000,yspeed:0.390000,angle:2.520000,distense:199.800000,rcs:24.000000
timestame:1619469915.402000000,objid:8,type:0,xpos:0.000000,ypos:0.000000,xspeed:5.270000,yspeed:-0.020000,angle:1.640000,distense:96.000000,rcs:19.000000
