timestame:1619471448.510000000,objid:3,type:0,xpos:0.000000,ypos:0.000000,xspeed:-3.170000,yspeed:0.040000,angle:-5.710000,distense:108.600000,rcs:15.000000
timestame:1619471448.510000000,objid:11,type:0,xpos:0.000000,ypos:0.000000,xspeed:-2.920000,yspeed:-0.810000,angle:-8.430000,distense:98.600000,rcs:20.000000
timestame:1619471448.510000000,objid:13,type:0,xpos:0.000000,ypos:0.000000,xspeed:-3.300000,yspeed:0.090000,angle:16.660000,distense:47.600000,rcs:20.000000
