timestame:1619471228.571000000,objid:0,type:0,xpos:0.000000,ypos:0.000000,xspeed:5.650000,yspeed:0.730000,angle:2.550000,distense:85.200000,rcs:6.000000
timestame:1619471228.571000000,objid:1,type:0,xpos:0.000000,ypos:0.000000,xspeed:4.340000,yspeed:-4.080000,angle:-18.000000,distense:56.800000,rcs:19.000000
timestame:1619471228.571000000,objid:9,type:0,xpos:0.000000,ypos:0.000000,xspeed:6.030000,yspeed:0.180000,angle:2.230000,distense:76.400000,rcs:37.000000
