timestame:1619470649.375000000,objid:4,type:0,xpos:0.000000,ypos:0.000000,xspeed:-2.190000,yspeed:-2.590000,angle:-18.000000,distense:38.600000,rcs:18.000000
timestame:1619470649.375000000,objid:8,type:0,xpos:0.000000,ypos:0.000000,xspeed:-1.420000,yspeed:-5.460000,angle:-12.410000,distense:41.400000,rcs:26.000000
timestame:1619470649.375000000,objid:9,type:0,xpos:0.000000,ypos:0.000000,xspeed:-1.630000,yspeed:-3.340000,angle:-18.000000,distense:40.200000,rcs:24.000000
