timestame:1619470980.223000000,objid:0,type:0,xpos:0.000000,ypos:0.000000,xspeed:7.520000,yspeed:-0.080000,angle:2.240000,distense:151.800000,rcs:25.000000
timestame:1619470980.223000000,objid:1,type:0,xpos:0.000000,ypos:0.000000,xspeed:-14.450000,yspeed:-0.260000,angle:-4.260000,distense:140.800000,rcs:20.000000
timestame:1619470980.223000000,objid:4,type:0,xpos:0.000000,ypos:0.000000,xspeed:-21.290000,yspeed:0.130000,angle:-18.000000,distense:44.800000,rcs:24.000000
