timestame:1619471520.347000000,objid:7,type:0,xpos:0.000000,ypos:0.000000,xspeed:16.710000,yspeed:0.240000,angle:1.390000,distense:221.600000,rcs:25.000000
timestame:1619471520.347000000,objid:10,type:0,xpos:0.000000,ypos:0.000000,xspeed:16.580000,yspeed:0.300000,angle:1.380000,distense:210.600000,rcs:22.000000
