timestame:1619470944.447000000,objid:1,type:0,xpos:0.000000,ypos:0.000000,xspeed:-6.710000,yspeed:0.260000,angle:-18.000000,distense:40.800000,rcs:12.000000
timestame:1619470944.447000000,objid:5,type:0,xpos:0.000000,ypos:0.000000,xspeed:-6.070000,yspeed:-0.440000,angle:-18.000000,distense:46.800000,rcs:9.000000
timestame:1619470944.447000000,objid:7,type:0,xpos:0.000000,ypos:0.000000,xspeed:-5.590000,yspeed:-0.760000,angle:-18.000000,distense:44.000000,rcs:13.000000
