timestame:1619470138.625000000,objid:0,type:0,xpos:0.000000,ypos:0.000000,xspeed:-6.340000,yspeed:-0.330000,angle:12.620000,distense:33.800000,rcs:16.000000
timestame:1619470138.625000000,objid:7,type:0,xpos:0.000000,ypos:0.000000,xspeed:-2.230000,yspeed:-0.320000,angle:-10.570000,distense:73.800000,rcs:6.000000
