timestame:1619471460.562000000,objid:1,type:0,xpos:0.000000,ypos:0.000000,xspeed:-7.740000,yspeed:-3.230000,angle:-5.310000,distense:126.000000,rcs:13.000000
timestame:1619471460.562000000,objid:3,type:0,xpos:0.000000,ypos:0.000000,xspeed:-8.010000,yspeed:-2.860000,angle:-4.600000,distense:194.600000,rcs:13.000000
