timestame:1619470286.955000000,objid:2,type:0,xpos:0.000000,ypos:0.000000,xspeed:-12.790000,yspeed:-0.250000,angle:-8.320000,distense:105.800000,rcs:12.000000
timestame:1619470286.955000000,objid:5,type:0,xpos:0.000000,ypos:0.000000,xspeed:-5.600000,yspeed:-0.460000,angle:-18.000000,distense:42.600000,rcs:30.000000
timestame:1619470286.955000000,objid:7,type:0,xpos:0.000000,ypos:0.000000,xspeed:-5.180000,yspeed:-0.350000,angle:-18.000000,distense:38.200000,rcs:27.000000
timestame:1619470286.955000000,objid:11,type:0,xpos:0.000000,ypos:0.000000,xspeed:-5.440000,yspeed:-0.230000,angle:-18.000000,distense:31.800000,rcs:19.000000
