timestame:1619470732.831000000,objid:1,type:0,xpos:0.000000,ypos:0.000000,xspeed:12.270000,yspeed:0.560000,angle:3.270000,distense:60.800000,rcs:16.000000
timestame:1619470732.831000000,objid:6,type:0,xpos:0.000000,ypos:0.000000,xspeed:12.490000,yspeed:0.500000,angle:2.390000,distense:49.800000,rcs:48.000000
