timestame:1619471137.429000000,objid:4,type:0,xpos:0.000000,ypos:0.000000,xspeed:3.330000,yspeed:-1.570000,angle:8.370000,distense:44.600000,rcs:12.000000
timestame:1619471137.429000000,objid:5,type:0,xpos:0.000000,ypos:0.000000,xspeed:-1.190000,yspeed:-2.010000,angle:-1.930000,distense:37.200000,rcs:38.000000
timestame:1619471137.429000000,objid:9,type:0,xpos:0.000000,ypos:0.000000,xspeed:1.390000,yspeed:3.150000,angle:7.160000,distense:38.600000,rcs:35.000000
