timestame:1619469640.778000000,objid:1,type:0,xpos:0.000000,ypos:0.000000,xspeed:3.400000,yspeed:2.780000,angle:-11.240000,distense:38.800000,rcs:16.000000
timestame:1619469640.778000000,objid:6,type:0,xpos:0.000000,ypos:0.000000,xspeed:12.130000,yspeed:-0.140000,angle:8.380000,distense:22.400000,rcs:31.000000
timestame:1619469640.778000000,objid:7,type:0,xpos:0.000000,ypos:0.000000,xspeed:14.890000,yspeed:0.040000,angle:2.270000,distense:67.200000,rcs:13.000000
timestame:1619469640.778000000,objid:13,type:0,xpos:0.000000,ypos:0.000000,xspeed:15.440000,yspeed:0.490000,angle:2.510000,distense:57.000000,rcs:43.000000
