timestame:1619471531.718000000,objid:2,type:0,xpos:0.000000,ypos:0.000000,xspeed:-18.960000,yspeed:-4.020000,angle:10.360000,distense:28.200000,rcs:6.000000
timestame:1619471531.718000000,objid:4,type:0,xpos:0.000000,ypos:0.000000,xspeed:-12.760000,yspeed:4.200000,angle:-2.320000,distense:199.400000,rcs:19.000000
