timestame:1619471225.730000000,objid:1,type:0,xpos:0.000000,ypos:0.000000,xspeed:5.770000,yspeed:-1.440000,angle:-7.780000,distense:42.600000,rcs:28.000000
timestame:1619471225.730000000,objid:6,type:0,xpos:0.000000,ypos:0.000000,xspeed:5.120000,yspeed:0.300000,angle:2.590000,distense:77.600000,rcs:6.000000
timestame:1619471225.730000000,objid:9,type:0,xpos:0.000000,ypos:0.000000,xspeed:5.170000,yspeed:0.050000,angle:2.340000,distense:59.000000,rcs:35.000000
