timestame:1619470474.288000000,objid:1,type:0,xpos:0.000000,ypos:0.000000,xspeed:-11.780000,yspeed:-0.540000,angle:-4.700000,distense:144.200000,rcs:13.000000
timestame:1619470474.288000000,objid:2,type:0,xpos:0.000000,ypos:0.000000,xspeed:1.290000,yspeed:-0.810000,angle:14.170000,distense:71.400000,rcs:6.000000
