timestame:1619469995.525000000,objid:8,type:0,xpos:0.000000,ypos:0.000000,xspeed:1.090000,yspeed:3.020000,angle:-1.710000,distense:43.800000,rcs:6.000000
timestame:1619469995.525000000,objid:11,type:0,xpos:0.000000,ypos:0.000000,xspeed:1.980000,yspeed:2.700000,angle:-18.000000,distense:36.000000,rcs:30.000000
timestame:1619469995.525000000,objid:15,type:0,xpos:0.000000,ypos:0.000000,xspeed:-1.160000,yspeed:-1.750000,angle:-18.000000,distense:36.000000,rcs:32.000000
timestame:1619469995.525000000,objid:24,type:0,xpos:0.000000,ypos:0.000000,xspeed:2.120000,yspeed:3.190000,angle:-9.100000,distense:40.200000,rcs:15.000000
