timestame:1619470745.172000000,objid:0,type:0,xpos:0.000000,ypos:0.000000,xspeed:-3.050000,yspeed:-0.570000,angle:-8.740000,distense:83.800000,rcs:23.000000
timestame:1619470745.172000000,objid:6,type:0,xpos:0.000000,ypos:0.000000,xspeed:12.600000,yspeed:0.420000,angle:1.340000,distense:202.200000,rcs:26.000000
