timestame:1619470608.755000000,objid:0,type:0,xpos:0.000000,ypos:0.000000,xspeed:18.590000,yspeed:-1.370000,angle:13.290000,distense:29.400000,rcs:15.000000
timestame:1619470608.755000000,objid:2,type:0,xpos:0.000000,ypos:0.000000,xspeed:6.900000,yspeed:-0.480000,angle:19.270000,distense:23.600000,rcs:18.000000
