timestame:1619469579.754000000,objid:1,type:0,xpos:0.000000,ypos:0.000000,xspeed:-6.160000,yspeed:-0.600000,angle:-8.220000,distense:108.800000,rcs:13.000000
timestame:1619469579.754000000,objid:3,type:0,xpos:0.000000,ypos:0.000000,xspeed:-6.190000,yspeed:-0.150000,angle:-9.240000,distense:98.800000,rcs:16.000000
timestame:1619469579.754000000,objid:5,type:0,xpos:0.000000,ypos:0.000000,xspeed:-6.180000,yspeed:-0.170000,angle:-9.600000,distense:95.400000,rcs:23.000000
