timestame:1619470073.392000000,objid:3,type:0,xpos:0.000000,ypos:0.000000,xspeed:-1.240000,yspeed:2.250000,angle:18.160000,distense:48.000000,rcs:28.000000
timestame:1619470073.392000000,objid:4,type:0,xpos:0.000000,ypos:0.000000,xspeed:-1.580000,yspeed:2.350000,angle:-17.390000,distense:42.800000,rcs:18.000000
timestame:1619470073.392000000,objid:8,type:0,xpos:0.000000,ypos:0.000000,xspeed:1.590000,yspeed:3.130000,angle:-7.420000,distense:41.400000,rcs:6.000000
