timestame:1619471438.632000000,objid:6,type:0,xpos:0.000000,ypos:0.000000,xspeed:5.620000,yspeed:0.870000,angle:-7.140000,distense:89.000000,rcs:16.000000
timestame:1619471438.632000000,objid:8,type:0,xpos:0.000000,ypos:0.000000,xspeed:-2.380000,yspeed:-1.370000,angle:-18.000000,distense:31.400000,rcs:20.000000
timestame:1619471438.632000000,objid:10,type:0,xpos:0.000000,ypos:0.000000,xspeed:-1.080000,yspeed:-12.180000,angle:-18.000000,distense:41.800000,rcs:9.000000
timestame:1619471438.632000000,objid:16,type:0,xpos:0.000000,ypos:0.000000,xspeed:-23.330000,yspeed:-20.220000,angle:-14.810000,distense:9.400000,rcs:9.000000
