timestame:1619470887.932000000,objid:2,type:0,xpos:0.000000,ypos:0.000000,xspeed:-1.030000,yspeed:-2.720000,angle:-18.000000,distense:36.000000,rcs:13.000000
timestame:1619470887.932000000,objid:3,type:0,xpos:0.000000,ypos:0.000000,xspeed:-2.170000,yspeed:-3.110000,angle:-18.000000,distense:33.600000,rcs:9.000000
timestame:1619470887.932000000,objid:10,type:0,xpos:0.000000,ypos:0.000000,xspeed:-3.010000,yspeed:-2.080000,angle:-4.330000,distense:38.400000,rcs:20.000000
timestame:1619470887.932000000,objid:19,type:0,xpos:0.000000,ypos:0.000000,xspeed:-1.110000,yspeed:-3.280000,angle:-18.000000,distense:36.000000,rcs:21.000000
