timestame:1619471092.492000000,objid:1,type:0,xpos:0.000000,ypos:0.000000,xspeed:12.070000,yspeed:-0.150000,angle:3.570000,distense:77.000000,rcs:9.000000
timestame:1619471092.492000000,objid:2,type:0,xpos:0.000000,ypos:0.000000,xspeed:6.820000,yspeed:0.300000,angle:2.330000,distense:59.400000,rcs:42.000000
timestame:1619471092.492000000,objid:5,type:0,xpos:0.000000,ypos:0.000000,xspeed:12.570000,yspeed:-0.090000,angle:1.380000,distense:127.600000,rcs:6.000000
