timestame:1619470568.394000000,objid:1,type:0,xpos:0.000000,ypos:0.000000,xspeed:4.210000,yspeed:2.610000,angle:-15.120000,distense:32.200000,rcs:15.000000
timestame:1619470568.394000000,objid:3,type:0,xpos:0.000000,ypos:0.000000,xspeed:15.350000,yspeed:0.070000,angle:1.040000,distense:173.000000,rcs:26.000000
timestame:1619470568.394000000,objid:8,type:0,xpos:0.000000,ypos:0.000000,xspeed:3.170000,yspeed:4.320000,angle:-8.210000,distense:45.800000,rcs:9.000000
