timestame:1619470286.154000000,objid:2,type:0,xpos:0.000000,ypos:0.000000,xspeed:-13.210000,yspeed:-0.240000,angle:-7.560000,distense:115.000000,rcs:22.000000
timestame:1619470286.154000000,objid:5,type:0,xpos:0.000000,ypos:0.000000,xspeed:-5.480000,yspeed:-0.300000,angle:-17.200000,distense:46.800000,rcs:25.000000
timestame:1619470286.154000000,objid:7,type:0,xpos:0.000000,ypos:0.000000,xspeed:-5.240000,yspeed:-0.490000,angle:-18.000000,distense:41.800000,rcs:37.000000
timestame:1619470286.154000000,objid:11,type:0,xpos:0.000000,ypos:0.000000,xspeed:-5.310000,yspeed:-0.340000,angle:-18.000000,distense:35.800000,rcs:18.000000
