timestame:1619469532.843000000,objid:1,type:0,xpos:0.000000,ypos:0.000000,xspeed:1.620000,yspeed:-5.220000,angle:-18.000000,distense:82.600000,rcs:9.000000
timestame:1619469532.843000000,objid:4,type:0,xpos:0.000000,ypos:0.000000,xspeed:16.220000,yspeed:1.230000,angle:3.060000,distense:43.400000,rcs:32.000000
timestame:1619469532.843000000,objid:7,type:0,xpos:0.000000,ypos:0.000000,xspeed:17.050000,yspeed:0.490000,angle:1.640000,distense:51.800000,rcs:27.000000
