timestame:1619469816.535000000,objid:3,type:0,xpos:0.000000,ypos:0.000000,xspeed:1.300000,yspeed:-3.320000,angle:-7.060000,distense:50.000000,rcs:20.000000
timestame:1619469816.535000000,objid:4,type:0,xpos:0.000000,ypos:0.000000,xspeed:-8.500000,yspeed:-0.930000,angle:-4.740000,distense:175.200000,rcs:9.000000
timestame:1619469816.535000000,objid:6,type:0,xpos:0.000000,ypos:0.000000,xspeed:4.300000,yspeed:2.880000,angle:22.620000,distense:28.400000,rcs:20.000000
timestame:1619469816.535000000,objid:10,type:0,xpos:0.000000,ypos:0.000000,xspeed:1.830000,yspeed:-3.340000,angle:22.080000,distense:46.000000,rcs:18.000000
