timestame:1619469484.875000000,objid:1,type:0,xpos:0.000000,ypos:0.000000,xspeed:-7.120000,yspeed:3.930000,angle:-12.300000,distense:71.800000,rcs:24.000000
timestame:1619469484.875000000,objid:3,type:0,xpos:0.000000,ypos:0.000000,xspeed:2.420000,yspeed:0.260000,angle:11.650000,distense:18.600000,rcs:28.000000
timestame:1619469484.875000000,objid:7,type:0,xpos:0.000000,ypos:0.000000,xspeed:-2.180000,yspeed:-0.030000,angle:-10.660000,distense:86.600000,rcs:20.000000
timestame:1619469484.875000000,objid:11,type:0,xpos:0.000000,ypos:0.000000,xspeed:-1.220000,yspeed:-0.540000,angle:-9.070000,distense:81.200000,rcs:13.000000
