timestame:1619469828.997000000,objid:7,type:0,xpos:0.000000,ypos:0.000000,xspeed:-3.270000,yspeed:-1.060000,angle:-18.000000,distense:29.600000,rcs:21.000000
timestame:1619469828.997000000,objid:11,type:0,xpos:0.000000,ypos:0.000000,xspeed:-2.820000,yspeed:-0.250000,angle:-7.490000,distense:118.000000,rcs:18.000000
timestame:1619469828.997000000,objid:13,type:0,xpos:0.000000,ypos:0.000000,xspeed:3.810000,yspeed:-0.770000,angle:-5.250000,distense:126.400000,rcs:6.000000
timestame:1619469828.997000000,objid:14,type:0,xpos:0.000000,ypos:0.000000,xspeed:-2.660000,yspeed:-1.550000,angle:-18.000000,distense:32.600000,rcs:16.000000
