timestame:1619470492.216000000,objid:0,type:0,xpos:0.000000,ypos:0.000000,xspeed:1.560000,yspeed:-4.670000,angle:10.600000,distense:46.000000,rcs:29.000000
timestame:1619470492.216000000,objid:2,type:0,xpos:0.000000,ypos:0.000000,xspeed:1.410000,yspeed:-5.610000,angle:19.120000,distense:56.600000,rcs:20.000000
