timestame:1619471439.378000000,objid:6,type:0,xpos:0.000000,ypos:0.000000,xspeed:5.890000,yspeed:0.650000,angle:-6.550000,distense:93.200000,rcs:9.000000
timestame:1619471439.378000000,objid:8,type:0,xpos:0.000000,ypos:0.000000,xspeed:-3.970000,yspeed:-2.040000,angle:-18.000000,distense:28.800000,rcs:6.000000
