timestame:1619470167.175000000,objid:0,type:0,xpos:0.000000,ypos:0.000000,xspeed:5.400000,yspeed:0.200000,angle:2.170000,distense:37.600000,rcs:32.000000
timestame:1619470167.175000000,objid:3,type:0,xpos:0.000000,ypos:0.000000,xspeed:7.230000,yspeed:0.430000,angle:6.210000,distense:68.600000,rcs:28.000000
