timestame:1619470747.285000000,objid:0,type:0,xpos:0.000000,ypos:0.000000,xspeed:-2.000000,yspeed:-0.790000,angle:-10.120000,distense:80.800000,rcs:6.000000
timestame:1619470747.285000000,objid:2,type:0,xpos:0.000000,ypos:0.000000,xspeed:1.170000,yspeed:-1.470000,angle:18.160000,distense:48.200000,rcs:16.000000
