timestame:1619471085.905000000,objid:0,type:0,xpos:0.000000,ypos:0.000000,xspeed:8.430000,yspeed:0.360000,angle:1.440000,distense:53.000000,rcs:34.000000
timestame:1619471085.905000000,objid:11,type:0,xpos:0.000000,ypos:0.000000,xspeed:2.120000,yspeed:0.010000,angle:2.160000,distense:19.800000,rcs:40.000000
