timestame:1619471146.552000000,objid:1,type:0,xpos:0.000000,ypos:0.000000,xspeed:-1.550000,yspeed:6.310000,angle:16.400000,distense:39.400000,rcs:19.000000
timestame:1619471146.552000000,objid:3,type:0,xpos:0.000000,ypos:0.000000,xspeed:4.540000,yspeed:8.200000,angle:21.520000,distense:42.000000,rcs:19.000000
timestame:1619471146.552000000,objid:4,type:0,xpos:0.000000,ypos:0.000000,xspeed:-1.340000,yspeed:5.760000,angle:10.880000,distense:40.400000,rcs:6.000000
timestame:1619471146.552000000,objid:9,type:0,xpos:0.000000,ypos:0.000000,xspeed:-1.670000,yspeed:4.930000,angle:-10.180000,distense:43.800000,rcs:6.000000
