timestame:1619470188.045000000,objid:1,type:0,xpos:0.000000,ypos:0.000000,xspeed:1.600000,yspeed:1.750000,angle:-11.110000,distense:39.800000,rcs:9.000000
timestame:1619470188.045000000,objid:5,type:0,xpos:0.000000,ypos:0.000000,xspeed:-9.920000,yspeed:0.060000,angle:-7.620000,distense:61.800000,rcs:31.000000
timestame:1619470188.045000000,objid:7,type:0,xpos:0.000000,ypos:0.000000,xspeed:4.060000,yspeed:-1.040000,angle:5.520000,distense:130.800000,rcs:12.000000
timestame:1619470188.045000000,objid:11,type:0,xpos:0.000000,ypos:0.000000,xspeed:4.840000,yspeed:0.180000,angle:4.330000,distense:128.400000,rcs:13.000000
