timestame:1619470443.944000000,objid:1,type:0,xpos:0.000000,ypos:0.000000,xspeed:17.020000,yspeed:0.230000,angle:1.680000,distense:124.400000,rcs:16.000000
timestame:1619470443.944000000,objid:2,type:0,xpos:0.000000,ypos:0.000000,xspeed:3.930000,yspeed:-0.070000,angle:8.180000,distense:90.200000,rcs:16.000000
