timestame:1619470773.184000000,objid:0,type:0,xpos:0.000000,ypos:0.000000,xspeed:-9.390000,yspeed:-0.110000,angle:-6.780000,distense:124.600000,rcs:19.000000
timestame:1619470773.184000000,objid:2,type:0,xpos:0.000000,ypos:0.000000,xspeed:19.270000,yspeed:-0.420000,angle:1.430000,distense:137.400000,rcs:9.000000
