timestame:1619470830.718000000,objid:1,type:0,xpos:0.000000,ypos:0.000000,xspeed:8.810000,yspeed:0.070000,angle:3.250000,distense:100.600000,rcs:18.000000
timestame:1619470830.718000000,objid:2,type:0,xpos:0.000000,ypos:0.000000,xspeed:7.080000,yspeed:-0.100000,angle:3.090000,distense:105.200000,rcs:18.000000
timestame:1619470830.718000000,objid:3,type:0,xpos:0.000000,ypos:0.000000,xspeed:8.580000,yspeed:0.070000,angle:4.060000,distense:93.800000,rcs:29.000000
timestame:1619470830.718000000,objid:6,type:0,xpos:0.000000,ypos:0.000000,xspeed:11.130000,yspeed:-0.020000,angle:1.420000,distense:129.000000,rcs:21.000000
