timestame:1619469481.887000000,objid:3,type:0,xpos:0.000000,ypos:0.000000,xspeed:3.490000,yspeed:0.000000,angle:17.240000,distense:11.000000,rcs:19.000000
timestame:1619469481.887000000,objid:7,type:0,xpos:0.000000,ypos:0.000000,xspeed:-1.900000,yspeed:-0.960000,angle:-10.370000,distense:93.400000,rcs:15.000000
