timestame:1619470733.200000000,objid:1,type:0,xpos:0.000000,ypos:0.000000,xspeed:12.280000,yspeed:0.530000,angle:3.160000,distense:65.200000,rcs:16.000000
timestame:1619470733.200000000,objid:6,type:0,xpos:0.000000,ypos:0.000000,xspeed:12.450000,yspeed:0.590000,angle:2.560000,distense:54.200000,rcs:44.000000
