timestame:1619470222.749000000,objid:6,type:0,xpos:0.000000,ypos:0.000000,xspeed:22.980000,yspeed:11.970000,angle:15.860000,distense:53.800000,rcs:15.000000
timestame:1619470222.749000000,objid:8,type:0,xpos:0.000000,ypos:0.000000,xspeed:-2.350000,yspeed:7.790000,angle:-10.750000,distense:42.000000,rcs:19.000000
timestame:1619470222.749000000,objid:11,type:0,xpos:0.000000,ypos:0.000000,xspeed:-2.080000,yspeed:6.910000,angle:-7.610000,distense:41.200000,rcs:16.000000
