timestame:1619470052.030000000,objid:0,type:0,xpos:0.000000,ypos:0.000000,xspeed:7.430000,yspeed:-0.170000,angle:2.940000,distense:120.400000,rcs:6.000000
timestame:1619470052.030000000,objid:5,type:0,xpos:0.000000,ypos:0.000000,xspeed:7.420000,yspeed:0.060000,angle:3.540000,distense:110.800000,rcs:25.000000
