timestame:1619469772.652000000,objid:1,type:0,xpos:0.000000,ypos:0.000000,xspeed:3.720000,yspeed:1.530000,angle:-16.710000,distense:26.800000,rcs:16.000000
timestame:1619469772.652000000,objid:3,type:0,xpos:0.000000,ypos:0.000000,xspeed:4.060000,yspeed:1.300000,angle:21.020000,distense:38.600000,rcs:9.000000
timestame:1619469772.652000000,objid:7,type:0,xpos:0.000000,ypos:0.000000,xspeed:3.900000,yspeed:1.830000,angle:-15.620000,distense:36.800000,rcs:29.000000
