timestame:1619469484.129000000,objid:3,type:0,xpos:0.000000,ypos:0.000000,xspeed:3.000000,yspeed:0.340000,angle:12.060000,distense:17.600000,rcs:30.000000
timestame:1619469484.129000000,objid:7,type:0,xpos:0.000000,ypos:0.000000,xspeed:-2.050000,yspeed:0.060000,angle:-10.350000,distense:88.400000,rcs:15.000000
timestame:1619469484.129000000,objid:9,type:0,xpos:0.000000,ypos:0.000000,xspeed:2.430000,yspeed:0.850000,angle:-7.280000,distense:105.400000,rcs:6.000000
