timestame:1619469534.959000000,objid:4,type:0,xpos:0.000000,ypos:0.000000,xspeed:16.420000,yspeed:0.620000,angle:2.350000,distense:78.200000,rcs:20.000000
timestame:1619469534.959000000,objid:7,type:0,xpos:0.000000,ypos:0.000000,xspeed:16.480000,yspeed:0.580000,angle:1.920000,distense:86.000000,rcs:20.000000
