timestame:1619470365.710000000,objid:0,type:0,xpos:0.000000,ypos:0.000000,xspeed:2.290000,yspeed:5.320000,angle:2.710000,distense:46.200000,rcs:32.000000
timestame:1619470365.710000000,objid:1,type:0,xpos:0.000000,ypos:0.000000,xspeed:-1.190000,yspeed:-0.100000,angle:-5.280000,distense:61.000000,rcs:16.000000
timestame:1619470365.710000000,objid:3,type:0,xpos:0.000000,ypos:0.000000,xspeed:3.030000,yspeed:-0.220000,angle:-8.160000,distense:45.200000,rcs:29.000000
timestame:1619470365.710000000,objid:5,type:0,xpos:0.000000,ypos:0.000000,xspeed:1.740000,yspeed:0.440000,angle:5.280000,distense:52.600000,rcs:9.000000
