timestame:1619470141.902000000,objid:0,type:0,xpos:0.000000,ypos:0.000000,xspeed:5.000000,yspeed:0.570000,angle:-16.930000,distense:21.200000,rcs:24.000000
timestame:1619470141.902000000,objid:1,type:0,xpos:0.000000,ypos:0.000000,xspeed:1.550000,yspeed:0.120000,angle:15.490000,distense:28.000000,rcs:16.000000
timestame:1619470141.902000000,objid:3,type:0,xpos:0.000000,ypos:0.000000,xspeed:8.380000,yspeed:7.700000,angle:-10.960000,distense:44.000000,rcs:6.000000
