timestame:1619470841.237000000,objid:0,type:0,xpos:0.000000,ypos:0.000000,xspeed:1.160000,yspeed:2.470000,angle:-5.650000,distense:41.800000,rcs:16.000000
timestame:1619470841.237000000,objid:3,type:0,xpos:0.000000,ypos:0.000000,xspeed:2.590000,yspeed:2.620000,angle:-10.390000,distense:43.600000,rcs:6.000000
timestame:1619470841.237000000,objid:7,type:0,xpos:0.000000,ypos:0.000000,xspeed:13.200000,yspeed:0.420000,angle:2.390000,distense:220.200000,rcs:9.000000
