timestame:1619470991.902000000,objid:3,type:0,xpos:0.000000,ypos:0.000000,xspeed:5.330000,yspeed:-0.140000,angle:6.550000,distense:111.800000,rcs:6.000000
timestame:1619470991.902000000,objid:4,type:0,xpos:0.000000,ypos:0.000000,xspeed:-13.620000,yspeed:-0.540000,angle:-18.000000,distense:31.800000,rcs:9.000000
