timestame:1619470292.729000000,objid:1,type:0,xpos:0.000000,ypos:0.000000,xspeed:1.310000,yspeed:-1.020000,angle:4.100000,distense:12.600000,rcs:16.000000
timestame:1619470292.729000000,objid:2,type:0,xpos:0.000000,ypos:0.000000,xspeed:-12.260000,yspeed:-0.470000,angle:-18.000000,distense:38.800000,rcs:30.000000
