timestame:1619469617.005000000,objid:1,type:0,xpos:0.000000,ypos:0.000000,xspeed:-1.120000,yspeed:0.790000,angle:-12.290000,distense:77.000000,rcs:18.000000
timestame:1619469617.005000000,objid:2,type:0,xpos:0.000000,ypos:0.000000,xspeed:17.190000,yspeed:0.000000,angle:-10.020000,distense:88.800000,rcs:19.000000
