timestame:1619470286.524000000,objid:2,type:0,xpos:0.000000,ypos:0.000000,xspeed:-12.930000,yspeed:-0.240000,angle:-7.870000,distense:110.800000,rcs:19.000000
timestame:1619470286.524000000,objid:5,type:0,xpos:0.000000,ypos:0.000000,xspeed:-5.650000,yspeed:-0.380000,angle:-18.000000,distense:44.800000,rcs:24.000000
timestame:1619470286.524000000,objid:7,type:0,xpos:0.000000,ypos:0.000000,xspeed:-5.140000,yspeed:-0.390000,angle:-18.000000,distense:40.200000,rcs:34.000000
timestame:1619470286.524000000,objid:11,type:0,xpos:0.000000,ypos:0.000000,xspeed:-5.350000,yspeed:-0.300000,angle:-18.000000,distense:34.000000,rcs:16.000000
