timestame:1619469856.665000000,objid:0,type:0,xpos:0.000000,ypos:0.000000,xspeed:-1.980000,yspeed:-2.340000,angle:-7.130000,distense:43.600000,rcs:45.000000
timestame:1619469856.665000000,objid:3,type:0,xpos:0.000000,ypos:0.000000,xspeed:-1.100000,yspeed:-2.860000,angle:-14.600000,distense:43.000000,rcs:6.000000
timestame:1619469856.665000000,objid:5,type:0,xpos:0.000000,ypos:0.000000,xspeed:-1.630000,yspeed:-1.700000,angle:-7.990000,distense:60.200000,rcs:6.000000
timestame:1619469856.665000000,objid:10,type:0,xpos:0.000000,ypos:0.000000,xspeed:-10.670000,yspeed:0.010000,angle:-5.230000,distense:123.200000,rcs:12.000000
