timestame:1619470154.197000000,objid:3,type:0,xpos:0.000000,ypos:0.000000,xspeed:-4.790000,yspeed:-0.260000,angle:-18.000000,distense:46.200000,rcs:22.000000
timestame:1619470154.197000000,objid:5,type:0,xpos:0.000000,ypos:0.000000,xspeed:4.100000,yspeed:2.790000,angle:-16.730000,distense:33.000000,rcs:6.000000
timestame:1619470154.197000000,objid:7,type:0,xpos:0.000000,ypos:0.000000,xspeed:-15.040000,yspeed:-0.920000,angle:-7.500000,distense:118.600000,rcs:18.000000
timestame:1619470154.197000000,objid:13,type:0,xpos:0.000000,ypos:0.000000,xspeed:-14.970000,yspeed:-0.500000,angle:-7.030000,distense:123.200000,rcs:9.000000
