timestame:1619470167.364000000,objid:0,type:0,xpos:0.000000,ypos:0.000000,xspeed:5.630000,yspeed:0.230000,angle:2.200000,distense:39.000000,rcs:31.000000
timestame:1619470167.364000000,objid:3,type:0,xpos:0.000000,ypos:0.000000,xspeed:7.350000,yspeed:0.440000,angle:6.150000,distense:70.000000,rcs:22.000000
