timestame:1619470117.749000000,objid:1,type:0,xpos:0.000000,ypos:0.000000,xspeed:-3.560000,yspeed:1.370000,angle:12.460000,distense:32.400000,rcs:18.000000
timestame:1619470117.749000000,objid:3,type:0,xpos:0.000000,ypos:0.000000,xspeed:-8.140000,yspeed:-4.230000,angle:9.280000,distense:35.800000,rcs:12.000000
timestame:1619470117.749000000,objid:5,type:0,xpos:0.000000,ypos:0.000000,xspeed:-8.040000,yspeed:-0.610000,angle:16.840000,distense:23.800000,rcs:15.000000
timestame:1619470117.749000000,objid:10,type:0,xpos:0.000000,ypos:0.000000,xspeed:2.460000,yspeed:5.280000,angle:-4.810000,distense:45.800000,rcs:13.000000
