timestame:1619471097.077000000,objid:2,type:0,xpos:0.000000,ypos:0.000000,xspeed:8.410000,yspeed:-0.070000,angle:1.220000,distense:96.800000,rcs:35.000000
timestame:1619471097.077000000,objid:3,type:0,xpos:0.000000,ypos:0.000000,xspeed:-16.870000,yspeed:-1.420000,angle:-11.460000,distense:64.600000,rcs:32.000000
