timestame:1619470609.378000000,objid:0,type:0,xpos:0.000000,ypos:0.000000,xspeed:5.240000,yspeed:0.000000,angle:22.730000,distense:22.600000,rcs:22.000000
timestame:1619470609.378000000,objid:2,type:0,xpos:0.000000,ypos:0.000000,xspeed:7.400000,yspeed:1.320000,angle:18.680000,distense:28.400000,rcs:6.000000
