timestame:1619469624.429000000,objid:1,type:0,xpos:0.000000,ypos:0.000000,xspeed:-4.300000,yspeed:-0.340000,angle:-18.000000,distense:52.600000,rcs:20.000000
timestame:1619469624.429000000,objid:2,type:0,xpos:0.000000,ypos:0.000000,xspeed:-3.980000,yspeed:-0.210000,angle:-15.330000,distense:65.800000,rcs:27.000000
timestame:1619469624.429000000,objid:4,type:0,xpos:0.000000,ypos:0.000000,xspeed:-13.430000,yspeed:-0.490000,angle:-14.040000,distense:51.600000,rcs:20.000000
