timestame:1619470013.080000000,objid:0,type:0,xpos:0.000000,ypos:0.000000,xspeed:-1.920000,yspeed:-1.780000,angle:-18.000000,distense:33.400000,rcs:26.000000
timestame:1619470013.080000000,objid:9,type:0,xpos:0.000000,ypos:0.000000,xspeed:1.980000,yspeed:-1.870000,angle:-5.280000,distense:50.400000,rcs:12.000000
timestame:1619470013.080000000,objid:11,type:0,xpos:0.000000,ypos:0.000000,xspeed:1.500000,yspeed:-11.020000,angle:10.980000,distense:41.400000,rcs:29.000000
