timestame:1619470045.392000000,objid:0,type:0,xpos:0.000000,ypos:0.000000,xspeed:6.510000,yspeed:-0.040000,angle:4.660000,distense:73.600000,rcs:15.000000
timestame:1619470045.392000000,objid:3,type:0,xpos:0.000000,ypos:0.000000,xspeed:14.310000,yspeed:0.170000,angle:1.290000,distense:181.600000,rcs:15.000000
timestame:1619470045.392000000,objid:5,type:0,xpos:0.000000,ypos:0.000000,xspeed:6.120000,yspeed:0.280000,angle:5.540000,distense:63.400000,rcs:25.000000
