timestame:1619471403.584000000,objid:2,type:0,xpos:0.000000,ypos:0.000000,xspeed:1.160000,yspeed:-0.770000,angle:3.150000,distense:41.400000,rcs:23.000000
timestame:1619471403.584000000,objid:5,type:0,xpos:0.000000,ypos:0.000000,xspeed:-1.300000,yspeed:5.990000,angle:5.150000,distense:40.400000,rcs:6.000000
timestame:1619471403.584000000,objid:11,type:0,xpos:0.000000,ypos:0.000000,xspeed:2.640000,yspeed:0.000000,angle:-8.900000,distense:50.400000,rcs:16.000000
timestame:1619471403.584000000,objid:12,type:0,xpos:0.000000,ypos:0.000000,xspeed:-14.440000,yspeed:-10.490000,angle:11.750000,distense:37.200000,rcs:18.000000
