timestame:1619470044.652000000,objid:0,type:0,xpos:0.000000,ypos:0.000000,xspeed:5.440000,yspeed:-0.550000,angle:4.840000,distense:67.800000,rcs:20.000000
timestame:1619470044.652000000,objid:3,type:0,xpos:0.000000,ypos:0.000000,xspeed:14.200000,yspeed:0.200000,angle:1.360000,distense:170.200000,rcs:22.000000
timestame:1619470044.652000000,objid:5,type:0,xpos:0.000000,ypos:0.000000,xspeed:5.760000,yspeed:0.500000,angle:6.100000,distense:58.000000,rcs:29.000000
