timestame:1619470973.754000000,objid:0,type:0,xpos:0.000000,ypos:0.000000,xspeed:6.220000,yspeed:0.040000,angle:3.730000,distense:104.800000,rcs:22.000000
timestame:1619470973.754000000,objid:2,type:0,xpos:0.000000,ypos:0.000000,xspeed:1.600000,yspeed:3.890000,angle:-4.120000,distense:45.600000,rcs:12.000000
timestame:1619470973.754000000,objid:3,type:0,xpos:0.000000,ypos:0.000000,xspeed:6.470000,yspeed:-0.430000,angle:2.520000,distense:113.600000,rcs:16.000000
timestame:1619470973.754000000,objid:9,type:0,xpos:0.000000,ypos:0.000000,xspeed:2.810000,yspeed:2.710000,angle:-12.510000,distense:39.000000,rcs:18.000000
