timestame:1619470962.935000000,objid:0,type:0,xpos:0.000000,ypos:0.000000,xspeed:3.570000,yspeed:0.220000,angle:6.970000,distense:47.600000,rcs:32.000000
timestame:1619470962.935000000,objid:6,type:0,xpos:0.000000,ypos:0.000000,xspeed:10.000000,yspeed:0.460000,angle:1.870000,distense:91.400000,rcs:29.000000
timestame:1619470962.935000000,objid:9,type:0,xpos:0.000000,ypos:0.000000,xspeed:9.700000,yspeed:0.190000,angle:2.270000,distense:109.600000,rcs:9.000000
timestame:1619470962.935000000,objid:12,type:0,xpos:0.000000,ypos:0.000000,xspeed:3.110000,yspeed:0.020000,angle:5.310000,distense:57.600000,rcs:22.000000
