timestame:1619470478.456000000,objid:0,type:0,xpos:0.000000,ypos:0.000000,xspeed:-8.040000,yspeed:-0.390000,angle:-6.230000,distense:106.400000,rcs:24.000000
timestame:1619470478.456000000,objid:2,type:0,xpos:0.000000,ypos:0.000000,xspeed:1.450000,yspeed:-0.370000,angle:12.600000,distense:76.400000,rcs:6.000000
