timestame:1619470445.060000000,objid:1,type:0,xpos:0.000000,ypos:0.000000,xspeed:17.420000,yspeed:0.280000,angle:1.600000,distense:144.800000,rcs:13.000000
timestame:1619470445.060000000,objid:2,type:0,xpos:0.000000,ypos:0.000000,xspeed:4.380000,yspeed:-0.080000,angle:7.660000,distense:95.800000,rcs:23.000000
