timestame:1619470983.585000000,objid:0,type:0,xpos:0.000000,ypos:0.000000,xspeed:8.320000,yspeed:0.270000,angle:2.340000,distense:180.200000,rcs:21.000000
timestame:1619470983.585000000,objid:1,type:0,xpos:0.000000,ypos:0.000000,xspeed:-15.450000,yspeed:-0.240000,angle:-7.340000,distense:88.800000,rcs:23.000000
timestame:1619470983.585000000,objid:2,type:0,xpos:0.000000,ypos:0.000000,xspeed:8.740000,yspeed:0.000000,angle:1.960000,distense:190.000000,rcs:15.000000
timestame:1619470983.585000000,objid:3,type:0,xpos:0.000000,ypos:0.000000,xspeed:3.740000,yspeed:-2.720000,angle:11.890000,distense:69.800000,rcs:9.000000
