timestame:1619470743.927000000,objid:0,type:0,xpos:0.000000,ypos:0.000000,xspeed:-4.080000,yspeed:0.000000,angle:-7.880000,distense:87.600000,rcs:19.000000
timestame:1619470743.927000000,objid:5,type:0,xpos:0.000000,ypos:0.000000,xspeed:-1.210000,yspeed:8.340000,angle:-13.360000,distense:39.600000,rcs:12.000000
timestame:1619470743.927000000,objid:6,type:0,xpos:0.000000,ypos:0.000000,xspeed:12.430000,yspeed:0.170000,angle:1.120000,distense:186.000000,rcs:26.000000
timestame:1619470743.927000000,objid:8,type:0,xpos:0.000000,ypos:0.000000,xspeed:-7.480000,yspeed:-0.230000,angle:-8.280000,distense:84.600000,rcs:15.000000
