timestame:1619470103.623000000,objid:3,type:0,xpos:0.000000,ypos:0.000000,xspeed:2.470000,yspeed:-13.700000,angle:-18.000000,distense:63.800000,rcs:6.000000
timestame:1619470103.623000000,objid:5,type:0,xpos:0.000000,ypos:0.000000,xspeed:12.400000,yspeed:12.160000,angle:-12.390000,distense:21.200000,rcs:6.000000
timestame:1619470103.623000000,objid:7,type:0,xpos:0.000000,ypos:0.000000,xspeed:-8.540000,yspeed:0.170000,angle:16.520000,distense:26.800000,rcs:16.000000
timestame:1619470103.623000000,objid:11,type:0,xpos:0.000000,ypos:0.000000,xspeed:2.400000,yspeed:0.620000,angle:13.000000,distense:19.400000,rcs:9.000000
