timestame:1619469622.173000000,objid:1,type:0,xpos:0.000000,ypos:0.000000,xspeed:-3.420000,yspeed:0.110000,angle:-15.030000,distense:62.600000,rcs:21.000000
timestame:1619469622.173000000,objid:2,type:0,xpos:0.000000,ypos:0.000000,xspeed:-3.990000,yspeed:-0.140000,angle:-13.130000,distense:74.200000,rcs:20.000000
timestame:1619469622.173000000,objid:4,type:0,xpos:0.000000,ypos:0.000000,xspeed:-15.260000,yspeed:0.130000,angle:-7.630000,distense:80.000000,rcs:20.000000
