timestame:1619471167.957000000,objid:0,type:0,xpos:0.000000,ypos:0.000000,xspeed:-9.810000,yspeed:-0.240000,angle:-4.780000,distense:127.800000,rcs:13.000000
timestame:1619471167.957000000,objid:2,type:0,xpos:0.000000,ypos:0.000000,xspeed:3.560000,yspeed:0.760000,angle:2.950000,distense:13.200000,rcs:23.000000
