timestame:1619470276.565000000,objid:1,type:0,xpos:0.000000,ypos:0.000000,xspeed:-10.310000,yspeed:0.190000,angle:-5.030000,distense:97.600000,rcs:20.000000
timestame:1619470276.565000000,objid:2,type:0,xpos:0.000000,ypos:0.000000,xspeed:-1.690000,yspeed:0.170000,angle:-6.910000,distense:90.200000,rcs:9.000000
timestame:1619470276.565000000,objid:11,type:0,xpos:0.000000,ypos:0.000000,xspeed:-1.700000,yspeed:-0.140000,angle:-9.320000,distense:75.800000,rcs:22.000000
timestame:1619470276.565000000,objid:22,type:0,xpos:0.000000,ypos:0.000000,xspeed:-1.400000,yspeed:-0.090000,angle:-8.040000,distense:83.400000,rcs:18.000000
