timestame:1619470701.502000000,objid:0,type:0,xpos:0.000000,ypos:0.000000,xspeed:5.360000,yspeed:1.310000,angle:18.390000,distense:25.600000,rcs:26.000000
timestame:1619470701.502000000,objid:1,type:0,xpos:0.000000,ypos:0.000000,xspeed:9.620000,yspeed:0.150000,angle:3.680000,distense:111.600000,rcs:12.000000
timestame:1619470701.502000000,objid:2,type:0,xpos:0.000000,ypos:0.000000,xspeed:-8.890000,yspeed:0.300000,angle:-11.850000,distense:92.200000,rcs:21.000000
