timestame:1619469685.256000000,objid:1,type:0,xpos:0.000000,ypos:0.000000,xspeed:-2.860000,yspeed:3.940000,angle:-12.770000,distense:49.200000,rcs:12.000000
timestame:1619469685.256000000,objid:2,type:0,xpos:0.000000,ypos:0.000000,xspeed:-1.720000,yspeed:5.610000,angle:-18.000000,distense:48.200000,rcs:9.000000
timestame:1619469685.256000000,objid:4,type:0,xpos:0.000000,ypos:0.000000,xspeed:-1.930000,yspeed:7.430000,angle:-16.060000,distense:49.400000,rcs:9.000000
