timestame:1619470533.972000000,objid:0,type:0,xpos:0.000000,ypos:0.000000,xspeed:6.060000,yspeed:1.080000,angle:18.630000,distense:21.800000,rcs:25.000000
timestame:1619470533.972000000,objid:2,type:0,xpos:0.000000,ypos:0.000000,xspeed:-7.010000,yspeed:-1.360000,angle:-8.090000,distense:114.200000,rcs:12.000000
timestame:1619470533.972000000,objid:4,type:0,xpos:0.000000,ypos:0.000000,xspeed:6.650000,yspeed:5.610000,angle:-15.890000,distense:23.400000,rcs:22.000000
