timestame:1619470165.502000000,objid:0,type:0,xpos:0.000000,ypos:0.000000,xspeed:4.950000,yspeed:0.000000,angle:2.450000,distense:28.600000,rcs:24.000000
timestame:1619470165.502000000,objid:3,type:0,xpos:0.000000,ypos:0.000000,xspeed:6.360000,yspeed:0.330000,angle:6.700000,distense:55.400000,rcs:32.000000
timestame:1619470165.502000000,objid:6,type:0,xpos:0.000000,ypos:0.000000,xspeed:2.200000,yspeed:0.090000,angle:1.320000,distense:25.600000,rcs:6.000000
