timestame:1619471081.926000000,objid:1,type:0,xpos:0.000000,ypos:0.000000,xspeed:-7.560000,yspeed:-0.590000,angle:-18.000000,distense:27.400000,rcs:6.000000
timestame:1619471081.926000000,objid:4,type:0,xpos:0.000000,ypos:0.000000,xspeed:2.590000,yspeed:0.150000,angle:1.380000,distense:26.400000,rcs:25.000000
timestame:1619471081.926000000,objid:6,type:0,xpos:0.000000,ypos:0.000000,xspeed:-7.130000,yspeed:-0.420000,angle:-18.000000,distense:25.600000,rcs:6.000000
timestame:1619471081.926000000,objid:10,type:0,xpos:0.000000,ypos:0.000000,xspeed:6.070000,yspeed:0.440000,angle:1.460000,distense:41.000000,rcs:6.000000
