timestame:1619470122.923000000,objid:1,type:0,xpos:0.000000,ypos:0.000000,xspeed:7.960000,yspeed:4.550000,angle:20.780000,distense:38.600000,rcs:20.000000
timestame:1619470122.923000000,objid:4,type:0,xpos:0.000000,ypos:0.000000,xspeed:3.130000,yspeed:1.170000,angle:-15.250000,distense:22.800000,rcs:32.000000
timestame:1619470122.923000000,objid:6,type:0,xpos:0.000000,ypos:0.000000,xspeed:5.100000,yspeed:1.810000,angle:21.580000,distense:28.600000,rcs:35.000000
timestame:1619470122.923000000,objid:8,type:0,xpos:0.000000,ypos:0.000000,xspeed:3.930000,yspeed:1.660000,angle:-16.670000,distense:30.200000,rcs:6.000000
