timestame:1619471234.287000000,objid:0,type:0,xpos:0.000000,ypos:0.000000,xspeed:7.900000,yspeed:-0.040000,angle:1.430000,distense:127.800000,rcs:6.000000
timestame:1619471234.287000000,objid:9,type:0,xpos:0.000000,ypos:0.000000,xspeed:7.320000,yspeed:0.120000,angle:1.590000,distense:117.400000,rcs:27.000000
