timestame:1619469535.585000000,objid:4,type:0,xpos:0.000000,ypos:0.000000,xspeed:16.490000,yspeed:0.610000,angle:2.300000,distense:88.200000,rcs:30.000000
timestame:1619469535.585000000,objid:7,type:0,xpos:0.000000,ypos:0.000000,xspeed:16.490000,yspeed:0.420000,angle:1.710000,distense:96.000000,rcs:18.000000
