timestame:1619470616.306000000,objid:0,type:0,xpos:0.000000,ypos:0.000000,xspeed:2.130000,yspeed:-10.080000,angle:-18.000000,distense:68.400000,rcs:6.000000
timestame:1619470616.306000000,objid:1,type:0,xpos:0.000000,ypos:0.000000,xspeed:-30.890000,yspeed:0.000000,angle:-7.920000,distense:108.800000,rcs:12.000000
timestame:1619470616.306000000,objid:10,type:0,xpos:0.000000,ypos:0.000000,xspeed:-1.220000,yspeed:5.590000,angle:19.340000,distense:40.800000,rcs:6.000000
