timestame:1619471037.645000000,objid:0,type:0,xpos:0.000000,ypos:0.000000,xspeed:-1.400000,yspeed:-6.230000,angle:-14.220000,distense:44.800000,rcs:33.000000
timestame:1619471037.645000000,objid:2,type:0,xpos:0.000000,ypos:0.000000,xspeed:-1.830000,yspeed:-2.830000,angle:-18.000000,distense:41.200000,rcs:18.000000
timestame:1619471037.645000000,objid:3,type:0,xpos:0.000000,ypos:0.000000,xspeed:1.690000,yspeed:-3.350000,angle:18.040000,distense:48.600000,rcs:12.000000
