timestame:1619471091.372000000,objid:1,type:0,xpos:0.000000,ypos:0.000000,xspeed:11.060000,yspeed:0.270000,angle:5.030000,distense:61.800000,rcs:22.000000
timestame:1619471091.372000000,objid:2,type:0,xpos:0.000000,ypos:0.000000,xspeed:6.300000,yspeed:0.350000,angle:2.360000,distense:50.800000,rcs:48.000000
timestame:1619471091.372000000,objid:4,type:0,xpos:0.000000,ypos:0.000000,xspeed:-22.140000,yspeed:-1.150000,angle:-18.000000,distense:24.000000,rcs:6.000000
timestame:1619471091.372000000,objid:5,type:0,xpos:0.000000,ypos:0.000000,xspeed:12.000000,yspeed:1.080000,angle:2.140000,distense:112.800000,rcs:19.000000
