timestame:1619470791.690000000,objid:0,type:0,xpos:0.000000,ypos:0.000000,xspeed:1.310000,yspeed:0.150000,angle:2.050000,distense:19.400000,rcs:25.000000
timestame:1619470791.690000000,objid:2,type:0,xpos:0.000000,ypos:0.000000,xspeed:1.360000,yspeed:-7.970000,angle:21.710000,distense:46.600000,rcs:27.000000
timestame:1619470791.690000000,objid:5,type:0,xpos:0.000000,ypos:0.000000,xspeed:6.990000,yspeed:0.000000,angle:-18.000000,distense:46.600000,rcs:6.000000
