timestame:1619469633.882000000,objid:1,type:0,xpos:0.000000,ypos:0.000000,xspeed:5.600000,yspeed:2.980000,angle:20.190000,distense:21.200000,rcs:27.000000
timestame:1619469633.882000000,objid:3,type:0,xpos:0.000000,ypos:0.000000,xspeed:-7.000000,yspeed:2.490000,angle:-5.440000,distense:56.400000,rcs:12.000000
timestame:1619469633.882000000,objid:4,type:0,xpos:0.000000,ypos:0.000000,xspeed:2.350000,yspeed:4.130000,angle:-15.230000,distense:23.400000,rcs:12.000000
