timestame:1619470873.743000000,objid:4,type:0,xpos:0.000000,ypos:0.000000,xspeed:3.400000,yspeed:-0.050000,angle:0.380000,distense:21.000000,rcs:29.000000
timestame:1619470873.743000000,objid:11,type:0,xpos:0.000000,ypos:0.000000,xspeed:7.260000,yspeed:0.280000,angle:0.650000,distense:36.200000,rcs:28.000000
