timestame:1619471433.417000000,objid:1,type:0,xpos:0.000000,ypos:0.000000,xspeed:4.450000,yspeed:-0.980000,angle:1.750000,distense:44.800000,rcs:25.000000
timestame:1619471433.417000000,objid:2,type:0,xpos:0.000000,ypos:0.000000,xspeed:2.810000,yspeed:-3.910000,angle:2.650000,distense:44.800000,rcs:6.000000
timestame:1619471433.417000000,objid:14,type:0,xpos:0.000000,ypos:0.000000,xspeed:-2.220000,yspeed:12.180000,angle:-4.760000,distense:49.000000,rcs:21.000000
