timestame:1619469921.354000000,objid:1,type:0,xpos:0.000000,ypos:0.000000,xspeed:5.910000,yspeed:0.120000,angle:1.330000,distense:137.600000,rcs:18.000000
timestame:1619469921.354000000,objid:8,type:0,xpos:0.000000,ypos:0.000000,xspeed:5.800000,yspeed:0.110000,angle:1.500000,distense:130.800000,rcs:22.000000
