timestame:1619470839.320000000,objid:2,type:0,xpos:0.000000,ypos:0.000000,xspeed:3.900000,yspeed:2.360000,angle:-16.690000,distense:38.600000,rcs:20.000000
timestame:1619470839.320000000,objid:3,type:0,xpos:0.000000,ypos:0.000000,xspeed:2.820000,yspeed:1.730000,angle:-14.250000,distense:36.400000,rcs:18.000000
timestame:1619470839.320000000,objid:7,type:0,xpos:0.000000,ypos:0.000000,xspeed:12.990000,yspeed:0.310000,angle:2.400000,distense:194.400000,rcs:16.000000
