timestame:1619470708.837000000,objid:1,type:0,xpos:0.000000,ypos:0.000000,xspeed:12.740000,yspeed:0.270000,angle:2.190000,distense:200.200000,rcs:12.000000
timestame:1619470708.837000000,objid:2,type:0,xpos:0.000000,ypos:0.000000,xspeed:3.740000,yspeed:0.560000,angle:22.520000,distense:22.000000,rcs:19.000000
timestame:1619470708.837000000,objid:3,type:0,xpos:0.000000,ypos:0.000000,xspeed:20.610000,yspeed:10.550000,angle:-16.370000,distense:43.200000,rcs:6.000000
timestame:1619470708.837000000,objid:7,type:0,xpos:0.000000,ypos:0.000000,xspeed:9.640000,yspeed:5.980000,angle:-11.970000,distense:22.000000,rcs:18.000000
