timestame:1619469823.405000000,objid:2,type:0,xpos:0.000000,ypos:0.000000,xspeed:-1.780000,yspeed:-4.150000,angle:-15.090000,distense:41.000000,rcs:20.000000
timestame:1619469823.405000000,objid:11,type:0,xpos:0.000000,ypos:0.000000,xspeed:-4.050000,yspeed:0.160000,angle:-6.040000,distense:134.000000,rcs:13.000000
