timestame:1619470779.821000000,objid:2,type:0,xpos:0.000000,ypos:0.000000,xspeed:1.820000,yspeed:-4.470000,angle:3.060000,distense:43.400000,rcs:27.000000
timestame:1619470779.821000000,objid:4,type:0,xpos:0.000000,ypos:0.000000,xspeed:-2.160000,yspeed:-0.610000,angle:-1.580000,distense:45.600000,rcs:6.000000
timestame:1619470779.821000000,objid:13,type:0,xpos:0.000000,ypos:0.000000,xspeed:-40.210000,yspeed:0.260000,angle:20.950000,distense:32.400000,rcs:32.000000
