timestame:1619469772.837000000,objid:1,type:0,xpos:0.000000,ypos:0.000000,xspeed:3.700000,yspeed:1.570000,angle:-16.610000,distense:27.400000,rcs:18.000000
timestame:1619469772.837000000,objid:3,type:0,xpos:0.000000,ypos:0.000000,xspeed:4.060000,yspeed:1.300000,angle:20.960000,distense:39.400000,rcs:9.000000
timestame:1619469772.837000000,objid:7,type:0,xpos:0.000000,ypos:0.000000,xspeed:3.910000,yspeed:1.810000,angle:-15.650000,distense:37.600000,rcs:22.000000
