timestame:1619469635.312000000,objid:2,type:0,xpos:0.000000,ypos:0.000000,xspeed:4.370000,yspeed:0.000000,angle:20.270000,distense:21.000000,rcs:28.000000
timestame:1619469635.312000000,objid:3,type:0,xpos:0.000000,ypos:0.000000,xspeed:-5.790000,yspeed:2.800000,angle:-1.430000,distense:48.400000,rcs:21.000000
timestame:1619469635.312000000,objid:4,type:0,xpos:0.000000,ypos:0.000000,xspeed:3.960000,yspeed:-0.300000,angle:21.920000,distense:28.800000,rcs:28.000000
timestame:1619469635.312000000,objid:5,type:0,xpos:0.000000,ypos:0.000000,xspeed:4.370000,yspeed:0.000000,angle:19.590000,distense:24.800000,rcs:33.000000
