timestame:1619470375.273000000,objid:1,type:0,xpos:0.000000,ypos:0.000000,xspeed:-1.660000,yspeed:-3.390000,angle:-18.000000,distense:37.600000,rcs:24.000000
timestame:1619470375.273000000,objid:8,type:0,xpos:0.000000,ypos:0.000000,xspeed:2.850000,yspeed:-0.210000,angle:2.340000,distense:64.400000,rcs:9.000000
timestame:1619470375.273000000,objid:18,type:0,xpos:0.000000,ypos:0.000000,xspeed:-7.270000,yspeed:-0.010000,angle:-7.450000,distense:89.800000,rcs:19.000000
