timestame:1619469774.830000000,objid:1,type:0,xpos:0.000000,ypos:0.000000,xspeed:3.390000,yspeed:3.240000,angle:-11.380000,distense:37.000000,rcs:16.000000
timestame:1619469774.830000000,objid:3,type:0,xpos:0.000000,ypos:0.000000,xspeed:3.010000,yspeed:0.950000,angle:21.510000,distense:19.000000,rcs:31.000000
timestame:1619469774.830000000,objid:4,type:0,xpos:0.000000,ypos:0.000000,xspeed:6.160000,yspeed:-1.810000,angle:-17.470000,distense:26.600000,rcs:28.000000
timestame:1619469774.830000000,objid:10,type:0,xpos:0.000000,ypos:0.000000,xspeed:12.500000,yspeed:6.360000,angle:-18.000000,distense:44.400000,rcs:9.000000
