timestame:1619469922.222000000,objid:1,type:0,xpos:0.000000,ypos:0.000000,xspeed:6.000000,yspeed:0.250000,angle:1.480000,distense:142.800000,rcs:20.000000
timestame:1619469922.222000000,objid:8,type:0,xpos:0.000000,ypos:0.000000,xspeed:5.810000,yspeed:0.000000,angle:1.360000,distense:135.600000,rcs:26.000000
