timestame:1619470031.082000000,objid:1,type:0,xpos:0.000000,ypos:0.000000,xspeed:6.050000,yspeed:0.370000,angle:2.530000,distense:40.600000,rcs:25.000000
timestame:1619470031.082000000,objid:4,type:0,xpos:0.000000,ypos:0.000000,xspeed:10.560000,yspeed:-0.040000,angle:1.940000,distense:67.800000,rcs:24.000000
timestame:1619470031.082000000,objid:7,type:0,xpos:0.000000,ypos:0.000000,xspeed:1.290000,yspeed:-2.070000,angle:7.860000,distense:20.400000,rcs:26.000000
