timestame:1619470168.785000000,objid:0,type:0,xpos:0.000000,ypos:0.000000,xspeed:6.640000,yspeed:0.310000,angle:2.270000,distense:49.800000,rcs:38.000000
timestame:1619470168.785000000,objid:1,type:0,xpos:0.000000,ypos:0.000000,xspeed:10.060000,yspeed:0.270000,angle:1.880000,distense:17.800000,rcs:30.000000
timestame:1619470168.785000000,objid:3,type:0,xpos:0.000000,ypos:0.000000,xspeed:8.400000,yspeed:0.170000,angle:5.150000,distense:83.400000,rcs:27.000000
