timestame:1619471235.529000000,objid:0,type:0,xpos:0.000000,ypos:0.000000,xspeed:7.930000,yspeed:0.070000,angle:1.410000,distense:137.800000,rcs:9.000000
timestame:1619471235.529000000,objid:9,type:0,xpos:0.000000,ypos:0.000000,xspeed:7.740000,yspeed:0.100000,angle:1.490000,distense:127.800000,rcs:21.000000
