timestame:1619470224.734000000,objid:7,type:0,xpos:0.000000,ypos:0.000000,xspeed:1.330000,yspeed:0.900000,angle:-9.560000,distense:49.800000,rcs:6.000000
timestame:1619470224.734000000,objid:9,type:0,xpos:0.000000,ypos:0.000000,xspeed:-1.450000,yspeed:5.070000,angle:12.390000,distense:38.400000,rcs:13.000000
timestame:1619470224.734000000,objid:11,type:0,xpos:0.000000,ypos:0.000000,xspeed:-1.890000,yspeed:6.440000,angle:10.760000,distense:37.800000,rcs:6.000000
timestame:1619470224.734000000,objid:14,type:0,xpos:0.000000,ypos:0.000000,xspeed:1.930000,yspeed:8.260000,angle:16.940000,distense:39.200000,rcs:16.000000
