timestame:1619469579.122000000,objid:1,type:0,xpos:0.000000,ypos:0.000000,xspeed:-6.300000,yspeed:-0.730000,angle:-7.890000,distense:112.200000,rcs:6.000000
timestame:1619469579.122000000,objid:3,type:0,xpos:0.000000,ypos:0.000000,xspeed:-6.200000,yspeed:-0.140000,angle:-8.850000,distense:102.400000,rcs:20.000000
timestame:1619469579.122000000,objid:5,type:0,xpos:0.000000,ypos:0.000000,xspeed:-6.300000,yspeed:-0.340000,angle:-9.400000,distense:99.000000,rcs:16.000000
