timestame:1619471122.016000000,objid:0,type:0,xpos:0.000000,ypos:0.000000,xspeed:-8.560000,yspeed:1.100000,angle:-6.390000,distense:47.200000,rcs:22.000000
timestame:1619471122.016000000,objid:1,type:0,xpos:0.000000,ypos:0.000000,xspeed:-7.000000,yspeed:0.000000,angle:-3.190000,distense:50.000000,rcs:30.000000
