timestame:1619470666.097000000,objid:0,type:0,xpos:0.000000,ypos:0.000000,xspeed:-1.090000,yspeed:0.260000,angle:-9.480000,distense:92.200000,rcs:19.000000
timestame:1619470666.097000000,objid:1,type:0,xpos:0.000000,ypos:0.000000,xspeed:1.330000,yspeed:0.770000,angle:-7.450000,distense:110.000000,rcs:9.000000
timestame:1619470666.097000000,objid:3,type:0,xpos:0.000000,ypos:0.000000,xspeed:-1.330000,yspeed:-0.110000,angle:-8.280000,distense:103.200000,rcs:12.000000
