timestame:1619470289.504000000,objid:2,type:0,xpos:0.000000,ypos:0.000000,xspeed:-12.040000,yspeed:-0.140000,angle:-11.650000,distense:76.000000,rcs:29.000000
timestame:1619470289.504000000,objid:5,type:0,xpos:0.000000,ypos:0.000000,xspeed:-5.870000,yspeed:-0.250000,angle:-18.000000,distense:29.200000,rcs:13.000000
timestame:1619470289.504000000,objid:7,type:0,xpos:0.000000,ypos:0.000000,xspeed:-5.760000,yspeed:-0.440000,angle:-18.000000,distense:25.600000,rcs:9.000000
