timestame:1619470490.716000000,objid:0,type:0,xpos:0.000000,ypos:0.000000,xspeed:1.310000,yspeed:-5.600000,angle:19.210000,distense:45.000000,rcs:31.000000
timestame:1619470490.716000000,objid:2,type:0,xpos:0.000000,ypos:0.000000,xspeed:1.110000,yspeed:-3.930000,angle:-12.760000,distense:58.200000,rcs:15.000000
timestame:1619470490.716000000,objid:5,type:0,xpos:0.000000,ypos:0.000000,xspeed:-2.060000,yspeed:-0.990000,angle:-18.000000,distense:29.800000,rcs:6.000000
timestame:1619470490.716000000,objid:8,type:0,xpos:0.000000,ypos:0.000000,xspeed:1.380000,yspeed:8.530000,angle:-12.660000,distense:50.000000,rcs:16.000000
