timestame:1619469824.517000000,objid:2,type:0,xpos:0.000000,ypos:0.000000,xspeed:-2.250000,yspeed:-3.670000,angle:-18.000000,distense:39.400000,rcs:20.000000
timestame:1619469824.517000000,objid:10,type:0,xpos:0.000000,ypos:0.000000,xspeed:-1.130000,yspeed:-3.680000,angle:-14.380000,distense:41.600000,rcs:31.000000
timestame:1619469824.517000000,objid:11,type:0,xpos:0.000000,ypos:0.000000,xspeed:-3.520000,yspeed:0.230000,angle:-6.060000,distense:130.600000,rcs:9.000000
