timestame:1619469995.652000000,objid:8,type:0,xpos:0.000000,ypos:0.000000,xspeed:1.120000,yspeed:2.990000,angle:-1.530000,distense:44.200000,rcs:6.000000
timestame:1619469995.652000000,objid:11,type:0,xpos:0.000000,ypos:0.000000,xspeed:1.980000,yspeed:2.700000,angle:-18.000000,distense:36.000000,rcs:30.000000
timestame:1619469995.652000000,objid:15,type:0,xpos:0.000000,ypos:0.000000,xspeed:-1.190000,yspeed:-1.820000,angle:-18.000000,distense:36.000000,rcs:35.000000
timestame:1619469995.652000000,objid:24,type:0,xpos:0.000000,ypos:0.000000,xspeed:1.930000,yspeed:3.260000,angle:-8.430000,distense:40.400000,rcs:6.000000
