timestame:1619469700.383000000,objid:2,type:0,xpos:0.000000,ypos:0.000000,xspeed:-2.250000,yspeed:-2.000000,angle:-18.000000,distense:39.800000,rcs:20.000000
timestame:1619469700.383000000,objid:5,type:0,xpos:0.000000,ypos:0.000000,xspeed:-4.030000,yspeed:-2.190000,angle:-18.000000,distense:36.400000,rcs:12.000000
timestame:1619469700.383000000,objid:8,type:0,xpos:0.000000,ypos:0.000000,xspeed:2.330000,yspeed:5.640000,angle:-0.610000,distense:47.600000,rcs:26.000000
