timestame:1619470006.930000000,objid:8,type:0,xpos:0.000000,ypos:0.000000,xspeed:-3.760000,yspeed:-2.120000,angle:-18.000000,distense:31.400000,rcs:6.000000
timestame:1619470006.930000000,objid:9,type:0,xpos:0.000000,ypos:0.000000,xspeed:-2.130000,yspeed:-2.890000,angle:-18.000000,distense:34.400000,rcs:22.000000
timestame:1619470006.930000000,objid:11,type:0,xpos:0.000000,ypos:0.000000,xspeed:-3.000000,yspeed:-2.550000,angle:-18.000000,distense:32.000000,rcs:6.000000
timestame:1619470006.930000000,objid:19,type:0,xpos:0.000000,ypos:0.000000,xspeed:1.120000,yspeed:-0.100000,angle:8.600000,distense:19.800000,rcs:20.000000
