timestame:1619471438.509000000,objid:6,type:0,xpos:0.000000,ypos:0.000000,xspeed:4.190000,yspeed:0.030000,angle:-7.470000,distense:87.800000,rcs:22.000000
timestame:1619471438.509000000,objid:8,type:0,xpos:0.000000,ypos:0.000000,xspeed:-2.360000,yspeed:-1.490000,angle:-18.000000,distense:31.600000,rcs:26.000000
timestame:1619471438.509000000,objid:10,type:0,xpos:0.000000,ypos:0.000000,xspeed:-1.680000,yspeed:-13.130000,angle:-18.000000,distense:41.200000,rcs:9.000000
timestame:1619471438.509000000,objid:16,type:0,xpos:0.000000,ypos:0.000000,xspeed:-23.330000,yspeed:-20.220000,angle:-0.120000,distense:6.400000,rcs:9.000000
