timestame:1619470641.194000000,objid:2,type:0,xpos:0.000000,ypos:0.000000,xspeed:-6.860000,yspeed:-0.140000,angle:-4.660000,distense:180.200000,rcs:15.000000
timestame:1619470641.194000000,objid:8,type:0,xpos:0.000000,ypos:0.000000,xspeed:-3.480000,yspeed:11.490000,angle:-2.200000,distense:40.600000,rcs:18.000000
timestame:1619470641.194000000,objid:14,type:0,xpos:0.000000,ypos:0.000000,xspeed:-1.280000,yspeed:-9.770000,angle:7.170000,distense:165.800000,rcs:9.000000
