timestame:1619469996.587000000,objid:9,type:0,xpos:0.000000,ypos:0.000000,xspeed:1.340000,yspeed:-8.810000,angle:22.380000,distense:44.800000,rcs:24.000000
timestame:1619469996.587000000,objid:11,type:0,xpos:0.000000,ypos:0.000000,xspeed:-1.590000,yspeed:-1.190000,angle:-18.000000,distense:34.200000,rcs:16.000000
timestame:1619469996.587000000,objid:15,type:0,xpos:0.000000,ypos:0.000000,xspeed:-1.610000,yspeed:-2.690000,angle:-18.000000,distense:35.400000,rcs:32.000000
timestame:1619469996.587000000,objid:24,type:0,xpos:0.000000,ypos:0.000000,xspeed:1.570000,yspeed:3.590000,angle:-4.900000,distense:43.400000,rcs:6.000000
