timestame:1619470560.840000000,objid:0,type:0,xpos:0.000000,ypos:0.000000,xspeed:5.130000,yspeed:-0.390000,angle:2.730000,distense:195.600000,rcs:6.000000
timestame:1619470560.840000000,objid:1,type:0,xpos:0.000000,ypos:0.000000,xspeed:5.360000,yspeed:-0.060000,angle:4.410000,distense:187.000000,rcs:15.000000
timestame:1619470560.840000000,objid:3,type:0,xpos:0.000000,ypos:0.000000,xspeed:8.660000,yspeed:0.150000,angle:1.790000,distense:70.000000,rcs:35.000000
