timestame:1619471232.665000000,objid:0,type:0,xpos:0.000000,ypos:0.000000,xspeed:6.930000,yspeed:-0.110000,angle:1.550000,distense:113.800000,rcs:6.000000
timestame:1619471232.665000000,objid:9,type:0,xpos:0.000000,ypos:0.000000,xspeed:6.910000,yspeed:-0.030000,angle:1.550000,distense:105.200000,rcs:37.000000
