timestame:1619470499.172000000,objid:2,type:0,xpos:0.000000,ypos:0.000000,xspeed:-1.500000,yspeed:-1.960000,angle:-18.000000,distense:39.000000,rcs:32.000000
timestame:1619470499.172000000,objid:4,type:0,xpos:0.000000,ypos:0.000000,xspeed:-1.870000,yspeed:-15.360000,angle:14.650000,distense:43.200000,rcs:37.000000
timestame:1619470499.172000000,objid:7,type:0,xpos:0.000000,ypos:0.000000,xspeed:-1.590000,yspeed:-1.860000,angle:-18.000000,distense:45.800000,rcs:6.000000
