timestame:1619469911.249000000,objid:1,type:0,xpos:0.000000,ypos:0.000000,xspeed:4.170000,yspeed:-0.050000,angle:1.830000,distense:80.600000,rcs:20.000000
timestame:1619469911.249000000,objid:2,type:0,xpos:0.000000,ypos:0.000000,xspeed:10.430000,yspeed:0.070000,angle:2.820000,distense:144.200000,rcs:13.000000
timestame:1619469911.249000000,objid:8,type:0,xpos:0.000000,ypos:0.000000,xspeed:4.240000,yspeed:0.170000,angle:2.430000,distense:74.200000,rcs:39.000000
