timestame:1619471098.129000000,objid:2,type:0,xpos:0.000000,ypos:0.000000,xspeed:9.020000,yspeed:0.050000,angle:1.240000,distense:107.400000,rcs:33.000000
timestame:1619471098.129000000,objid:3,type:0,xpos:0.000000,ypos:0.000000,xspeed:-17.570000,yspeed:-0.990000,angle:-17.380000,distense:46.000000,rcs:30.000000
