timestame:1619469784.161000000,objid:2,type:0,xpos:0.000000,ypos:0.000000,xspeed:16.890000,yspeed:-0.050000,angle:1.030000,distense:163.600000,rcs:9.000000
timestame:1619469784.161000000,objid:4,type:0,xpos:0.000000,ypos:0.000000,xspeed:-17.620000,yspeed:-0.460000,angle:-6.640000,distense:130.400000,rcs:9.000000
timestame:1619469784.161000000,objid:5,type:0,xpos:0.000000,ypos:0.000000,xspeed:1.600000,yspeed:3.520000,angle:-2.190000,distense:47.000000,rcs:6.000000
timestame:1619469784.161000000,objid:10,type:0,xpos:0.000000,ypos:0.000000,xspeed:16.690000,yspeed:0.270000,angle:1.320000,distense:151.000000,rcs:20.000000
