timestame:1619470491.903000000,objid:0,type:0,xpos:0.000000,ypos:0.000000,xspeed:1.540000,yspeed:-4.700000,angle:12.390000,distense:45.800000,rcs:27.000000
timestame:1619470491.903000000,objid:2,type:0,xpos:0.000000,ypos:0.000000,xspeed:1.460000,yspeed:-5.620000,angle:20.820000,distense:57.000000,rcs:13.000000
timestame:1619470491.903000000,objid:3,type:0,xpos:0.000000,ypos:0.000000,xspeed:-1.090000,yspeed:-8.060000,angle:15.200000,distense:42.600000,rcs:36.000000
