timestame:1619469869.993000000,objid:8,type:0,xpos:0.000000,ypos:0.000000,xspeed:-2.570000,yspeed:-0.080000,angle:-18.000000,distense:32.200000,rcs:15.000000
timestame:1619469869.993000000,objid:13,type:0,xpos:0.000000,ypos:0.000000,xspeed:-1.990000,yspeed:-0.810000,angle:-18.000000,distense:35.000000,rcs:22.000000
timestame:1619469869.993000000,objid:14,type:0,xpos:0.000000,ypos:0.000000,xspeed:-1.260000,yspeed:3.710000,angle:0.070000,distense:41.800000,rcs:25.000000
timestame:1619469869.993000000,objid:16,type:0,xpos:0.000000,ypos:0.000000,xspeed:-1.230000,yspeed:-1.400000,angle:-18.000000,distense:38.200000,rcs:29.000000
