timestame:1619471136.253000000,objid:3,type:0,xpos:0.000000,ypos:0.000000,xspeed:-1.280000,yspeed:-1.670000,angle:14.940000,distense:39.600000,rcs:33.000000
timestame:1619471136.253000000,objid:4,type:0,xpos:0.000000,ypos:0.000000,xspeed:3.630000,yspeed:-1.500000,angle:11.510000,distense:41.000000,rcs:32.000000
