timestame:1619471517.613000000,objid:3,type:0,xpos:0.000000,ypos:0.000000,xspeed:29.220000,yspeed:-0.240000,angle:0.280000,distense:181.600000,rcs:9.000000
timestame:1619471517.613000000,objid:7,type:0,xpos:0.000000,ypos:0.000000,xspeed:16.070000,yspeed:0.290000,angle:1.590000,distense:175.000000,rcs:6.000000
timestame:1619471517.613000000,objid:10,type:0,xpos:0.000000,ypos:0.000000,xspeed:16.040000,yspeed:0.130000,angle:1.370000,distense:164.400000,rcs:30.000000
