timestame:1619469915.834000000,objid:1,type:0,xpos:0.000000,ypos:0.000000,xspeed:5.420000,yspeed:0.130000,angle:1.650000,distense:105.400000,rcs:24.000000
timestame:1619469915.834000000,objid:2,type:0,xpos:0.000000,ypos:0.000000,xspeed:13.470000,yspeed:0.340000,angle:2.450000,distense:205.800000,rcs:34.000000
timestame:1619469915.834000000,objid:8,type:0,xpos:0.000000,ypos:0.000000,xspeed:5.340000,yspeed:-0.010000,angle:1.600000,distense:98.400000,rcs:26.000000
