timestame:1619469484.752000000,objid:3,type:0,xpos:0.000000,ypos:0.000000,xspeed:2.510000,yspeed:0.300000,angle:11.800000,distense:18.400000,rcs:30.000000
timestame:1619469484.752000000,objid:7,type:0,xpos:0.000000,ypos:0.000000,xspeed:-2.100000,yspeed:0.010000,angle:-10.560000,distense:87.000000,rcs:15.000000
timestame:1619469484.752000000,objid:9,type:0,xpos:0.000000,ypos:0.000000,xspeed:1.650000,yspeed:-0.710000,angle:-7.980000,distense:106.000000,rcs:12.000000
timestame:1619469484.752000000,objid:11,type:0,xpos:0.000000,ypos:0.000000,xspeed:-1.170000,yspeed:-0.670000,angle:-9.100000,distense:81.400000,rcs:12.000000
