timestame:1619470608.201000000,objid:0,type:0,xpos:0.000000,ypos:0.000000,xspeed:24.470000,yspeed:0.000000,angle:22.020000,distense:20.800000,rcs:20.000000
timestame:1619470608.201000000,objid:2,type:0,xpos:0.000000,ypos:0.000000,xspeed:8.210000,yspeed:2.550000,angle:-17.310000,distense:20.400000,rcs:15.000000
