timestame:1619469634.129000000,objid:1,type:0,xpos:0.000000,ypos:0.000000,xspeed:3.270000,yspeed:-0.800000,angle:19.000000,distense:21.800000,rcs:29.000000
timestame:1619469634.129000000,objid:3,type:0,xpos:0.000000,ypos:0.000000,xspeed:-6.550000,yspeed:2.470000,angle:-4.830000,distense:54.600000,rcs:20.000000
timestame:1619469634.129000000,objid:4,type:0,xpos:0.000000,ypos:0.000000,xspeed:2.350000,yspeed:4.130000,angle:-13.340000,distense:24.600000,rcs:12.000000
