timestame:1619470750.764000000,objid:0,type:0,xpos:0.000000,ypos:0.000000,xspeed:-1.180000,yspeed:-2.790000,angle:-17.010000,distense:40.200000,rcs:33.000000
timestame:1619470750.764000000,objid:5,type:0,xpos:0.000000,ypos:0.000000,xspeed:2.280000,yspeed:-2.990000,angle:0.280000,distense:44.400000,rcs:23.000000
timestame:1619470750.764000000,objid:8,type:0,xpos:0.000000,ypos:0.000000,xspeed:1.600000,yspeed:-8.330000,angle:-16.150000,distense:46.200000,rcs:25.000000
