timestame:1619470485.475000000,objid:1,type:0,xpos:0.000000,ypos:0.000000,xspeed:-3.140000,yspeed:-0.130000,angle:-8.890000,distense:80.000000,rcs:20.000000
timestame:1619470485.475000000,objid:2,type:0,xpos:0.000000,ypos:0.000000,xspeed:2.210000,yspeed:-6.960000,angle:2.130000,distense:64.000000,rcs:12.000000
timestame:1619470485.475000000,objid:4,type:0,xpos:0.000000,ypos:0.000000,xspeed:-1.110000,yspeed:-5.070000,angle:-12.330000,distense:40.000000,rcs:25.000000
