timestame:1619469540.173000000,objid:4,type:0,xpos:0.000000,ypos:0.000000,xspeed:17.660000,yspeed:0.100000,angle:1.290000,distense:169.000000,rcs:26.000000
timestame:1619469540.173000000,objid:7,type:0,xpos:0.000000,ypos:0.000000,xspeed:17.580000,yspeed:0.090000,angle:1.060000,distense:176.200000,rcs:6.000000
