timestame:1619470181.695000000,objid:1,type:0,xpos:0.000000,ypos:0.000000,xspeed:13.150000,yspeed:0.010000,angle:1.380000,distense:166.000000,rcs:16.000000
timestame:1619470181.695000000,objid:8,type:0,xpos:0.000000,ypos:0.000000,xspeed:8.960000,yspeed:0.350000,angle:4.020000,distense:105.600000,rcs:12.000000
timestame:1619470181.695000000,objid:11,type:0,xpos:0.000000,ypos:0.000000,xspeed:8.430000,yspeed:0.370000,angle:5.100000,distense:95.000000,rcs:27.000000
