timestame:1619470941.963000000,objid:1,type:0,xpos:0.000000,ypos:0.000000,xspeed:-4.810000,yspeed:0.710000,angle:-14.630000,distense:58.200000,rcs:20.000000
timestame:1619470941.963000000,objid:5,type:0,xpos:0.000000,ypos:0.000000,xspeed:-6.240000,yspeed:-0.430000,angle:-16.380000,distense:60.600000,rcs:20.000000
timestame:1619470941.963000000,objid:10,type:0,xpos:0.000000,ypos:0.000000,xspeed:-4.500000,yspeed:0.400000,angle:-11.280000,distense:60.000000,rcs:16.000000
