timestame:1619470907.903000000,objid:10,type:0,xpos:0.000000,ypos:0.000000,xspeed:-1.010000,yspeed:-0.450000,angle:-17.300000,distense:36.200000,rcs:15.000000
timestame:1619470907.903000000,objid:16,type:0,xpos:0.000000,ypos:0.000000,xspeed:-2.660000,yspeed:-0.820000,angle:-18.000000,distense:32.800000,rcs:25.000000
