timestame:1619470570.998000000,objid:1,type:0,xpos:0.000000,ypos:0.000000,xspeed:3.350000,yspeed:3.360000,angle:-9.830000,distense:43.800000,rcs:12.000000
timestame:1619470570.998000000,objid:3,type:0,xpos:0.000000,ypos:0.000000,xspeed:15.410000,yspeed:0.280000,angle:1.120000,distense:212.800000,rcs:20.000000
