timestame:1619470162.149000000,objid:0,type:0,xpos:0.000000,ypos:0.000000,xspeed:-15.360000,yspeed:-1.200000,angle:-18.000000,distense:26.400000,rcs:6.000000
timestame:1619470162.149000000,objid:3,type:0,xpos:0.000000,ypos:0.000000,xspeed:4.240000,yspeed:0.530000,angle:8.420000,distense:33.800000,rcs:35.000000
