timestame:1619469646.663000000,objid:2,type:0,xpos:0.000000,ypos:0.000000,xspeed:12.770000,yspeed:0.610000,angle:4.940000,distense:86.600000,rcs:28.000000
timestame:1619469646.663000000,objid:13,type:0,xpos:0.000000,ypos:0.000000,xspeed:15.230000,yspeed:0.690000,angle:2.370000,distense:145.600000,rcs:36.000000
timestame:1619469646.663000000,objid:14,type:0,xpos:0.000000,ypos:0.000000,xspeed:12.890000,yspeed:0.420000,angle:4.900000,distense:83.800000,rcs:29.000000
