timestame:1619470442.575000000,objid:1,type:0,xpos:0.000000,ypos:0.000000,xspeed:16.080000,yspeed:0.470000,angle:2.120000,distense:100.800000,rcs:23.000000
timestame:1619470442.575000000,objid:2,type:0,xpos:0.000000,ypos:0.000000,xspeed:3.920000,yspeed:-0.150000,angle:8.680000,distense:85.200000,rcs:9.000000
