timestame:1619470162.087000000,objid:0,type:0,xpos:0.000000,ypos:0.000000,xspeed:-15.360000,yspeed:-1.200000,angle:-18.000000,distense:26.800000,rcs:6.000000
timestame:1619470162.087000000,objid:3,type:0,xpos:0.000000,ypos:0.000000,xspeed:4.140000,yspeed:0.520000,angle:8.440000,distense:33.400000,rcs:33.000000
