timestame:1619470729.410000000,objid:0,type:0,xpos:0.000000,ypos:0.000000,xspeed:-12.530000,yspeed:-0.350000,angle:-12.210000,distense:60.200000,rcs:27.000000
timestame:1619470729.410000000,objid:1,type:0,xpos:0.000000,ypos:0.000000,xspeed:12.560000,yspeed:0.550000,angle:4.260000,distense:18.800000,rcs:35.000000
timestame:1619470729.410000000,objid:2,type:0,xpos:0.000000,ypos:0.000000,xspeed:11.940000,yspeed:0.000000,angle:4.130000,distense:13.200000,rcs:32.000000
timestame:1619470729.410000000,objid:3,type:0,xpos:0.000000,ypos:0.000000,xspeed:-13.290000,yspeed:-2.890000,angle:-14.470000,distense:56.800000,rcs:26.000000
