timestame:1619471250.595000000,objid:0,type:0,xpos:0.000000,ypos:0.000000,xspeed:-15.240000,yspeed:6.020000,angle:-1.810000,distense:173.400000,rcs:6.000000
timestame:1619471250.595000000,objid:3,type:0,xpos:0.000000,ypos:0.000000,xspeed:-10.570000,yspeed:5.440000,angle:-4.290000,distense:173.600000,rcs:6.000000
