timestame:1619470498.245000000,objid:2,type:0,xpos:0.000000,ypos:0.000000,xspeed:-1.350000,yspeed:-2.720000,angle:-18.000000,distense:40.200000,rcs:31.000000
timestame:1619470498.245000000,objid:5,type:0,xpos:0.000000,ypos:0.000000,xspeed:2.560000,yspeed:6.230000,angle:11.240000,distense:43.400000,rcs:33.000000
timestame:1619470498.245000000,objid:7,type:0,xpos:0.000000,ypos:0.000000,xspeed:-1.870000,yspeed:-1.990000,angle:-16.120000,distense:46.600000,rcs:9.000000
