timestame:1619470276.070000000,objid:1,type:0,xpos:0.000000,ypos:0.000000,xspeed:-10.380000,yspeed:0.100000,angle:-4.970000,distense:102.400000,rcs:13.000000
timestame:1619470276.070000000,objid:2,type:0,xpos:0.000000,ypos:0.000000,xspeed:-1.300000,yspeed:0.510000,angle:-6.490000,distense:91.600000,rcs:12.000000
timestame:1619470276.070000000,objid:11,type:0,xpos:0.000000,ypos:0.000000,xspeed:-1.440000,yspeed:-0.170000,angle:-9.160000,distense:77.200000,rcs:25.000000
timestame:1619470276.070000000,objid:22,type:0,xpos:0.000000,ypos:0.000000,xspeed:-1.320000,yspeed:-0.020000,angle:-7.840000,distense:84.200000,rcs:13.000000
