timestame:1619470941.840000000,objid:1,type:0,xpos:0.000000,ypos:0.000000,xspeed:-4.800000,yspeed:0.620000,angle:-14.690000,distense:58.800000,rcs:20.000000
timestame:1619470941.840000000,objid:5,type:0,xpos:0.000000,ypos:0.000000,xspeed:-6.300000,yspeed:-0.480000,angle:-16.190000,distense:61.400000,rcs:20.000000
timestame:1619470941.840000000,objid:10,type:0,xpos:0.000000,ypos:0.000000,xspeed:-4.500000,yspeed:0.400000,angle:-11.220000,distense:60.400000,rcs:16.000000
