timestame:1619471263.408000000,objid:2,type:0,xpos:0.000000,ypos:0.000000,xspeed:12.800000,yspeed:0.070000,angle:3.000000,distense:118.400000,rcs:28.000000
timestame:1619471263.408000000,objid:6,type:0,xpos:0.000000,ypos:0.000000,xspeed:12.800000,yspeed:-0.140000,angle:2.720000,distense:130.400000,rcs:12.000000
timestame:1619471263.408000000,objid:10,type:0,xpos:0.000000,ypos:0.000000,xspeed:12.740000,yspeed:0.100000,angle:3.390000,distense:106.000000,rcs:20.000000
