timestame:1619471463.794000000,objid:0,type:0,xpos:0.000000,ypos:0.000000,xspeed:-1.910000,yspeed:-12.690000,angle:-10.750000,distense:84.000000,rcs:22.000000
timestame:1619471463.794000000,objid:1,type:0,xpos:0.000000,ypos:0.000000,xspeed:-5.070000,yspeed:-0.550000,angle:-6.260000,distense:109.800000,rcs:18.000000
timestame:1619471463.794000000,objid:3,type:0,xpos:0.000000,ypos:0.000000,xspeed:-6.940000,yspeed:-0.680000,angle:-5.550000,distense:172.200000,rcs:16.000000
