timestame:1619470057.490000000,objid:0,type:0,xpos:0.000000,ypos:0.000000,xspeed:-12.200000,yspeed:1.260000,angle:-3.910000,distense:111.200000,rcs:18.000000
timestame:1619470057.490000000,objid:5,type:0,xpos:0.000000,ypos:0.000000,xspeed:9.360000,yspeed:0.210000,angle:2.700000,distense:161.600000,rcs:24.000000
