timestame:1619469649.273000000,objid:2,type:0,xpos:0.000000,ypos:0.000000,xspeed:13.020000,yspeed:0.120000,angle:3.580000,distense:121.000000,rcs:19.000000
timestame:1619469649.273000000,objid:3,type:0,xpos:0.000000,ypos:0.000000,xspeed:26.070000,yspeed:1.260000,angle:1.890000,distense:64.400000,rcs:34.000000
timestame:1619469649.273000000,objid:13,type:0,xpos:0.000000,ypos:0.000000,xspeed:15.500000,yspeed:0.630000,angle:2.350000,distense:186.400000,rcs:35.000000
timestame:1619469649.273000000,objid:14,type:0,xpos:0.000000,ypos:0.000000,xspeed:13.160000,yspeed:0.250000,angle:3.720000,distense:118.600000,rcs:19.000000
