timestame:1619469911.867000000,objid:1,type:0,xpos:0.000000,ypos:0.000000,xspeed:4.340000,yspeed:-0.090000,angle:1.680000,distense:83.800000,rcs:16.000000
timestame:1619469911.867000000,objid:2,type:0,xpos:0.000000,ypos:0.000000,xspeed:10.910000,yspeed:0.110000,angle:2.720000,distense:152.200000,rcs:13.000000
timestame:1619469911.867000000,objid:8,type:0,xpos:0.000000,ypos:0.000000,xspeed:4.370000,yspeed:0.020000,angle:2.160000,distense:77.200000,rcs:30.000000
