timestame:1619470759.040000000,objid:0,type:0,xpos:0.000000,ypos:0.000000,xspeed:-5.620000,yspeed:-7.990000,angle:-13.880000,distense:36.600000,rcs:33.000000
timestame:1619470759.040000000,objid:1,type:0,xpos:0.000000,ypos:0.000000,xspeed:-1.490000,yspeed:-3.100000,angle:-17.200000,distense:38.000000,rcs:32.000000
timestame:1619470759.040000000,objid:4,type:0,xpos:0.000000,ypos:0.000000,xspeed:1.420000,yspeed:-11.440000,angle:-7.080000,distense:39.600000,rcs:38.000000
timestame:1619470759.040000000,objid:5,type:0,xpos:0.000000,ypos:0.000000,xspeed:7.480000,yspeed:0.090000,angle:-0.960000,distense:43.800000,rcs:32.000000
