timestame:1619469528.188000000,objid:1,type:0,xpos:0.000000,ypos:0.000000,xspeed:1.460000,yspeed:-2.160000,angle:-18.000000,distense:63.200000,rcs:25.000000
timestame:1619469528.188000000,objid:2,type:0,xpos:0.000000,ypos:0.000000,xspeed:2.510000,yspeed:-3.710000,angle:-18.000000,distense:64.000000,rcs:16.000000
timestame:1619469528.188000000,objid:3,type:0,xpos:0.000000,ypos:0.000000,xspeed:-1.430000,yspeed:-11.010000,angle:-18.000000,distense:68.400000,rcs:13.000000
timestame:1619469528.188000000,objid:11,type:0,xpos:0.000000,ypos:0.000000,xspeed:1.500000,yspeed:-4.620000,angle:-18.000000,distense:74.400000,rcs:9.000000
