timestame:1619470142.092000000,objid:0,type:0,xpos:0.000000,ypos:0.000000,xspeed:5.350000,yspeed:0.060000,angle:22.500000,distense:22.200000,rcs:19.000000
timestame:1619470142.092000000,objid:1,type:0,xpos:0.000000,ypos:0.000000,xspeed:1.680000,yspeed:-0.030000,angle:14.960000,distense:28.600000,rcs:21.000000
