timestame:1619470928.788000000,objid:3,type:0,xpos:0.000000,ypos:0.000000,xspeed:-7.940000,yspeed:-0.400000,angle:-10.180000,distense:91.600000,rcs:9.000000
timestame:1619470928.788000000,objid:5,type:0,xpos:0.000000,ypos:0.000000,xspeed:-2.210000,yspeed:0.300000,angle:16.630000,distense:12.200000,rcs:9.000000
