timestame:1619470059.305000000,objid:0,type:0,xpos:0.000000,ypos:0.000000,xspeed:-12.540000,yspeed:0.200000,angle:-4.810000,distense:87.400000,rcs:20.000000
timestame:1619470059.305000000,objid:3,type:0,xpos:0.000000,ypos:0.000000,xspeed:-20.980000,yspeed:0.000000,angle:-3.880000,distense:181.400000,rcs:9.000000
timestame:1619470059.305000000,objid:5,type:0,xpos:0.000000,ypos:0.000000,xspeed:9.440000,yspeed:0.390000,angle:2.790000,distense:179.200000,rcs:29.000000
