timestame:1619469708.983000000,objid:3,type:0,xpos:0.000000,ypos:0.000000,xspeed:11.070000,yspeed:-3.670000,angle:5.910000,distense:80.800000,rcs:18.000000
timestame:1619469708.983000000,objid:4,type:0,xpos:0.000000,ypos:0.000000,xspeed:-1.820000,yspeed:-13.380000,angle:-18.000000,distense:37.400000,rcs:26.000000
timestame:1619469708.983000000,objid:5,type:0,xpos:0.000000,ypos:0.000000,xspeed:-3.940000,yspeed:-2.690000,angle:-18.000000,distense:34.000000,rcs:6.000000
timestame:1619469708.983000000,objid:7,type:0,xpos:0.000000,ypos:0.000000,xspeed:-8.600000,yspeed:-3.160000,angle:-18.000000,distense:34.600000,rcs:12.000000
