timestame:1619469581.575000000,objid:1,type:0,xpos:0.000000,ypos:0.000000,xspeed:-5.440000,yspeed:-0.320000,angle:-9.020000,distense:99.600000,rcs:18.000000
timestame:1619469581.575000000,objid:5,type:0,xpos:0.000000,ypos:0.000000,xspeed:-5.630000,yspeed:-0.090000,angle:-10.660000,distense:86.200000,rcs:21.000000
