timestame:1619470484.543000000,objid:1,type:0,xpos:0.000000,ypos:0.000000,xspeed:-3.370000,yspeed:-0.150000,angle:-8.570000,distense:82.400000,rcs:26.000000
timestame:1619470484.543000000,objid:2,type:0,xpos:0.000000,ypos:0.000000,xspeed:1.740000,yspeed:-4.820000,angle:9.240000,distense:62.400000,rcs:20.000000
timestame:1619470484.543000000,objid:5,type:0,xpos:0.000000,ypos:0.000000,xspeed:-3.910000,yspeed:-6.630000,angle:-12.410000,distense:60.200000,rcs:9.000000
