timestame:1619470488.149000000,objid:4,type:0,xpos:0.000000,ypos:0.000000,xspeed:-1.760000,yspeed:-4.150000,angle:-18.000000,distense:38.600000,rcs:6.000000
timestame:1619470488.149000000,objid:5,type:0,xpos:0.000000,ypos:0.000000,xspeed:-3.900000,yspeed:-2.990000,angle:-18.000000,distense:32.400000,rcs:15.000000
timestame:1619470488.149000000,objid:6,type:0,xpos:0.000000,ypos:0.000000,xspeed:-1.840000,yspeed:-3.690000,angle:-17.810000,distense:37.600000,rcs:32.000000
timestame:1619470488.149000000,objid:7,type:0,xpos:0.000000,ypos:0.000000,xspeed:1.790000,yspeed:8.810000,angle:-9.290000,distense:48.200000,rcs:26.000000
