timestame:1619470690.728000000,objid:0,type:0,xpos:0.000000,ypos:0.000000,xspeed:-4.940000,yspeed:-0.210000,angle:-18.000000,distense:27.200000,rcs:6.000000
timestame:1619470690.728000000,objid:1,type:0,xpos:0.000000,ypos:0.000000,xspeed:2.580000,yspeed:0.090000,angle:8.290000,distense:30.200000,rcs:34.000000
timestame:1619470690.728000000,objid:2,type:0,xpos:0.000000,ypos:0.000000,xspeed:-1.740000,yspeed:0.860000,angle:-18.000000,distense:39.800000,rcs:16.000000
timestame:1619470690.728000000,objid:8,type:0,xpos:0.000000,ypos:0.000000,xspeed:-11.130000,yspeed:-2.550000,angle:-18.000000,distense:28.800000,rcs:6.000000
