timestame:1619470344.495000000,objid:6,type:0,xpos:0.000000,ypos:0.000000,xspeed:-1.660000,yspeed:4.910000,angle:-10.060000,distense:34.000000,rcs:24.000000
timestame:1619470344.495000000,objid:9,type:0,xpos:0.000000,ypos:0.000000,xspeed:-6.340000,yspeed:-4.230000,angle:-4.220000,distense:118.600000,rcs:9.000000
