timestame:1619469578.813000000,objid:1,type:0,xpos:0.000000,ypos:0.000000,xspeed:-6.400000,yspeed:-1.090000,angle:-7.890000,distense:114.000000,rcs:12.000000
timestame:1619469578.813000000,objid:3,type:0,xpos:0.000000,ypos:0.000000,xspeed:-6.260000,yspeed:-0.240000,angle:-8.800000,distense:104.200000,rcs:15.000000
timestame:1619469578.813000000,objid:5,type:0,xpos:0.000000,ypos:0.000000,xspeed:-6.340000,yspeed:-0.340000,angle:-9.180000,distense:100.800000,rcs:12.000000
