timestame:1619470709.454000000,objid:1,type:0,xpos:0.000000,ypos:0.000000,xspeed:12.930000,yspeed:0.290000,angle:2.160000,distense:208.200000,rcs:12.000000
timestame:1619470709.454000000,objid:2,type:0,xpos:0.000000,ypos:0.000000,xspeed:3.720000,yspeed:0.510000,angle:21.010000,distense:24.200000,rcs:20.000000
timestame:1619470709.454000000,objid:6,type:0,xpos:0.000000,ypos:0.000000,xspeed:7.810000,yspeed:0.720000,angle:17.300000,distense:17.400000,rcs:22.000000
timestame:1619470709.454000000,objid:7,type:0,xpos:0.000000,ypos:0.000000,xspeed:10.420000,yspeed:3.790000,angle:-15.630000,distense:29.000000,rcs:25.000000
