timestame:1619470171.386000000,objid:0,type:0,xpos:0.000000,ypos:0.000000,xspeed:8.580000,yspeed:0.300000,angle:2.290000,distense:73.000000,rcs:27.000000
timestame:1619470171.386000000,objid:1,type:0,xpos:0.000000,ypos:0.000000,xspeed:10.030000,yspeed:0.530000,angle:2.740000,distense:43.800000,rcs:31.000000
timestame:1619470171.386000000,objid:3,type:0,xpos:0.000000,ypos:0.000000,xspeed:10.640000,yspeed:0.000000,angle:3.740000,distense:112.000000,rcs:22.000000
timestame:1619470171.386000000,objid:4,type:0,xpos:0.000000,ypos:0.000000,xspeed:4.760000,yspeed:1.260000,angle:20.140000,distense:27.600000,rcs:24.000000
