timestame:1619470043.040000000,objid:1,type:0,xpos:0.000000,ypos:0.000000,xspeed:13.100000,yspeed:0.030000,angle:1.070000,distense:173.400000,rcs:9.000000
timestame:1619470043.040000000,objid:3,type:0,xpos:0.000000,ypos:0.000000,xspeed:13.720000,yspeed:0.070000,angle:1.350000,distense:147.600000,rcs:16.000000
timestame:1619470043.040000000,objid:4,type:0,xpos:0.000000,ypos:0.000000,xspeed:8.240000,yspeed:0.440000,angle:4.350000,distense:64.600000,rcs:6.000000
timestame:1619470043.040000000,objid:5,type:0,xpos:0.000000,ypos:0.000000,xspeed:4.900000,yspeed:0.330000,angle:6.080000,distense:48.000000,rcs:33.000000
