timestame:1619470533.849000000,objid:0,type:0,xpos:0.000000,ypos:0.000000,xspeed:6.140000,yspeed:0.830000,angle:18.670000,distense:21.000000,rcs:25.000000
timestame:1619470533.849000000,objid:2,type:0,xpos:0.000000,ypos:0.000000,xspeed:-7.080000,yspeed:-0.940000,angle:-7.810000,distense:114.800000,rcs:15.000000
timestame:1619470533.849000000,objid:3,type:0,xpos:0.000000,ypos:0.000000,xspeed:-3.430000,yspeed:-4.630000,angle:-9.490000,distense:109.200000,rcs:12.000000
timestame:1619470533.849000000,objid:4,type:0,xpos:0.000000,ypos:0.000000,xspeed:5.530000,yspeed:0.000000,angle:-16.870000,distense:22.200000,rcs:13.000000
