timestame:1619469621.988000000,objid:1,type:0,xpos:0.000000,ypos:0.000000,xspeed:-3.430000,yspeed:0.130000,angle:-14.880000,distense:63.200000,rcs:22.000000
timestame:1619469621.988000000,objid:2,type:0,xpos:0.000000,ypos:0.000000,xspeed:-3.890000,yspeed:-0.180000,angle:-13.010000,distense:75.000000,rcs:28.000000
timestame:1619469621.988000000,objid:4,type:0,xpos:0.000000,ypos:0.000000,xspeed:-15.360000,yspeed:0.160000,angle:-7.370000,distense:82.600000,rcs:21.000000
