timestame:1619470052.154000000,objid:0,type:0,xpos:0.000000,ypos:0.000000,xspeed:7.450000,yspeed:-0.180000,angle:2.900000,distense:121.400000,rcs:12.000000
timestame:1619470052.154000000,objid:5,type:0,xpos:0.000000,ypos:0.000000,xspeed:7.460000,yspeed:0.070000,angle:3.530000,distense:111.800000,rcs:26.000000
