timestame:1619470463.329000000,objid:0,type:0,xpos:0.000000,ypos:0.000000,xspeed:-14.240000,yspeed:-0.620000,angle:-12.310000,distense:60.600000,rcs:19.000000
timestame:1619470463.329000000,objid:2,type:0,xpos:0.000000,ypos:0.000000,xspeed:6.080000,yspeed:0.040000,angle:3.100000,distense:195.200000,rcs:16.000000
