timestame:1619471372.737000000,objid:1,type:0,xpos:0.000000,ypos:0.000000,xspeed:9.220000,yspeed:0.140000,angle:2.370000,distense:167.200000,rcs:19.000000
timestame:1619471372.737000000,objid:7,type:0,xpos:0.000000,ypos:0.000000,xspeed:10.140000,yspeed:0.200000,angle:1.490000,distense:213.800000,rcs:13.000000
