timestame:1619470570.567000000,objid:1,type:0,xpos:0.000000,ypos:0.000000,xspeed:3.480000,yspeed:3.230000,angle:-10.870000,distense:41.800000,rcs:13.000000
timestame:1619470570.567000000,objid:3,type:0,xpos:0.000000,ypos:0.000000,xspeed:15.420000,yspeed:0.260000,angle:1.110000,distense:206.400000,rcs:24.000000
