timestame:1619469630.767000000,objid:1,type:0,xpos:0.000000,ypos:0.000000,xspeed:-4.340000,yspeed:0.010000,angle:-18.000000,distense:27.200000,rcs:6.000000
timestame:1619469630.767000000,objid:2,type:0,xpos:0.000000,ypos:0.000000,xspeed:-6.170000,yspeed:-0.670000,angle:-18.000000,distense:34.200000,rcs:15.000000
timestame:1619469630.767000000,objid:6,type:0,xpos:0.000000,ypos:0.000000,xspeed:-10.390000,yspeed:-0.070000,angle:-5.960000,distense:78.000000,rcs:12.000000
timestame:1619469630.767000000,objid:7,type:0,xpos:0.000000,ypos:0.000000,xspeed:-6.260000,yspeed:-0.330000,angle:-18.000000,distense:38.400000,rcs:18.000000
