timestame:1619470296.075000000,objid:0,type:0,xpos:0.000000,ypos:0.000000,xspeed:2.710000,yspeed:0.140000,angle:4.910000,distense:27.400000,rcs:6.000000
timestame:1619470296.075000000,objid:2,type:0,xpos:0.000000,ypos:0.000000,xspeed:6.700000,yspeed:-0.100000,angle:1.560000,distense:38.800000,rcs:12.000000
timestame:1619470296.075000000,objid:3,type:0,xpos:0.000000,ypos:0.000000,xspeed:2.930000,yspeed:0.070000,angle:3.460000,distense:16.400000,rcs:43.000000
timestame:1619470296.075000000,objid:5,type:0,xpos:0.000000,ypos:0.000000,xspeed:3.980000,yspeed:0.020000,angle:1.760000,distense:27.200000,rcs:33.000000
