timestame:1619471314.975000000,objid:1,type:0,xpos:0.000000,ypos:0.000000,xspeed:-15.100000,yspeed:-1.020000,angle:-4.520000,distense:151.200000,rcs:19.000000
timestame:1619471314.975000000,objid:2,type:0,xpos:0.000000,ypos:0.000000,xspeed:-2.620000,yspeed:5.620000,angle:-16.530000,distense:36.600000,rcs:18.000000
timestame:1619471314.975000000,objid:4,type:0,xpos:0.000000,ypos:0.000000,xspeed:-1.420000,yspeed:5.530000,angle:-16.730000,distense:36.800000,rcs:6.000000
