timestame:1619470873.123000000,objid:1,type:0,xpos:0.000000,ypos:0.000000,xspeed:-9.730000,yspeed:-1.720000,angle:-5.440000,distense:129.200000,rcs:12.000000
timestame:1619470873.123000000,objid:4,type:0,xpos:0.000000,ypos:0.000000,xspeed:3.510000,yspeed:-0.170000,angle:0.250000,distense:18.800000,rcs:39.000000
timestame:1619470873.123000000,objid:9,type:0,xpos:0.000000,ypos:0.000000,xspeed:2.330000,yspeed:0.000000,angle:-1.850000,distense:28.400000,rcs:12.000000
