timestame:1619469578.562000000,objid:1,type:0,xpos:0.000000,ypos:0.000000,xspeed:-5.840000,yspeed:-1.050000,angle:-7.600000,distense:116.000000,rcs:13.000000
timestame:1619469578.562000000,objid:3,type:0,xpos:0.000000,ypos:0.000000,xspeed:-6.400000,yspeed:-0.240000,angle:-8.660000,distense:105.400000,rcs:20.000000
timestame:1619469578.562000000,objid:5,type:0,xpos:0.000000,ypos:0.000000,xspeed:-6.390000,yspeed:-0.290000,angle:-8.950000,distense:102.200000,rcs:15.000000
