timestame:1619470983.088000000,objid:0,type:0,xpos:0.000000,ypos:0.000000,xspeed:8.270000,yspeed:0.250000,angle:2.340000,distense:176.000000,rcs:30.000000
timestame:1619470983.088000000,objid:1,type:0,xpos:0.000000,ypos:0.000000,xspeed:-15.600000,yspeed:-0.230000,angle:-6.730000,distense:96.000000,rcs:27.000000
timestame:1619470983.088000000,objid:2,type:0,xpos:0.000000,ypos:0.000000,xspeed:-18.620000,yspeed:-12.040000,angle:-7.560000,distense:144.600000,rcs:6.000000
timestame:1619470983.088000000,objid:3,type:0,xpos:0.000000,ypos:0.000000,xspeed:3.560000,yspeed:-2.860000,angle:13.150000,distense:68.000000,rcs:9.000000
