timestame:1619469657.015000000,objid:1,type:0,xpos:0.000000,ypos:0.000000,xspeed:2.530000,yspeed:3.640000,angle:-5.670000,distense:43.600000,rcs:6.000000
timestame:1619469657.015000000,objid:7,type:0,xpos:0.000000,ypos:0.000000,xspeed:24.190000,yspeed:0.360000,angle:0.980000,distense:186.400000,rcs:6.000000
timestame:1619469657.015000000,objid:8,type:0,xpos:0.000000,ypos:0.000000,xspeed:3.050000,yspeed:2.480000,angle:-13.410000,distense:38.200000,rcs:16.000000
