timestame:1619469872.474000000,objid:0,type:0,xpos:0.000000,ypos:0.000000,xspeed:-2.800000,yspeed:-0.550000,angle:-18.000000,distense:28.600000,rcs:12.000000
timestame:1619469872.474000000,objid:8,type:0,xpos:0.000000,ypos:0.000000,xspeed:-2.930000,yspeed:-0.330000,angle:-18.000000,distense:26.400000,rcs:6.000000
timestame:1619469872.474000000,objid:13,type:0,xpos:0.000000,ypos:0.000000,xspeed:-1.720000,yspeed:-0.420000,angle:-18.000000,distense:31.800000,rcs:12.000000
