timestame:1619471519.048000000,objid:7,type:0,xpos:0.000000,ypos:0.000000,xspeed:16.500000,yspeed:0.210000,angle:1.430000,distense:199.200000,rcs:20.000000
timestame:1619471519.048000000,objid:10,type:0,xpos:0.000000,ypos:0.000000,xspeed:16.490000,yspeed:0.250000,angle:1.370000,distense:188.600000,rcs:22.000000
