timestame:1619470980.153000000,objid:0,type:0,xpos:0.000000,ypos:0.000000,xspeed:7.510000,yspeed:-0.100000,angle:2.230000,distense:151.400000,rcs:24.000000
timestame:1619470980.153000000,objid:1,type:0,xpos:0.000000,ypos:0.000000,xspeed:-14.450000,yspeed:-0.260000,angle:-4.230000,distense:141.600000,rcs:20.000000
timestame:1619470980.153000000,objid:4,type:0,xpos:0.000000,ypos:0.000000,xspeed:-21.290000,yspeed:0.130000,angle:-18.000000,distense:46.000000,rcs:24.000000
