timestame:1619470608.944000000,objid:0,type:0,xpos:0.000000,ypos:0.000000,xspeed:18.590000,yspeed:-1.370000,angle:11.520000,distense:32.600000,rcs:15.000000
timestame:1619470608.944000000,objid:2,type:0,xpos:0.000000,ypos:0.000000,xspeed:7.600000,yspeed:0.010000,angle:18.420000,distense:25.400000,rcs:20.000000
