timestame:1619470667.655000000,objid:2,type:0,xpos:0.000000,ypos:0.000000,xspeed:2.780000,yspeed:5.380000,angle:-8.420000,distense:98.200000,rcs:12.000000
timestame:1619470667.655000000,objid:3,type:0,xpos:0.000000,ypos:0.000000,xspeed:-1.160000,yspeed:-0.320000,angle:-8.780000,distense:101.800000,rcs:12.000000
timestame:1619470667.655000000,objid:4,type:0,xpos:0.000000,ypos:0.000000,xspeed:3.830000,yspeed:0.870000,angle:-11.890000,distense:19.200000,rcs:31.000000
timestame:1619470667.655000000,objid:5,type:0,xpos:0.000000,ypos:0.000000,xspeed:4.700000,yspeed:1.690000,angle:21.910000,distense:20.800000,rcs:19.000000
