timestame:1619469618.255000000,objid:1,type:0,xpos:0.000000,ypos:0.000000,xspeed:-1.430000,yspeed:0.450000,angle:-12.410000,distense:75.200000,rcs:16.000000
timestame:1619469618.255000000,objid:3,type:0,xpos:0.000000,ypos:0.000000,xspeed:-1.010000,yspeed:-0.080000,angle:-10.500000,distense:88.600000,rcs:24.000000
timestame:1619469618.255000000,objid:4,type:0,xpos:0.000000,ypos:0.000000,xspeed:-18.560000,yspeed:2.640000,angle:-4.350000,distense:139.400000,rcs:13.000000
