timestame:1619469575.833000000,objid:2,type:0,xpos:0.000000,ypos:0.000000,xspeed:2.310000,yspeed:-10.380000,angle:-17.560000,distense:57.000000,rcs:6.000000
timestame:1619469575.833000000,objid:3,type:0,xpos:0.000000,ypos:0.000000,xspeed:-7.320000,yspeed:-0.010000,angle:-7.020000,distense:122.200000,rcs:18.000000
timestame:1619469575.833000000,objid:5,type:0,xpos:0.000000,ypos:0.000000,xspeed:-7.040000,yspeed:-0.110000,angle:-7.200000,distense:119.200000,rcs:19.000000
timestame:1619469575.833000000,objid:6,type:0,xpos:0.000000,ypos:0.000000,xspeed:-3.600000,yspeed:0.150000,angle:-6.670000,distense:135.200000,rcs:6.000000
