timestame:1619470039.255000000,objid:0,type:0,xpos:0.000000,ypos:0.000000,xspeed:1.910000,yspeed:0.560000,angle:10.640000,distense:31.600000,rcs:9.000000
timestame:1619470039.255000000,objid:1,type:0,xpos:0.000000,ypos:0.000000,xspeed:11.140000,yspeed:0.010000,angle:1.440000,distense:123.600000,rcs:18.000000
timestame:1619470039.255000000,objid:3,type:0,xpos:0.000000,ypos:0.000000,xspeed:12.680000,yspeed:0.200000,angle:2.000000,distense:95.200000,rcs:28.000000
timestame:1619470039.255000000,objid:5,type:0,xpos:0.000000,ypos:0.000000,xspeed:3.700000,yspeed:0.010000,angle:7.850000,distense:30.200000,rcs:32.000000
