timestame:1619470076.067000000,objid:0,type:0,xpos:0.000000,ypos:0.000000,xspeed:15.930000,yspeed:0.730000,angle:-10.380000,distense:51.400000,rcs:18.000000
timestame:1619470076.067000000,objid:3,type:0,xpos:0.000000,ypos:0.000000,xspeed:-1.590000,yspeed:2.400000,angle:-13.860000,distense:46.800000,rcs:6.000000
