timestame:1619470735.680000000,objid:1,type:0,xpos:0.000000,ypos:0.000000,xspeed:12.070000,yspeed:-0.200000,angle:1.540000,distense:94.600000,rcs:15.000000
timestame:1619470735.680000000,objid:6,type:0,xpos:0.000000,ypos:0.000000,xspeed:12.060000,yspeed:0.170000,angle:1.890000,distense:83.800000,rcs:41.000000
