timestame:1619470946.434000000,objid:1,type:0,xpos:0.000000,ypos:0.000000,xspeed:-7.740000,yspeed:-0.380000,angle:-18.000000,distense:26.400000,rcs:6.000000
timestame:1619470946.434000000,objid:5,type:0,xpos:0.000000,ypos:0.000000,xspeed:-6.560000,yspeed:-0.430000,angle:-18.000000,distense:35.000000,rcs:9.000000
timestame:1619470946.434000000,objid:7,type:0,xpos:0.000000,ypos:0.000000,xspeed:-6.270000,yspeed:-0.270000,angle:-18.000000,distense:33.000000,rcs:6.000000
