timestame:1619471186.827000000,objid:8,type:0,xpos:0.000000,ypos:0.000000,xspeed:-1.100000,yspeed:0.530000,angle:-9.660000,distense:85.200000,rcs:13.000000
timestame:1619471186.827000000,objid:10,type:0,xpos:0.000000,ypos:0.000000,xspeed:1.630000,yspeed:-5.030000,angle:19.270000,distense:46.200000,rcs:20.000000
timestame:1619471186.827000000,objid:13,type:0,xpos:0.000000,ypos:0.000000,xspeed:1.280000,yspeed:-5.660000,angle:13.700000,distense:45.400000,rcs:34.000000
timestame:1619471186.827000000,objid:16,type:0,xpos:0.000000,ypos:0.000000,xspeed:1.010000,yspeed:3.720000,angle:-18.000000,distense:58.200000,rcs:22.000000
