timestame:1619469537.882000000,objid:4,type:0,xpos:0.000000,ypos:0.000000,xspeed:17.010000,yspeed:0.300000,angle:1.690000,distense:128.400000,rcs:12.000000
timestame:1619469537.882000000,objid:7,type:0,xpos:0.000000,ypos:0.000000,xspeed:17.050000,yspeed:0.170000,angle:1.300000,distense:135.800000,rcs:12.000000
