timestame:1619471153.947000000,objid:1,type:0,xpos:0.000000,ypos:0.000000,xspeed:-7.290000,yspeed:-5.880000,angle:3.770000,distense:72.000000,rcs:12.000000
timestame:1619471153.947000000,objid:2,type:0,xpos:0.000000,ypos:0.000000,xspeed:-2.260000,yspeed:10.830000,angle:-5.330000,distense:43.400000,rcs:6.000000
timestame:1619471153.947000000,objid:4,type:0,xpos:0.000000,ypos:0.000000,xspeed:-12.740000,yspeed:-4.100000,angle:-8.980000,distense:85.600000,rcs:19.000000
timestame:1619471153.947000000,objid:8,type:0,xpos:0.000000,ypos:0.000000,xspeed:7.930000,yspeed:2.040000,angle:-15.380000,distense:16.000000,rcs:22.000000
