timestame:1619469951.707000000,objid:4,type:0,xpos:0.000000,ypos:0.000000,xspeed:1.200000,yspeed:-4.200000,angle:-4.130000,distense:55.600000,rcs:22.000000
timestame:1619469951.707000000,objid:5,type:0,xpos:0.000000,ypos:0.000000,xspeed:-1.370000,yspeed:6.660000,angle:17.530000,distense:40.000000,rcs:6.000000
timestame:1619469951.707000000,objid:6,type:0,xpos:0.000000,ypos:0.000000,xspeed:-1.420000,yspeed:5.730000,angle:18.470000,distense:40.000000,rcs:18.000000
timestame:1619469951.707000000,objid:13,type:0,xpos:0.000000,ypos:0.000000,xspeed:-2.350000,yspeed:16.230000,angle:-15.120000,distense:46.200000,rcs:30.000000
