timestame:1619470838.889000000,objid:2,type:0,xpos:0.000000,ypos:0.000000,xspeed:3.900000,yspeed:2.360000,angle:-17.050000,distense:36.600000,rcs:20.000000
timestame:1619470838.889000000,objid:3,type:0,xpos:0.000000,ypos:0.000000,xspeed:2.660000,yspeed:1.580000,angle:-14.530000,distense:34.600000,rcs:15.000000
timestame:1619470838.889000000,objid:4,type:0,xpos:0.000000,ypos:0.000000,xspeed:1.140000,yspeed:5.610000,angle:-1.400000,distense:46.800000,rcs:12.000000
timestame:1619470838.889000000,objid:7,type:0,xpos:0.000000,ypos:0.000000,xspeed:13.000000,yspeed:0.370000,angle:2.480000,distense:188.800000,rcs:32.000000
