timestame:1619471213.464000000,objid:3,type:0,xpos:0.000000,ypos:0.000000,xspeed:5.810000,yspeed:2.710000,angle:-16.740000,distense:31.000000,rcs:22.000000
timestame:1619471213.464000000,objid:4,type:0,xpos:0.000000,ypos:0.000000,xspeed:-7.690000,yspeed:-0.540000,angle:-18.000000,distense:32.000000,rcs:6.000000
timestame:1619471213.464000000,objid:5,type:0,xpos:0.000000,ypos:0.000000,xspeed:-6.880000,yspeed:-0.330000,angle:-18.000000,distense:30.600000,rcs:9.000000
timestame:1619471213.464000000,objid:10,type:0,xpos:0.000000,ypos:0.000000,xspeed:-3.290000,yspeed:-0.220000,angle:-0.130000,distense:27.000000,rcs:15.000000
