timestame:1619469560.584000000,objid:3,type:0,xpos:0.000000,ypos:0.000000,xspeed:-1.040000,yspeed:5.550000,angle:-17.880000,distense:35.600000,rcs:6.000000
timestame:1619469560.584000000,objid:8,type:0,xpos:0.000000,ypos:0.000000,xspeed:8.340000,yspeed:1.430000,angle:21.160000,distense:47.400000,rcs:6.000000
timestame:1619469560.584000000,objid:13,type:0,xpos:0.000000,ypos:0.000000,xspeed:2.100000,yspeed:-9.330000,angle:-18.000000,distense:67.400000,rcs:6.000000
