timestame:1619471562.715000000,objid:3,type:0,xpos:0.000000,ypos:0.000000,xspeed:-2.100000,yspeed:-3.040000,angle:-18.000000,distense:33.400000,rcs:20.000000
timestame:1619471562.715000000,objid:5,type:0,xpos:0.000000,ypos:0.000000,xspeed:-3.310000,yspeed:-0.660000,angle:-18.000000,distense:30.600000,rcs:20.000000
timestame:1619471562.715000000,objid:10,type:0,xpos:0.000000,ypos:0.000000,xspeed:2.470000,yspeed:2.850000,angle:-16.440000,distense:61.200000,rcs:20.000000
