timestame:1619470082.955000000,objid:4,type:0,xpos:0.000000,ypos:0.000000,xspeed:2.190000,yspeed:-9.250000,angle:-11.990000,distense:54.200000,rcs:13.000000
timestame:1619470082.955000000,objid:5,type:0,xpos:0.000000,ypos:0.000000,xspeed:2.390000,yspeed:-8.520000,angle:-8.560000,distense:53.200000,rcs:19.000000
timestame:1619470082.955000000,objid:7,type:0,xpos:0.000000,ypos:0.000000,xspeed:1.080000,yspeed:-5.400000,angle:-10.830000,distense:46.400000,rcs:23.000000
