timestame:1619469772.525000000,objid:1,type:0,xpos:0.000000,ypos:0.000000,xspeed:3.670000,yspeed:1.450000,angle:-16.790000,distense:26.200000,rcs:21.000000
timestame:1619469772.525000000,objid:3,type:0,xpos:0.000000,ypos:0.000000,xspeed:4.060000,yspeed:1.300000,angle:21.060000,distense:38.000000,rcs:9.000000
timestame:1619469772.525000000,objid:7,type:0,xpos:0.000000,ypos:0.000000,xspeed:3.980000,yspeed:1.630000,angle:-16.110000,distense:36.400000,rcs:22.000000
