timestame:1619470052.960000000,objid:0,type:0,xpos:0.000000,ypos:0.000000,xspeed:7.670000,yspeed:-0.120000,angle:2.730000,distense:128.200000,rcs:6.000000
timestame:1619470052.960000000,objid:5,type:0,xpos:0.000000,ypos:0.000000,xspeed:7.910000,yspeed:0.040000,angle:3.290000,distense:119.000000,rcs:18.000000
