timestame:1619471254.490000000,objid:1,type:0,xpos:0.000000,ypos:0.000000,xspeed:3.930000,yspeed:2.690000,angle:5.760000,distense:88.000000,rcs:15.000000
timestame:1619471254.490000000,objid:3,type:0,xpos:0.000000,ypos:0.000000,xspeed:-16.060000,yspeed:-0.350000,angle:-7.790000,distense:109.200000,rcs:6.000000
