timestame:1619470989.733000000,objid:3,type:0,xpos:0.000000,ypos:0.000000,xspeed:5.200000,yspeed:-0.130000,angle:7.550000,distense:100.000000,rcs:9.000000
timestame:1619470989.733000000,objid:4,type:0,xpos:0.000000,ypos:0.000000,xspeed:-13.420000,yspeed:-0.610000,angle:-13.280000,distense:60.200000,rcs:16.000000
