timestame:1619470221.757000000,objid:8,type:0,xpos:0.000000,ypos:0.000000,xspeed:-4.700000,yspeed:14.190000,angle:-18.000000,distense:46.200000,rcs:12.000000
timestame:1619470221.757000000,objid:11,type:0,xpos:0.000000,ypos:0.000000,xspeed:-1.880000,yspeed:6.660000,angle:-16.230000,distense:44.800000,rcs:6.000000
