timestame:1619469578.190000000,objid:1,type:0,xpos:0.000000,ypos:0.000000,xspeed:-5.650000,yspeed:-1.170000,angle:-7.270000,distense:118.600000,rcs:12.000000
timestame:1619469578.190000000,objid:3,type:0,xpos:0.000000,ypos:0.000000,xspeed:-6.530000,yspeed:-0.240000,angle:-8.430000,distense:107.800000,rcs:12.000000
timestame:1619469578.190000000,objid:5,type:0,xpos:0.000000,ypos:0.000000,xspeed:-6.530000,yspeed:-0.220000,angle:-8.590000,distense:104.600000,rcs:16.000000
