timestame:1619470942.025000000,objid:1,type:0,xpos:0.000000,ypos:0.000000,xspeed:-4.840000,yspeed:0.790000,angle:-14.540000,distense:57.800000,rcs:16.000000
timestame:1619470942.025000000,objid:5,type:0,xpos:0.000000,ypos:0.000000,xspeed:-6.240000,yspeed:-0.430000,angle:-16.500000,distense:60.400000,rcs:20.000000
timestame:1619470942.025000000,objid:10,type:0,xpos:0.000000,ypos:0.000000,xspeed:-4.500000,yspeed:0.400000,angle:-11.300000,distense:59.600000,rcs:16.000000
