timestame:1619470222.934000000,objid:6,type:0,xpos:0.000000,ypos:0.000000,xspeed:22.980000,yspeed:11.970000,angle:16.790000,distense:58.400000,rcs:15.000000
timestame:1619470222.934000000,objid:8,type:0,xpos:0.000000,ypos:0.000000,xspeed:-1.990000,yspeed:7.990000,angle:-8.680000,distense:41.600000,rcs:16.000000
timestame:1619470222.934000000,objid:11,type:0,xpos:0.000000,ypos:0.000000,xspeed:-2.040000,yspeed:6.840000,angle:-6.070000,distense:40.800000,rcs:19.000000
