timestame:1619469576.267000000,objid:2,type:0,xpos:0.000000,ypos:0.000000,xspeed:2.310000,yspeed:-10.380000,angle:-18.000000,distense:59.200000,rcs:6.000000
timestame:1619469576.267000000,objid:3,type:0,xpos:0.000000,ypos:0.000000,xspeed:-7.180000,yspeed:-0.060000,angle:-7.250000,distense:119.400000,rcs:15.000000
timestame:1619469576.267000000,objid:5,type:0,xpos:0.000000,ypos:0.000000,xspeed:-6.950000,yspeed:-0.180000,angle:-7.470000,distense:116.400000,rcs:15.000000
timestame:1619469576.267000000,objid:6,type:0,xpos:0.000000,ypos:0.000000,xspeed:-3.600000,yspeed:0.150000,angle:-6.720000,distense:133.600000,rcs:6.000000
