timestame:1619471091.685000000,objid:1,type:0,xpos:0.000000,ypos:0.000000,xspeed:11.390000,yspeed:0.220000,angle:4.690000,distense:66.600000,rcs:18.000000
timestame:1619471091.685000000,objid:2,type:0,xpos:0.000000,ypos:0.000000,xspeed:6.480000,yspeed:0.300000,angle:2.290000,distense:53.600000,rcs:48.000000
timestame:1619471091.685000000,objid:4,type:0,xpos:0.000000,ypos:0.000000,xspeed:-22.350000,yspeed:-1.250000,angle:-18.000000,distense:19.200000,rcs:6.000000
timestame:1619471091.685000000,objid:5,type:0,xpos:0.000000,ypos:0.000000,xspeed:12.500000,yspeed:0.440000,angle:1.840000,distense:117.800000,rcs:6.000000
