timestame:1619471253.932000000,objid:1,type:0,xpos:0.000000,ypos:0.000000,xspeed:3.480000,yspeed:2.630000,angle:4.920000,distense:85.000000,rcs:16.000000
timestame:1619471253.932000000,objid:3,type:0,xpos:0.000000,ypos:0.000000,xspeed:-16.330000,yspeed:-0.220000,angle:-7.030000,distense:117.400000,rcs:12.000000
