timestame:1619470690.295000000,objid:0,type:0,xpos:0.000000,ypos:0.000000,xspeed:-4.860000,yspeed:-0.120000,angle:-18.000000,distense:28.600000,rcs:6.000000
timestame:1619470690.295000000,objid:1,type:0,xpos:0.000000,ypos:0.000000,xspeed:2.250000,yspeed:0.080000,angle:8.600000,distense:28.600000,rcs:19.000000
timestame:1619470690.295000000,objid:2,type:0,xpos:0.000000,ypos:0.000000,xspeed:-4.030000,yspeed:6.300000,angle:-18.000000,distense:40.200000,rcs:19.000000
timestame:1619470690.295000000,objid:3,type:0,xpos:0.000000,ypos:0.000000,xspeed:17.500000,yspeed:0.470000,angle:-18.000000,distense:52.400000,rcs:21.000000
