timestame:1619470425.194000000,objid:2,type:0,xpos:0.000000,ypos:0.000000,xspeed:1.760000,yspeed:-0.100000,angle:-15.180000,distense:29.200000,rcs:21.000000
timestame:1619470425.194000000,objid:7,type:0,xpos:0.000000,ypos:0.000000,xspeed:13.400000,yspeed:14.180000,angle:-14.940000,distense:79.600000,rcs:6.000000
timestame:1619470425.194000000,objid:8,type:0,xpos:0.000000,ypos:0.000000,xspeed:2.990000,yspeed:3.990000,angle:-8.400000,distense:44.600000,rcs:6.000000
