timestame:1619471292.615000000,objid:0,type:0,xpos:0.000000,ypos:0.000000,xspeed:1.380000,yspeed:-0.350000,angle:22.000000,distense:32.400000,rcs:33.000000
timestame:1619471292.615000000,objid:1,type:0,xpos:0.000000,ypos:0.000000,xspeed:-2.900000,yspeed:12.250000,angle:-18.000000,distense:51.800000,rcs:15.000000
timestame:1619471292.615000000,objid:2,type:0,xpos:0.000000,ypos:0.000000,xspeed:6.310000,yspeed:1.680000,angle:18.620000,distense:37.800000,rcs:9.000000
timestame:1619471292.615000000,objid:5,type:0,xpos:0.000000,ypos:0.000000,xspeed:5.420000,yspeed:-1.100000,angle:19.490000,distense:29.000000,rcs:9.000000
