timestame:1619471251.026000000,objid:1,type:0,xpos:0.000000,ypos:0.000000,xspeed:1.280000,yspeed:2.790000,angle:-0.650000,distense:74.200000,rcs:19.000000
timestame:1619471251.026000000,objid:3,type:0,xpos:0.000000,ypos:0.000000,xspeed:-20.020000,yspeed:-1.330000,angle:-4.870000,distense:164.400000,rcs:6.000000
