timestame:1619470836.044000000,objid:1,type:0,xpos:0.000000,ypos:0.000000,xspeed:11.100000,yspeed:0.100000,angle:2.280000,distense:157.800000,rcs:22.000000
timestame:1619470836.044000000,objid:3,type:0,xpos:0.000000,ypos:0.000000,xspeed:3.270000,yspeed:3.090000,angle:-15.820000,distense:26.400000,rcs:31.000000
timestame:1619470836.044000000,objid:6,type:0,xpos:0.000000,ypos:0.000000,xspeed:14.770000,yspeed:0.220000,angle:1.170000,distense:206.400000,rcs:13.000000
timestame:1619470836.044000000,objid:7,type:0,xpos:0.000000,ypos:0.000000,xspeed:11.470000,yspeed:0.410000,angle:2.660000,distense:150.400000,rcs:26.000000
