timestame:1619471031.566000000,objid:3,type:0,xpos:0.000000,ypos:0.000000,xspeed:3.660000,yspeed:0.610000,angle:20.020000,distense:30.600000,rcs:13.000000
timestame:1619471031.566000000,objid:5,type:0,xpos:0.000000,ypos:0.000000,xspeed:3.870000,yspeed:3.360000,angle:-13.290000,distense:39.800000,rcs:21.000000
timestame:1619471031.566000000,objid:6,type:0,xpos:0.000000,ypos:0.000000,xspeed:4.550000,yspeed:2.480000,angle:-16.020000,distense:29.800000,rcs:16.000000
timestame:1619471031.566000000,objid:8,type:0,xpos:0.000000,ypos:0.000000,xspeed:-3.640000,yspeed:-2.900000,angle:-18.000000,distense:38.400000,rcs:20.000000
