timestame:1619471294.792000000,objid:0,type:0,xpos:0.000000,ypos:0.000000,xspeed:2.010000,yspeed:4.380000,angle:-8.880000,distense:41.400000,rcs:16.000000
timestame:1619471294.792000000,objid:1,type:0,xpos:0.000000,ypos:0.000000,xspeed:-2.710000,yspeed:11.090000,angle:8.800000,distense:43.200000,rcs:6.000000
timestame:1619471294.792000000,objid:6,type:0,xpos:0.000000,ypos:0.000000,xspeed:3.410000,yspeed:2.070000,angle:-16.520000,distense:34.600000,rcs:20.000000
timestame:1619471294.792000000,objid:7,type:0,xpos:0.000000,ypos:0.000000,xspeed:1.530000,yspeed:-7.130000,angle:1.710000,distense:44.400000,rcs:25.000000
