timestame:1619470593.922000000,objid:0,type:0,xpos:0.000000,ypos:0.000000,xspeed:-14.500000,yspeed:-0.640000,angle:-18.000000,distense:23.400000,rcs:6.000000
timestame:1619470593.922000000,objid:5,type:0,xpos:0.000000,ypos:0.000000,xspeed:8.370000,yspeed:2.040000,angle:22.700000,distense:30.600000,rcs:27.000000
timestame:1619470593.922000000,objid:6,type:0,xpos:0.000000,ypos:0.000000,xspeed:6.290000,yspeed:1.940000,angle:19.750000,distense:29.200000,rcs:20.000000
