timestame:1619470552.893000000,objid:0,type:0,xpos:0.000000,ypos:0.000000,xspeed:8.410000,yspeed:1.020000,angle:19.990000,distense:20.000000,rcs:13.000000
timestame:1619470552.893000000,objid:1,type:0,xpos:0.000000,ypos:0.000000,xspeed:2.390000,yspeed:-0.440000,angle:5.320000,distense:150.800000,rcs:18.000000
timestame:1619470552.893000000,objid:5,type:0,xpos:0.000000,ypos:0.000000,xspeed:1.310000,yspeed:4.450000,angle:6.600000,distense:159.000000,rcs:6.000000
timestame:1619470552.893000000,objid:9,type:0,xpos:0.000000,ypos:0.000000,xspeed:3.010000,yspeed:-1.350000,angle:3.930000,distense:167.000000,rcs:6.000000
