timestame:1619470012.087000000,objid:0,type:0,xpos:0.000000,ypos:0.000000,xspeed:-1.980000,yspeed:-1.710000,angle:-18.000000,distense:34.400000,rcs:19.000000
timestame:1619470012.087000000,objid:1,type:0,xpos:0.000000,ypos:0.000000,xspeed:-1.690000,yspeed:2.850000,angle:-9.160000,distense:46.800000,rcs:13.000000
timestame:1619470012.087000000,objid:2,type:0,xpos:0.000000,ypos:0.000000,xspeed:-9.460000,yspeed:3.890000,angle:-7.750000,distense:41.000000,rcs:9.000000
timestame:1619470012.087000000,objid:10,type:0,xpos:0.000000,ypos:0.000000,xspeed:-4.860000,yspeed:-1.020000,angle:-8.680000,distense:47.800000,rcs:6.000000
