timestame:1619471086.214000000,objid:0,type:0,xpos:0.000000,ypos:0.000000,xspeed:8.410000,yspeed:0.330000,angle:1.450000,distense:55.600000,rcs:32.000000
timestame:1619471086.214000000,objid:4,type:0,xpos:0.000000,ypos:0.000000,xspeed:-25.180000,yspeed:-1.110000,angle:-4.800000,distense:132.400000,rcs:6.000000
timestame:1619471086.214000000,objid:11,type:0,xpos:0.000000,ypos:0.000000,xspeed:2.420000,yspeed:0.120000,angle:2.550000,distense:21.200000,rcs:43.000000
