timestame:1619469923.958000000,objid:1,type:0,xpos:0.000000,ypos:0.000000,xspeed:6.080000,yspeed:0.110000,angle:1.400000,distense:153.400000,rcs:12.000000
timestame:1619469923.958000000,objid:8,type:0,xpos:0.000000,ypos:0.000000,xspeed:6.120000,yspeed:0.050000,angle:1.340000,distense:146.600000,rcs:19.000000
