timestame:1619469787.078000000,objid:1,type:0,xpos:0.000000,ypos:0.000000,xspeed:-16.010000,yspeed:0.540000,angle:-8.940000,distense:91.800000,rcs:16.000000
timestame:1619469787.078000000,objid:2,type:0,xpos:0.000000,ypos:0.000000,xspeed:16.790000,yspeed:0.170000,angle:0.980000,distense:212.200000,rcs:6.000000
timestame:1619469787.078000000,objid:4,type:0,xpos:0.000000,ypos:0.000000,xspeed:-16.930000,yspeed:-0.420000,angle:-11.070000,distense:82.600000,rcs:21.000000
timestame:1619469787.078000000,objid:10,type:0,xpos:0.000000,ypos:0.000000,xspeed:17.040000,yspeed:0.150000,angle:1.090000,distense:200.200000,rcs:22.000000
