timestame:1619470486.778000000,objid:1,type:0,xpos:0.000000,ypos:0.000000,xspeed:-2.380000,yspeed:-0.250000,angle:-9.520000,distense:78.000000,rcs:12.000000
timestame:1619470486.778000000,objid:2,type:0,xpos:0.000000,ypos:0.000000,xspeed:1.610000,yspeed:-7.820000,angle:-7.550000,distense:66.000000,rcs:12.000000
timestame:1619470486.778000000,objid:4,type:0,xpos:0.000000,ypos:0.000000,xspeed:-1.590000,yspeed:-4.480000,angle:-18.000000,distense:38.800000,rcs:12.000000
timestame:1619470486.778000000,objid:5,type:0,xpos:0.000000,ypos:0.000000,xspeed:-2.860000,yspeed:-1.460000,angle:-18.000000,distense:35.400000,rcs:30.000000
