timestame:1619470217.429000000,objid:6,type:0,xpos:0.000000,ypos:0.000000,xspeed:-1.710000,yspeed:0.230000,angle:-18.000000,distense:47.800000,rcs:9.000000
timestame:1619470217.429000000,objid:8,type:0,xpos:0.000000,ypos:0.000000,xspeed:-1.360000,yspeed:9.170000,angle:15.840000,distense:40.000000,rcs:29.000000
timestame:1619470217.429000000,objid:14,type:0,xpos:0.000000,ypos:0.000000,xspeed:-2.640000,yspeed:6.730000,angle:-11.020000,distense:45.200000,rcs:16.000000
