timestame:1619469869.621000000,objid:8,type:0,xpos:0.000000,ypos:0.000000,xspeed:-3.040000,yspeed:-0.730000,angle:-18.000000,distense:32.600000,rcs:20.000000
timestame:1619469869.621000000,objid:13,type:0,xpos:0.000000,ypos:0.000000,xspeed:-1.580000,yspeed:-0.520000,angle:-18.000000,distense:36.000000,rcs:27.000000
timestame:1619469869.621000000,objid:14,type:0,xpos:0.000000,ypos:0.000000,xspeed:-1.370000,yspeed:3.770000,angle:-1.690000,distense:42.200000,rcs:20.000000
