timestame:1619470693.030000000,objid:1,type:0,xpos:0.000000,ypos:0.000000,xspeed:4.290000,yspeed:0.070000,angle:6.260000,distense:41.400000,rcs:31.000000
timestame:1619470693.030000000,objid:2,type:0,xpos:0.000000,ypos:0.000000,xspeed:-3.130000,yspeed:-0.470000,angle:-18.000000,distense:34.200000,rcs:6.000000
