timestame:1619470942.523000000,objid:1,type:0,xpos:0.000000,ypos:0.000000,xspeed:-5.010000,yspeed:1.180000,angle:-14.090000,distense:54.600000,rcs:12.000000
timestame:1619470942.523000000,objid:5,type:0,xpos:0.000000,ypos:0.000000,xspeed:-5.950000,yspeed:-0.860000,angle:-18.000000,distense:57.800000,rcs:22.000000
timestame:1619470942.523000000,objid:7,type:0,xpos:0.000000,ypos:0.000000,xspeed:-9.220000,yspeed:1.490000,angle:-18.000000,distense:52.800000,rcs:13.000000
