timestame:1619470112.799000000,objid:2,type:0,xpos:0.000000,ypos:0.000000,xspeed:6.470000,yspeed:2.110000,angle:18.340000,distense:34.400000,rcs:21.000000
timestame:1619470112.799000000,objid:3,type:0,xpos:0.000000,ypos:0.000000,xspeed:24.770000,yspeed:7.020000,angle:20.760000,distense:38.400000,rcs:31.000000
timestame:1619470112.799000000,objid:7,type:0,xpos:0.000000,ypos:0.000000,xspeed:6.700000,yspeed:1.490000,angle:21.560000,distense:32.800000,rcs:22.000000
