timestame:1619470032.456000000,objid:1,type:0,xpos:0.000000,ypos:0.000000,xspeed:7.180000,yspeed:0.340000,angle:2.480000,distense:51.400000,rcs:32.000000
timestame:1619470032.456000000,objid:4,type:0,xpos:0.000000,ypos:0.000000,xspeed:11.970000,yspeed:0.240000,angle:1.910000,distense:84.800000,rcs:18.000000
timestame:1619470032.456000000,objid:7,type:0,xpos:0.000000,ypos:0.000000,xspeed:1.370000,yspeed:-0.540000,angle:6.840000,distense:22.400000,rcs:27.000000
