timestame:1619470074.447000000,objid:3,type:0,xpos:0.000000,ypos:0.000000,xspeed:-1.050000,yspeed:2.170000,angle:20.880000,distense:48.200000,rcs:26.000000
timestame:1619470074.447000000,objid:4,type:0,xpos:0.000000,ypos:0.000000,xspeed:-1.240000,yspeed:1.990000,angle:-15.050000,distense:42.800000,rcs:12.000000
timestame:1619470074.447000000,objid:8,type:0,xpos:0.000000,ypos:0.000000,xspeed:1.320000,yspeed:3.130000,angle:-4.700000,distense:44.000000,rcs:6.000000
