timestame:1619469625.544000000,objid:1,type:0,xpos:0.000000,ypos:0.000000,xspeed:-4.520000,yspeed:-0.170000,angle:-18.000000,distense:47.400000,rcs:24.000000
timestame:1619469625.544000000,objid:2,type:0,xpos:0.000000,ypos:0.000000,xspeed:-4.350000,yspeed:0.120000,angle:-16.210000,distense:60.200000,rcs:27.000000
timestame:1619469625.544000000,objid:4,type:0,xpos:0.000000,ypos:0.000000,xspeed:-12.810000,yspeed:-0.510000,angle:-18.000000,distense:38.600000,rcs:24.000000
timestame:1619469625.544000000,objid:5,type:0,xpos:0.000000,ypos:0.000000,xspeed:-3.180000,yspeed:4.310000,angle:-11.740000,distense:69.000000,rcs:6.000000
