timestame:1619469554.455000000,objid:2,type:0,xpos:0.000000,ypos:0.000000,xspeed:-1.620000,yspeed:3.940000,angle:-18.000000,distense:43.400000,rcs:13.000000
timestame:1619469554.455000000,objid:3,type:0,xpos:0.000000,ypos:0.000000,xspeed:-1.690000,yspeed:4.430000,angle:-18.000000,distense:48.200000,rcs:15.000000
timestame:1619469554.455000000,objid:4,type:0,xpos:0.000000,ypos:0.000000,xspeed:-3.790000,yspeed:0.000000,angle:-16.090000,distense:46.800000,rcs:22.000000
