timestame:1619469914.412000000,objid:1,type:0,xpos:0.000000,ypos:0.000000,xspeed:5.010000,yspeed:-0.010000,angle:1.570000,distense:97.000000,rcs:23.000000
timestame:1619469914.412000000,objid:2,type:0,xpos:0.000000,ypos:0.000000,xspeed:12.650000,yspeed:0.340000,angle:2.570000,distense:185.400000,rcs:16.000000
timestame:1619469914.412000000,objid:8,type:0,xpos:0.000000,ypos:0.000000,xspeed:5.070000,yspeed:-0.190000,angle:1.580000,distense:90.400000,rcs:28.000000
