timestame:1619471268.605000000,objid:0,type:0,xpos:0.000000,ypos:0.000000,xspeed:13.620000,yspeed:0.310000,angle:2.380000,distense:212.200000,rcs:9.000000
timestame:1619471268.605000000,objid:2,type:0,xpos:0.000000,ypos:0.000000,xspeed:13.680000,yspeed:0.100000,angle:2.050000,distense:188.200000,rcs:19.000000
timestame:1619471268.605000000,objid:6,type:0,xpos:0.000000,ypos:0.000000,xspeed:13.540000,yspeed:0.090000,angle:1.960000,distense:199.800000,rcs:6.000000
timestame:1619471268.605000000,objid:10,type:0,xpos:0.000000,ypos:0.000000,xspeed:13.620000,yspeed:0.020000,angle:1.990000,distense:175.600000,rcs:25.000000
