timestame:1619470029.045000000,objid:1,type:0,xpos:0.000000,ypos:0.000000,xspeed:4.890000,yspeed:0.440000,angle:1.820000,distense:27.400000,rcs:32.000000
timestame:1619470029.045000000,objid:2,type:0,xpos:0.000000,ypos:0.000000,xspeed:6.610000,yspeed:0.300000,angle:2.380000,distense:45.200000,rcs:30.000000
