timestame:1619470480.584000000,objid:1,type:0,xpos:0.000000,ypos:0.000000,xspeed:-4.850000,yspeed:0.570000,angle:-6.610000,distense:96.600000,rcs:20.000000
timestame:1619470480.584000000,objid:2,type:0,xpos:0.000000,ypos:0.000000,xspeed:1.710000,yspeed:-0.420000,angle:11.270000,distense:80.200000,rcs:6.000000
timestame:1619470480.584000000,objid:6,type:0,xpos:0.000000,ypos:0.000000,xspeed:-3.410000,yspeed:1.870000,angle:-6.440000,distense:102.800000,rcs:13.000000
