timestame:1619471449.505000000,objid:3,type:0,xpos:0.000000,ypos:0.000000,xspeed:-3.160000,yspeed:-0.090000,angle:-6.080000,distense:105.600000,rcs:12.000000
timestame:1619471449.505000000,objid:11,type:0,xpos:0.000000,ypos:0.000000,xspeed:-2.600000,yspeed:-0.370000,angle:-8.360000,distense:96.600000,rcs:16.000000
timestame:1619471449.505000000,objid:13,type:0,xpos:0.000000,ypos:0.000000,xspeed:-3.470000,yspeed:0.070000,angle:17.990000,distense:44.000000,rcs:15.000000
