timestame:1619470635.790000000,objid:2,type:0,xpos:0.000000,ypos:0.000000,xspeed:-2.020000,yspeed:0.040000,angle:-8.860000,distense:80.000000,rcs:12.000000
timestame:1619470635.790000000,objid:5,type:0,xpos:0.000000,ypos:0.000000,xspeed:-1.450000,yspeed:8.840000,angle:17.580000,distense:49.800000,rcs:24.000000
