timestame:1619470562.756000000,objid:1,type:0,xpos:0.000000,ypos:0.000000,xspeed:6.560000,yspeed:-0.520000,angle:3.540000,distense:200.400000,rcs:18.000000
timestame:1619470562.756000000,objid:3,type:0,xpos:0.000000,ypos:0.000000,xspeed:10.230000,yspeed:0.200000,angle:1.720000,distense:91.400000,rcs:38.000000
timestame:1619470562.756000000,objid:5,type:0,xpos:0.000000,ypos:0.000000,xspeed:8.260000,yspeed:-3.460000,angle:2.490000,distense:211.800000,rcs:12.000000
