timestame:1619470533.110000000,objid:1,type:0,xpos:0.000000,ypos:0.000000,xspeed:-9.490000,yspeed:0.550000,angle:-7.590000,distense:107.000000,rcs:12.000000
timestame:1619470533.110000000,objid:2,type:0,xpos:0.000000,ypos:0.000000,xspeed:-10.460000,yspeed:-2.820000,angle:-6.990000,distense:120.000000,rcs:9.000000
timestame:1619470533.110000000,objid:3,type:0,xpos:0.000000,ypos:0.000000,xspeed:-6.740000,yspeed:3.330000,angle:-6.880000,distense:110.400000,rcs:9.000000
