timestame:1619470217.052000000,objid:6,type:0,xpos:0.000000,ypos:0.000000,xspeed:-1.940000,yspeed:0.110000,angle:-18.000000,distense:48.400000,rcs:13.000000
timestame:1619470217.052000000,objid:8,type:0,xpos:0.000000,ypos:0.000000,xspeed:-1.090000,yspeed:11.060000,angle:11.800000,distense:40.000000,rcs:26.000000
timestame:1619470217.052000000,objid:13,type:0,xpos:0.000000,ypos:0.000000,xspeed:-5.460000,yspeed:-6.970000,angle:-18.000000,distense:49.400000,rcs:12.000000
timestame:1619470217.052000000,objid:14,type:0,xpos:0.000000,ypos:0.000000,xspeed:-4.020000,yspeed:3.520000,angle:-14.590000,distense:46.400000,rcs:15.000000
