timestame:1619469624.306000000,objid:1,type:0,xpos:0.000000,ypos:0.000000,xspeed:-4.300000,yspeed:-0.320000,angle:-18.000000,distense:53.000000,rcs:20.000000
timestame:1619469624.306000000,objid:2,type:0,xpos:0.000000,ypos:0.000000,xspeed:-3.900000,yspeed:-0.270000,angle:-15.250000,distense:66.400000,rcs:13.000000
timestame:1619469624.306000000,objid:4,type:0,xpos:0.000000,ypos:0.000000,xspeed:-13.470000,yspeed:-0.500000,angle:-13.590000,distense:53.200000,rcs:21.000000
