timestame:1619469692.007000000,objid:2,type:0,xpos:0.000000,ypos:0.000000,xspeed:1.460000,yspeed:-7.610000,angle:-13.030000,distense:62.000000,rcs:24.000000
timestame:1619469692.007000000,objid:4,type:0,xpos:0.000000,ypos:0.000000,xspeed:1.210000,yspeed:-5.360000,angle:15.450000,distense:45.600000,rcs:30.000000
timestame:1619469692.007000000,objid:13,type:0,xpos:0.000000,ypos:0.000000,xspeed:-1.620000,yspeed:6.760000,angle:19.230000,distense:35.000000,rcs:6.000000
