timestame:1619469640.463000000,objid:1,type:0,xpos:0.000000,ypos:0.000000,xspeed:3.670000,yspeed:2.330000,angle:-12.710000,distense:37.600000,rcs:6.000000
timestame:1619469640.463000000,objid:6,type:0,xpos:0.000000,ypos:0.000000,xspeed:12.050000,yspeed:0.110000,angle:10.230000,distense:18.800000,rcs:34.000000
timestame:1619469640.463000000,objid:7,type:0,xpos:0.000000,ypos:0.000000,xspeed:14.890000,yspeed:0.160000,angle:2.580000,distense:62.800000,rcs:12.000000
timestame:1619469640.463000000,objid:13,type:0,xpos:0.000000,ypos:0.000000,xspeed:15.680000,yspeed:0.480000,angle:2.540000,distense:52.800000,rcs:36.000000
