timestame:1619470331.595000000,objid:0,type:0,xpos:0.000000,ypos:0.000000,xspeed:16.490000,yspeed:-0.330000,angle:0.260000,distense:204.600000,rcs:19.000000
timestame:1619470331.595000000,objid:2,type:0,xpos:0.000000,ypos:0.000000,xspeed:9.990000,yspeed:0.410000,angle:1.210000,distense:218.400000,rcs:6.000000
timestame:1619470331.595000000,objid:4,type:0,xpos:0.000000,ypos:0.000000,xspeed:-1.200000,yspeed:0.830000,angle:15.550000,distense:66.200000,rcs:15.000000
