timestame:1619470362.544000000,objid:1,type:0,xpos:0.000000,ypos:0.000000,xspeed:-1.600000,yspeed:-1.980000,angle:-18.000000,distense:39.000000,rcs:6.000000
timestame:1619470362.544000000,objid:3,type:0,xpos:0.000000,ypos:0.000000,xspeed:-19.230000,yspeed:0.000000,angle:21.560000,distense:48.000000,rcs:20.000000
timestame:1619470362.544000000,objid:4,type:0,xpos:0.000000,ypos:0.000000,xspeed:-1.150000,yspeed:7.230000,angle:-9.910000,distense:44.000000,rcs:6.000000
timestame:1619470362.544000000,objid:11,type:0,xpos:0.000000,ypos:0.000000,xspeed:-2.380000,yspeed:5.930000,angle:11.410000,distense:39.600000,rcs:33.000000
