timestame:1619470649.314000000,objid:4,type:0,xpos:0.000000,ypos:0.000000,xspeed:-2.210000,yspeed:-2.600000,angle:-18.000000,distense:38.600000,rcs:6.000000
timestame:1619470649.314000000,objid:9,type:0,xpos:0.000000,ypos:0.000000,xspeed:-1.670000,yspeed:-3.350000,angle:-18.000000,distense:40.200000,rcs:26.000000
