timestame:1619469553.145000000,objid:1,type:0,xpos:0.000000,ypos:0.000000,xspeed:1.010000,yspeed:-2.700000,angle:22.860000,distense:50.800000,rcs:24.000000
timestame:1619469553.145000000,objid:2,type:0,xpos:0.000000,ypos:0.000000,xspeed:-3.500000,yspeed:0.000000,angle:-18.000000,distense:47.400000,rcs:16.000000
timestame:1619469553.145000000,objid:3,type:0,xpos:0.000000,ypos:0.000000,xspeed:-1.510000,yspeed:4.230000,angle:-18.000000,distense:52.000000,rcs:16.000000
