timestame:1619470052.713000000,objid:0,type:0,xpos:0.000000,ypos:0.000000,xspeed:7.650000,yspeed:-0.150000,angle:2.760000,distense:126.200000,rcs:9.000000
timestame:1619470052.713000000,objid:5,type:0,xpos:0.000000,ypos:0.000000,xspeed:7.790000,yspeed:0.080000,angle:3.400000,distense:117.000000,rcs:24.000000
