timestame:1619470979.214000000,objid:0,type:0,xpos:0.000000,ypos:0.000000,xspeed:7.280000,yspeed:-0.190000,angle:2.300000,distense:143.800000,rcs:25.000000
timestame:1619470979.214000000,objid:1,type:0,xpos:0.000000,ypos:0.000000,xspeed:-18.900000,yspeed:-0.530000,angle:-3.810000,distense:154.200000,rcs:13.000000
timestame:1619470979.214000000,objid:2,type:0,xpos:0.000000,ypos:0.000000,xspeed:-16.010000,yspeed:-1.180000,angle:-4.490000,distense:154.000000,rcs:19.000000
