timestame:1619471306.035000000,objid:0,type:0,xpos:0.000000,ypos:0.000000,xspeed:2.500000,yspeed:1.510000,angle:22.010000,distense:21.000000,rcs:18.000000
timestame:1619471306.035000000,objid:1,type:0,xpos:0.000000,ypos:0.000000,xspeed:-5.330000,yspeed:1.620000,angle:-18.000000,distense:35.600000,rcs:9.000000
timestame:1619471306.035000000,objid:2,type:0,xpos:0.000000,ypos:0.000000,xspeed:4.370000,yspeed:0.000000,angle:-12.570000,distense:19.000000,rcs:13.000000
