timestame:1619469925.195000000,objid:1,type:0,xpos:0.000000,ypos:0.000000,xspeed:6.440000,yspeed:0.150000,angle:1.440000,distense:162.000000,rcs:19.000000
timestame:1619469925.195000000,objid:8,type:0,xpos:0.000000,ypos:0.000000,xspeed:6.380000,yspeed:0.060000,angle:1.290000,distense:155.000000,rcs:26.000000
