timestame:1619470191.651000000,objid:0,type:0,xpos:0.000000,ypos:0.000000,xspeed:-5.810000,yspeed:5.880000,angle:5.250000,distense:44.200000,rcs:23.000000
timestame:1619470191.651000000,objid:1,type:0,xpos:0.000000,ypos:0.000000,xspeed:2.290000,yspeed:2.450000,angle:5.960000,distense:136.600000,rcs:29.000000
timestame:1619470191.651000000,objid:2,type:0,xpos:0.000000,ypos:0.000000,xspeed:-5.320000,yspeed:4.780000,angle:7.960000,distense:43.200000,rcs:34.000000
