timestame:1619470138.810000000,objid:0,type:0,xpos:0.000000,ypos:0.000000,xspeed:-6.230000,yspeed:-0.120000,angle:13.210000,distense:32.800000,rcs:16.000000
timestame:1619470138.810000000,objid:7,type:0,xpos:0.000000,ypos:0.000000,xspeed:-2.150000,yspeed:-0.200000,angle:-10.460000,distense:73.600000,rcs:6.000000
