timestame:1619470437.420000000,objid:1,type:0,xpos:0.000000,ypos:0.000000,xspeed:12.990000,yspeed:-4.270000,angle:0.790000,distense:20.600000,rcs:22.000000
timestame:1619470437.420000000,objid:2,type:0,xpos:0.000000,ypos:0.000000,xspeed:3.820000,yspeed:-0.030000,angle:11.560000,distense:65.600000,rcs:15.000000
