timestame:1619471463.483000000,objid:0,type:0,xpos:0.000000,ypos:0.000000,xspeed:5.850000,yspeed:-1.930000,angle:-8.350000,distense:84.600000,rcs:28.000000
timestame:1619471463.483000000,objid:1,type:0,xpos:0.000000,ypos:0.000000,xspeed:-5.260000,yspeed:-0.490000,angle:-6.040000,distense:111.000000,rcs:13.000000
timestame:1619471463.483000000,objid:3,type:0,xpos:0.000000,ypos:0.000000,xspeed:-7.050000,yspeed:-0.800000,angle:-5.520000,distense:174.200000,rcs:6.000000
