timestame:1619469953.696000000,objid:0,type:0,xpos:0.000000,ypos:0.000000,xspeed:1.020000,yspeed:-4.660000,angle:-8.760000,distense:56.800000,rcs:32.000000
timestame:1619469953.696000000,objid:6,type:0,xpos:0.000000,ypos:0.000000,xspeed:1.960000,yspeed:-8.830000,angle:-1.730000,distense:43.000000,rcs:25.000000
timestame:1619469953.696000000,objid:8,type:0,xpos:0.000000,ypos:0.000000,xspeed:-1.060000,yspeed:-4.430000,angle:15.400000,distense:43.600000,rcs:22.000000
timestame:1619469953.696000000,objid:14,type:0,xpos:0.000000,ypos:0.000000,xspeed:-3.690000,yspeed:8.910000,angle:-3.710000,distense:38.200000,rcs:15.000000
