timestame:1619471452.233000000,objid:3,type:0,xpos:0.000000,ypos:0.000000,xspeed:-2.210000,yspeed:-0.250000,angle:-6.760000,distense:100.400000,rcs:12.000000
timestame:1619471452.233000000,objid:11,type:0,xpos:0.000000,ypos:0.000000,xspeed:-1.430000,yspeed:0.280000,angle:-7.450000,distense:93.200000,rcs:12.000000
timestame:1619471452.233000000,objid:13,type:0,xpos:0.000000,ypos:0.000000,xspeed:-3.880000,yspeed:-0.120000,angle:-17.980000,distense:33.600000,rcs:16.000000
