timestame:1619469922.345000000,objid:1,type:0,xpos:0.000000,ypos:0.000000,xspeed:5.970000,yspeed:0.270000,angle:1.510000,distense:143.600000,rcs:16.000000
timestame:1619469922.345000000,objid:8,type:0,xpos:0.000000,ypos:0.000000,xspeed:5.820000,yspeed:0.010000,angle:1.360000,distense:136.400000,rcs:28.000000
