timestame:1619470332.149000000,objid:0,type:0,xpos:0.000000,ypos:0.000000,xspeed:16.550000,yspeed:-0.320000,angle:0.220000,distense:213.800000,rcs:27.000000
timestame:1619470332.149000000,objid:4,type:0,xpos:0.000000,ypos:0.000000,xspeed:-1.320000,yspeed:0.860000,angle:16.170000,distense:65.600000,rcs:6.000000
