timestame:1619469815.667000000,objid:1,type:0,xpos:0.000000,ypos:0.000000,xspeed:1.070000,yspeed:3.930000,angle:-5.230000,distense:52.400000,rcs:19.000000
timestame:1619469815.667000000,objid:3,type:0,xpos:0.000000,ypos:0.000000,xspeed:1.090000,yspeed:-2.150000,angle:-3.580000,distense:50.600000,rcs:16.000000
timestame:1619469815.667000000,objid:4,type:0,xpos:0.000000,ypos:0.000000,xspeed:-10.310000,yspeed:-4.810000,angle:-4.570000,distense:181.600000,rcs:9.000000
timestame:1619469815.667000000,objid:6,type:0,xpos:0.000000,ypos:0.000000,xspeed:4.440000,yspeed:-0.970000,angle:19.610000,distense:24.400000,rcs:15.000000
