timestame:1619470795.778000000,objid:3,type:0,xpos:0.000000,ypos:0.000000,xspeed:2.590000,yspeed:1.270000,angle:11.830000,distense:47.000000,rcs:26.000000
timestame:1619470795.778000000,objid:5,type:0,xpos:0.000000,ypos:0.000000,xspeed:2.950000,yspeed:-11.300000,angle:-18.000000,distense:63.200000,rcs:16.000000
timestame:1619470795.778000000,objid:12,type:0,xpos:0.000000,ypos:0.000000,xspeed:1.860000,yspeed:-11.470000,angle:-18.000000,distense:59.200000,rcs:26.000000
