timestame:1619470639.337000000,objid:2,type:0,xpos:0.000000,ypos:0.000000,xspeed:-8.500000,yspeed:0.590000,angle:-4.110000,distense:191.800000,rcs:15.000000
timestame:1619470639.337000000,objid:7,type:0,xpos:0.000000,ypos:0.000000,xspeed:1.710000,yspeed:-10.830000,angle:-18.000000,distense:61.600000,rcs:9.000000
