timestame:1619469557.312000000,objid:4,type:0,xpos:0.000000,ypos:0.000000,xspeed:-1.580000,yspeed:6.650000,angle:8.540000,distense:40.800000,rcs:27.000000
timestame:1619469557.312000000,objid:5,type:0,xpos:0.000000,ypos:0.000000,xspeed:-1.960000,yspeed:6.720000,angle:12.940000,distense:40.400000,rcs:27.000000
timestame:1619469557.312000000,objid:10,type:0,xpos:0.000000,ypos:0.000000,xspeed:1.200000,yspeed:-5.550000,angle:-1.450000,distense:50.800000,rcs:20.000000
