timestame:1619471078.271000000,objid:1,type:0,xpos:0.000000,ypos:0.000000,xspeed:-7.100000,yspeed:-0.540000,angle:-18.000000,distense:49.800000,rcs:29.000000
timestame:1619471078.271000000,objid:3,type:0,xpos:0.000000,ypos:0.000000,xspeed:-9.330000,yspeed:-0.160000,angle:-12.620000,distense:55.400000,rcs:20.000000
timestame:1619471078.271000000,objid:5,type:0,xpos:0.000000,ypos:0.000000,xspeed:-10.190000,yspeed:-0.630000,angle:-18.000000,distense:34.000000,rcs:13.000000
timestame:1619471078.271000000,objid:6,type:0,xpos:0.000000,ypos:0.000000,xspeed:-5.730000,yspeed:-0.520000,angle:-18.000000,distense:46.000000,rcs:36.000000
