timestame:1619469646.787000000,objid:2,type:0,xpos:0.000000,ypos:0.000000,xspeed:12.770000,yspeed:0.610000,angle:4.900000,distense:88.200000,rcs:28.000000
timestame:1619469646.787000000,objid:13,type:0,xpos:0.000000,ypos:0.000000,xspeed:15.230000,yspeed:0.690000,angle:2.370000,distense:147.400000,rcs:35.000000
timestame:1619469646.787000000,objid:14,type:0,xpos:0.000000,ypos:0.000000,xspeed:12.870000,yspeed:0.390000,angle:4.800000,distense:85.200000,rcs:24.000000
