timestame:1619470331.220000000,objid:0,type:0,xpos:0.000000,ypos:0.000000,xspeed:16.480000,yspeed:-0.390000,angle:0.260000,distense:197.800000,rcs:25.000000
timestame:1619470331.220000000,objid:2,type:0,xpos:0.000000,ypos:0.000000,xspeed:10.060000,yspeed:0.400000,angle:1.180000,distense:214.400000,rcs:16.000000
timestame:1619470331.220000000,objid:4,type:0,xpos:0.000000,ypos:0.000000,xspeed:-1.230000,yspeed:0.800000,angle:15.120000,distense:66.600000,rcs:6.000000
