timestame:1619470872.752000000,objid:1,type:0,xpos:0.000000,ypos:0.000000,xspeed:-9.430000,yspeed:-2.820000,angle:-5.430000,distense:133.000000,rcs:9.000000
timestame:1619470872.752000000,objid:4,type:0,xpos:0.000000,ypos:0.000000,xspeed:3.710000,yspeed:-0.200000,angle:0.380000,distense:18.000000,rcs:39.000000
timestame:1619470872.752000000,objid:9,type:0,xpos:0.000000,ypos:0.000000,xspeed:2.330000,yspeed:0.000000,angle:-1.910000,distense:27.400000,rcs:12.000000
