timestame:1619469631.695000000,objid:2,type:0,xpos:0.000000,ypos:0.000000,xspeed:-6.260000,yspeed:-0.430000,angle:-18.000000,distense:29.600000,rcs:6.000000
timestame:1619469631.695000000,objid:6,type:0,xpos:0.000000,ypos:0.000000,xspeed:-9.820000,yspeed:-0.160000,angle:-6.850000,distense:70.000000,rcs:12.000000
timestame:1619469631.695000000,objid:7,type:0,xpos:0.000000,ypos:0.000000,xspeed:-6.820000,yspeed:-0.460000,angle:-18.000000,distense:32.800000,rcs:6.000000
