timestame:1619469928.295000000,objid:1,type:0,xpos:0.000000,ypos:0.000000,xspeed:7.140000,yspeed:0.080000,angle:1.370000,distense:184.400000,rcs:6.000000
timestame:1619469928.295000000,objid:8,type:0,xpos:0.000000,ypos:0.000000,xspeed:7.300000,yspeed:0.050000,angle:1.200000,distense:178.000000,rcs:21.000000
