timestame:1619470072.092000000,objid:3,type:0,xpos:0.000000,ypos:0.000000,xspeed:-1.500000,yspeed:2.700000,angle:14.980000,distense:48.800000,rcs:38.000000
timestame:1619470072.092000000,objid:4,type:0,xpos:0.000000,ypos:0.000000,xspeed:-1.560000,yspeed:2.630000,angle:19.240000,distense:43.800000,rcs:22.000000
timestame:1619470072.092000000,objid:8,type:0,xpos:0.000000,ypos:0.000000,xspeed:2.450000,yspeed:2.530000,angle:-11.970000,distense:38.000000,rcs:19.000000
