timestame:1619469705.821000000,objid:1,type:0,xpos:0.000000,ypos:0.000000,xspeed:-1.430000,yspeed:-3.170000,angle:-18.000000,distense:41.600000,rcs:12.000000
timestame:1619469705.821000000,objid:5,type:0,xpos:0.000000,ypos:0.000000,xspeed:-1.280000,yspeed:-2.860000,angle:-15.070000,distense:56.200000,rcs:6.000000
timestame:1619469705.821000000,objid:6,type:0,xpos:0.000000,ypos:0.000000,xspeed:-1.570000,yspeed:-0.790000,angle:-18.000000,distense:36.800000,rcs:13.000000
timestame:1619469705.821000000,objid:14,type:0,xpos:0.000000,ypos:0.000000,xspeed:-2.460000,yspeed:-2.390000,angle:-18.000000,distense:38.200000,rcs:25.000000
