timestame:1619469927.181000000,objid:1,type:0,xpos:0.000000,ypos:0.000000,xspeed:6.780000,yspeed:0.250000,angle:1.550000,distense:175.800000,rcs:6.000000
timestame:1619469927.181000000,objid:8,type:0,xpos:0.000000,ypos:0.000000,xspeed:6.970000,yspeed:0.070000,angle:1.240000,distense:169.400000,rcs:19.000000
