timestame:1619470046.935000000,objid:0,type:0,xpos:0.000000,ypos:0.000000,xspeed:6.650000,yspeed:0.350000,angle:4.640000,distense:84.200000,rcs:16.000000
timestame:1619470046.935000000,objid:3,type:0,xpos:0.000000,ypos:0.000000,xspeed:14.740000,yspeed:0.220000,angle:1.230000,distense:205.200000,rcs:12.000000
timestame:1619470046.935000000,objid:5,type:0,xpos:0.000000,ypos:0.000000,xspeed:6.630000,yspeed:0.290000,angle:5.160000,distense:74.400000,rcs:21.000000
