timestame:1619471293.975000000,objid:0,type:0,xpos:0.000000,ypos:0.000000,xspeed:2.740000,yspeed:4.010000,angle:-13.260000,distense:38.600000,rcs:18.000000
timestame:1619471293.975000000,objid:1,type:0,xpos:0.000000,ypos:0.000000,xspeed:-2.540000,yspeed:11.420000,angle:-3.020000,distense:45.200000,rcs:27.000000
timestame:1619471293.975000000,objid:3,type:0,xpos:0.000000,ypos:0.000000,xspeed:19.610000,yspeed:18.520000,angle:-7.760000,distense:57.800000,rcs:6.000000
timestame:1619471293.975000000,objid:6,type:0,xpos:0.000000,ypos:0.000000,xspeed:3.520000,yspeed:1.000000,angle:22.480000,distense:31.200000,rcs:22.000000
