timestame:1619469535.267000000,objid:4,type:0,xpos:0.000000,ypos:0.000000,xspeed:16.480000,yspeed:0.600000,angle:2.300000,distense:83.200000,rcs:32.000000
timestame:1619469535.267000000,objid:7,type:0,xpos:0.000000,ypos:0.000000,xspeed:16.490000,yspeed:0.490000,angle:1.810000,distense:91.000000,rcs:19.000000
