timestame:1619470011.656000000,objid:0,type:0,xpos:0.000000,ypos:0.000000,xspeed:-2.130000,yspeed:-1.160000,angle:-17.940000,distense:34.800000,rcs:28.000000
timestame:1619470011.656000000,objid:1,type:0,xpos:0.000000,ypos:0.000000,xspeed:-2.040000,yspeed:0.000000,angle:-11.130000,distense:46.400000,rcs:19.000000
timestame:1619470011.656000000,objid:2,type:0,xpos:0.000000,ypos:0.000000,xspeed:-2.040000,yspeed:0.000000,angle:-12.630000,distense:43.400000,rcs:27.000000
