timestame:1619470732.954000000,objid:1,type:0,xpos:0.000000,ypos:0.000000,xspeed:12.290000,yspeed:0.570000,angle:3.270000,distense:62.400000,rcs:15.000000
timestame:1619470732.954000000,objid:6,type:0,xpos:0.000000,ypos:0.000000,xspeed:12.490000,yspeed:0.550000,angle:2.480000,distense:51.400000,rcs:44.000000
