timestame:1619470181.944000000,objid:1,type:0,xpos:0.000000,ypos:0.000000,xspeed:13.290000,yspeed:0.020000,angle:1.370000,distense:169.400000,rcs:26.000000
timestame:1619470181.944000000,objid:3,type:0,xpos:0.000000,ypos:0.000000,xspeed:-25.320000,yspeed:-1.290000,angle:-3.570000,distense:136.600000,rcs:12.000000
timestame:1619470181.944000000,objid:8,type:0,xpos:0.000000,ypos:0.000000,xspeed:8.960000,yspeed:0.420000,angle:4.070000,distense:107.800000,rcs:15.000000
timestame:1619470181.944000000,objid:11,type:0,xpos:0.000000,ypos:0.000000,xspeed:8.230000,yspeed:0.270000,angle:4.940000,distense:96.600000,rcs:35.000000
