timestame:1619469910.443000000,objid:1,type:0,xpos:0.000000,ypos:0.000000,xspeed:4.110000,yspeed:-0.130000,angle:1.820000,distense:77.400000,rcs:22.000000
timestame:1619469910.443000000,objid:2,type:0,xpos:0.000000,ypos:0.000000,xspeed:10.070000,yspeed:0.010000,angle:2.920000,distense:135.600000,rcs:12.000000
timestame:1619469910.443000000,objid:8,type:0,xpos:0.000000,ypos:0.000000,xspeed:4.110000,yspeed:0.190000,angle:2.460000,distense:70.600000,rcs:34.000000
