timestame:1619470124.408000000,objid:1,type:0,xpos:0.000000,ypos:0.000000,xspeed:4.150000,yspeed:3.570000,angle:-17.330000,distense:37.400000,rcs:6.000000
timestame:1619470124.408000000,objid:3,type:0,xpos:0.000000,ypos:0.000000,xspeed:-5.750000,yspeed:2.250000,angle:12.470000,distense:41.200000,rcs:16.000000
timestame:1619470124.408000000,objid:4,type:0,xpos:0.000000,ypos:0.000000,xspeed:3.870000,yspeed:1.060000,angle:22.510000,distense:29.200000,rcs:35.000000
timestame:1619470124.408000000,objid:6,type:0,xpos:0.000000,ypos:0.000000,xspeed:4.240000,yspeed:2.830000,angle:-15.630000,distense:35.600000,rcs:26.000000
