timestame:1619471086.522000000,objid:0,type:0,xpos:0.000000,ypos:0.000000,xspeed:8.390000,yspeed:0.350000,angle:1.520000,distense:58.000000,rcs:32.000000
timestame:1619471086.522000000,objid:4,type:0,xpos:0.000000,ypos:0.000000,xspeed:-24.000000,yspeed:0.110000,angle:-4.900000,distense:125.400000,rcs:9.000000
timestame:1619471086.522000000,objid:11,type:0,xpos:0.000000,ypos:0.000000,xspeed:2.750000,yspeed:0.150000,angle:2.600000,distense:22.600000,rcs:46.000000
