timestame:1619471451.861000000,objid:3,type:0,xpos:0.000000,ypos:0.000000,xspeed:-2.260000,yspeed:-0.140000,angle:-6.540000,distense:101.200000,rcs:12.000000
timestame:1619471451.861000000,objid:11,type:0,xpos:0.000000,ypos:0.000000,xspeed:-1.540000,yspeed:0.400000,angle:-7.350000,distense:93.600000,rcs:13.000000
timestame:1619471451.861000000,objid:13,type:0,xpos:0.000000,ypos:0.000000,xspeed:-3.810000,yspeed:-0.180000,angle:21.990000,distense:35.000000,rcs:15.000000
