timestame:1619469785.464000000,objid:1,type:0,xpos:0.000000,ypos:0.000000,xspeed:-14.730000,yspeed:-6.580000,angle:-7.900000,distense:117.800000,rcs:12.000000
timestame:1619469785.464000000,objid:2,type:0,xpos:0.000000,ypos:0.000000,xspeed:16.930000,yspeed:-0.010000,angle:0.910000,distense:186.200000,rcs:9.000000
timestame:1619469785.464000000,objid:4,type:0,xpos:0.000000,ypos:0.000000,xspeed:-17.300000,yspeed:-0.240000,angle:-7.960000,distense:108.200000,rcs:22.000000
timestame:1619469785.464000000,objid:10,type:0,xpos:0.000000,ypos:0.000000,xspeed:16.810000,yspeed:0.250000,angle:1.240000,distense:173.400000,rcs:29.000000
