timestame:1619471229.006000000,objid:0,type:0,xpos:0.000000,ypos:0.000000,xspeed:6.350000,yspeed:0.400000,angle:2.320000,distense:88.600000,rcs:13.000000
timestame:1619471229.006000000,objid:1,type:0,xpos:0.000000,ypos:0.000000,xspeed:3.990000,yspeed:-4.500000,angle:-18.000000,distense:58.600000,rcs:20.000000
timestame:1619471229.006000000,objid:9,type:0,xpos:0.000000,ypos:0.000000,xspeed:6.190000,yspeed:0.130000,angle:2.120000,distense:79.400000,rcs:35.000000
