timestame:1619470462.022000000,objid:0,type:0,xpos:0.000000,ypos:0.000000,xspeed:-15.310000,yspeed:-0.830000,angle:-9.380000,distense:76.800000,rcs:23.000000
timestame:1619470462.022000000,objid:2,type:0,xpos:0.000000,ypos:0.000000,xspeed:5.950000,yspeed:0.180000,angle:3.310000,distense:187.400000,rcs:12.000000
