timestame:1619470758.603000000,objid:0,type:0,xpos:0.000000,ypos:0.000000,xspeed:-2.290000,yspeed:-19.770000,angle:-9.000000,distense:39.800000,rcs:27.000000
timestame:1619470758.603000000,objid:1,type:0,xpos:0.000000,ypos:0.000000,xspeed:-1.470000,yspeed:-3.200000,angle:-14.950000,distense:38.200000,rcs:35.000000
timestame:1619470758.603000000,objid:2,type:0,xpos:0.000000,ypos:0.000000,xspeed:1.790000,yspeed:3.010000,angle:-18.000000,distense:37.200000,rcs:13.000000
