timestame:1619469535.021000000,objid:4,type:0,xpos:0.000000,ypos:0.000000,xspeed:16.440000,yspeed:0.620000,angle:2.340000,distense:79.200000,rcs:30.000000
timestame:1619469535.021000000,objid:7,type:0,xpos:0.000000,ypos:0.000000,xspeed:16.510000,yspeed:0.520000,angle:1.840000,distense:87.000000,rcs:15.000000
