timestame:1619470975.614000000,objid:0,type:0,xpos:0.000000,ypos:0.000000,xspeed:6.710000,yspeed:-0.010000,angle:3.330000,distense:117.800000,rcs:22.000000
timestame:1619470975.614000000,objid:3,type:0,xpos:0.000000,ypos:0.000000,xspeed:7.130000,yspeed:-0.020000,angle:2.380000,distense:127.600000,rcs:9.000000
timestame:1619470975.614000000,objid:5,type:0,xpos:0.000000,ypos:0.000000,xspeed:-18.850000,yspeed:2.380000,angle:-6.180000,distense:131.200000,rcs:13.000000
timestame:1619470975.614000000,objid:9,type:0,xpos:0.000000,ypos:0.000000,xspeed:1.780000,yspeed:3.760000,angle:-5.140000,distense:45.200000,rcs:6.000000
