timestame:1619469953.573000000,objid:4,type:0,xpos:0.000000,ypos:0.000000,xspeed:1.000000,yspeed:-4.940000,angle:-13.760000,distense:59.000000,rcs:20.000000
timestame:1619469953.573000000,objid:8,type:0,xpos:0.000000,ypos:0.000000,xspeed:-1.440000,yspeed:-2.520000,angle:17.230000,distense:43.800000,rcs:30.000000
timestame:1619469953.573000000,objid:14,type:0,xpos:0.000000,ypos:0.000000,xspeed:-3.760000,yspeed:8.940000,angle:-5.200000,distense:38.600000,rcs:18.000000
