timestame:1619470907.471000000,objid:3,type:0,xpos:0.000000,ypos:0.000000,xspeed:-1.340000,yspeed:1.830000,angle:16.640000,distense:41.000000,rcs:6.000000
timestame:1619470907.471000000,objid:7,type:0,xpos:0.000000,ypos:0.000000,xspeed:-3.580000,yspeed:-2.130000,angle:-18.000000,distense:31.400000,rcs:6.000000
timestame:1619470907.471000000,objid:12,type:0,xpos:0.000000,ypos:0.000000,xspeed:-2.210000,yspeed:-1.020000,angle:-18.000000,distense:30.400000,rcs:6.000000
timestame:1619470907.471000000,objid:16,type:0,xpos:0.000000,ypos:0.000000,xspeed:-2.970000,yspeed:-1.110000,angle:-18.000000,distense:33.600000,rcs:9.000000
