timestame:1619470289.689000000,objid:2,type:0,xpos:0.000000,ypos:0.000000,xspeed:-12.090000,yspeed:-0.220000,angle:-12.170000,distense:73.800000,rcs:24.000000
timestame:1619470289.689000000,objid:5,type:0,xpos:0.000000,ypos:0.000000,xspeed:-5.970000,yspeed:-0.340000,angle:-18.000000,distense:28.200000,rcs:19.000000
timestame:1619470289.689000000,objid:7,type:0,xpos:0.000000,ypos:0.000000,xspeed:-6.130000,yspeed:-0.670000,angle:-18.000000,distense:24.600000,rcs:6.000000
