timestame:1619470169.472000000,objid:0,type:0,xpos:0.000000,ypos:0.000000,xspeed:7.070000,yspeed:0.400000,angle:2.450000,distense:55.200000,rcs:28.000000
timestame:1619470169.472000000,objid:1,type:0,xpos:0.000000,ypos:0.000000,xspeed:10.200000,yspeed:0.830000,angle:2.690000,distense:24.600000,rcs:33.000000
timestame:1619470169.472000000,objid:3,type:0,xpos:0.000000,ypos:0.000000,xspeed:8.950000,yspeed:0.130000,angle:4.760000,distense:90.200000,rcs:20.000000
timestame:1619470169.472000000,objid:5,type:0,xpos:0.000000,ypos:0.000000,xspeed:20.930000,yspeed:0.790000,angle:16.720000,distense:25.600000,rcs:9.000000
