timestame:1619471219.537000000,objid:6,type:0,xpos:0.000000,ypos:0.000000,xspeed:3.130000,yspeed:0.770000,angle:2.940000,distense:47.600000,rcs:18.000000
timestame:1619471219.537000000,objid:9,type:0,xpos:0.000000,ypos:0.000000,xspeed:3.420000,yspeed:0.310000,angle:2.960000,distense:29.000000,rcs:40.000000
timestame:1619471219.537000000,objid:10,type:0,xpos:0.000000,ypos:0.000000,xspeed:3.420000,yspeed:0.210000,angle:0.420000,distense:38.400000,rcs:19.000000
