timestame:1619469925.072000000,objid:1,type:0,xpos:0.000000,ypos:0.000000,xspeed:6.400000,yspeed:0.180000,angle:1.470000,distense:161.200000,rcs:16.000000
timestame:1619469925.072000000,objid:8,type:0,xpos:0.000000,ypos:0.000000,xspeed:6.370000,yspeed:0.020000,angle:1.260000,distense:154.200000,rcs:13.000000
