timestame:1619470767.963000000,objid:0,type:0,xpos:0.000000,ypos:0.000000,xspeed:-11.890000,yspeed:-1.950000,angle:-4.940000,distense:177.200000,rcs:13.000000
timestame:1619470767.963000000,objid:1,type:0,xpos:0.000000,ypos:0.000000,xspeed:12.810000,yspeed:3.360000,angle:2.940000,distense:63.800000,rcs:16.000000
timestame:1619470767.963000000,objid:9,type:0,xpos:0.000000,ypos:0.000000,xspeed:7.350000,yspeed:0.230000,angle:2.350000,distense:59.400000,rcs:35.000000
