timestame:1619470105.297000000,objid:1,type:0,xpos:0.000000,ypos:0.000000,xspeed:7.630000,yspeed:2.470000,angle:-17.270000,distense:26.800000,rcs:35.000000
timestame:1619470105.297000000,objid:6,type:0,xpos:0.000000,ypos:0.000000,xspeed:-2.640000,yspeed:-0.140000,angle:16.750000,distense:24.200000,rcs:9.000000
timestame:1619470105.297000000,objid:9,type:0,xpos:0.000000,ypos:0.000000,xspeed:3.760000,yspeed:2.110000,angle:-17.010000,distense:24.800000,rcs:33.000000
timestame:1619470105.297000000,objid:11,type:0,xpos:0.000000,ypos:0.000000,xspeed:1.910000,yspeed:0.560000,angle:13.990000,distense:22.000000,rcs:6.000000
