timestame:1619470567.285000000,objid:1,type:0,xpos:0.000000,ypos:0.000000,xspeed:3.850000,yspeed:3.410000,angle:-15.490000,distense:26.400000,rcs:26.000000
timestame:1619470567.285000000,objid:3,type:0,xpos:0.000000,ypos:0.000000,xspeed:14.560000,yspeed:0.010000,angle:1.090000,distense:154.200000,rcs:32.000000
timestame:1619470567.285000000,objid:8,type:0,xpos:0.000000,ypos:0.000000,xspeed:4.010000,yspeed:3.790000,angle:-12.090000,distense:40.200000,rcs:12.000000
