timestame:1619471260.738000000,objid:2,type:0,xpos:0.000000,ypos:0.000000,xspeed:12.440000,yspeed:0.340000,angle:4.350000,distense:83.600000,rcs:36.000000
timestame:1619471260.738000000,objid:6,type:0,xpos:0.000000,ypos:0.000000,xspeed:12.470000,yspeed:-0.150000,angle:3.940000,distense:95.800000,rcs:16.000000
timestame:1619471260.738000000,objid:10,type:0,xpos:0.000000,ypos:0.000000,xspeed:12.330000,yspeed:0.530000,angle:5.070000,distense:71.400000,rcs:26.000000
