timestame:1619469618.445000000,objid:1,type:0,xpos:0.000000,ypos:0.000000,xspeed:-1.630000,yspeed:0.220000,angle:-12.720000,distense:74.600000,rcs:20.000000
timestame:1619469618.445000000,objid:3,type:0,xpos:0.000000,ypos:0.000000,xspeed:-1.080000,yspeed:-0.080000,angle:-10.550000,distense:88.400000,rcs:25.000000
timestame:1619469618.445000000,objid:4,type:0,xpos:0.000000,ypos:0.000000,xspeed:-18.260000,yspeed:2.980000,angle:-4.110000,distense:136.200000,rcs:13.000000
