timestame:1619469538.128000000,objid:4,type:0,xpos:0.000000,ypos:0.000000,xspeed:17.070000,yspeed:0.330000,angle:1.700000,distense:132.600000,rcs:15.000000
timestame:1619469538.128000000,objid:7,type:0,xpos:0.000000,ypos:0.000000,xspeed:17.040000,yspeed:0.210000,angle:1.320000,distense:140.000000,rcs:12.000000
