timestame:1619470224.547000000,objid:9,type:0,xpos:0.000000,ypos:0.000000,xspeed:-1.090000,yspeed:2.990000,angle:10.160000,distense:38.600000,rcs:31.000000
timestame:1619470224.547000000,objid:11,type:0,xpos:0.000000,ypos:0.000000,xspeed:-1.890000,yspeed:6.440000,angle:8.940000,distense:38.000000,rcs:6.000000
