timestame:1619470117.995000000,objid:3,type:0,xpos:0.000000,ypos:0.000000,xspeed:-8.140000,yspeed:-4.230000,angle:8.120000,distense:33.800000,rcs:12.000000
timestame:1619470117.995000000,objid:5,type:0,xpos:0.000000,ypos:0.000000,xspeed:-8.020000,yspeed:-0.660000,angle:17.710000,distense:22.000000,rcs:16.000000
timestame:1619470117.995000000,objid:10,type:0,xpos:0.000000,ypos:0.000000,xspeed:2.240000,yspeed:5.470000,angle:-3.340000,distense:47.000000,rcs:9.000000
