timestame:1619469700.513000000,objid:2,type:0,xpos:0.000000,ypos:0.000000,xspeed:-2.320000,yspeed:-2.040000,angle:-18.000000,distense:39.600000,rcs:20.000000
timestame:1619469700.513000000,objid:5,type:0,xpos:0.000000,ypos:0.000000,xspeed:-3.920000,yspeed:-2.000000,angle:-18.000000,distense:36.200000,rcs:9.000000
timestame:1619469700.513000000,objid:8,type:0,xpos:0.000000,ypos:0.000000,xspeed:2.230000,yspeed:5.480000,angle:0.000000,distense:47.800000,rcs:20.000000
