timestame:1619469656.953000000,objid:1,type:0,xpos:0.000000,ypos:0.000000,xspeed:2.530000,yspeed:3.640000,angle:-5.790000,distense:43.400000,rcs:6.000000
timestame:1619469656.953000000,objid:7,type:0,xpos:0.000000,ypos:0.000000,xspeed:24.110000,yspeed:0.370000,angle:1.000000,distense:184.800000,rcs:13.000000
timestame:1619469656.953000000,objid:8,type:0,xpos:0.000000,ypos:0.000000,xspeed:3.050000,yspeed:2.470000,angle:-13.510000,distense:38.000000,rcs:9.000000
