timestame:1619470229.268000000,objid:2,type:0,xpos:0.000000,ypos:0.000000,xspeed:-1.460000,yspeed:-2.840000,angle:-15.450000,distense:40.800000,rcs:22.000000
timestame:1619470229.268000000,objid:8,type:0,xpos:0.000000,ypos:0.000000,xspeed:-2.070000,yspeed:-2.720000,angle:-18.000000,distense:38.800000,rcs:15.000000
timestame:1619470229.268000000,objid:11,type:0,xpos:0.000000,ypos:0.000000,xspeed:-9.170000,yspeed:-2.840000,angle:-4.180000,distense:173.800000,rcs:12.000000
