timestame:1619470739.532000000,objid:0,type:0,xpos:0.000000,ypos:0.000000,xspeed:-15.760000,yspeed:-0.360000,angle:-5.610000,distense:123.200000,rcs:9.000000
timestame:1619470739.532000000,objid:1,type:0,xpos:0.000000,ypos:0.000000,xspeed:11.820000,yspeed:-0.070000,angle:0.980000,distense:140.800000,rcs:6.000000
timestame:1619470739.532000000,objid:4,type:0,xpos:0.000000,ypos:0.000000,xspeed:-6.980000,yspeed:9.700000,angle:-18.000000,distense:44.200000,rcs:15.000000
timestame:1619470739.532000000,objid:6,type:0,xpos:0.000000,ypos:0.000000,xspeed:12.240000,yspeed:0.130000,angle:1.360000,distense:131.400000,rcs:28.000000
