timestame:1619470561.400000000,objid:0,type:0,xpos:0.000000,ypos:0.000000,xspeed:5.300000,yspeed:-0.420000,angle:2.590000,distense:198.800000,rcs:9.000000
timestame:1619470561.400000000,objid:1,type:0,xpos:0.000000,ypos:0.000000,xspeed:5.630000,yspeed:-0.220000,angle:4.160000,distense:190.400000,rcs:16.000000
timestame:1619470561.400000000,objid:2,type:0,xpos:0.000000,ypos:0.000000,xspeed:6.700000,yspeed:0.000000,angle:3.010000,distense:206.400000,rcs:9.000000
timestame:1619470561.400000000,objid:3,type:0,xpos:0.000000,ypos:0.000000,xspeed:9.200000,yspeed:0.260000,angle:1.910000,distense:75.800000,rcs:34.000000
