timestame:1619469816.781000000,objid:4,type:0,xpos:0.000000,ypos:0.000000,xspeed:-8.250000,yspeed:-0.110000,angle:-4.590000,distense:172.400000,rcs:12.000000
timestame:1619469816.781000000,objid:5,type:0,xpos:0.000000,ypos:0.000000,xspeed:-4.130000,yspeed:2.620000,angle:-18.000000,distense:48.600000,rcs:9.000000
timestame:1619469816.781000000,objid:6,type:0,xpos:0.000000,ypos:0.000000,xspeed:4.420000,yspeed:2.980000,angle:-17.600000,distense:30.400000,rcs:18.000000
timestame:1619469816.781000000,objid:10,type:0,xpos:0.000000,ypos:0.000000,xspeed:1.200000,yspeed:-3.480000,angle:20.510000,distense:45.600000,rcs:20.000000
