timestame:1619471209.741000000,objid:0,type:0,xpos:0.000000,ypos:0.000000,xspeed:-8.540000,yspeed:-1.870000,angle:-17.730000,distense:55.400000,rcs:23.000000
timestame:1619471209.741000000,objid:2,type:0,xpos:0.000000,ypos:0.000000,xspeed:-4.690000,yspeed:-2.490000,angle:-18.000000,distense:37.600000,rcs:20.000000
timestame:1619471209.741000000,objid:5,type:0,xpos:0.000000,ypos:0.000000,xspeed:-6.030000,yspeed:-0.520000,angle:-18.000000,distense:52.600000,rcs:21.000000
timestame:1619471209.741000000,objid:11,type:0,xpos:0.000000,ypos:0.000000,xspeed:-6.330000,yspeed:-0.190000,angle:-18.000000,distense:40.000000,rcs:18.000000
