timestame:1619469702.006000000,objid:1,type:0,xpos:0.000000,ypos:0.000000,xspeed:-2.230000,yspeed:-5.890000,angle:-12.730000,distense:42.200000,rcs:30.000000
timestame:1619469702.006000000,objid:2,type:0,xpos:0.000000,ypos:0.000000,xspeed:-2.590000,yspeed:-1.110000,angle:-18.000000,distense:36.400000,rcs:15.000000
timestame:1619469702.006000000,objid:5,type:0,xpos:0.000000,ypos:0.000000,xspeed:-3.160000,yspeed:-0.990000,angle:-18.000000,distense:33.200000,rcs:9.000000
timestame:1619469702.006000000,objid:10,type:0,xpos:0.000000,ypos:0.000000,xspeed:-1.920000,yspeed:-3.700000,angle:-17.330000,distense:41.200000,rcs:27.000000
