timestame:1619470032.825000000,objid:1,type:0,xpos:0.000000,ypos:0.000000,xspeed:7.580000,yspeed:0.350000,angle:2.480000,distense:55.400000,rcs:30.000000
timestame:1619470032.825000000,objid:3,type:0,xpos:0.000000,ypos:0.000000,xspeed:10.060000,yspeed:0.730000,angle:0.770000,distense:19.600000,rcs:38.000000
timestame:1619470032.825000000,objid:4,type:0,xpos:0.000000,ypos:0.000000,xspeed:12.240000,yspeed:0.200000,angle:1.800000,distense:90.400000,rcs:20.000000
timestame:1619470032.825000000,objid:7,type:0,xpos:0.000000,ypos:0.000000,xspeed:1.250000,yspeed:-0.190000,angle:7.480000,distense:22.800000,rcs:31.000000
