timestame:1619470442.827000000,objid:1,type:0,xpos:0.000000,ypos:0.000000,xspeed:16.310000,yspeed:0.450000,angle:2.060000,distense:105.000000,rcs:25.000000
timestame:1619470442.827000000,objid:2,type:0,xpos:0.000000,ypos:0.000000,xspeed:3.810000,yspeed:-0.160000,angle:8.570000,distense:85.800000,rcs:25.000000
