timestame:1619470165.748000000,objid:0,type:0,xpos:0.000000,ypos:0.000000,xspeed:3.530000,yspeed:-1.060000,angle:1.840000,distense:29.200000,rcs:37.000000
timestame:1619470165.748000000,objid:3,type:0,xpos:0.000000,ypos:0.000000,xspeed:6.430000,yspeed:0.430000,angle:6.780000,distense:57.200000,rcs:24.000000
timestame:1619470165.748000000,objid:6,type:0,xpos:0.000000,ypos:0.000000,xspeed:2.200000,yspeed:0.090000,angle:1.340000,distense:26.200000,rcs:6.000000
