timestame:1619470287.393000000,objid:2,type:0,xpos:0.000000,ypos:0.000000,xspeed:-12.540000,yspeed:-0.130000,angle:-8.560000,distense:101.000000,rcs:21.000000
timestame:1619470287.393000000,objid:5,type:0,xpos:0.000000,ypos:0.000000,xspeed:-5.650000,yspeed:-0.480000,angle:-18.000000,distense:40.400000,rcs:28.000000
timestame:1619470287.393000000,objid:7,type:0,xpos:0.000000,ypos:0.000000,xspeed:-5.420000,yspeed:-0.410000,angle:-18.000000,distense:35.800000,rcs:20.000000
timestame:1619470287.393000000,objid:11,type:0,xpos:0.000000,ypos:0.000000,xspeed:-5.410000,yspeed:-0.340000,angle:-18.000000,distense:30.000000,rcs:16.000000
