timestame:1619470533.788000000,objid:0,type:0,xpos:0.000000,ypos:0.000000,xspeed:6.180000,yspeed:0.850000,angle:18.860000,distense:20.800000,rcs:21.000000
timestame:1619470533.788000000,objid:2,type:0,xpos:0.000000,ypos:0.000000,xspeed:-7.360000,yspeed:-0.720000,angle:-7.690000,distense:115.000000,rcs:15.000000
timestame:1619470533.788000000,objid:3,type:0,xpos:0.000000,ypos:0.000000,xspeed:-3.430000,yspeed:-4.630000,angle:-9.320000,distense:109.200000,rcs:12.000000
timestame:1619470533.788000000,objid:4,type:0,xpos:0.000000,ypos:0.000000,xspeed:5.530000,yspeed:0.000000,angle:-16.510000,distense:22.000000,rcs:13.000000
