timestame:1619469946.745000000,objid:3,type:0,xpos:0.000000,ypos:0.000000,xspeed:1.880000,yspeed:0.200000,angle:0.730000,distense:17.400000,rcs:16.000000
timestame:1619469946.745000000,objid:5,type:0,xpos:0.000000,ypos:0.000000,xspeed:-6.740000,yspeed:-12.260000,angle:-18.000000,distense:55.800000,rcs:6.000000
