timestame:1619470634.922000000,objid:1,type:0,xpos:0.000000,ypos:0.000000,xspeed:-1.210000,yspeed:2.130000,angle:-18.000000,distense:33.600000,rcs:15.000000
timestame:1619470634.922000000,objid:2,type:0,xpos:0.000000,ypos:0.000000,xspeed:-2.360000,yspeed:0.120000,angle:-8.610000,distense:81.200000,rcs:18.000000
timestame:1619470634.922000000,objid:3,type:0,xpos:0.000000,ypos:0.000000,xspeed:-3.210000,yspeed:0.000000,angle:-14.950000,distense:50.200000,rcs:13.000000
