timestame:1619470938.812000000,objid:1,type:0,xpos:0.000000,ypos:0.000000,xspeed:-2.120000,yspeed:1.510000,angle:-13.210000,distense:72.200000,rcs:26.000000
timestame:1619470938.812000000,objid:10,type:0,xpos:0.000000,ypos:0.000000,xspeed:-2.800000,yspeed:-0.240000,angle:-10.290000,distense:74.600000,rcs:16.000000
