timestame:1619469557.805000000,objid:5,type:0,xpos:0.000000,ypos:0.000000,xspeed:-1.800000,yspeed:6.990000,angle:18.080000,distense:40.800000,rcs:6.000000
timestame:1619469557.805000000,objid:10,type:0,xpos:0.000000,ypos:0.000000,xspeed:1.360000,yspeed:-5.630000,angle:-4.500000,distense:51.800000,rcs:9.000000
