timestame:1619471402.777000000,objid:6,type:0,xpos:0.000000,ypos:0.000000,xspeed:8.180000,yspeed:3.660000,angle:-9.930000,distense:54.200000,rcs:6.000000
timestame:1619471402.777000000,objid:8,type:0,xpos:0.000000,ypos:0.000000,xspeed:3.280000,yspeed:-6.320000,angle:22.610000,distense:106.200000,rcs:13.000000
timestame:1619471402.777000000,objid:9,type:0,xpos:0.000000,ypos:0.000000,xspeed:-1.460000,yspeed:0.000000,angle:-5.900000,distense:41.400000,rcs:12.000000
timestame:1619471402.777000000,objid:11,type:0,xpos:0.000000,ypos:0.000000,xspeed:6.400000,yspeed:7.900000,angle:-7.390000,distense:49.400000,rcs:13.000000
