timestame:1619470071.212000000,objid:3,type:0,xpos:0.000000,ypos:0.000000,xspeed:-1.790000,yspeed:2.740000,angle:11.940000,distense:49.000000,rcs:39.000000
timestame:1619470071.212000000,objid:4,type:0,xpos:0.000000,ypos:0.000000,xspeed:-1.710000,yspeed:3.000000,angle:16.400000,distense:44.200000,rcs:18.000000
timestame:1619470071.212000000,objid:8,type:0,xpos:0.000000,ypos:0.000000,xspeed:2.830000,yspeed:2.040000,angle:-14.640000,distense:35.200000,rcs:22.000000
