timestame:1619470737.723000000,objid:0,type:0,xpos:0.000000,ypos:0.000000,xspeed:-16.890000,yspeed:-3.720000,angle:-4.560000,distense:152.400000,rcs:15.000000
timestame:1619470737.723000000,objid:1,type:0,xpos:0.000000,ypos:0.000000,xspeed:11.920000,yspeed:-0.060000,angle:1.250000,distense:118.800000,rcs:12.000000
timestame:1619470737.723000000,objid:6,type:0,xpos:0.000000,ypos:0.000000,xspeed:12.070000,yspeed:0.060000,angle:1.460000,distense:108.400000,rcs:33.000000
