timestame:1619471234.165000000,objid:0,type:0,xpos:0.000000,ypos:0.000000,xspeed:7.880000,yspeed:-0.080000,angle:1.400000,distense:126.800000,rcs:6.000000
timestame:1619471234.165000000,objid:9,type:0,xpos:0.000000,ypos:0.000000,xspeed:7.310000,yspeed:0.090000,angle:1.560000,distense:116.600000,rcs:28.000000
