timestame:1619469632.252000000,objid:2,type:0,xpos:0.000000,ypos:0.000000,xspeed:-6.210000,yspeed:-0.380000,angle:-18.000000,distense:27.000000,rcs:6.000000
timestame:1619469632.252000000,objid:6,type:0,xpos:0.000000,ypos:0.000000,xspeed:-9.330000,yspeed:-0.090000,angle:-7.300000,distense:65.200000,rcs:23.000000
timestame:1619469632.252000000,objid:7,type:0,xpos:0.000000,ypos:0.000000,xspeed:-6.940000,yspeed:-0.670000,angle:-18.000000,distense:29.600000,rcs:6.000000
