timestame:1619470010.775000000,objid:2,type:0,xpos:0.000000,ypos:0.000000,xspeed:-2.180000,yspeed:-1.600000,angle:-18.000000,distense:30.400000,rcs:6.000000
timestame:1619470010.775000000,objid:5,type:0,xpos:0.000000,ypos:0.000000,xspeed:1.710000,yspeed:-4.350000,angle:-6.040000,distense:39.600000,rcs:40.000000
