timestame:1619470039.570000000,objid:0,type:0,xpos:0.000000,ypos:0.000000,xspeed:1.980000,yspeed:0.660000,angle:11.000000,distense:32.400000,rcs:16.000000
timestame:1619470039.570000000,objid:1,type:0,xpos:0.000000,ypos:0.000000,xspeed:11.290000,yspeed:-0.020000,angle:1.380000,distense:127.200000,rcs:16.000000
timestame:1619470039.570000000,objid:3,type:0,xpos:0.000000,ypos:0.000000,xspeed:12.820000,yspeed:0.160000,angle:1.910000,distense:99.400000,rcs:23.000000
timestame:1619470039.570000000,objid:5,type:0,xpos:0.000000,ypos:0.000000,xspeed:3.740000,yspeed:0.010000,angle:7.570000,distense:31.200000,rcs:33.000000
