timestame:1619470886.932000000,objid:0,type:0,xpos:0.000000,ypos:0.000000,xspeed:-2.520000,yspeed:9.790000,angle:-0.300000,distense:42.000000,rcs:6.000000
timestame:1619470886.932000000,objid:3,type:0,xpos:0.000000,ypos:0.000000,xspeed:-2.090000,yspeed:-3.440000,angle:-18.000000,distense:34.200000,rcs:21.000000
