timestame:1619471135.822000000,objid:5,type:0,xpos:0.000000,ypos:0.000000,xspeed:16.890000,yspeed:0.000000,angle:16.770000,distense:53.000000,rcs:26.000000
timestame:1619471135.822000000,objid:7,type:0,xpos:0.000000,ypos:0.000000,xspeed:-21.570000,yspeed:-13.770000,angle:3.150000,distense:22.600000,rcs:9.000000
