timestame:1619471148.346000000,objid:4,type:0,xpos:0.000000,ypos:0.000000,xspeed:-13.920000,yspeed:8.010000,angle:-1.890000,distense:40.800000,rcs:9.000000
timestame:1619471148.346000000,objid:5,type:0,xpos:0.000000,ypos:0.000000,xspeed:-1.230000,yspeed:6.180000,angle:10.260000,distense:40.600000,rcs:36.000000
timestame:1619471148.346000000,objid:9,type:0,xpos:0.000000,ypos:0.000000,xspeed:-1.640000,yspeed:6.020000,angle:5.780000,distense:40.400000,rcs:15.000000
