timestame:1619470974.625000000,objid:0,type:0,xpos:0.000000,ypos:0.000000,xspeed:6.440000,yspeed:0.130000,angle:3.670000,distense:111.000000,rcs:20.000000
timestame:1619470974.625000000,objid:3,type:0,xpos:0.000000,ypos:0.000000,xspeed:7.240000,yspeed:-0.340000,angle:2.250000,distense:121.000000,rcs:13.000000
timestame:1619470974.625000000,objid:9,type:0,xpos:0.000000,ypos:0.000000,xspeed:2.070000,yspeed:3.400000,angle:-8.420000,distense:41.800000,rcs:13.000000
