timestame:1619470118.810000000,objid:1,type:0,xpos:0.000000,ypos:0.000000,xspeed:1.060000,yspeed:-0.030000,angle:11.660000,distense:34.600000,rcs:16.000000
timestame:1619470118.810000000,objid:3,type:0,xpos:0.000000,ypos:0.000000,xspeed:-9.870000,yspeed:2.950000,angle:14.530000,distense:25.600000,rcs:12.000000
timestame:1619470118.810000000,objid:4,type:0,xpos:0.000000,ypos:0.000000,xspeed:-11.150000,yspeed:-2.120000,angle:-2.990000,distense:9.600000,rcs:12.000000
