timestame:1619471163.614000000,objid:0,type:0,xpos:0.000000,ypos:0.000000,xspeed:-6.450000,yspeed:8.690000,angle:-4.160000,distense:171.400000,rcs:12.000000
timestame:1619471163.614000000,objid:3,type:0,xpos:0.000000,ypos:0.000000,xspeed:4.070000,yspeed:4.200000,angle:-13.090000,distense:40.000000,rcs:20.000000
timestame:1619471163.614000000,objid:5,type:0,xpos:0.000000,ypos:0.000000,xspeed:2.690000,yspeed:5.750000,angle:-4.770000,distense:47.600000,rcs:6.000000
timestame:1619471163.614000000,objid:8,type:0,xpos:0.000000,ypos:0.000000,xspeed:3.620000,yspeed:4.010000,angle:-10.780000,distense:42.400000,rcs:18.000000
