timestame:1619470148.007000000,objid:0,type:0,xpos:0.000000,ypos:0.000000,xspeed:1.740000,yspeed:2.580000,angle:-11.720000,distense:41.000000,rcs:22.000000
timestame:1619470148.007000000,objid:1,type:0,xpos:0.000000,ypos:0.000000,xspeed:2.440000,yspeed:0.910000,angle:22.520000,distense:27.000000,rcs:21.000000
timestame:1619470148.007000000,objid:3,type:0,xpos:0.000000,ypos:0.000000,xspeed:-1.590000,yspeed:-0.120000,angle:-10.490000,distense:72.400000,rcs:9.000000
timestame:1619470148.007000000,objid:4,type:0,xpos:0.000000,ypos:0.000000,xspeed:2.760000,yspeed:2.870000,angle:-17.630000,distense:35.400000,rcs:15.000000
