timestame:1619469536.508000000,objid:4,type:0,xpos:0.000000,ypos:0.000000,xspeed:16.560000,yspeed:0.320000,angle:1.840000,distense:104.200000,rcs:18.000000
timestame:1619469536.508000000,objid:7,type:0,xpos:0.000000,ypos:0.000000,xspeed:16.410000,yspeed:0.360000,angle:1.600000,distense:111.400000,rcs:15.000000
