timestame:1619469762.944000000,objid:3,type:0,xpos:0.000000,ypos:0.000000,xspeed:4.920000,yspeed:0.850000,angle:18.870000,distense:25.200000,rcs:29.000000
timestame:1619469762.944000000,objid:5,type:0,xpos:0.000000,ypos:0.000000,xspeed:-18.080000,yspeed:-0.210000,angle:-16.100000,distense:61.400000,rcs:15.000000
timestame:1619469762.944000000,objid:6,type:0,xpos:0.000000,ypos:0.000000,xspeed:2.350000,yspeed:0.240000,angle:-16.480000,distense:19.000000,rcs:18.000000
