timestame:1619470222.314000000,objid:8,type:0,xpos:0.000000,ypos:0.000000,xspeed:-2.350000,yspeed:8.520000,angle:-15.010000,distense:43.800000,rcs:13.000000
timestame:1619470222.314000000,objid:11,type:0,xpos:0.000000,ypos:0.000000,xspeed:-1.990000,yspeed:6.740000,angle:-11.970000,distense:42.800000,rcs:12.000000
