timestame:1619469774.022000000,objid:1,type:0,xpos:0.000000,ypos:0.000000,xspeed:3.780000,yspeed:2.220000,angle:-14.880000,distense:33.200000,rcs:6.000000
timestame:1619469774.022000000,objid:3,type:0,xpos:0.000000,ypos:0.000000,xspeed:2.340000,yspeed:-20.480000,angle:15.250000,distense:16.200000,rcs:9.000000
timestame:1619469774.022000000,objid:7,type:0,xpos:0.000000,ypos:0.000000,xspeed:3.110000,yspeed:3.340000,angle:-10.480000,distense:42.800000,rcs:6.000000
