timestame:1619471168.265000000,objid:0,type:0,xpos:0.000000,ypos:0.000000,xspeed:-9.600000,yspeed:-0.240000,angle:-4.910000,distense:125.400000,rcs:13.000000
timestame:1619471168.265000000,objid:2,type:0,xpos:0.000000,ypos:0.000000,xspeed:3.120000,yspeed:0.640000,angle:3.510000,distense:14.000000,rcs:33.000000
