timestame:1619470788.345000000,objid:1,type:0,xpos:0.000000,ypos:0.000000,xspeed:-3.530000,yspeed:-1.500000,angle:-18.000000,distense:27.000000,rcs:13.000000
timestame:1619470788.345000000,objid:2,type:0,xpos:0.000000,ypos:0.000000,xspeed:-3.860000,yspeed:-2.360000,angle:-18.000000,distense:29.000000,rcs:13.000000
timestame:1619470788.345000000,objid:6,type:0,xpos:0.000000,ypos:0.000000,xspeed:-3.780000,yspeed:-1.120000,angle:-18.000000,distense:25.600000,rcs:6.000000
timestame:1619470788.345000000,objid:11,type:0,xpos:0.000000,ypos:0.000000,xspeed:-4.270000,yspeed:-0.700000,angle:-18.000000,distense:23.400000,rcs:6.000000
