timestame:1619469916.515000000,objid:1,type:0,xpos:0.000000,ypos:0.000000,xspeed:5.480000,yspeed:-0.010000,angle:1.450000,distense:109.000000,rcs:18.000000
timestame:1619469916.515000000,objid:2,type:0,xpos:0.000000,ypos:0.000000,xspeed:13.630000,yspeed:0.360000,angle:2.420000,distense:215.000000,rcs:20.000000
timestame:1619469916.515000000,objid:8,type:0,xpos:0.000000,ypos:0.000000,xspeed:5.520000,yspeed:0.010000,angle:1.580000,distense:102.400000,rcs:28.000000
