timestame:1619471124.244000000,objid:0,type:0,xpos:0.000000,ypos:0.000000,xspeed:-1.720000,yspeed:3.570000,angle:14.090000,distense:40.600000,rcs:15.000000
timestame:1619471124.244000000,objid:1,type:0,xpos:0.000000,ypos:0.000000,xspeed:-4.720000,yspeed:4.840000,angle:11.860000,distense:40.200000,rcs:18.000000
