timestame:1619470058.429000000,objid:0,type:0,xpos:0.000000,ypos:0.000000,xspeed:-13.140000,yspeed:0.740000,angle:-4.100000,distense:98.200000,rcs:15.000000
timestame:1619470058.429000000,objid:5,type:0,xpos:0.000000,ypos:0.000000,xspeed:9.320000,yspeed:0.340000,angle:2.780000,distense:170.600000,rcs:29.000000
