timestame:1619470478.142000000,objid:0,type:0,xpos:0.000000,ypos:0.000000,xspeed:-8.670000,yspeed:-0.480000,angle:-6.120000,distense:108.200000,rcs:21.000000
timestame:1619470478.142000000,objid:2,type:0,xpos:0.000000,ypos:0.000000,xspeed:1.450000,yspeed:-0.350000,angle:12.770000,distense:76.000000,rcs:6.000000
