timestame:1619469821.927000000,objid:1,type:0,xpos:0.000000,ypos:0.000000,xspeed:1.290000,yspeed:-7.010000,angle:-18.000000,distense:65.800000,rcs:9.000000
timestame:1619469821.927000000,objid:4,type:0,xpos:0.000000,ypos:0.000000,xspeed:-1.840000,yspeed:9.860000,angle:-11.190000,distense:42.200000,rcs:6.000000
timestame:1619469821.927000000,objid:11,type:0,xpos:0.000000,ypos:0.000000,xspeed:-4.870000,yspeed:0.230000,angle:-5.950000,distense:139.200000,rcs:12.000000
