timestame:1619471450.682000000,objid:3,type:0,xpos:0.000000,ypos:0.000000,xspeed:-2.420000,yspeed:-0.100000,angle:-6.230000,distense:103.600000,rcs:20.000000
timestame:1619471450.682000000,objid:11,type:0,xpos:0.000000,ypos:0.000000,xspeed:-1.900000,yspeed:0.250000,angle:-7.720000,distense:95.000000,rcs:13.000000
timestame:1619471450.682000000,objid:13,type:0,xpos:0.000000,ypos:0.000000,xspeed:-3.680000,yspeed:-0.070000,angle:19.900000,distense:39.600000,rcs:9.000000
