timestame:1619470013.018000000,objid:0,type:0,xpos:0.000000,ypos:0.000000,xspeed:-1.980000,yspeed:-1.860000,angle:-18.000000,distense:33.400000,rcs:15.000000
timestame:1619470013.018000000,objid:9,type:0,xpos:0.000000,ypos:0.000000,xspeed:1.980000,yspeed:-1.870000,angle:-5.170000,distense:50.200000,rcs:12.000000
timestame:1619470013.018000000,objid:11,type:0,xpos:0.000000,ypos:0.000000,xspeed:1.500000,yspeed:-11.020000,angle:11.890000,distense:41.600000,rcs:29.000000
