timestame:1619469950.473000000,objid:4,type:0,xpos:0.000000,ypos:0.000000,xspeed:1.260000,yspeed:-3.860000,angle:1.460000,distense:54.200000,rcs:24.000000
timestame:1619469950.473000000,objid:13,type:0,xpos:0.000000,ypos:0.000000,xspeed:-1.570000,yspeed:6.620000,angle:-1.140000,distense:41.200000,rcs:9.000000
timestame:1619469950.473000000,objid:15,type:0,xpos:0.000000,ypos:0.000000,xspeed:-4.190000,yspeed:5.930000,angle:0.960000,distense:39.800000,rcs:15.000000
