timestame:1619471450.866000000,objid:3,type:0,xpos:0.000000,ypos:0.000000,xspeed:-2.440000,yspeed:-0.170000,angle:-6.370000,distense:103.200000,rcs:16.000000
timestame:1619471450.866000000,objid:11,type:0,xpos:0.000000,ypos:0.000000,xspeed:-1.820000,yspeed:0.330000,angle:-7.590000,distense:94.800000,rcs:13.000000
timestame:1619471450.866000000,objid:13,type:0,xpos:0.000000,ypos:0.000000,xspeed:-3.610000,yspeed:-0.110000,angle:20.050000,distense:39.000000,rcs:9.000000
