timestame:1619470497.374000000,objid:2,type:0,xpos:0.000000,ypos:0.000000,xspeed:-1.010000,yspeed:-3.680000,angle:-16.210000,distense:41.200000,rcs:36.000000
timestame:1619470497.374000000,objid:6,type:0,xpos:0.000000,ypos:0.000000,xspeed:-1.310000,yspeed:3.350000,angle:-8.450000,distense:47.000000,rcs:16.000000
timestame:1619470497.374000000,objid:7,type:0,xpos:0.000000,ypos:0.000000,xspeed:-2.160000,yspeed:-3.120000,angle:-14.510000,distense:47.600000,rcs:9.000000
