timestame:1619470071.525000000,objid:3,type:0,xpos:0.000000,ypos:0.000000,xspeed:-1.570000,yspeed:2.860000,angle:13.160000,distense:49.200000,rcs:36.000000
timestame:1619470071.525000000,objid:4,type:0,xpos:0.000000,ypos:0.000000,xspeed:-1.590000,yspeed:2.770000,angle:17.160000,distense:44.200000,rcs:19.000000
timestame:1619470071.525000000,objid:8,type:0,xpos:0.000000,ypos:0.000000,xspeed:2.670000,yspeed:2.220000,angle:-13.760000,distense:36.000000,rcs:18.000000
