timestame:1619471252.453000000,objid:1,type:0,xpos:0.000000,ypos:0.000000,xspeed:2.450000,yspeed:3.180000,angle:2.860000,distense:78.400000,rcs:9.000000
timestame:1619471252.453000000,objid:3,type:0,xpos:0.000000,ypos:0.000000,xspeed:-17.110000,yspeed:-0.520000,angle:-5.900000,distense:141.000000,rcs:9.000000
