timestame:1619469946.868000000,objid:3,type:0,xpos:0.000000,ypos:0.000000,xspeed:1.810000,yspeed:0.320000,angle:1.300000,distense:17.600000,rcs:21.000000
timestame:1619469946.868000000,objid:4,type:0,xpos:0.000000,ypos:0.000000,xspeed:-5.230000,yspeed:-11.170000,angle:16.410000,distense:50.400000,rcs:18.000000
timestame:1619469946.868000000,objid:5,type:0,xpos:0.000000,ypos:0.000000,xspeed:-6.740000,yspeed:-12.260000,angle:-18.000000,distense:56.000000,rcs:6.000000
