timestame:1619471367.440000000,objid:1,type:0,xpos:0.000000,ypos:0.000000,xspeed:7.730000,yspeed:0.050000,angle:3.200000,distense:119.600000,rcs:9.000000
timestame:1619471367.440000000,objid:2,type:0,xpos:0.000000,ypos:0.000000,xspeed:8.140000,yspeed:-0.040000,angle:3.040000,distense:125.600000,rcs:12.000000
timestame:1619471367.440000000,objid:7,type:0,xpos:0.000000,ypos:0.000000,xspeed:11.710000,yspeed:0.230000,angle:1.580000,distense:158.200000,rcs:19.000000
