timestame:1619469949.042000000,objid:4,type:0,xpos:0.000000,ypos:0.000000,xspeed:1.350000,yspeed:-4.920000,angle:7.050000,distense:52.800000,rcs:23.000000
timestame:1619469949.042000000,objid:6,type:0,xpos:0.000000,ypos:0.000000,xspeed:-4.740000,yspeed:-8.140000,angle:7.850000,distense:167.200000,rcs:13.000000
timestame:1619469949.042000000,objid:8,type:0,xpos:0.000000,ypos:0.000000,xspeed:-1.620000,yspeed:5.860000,angle:-16.550000,distense:46.000000,rcs:9.000000
