timestame:1619470438.603000000,objid:1,type:0,xpos:0.000000,ypos:0.000000,xspeed:13.610000,yspeed:0.690000,angle:2.580000,distense:36.200000,rcs:39.000000
timestame:1619470438.603000000,objid:2,type:0,xpos:0.000000,ypos:0.000000,xspeed:3.790000,yspeed:0.060000,angle:11.040000,distense:69.800000,rcs:12.000000
