timestame:1619470332.827000000,objid:0,type:0,xpos:0.000000,ypos:0.000000,xspeed:16.530000,yspeed:-0.250000,angle:0.210000,distense:224.600000,rcs:15.000000
timestame:1619470332.827000000,objid:4,type:0,xpos:0.000000,ypos:0.000000,xspeed:-1.300000,yspeed:0.980000,angle:17.100000,distense:65.000000,rcs:9.000000
