timestame:1619471311.502000000,objid:0,type:0,xpos:0.000000,ypos:0.000000,xspeed:3.130000,yspeed:1.420000,angle:20.510000,distense:41.000000,rcs:9.000000
timestame:1619471311.502000000,objid:2,type:0,xpos:0.000000,ypos:0.000000,xspeed:3.130000,yspeed:2.600000,angle:-14.790000,distense:40.800000,rcs:16.000000
timestame:1619471311.502000000,objid:3,type:0,xpos:0.000000,ypos:0.000000,xspeed:3.550000,yspeed:1.950000,angle:-16.670000,distense:34.000000,rcs:25.000000
timestame:1619471311.502000000,objid:4,type:0,xpos:0.000000,ypos:0.000000,xspeed:-1.140000,yspeed:5.390000,angle:-4.900000,distense:38.400000,rcs:22.000000
