timestame:1619469815.164000000,objid:1,type:0,xpos:0.000000,ypos:0.000000,xspeed:2.680000,yspeed:5.320000,angle:-6.720000,distense:52.000000,rcs:18.000000
timestame:1619469815.164000000,objid:3,type:0,xpos:0.000000,ypos:0.000000,xspeed:-1.840000,yspeed:0.320000,angle:-1.380000,distense:50.600000,rcs:13.000000
timestame:1619469815.164000000,objid:4,type:0,xpos:0.000000,ypos:0.000000,xspeed:-10.900000,yspeed:-1.710000,angle:-3.570000,distense:186.200000,rcs:9.000000
