timestame:1619470990.790000000,objid:3,type:0,xpos:0.000000,ypos:0.000000,xspeed:5.230000,yspeed:-0.170000,angle:6.990000,distense:105.600000,rcs:6.000000
timestame:1619470990.790000000,objid:4,type:0,xpos:0.000000,ypos:0.000000,xspeed:-13.530000,yspeed:-0.450000,angle:-17.790000,distense:46.000000,rcs:24.000000
