timestame:1619471140.032000000,objid:3,type:0,xpos:0.000000,ypos:0.000000,xspeed:-2.980000,yspeed:-4.000000,angle:-18.000000,distense:33.600000,rcs:19.000000
timestame:1619471140.032000000,objid:7,type:0,xpos:0.000000,ypos:0.000000,xspeed:-3.730000,yspeed:-5.710000,angle:-9.270000,distense:38.000000,rcs:35.000000
