timestame:1619470171.509000000,objid:0,type:0,xpos:0.000000,ypos:0.000000,xspeed:8.680000,yspeed:0.280000,angle:2.250000,distense:74.400000,rcs:29.000000
timestame:1619470171.509000000,objid:1,type:0,xpos:0.000000,ypos:0.000000,xspeed:10.030000,yspeed:0.510000,angle:2.710000,distense:45.000000,rcs:31.000000
timestame:1619470171.509000000,objid:3,type:0,xpos:0.000000,ypos:0.000000,xspeed:10.770000,yspeed:0.000000,angle:3.690000,distense:113.400000,rcs:16.000000
timestame:1619470171.509000000,objid:4,type:0,xpos:0.000000,ypos:0.000000,xspeed:4.860000,yspeed:1.220000,angle:19.840000,distense:28.400000,rcs:9.000000
