timestame:1619470799.625000000,objid:3,type:0,xpos:0.000000,ypos:0.000000,xspeed:1.750000,yspeed:-11.010000,angle:-18.000000,distense:75.000000,rcs:6.000000
timestame:1619470799.625000000,objid:7,type:0,xpos:0.000000,ypos:0.000000,xspeed:7.150000,yspeed:-0.890000,angle:14.150000,distense:51.400000,rcs:6.000000
timestame:1619470799.625000000,objid:8,type:0,xpos:0.000000,ypos:0.000000,xspeed:-1.070000,yspeed:-5.340000,angle:-18.000000,distense:42.600000,rcs:15.000000
timestame:1619470799.625000000,objid:15,type:0,xpos:0.000000,ypos:0.000000,xspeed:-1.010000,yspeed:-2.380000,angle:-18.000000,distense:37.800000,rcs:26.000000
