timestame:1619469563.306000000,objid:4,type:0,xpos:0.000000,ypos:0.000000,xspeed:6.840000,yspeed:-9.910000,angle:14.900000,distense:48.000000,rcs:22.000000
timestame:1619469563.306000000,objid:7,type:0,xpos:0.000000,ypos:0.000000,xspeed:-4.610000,yspeed:-1.020000,angle:-16.070000,distense:43.600000,rcs:27.000000
