timestame:1619471225.361000000,objid:1,type:0,xpos:0.000000,ypos:0.000000,xspeed:5.840000,yspeed:-1.030000,angle:-6.620000,distense:40.000000,rcs:20.000000
timestame:1619471225.361000000,objid:6,type:0,xpos:0.000000,ypos:0.000000,xspeed:5.040000,yspeed:0.250000,angle:2.520000,distense:75.200000,rcs:6.000000
timestame:1619471225.361000000,objid:9,type:0,xpos:0.000000,ypos:0.000000,xspeed:5.090000,yspeed:0.130000,angle:2.520000,distense:56.800000,rcs:42.000000
