timestame:1619470913.737000000,objid:0,type:0,xpos:0.000000,ypos:0.000000,xspeed:5.310000,yspeed:3.000000,angle:-17.020000,distense:33.800000,rcs:29.000000
timestame:1619470913.737000000,objid:4,type:0,xpos:0.000000,ypos:0.000000,xspeed:15.340000,yspeed:15.220000,angle:-6.710000,distense:58.400000,rcs:6.000000
timestame:1619470913.737000000,objid:7,type:0,xpos:0.000000,ypos:0.000000,xspeed:4.610000,yspeed:2.790000,angle:-16.510000,distense:45.800000,rcs:6.000000
timestame:1619470913.737000000,objid:10,type:0,xpos:0.000000,ypos:0.000000,xspeed:5.430000,yspeed:2.790000,angle:-17.770000,distense:39.600000,rcs:12.000000
