timestame:1619470074.133000000,objid:4,type:0,xpos:0.000000,ypos:0.000000,xspeed:-1.280000,yspeed:2.000000,angle:-15.900000,distense:42.800000,rcs:15.000000
timestame:1619470074.133000000,objid:8,type:0,xpos:0.000000,ypos:0.000000,xspeed:1.450000,yspeed:3.080000,angle:-5.650000,distense:43.200000,rcs:6.000000
