timestame:1619471376.963000000,objid:0,type:0,xpos:0.000000,ypos:0.000000,xspeed:11.120000,yspeed:-0.490000,angle:2.350000,distense:218.600000,rcs:6.000000
timestame:1619471376.963000000,objid:1,type:0,xpos:0.000000,ypos:0.000000,xspeed:10.530000,yspeed:0.360000,angle:2.290000,distense:211.200000,rcs:22.000000
