timestame:1619470512.097000000,objid:1,type:0,xpos:0.000000,ypos:0.000000,xspeed:-1.430000,yspeed:-2.140000,angle:2.790000,distense:43.000000,rcs:34.000000
timestame:1619470512.097000000,objid:6,type:0,xpos:0.000000,ypos:0.000000,xspeed:2.930000,yspeed:0.310000,angle:3.050000,distense:12.800000,rcs:36.000000
timestame:1619470512.097000000,objid:8,type:0,xpos:0.000000,ypos:0.000000,xspeed:-4.590000,yspeed:-3.230000,angle:3.190000,distense:66.600000,rcs:20.000000
timestame:1619470512.097000000,objid:10,type:0,xpos:0.000000,ypos:0.000000,xspeed:3.040000,yspeed:0.160000,angle:0.940000,distense:17.400000,rcs:19.000000
