timestame:1619470611.170000000,objid:0,type:0,xpos:0.000000,ypos:0.000000,xspeed:-23.970000,yspeed:-1.100000,angle:-3.510000,distense:202.600000,rcs:6.000000
timestame:1619470611.170000000,objid:3,type:0,xpos:0.000000,ypos:0.000000,xspeed:1.700000,yspeed:5.020000,angle:-12.170000,distense:33.800000,rcs:15.000000
timestame:1619470611.170000000,objid:4,type:0,xpos:0.000000,ypos:0.000000,xspeed:5.730000,yspeed:-0.330000,angle:22.530000,distense:32.000000,rcs:15.000000
