timestame:1619470439.850000000,objid:1,type:0,xpos:0.000000,ypos:0.000000,xspeed:14.610000,yspeed:0.620000,angle:2.460000,distense:55.800000,rcs:33.000000
timestame:1619470439.850000000,objid:2,type:0,xpos:0.000000,ypos:0.000000,xspeed:3.820000,yspeed:-0.110000,angle:10.060000,distense:74.600000,rcs:18.000000
