timestame:1619470965.491000000,objid:0,type:0,xpos:0.000000,ypos:0.000000,xspeed:4.240000,yspeed:0.190000,angle:6.040000,distense:58.600000,rcs:33.000000
timestame:1619470965.491000000,objid:1,type:0,xpos:0.000000,ypos:0.000000,xspeed:12.790000,yspeed:-0.090000,angle:0.980000,distense:142.000000,rcs:12.000000
timestame:1619470965.491000000,objid:6,type:0,xpos:0.000000,ypos:0.000000,xspeed:10.770000,yspeed:0.500000,angle:2.080000,distense:119.200000,rcs:21.000000
timestame:1619470965.491000000,objid:12,type:0,xpos:0.000000,ypos:0.000000,xspeed:3.090000,yspeed:-0.040000,angle:4.600000,distense:65.200000,rcs:24.000000
