timestame:1619470561.955000000,objid:0,type:0,xpos:0.000000,ypos:0.000000,xspeed:5.570000,yspeed:-0.440000,angle:2.460000,distense:202.200000,rcs:9.000000
timestame:1619470561.955000000,objid:1,type:0,xpos:0.000000,ypos:0.000000,xspeed:5.960000,yspeed:-0.320000,angle:3.940000,distense:194.200000,rcs:21.000000
timestame:1619470561.955000000,objid:2,type:0,xpos:0.000000,ypos:0.000000,xspeed:9.540000,yspeed:-0.520000,angle:2.950000,distense:211.400000,rcs:12.000000
timestame:1619470561.955000000,objid:3,type:0,xpos:0.000000,ypos:0.000000,xspeed:9.690000,yspeed:0.230000,angle:1.830000,distense:81.800000,rcs:31.000000
