timestame:1619470795.035000000,objid:3,type:0,xpos:0.000000,ypos:0.000000,xspeed:2.540000,yspeed:2.880000,angle:11.620000,distense:44.800000,rcs:23.000000
timestame:1619470795.035000000,objid:4,type:0,xpos:0.000000,ypos:0.000000,xspeed:1.800000,yspeed:-8.170000,angle:-14.960000,distense:56.000000,rcs:6.000000
timestame:1619470795.035000000,objid:5,type:0,xpos:0.000000,ypos:0.000000,xspeed:4.170000,yspeed:-8.720000,angle:-18.000000,distense:58.600000,rcs:22.000000
