timestame:1619471308.339000000,objid:0,type:0,xpos:0.000000,ypos:0.000000,xspeed:3.560000,yspeed:1.050000,angle:18.780000,distense:30.000000,rcs:37.000000
timestame:1619471308.339000000,objid:1,type:0,xpos:0.000000,ypos:0.000000,xspeed:4.830000,yspeed:3.060000,angle:21.970000,distense:33.200000,rcs:24.000000
timestame:1619471308.339000000,objid:2,type:0,xpos:0.000000,ypos:0.000000,xspeed:4.180000,yspeed:1.180000,angle:22.470000,distense:28.800000,rcs:16.000000
timestame:1619471308.339000000,objid:3,type:0,xpos:0.000000,ypos:0.000000,xspeed:4.380000,yspeed:3.960000,angle:22.820000,distense:21.400000,rcs:12.000000
