timestame:1619469753.851000000,objid:1,type:0,xpos:0.000000,ypos:0.000000,xspeed:4.750000,yspeed:3.580000,angle:-15.030000,distense:42.400000,rcs:6.000000
timestame:1619469753.851000000,objid:2,type:0,xpos:0.000000,ypos:0.000000,xspeed:24.840000,yspeed:5.630000,angle:22.090000,distense:26.800000,rcs:20.000000
