timestame:1619469994.283000000,objid:6,type:0,xpos:0.000000,ypos:0.000000,xspeed:-5.790000,yspeed:3.130000,angle:19.840000,distense:52.600000,rcs:9.000000
timestame:1619469994.283000000,objid:8,type:0,xpos:0.000000,ypos:0.000000,xspeed:1.080000,yspeed:3.320000,angle:-4.300000,distense:40.400000,rcs:6.000000
timestame:1619469994.283000000,objid:15,type:0,xpos:0.000000,ypos:0.000000,xspeed:-1.170000,yspeed:-2.510000,angle:-15.040000,distense:37.000000,rcs:37.000000
timestame:1619469994.283000000,objid:24,type:0,xpos:0.000000,ypos:0.000000,xspeed:2.840000,yspeed:2.230000,angle:-14.050000,distense:36.200000,rcs:20.000000
