timestame:1619470445.307000000,objid:1,type:0,xpos:0.000000,ypos:0.000000,xspeed:17.510000,yspeed:0.310000,angle:1.600000,distense:149.200000,rcs:6.000000
timestame:1619470445.307000000,objid:2,type:0,xpos:0.000000,ypos:0.000000,xspeed:4.430000,yspeed:-0.120000,angle:7.500000,distense:97.000000,rcs:24.000000
