timestame:1619469567.270000000,objid:5,type:0,xpos:0.000000,ypos:0.000000,xspeed:-1.390000,yspeed:-2.420000,angle:-14.750000,distense:48.800000,rcs:6.000000
timestame:1619469567.270000000,objid:8,type:0,xpos:0.000000,ypos:0.000000,xspeed:5.870000,yspeed:-4.620000,angle:2.270000,distense:60.400000,rcs:13.000000
timestame:1619469567.270000000,objid:11,type:0,xpos:0.000000,ypos:0.000000,xspeed:-1.970000,yspeed:-4.710000,angle:-9.600000,distense:35.600000,rcs:31.000000
timestame:1619469567.270000000,objid:18,type:0,xpos:0.000000,ypos:0.000000,xspeed:8.280000,yspeed:3.650000,angle:-2.460000,distense:55.600000,rcs:6.000000
