timestame:1619469537.383000000,objid:4,type:0,xpos:0.000000,ypos:0.000000,xspeed:16.950000,yspeed:0.360000,angle:1.800000,distense:119.000000,rcs:21.000000
timestame:1619469537.383000000,objid:7,type:0,xpos:0.000000,ypos:0.000000,xspeed:16.990000,yspeed:0.270000,angle:1.440000,distense:126.600000,rcs:12.000000
