timestame:1619470620.284000000,objid:1,type:0,xpos:0.000000,ypos:0.000000,xspeed:-6.450000,yspeed:3.980000,angle:-9.250000,distense:88.400000,rcs:16.000000
timestame:1619470620.284000000,objid:2,type:0,xpos:0.000000,ypos:0.000000,xspeed:-7.860000,yspeed:0.090000,angle:-10.240000,distense:85.600000,rcs:13.000000
