timestame:1619470072.153000000,objid:3,type:0,xpos:0.000000,ypos:0.000000,xspeed:-1.450000,yspeed:2.700000,angle:15.170000,distense:48.800000,rcs:36.000000
timestame:1619470072.153000000,objid:4,type:0,xpos:0.000000,ypos:0.000000,xspeed:-1.560000,yspeed:2.640000,angle:19.490000,distense:43.800000,rcs:18.000000
timestame:1619470072.153000000,objid:8,type:0,xpos:0.000000,ypos:0.000000,xspeed:2.460000,yspeed:2.510000,angle:-11.950000,distense:38.200000,rcs:13.000000
