timestame:1619469914.721000000,objid:1,type:0,xpos:0.000000,ypos:0.000000,xspeed:5.100000,yspeed:-0.020000,angle:1.540000,distense:98.800000,rcs:25.000000
timestame:1619469914.721000000,objid:2,type:0,xpos:0.000000,ypos:0.000000,xspeed:12.840000,yspeed:0.320000,angle:2.530000,distense:189.600000,rcs:22.000000
timestame:1619469914.721000000,objid:8,type:0,xpos:0.000000,ypos:0.000000,xspeed:5.100000,yspeed:-0.050000,angle:1.720000,distense:92.000000,rcs:27.000000
