timestame:1619471005.686000000,objid:5,type:0,xpos:0.000000,ypos:0.000000,xspeed:9.030000,yspeed:0.000000,angle:-7.100000,distense:126.000000,rcs:16.000000
timestame:1619471005.686000000,objid:6,type:0,xpos:0.000000,ypos:0.000000,xspeed:9.500000,yspeed:8.830000,angle:-5.990000,distense:121.400000,rcs:6.000000
timestame:1619471005.686000000,objid:7,type:0,xpos:0.000000,ypos:0.000000,xspeed:-2.450000,yspeed:-6.720000,angle:-18.000000,distense:51.600000,rcs:9.000000
