timestame:1619471033.793000000,objid:0,type:0,xpos:0.000000,ypos:0.000000,xspeed:-1.470000,yspeed:-1.450000,angle:-18.000000,distense:39.200000,rcs:6.000000
timestame:1619471033.793000000,objid:6,type:0,xpos:0.000000,ypos:0.000000,xspeed:3.510000,yspeed:3.360000,angle:-10.850000,distense:39.600000,rcs:6.000000
timestame:1619471033.793000000,objid:8,type:0,xpos:0.000000,ypos:0.000000,xspeed:-2.190000,yspeed:-0.910000,angle:-18.000000,distense:35.800000,rcs:12.000000
timestame:1619471033.793000000,objid:14,type:0,xpos:0.000000,ypos:0.000000,xspeed:-2.140000,yspeed:-3.440000,angle:6.900000,distense:43.400000,rcs:40.000000
