timestame:1619469620.067000000,objid:1,type:0,xpos:0.000000,ypos:0.000000,xspeed:-2.180000,yspeed:0.120000,angle:-13.450000,distense:70.600000,rcs:19.000000
timestame:1619469620.067000000,objid:3,type:0,xpos:0.000000,ypos:0.000000,xspeed:-1.840000,yspeed:-0.050000,angle:-11.130000,distense:84.400000,rcs:19.000000
timestame:1619469620.067000000,objid:4,type:0,xpos:0.000000,ypos:0.000000,xspeed:-16.220000,yspeed:0.890000,angle:-5.080000,distense:111.000000,rcs:19.000000
timestame:1619469620.067000000,objid:5,type:0,xpos:0.000000,ypos:0.000000,xspeed:-4.340000,yspeed:8.740000,angle:-12.980000,distense:167.800000,rcs:6.000000
