timestame:1619471376.532000000,objid:0,type:0,xpos:0.000000,ypos:0.000000,xspeed:10.630000,yspeed:-0.370000,angle:2.480000,distense:213.800000,rcs:13.000000
timestame:1619471376.532000000,objid:1,type:0,xpos:0.000000,ypos:0.000000,xspeed:10.400000,yspeed:0.250000,angle:2.220000,distense:206.400000,rcs:18.000000
