timestame:1619471006.687000000,objid:2,type:0,xpos:0.000000,ypos:0.000000,xspeed:-6.830000,yspeed:2.010000,angle:-8.090000,distense:106.600000,rcs:18.000000
timestame:1619471006.687000000,objid:5,type:0,xpos:0.000000,ypos:0.000000,xspeed:-1.170000,yspeed:0.000000,angle:-12.960000,distense:46.600000,rcs:24.000000
timestame:1619471006.687000000,objid:7,type:0,xpos:0.000000,ypos:0.000000,xspeed:-2.410000,yspeed:8.310000,angle:-18.000000,distense:45.600000,rcs:9.000000
timestame:1619471006.687000000,objid:9,type:0,xpos:0.000000,ypos:0.000000,xspeed:-7.700000,yspeed:1.740000,angle:-8.200000,distense:108.800000,rcs:20.000000
