timestame:1619469891.262000000,objid:2,type:0,xpos:0.000000,ypos:0.000000,xspeed:-4.180000,yspeed:-0.010000,angle:-15.030000,distense:50.800000,rcs:20.000000
timestame:1619469891.262000000,objid:5,type:0,xpos:0.000000,ypos:0.000000,xspeed:-3.000000,yspeed:-0.050000,angle:-18.000000,distense:54.200000,rcs:26.000000
timestame:1619469891.262000000,objid:10,type:0,xpos:0.000000,ypos:0.000000,xspeed:-14.360000,yspeed:2.380000,angle:-4.120000,distense:153.800000,rcs:6.000000
timestame:1619469891.262000000,objid:16,type:0,xpos:0.000000,ypos:0.000000,xspeed:-3.790000,yspeed:-0.070000,angle:-11.980000,distense:62.600000,rcs:20.000000
