timestame:1619469890.641000000,objid:2,type:0,xpos:0.000000,ypos:0.000000,xspeed:-4.060000,yspeed:-0.110000,angle:-14.410000,distense:53.600000,rcs:24.000000
timestame:1619469890.641000000,objid:5,type:0,xpos:0.000000,ypos:0.000000,xspeed:-2.910000,yspeed:-0.030000,angle:-17.990000,distense:56.000000,rcs:15.000000
timestame:1619469890.641000000,objid:16,type:0,xpos:0.000000,ypos:0.000000,xspeed:-3.750000,yspeed:-0.060000,angle:-11.510000,distense:64.800000,rcs:24.000000
