timestame:1619469783.416000000,objid:2,type:0,xpos:0.000000,ypos:0.000000,xspeed:17.050000,yspeed:0.050000,angle:1.240000,distense:149.800000,rcs:12.000000
timestame:1619469783.416000000,objid:4,type:0,xpos:0.000000,ypos:0.000000,xspeed:-17.740000,yspeed:-0.880000,angle:-6.070000,distense:145.000000,rcs:9.000000
timestame:1619469783.416000000,objid:5,type:0,xpos:0.000000,ypos:0.000000,xspeed:1.540000,yspeed:3.340000,angle:-4.250000,distense:44.000000,rcs:15.000000
timestame:1619469783.416000000,objid:10,type:0,xpos:0.000000,ypos:0.000000,xspeed:16.520000,yspeed:0.100000,angle:1.230000,distense:136.600000,rcs:25.000000
