timestame:1619471027.465000000,objid:2,type:0,xpos:0.000000,ypos:0.000000,xspeed:5.970000,yspeed:0.580000,angle:21.320000,distense:21.600000,rcs:16.000000
timestame:1619471027.465000000,objid:3,type:0,xpos:0.000000,ypos:0.000000,xspeed:-3.510000,yspeed:-2.330000,angle:-18.000000,distense:28.600000,rcs:6.000000
timestame:1619471027.465000000,objid:5,type:0,xpos:0.000000,ypos:0.000000,xspeed:2.670000,yspeed:-0.380000,angle:-13.430000,distense:18.400000,rcs:21.000000
