timestame:1619470592.994000000,objid:0,type:0,xpos:0.000000,ypos:0.000000,xspeed:-14.750000,yspeed:-0.580000,angle:-18.000000,distense:34.400000,rcs:16.000000
timestame:1619470592.994000000,objid:2,type:0,xpos:0.000000,ypos:0.000000,xspeed:34.790000,yspeed:-7.020000,angle:-8.380000,distense:49.400000,rcs:6.000000
timestame:1619470592.994000000,objid:5,type:0,xpos:0.000000,ypos:0.000000,xspeed:8.580000,yspeed:1.880000,angle:-15.270000,distense:22.600000,rcs:22.000000
timestame:1619470592.994000000,objid:6,type:0,xpos:0.000000,ypos:0.000000,xspeed:6.420000,yspeed:3.040000,angle:20.960000,distense:23.000000,rcs:15.000000
