timestame:1619471371.135000000,objid:1,type:0,xpos:0.000000,ypos:0.000000,xspeed:8.670000,yspeed:-0.130000,angle:2.330000,distense:151.600000,rcs:6.000000
timestame:1619471371.135000000,objid:7,type:0,xpos:0.000000,ypos:0.000000,xspeed:10.630000,yspeed:0.230000,angle:1.530000,distense:197.800000,rcs:15.000000
