timestame:1619470552.708000000,objid:0,type:0,xpos:0.000000,ypos:0.000000,xspeed:8.120000,yspeed:0.800000,angle:20.930000,distense:18.200000,rcs:15.000000
timestame:1619470552.708000000,objid:1,type:0,xpos:0.000000,ypos:0.000000,xspeed:2.230000,yspeed:-0.540000,angle:5.290000,distense:150.000000,rcs:18.000000
timestame:1619470552.708000000,objid:5,type:0,xpos:0.000000,ypos:0.000000,xspeed:1.310000,yspeed:4.450000,angle:6.320000,distense:158.600000,rcs:6.000000
timestame:1619470552.708000000,objid:9,type:0,xpos:0.000000,ypos:0.000000,xspeed:3.370000,yspeed:-1.020000,angle:4.160000,distense:166.800000,rcs:9.000000
