timestame:1619469824.332000000,objid:2,type:0,xpos:0.000000,ypos:0.000000,xspeed:-2.080000,yspeed:-3.750000,angle:-18.000000,distense:39.800000,rcs:26.000000
timestame:1619469824.332000000,objid:10,type:0,xpos:0.000000,ypos:0.000000,xspeed:-1.030000,yspeed:-3.470000,angle:-12.960000,distense:41.800000,rcs:28.000000
timestame:1619469824.332000000,objid:11,type:0,xpos:0.000000,ypos:0.000000,xspeed:-3.660000,yspeed:0.150000,angle:-6.140000,distense:131.000000,rcs:12.000000
