timestame:1619470113.415000000,objid:3,type:0,xpos:0.000000,ypos:0.000000,xspeed:22.560000,yspeed:6.980000,angle:19.820000,distense:53.600000,rcs:9.000000
timestame:1619470113.415000000,objid:7,type:0,xpos:0.000000,ypos:0.000000,xspeed:5.680000,yspeed:1.690000,angle:22.170000,distense:35.400000,rcs:43.000000
