timestame:1619470839.381000000,objid:2,type:0,xpos:0.000000,ypos:0.000000,xspeed:3.900000,yspeed:2.360000,angle:-16.640000,distense:38.800000,rcs:20.000000
timestame:1619470839.381000000,objid:3,type:0,xpos:0.000000,ypos:0.000000,xspeed:2.820000,yspeed:1.730000,angle:-14.220000,distense:36.600000,rcs:18.000000
timestame:1619470839.381000000,objid:7,type:0,xpos:0.000000,ypos:0.000000,xspeed:13.010000,yspeed:0.300000,angle:2.380000,distense:195.200000,rcs:28.000000
