timestame:1619470124.531000000,objid:1,type:0,xpos:0.000000,ypos:0.000000,xspeed:4.350000,yspeed:3.680000,angle:-17.040000,distense:38.200000,rcs:6.000000
timestame:1619470124.531000000,objid:3,type:0,xpos:0.000000,ypos:0.000000,xspeed:-5.750000,yspeed:2.250000,angle:13.050000,distense:40.600000,rcs:16.000000
timestame:1619470124.531000000,objid:4,type:0,xpos:0.000000,ypos:0.000000,xspeed:3.910000,yspeed:1.080000,angle:22.410000,distense:29.800000,rcs:22.000000
timestame:1619470124.531000000,objid:6,type:0,xpos:0.000000,ypos:0.000000,xspeed:4.230000,yspeed:2.890000,angle:-15.340000,distense:36.200000,rcs:29.000000
