timestame:1619470376.762000000,objid:1,type:0,xpos:0.000000,ypos:0.000000,xspeed:-2.070000,yspeed:-2.300000,angle:-18.000000,distense:35.200000,rcs:13.000000
timestame:1619470376.762000000,objid:5,type:0,xpos:0.000000,ypos:0.000000,xspeed:-3.210000,yspeed:-3.460000,angle:-18.000000,distense:36.200000,rcs:23.000000
timestame:1619470376.762000000,objid:8,type:0,xpos:0.000000,ypos:0.000000,xspeed:1.030000,yspeed:-5.640000,angle:-6.550000,distense:65.400000,rcs:13.000000
timestame:1619470376.762000000,objid:18,type:0,xpos:0.000000,ypos:0.000000,xspeed:-5.760000,yspeed:-0.450000,angle:-8.800000,distense:82.200000,rcs:9.000000
