timestame:1619469754.102000000,objid:1,type:0,xpos:0.000000,ypos:0.000000,xspeed:4.750000,yspeed:3.580000,angle:-14.670000,distense:43.800000,rcs:6.000000
timestame:1619469754.102000000,objid:2,type:0,xpos:0.000000,ypos:0.000000,xspeed:24.840000,yspeed:5.630000,angle:20.360000,distense:32.800000,rcs:20.000000
timestame:1619469754.102000000,objid:4,type:0,xpos:0.000000,ypos:0.000000,xspeed:-11.890000,yspeed:3.420000,angle:-7.230000,distense:16.400000,rcs:16.000000
