timestame:1619470567.162000000,objid:1,type:0,xpos:0.000000,ypos:0.000000,xspeed:3.900000,yspeed:3.410000,angle:-15.900000,distense:25.800000,rcs:24.000000
timestame:1619470567.162000000,objid:3,type:0,xpos:0.000000,ypos:0.000000,xspeed:14.410000,yspeed:0.020000,angle:1.120000,distense:152.200000,rcs:26.000000
timestame:1619470567.162000000,objid:8,type:0,xpos:0.000000,ypos:0.000000,xspeed:3.820000,yspeed:3.500000,angle:-12.440000,distense:39.400000,rcs:12.000000
