timestame:1619469762.005000000,objid:3,type:0,xpos:0.000000,ypos:0.000000,xspeed:5.330000,yspeed:0.650000,angle:20.460000,distense:20.800000,rcs:26.000000
timestame:1619469762.005000000,objid:5,type:0,xpos:0.000000,ypos:0.000000,xspeed:-18.590000,yspeed:0.440000,angle:-12.240000,distense:77.800000,rcs:16.000000
timestame:1619469762.005000000,objid:6,type:0,xpos:0.000000,ypos:0.000000,xspeed:4.860000,yspeed:3.120000,angle:-14.240000,distense:17.400000,rcs:20.000000
