timestame:1619471229.132000000,objid:0,type:0,xpos:0.000000,ypos:0.000000,xspeed:6.270000,yspeed:0.430000,angle:2.360000,distense:89.200000,rcs:16.000000
timestame:1619471229.132000000,objid:1,type:0,xpos:0.000000,ypos:0.000000,xspeed:3.920000,yspeed:-4.490000,angle:-18.000000,distense:59.200000,rcs:6.000000
timestame:1619471229.132000000,objid:9,type:0,xpos:0.000000,ypos:0.000000,xspeed:6.250000,yspeed:0.140000,angle:2.120000,distense:80.200000,rcs:36.000000
