timestame:1619470137.821000000,objid:0,type:0,xpos:0.000000,ypos:0.000000,xspeed:-6.300000,yspeed:3.680000,angle:12.250000,distense:39.400000,rcs:15.000000
timestame:1619470137.821000000,objid:7,type:0,xpos:0.000000,ypos:0.000000,xspeed:-3.020000,yspeed:-0.270000,angle:-10.270000,distense:74.400000,rcs:20.000000
