timestame:1619470750.447000000,objid:0,type:0,xpos:0.000000,ypos:0.000000,xspeed:-1.160000,yspeed:-3.050000,angle:-16.100000,distense:40.400000,rcs:37.000000
timestame:1619470750.447000000,objid:8,type:0,xpos:0.000000,ypos:0.000000,xspeed:-3.650000,yspeed:-15.090000,angle:-12.950000,distense:46.000000,rcs:24.000000
timestame:1619470750.447000000,objid:10,type:0,xpos:0.000000,ypos:0.000000,xspeed:-5.980000,yspeed:-6.100000,angle:-18.000000,distense:35.200000,rcs:6.000000
