timestame:1619470143.524000000,objid:0,type:0,xpos:0.000000,ypos:0.000000,xspeed:4.400000,yspeed:0.640000,angle:19.970000,distense:27.600000,rcs:26.000000
timestame:1619470143.524000000,objid:4,type:0,xpos:0.000000,ypos:0.000000,xspeed:-3.600000,yspeed:1.030000,angle:18.230000,distense:23.200000,rcs:6.000000
