timestame:1619470965.675000000,objid:0,type:0,xpos:0.000000,ypos:0.000000,xspeed:4.330000,yspeed:0.180000,angle:5.950000,distense:59.600000,rcs:30.000000
timestame:1619470965.675000000,objid:1,type:0,xpos:0.000000,ypos:0.000000,xspeed:12.980000,yspeed:-0.110000,angle:0.950000,distense:144.400000,rcs:12.000000
timestame:1619470965.675000000,objid:6,type:0,xpos:0.000000,ypos:0.000000,xspeed:10.910000,yspeed:0.490000,angle:2.070000,distense:121.400000,rcs:28.000000
timestame:1619470965.675000000,objid:12,type:0,xpos:0.000000,ypos:0.000000,xspeed:3.070000,yspeed:0.100000,angle:4.790000,distense:65.800000,rcs:6.000000
