timestame:1619470479.277000000,objid:0,type:0,xpos:0.000000,ypos:0.000000,xspeed:-7.390000,yspeed:-0.330000,angle:-6.680000,distense:101.000000,rcs:24.000000
timestame:1619470479.277000000,objid:2,type:0,xpos:0.000000,ypos:0.000000,xspeed:1.690000,yspeed:-0.440000,angle:11.980000,distense:78.000000,rcs:6.000000
timestame:1619470479.277000000,objid:4,type:0,xpos:0.000000,ypos:0.000000,xspeed:1.300000,yspeed:-2.730000,angle:-14.240000,distense:46.800000,rcs:22.000000
