timestame:1619471409.062000000,objid:1,type:0,xpos:0.000000,ypos:0.000000,xspeed:-1.260000,yspeed:-3.310000,angle:-9.820000,distense:41.400000,rcs:29.000000
timestame:1619471409.062000000,objid:4,type:0,xpos:0.000000,ypos:0.000000,xspeed:-2.090000,yspeed:-8.730000,angle:-2.530000,distense:44.600000,rcs:37.000000
timestame:1619471409.062000000,objid:7,type:0,xpos:0.000000,ypos:0.000000,xspeed:-1.740000,yspeed:-3.330000,angle:-14.050000,distense:40.200000,rcs:29.000000
timestame:1619471409.062000000,objid:12,type:0,xpos:0.000000,ypos:0.000000,xspeed:-9.530000,yspeed:-1.360000,angle:-4.050000,distense:196.200000,rcs:12.000000
