timestame:1619469911.619000000,objid:1,type:0,xpos:0.000000,ypos:0.000000,xspeed:4.310000,yspeed:-0.060000,angle:1.760000,distense:82.800000,rcs:26.000000
timestame:1619469911.619000000,objid:2,type:0,xpos:0.000000,ypos:0.000000,xspeed:10.740000,yspeed:0.120000,angle:2.780000,distense:149.200000,rcs:18.000000
timestame:1619469911.619000000,objid:8,type:0,xpos:0.000000,ypos:0.000000,xspeed:4.310000,yspeed:0.130000,angle:2.350000,distense:76.000000,rcs:32.000000
