timestame:1619470636.656000000,objid:2,type:0,xpos:0.000000,ypos:0.000000,xspeed:1.740000,yspeed:0.000000,angle:2.510000,distense:49.800000,rcs:26.000000
timestame:1619470636.656000000,objid:3,type:0,xpos:0.000000,ypos:0.000000,xspeed:1.670000,yspeed:-14.060000,angle:5.890000,distense:48.800000,rcs:9.000000
timestame:1619470636.656000000,objid:6,type:0,xpos:0.000000,ypos:0.000000,xspeed:4.290000,yspeed:-7.660000,angle:7.590000,distense:50.000000,rcs:19.000000
