timestame:1619470746.294000000,objid:0,type:0,xpos:0.000000,ypos:0.000000,xspeed:-2.110000,yspeed:-0.210000,angle:-8.800000,distense:82.400000,rcs:6.000000
timestame:1619470746.294000000,objid:6,type:0,xpos:0.000000,ypos:0.000000,xspeed:12.620000,yspeed:0.510000,angle:1.460000,distense:215.800000,rcs:24.000000
