timestame:1619470942.462000000,objid:1,type:0,xpos:0.000000,ypos:0.000000,xspeed:-4.970000,yspeed:1.210000,angle:-14.030000,distense:55.000000,rcs:9.000000
timestame:1619470942.462000000,objid:5,type:0,xpos:0.000000,ypos:0.000000,xspeed:-5.820000,yspeed:-0.870000,angle:-17.820000,distense:58.200000,rcs:6.000000
timestame:1619470942.462000000,objid:7,type:0,xpos:0.000000,ypos:0.000000,xspeed:-9.220000,yspeed:1.490000,angle:-18.000000,distense:53.400000,rcs:13.000000
