timestame:1619470081.280000000,objid:0,type:0,xpos:0.000000,ypos:0.000000,xspeed:1.190000,yspeed:-5.270000,angle:8.990000,distense:49.200000,rcs:6.000000
timestame:1619470081.280000000,objid:4,type:0,xpos:0.000000,ypos:0.000000,xspeed:3.300000,yspeed:-8.880000,angle:4.830000,distense:50.000000,rcs:27.000000
