timestame:1619471373.604000000,objid:1,type:0,xpos:0.000000,ypos:0.000000,xspeed:9.480000,yspeed:0.270000,angle:2.420000,distense:175.600000,rcs:21.000000
timestame:1619471373.604000000,objid:7,type:0,xpos:0.000000,ypos:0.000000,xspeed:10.000000,yspeed:0.200000,angle:1.480000,distense:221.800000,rcs:9.000000
