timestame:1619471452.911000000,objid:3,type:0,xpos:0.000000,ypos:0.000000,xspeed:-1.860000,yspeed:-0.230000,angle:-6.830000,distense:99.800000,rcs:18.000000
timestame:1619471452.911000000,objid:11,type:0,xpos:0.000000,ypos:0.000000,xspeed:-1.290000,yspeed:0.320000,angle:-7.310000,distense:92.600000,rcs:9.000000
timestame:1619471452.911000000,objid:13,type:0,xpos:0.000000,ypos:0.000000,xspeed:-3.980000,yspeed:-0.110000,angle:-16.090000,distense:31.000000,rcs:6.000000
