timestame:1619470776.535000000,objid:0,type:0,xpos:0.000000,ypos:0.000000,xspeed:19.340000,yspeed:1.340000,angle:1.350000,distense:200.400000,rcs:15.000000
timestame:1619470776.535000000,objid:1,type:0,xpos:0.000000,ypos:0.000000,xspeed:-7.380000,yspeed:-1.200000,angle:-9.350000,distense:102.000000,rcs:15.000000
