timestame:1619470039.631000000,objid:0,type:0,xpos:0.000000,ypos:0.000000,xspeed:2.050000,yspeed:0.750000,angle:11.220000,distense:32.600000,rcs:26.000000
timestame:1619470039.631000000,objid:1,type:0,xpos:0.000000,ypos:0.000000,xspeed:11.340000,yspeed:0.010000,angle:1.400000,distense:128.000000,rcs:15.000000
timestame:1619470039.631000000,objid:3,type:0,xpos:0.000000,ypos:0.000000,xspeed:12.850000,yspeed:0.170000,angle:1.910000,distense:100.200000,rcs:27.000000
timestame:1619470039.631000000,objid:5,type:0,xpos:0.000000,ypos:0.000000,xspeed:3.690000,yspeed:0.030000,angle:7.590000,distense:31.400000,rcs:30.000000
