timestame:1619469917.754000000,objid:1,type:0,xpos:0.000000,ypos:0.000000,xspeed:5.630000,yspeed:0.130000,angle:1.560000,distense:116.400000,rcs:16.000000
timestame:1619469917.754000000,objid:8,type:0,xpos:0.000000,ypos:0.000000,xspeed:5.760000,yspeed:0.040000,angle:1.530000,distense:109.800000,rcs:22.000000
