timestame:1619470078.486000000,objid:0,type:0,xpos:0.000000,ypos:0.000000,xspeed:-2.190000,yspeed:7.160000,angle:2.720000,distense:53.200000,rcs:6.000000
timestame:1619470078.486000000,objid:2,type:0,xpos:0.000000,ypos:0.000000,xspeed:3.250000,yspeed:-1.260000,angle:-0.340000,distense:18.800000,rcs:25.000000
timestame:1619470078.486000000,objid:4,type:0,xpos:0.000000,ypos:0.000000,xspeed:-6.440000,yspeed:8.780000,angle:-8.970000,distense:50.600000,rcs:9.000000
