timestame:1619471223.442000000,objid:0,type:0,xpos:0.000000,ypos:0.000000,xspeed:2.310000,yspeed:0.360000,angle:1.890000,distense:59.800000,rcs:6.000000
timestame:1619471223.442000000,objid:1,type:0,xpos:0.000000,ypos:0.000000,xspeed:5.970000,yspeed:-0.670000,angle:-5.900000,distense:28.800000,rcs:28.000000
timestame:1619471223.442000000,objid:6,type:0,xpos:0.000000,ypos:0.000000,xspeed:4.430000,yspeed:0.290000,angle:2.440000,distense:65.000000,rcs:6.000000
timestame:1619471223.442000000,objid:9,type:0,xpos:0.000000,ypos:0.000000,xspeed:4.410000,yspeed:0.350000,angle:3.160000,distense:46.200000,rcs:43.000000
