timestame:1619470166.367000000,objid:0,type:0,xpos:0.000000,ypos:0.000000,xspeed:4.600000,yspeed:0.240000,angle:2.250000,distense:32.400000,rcs:37.000000
timestame:1619470166.367000000,objid:3,type:0,xpos:0.000000,ypos:0.000000,xspeed:6.830000,yspeed:0.430000,angle:6.530000,distense:61.800000,rcs:30.000000
