timestame:1619470841.673000000,objid:0,type:0,xpos:0.000000,ypos:0.000000,xspeed:1.120000,yspeed:2.770000,angle:-4.250000,distense:43.000000,rcs:6.000000
timestame:1619470841.673000000,objid:3,type:0,xpos:0.000000,ypos:0.000000,xspeed:2.590000,yspeed:2.620000,angle:-9.880000,distense:45.000000,rcs:6.000000
