timestame:1619471306.098000000,objid:0,type:0,xpos:0.000000,ypos:0.000000,xspeed:2.500000,yspeed:1.510000,angle:22.090000,distense:21.200000,rcs:18.000000
timestame:1619471306.098000000,objid:1,type:0,xpos:0.000000,ypos:0.000000,xspeed:-5.990000,yspeed:2.760000,angle:-18.000000,distense:34.600000,rcs:6.000000
timestame:1619471306.098000000,objid:2,type:0,xpos:0.000000,ypos:0.000000,xspeed:4.600000,yspeed:2.290000,angle:-12.440000,distense:19.400000,rcs:9.000000
