timestame:1619471221.589000000,objid:0,type:0,xpos:0.000000,ypos:0.000000,xspeed:1.210000,yspeed:0.230000,angle:1.290000,distense:54.800000,rcs:12.000000
timestame:1619471221.589000000,objid:6,type:0,xpos:0.000000,ypos:0.000000,xspeed:3.880000,yspeed:0.100000,angle:2.150000,distense:56.600000,rcs:13.000000
timestame:1619471221.589000000,objid:9,type:0,xpos:0.000000,ypos:0.000000,xspeed:3.860000,yspeed:0.220000,angle:2.750000,distense:37.800000,rcs:46.000000
timestame:1619471221.589000000,objid:10,type:0,xpos:0.000000,ypos:0.000000,xspeed:3.780000,yspeed:0.220000,angle:1.420000,distense:46.800000,rcs:19.000000
