timestame:1619470965.614000000,objid:0,type:0,xpos:0.000000,ypos:0.000000,xspeed:4.330000,yspeed:0.180000,angle:5.970000,distense:59.200000,rcs:30.000000
timestame:1619470965.614000000,objid:1,type:0,xpos:0.000000,ypos:0.000000,xspeed:12.880000,yspeed:0.290000,angle:1.120000,distense:143.600000,rcs:13.000000
timestame:1619470965.614000000,objid:6,type:0,xpos:0.000000,ypos:0.000000,xspeed:10.870000,yspeed:0.490000,angle:2.070000,distense:120.600000,rcs:22.000000
timestame:1619470965.614000000,objid:12,type:0,xpos:0.000000,ypos:0.000000,xspeed:3.070000,yspeed:0.100000,angle:4.800000,distense:65.600000,rcs:6.000000
