timestame:1619470757.723000000,objid:1,type:0,xpos:0.000000,ypos:0.000000,xspeed:-1.220000,yspeed:-3.520000,angle:-11.260000,distense:39.200000,rcs:32.000000
timestame:1619470757.723000000,objid:2,type:0,xpos:0.000000,ypos:0.000000,xspeed:-2.520000,yspeed:-1.180000,angle:-18.000000,distense:29.600000,rcs:9.000000
timestame:1619470757.723000000,objid:10,type:0,xpos:0.000000,ypos:0.000000,xspeed:-3.090000,yspeed:-0.700000,angle:-18.000000,distense:25.800000,rcs:9.000000
timestame:1619470757.723000000,objid:11,type:0,xpos:0.000000,ypos:0.000000,xspeed:-2.630000,yspeed:0.030000,angle:-18.000000,distense:23.800000,rcs:6.000000
