timestame:1619469683.522000000,objid:1,type:0,xpos:0.000000,ypos:0.000000,xspeed:5.010000,yspeed:3.830000,angle:-18.000000,distense:61.800000,rcs:9.000000
timestame:1619469683.522000000,objid:2,type:0,xpos:0.000000,ypos:0.000000,xspeed:-4.850000,yspeed:-3.820000,angle:-18.000000,distense:55.200000,rcs:9.000000
