timestame:1619470648.872000000,objid:4,type:0,xpos:0.000000,ypos:0.000000,xspeed:-1.890000,yspeed:-2.530000,angle:-18.000000,distense:39.600000,rcs:22.000000
timestame:1619470648.872000000,objid:9,type:0,xpos:0.000000,ypos:0.000000,xspeed:-1.740000,yspeed:-3.620000,angle:-17.110000,distense:40.400000,rcs:26.000000
timestame:1619470648.872000000,objid:15,type:0,xpos:0.000000,ypos:0.000000,xspeed:-2.170000,yspeed:-6.040000,angle:-4.600000,distense:67.400000,rcs:15.000000
