timestame:1619470148.315000000,objid:0,type:0,xpos:0.000000,ypos:0.000000,xspeed:1.510000,yspeed:2.710000,angle:-10.470000,distense:41.800000,rcs:21.000000
timestame:1619470148.315000000,objid:1,type:0,xpos:0.000000,ypos:0.000000,xspeed:2.380000,yspeed:1.220000,angle:-17.570000,distense:28.000000,rcs:19.000000
timestame:1619470148.315000000,objid:3,type:0,xpos:0.000000,ypos:0.000000,xspeed:-1.780000,yspeed:-0.090000,angle:-10.610000,distense:71.400000,rcs:24.000000
timestame:1619470148.315000000,objid:4,type:0,xpos:0.000000,ypos:0.000000,xspeed:4.370000,yspeed:1.600000,angle:22.600000,distense:37.400000,rcs:9.000000
