timestame:1619470120.869000000,objid:1,type:0,xpos:0.000000,ypos:0.000000,xspeed:25.210000,yspeed:2.090000,angle:14.190000,distense:35.800000,rcs:21.000000
timestame:1619470120.869000000,objid:5,type:0,xpos:0.000000,ypos:0.000000,xspeed:-1.980000,yspeed:-0.200000,angle:16.150000,distense:23.200000,rcs:6.000000
timestame:1619470120.869000000,objid:6,type:0,xpos:0.000000,ypos:0.000000,xspeed:8.090000,yspeed:-0.560000,angle:-15.170000,distense:18.400000,rcs:26.000000
timestame:1619470120.869000000,objid:8,type:0,xpos:0.000000,ypos:0.000000,xspeed:4.190000,yspeed:1.980000,angle:-14.100000,distense:21.800000,rcs:20.000000
