timestame:1619470768.706000000,objid:0,type:0,xpos:0.000000,ypos:0.000000,xspeed:-12.350000,yspeed:-1.240000,angle:-5.320000,distense:167.400000,rcs:9.000000
timestame:1619470768.706000000,objid:1,type:0,xpos:0.000000,ypos:0.000000,xspeed:10.820000,yspeed:0.530000,angle:2.440000,distense:71.600000,rcs:25.000000
timestame:1619470768.706000000,objid:2,type:0,xpos:0.000000,ypos:0.000000,xspeed:-21.710000,yspeed:-2.280000,angle:-4.390000,distense:162.600000,rcs:13.000000
