timestame:1619471401.283000000,objid:0,type:0,xpos:0.000000,ypos:0.000000,xspeed:-1.860000,yspeed:4.380000,angle:-18.000000,distense:47.000000,rcs:12.000000
timestame:1619471401.283000000,objid:2,type:0,xpos:0.000000,ypos:0.000000,xspeed:-4.380000,yspeed:0.000000,angle:-15.870000,distense:45.200000,rcs:24.000000
