timestame:1619470222.872000000,objid:6,type:0,xpos:0.000000,ypos:0.000000,xspeed:22.980000,yspeed:11.970000,angle:16.500000,distense:56.800000,rcs:15.000000
timestame:1619470222.872000000,objid:8,type:0,xpos:0.000000,ypos:0.000000,xspeed:-2.350000,yspeed:7.790000,angle:-9.550000,distense:41.400000,rcs:19.000000
timestame:1619470222.872000000,objid:11,type:0,xpos:0.000000,ypos:0.000000,xspeed:-2.040000,yspeed:6.730000,angle:-6.810000,distense:41.000000,rcs:21.000000
