timestame:1619471252.392000000,objid:1,type:0,xpos:0.000000,ypos:0.000000,xspeed:2.450000,yspeed:3.180000,angle:2.720000,distense:78.400000,rcs:9.000000
timestame:1619471252.392000000,objid:3,type:0,xpos:0.000000,ypos:0.000000,xspeed:-17.220000,yspeed:-0.720000,angle:-5.980000,distense:142.000000,rcs:13.000000
