timestame:1619470942.955000000,objid:1,type:0,xpos:0.000000,ypos:0.000000,xspeed:-5.350000,yspeed:1.110000,angle:-14.490000,distense:51.800000,rcs:19.000000
timestame:1619470942.955000000,objid:5,type:0,xpos:0.000000,ypos:0.000000,xspeed:-6.430000,yspeed:-0.750000,angle:-18.000000,distense:54.800000,rcs:19.000000
timestame:1619470942.955000000,objid:7,type:0,xpos:0.000000,ypos:0.000000,xspeed:-7.180000,yspeed:-0.280000,angle:-18.000000,distense:50.600000,rcs:20.000000
