timestame:1619469619.445000000,objid:1,type:0,xpos:0.000000,ypos:0.000000,xspeed:-2.220000,yspeed:0.100000,angle:-13.270000,distense:71.800000,rcs:20.000000
timestame:1619469619.445000000,objid:3,type:0,xpos:0.000000,ypos:0.000000,xspeed:-1.700000,yspeed:-0.090000,angle:-10.990000,distense:85.800000,rcs:15.000000
timestame:1619469619.445000000,objid:4,type:0,xpos:0.000000,ypos:0.000000,xspeed:-16.680000,yspeed:1.560000,angle:-4.480000,distense:120.200000,rcs:20.000000
