timestame:1619471251.833000000,objid:1,type:0,xpos:0.000000,ypos:0.000000,xspeed:1.930000,yspeed:2.880000,angle:1.240000,distense:76.200000,rcs:13.000000
timestame:1619471251.833000000,objid:3,type:0,xpos:0.000000,ypos:0.000000,xspeed:-17.590000,yspeed:-0.950000,angle:-5.570000,distense:150.800000,rcs:12.000000
