timestame:1619470026.763000000,objid:1,type:0,xpos:0.000000,ypos:0.000000,xspeed:3.730000,yspeed:1.920000,angle:0.230000,distense:15.800000,rcs:24.000000
timestame:1619470026.763000000,objid:2,type:0,xpos:0.000000,ypos:0.000000,xspeed:5.970000,yspeed:0.530000,angle:2.590000,distense:30.000000,rcs:42.000000
