timestame:1619471150.143000000,objid:1,type:0,xpos:0.000000,ypos:0.000000,xspeed:-1.260000,yspeed:5.980000,angle:-12.560000,distense:42.200000,rcs:6.000000
timestame:1619471150.143000000,objid:2,type:0,xpos:0.000000,ypos:0.000000,xspeed:-1.530000,yspeed:3.240000,angle:-13.110000,distense:43.600000,rcs:18.000000
timestame:1619471150.143000000,objid:3,type:0,xpos:0.000000,ypos:0.000000,xspeed:11.410000,yspeed:-4.960000,angle:-17.530000,distense:52.200000,rcs:13.000000
