timestame:1619471461.305000000,objid:1,type:0,xpos:0.000000,ypos:0.000000,xspeed:-5.940000,yspeed:-1.550000,angle:-5.410000,distense:122.800000,rcs:15.000000
timestame:1619471461.305000000,objid:3,type:0,xpos:0.000000,ypos:0.000000,xspeed:-7.800000,yspeed:-2.320000,angle:-5.090000,distense:189.200000,rcs:13.000000
