timestame:1619471006.440000000,objid:2,type:0,xpos:0.000000,ypos:0.000000,xspeed:-6.100000,yspeed:3.100000,angle:-8.050000,distense:108.400000,rcs:20.000000
timestame:1619471006.440000000,objid:7,type:0,xpos:0.000000,ypos:0.000000,xspeed:-2.340000,yspeed:7.450000,angle:-18.000000,distense:47.000000,rcs:12.000000
timestame:1619471006.440000000,objid:9,type:0,xpos:0.000000,ypos:0.000000,xspeed:-7.320000,yspeed:-6.910000,angle:-8.640000,distense:110.800000,rcs:18.000000
