timestame:1619471373.230000000,objid:1,type:0,xpos:0.000000,ypos:0.000000,xspeed:9.350000,yspeed:0.160000,angle:2.340000,distense:172.000000,rcs:13.000000
timestame:1619471373.230000000,objid:7,type:0,xpos:0.000000,ypos:0.000000,xspeed:10.000000,yspeed:0.200000,angle:1.490000,distense:218.200000,rcs:9.000000
