timestame:1619471439.067000000,objid:6,type:0,xpos:0.000000,ypos:0.000000,xspeed:5.890000,yspeed:0.650000,angle:-6.800000,distense:91.400000,rcs:9.000000
timestame:1619471439.067000000,objid:8,type:0,xpos:0.000000,ypos:0.000000,xspeed:-3.930000,yspeed:-2.250000,angle:-18.000000,distense:29.600000,rcs:6.000000
