timestame:1619469854.062000000,objid:0,type:0,xpos:0.000000,ypos:0.000000,xspeed:3.630000,yspeed:-3.800000,angle:4.150000,distense:48.800000,rcs:29.000000
timestame:1619469854.062000000,objid:10,type:0,xpos:0.000000,ypos:0.000000,xspeed:-11.650000,yspeed:-0.120000,angle:-4.320000,distense:150.200000,rcs:13.000000
