timestame:1619469618.568000000,objid:1,type:0,xpos:0.000000,ypos:0.000000,xspeed:-1.560000,yspeed:0.230000,angle:-12.700000,distense:74.600000,rcs:20.000000
timestame:1619469618.568000000,objid:3,type:0,xpos:0.000000,ypos:0.000000,xspeed:-1.140000,yspeed:-0.140000,angle:-10.680000,distense:88.000000,rcs:21.000000
timestame:1619469618.568000000,objid:4,type:0,xpos:0.000000,ypos:0.000000,xspeed:-17.890000,yspeed:2.180000,angle:-4.360000,distense:134.400000,rcs:12.000000
