timestame:1619471085.034000000,objid:0,type:0,xpos:0.000000,ypos:0.000000,xspeed:9.460000,yspeed:0.370000,angle:1.260000,distense:46.400000,rcs:23.000000
timestame:1619471085.034000000,objid:11,type:0,xpos:0.000000,ypos:0.000000,xspeed:1.570000,yspeed:0.140000,angle:3.130000,distense:17.200000,rcs:43.000000
