timestame:1619469538.313000000,objid:4,type:0,xpos:0.000000,ypos:0.000000,xspeed:17.050000,yspeed:0.290000,angle:1.650000,distense:135.600000,rcs:20.000000
timestame:1619469538.313000000,objid:7,type:0,xpos:0.000000,ypos:0.000000,xspeed:17.040000,yspeed:0.210000,angle:1.300000,distense:143.000000,rcs:12.000000
