timestame:1619470190.604000000,objid:1,type:0,xpos:0.000000,ypos:0.000000,xspeed:2.170000,yspeed:9.510000,angle:5.750000,distense:134.000000,rcs:27.000000
timestame:1619470190.604000000,objid:2,type:0,xpos:0.000000,ypos:0.000000,xspeed:-5.860000,yspeed:3.840000,angle:0.170000,distense:47.400000,rcs:26.000000
timestame:1619470190.604000000,objid:7,type:0,xpos:0.000000,ypos:0.000000,xspeed:3.510000,yspeed:0.480000,angle:6.130000,distense:140.000000,rcs:12.000000
