timestame:1619469877.821000000,objid:3,type:0,xpos:0.000000,ypos:0.000000,xspeed:-4.680000,yspeed:-0.660000,angle:-18.000000,distense:30.800000,rcs:9.000000
timestame:1619469877.821000000,objid:9,type:0,xpos:0.000000,ypos:0.000000,xspeed:-6.050000,yspeed:-7.460000,angle:-6.030000,distense:60.000000,rcs:6.000000
