timestame:1619470189.372000000,objid:1,type:0,xpos:0.000000,ypos:0.000000,xspeed:1.240000,yspeed:2.830000,angle:-6.870000,distense:43.200000,rcs:6.000000
timestame:1619470189.372000000,objid:2,type:0,xpos:0.000000,ypos:0.000000,xspeed:-7.010000,yspeed:3.430000,angle:-5.110000,distense:54.200000,rcs:27.000000
timestame:1619470189.372000000,objid:7,type:0,xpos:0.000000,ypos:0.000000,xspeed:3.870000,yspeed:0.000000,angle:5.730000,distense:135.800000,rcs:16.000000
timestame:1619470189.372000000,objid:11,type:0,xpos:0.000000,ypos:0.000000,xspeed:4.600000,yspeed:0.200000,angle:4.300000,distense:134.200000,rcs:20.000000
