timestame:1619470070.653000000,objid:0,type:0,xpos:0.000000,ypos:0.000000,xspeed:3.590000,yspeed:6.350000,angle:-3.860000,distense:48.600000,rcs:6.000000
timestame:1619470070.653000000,objid:3,type:0,xpos:0.000000,ypos:0.000000,xspeed:-1.790000,yspeed:2.680000,angle:9.950000,distense:49.600000,rcs:42.000000
timestame:1619470070.653000000,objid:4,type:0,xpos:0.000000,ypos:0.000000,xspeed:-1.950000,yspeed:2.990000,angle:14.180000,distense:44.400000,rcs:27.000000
timestame:1619470070.653000000,objid:8,type:0,xpos:0.000000,ypos:0.000000,xspeed:3.060000,yspeed:1.900000,angle:-15.640000,distense:33.600000,rcs:27.000000
