timestame:1619470276.380000000,objid:1,type:0,xpos:0.000000,ypos:0.000000,xspeed:-10.310000,yspeed:0.220000,angle:-4.920000,distense:99.400000,rcs:12.000000
timestame:1619470276.380000000,objid:2,type:0,xpos:0.000000,ypos:0.000000,xspeed:-1.610000,yspeed:0.320000,angle:-6.710000,distense:90.600000,rcs:9.000000
timestame:1619470276.380000000,objid:11,type:0,xpos:0.000000,ypos:0.000000,xspeed:-1.590000,yspeed:-0.170000,angle:-9.290000,distense:76.400000,rcs:24.000000
timestame:1619470276.380000000,objid:22,type:0,xpos:0.000000,ypos:0.000000,xspeed:-1.320000,yspeed:-0.080000,angle:-7.980000,distense:83.800000,rcs:9.000000
