timestame:1619470649.807000000,objid:4,type:0,xpos:0.000000,ypos:0.000000,xspeed:-2.150000,yspeed:-2.430000,angle:-18.000000,distense:38.200000,rcs:22.000000
timestame:1619470649.807000000,objid:8,type:0,xpos:0.000000,ypos:0.000000,xspeed:-1.550000,yspeed:-5.370000,angle:-15.740000,distense:41.400000,rcs:30.000000
timestame:1619470649.807000000,objid:9,type:0,xpos:0.000000,ypos:0.000000,xspeed:-1.900000,yspeed:-3.400000,angle:-18.000000,distense:39.600000,rcs:24.000000
timestame:1619470649.807000000,objid:13,type:0,xpos:0.000000,ypos:0.000000,xspeed:-5.850000,yspeed:-6.660000,angle:-15.220000,distense:56.000000,rcs:12.000000
