timestame:1619471366.006000000,objid:1,type:0,xpos:0.000000,ypos:0.000000,xspeed:7.190000,yspeed:-0.540000,angle:3.150000,distense:107.800000,rcs:28.000000
timestame:1619471366.006000000,objid:2,type:0,xpos:0.000000,ypos:0.000000,xspeed:7.560000,yspeed:-0.090000,angle:3.370000,distense:113.000000,rcs:13.000000
timestame:1619471366.006000000,objid:7,type:0,xpos:0.000000,ypos:0.000000,xspeed:11.540000,yspeed:0.390000,angle:1.760000,distense:141.000000,rcs:23.000000
