timestame:1619470952.078000000,objid:0,type:0,xpos:0.000000,ypos:0.000000,xspeed:5.180000,yspeed:-0.150000,angle:0.910000,distense:32.000000,rcs:45.000000
timestame:1619470952.078000000,objid:10,type:0,xpos:0.000000,ypos:0.000000,xspeed:3.580000,yspeed:-0.080000,angle:3.240000,distense:17.400000,rcs:31.000000
timestame:1619470952.078000000,objid:12,type:0,xpos:0.000000,ypos:0.000000,xspeed:3.510000,yspeed:-8.910000,angle:-0.200000,distense:43.400000,rcs:9.000000
