timestame:1619469823.159000000,objid:2,type:0,xpos:0.000000,ypos:0.000000,xspeed:-1.800000,yspeed:-4.480000,angle:-14.060000,distense:41.200000,rcs:20.000000
timestame:1619469823.159000000,objid:11,type:0,xpos:0.000000,ypos:0.000000,xspeed:-4.130000,yspeed:0.300000,angle:-5.910000,distense:134.800000,rcs:12.000000
