timestame:1619471237.825000000,objid:0,type:0,xpos:0.000000,ypos:0.000000,xspeed:8.040000,yspeed:0.020000,angle:1.210000,distense:156.400000,rcs:6.000000
timestame:1619471237.825000000,objid:9,type:0,xpos:0.000000,ypos:0.000000,xspeed:8.720000,yspeed:-0.060000,angle:1.150000,distense:148.200000,rcs:25.000000
