timestame:1619470007.495000000,objid:2,type:0,xpos:0.000000,ypos:0.000000,xspeed:-1.350000,yspeed:-2.560000,angle:-18.000000,distense:34.000000,rcs:25.000000
timestame:1619470007.495000000,objid:9,type:0,xpos:0.000000,ypos:0.000000,xspeed:-2.110000,yspeed:-2.790000,angle:-18.000000,distense:34.000000,rcs:19.000000
timestame:1619470007.495000000,objid:11,type:0,xpos:0.000000,ypos:0.000000,xspeed:-2.900000,yspeed:-2.080000,angle:-18.000000,distense:31.200000,rcs:6.000000
