timestame:1619470216.492000000,objid:7,type:0,xpos:0.000000,ypos:0.000000,xspeed:-2.430000,yspeed:6.580000,angle:0.100000,distense:40.800000,rcs:6.000000
timestame:1619470216.492000000,objid:13,type:0,xpos:0.000000,ypos:0.000000,xspeed:-5.710000,yspeed:-11.330000,angle:-18.000000,distense:50.800000,rcs:6.000000
