timestame:1619470229.515000000,objid:2,type:0,xpos:0.000000,ypos:0.000000,xspeed:-1.520000,yspeed:-2.990000,angle:-16.850000,distense:40.800000,rcs:28.000000
timestame:1619470229.515000000,objid:8,type:0,xpos:0.000000,ypos:0.000000,xspeed:-1.950000,yspeed:-2.540000,angle:-18.000000,distense:38.800000,rcs:16.000000
timestame:1619470229.515000000,objid:11,type:0,xpos:0.000000,ypos:0.000000,xspeed:-8.980000,yspeed:-2.170000,angle:-4.130000,distense:171.800000,rcs:16.000000
