timestame:1619470570.259000000,objid:1,type:0,xpos:0.000000,ypos:0.000000,xspeed:3.680000,yspeed:3.130000,angle:-11.700000,distense:40.800000,rcs:20.000000
timestame:1619470570.259000000,objid:3,type:0,xpos:0.000000,ypos:0.000000,xspeed:15.400000,yspeed:0.230000,angle:1.090000,distense:201.600000,rcs:23.000000
timestame:1619470570.259000000,objid:5,type:0,xpos:0.000000,ypos:0.000000,xspeed:-1.420000,yspeed:0.940000,angle:-2.340000,distense:41.800000,rcs:6.000000
