timestame:1619469752.182000000,objid:1,type:0,xpos:0.000000,ypos:0.000000,xspeed:5.470000,yspeed:2.270000,angle:20.920000,distense:33.000000,rcs:9.000000
timestame:1619469752.182000000,objid:2,type:0,xpos:0.000000,ypos:0.000000,xspeed:30.850000,yspeed:-19.580000,angle:18.890000,distense:40.400000,rcs:6.000000
