timestame:1619470212.345000000,objid:0,type:0,xpos:0.000000,ypos:0.000000,xspeed:1.280000,yspeed:0.120000,angle:6.290000,distense:16.600000,rcs:25.000000
timestame:1619470212.345000000,objid:2,type:0,xpos:0.000000,ypos:0.000000,xspeed:-2.340000,yspeed:7.760000,angle:-16.220000,distense:44.600000,rcs:15.000000
