timestame:1619469557.620000000,objid:4,type:0,xpos:0.000000,ypos:0.000000,xspeed:-1.580000,yspeed:6.650000,angle:11.400000,distense:40.800000,rcs:27.000000
timestame:1619469557.620000000,objid:5,type:0,xpos:0.000000,ypos:0.000000,xspeed:-1.820000,yspeed:6.820000,angle:15.990000,distense:40.600000,rcs:6.000000
timestame:1619469557.620000000,objid:10,type:0,xpos:0.000000,ypos:0.000000,xspeed:1.220000,yspeed:-5.820000,angle:-3.650000,distense:51.400000,rcs:12.000000
timestame:1619469557.620000000,objid:13,type:0,xpos:0.000000,ypos:0.000000,xspeed:2.910000,yspeed:0.000000,angle:-8.560000,distense:53.000000,rcs:19.000000
