timestame:1619470286.770000000,objid:2,type:0,xpos:0.000000,ypos:0.000000,xspeed:-12.850000,yspeed:-0.250000,angle:-8.120000,distense:108.000000,rcs:20.000000
timestame:1619470286.770000000,objid:5,type:0,xpos:0.000000,ypos:0.000000,xspeed:-5.580000,yspeed:-0.400000,angle:-18.000000,distense:43.600000,rcs:24.000000
timestame:1619470286.770000000,objid:7,type:0,xpos:0.000000,ypos:0.000000,xspeed:-5.140000,yspeed:-0.310000,angle:-18.000000,distense:39.200000,rcs:30.000000
timestame:1619470286.770000000,objid:11,type:0,xpos:0.000000,ypos:0.000000,xspeed:-5.370000,yspeed:-0.250000,angle:-18.000000,distense:32.800000,rcs:20.000000
