timestame:1619470222.006000000,objid:8,type:0,xpos:0.000000,ypos:0.000000,xspeed:-2.480000,yspeed:11.680000,angle:-17.540000,distense:45.000000,rcs:13.000000
timestame:1619470222.006000000,objid:11,type:0,xpos:0.000000,ypos:0.000000,xspeed:-2.050000,yspeed:6.690000,angle:-14.440000,distense:43.800000,rcs:18.000000
