timestame:1619470637.217000000,objid:2,type:0,xpos:0.000000,ypos:0.000000,xspeed:1.560000,yspeed:-5.190000,angle:-1.430000,distense:51.000000,rcs:29.000000
timestame:1619470637.217000000,objid:3,type:0,xpos:0.000000,ypos:0.000000,xspeed:4.260000,yspeed:-14.170000,angle:-2.900000,distense:51.600000,rcs:6.000000
timestame:1619470637.217000000,objid:4,type:0,xpos:0.000000,ypos:0.000000,xspeed:-7.370000,yspeed:9.170000,angle:-2.990000,distense:207.200000,rcs:9.000000
timestame:1619470637.217000000,objid:6,type:0,xpos:0.000000,ypos:0.000000,xspeed:2.870000,yspeed:-9.670000,angle:0.930000,distense:50.600000,rcs:6.000000
