timestame:1619470838.704000000,objid:2,type:0,xpos:0.000000,ypos:0.000000,xspeed:4.080000,yspeed:2.340000,angle:-17.420000,distense:36.000000,rcs:22.000000
timestame:1619470838.704000000,objid:3,type:0,xpos:0.000000,ypos:0.000000,xspeed:2.590000,yspeed:1.520000,angle:-14.640000,distense:34.000000,rcs:20.000000
timestame:1619470838.704000000,objid:4,type:0,xpos:0.000000,ypos:0.000000,xspeed:1.140000,yspeed:5.610000,angle:-2.200000,distense:46.000000,rcs:12.000000
timestame:1619470838.704000000,objid:7,type:0,xpos:0.000000,ypos:0.000000,xspeed:12.990000,yspeed:0.410000,angle:2.520000,distense:186.600000,rcs:25.000000
