timestame:1619470610.552000000,objid:0,type:0,xpos:0.000000,ypos:0.000000,xspeed:6.830000,yspeed:5.010000,angle:-14.910000,distense:32.400000,rcs:6.000000
timestame:1619470610.552000000,objid:2,type:0,xpos:0.000000,ypos:0.000000,xspeed:7.040000,yspeed:1.280000,angle:16.820000,distense:36.600000,rcs:6.000000
timestame:1619470610.552000000,objid:3,type:0,xpos:0.000000,ypos:0.000000,xspeed:6.310000,yspeed:12.510000,angle:-15.820000,distense:32.400000,rcs:16.000000
