timestame:1619470475.349000000,objid:1,type:0,xpos:0.000000,ypos:0.000000,xspeed:-11.480000,yspeed:-0.290000,angle:-5.070000,distense:132.200000,rcs:15.000000
timestame:1619470475.349000000,objid:2,type:0,xpos:0.000000,ypos:0.000000,xspeed:1.130000,yspeed:-0.460000,angle:13.830000,distense:72.400000,rcs:6.000000
