timestame:1619469752.677000000,objid:1,type:0,xpos:0.000000,ypos:0.000000,xspeed:5.310000,yspeed:2.660000,angle:22.140000,distense:35.800000,rcs:15.000000
timestame:1619469752.677000000,objid:2,type:0,xpos:0.000000,ypos:0.000000,xspeed:30.850000,yspeed:-19.580000,angle:-17.210000,distense:58.000000,rcs:6.000000
