timestame:1619469583.322000000,objid:1,type:0,xpos:0.000000,ypos:0.000000,xspeed:-4.920000,yspeed:-0.130000,angle:-9.680000,distense:92.200000,rcs:16.000000
timestame:1619469583.322000000,objid:2,type:0,xpos:0.000000,ypos:0.000000,xspeed:-1.220000,yspeed:-0.440000,angle:-11.130000,distense:84.000000,rcs:22.000000
timestame:1619469583.322000000,objid:5,type:0,xpos:0.000000,ypos:0.000000,xspeed:-1.170000,yspeed:0.000000,angle:-8.440000,distense:103.400000,rcs:12.000000
