timestame:1619470477.090000000,objid:0,type:0,xpos:0.000000,ypos:0.000000,xspeed:-8.610000,yspeed:-0.710000,angle:-5.450000,distense:117.000000,rcs:26.000000
timestame:1619470477.090000000,objid:1,type:0,xpos:0.000000,ypos:0.000000,xspeed:-11.310000,yspeed:-0.300000,angle:-6.180000,distense:112.800000,rcs:19.000000
timestame:1619470477.090000000,objid:2,type:0,xpos:0.000000,ypos:0.000000,xspeed:1.170000,yspeed:-0.150000,angle:13.640000,distense:74.400000,rcs:6.000000
