timestame:1619469950.411000000,objid:4,type:0,xpos:0.000000,ypos:0.000000,xspeed:1.300000,yspeed:-3.720000,angle:1.920000,distense:54.200000,rcs:26.000000
timestame:1619469950.411000000,objid:8,type:0,xpos:0.000000,ypos:0.000000,xspeed:-1.870000,yspeed:6.110000,angle:-6.330000,distense:41.600000,rcs:6.000000
timestame:1619469950.411000000,objid:13,type:0,xpos:0.000000,ypos:0.000000,xspeed:-1.570000,yspeed:6.620000,angle:-1.690000,distense:41.200000,rcs:9.000000
timestame:1619469950.411000000,objid:15,type:0,xpos:0.000000,ypos:0.000000,xspeed:-4.020000,yspeed:6.430000,angle:0.730000,distense:40.200000,rcs:25.000000
