timestame:1619470765.798000000,objid:3,type:0,xpos:0.000000,ypos:0.000000,xspeed:1.360000,yspeed:-3.610000,angle:-18.000000,distense:73.200000,rcs:6.000000
timestame:1619470765.798000000,objid:4,type:0,xpos:0.000000,ypos:0.000000,xspeed:-2.280000,yspeed:-1.150000,angle:-18.000000,distense:30.200000,rcs:6.000000
timestame:1619470765.798000000,objid:5,type:0,xpos:0.000000,ypos:0.000000,xspeed:-1.980000,yspeed:-2.050000,angle:-18.000000,distense:34.000000,rcs:6.000000
timestame:1619470765.798000000,objid:9,type:0,xpos:0.000000,ypos:0.000000,xspeed:5.930000,yspeed:0.340000,angle:2.720000,distense:41.800000,rcs:29.000000
