timestame:1619471250.718000000,objid:0,type:0,xpos:0.000000,ypos:0.000000,xspeed:-15.240000,yspeed:6.020000,angle:-1.590000,distense:171.400000,rcs:6.000000
timestame:1619471250.718000000,objid:3,type:0,xpos:0.000000,ypos:0.000000,xspeed:-13.200000,yspeed:2.330000,angle:-4.340000,distense:171.600000,rcs:9.000000
