timestame:1619470012.643000000,objid:0,type:0,xpos:0.000000,ypos:0.000000,xspeed:-1.910000,yspeed:-1.780000,angle:-18.000000,distense:34.000000,rcs:13.000000
timestame:1619470012.643000000,objid:1,type:0,xpos:0.000000,ypos:0.000000,xspeed:-1.690000,yspeed:2.850000,angle:-6.970000,distense:46.800000,rcs:13.000000
timestame:1619470012.643000000,objid:2,type:0,xpos:0.000000,ypos:0.000000,xspeed:-10.710000,yspeed:-2.360000,angle:-3.980000,distense:35.800000,rcs:6.000000
timestame:1619470012.643000000,objid:9,type:0,xpos:0.000000,ypos:0.000000,xspeed:-1.290000,yspeed:-0.180000,angle:-4.130000,distense:48.400000,rcs:6.000000
