timestame:1619470595.096000000,objid:1,type:0,xpos:0.000000,ypos:0.000000,xspeed:8.940000,yspeed:1.600000,angle:-16.780000,distense:27.000000,rcs:27.000000
timestame:1619470595.096000000,objid:5,type:0,xpos:0.000000,ypos:0.000000,xspeed:6.850000,yspeed:2.790000,angle:-16.960000,distense:38.400000,rcs:24.000000
timestame:1619470595.096000000,objid:6,type:0,xpos:0.000000,ypos:0.000000,xspeed:5.740000,yspeed:2.880000,angle:22.000000,distense:36.400000,rcs:26.000000
