timestame:1619471219.414000000,objid:6,type:0,xpos:0.000000,ypos:0.000000,xspeed:3.110000,yspeed:0.780000,angle:2.860000,distense:47.200000,rcs:12.000000
timestame:1619471219.414000000,objid:9,type:0,xpos:0.000000,ypos:0.000000,xspeed:3.350000,yspeed:0.390000,angle:3.170000,distense:28.400000,rcs:40.000000
timestame:1619471219.414000000,objid:10,type:0,xpos:0.000000,ypos:0.000000,xspeed:3.370000,yspeed:0.150000,angle:0.270000,distense:37.800000,rcs:20.000000
