timestame:1619469646.163000000,objid:2,type:0,xpos:0.000000,ypos:0.000000,xspeed:12.740000,yspeed:0.890000,angle:5.340000,distense:80.400000,rcs:27.000000
timestame:1619469646.163000000,objid:13,type:0,xpos:0.000000,ypos:0.000000,xspeed:15.130000,yspeed:0.620000,angle:2.300000,distense:138.200000,rcs:26.000000
timestame:1619469646.163000000,objid:14,type:0,xpos:0.000000,ypos:0.000000,xspeed:12.870000,yspeed:0.420000,angle:5.140000,distense:77.600000,rcs:23.000000
