timestame:1619469772.464000000,objid:1,type:0,xpos:0.000000,ypos:0.000000,xspeed:3.630000,yspeed:1.450000,angle:-16.710000,distense:25.800000,rcs:18.000000
timestame:1619469772.464000000,objid:3,type:0,xpos:0.000000,ypos:0.000000,xspeed:4.020000,yspeed:1.230000,angle:20.980000,distense:37.600000,rcs:12.000000
timestame:1619469772.464000000,objid:7,type:0,xpos:0.000000,ypos:0.000000,xspeed:4.050000,yspeed:1.470000,angle:-16.520000,distense:36.000000,rcs:26.000000
