timestame:1619470444.937000000,objid:1,type:0,xpos:0.000000,ypos:0.000000,xspeed:17.420000,yspeed:0.280000,angle:1.610000,distense:142.800000,rcs:13.000000
timestame:1619470444.937000000,objid:2,type:0,xpos:0.000000,ypos:0.000000,xspeed:4.330000,yspeed:-0.050000,angle:7.750000,distense:95.200000,rcs:24.000000
