timestame:1619469953.511000000,objid:4,type:0,xpos:0.000000,ypos:0.000000,xspeed:1.020000,yspeed:-4.970000,angle:-13.540000,distense:59.000000,rcs:27.000000
timestame:1619469953.511000000,objid:8,type:0,xpos:0.000000,ypos:0.000000,xspeed:-1.510000,yspeed:-1.840000,angle:17.760000,distense:44.000000,rcs:24.000000
timestame:1619469953.511000000,objid:14,type:0,xpos:0.000000,ypos:0.000000,xspeed:-3.770000,yspeed:8.940000,angle:-5.970000,distense:38.800000,rcs:21.000000
