timestame:1619471532.583000000,objid:4,type:0,xpos:0.000000,ypos:0.000000,xspeed:-13.580000,yspeed:-1.310000,angle:-3.070000,distense:187.200000,rcs:9.000000
timestame:1619471532.583000000,objid:6,type:0,xpos:0.000000,ypos:0.000000,xspeed:2.500000,yspeed:4.100000,angle:11.330000,distense:44.000000,rcs:38.000000
timestame:1619471532.583000000,objid:7,type:0,xpos:0.000000,ypos:0.000000,xspeed:2.610000,yspeed:-4.320000,angle:11.870000,distense:53.400000,rcs:9.000000
timestame:1619471532.583000000,objid:10,type:0,xpos:0.000000,ypos:0.000000,xspeed:-12.190000,yspeed:-2.650000,angle:-3.170000,distense:195.000000,rcs:9.000000
