timestame:1619470464.872000000,objid:0,type:0,xpos:0.000000,ypos:0.000000,xspeed:-13.500000,yspeed:-0.640000,angle:-18.000000,distense:41.400000,rcs:22.000000
timestame:1619470464.872000000,objid:2,type:0,xpos:0.000000,ypos:0.000000,xspeed:5.810000,yspeed:0.080000,angle:3.020000,distense:204.000000,rcs:13.000000
