timestame:1619470747.717000000,objid:4,type:0,xpos:0.000000,ypos:0.000000,xspeed:-5.830000,yspeed:0.000000,angle:-18.000000,distense:41.400000,rcs:16.000000
timestame:1619470747.717000000,objid:5,type:0,xpos:0.000000,ypos:0.000000,xspeed:-20.400000,yspeed:0.000000,angle:-4.290000,distense:48.800000,rcs:12.000000
