timestame:1619469634.252000000,objid:1,type:0,xpos:0.000000,ypos:0.000000,xspeed:2.930000,yspeed:-0.590000,angle:18.730000,distense:22.000000,rcs:27.000000
timestame:1619469634.252000000,objid:3,type:0,xpos:0.000000,ypos:0.000000,xspeed:-6.560000,yspeed:2.430000,angle:-4.620000,distense:53.800000,rcs:19.000000
timestame:1619469634.252000000,objid:4,type:0,xpos:0.000000,ypos:0.000000,xspeed:2.330000,yspeed:2.230000,angle:-14.000000,distense:24.800000,rcs:6.000000
