timestame:1619469645.422000000,objid:2,type:0,xpos:0.000000,ypos:0.000000,xspeed:12.650000,yspeed:1.010000,angle:5.650000,distense:70.400000,rcs:15.000000
timestame:1619469645.422000000,objid:6,type:0,xpos:0.000000,ypos:0.000000,xspeed:12.210000,yspeed:0.560000,angle:5.050000,distense:79.800000,rcs:16.000000
timestame:1619469645.422000000,objid:13,type:0,xpos:0.000000,ypos:0.000000,xspeed:15.120000,yspeed:0.510000,angle:2.190000,distense:126.200000,rcs:38.000000
timestame:1619469645.422000000,objid:14,type:0,xpos:0.000000,ypos:0.000000,xspeed:12.800000,yspeed:0.410000,angle:5.620000,distense:67.400000,rcs:30.000000
