timestame:1619469487.727000000,objid:1,type:0,xpos:0.000000,ypos:0.000000,xspeed:-4.040000,yspeed:-0.150000,angle:-15.580000,distense:62.200000,rcs:24.000000
timestame:1619469487.727000000,objid:3,type:0,xpos:0.000000,ypos:0.000000,xspeed:1.100000,yspeed:-0.060000,angle:9.670000,distense:20.400000,rcs:30.000000
timestame:1619469487.727000000,objid:5,type:0,xpos:0.000000,ypos:0.000000,xspeed:-1.060000,yspeed:0.010000,angle:-10.050000,distense:87.800000,rcs:9.000000
timestame:1619469487.727000000,objid:9,type:0,xpos:0.000000,ypos:0.000000,xspeed:-4.710000,yspeed:-0.130000,angle:-11.230000,distense:68.000000,rcs:16.000000
