timestame:1619471135.637000000,objid:0,type:0,xpos:0.000000,ypos:0.000000,xspeed:-1.480000,yspeed:5.120000,angle:20.060000,distense:40.600000,rcs:15.000000
timestame:1619471135.637000000,objid:5,type:0,xpos:0.000000,ypos:0.000000,xspeed:16.890000,yspeed:0.000000,angle:17.770000,distense:50.000000,rcs:26.000000
timestame:1619471135.637000000,objid:7,type:0,xpos:0.000000,ypos:0.000000,xspeed:-21.570000,yspeed:-13.770000,angle:7.980000,distense:26.800000,rcs:9.000000
timestame:1619471135.637000000,objid:8,type:0,xpos:0.000000,ypos:0.000000,xspeed:-1.810000,yspeed:10.780000,angle:22.540000,distense:49.800000,rcs:18.000000
