timestame:1619471315.292000000,objid:1,type:0,xpos:0.000000,ypos:0.000000,xspeed:-14.890000,yspeed:-1.070000,angle:-4.800000,distense:147.000000,rcs:12.000000
timestame:1619471315.292000000,objid:2,type:0,xpos:0.000000,ypos:0.000000,xspeed:-2.290000,yspeed:5.790000,angle:-13.680000,distense:37.000000,rcs:13.000000
