timestame:1619470791.752000000,objid:0,type:0,xpos:0.000000,ypos:0.000000,xspeed:1.270000,yspeed:0.140000,angle:2.050000,distense:19.400000,rcs:22.000000
timestame:1619470791.752000000,objid:2,type:0,xpos:0.000000,ypos:0.000000,xspeed:1.410000,yspeed:-7.980000,angle:21.090000,distense:46.600000,rcs:27.000000
