timestame:1619469920.665000000,objid:1,type:0,xpos:0.000000,ypos:0.000000,xspeed:5.760000,yspeed:-0.120000,angle:1.120000,distense:133.200000,rcs:13.000000
timestame:1619469920.665000000,objid:8,type:0,xpos:0.000000,ypos:0.000000,xspeed:5.770000,yspeed:0.120000,angle:1.530000,distense:126.600000,rcs:23.000000
