timestame:1619470497.867000000,objid:2,type:0,xpos:0.000000,ypos:0.000000,xspeed:-1.110000,yspeed:-3.000000,angle:-17.550000,distense:40.800000,rcs:27.000000
timestame:1619470497.867000000,objid:6,type:0,xpos:0.000000,ypos:0.000000,xspeed:-1.250000,yspeed:3.550000,angle:-6.220000,distense:47.600000,rcs:6.000000
timestame:1619470497.867000000,objid:7,type:0,xpos:0.000000,ypos:0.000000,xspeed:-1.970000,yspeed:-2.040000,angle:-15.170000,distense:46.800000,rcs:6.000000
