timestame:1619470937.325000000,objid:7,type:0,xpos:0.000000,ypos:0.000000,xspeed:-1.500000,yspeed:-0.120000,angle:-11.760000,distense:78.200000,rcs:20.000000
timestame:1619470937.325000000,objid:10,type:0,xpos:0.000000,ypos:0.000000,xspeed:-1.380000,yspeed:-1.630000,angle:-9.530000,distense:79.200000,rcs:19.000000
timestame:1619470937.325000000,objid:12,type:0,xpos:0.000000,ypos:0.000000,xspeed:1.100000,yspeed:-0.460000,angle:8.810000,distense:22.200000,rcs:24.000000
