timestame:1619471082.983000000,objid:4,type:0,xpos:0.000000,ypos:0.000000,xspeed:3.290000,yspeed:0.120000,angle:1.230000,distense:30.600000,rcs:31.000000
timestame:1619471082.983000000,objid:10,type:0,xpos:0.000000,ypos:0.000000,xspeed:5.850000,yspeed:0.510000,angle:1.980000,distense:46.800000,rcs:9.000000
