timestame:1619469915.772000000,objid:1,type:0,xpos:0.000000,ypos:0.000000,xspeed:5.390000,yspeed:0.120000,angle:1.630000,distense:105.000000,rcs:22.000000
timestame:1619469915.772000000,objid:2,type:0,xpos:0.000000,ypos:0.000000,xspeed:13.440000,yspeed:0.340000,angle:2.450000,distense:205.000000,rcs:24.000000
timestame:1619469915.772000000,objid:8,type:0,xpos:0.000000,ypos:0.000000,xspeed:5.300000,yspeed:-0.040000,angle:1.580000,distense:98.000000,rcs:27.000000
