timestame:1619471153.444000000,objid:1,type:0,xpos:0.000000,ypos:0.000000,xspeed:-7.450000,yspeed:-5.610000,angle:6.010000,distense:75.600000,rcs:6.000000
timestame:1619471153.444000000,objid:2,type:0,xpos:0.000000,ypos:0.000000,xspeed:-2.260000,yspeed:10.830000,angle:-12.030000,distense:41.600000,rcs:6.000000
