timestame:1619470832.264000000,objid:0,type:0,xpos:0.000000,ypos:0.000000,xspeed:5.840000,yspeed:-4.470000,angle:2.900000,distense:108.400000,rcs:20.000000
timestame:1619470832.264000000,objid:1,type:0,xpos:0.000000,ypos:0.000000,xspeed:9.570000,yspeed:0.080000,angle:2.910000,distense:116.000000,rcs:15.000000
timestame:1619470832.264000000,objid:3,type:0,xpos:0.000000,ypos:0.000000,xspeed:8.840000,yspeed:0.010000,angle:3.520000,distense:107.200000,rcs:21.000000
timestame:1619470832.264000000,objid:6,type:0,xpos:0.000000,ypos:0.000000,xspeed:12.540000,yspeed:-0.030000,angle:1.200000,distense:149.400000,rcs:16.000000
