timestame:1619470214.325000000,objid:1,type:0,xpos:0.000000,ypos:0.000000,xspeed:-2.310000,yspeed:10.280000,angle:6.470000,distense:39.000000,rcs:6.000000
timestame:1619470214.325000000,objid:2,type:0,xpos:0.000000,ypos:0.000000,xspeed:-2.130000,yspeed:8.110000,angle:5.730000,distense:38.800000,rcs:9.000000
timestame:1619470214.325000000,objid:7,type:0,xpos:0.000000,ypos:0.000000,xspeed:-3.270000,yspeed:9.020000,angle:-16.660000,distense:47.800000,rcs:16.000000
timestame:1619470214.325000000,objid:9,type:0,xpos:0.000000,ypos:0.000000,xspeed:-1.430000,yspeed:11.670000,angle:11.790000,distense:39.000000,rcs:28.000000
