timestame:1619470031.837000000,objid:1,type:0,xpos:0.000000,ypos:0.000000,xspeed:6.670000,yspeed:0.350000,angle:2.490000,distense:46.400000,rcs:33.000000
timestame:1619470031.837000000,objid:4,type:0,xpos:0.000000,ypos:0.000000,xspeed:11.330000,yspeed:0.180000,angle:1.940000,distense:76.600000,rcs:19.000000
timestame:1619470031.837000000,objid:7,type:0,xpos:0.000000,ypos:0.000000,xspeed:1.780000,yspeed:-1.260000,angle:6.020000,distense:22.200000,rcs:27.000000
