timestame:1619470112.118000000,objid:2,type:0,xpos:0.000000,ypos:0.000000,xspeed:6.740000,yspeed:1.750000,angle:18.000000,distense:30.200000,rcs:6.000000
timestame:1619470112.118000000,objid:3,type:0,xpos:0.000000,ypos:0.000000,xspeed:23.600000,yspeed:0.000000,angle:-14.050000,distense:21.800000,rcs:16.000000
timestame:1619470112.118000000,objid:5,type:0,xpos:0.000000,ypos:0.000000,xspeed:3.310000,yspeed:3.680000,angle:-7.380000,distense:47.000000,rcs:6.000000
timestame:1619470112.118000000,objid:7,type:0,xpos:0.000000,ypos:0.000000,xspeed:6.150000,yspeed:1.230000,angle:-17.810000,distense:27.800000,rcs:37.000000
