timestame:1619470135.952000000,objid:3,type:0,xpos:0.000000,ypos:0.000000,xspeed:-3.660000,yspeed:-0.930000,angle:-18.000000,distense:23.400000,rcs:6.000000
timestame:1619470135.952000000,objid:7,type:0,xpos:0.000000,ypos:0.000000,xspeed:-4.800000,yspeed:-0.180000,angle:-9.360000,distense:78.200000,rcs:6.000000
timestame:1619470135.952000000,objid:8,type:0,xpos:0.000000,ypos:0.000000,xspeed:3.490000,yspeed:3.340000,angle:-10.100000,distense:39.600000,rcs:9.000000
