timestame:1619470020.141000000,objid:0,type:0,xpos:0.000000,ypos:0.000000,xspeed:-1.670000,yspeed:-19.120000,angle:-18.000000,distense:37.000000,rcs:27.000000
timestame:1619470020.141000000,objid:11,type:0,xpos:0.000000,ypos:0.000000,xspeed:-1.390000,yspeed:-2.740000,angle:-18.000000,distense:36.600000,rcs:26.000000
timestame:1619470020.141000000,objid:13,type:0,xpos:0.000000,ypos:0.000000,xspeed:-2.000000,yspeed:6.110000,angle:-7.790000,distense:43.800000,rcs:6.000000
timestame:1619470020.141000000,objid:15,type:0,xpos:0.000000,ypos:0.000000,xspeed:-2.100000,yspeed:-2.280000,angle:-18.000000,distense:34.200000,rcs:21.000000
