timestame:1619471099.241000000,objid:0,type:0,xpos:0.000000,ypos:0.000000,xspeed:-16.080000,yspeed:-0.580000,angle:-18.000000,distense:31.600000,rcs:6.000000
timestame:1619471099.241000000,objid:1,type:0,xpos:0.000000,ypos:0.000000,xspeed:-19.470000,yspeed:-2.650000,angle:-18.000000,distense:28.600000,rcs:19.000000
timestame:1619471099.241000000,objid:2,type:0,xpos:0.000000,ypos:0.000000,xspeed:9.540000,yspeed:0.060000,angle:1.170000,distense:118.400000,rcs:22.000000
