timestame:1619471087.510000000,objid:0,type:0,xpos:0.000000,ypos:0.000000,xspeed:8.510000,yspeed:0.380000,angle:1.680000,distense:66.800000,rcs:32.000000
timestame:1619471087.510000000,objid:1,type:0,xpos:0.000000,ypos:0.000000,xspeed:7.450000,yspeed:1.170000,angle:10.750000,distense:20.600000,rcs:20.000000
timestame:1619471087.510000000,objid:4,type:0,xpos:0.000000,ypos:0.000000,xspeed:-23.230000,yspeed:-1.030000,angle:-6.930000,distense:102.200000,rcs:9.000000
timestame:1619471087.510000000,objid:11,type:0,xpos:0.000000,ypos:0.000000,xspeed:3.450000,yspeed:0.060000,angle:2.210000,distense:27.000000,rcs:41.000000
