timestame:1619469786.141000000,objid:1,type:0,xpos:0.000000,ypos:0.000000,xspeed:-17.320000,yspeed:-0.340000,angle:-8.370000,distense:105.400000,rcs:16.000000
timestame:1619469786.141000000,objid:2,type:0,xpos:0.000000,ypos:0.000000,xspeed:16.650000,yspeed:0.050000,angle:0.920000,distense:196.800000,rcs:12.000000
timestame:1619469786.141000000,objid:4,type:0,xpos:0.000000,ypos:0.000000,xspeed:-17.160000,yspeed:-0.240000,angle:-8.970000,distense:97.200000,rcs:15.000000
timestame:1619469786.141000000,objid:10,type:0,xpos:0.000000,ypos:0.000000,xspeed:16.830000,yspeed:0.170000,angle:1.150000,distense:184.400000,rcs:28.000000
