timestame:1619470794.480000000,objid:4,type:0,xpos:0.000000,ypos:0.000000,xspeed:1.920000,yspeed:-8.210000,angle:-10.260000,distense:54.200000,rcs:9.000000
timestame:1619470794.480000000,objid:6,type:0,xpos:0.000000,ypos:0.000000,xspeed:22.720000,yspeed:0.000000,angle:-10.290000,distense:62.800000,rcs:23.000000
timestame:1619470794.480000000,objid:9,type:0,xpos:0.000000,ypos:0.000000,xspeed:1.180000,yspeed:-9.350000,angle:-6.730000,distense:51.600000,rcs:6.000000
timestame:1619470794.480000000,objid:14,type:0,xpos:0.000000,ypos:0.000000,xspeed:-1.170000,yspeed:0.000000,angle:17.280000,distense:56.800000,rcs:9.000000
