timestame:1619469536.138000000,objid:4,type:0,xpos:0.000000,ypos:0.000000,xspeed:16.540000,yspeed:0.390000,angle:1.960000,distense:98.200000,rcs:25.000000
timestame:1619469536.138000000,objid:7,type:0,xpos:0.000000,ypos:0.000000,xspeed:16.210000,yspeed:0.410000,angle:1.680000,distense:105.200000,rcs:18.000000
