timestame:1619470072.338000000,objid:3,type:0,xpos:0.000000,ypos:0.000000,xspeed:-1.510000,yspeed:2.560000,angle:15.550000,distense:48.400000,rcs:34.000000
timestame:1619470072.338000000,objid:4,type:0,xpos:0.000000,ypos:0.000000,xspeed:-1.390000,yspeed:2.440000,angle:19.620000,distense:43.800000,rcs:30.000000
timestame:1619470072.338000000,objid:8,type:0,xpos:0.000000,ypos:0.000000,xspeed:2.360000,yspeed:2.490000,angle:-11.590000,distense:38.600000,rcs:9.000000
