timestame:1619470609.994000000,objid:0,type:0,xpos:0.000000,ypos:0.000000,xspeed:6.690000,yspeed:3.480000,angle:-17.620000,distense:27.600000,rcs:6.000000
timestame:1619470609.994000000,objid:2,type:0,xpos:0.000000,ypos:0.000000,xspeed:7.110000,yspeed:1.280000,angle:17.560000,distense:32.800000,rcs:13.000000
