timestame:1619471097.447000000,objid:2,type:0,xpos:0.000000,ypos:0.000000,xspeed:8.650000,yspeed:-0.050000,angle:1.190000,distense:100.800000,rcs:24.000000
timestame:1619471097.447000000,objid:3,type:0,xpos:0.000000,ypos:0.000000,xspeed:-17.970000,yspeed:-1.100000,angle:-13.420000,distense:56.600000,rcs:30.000000
