timestame:1619471261.483000000,objid:2,type:0,xpos:0.000000,ypos:0.000000,xspeed:12.520000,yspeed:0.210000,angle:3.880000,distense:92.800000,rcs:34.000000
timestame:1619471261.483000000,objid:6,type:0,xpos:0.000000,ypos:0.000000,xspeed:12.590000,yspeed:-0.160000,angle:3.510000,distense:105.000000,rcs:16.000000
timestame:1619471261.483000000,objid:10,type:0,xpos:0.000000,ypos:0.000000,xspeed:12.420000,yspeed:0.490000,angle:4.740000,distense:80.600000,rcs:19.000000
