timestame:1619469978.445000000,objid:2,type:0,xpos:0.000000,ypos:0.000000,xspeed:-2.040000,yspeed:-1.390000,angle:-18.000000,distense:30.000000,rcs:9.000000
timestame:1619469978.445000000,objid:6,type:0,xpos:0.000000,ypos:0.000000,xspeed:-2.680000,yspeed:-3.140000,angle:-18.000000,distense:32.200000,rcs:6.000000
timestame:1619469978.445000000,objid:18,type:0,xpos:0.000000,ypos:0.000000,xspeed:1.340000,yspeed:-3.870000,angle:-16.250000,distense:59.600000,rcs:12.000000
