timestame:1619469891.139000000,objid:2,type:0,xpos:0.000000,ypos:0.000000,xspeed:-4.170000,yspeed:-0.090000,angle:-15.020000,distense:51.400000,rcs:24.000000
timestame:1619469891.139000000,objid:5,type:0,xpos:0.000000,ypos:0.000000,xspeed:-3.020000,yspeed:-0.060000,angle:-18.000000,distense:54.400000,rcs:16.000000
timestame:1619469891.139000000,objid:10,type:0,xpos:0.000000,ypos:0.000000,xspeed:-12.390000,yspeed:-0.450000,angle:-4.200000,distense:155.800000,rcs:12.000000
timestame:1619469891.139000000,objid:16,type:0,xpos:0.000000,ypos:0.000000,xspeed:-3.840000,yspeed:0.020000,angle:-11.750000,distense:62.800000,rcs:16.000000
