timestame:1619471006.317000000,objid:2,type:0,xpos:0.000000,ypos:0.000000,xspeed:-7.390000,yspeed:1.270000,angle:-8.350000,distense:109.000000,rcs:20.000000
timestame:1619471006.317000000,objid:7,type:0,xpos:0.000000,ypos:0.000000,xspeed:-2.550000,yspeed:6.730000,angle:-18.000000,distense:47.600000,rcs:6.000000
timestame:1619471006.317000000,objid:9,type:0,xpos:0.000000,ypos:0.000000,xspeed:-7.320000,yspeed:-6.910000,angle:-8.160000,distense:111.600000,rcs:18.000000
