timestame:1619470876.418000000,objid:4,type:0,xpos:0.000000,ypos:0.000000,xspeed:2.890000,yspeed:0.360000,angle:2.220000,distense:28.600000,rcs:12.000000
timestame:1619470876.418000000,objid:9,type:0,xpos:0.000000,ypos:0.000000,xspeed:1.110000,yspeed:0.370000,angle:4.270000,distense:20.600000,rcs:26.000000
timestame:1619470876.418000000,objid:10,type:0,xpos:0.000000,ypos:0.000000,xspeed:1.620000,yspeed:0.950000,angle:2.110000,distense:39.200000,rcs:6.000000
timestame:1619470876.418000000,objid:14,type:0,xpos:0.000000,ypos:0.000000,xspeed:-6.510000,yspeed:0.490000,angle:-6.610000,distense:103.800000,rcs:9.000000
