timestame:1619470168.226000000,objid:0,type:0,xpos:0.000000,ypos:0.000000,xspeed:6.300000,yspeed:0.240000,angle:2.140000,distense:45.600000,rcs:37.000000
timestame:1619470168.226000000,objid:3,type:0,xpos:0.000000,ypos:0.000000,xspeed:7.960000,yspeed:0.350000,angle:5.660000,distense:78.200000,rcs:24.000000
