timestame:1619471448.695000000,objid:3,type:0,xpos:0.000000,ypos:0.000000,xspeed:-3.200000,yspeed:0.000000,angle:-5.800000,distense:108.000000,rcs:18.000000
timestame:1619471448.695000000,objid:11,type:0,xpos:0.000000,ypos:0.000000,xspeed:-2.870000,yspeed:-0.660000,angle:-8.350000,distense:98.200000,rcs:22.000000
timestame:1619471448.695000000,objid:13,type:0,xpos:0.000000,ypos:0.000000,xspeed:-3.350000,yspeed:0.100000,angle:16.930000,distense:46.800000,rcs:21.000000
