timestame:1619471402.531000000,objid:6,type:0,xpos:0.000000,ypos:0.000000,xspeed:5.480000,yspeed:5.760000,angle:-9.020000,distense:51.600000,rcs:16.000000
timestame:1619471402.531000000,objid:8,type:0,xpos:0.000000,ypos:0.000000,xspeed:-6.800000,yspeed:-2.230000,angle:-16.680000,distense:104.400000,rcs:6.000000
timestame:1619471402.531000000,objid:9,type:0,xpos:0.000000,ypos:0.000000,xspeed:-1.460000,yspeed:0.000000,angle:-5.850000,distense:41.600000,rcs:12.000000
