timestame:1619469889.963000000,objid:2,type:0,xpos:0.000000,ypos:0.000000,xspeed:-3.780000,yspeed:-0.180000,angle:-13.630000,distense:56.800000,rcs:24.000000
timestame:1619469889.963000000,objid:5,type:0,xpos:0.000000,ypos:0.000000,xspeed:-2.830000,yspeed:-0.150000,angle:-17.450000,distense:58.200000,rcs:22.000000
timestame:1619469889.963000000,objid:16,type:0,xpos:0.000000,ypos:0.000000,xspeed:-3.560000,yspeed:-0.230000,angle:-11.190000,distense:67.800000,rcs:26.000000
