timestame:1619470474.905000000,objid:1,type:0,xpos:0.000000,ypos:0.000000,xspeed:-11.290000,yspeed:-0.240000,angle:-4.750000,distense:138.000000,rcs:25.000000
timestame:1619470474.905000000,objid:2,type:0,xpos:0.000000,ypos:0.000000,xspeed:1.150000,yspeed:-0.510000,angle:14.060000,distense:72.000000,rcs:6.000000
