timestame:1619469641.150000000,objid:1,type:0,xpos:0.000000,ypos:0.000000,xspeed:3.210000,yspeed:3.120000,angle:-9.930000,distense:40.400000,rcs:9.000000
timestame:1619469641.150000000,objid:6,type:0,xpos:0.000000,ypos:0.000000,xspeed:12.240000,yspeed:1.100000,angle:9.050000,distense:27.000000,rcs:31.000000
timestame:1619469641.150000000,objid:7,type:0,xpos:0.000000,ypos:0.000000,xspeed:15.020000,yspeed:0.060000,angle:2.120000,distense:73.000000,rcs:12.000000
timestame:1619469641.150000000,objid:13,type:0,xpos:0.000000,ypos:0.000000,xspeed:15.360000,yspeed:0.430000,angle:2.370000,distense:62.400000,rcs:40.000000
