timestame:1619471237.145000000,objid:0,type:0,xpos:0.000000,ypos:0.000000,xspeed:8.070000,yspeed:-0.010000,angle:1.220000,distense:151.200000,rcs:6.000000
timestame:1619471237.145000000,objid:9,type:0,xpos:0.000000,ypos:0.000000,xspeed:8.370000,yspeed:-0.020000,angle:1.250000,distense:142.000000,rcs:29.000000
