timestame:1619470734.622000000,objid:1,type:0,xpos:0.000000,ypos:0.000000,xspeed:12.070000,yspeed:0.010000,angle:2.180000,distense:82.400000,rcs:18.000000
timestame:1619470734.622000000,objid:6,type:0,xpos:0.000000,ypos:0.000000,xspeed:12.260000,yspeed:0.440000,angle:2.360000,distense:71.800000,rcs:36.000000
