timestame:1619471253.625000000,objid:1,type:0,xpos:0.000000,ypos:0.000000,xspeed:3.230000,yspeed:2.820000,angle:4.710000,distense:83.400000,rcs:12.000000
timestame:1619471253.625000000,objid:3,type:0,xpos:0.000000,ypos:0.000000,xspeed:-16.510000,yspeed:-0.290000,angle:-6.810000,distense:122.000000,rcs:21.000000
