timestame:1619469789.120000000,objid:1,type:0,xpos:0.000000,ypos:0.000000,xspeed:-16.290000,yspeed:-0.560000,angle:-15.970000,distense:59.600000,rcs:25.000000
timestame:1619469789.120000000,objid:4,type:0,xpos:0.000000,ypos:0.000000,xspeed:-16.710000,yspeed:-0.680000,angle:-18.000000,distense:50.600000,rcs:27.000000
