timestame:1619470118.311000000,objid:1,type:0,xpos:0.000000,ypos:0.000000,xspeed:2.110000,yspeed:0.010000,angle:11.750000,distense:34.600000,rcs:9.000000
timestame:1619470118.311000000,objid:3,type:0,xpos:0.000000,ypos:0.000000,xspeed:-9.130000,yspeed:-1.850000,angle:8.560000,distense:30.800000,rcs:15.000000
timestame:1619470118.311000000,objid:5,type:0,xpos:0.000000,ypos:0.000000,xspeed:-8.020000,yspeed:-0.660000,angle:19.290000,distense:19.600000,rcs:16.000000
timestame:1619470118.311000000,objid:10,type:0,xpos:0.000000,ypos:0.000000,xspeed:2.190000,yspeed:5.560000,angle:-2.080000,distense:48.600000,rcs:6.000000
