timestame:1619471166.225000000,objid:0,type:0,xpos:0.000000,ypos:0.000000,xspeed:-10.940000,yspeed:0.080000,angle:-3.890000,distense:143.800000,rcs:9.000000
timestame:1619471166.225000000,objid:2,type:0,xpos:0.000000,ypos:0.000000,xspeed:-9.720000,yspeed:-0.550000,angle:-3.690000,distense:148.800000,rcs:12.000000
timestame:1619471166.225000000,objid:3,type:0,xpos:0.000000,ypos:0.000000,xspeed:2.090000,yspeed:5.550000,angle:-0.220000,distense:52.200000,rcs:6.000000
