timestame:1619469563.860000000,objid:1,type:0,xpos:0.000000,ypos:0.000000,xspeed:-6.100000,yspeed:-10.520000,angle:20.810000,distense:50.600000,rcs:18.000000
timestame:1619469563.860000000,objid:14,type:0,xpos:0.000000,ypos:0.000000,xspeed:-4.400000,yspeed:1.250000,angle:-15.820000,distense:44.200000,rcs:24.000000
