timestame:1619469773.273000000,objid:1,type:0,xpos:0.000000,ypos:0.000000,xspeed:3.730000,yspeed:1.970000,angle:-15.700000,distense:29.600000,rcs:22.000000
timestame:1619469773.273000000,objid:3,type:0,xpos:0.000000,ypos:0.000000,xspeed:4.000000,yspeed:1.320000,angle:20.930000,distense:41.000000,rcs:12.000000
timestame:1619469773.273000000,objid:7,type:0,xpos:0.000000,ypos:0.000000,xspeed:3.680000,yspeed:2.400000,angle:-14.020000,distense:39.600000,rcs:25.000000
