timestame:1619470478.332000000,objid:0,type:0,xpos:0.000000,ypos:0.000000,xspeed:-8.300000,yspeed:-0.420000,angle:-6.190000,distense:107.200000,rcs:22.000000
timestame:1619470478.332000000,objid:2,type:0,xpos:0.000000,ypos:0.000000,xspeed:1.450000,yspeed:-0.370000,angle:12.660000,distense:76.200000,rcs:6.000000
