timestame:1619470343.195000000,objid:2,type:0,xpos:0.000000,ypos:0.000000,xspeed:-1.310000,yspeed:-3.770000,angle:20.110000,distense:42.000000,rcs:20.000000
timestame:1619470343.195000000,objid:3,type:0,xpos:0.000000,ypos:0.000000,xspeed:2.270000,yspeed:-8.740000,angle:22.740000,distense:50.800000,rcs:16.000000
timestame:1619470343.195000000,objid:6,type:0,xpos:0.000000,ypos:0.000000,xspeed:-2.370000,yspeed:5.190000,angle:-18.000000,distense:37.200000,rcs:9.000000
