timestame:1619469916.142000000,objid:1,type:0,xpos:0.000000,ypos:0.000000,xspeed:5.450000,yspeed:0.090000,angle:1.590000,distense:107.000000,rcs:15.000000
timestame:1619469916.142000000,objid:2,type:0,xpos:0.000000,ypos:0.000000,xspeed:13.590000,yspeed:0.310000,angle:2.400000,distense:210.200000,rcs:22.000000
timestame:1619469916.142000000,objid:8,type:0,xpos:0.000000,ypos:0.000000,xspeed:5.510000,yspeed:0.000000,angle:1.600000,distense:100.200000,rcs:19.000000
