timestame:1619470331.472000000,objid:0,type:0,xpos:0.000000,ypos:0.000000,xspeed:16.490000,yspeed:-0.350000,angle:0.260000,distense:201.800000,rcs:27.000000
timestame:1619470331.472000000,objid:2,type:0,xpos:0.000000,ypos:0.000000,xspeed:9.990000,yspeed:0.410000,angle:1.200000,distense:216.600000,rcs:6.000000
timestame:1619470331.472000000,objid:4,type:0,xpos:0.000000,ypos:0.000000,xspeed:-1.290000,yspeed:0.870000,angle:15.450000,distense:66.200000,rcs:9.000000
