timestame:1619470048.430000000,objid:0,type:0,xpos:0.000000,ypos:0.000000,xspeed:6.810000,yspeed:0.200000,angle:4.240000,distense:94.200000,rcs:12.000000
timestame:1619470048.430000000,objid:5,type:0,xpos:0.000000,ypos:0.000000,xspeed:6.780000,yspeed:0.020000,angle:4.350000,distense:84.400000,rcs:27.000000
