timestame:1619470481.702000000,objid:1,type:0,xpos:0.000000,ypos:0.000000,xspeed:-5.000000,yspeed:-0.050000,angle:-7.340000,distense:91.000000,rcs:22.000000
timestame:1619470481.702000000,objid:2,type:0,xpos:0.000000,ypos:0.000000,xspeed:1.700000,yspeed:-0.240000,angle:10.980000,distense:82.000000,rcs:9.000000
timestame:1619470481.702000000,objid:6,type:0,xpos:0.000000,ypos:0.000000,xspeed:-7.110000,yspeed:-2.230000,angle:-6.960000,distense:96.800000,rcs:15.000000
