timestame:1619469557.558000000,objid:4,type:0,xpos:0.000000,ypos:0.000000,xspeed:-1.580000,yspeed:6.650000,angle:10.830000,distense:40.800000,rcs:27.000000
timestame:1619469557.558000000,objid:5,type:0,xpos:0.000000,ypos:0.000000,xspeed:-1.820000,yspeed:6.790000,angle:15.330000,distense:40.600000,rcs:13.000000
timestame:1619469557.558000000,objid:10,type:0,xpos:0.000000,ypos:0.000000,xspeed:1.200000,yspeed:-5.550000,angle:-2.930000,distense:51.200000,rcs:20.000000
timestame:1619469557.558000000,objid:13,type:0,xpos:0.000000,ypos:0.000000,xspeed:2.910000,yspeed:0.000000,angle:-8.590000,distense:53.000000,rcs:19.000000
