timestame:1619469565.600000000,objid:6,type:0,xpos:0.000000,ypos:0.000000,xspeed:-9.430000,yspeed:-1.360000,angle:-3.570000,distense:207.400000,rcs:12.000000
timestame:1619469565.600000000,objid:8,type:0,xpos:0.000000,ypos:0.000000,xspeed:-5.880000,yspeed:0.700000,angle:21.100000,distense:40.600000,rcs:12.000000
