timestame:1619470562.944000000,objid:1,type:0,xpos:0.000000,ypos:0.000000,xspeed:6.560000,yspeed:-0.520000,angle:3.490000,distense:201.600000,rcs:18.000000
timestame:1619470562.944000000,objid:3,type:0,xpos:0.000000,ypos:0.000000,xspeed:10.390000,yspeed:0.180000,angle:1.670000,distense:93.400000,rcs:36.000000
timestame:1619470562.944000000,objid:5,type:0,xpos:0.000000,ypos:0.000000,xspeed:6.370000,yspeed:-3.030000,angle:2.340000,distense:212.600000,rcs:9.000000
