timestame:1619470798.074000000,objid:3,type:0,xpos:0.000000,ypos:0.000000,xspeed:1.520000,yspeed:-11.120000,angle:-17.520000,distense:65.400000,rcs:9.000000
timestame:1619470798.074000000,objid:12,type:0,xpos:0.000000,ypos:0.000000,xspeed:2.320000,yspeed:-10.830000,angle:-18.000000,distense:76.000000,rcs:6.000000
timestame:1619470798.074000000,objid:15,type:0,xpos:0.000000,ypos:0.000000,xspeed:-1.460000,yspeed:-2.390000,angle:-18.000000,distense:37.600000,rcs:27.000000
