timestame:1619471140.094000000,objid:3,type:0,xpos:0.000000,ypos:0.000000,xspeed:-3.000000,yspeed:-3.380000,angle:-18.000000,distense:33.400000,rcs:6.000000
timestame:1619471140.094000000,objid:7,type:0,xpos:0.000000,ypos:0.000000,xspeed:-3.730000,yspeed:-5.710000,angle:-9.830000,distense:37.800000,rcs:35.000000
