timestame:1619471232.850000000,objid:0,type:0,xpos:0.000000,ypos:0.000000,xspeed:7.100000,yspeed:-0.100000,angle:1.530000,distense:115.200000,rcs:9.000000
timestame:1619471232.850000000,objid:9,type:0,xpos:0.000000,ypos:0.000000,xspeed:7.010000,yspeed:0.000000,angle:1.560000,distense:106.600000,rcs:20.000000
