timestame:1619471319.273000000,objid:1,type:0,xpos:0.000000,ypos:0.000000,xspeed:-7.840000,yspeed:-1.450000,angle:-6.250000,distense:106.200000,rcs:24.000000
timestame:1619471319.273000000,objid:3,type:0,xpos:0.000000,ypos:0.000000,xspeed:-14.020000,yspeed:-1.630000,angle:-3.200000,distense:195.400000,rcs:9.000000
