timestame:1619469928.107000000,objid:1,type:0,xpos:0.000000,ypos:0.000000,xspeed:7.000000,yspeed:0.010000,angle:1.320000,distense:182.400000,rcs:9.000000
timestame:1619469928.107000000,objid:8,type:0,xpos:0.000000,ypos:0.000000,xspeed:7.190000,yspeed:0.050000,angle:1.200000,distense:176.000000,rcs:24.000000
