timestame:1619470045.577000000,objid:0,type:0,xpos:0.000000,ypos:0.000000,xspeed:6.510000,yspeed:-0.050000,angle:4.570000,distense:74.800000,rcs:19.000000
timestame:1619470045.577000000,objid:3,type:0,xpos:0.000000,ypos:0.000000,xspeed:14.390000,yspeed:0.170000,angle:1.280000,distense:184.400000,rcs:20.000000
timestame:1619470045.577000000,objid:5,type:0,xpos:0.000000,ypos:0.000000,xspeed:6.230000,yspeed:0.300000,angle:5.510000,distense:64.600000,rcs:34.000000
