timestame:1619471125.538000000,objid:1,type:0,xpos:0.000000,ypos:0.000000,xspeed:-1.380000,yspeed:7.240000,angle:-9.010000,distense:40.400000,rcs:9.000000
timestame:1619471125.538000000,objid:2,type:0,xpos:0.000000,ypos:0.000000,xspeed:-1.700000,yspeed:6.330000,angle:-13.680000,distense:40.400000,rcs:9.000000
