timestame:1619470228.223000000,objid:1,type:0,xpos:0.000000,ypos:0.000000,xspeed:-2.860000,yspeed:-8.990000,angle:-7.250000,distense:41.200000,rcs:22.000000
timestame:1619470228.223000000,objid:2,type:0,xpos:0.000000,ypos:0.000000,xspeed:-1.090000,yspeed:-3.780000,angle:-11.800000,distense:42.200000,rcs:36.000000
timestame:1619470228.223000000,objid:8,type:0,xpos:0.000000,ypos:0.000000,xspeed:-1.730000,yspeed:-2.620000,angle:-16.210000,distense:40.200000,rcs:25.000000
timestame:1619470228.223000000,objid:11,type:0,xpos:0.000000,ypos:0.000000,xspeed:-12.090000,yspeed:-5.760000,angle:-3.220000,distense:182.400000,rcs:12.000000
