timestame:1619470952.201000000,objid:0,type:0,xpos:0.000000,ypos:0.000000,xspeed:5.100000,yspeed:-0.130000,angle:0.910000,distense:32.600000,rcs:37.000000
timestame:1619470952.201000000,objid:10,type:0,xpos:0.000000,ypos:0.000000,xspeed:3.640000,yspeed:-0.250000,angle:2.700000,distense:17.800000,rcs:31.000000
timestame:1619470952.201000000,objid:12,type:0,xpos:0.000000,ypos:0.000000,xspeed:2.190000,yspeed:-3.030000,angle:-0.040000,distense:43.600000,rcs:20.000000
