timestame:1619469625.667000000,objid:1,type:0,xpos:0.000000,ypos:0.000000,xspeed:-4.460000,yspeed:-0.070000,angle:-18.000000,distense:47.000000,rcs:12.000000
timestame:1619469625.667000000,objid:2,type:0,xpos:0.000000,ypos:0.000000,xspeed:-4.420000,yspeed:0.140000,angle:-16.340000,distense:59.600000,rcs:25.000000
timestame:1619469625.667000000,objid:4,type:0,xpos:0.000000,ypos:0.000000,xspeed:-12.750000,yspeed:-0.510000,angle:-18.000000,distense:37.400000,rcs:13.000000
timestame:1619469625.667000000,objid:5,type:0,xpos:0.000000,ypos:0.000000,xspeed:-3.180000,yspeed:4.310000,angle:-11.380000,distense:68.600000,rcs:6.000000
