timestame:1619470257.098000000,objid:4,type:0,xpos:0.000000,ypos:0.000000,xspeed:3.730000,yspeed:3.280000,angle:-9.980000,distense:42.800000,rcs:6.000000
timestame:1619470257.098000000,objid:8,type:0,xpos:0.000000,ypos:0.000000,xspeed:1.110000,yspeed:3.190000,angle:-5.780000,distense:48.200000,rcs:6.000000
