timestame:1619470375.643000000,objid:1,type:0,xpos:0.000000,ypos:0.000000,xspeed:-1.930000,yspeed:-3.360000,angle:-18.000000,distense:37.000000,rcs:26.000000
timestame:1619470375.643000000,objid:5,type:0,xpos:0.000000,ypos:0.000000,xspeed:-1.470000,yspeed:-0.620000,angle:-13.660000,distense:38.800000,rcs:33.000000
timestame:1619470375.643000000,objid:18,type:0,xpos:0.000000,ypos:0.000000,xspeed:-7.010000,yspeed:-0.290000,angle:-7.850000,distense:87.600000,rcs:18.000000
