timestame:1619470372.915000000,objid:2,type:0,xpos:0.000000,ypos:0.000000,xspeed:-1.960000,yspeed:2.380000,angle:-3.750000,distense:40.400000,rcs:36.000000
timestame:1619470372.915000000,objid:6,type:0,xpos:0.000000,ypos:0.000000,xspeed:-1.850000,yspeed:-0.010000,angle:-18.000000,distense:32.800000,rcs:9.000000
timestame:1619470372.915000000,objid:10,type:0,xpos:0.000000,ypos:0.000000,xspeed:-5.430000,yspeed:-1.640000,angle:-18.000000,distense:33.200000,rcs:9.000000
timestame:1619470372.915000000,objid:14,type:0,xpos:0.000000,ypos:0.000000,xspeed:-2.460000,yspeed:-0.370000,angle:-18.000000,distense:30.200000,rcs:9.000000
