timestame:1619470795.470000000,objid:3,type:0,xpos:0.000000,ypos:0.000000,xspeed:2.940000,yspeed:1.880000,angle:11.930000,distense:46.400000,rcs:13.000000
timestame:1619470795.470000000,objid:5,type:0,xpos:0.000000,ypos:0.000000,xspeed:2.500000,yspeed:-9.600000,angle:-18.000000,distense:60.400000,rcs:6.000000
timestame:1619470795.470000000,objid:12,type:0,xpos:0.000000,ypos:0.000000,xspeed:1.790000,yspeed:-11.650000,angle:-18.000000,distense:57.400000,rcs:21.000000
