timestame:1619470567.096000000,objid:1,type:0,xpos:0.000000,ypos:0.000000,xspeed:4.000000,yspeed:3.280000,angle:-16.260000,distense:25.600000,rcs:26.000000
timestame:1619470567.096000000,objid:3,type:0,xpos:0.000000,ypos:0.000000,xspeed:14.330000,yspeed:0.040000,angle:1.130000,distense:151.200000,rcs:29.000000
timestame:1619470567.096000000,objid:8,type:0,xpos:0.000000,ypos:0.000000,xspeed:4.390000,yspeed:3.740000,angle:-12.660000,distense:39.400000,rcs:20.000000
