timestame:1619470465.803000000,objid:0,type:0,xpos:0.000000,ypos:0.000000,xspeed:-13.440000,yspeed:-0.890000,angle:-18.000000,distense:30.200000,rcs:6.000000
timestame:1619470465.803000000,objid:1,type:0,xpos:0.000000,ypos:0.000000,xspeed:-11.200000,yspeed:-0.020000,angle:-18.000000,distense:33.200000,rcs:13.000000
timestame:1619470465.803000000,objid:2,type:0,xpos:0.000000,ypos:0.000000,xspeed:5.830000,yspeed:0.260000,angle:3.140000,distense:209.600000,rcs:13.000000
