timestame:1619470103.312000000,objid:3,type:0,xpos:0.000000,ypos:0.000000,xspeed:2.610000,yspeed:-13.230000,angle:-18.000000,distense:61.400000,rcs:6.000000
timestame:1619470103.312000000,objid:7,type:0,xpos:0.000000,ypos:0.000000,xspeed:-9.060000,yspeed:0.630000,angle:15.480000,distense:29.000000,rcs:20.000000
timestame:1619470103.312000000,objid:11,type:0,xpos:0.000000,ypos:0.000000,xspeed:2.470000,yspeed:0.630000,angle:12.930000,distense:18.800000,rcs:13.000000
