timestame:1619470052.775000000,objid:0,type:0,xpos:0.000000,ypos:0.000000,xspeed:7.650000,yspeed:-0.150000,angle:2.750000,distense:126.800000,rcs:9.000000
timestame:1619470052.775000000,objid:5,type:0,xpos:0.000000,ypos:0.000000,xspeed:7.810000,yspeed:0.120000,angle:3.430000,distense:117.400000,rcs:25.000000
