timestame:1619469705.383000000,objid:1,type:0,xpos:0.000000,ypos:0.000000,xspeed:-1.370000,yspeed:-3.160000,angle:-18.000000,distense:41.600000,rcs:12.000000
timestame:1619469705.383000000,objid:4,type:0,xpos:0.000000,ypos:0.000000,xspeed:-1.060000,yspeed:-3.350000,angle:-18.000000,distense:42.200000,rcs:23.000000
timestame:1619469705.383000000,objid:6,type:0,xpos:0.000000,ypos:0.000000,xspeed:-1.480000,yspeed:-0.840000,angle:-18.000000,distense:37.400000,rcs:19.000000
timestame:1619469705.383000000,objid:14,type:0,xpos:0.000000,ypos:0.000000,xspeed:-2.920000,yspeed:-2.800000,angle:-18.000000,distense:38.200000,rcs:20.000000
