timestame:1619471163.799000000,objid:0,type:0,xpos:0.000000,ypos:0.000000,xspeed:-4.920000,yspeed:9.570000,angle:-3.380000,distense:170.400000,rcs:12.000000
timestame:1619471163.799000000,objid:3,type:0,xpos:0.000000,ypos:0.000000,xspeed:3.870000,yspeed:4.600000,angle:-11.660000,distense:41.400000,rcs:18.000000
timestame:1619471163.799000000,objid:5,type:0,xpos:0.000000,ypos:0.000000,xspeed:2.420000,yspeed:5.570000,angle:-3.830000,distense:48.600000,rcs:6.000000
timestame:1619471163.799000000,objid:8,type:0,xpos:0.000000,ypos:0.000000,xspeed:3.340000,yspeed:4.230000,angle:-9.490000,distense:43.400000,rcs:12.000000
