timestame:1619469872.782000000,objid:0,type:0,xpos:0.000000,ypos:0.000000,xspeed:-2.820000,yspeed:-0.500000,angle:-18.000000,distense:28.000000,rcs:12.000000
timestame:1619469872.782000000,objid:3,type:0,xpos:0.000000,ypos:0.000000,xspeed:-4.170000,yspeed:-7.060000,angle:-14.230000,distense:46.600000,rcs:21.000000
timestame:1619469872.782000000,objid:8,type:0,xpos:0.000000,ypos:0.000000,xspeed:-3.220000,yspeed:-0.590000,angle:-18.000000,distense:25.800000,rcs:6.000000
timestame:1619469872.782000000,objid:13,type:0,xpos:0.000000,ypos:0.000000,xspeed:-1.940000,yspeed:-0.500000,angle:-18.000000,distense:31.000000,rcs:12.000000
