timestame:1619470648.995000000,objid:4,type:0,xpos:0.000000,ypos:0.000000,xspeed:-1.840000,yspeed:-2.600000,angle:-18.000000,distense:39.600000,rcs:21.000000
timestame:1619470648.995000000,objid:9,type:0,xpos:0.000000,ypos:0.000000,xspeed:-1.780000,yspeed:-3.450000,angle:-17.490000,distense:40.200000,rcs:21.000000
timestame:1619470648.995000000,objid:15,type:0,xpos:0.000000,ypos:0.000000,xspeed:-1.610000,yspeed:-6.160000,angle:-5.270000,distense:67.600000,rcs:16.000000
