timestame:1619469529.798000000,objid:1,type:0,xpos:0.000000,ypos:0.000000,xspeed:1.840000,yspeed:-4.090000,angle:-18.000000,distense:69.600000,rcs:21.000000
timestame:1619469529.798000000,objid:11,type:0,xpos:0.000000,ypos:0.000000,xspeed:1.180000,yspeed:-4.520000,angle:-18.000000,distense:79.800000,rcs:9.000000
