timestame:1619469657.140000000,objid:1,type:0,xpos:0.000000,ypos:0.000000,xspeed:2.530000,yspeed:3.640000,angle:-5.440000,distense:44.200000,rcs:6.000000
timestame:1619469657.140000000,objid:7,type:0,xpos:0.000000,ypos:0.000000,xspeed:24.260000,yspeed:0.370000,angle:0.980000,distense:189.400000,rcs:12.000000
timestame:1619469657.140000000,objid:8,type:0,xpos:0.000000,ypos:0.000000,xspeed:2.830000,yspeed:2.740000,angle:-12.460000,distense:38.400000,rcs:6.000000
