timestame:1619470008.240000000,objid:1,type:0,xpos:0.000000,ypos:0.000000,xspeed:-20.920000,yspeed:10.020000,angle:2.450000,distense:30.200000,rcs:6.000000
timestame:1619470008.240000000,objid:2,type:0,xpos:0.000000,ypos:0.000000,xspeed:-1.160000,yspeed:-1.360000,angle:-18.000000,distense:33.600000,rcs:19.000000
timestame:1619470008.240000000,objid:9,type:0,xpos:0.000000,ypos:0.000000,xspeed:-2.070000,yspeed:-2.500000,angle:-18.000000,distense:33.400000,rcs:12.000000
timestame:1619470008.240000000,objid:11,type:0,xpos:0.000000,ypos:0.000000,xspeed:-2.570000,yspeed:-1.680000,angle:-18.000000,distense:30.600000,rcs:6.000000
