timestame:1619470634.984000000,objid:1,type:0,xpos:0.000000,ypos:0.000000,xspeed:-1.150000,yspeed:2.080000,angle:-18.000000,distense:33.600000,rcs:16.000000
timestame:1619470634.984000000,objid:2,type:0,xpos:0.000000,ypos:0.000000,xspeed:-2.340000,yspeed:0.070000,angle:-8.700000,distense:81.000000,rcs:12.000000
timestame:1619470634.984000000,objid:3,type:0,xpos:0.000000,ypos:0.000000,xspeed:-1.890000,yspeed:-0.080000,angle:-14.990000,distense:50.400000,rcs:21.000000
