timestame:1619471028.224000000,objid:2,type:0,xpos:0.000000,ypos:0.000000,xspeed:5.610000,yspeed:0.620000,angle:18.890000,distense:25.600000,rcs:24.000000
timestame:1619471028.224000000,objid:3,type:0,xpos:0.000000,ypos:0.000000,xspeed:8.670000,yspeed:9.330000,angle:-11.750000,distense:18.600000,rcs:6.000000
timestame:1619471028.224000000,objid:5,type:0,xpos:0.000000,ypos:0.000000,xspeed:4.980000,yspeed:0.660000,angle:-17.050000,distense:23.000000,rcs:31.000000
