timestame:1619469760.885000000,objid:1,type:0,xpos:0.000000,ypos:0.000000,xspeed:1.570000,yspeed:5.620000,angle:-2.730000,distense:45.200000,rcs:9.000000
timestame:1619469760.885000000,objid:2,type:0,xpos:0.000000,ypos:0.000000,xspeed:39.760000,yspeed:-4.160000,angle:-7.490000,distense:34.200000,rcs:6.000000
