timestame:1619469626.100000000,objid:1,type:0,xpos:0.000000,ypos:0.000000,xspeed:-4.550000,yspeed:-0.370000,angle:-18.000000,distense:45.200000,rcs:22.000000
timestame:1619469626.100000000,objid:2,type:0,xpos:0.000000,ypos:0.000000,xspeed:-4.410000,yspeed:-0.110000,angle:-17.250000,distense:58.000000,rcs:20.000000
timestame:1619469626.100000000,objid:4,type:0,xpos:0.000000,ypos:0.000000,xspeed:-12.460000,yspeed:-0.530000,angle:-18.000000,distense:33.000000,rcs:16.000000
timestame:1619469626.100000000,objid:7,type:0,xpos:0.000000,ypos:0.000000,xspeed:-23.020000,yspeed:0.000000,angle:-18.000000,distense:48.800000,rcs:15.000000
