timestame:1619470461.652000000,objid:0,type:0,xpos:0.000000,ypos:0.000000,xspeed:-15.770000,yspeed:-1.020000,angle:-8.710000,distense:82.400000,rcs:18.000000
timestame:1619470461.652000000,objid:2,type:0,xpos:0.000000,ypos:0.000000,xspeed:5.920000,yspeed:-0.010000,angle:3.180000,distense:184.800000,rcs:13.000000
