timestame:1619470932.749000000,objid:0,type:0,xpos:0.000000,ypos:0.000000,xspeed:-1.110000,yspeed:-1.090000,angle:-4.200000,distense:14.200000,rcs:22.000000
timestame:1619470932.749000000,objid:7,type:0,xpos:0.000000,ypos:0.000000,xspeed:-2.770000,yspeed:-0.150000,angle:-11.140000,distense:82.600000,rcs:12.000000
