timestame:1619470012.397000000,objid:0,type:0,xpos:0.000000,ypos:0.000000,xspeed:-2.000000,yspeed:-1.710000,angle:-18.000000,distense:34.000000,rcs:9.000000
timestame:1619470012.397000000,objid:1,type:0,xpos:0.000000,ypos:0.000000,xspeed:-1.690000,yspeed:2.850000,angle:-7.940000,distense:46.800000,rcs:13.000000
timestame:1619470012.397000000,objid:2,type:0,xpos:0.000000,ypos:0.000000,xspeed:-10.710000,yspeed:-2.360000,angle:-5.610000,distense:38.200000,rcs:6.000000
timestame:1619470012.397000000,objid:9,type:0,xpos:0.000000,ypos:0.000000,xspeed:1.740000,yspeed:0.000000,angle:-4.040000,distense:49.000000,rcs:16.000000
