timestame:1619469558.855000000,objid:5,type:0,xpos:0.000000,ypos:0.000000,xspeed:1.190000,yspeed:-1.230000,angle:-12.320000,distense:43.200000,rcs:6.000000
timestame:1619469558.855000000,objid:13,type:0,xpos:0.000000,ypos:0.000000,xspeed:1.610000,yspeed:-7.480000,angle:-16.800000,distense:56.600000,rcs:12.000000
timestame:1619469558.855000000,objid:14,type:0,xpos:0.000000,ypos:0.000000,xspeed:-2.220000,yspeed:9.890000,angle:-13.180000,distense:46.800000,rcs:15.000000
