timestame:1619470772.432000000,objid:0,type:0,xpos:0.000000,ypos:0.000000,xspeed:-9.910000,yspeed:-0.140000,angle:-6.490000,distense:130.600000,rcs:16.000000
timestame:1619470772.432000000,objid:1,type:0,xpos:0.000000,ypos:0.000000,xspeed:13.790000,yspeed:0.090000,angle:1.500000,distense:122.600000,rcs:13.000000
timestame:1619470772.432000000,objid:3,type:0,xpos:0.000000,ypos:0.000000,xspeed:-8.130000,yspeed:0.630000,angle:-18.000000,distense:49.000000,rcs:6.000000
