timestame:1619470492.282000000,objid:0,type:0,xpos:0.000000,ypos:0.000000,xspeed:1.560000,yspeed:-4.670000,angle:10.240000,distense:46.000000,rcs:29.000000
timestame:1619470492.282000000,objid:2,type:0,xpos:0.000000,ypos:0.000000,xspeed:1.420000,yspeed:-5.670000,angle:18.680000,distense:56.600000,rcs:20.000000
timestame:1619470492.282000000,objid:3,type:0,xpos:0.000000,ypos:0.000000,xspeed:1.180000,yspeed:-6.420000,angle:12.510000,distense:43.800000,rcs:35.000000
