timestame:1619470564.006000000,objid:1,type:0,xpos:0.000000,ypos:0.000000,xspeed:6.930000,yspeed:-0.440000,angle:3.280000,distense:209.200000,rcs:19.000000
timestame:1619470564.006000000,objid:2,type:0,xpos:0.000000,ypos:0.000000,xspeed:-14.210000,yspeed:-3.320000,angle:10.390000,distense:6.400000,rcs:9.000000
timestame:1619470564.006000000,objid:3,type:0,xpos:0.000000,ypos:0.000000,xspeed:11.070000,yspeed:0.170000,angle:1.550000,distense:105.800000,rcs:15.000000
timestame:1619470564.006000000,objid:6,type:0,xpos:0.000000,ypos:0.000000,xspeed:-4.900000,yspeed:-0.090000,angle:-18.000000,distense:38.800000,rcs:9.000000
