timestame:1619469948.109000000,objid:3,type:0,xpos:0.000000,ypos:0.000000,xspeed:1.160000,yspeed:0.100000,angle:0.970000,distense:18.200000,rcs:23.000000
timestame:1619469948.109000000,objid:4,type:0,xpos:0.000000,ypos:0.000000,xspeed:-1.820000,yspeed:-12.200000,angle:-0.260000,distense:47.000000,rcs:12.000000
timestame:1619469948.109000000,objid:5,type:0,xpos:0.000000,ypos:0.000000,xspeed:3.350000,yspeed:-6.390000,angle:19.730000,distense:46.000000,rcs:18.000000
timestame:1619469948.109000000,objid:8,type:0,xpos:0.000000,ypos:0.000000,xspeed:-1.320000,yspeed:11.860000,angle:-18.000000,distense:49.200000,rcs:15.000000
