timestame:1619470991.287000000,objid:3,type:0,xpos:0.000000,ypos:0.000000,xspeed:5.290000,yspeed:-0.130000,angle:6.830000,distense:108.400000,rcs:6.000000
timestame:1619470991.287000000,objid:4,type:0,xpos:0.000000,ypos:0.000000,xspeed:-13.510000,yspeed:-0.650000,angle:-18.000000,distense:40.000000,rcs:25.000000
