timestame:1619470796.025000000,objid:3,type:0,xpos:0.000000,ypos:0.000000,xspeed:2.590000,yspeed:1.270000,angle:12.040000,distense:47.600000,rcs:26.000000
timestame:1619470796.025000000,objid:5,type:0,xpos:0.000000,ypos:0.000000,xspeed:2.300000,yspeed:-10.920000,angle:-18.000000,distense:64.200000,rcs:13.000000
timestame:1619470796.025000000,objid:12,type:0,xpos:0.000000,ypos:0.000000,xspeed:2.050000,yspeed:-11.280000,angle:-18.000000,distense:60.800000,rcs:20.000000
