timestame:1619469529.367000000,objid:1,type:0,xpos:0.000000,ypos:0.000000,xspeed:1.800000,yspeed:-3.670000,angle:-18.000000,distense:67.800000,rcs:6.000000
timestame:1619469529.367000000,objid:4,type:0,xpos:0.000000,ypos:0.000000,xspeed:2.270000,yspeed:-3.410000,angle:-18.000000,distense:72.800000,rcs:9.000000
timestame:1619469529.367000000,objid:11,type:0,xpos:0.000000,ypos:0.000000,xspeed:1.240000,yspeed:-4.600000,angle:-18.000000,distense:78.400000,rcs:6.000000
