timestame:1619471499.968000000,objid:0,type:0,xpos:0.000000,ypos:0.000000,xspeed:7.910000,yspeed:0.150000,angle:1.810000,distense:97.400000,rcs:33.000000
timestame:1619471499.968000000,objid:3,type:0,xpos:0.000000,ypos:0.000000,xspeed:7.980000,yspeed:0.010000,angle:3.160000,distense:127.000000,rcs:15.000000
timestame:1619471499.968000000,objid:10,type:0,xpos:0.000000,ypos:0.000000,xspeed:7.310000,yspeed:0.290000,angle:5.250000,distense:85.800000,rcs:19.000000
