timestame:1619470103.685000000,objid:3,type:0,xpos:0.000000,ypos:0.000000,xspeed:2.470000,yspeed:-13.740000,angle:-18.000000,distense:64.400000,rcs:6.000000
timestame:1619470103.685000000,objid:5,type:0,xpos:0.000000,ypos:0.000000,xspeed:12.400000,yspeed:12.160000,angle:-11.650000,distense:22.200000,rcs:6.000000
timestame:1619470103.685000000,objid:7,type:0,xpos:0.000000,ypos:0.000000,xspeed:-8.540000,yspeed:0.170000,angle:16.860000,distense:26.400000,rcs:16.000000
timestame:1619470103.685000000,objid:11,type:0,xpos:0.000000,ypos:0.000000,xspeed:2.330000,yspeed:0.530000,angle:12.700000,distense:19.400000,rcs:22.000000
