timestame:1619470534.352000000,objid:0,type:0,xpos:0.000000,ypos:0.000000,xspeed:5.930000,yspeed:0.390000,angle:16.790000,distense:23.600000,rcs:20.000000
timestame:1619470534.352000000,objid:1,type:0,xpos:0.000000,ypos:0.000000,xspeed:-2.610000,yspeed:-4.640000,angle:3.420000,distense:19.000000,rcs:6.000000
timestame:1619470534.352000000,objid:2,type:0,xpos:0.000000,ypos:0.000000,xspeed:-6.440000,yspeed:-0.990000,angle:-8.260000,distense:112.200000,rcs:9.000000
timestame:1619470534.352000000,objid:4,type:0,xpos:0.000000,ypos:0.000000,xspeed:3.460000,yspeed:-6.070000,angle:20.660000,distense:24.000000,rcs:20.000000
