timestame:1619469890.954000000,objid:2,type:0,xpos:0.000000,ypos:0.000000,xspeed:-4.110000,yspeed:-0.140000,angle:-14.860000,distense:52.200000,rcs:15.000000
timestame:1619469890.954000000,objid:5,type:0,xpos:0.000000,ypos:0.000000,xspeed:-2.990000,yspeed:0.020000,angle:-18.000000,distense:55.000000,rcs:20.000000
timestame:1619469890.954000000,objid:10,type:0,xpos:0.000000,ypos:0.000000,xspeed:-12.390000,yspeed:-0.450000,angle:-4.120000,distense:158.000000,rcs:12.000000
timestame:1619469890.954000000,objid:16,type:0,xpos:0.000000,ypos:0.000000,xspeed:-3.850000,yspeed:-0.080000,angle:-11.800000,distense:63.600000,rcs:22.000000
