timestame:1619469647.587000000,objid:2,type:0,xpos:0.000000,ypos:0.000000,xspeed:12.840000,yspeed:0.400000,angle:4.420000,distense:99.000000,rcs:24.000000
timestame:1619469647.587000000,objid:13,type:0,xpos:0.000000,ypos:0.000000,xspeed:15.260000,yspeed:0.700000,angle:2.400000,distense:160.200000,rcs:35.000000
timestame:1619469647.587000000,objid:14,type:0,xpos:0.000000,ypos:0.000000,xspeed:12.950000,yspeed:0.380000,angle:4.440000,distense:96.200000,rcs:26.000000
