timestame:1619471259.996000000,objid:2,type:0,xpos:0.000000,ypos:0.000000,xspeed:12.300000,yspeed:0.450000,angle:4.820000,distense:74.600000,rcs:23.000000
timestame:1619471259.996000000,objid:3,type:0,xpos:0.000000,ypos:0.000000,xspeed:-14.780000,yspeed:-0.640000,angle:-18.000000,distense:32.400000,rcs:15.000000
timestame:1619471259.996000000,objid:6,type:0,xpos:0.000000,ypos:0.000000,xspeed:12.380000,yspeed:0.110000,angle:4.700000,distense:86.800000,rcs:20.000000
timestame:1619471259.996000000,objid:10,type:0,xpos:0.000000,ypos:0.000000,xspeed:12.310000,yspeed:0.630000,angle:5.530000,distense:62.600000,rcs:27.000000
