timestame:1619470989.482000000,objid:3,type:0,xpos:0.000000,ypos:0.000000,xspeed:5.190000,yspeed:0.010000,angle:7.820000,distense:98.800000,rcs:6.000000
timestame:1619470989.482000000,objid:4,type:0,xpos:0.000000,ypos:0.000000,xspeed:-13.470000,yspeed:-0.510000,angle:-12.320000,distense:63.200000,rcs:12.000000
