timestame:1619470745.047000000,objid:0,type:0,xpos:0.000000,ypos:0.000000,xspeed:-3.110000,yspeed:-0.610000,angle:-8.690000,distense:84.200000,rcs:19.000000
timestame:1619470745.047000000,objid:6,type:0,xpos:0.000000,ypos:0.000000,xspeed:12.590000,yspeed:0.420000,angle:1.340000,distense:200.600000,rcs:20.000000
