timestame:1619469878.868000000,objid:0,type:0,xpos:0.000000,ypos:0.000000,xspeed:-1.140000,yspeed:-3.920000,angle:-15.070000,distense:41.000000,rcs:13.000000
timestame:1619469878.868000000,objid:3,type:0,xpos:0.000000,ypos:0.000000,xspeed:-3.940000,yspeed:-0.010000,angle:-18.000000,distense:27.600000,rcs:6.000000
timestame:1619469878.868000000,objid:6,type:0,xpos:0.000000,ypos:0.000000,xspeed:-4.380000,yspeed:-4.380000,angle:-18.000000,distense:36.000000,rcs:22.000000
timestame:1619469878.868000000,objid:10,type:0,xpos:0.000000,ypos:0.000000,xspeed:2.780000,yspeed:-3.670000,angle:-6.330000,distense:44.800000,rcs:24.000000
