timestame:1619471254.736000000,objid:0,type:0,xpos:0.000000,ypos:0.000000,xspeed:13.860000,yspeed:10.530000,angle:15.680000,distense:14.000000,rcs:20.000000
timestame:1619471254.736000000,objid:1,type:0,xpos:0.000000,ypos:0.000000,xspeed:4.110000,yspeed:2.770000,angle:6.200000,distense:89.400000,rcs:12.000000
timestame:1619471254.736000000,objid:3,type:0,xpos:0.000000,ypos:0.000000,xspeed:-15.920000,yspeed:-0.430000,angle:-8.200000,distense:105.800000,rcs:12.000000
