timestame:1619470568.025000000,objid:1,type:0,xpos:0.000000,ypos:0.000000,xspeed:4.220000,yspeed:2.920000,angle:-14.980000,distense:30.200000,rcs:16.000000
timestame:1619470568.025000000,objid:3,type:0,xpos:0.000000,ypos:0.000000,xspeed:15.150000,yspeed:0.070000,angle:1.070000,distense:166.200000,rcs:20.000000
timestame:1619470568.025000000,objid:8,type:0,xpos:0.000000,ypos:0.000000,xspeed:3.840000,yspeed:4.600000,angle:-9.440000,distense:44.400000,rcs:12.000000
