timestame:1619471226.349000000,objid:0,type:0,xpos:0.000000,ypos:0.000000,xspeed:8.280000,yspeed:2.330000,angle:2.120000,distense:72.800000,rcs:18.000000
timestame:1619471226.349000000,objid:1,type:0,xpos:0.000000,ypos:0.000000,xspeed:5.560000,yspeed:-2.020000,angle:-9.700000,distense:45.800000,rcs:15.000000
timestame:1619471226.349000000,objid:9,type:0,xpos:0.000000,ypos:0.000000,xspeed:5.340000,yspeed:0.030000,angle:2.210000,distense:62.600000,rcs:32.000000
