timestame:1619470566.295000000,objid:0,type:0,xpos:0.000000,ypos:0.000000,xspeed:6.500000,yspeed:2.080000,angle:20.070000,distense:34.800000,rcs:6.000000
timestame:1619470566.295000000,objid:2,type:0,xpos:0.000000,ypos:0.000000,xspeed:-5.950000,yspeed:1.300000,angle:-9.950000,distense:17.400000,rcs:6.000000
timestame:1619470566.295000000,objid:3,type:0,xpos:0.000000,ypos:0.000000,xspeed:13.250000,yspeed:0.140000,angle:1.320000,distense:138.400000,rcs:13.000000
