timestame:1619470089.242000000,objid:8,type:0,xpos:0.000000,ypos:0.000000,xspeed:-1.310000,yspeed:-3.000000,angle:-18.000000,distense:36.800000,rcs:33.000000
timestame:1619470089.242000000,objid:10,type:0,xpos:0.000000,ypos:0.000000,xspeed:-2.880000,yspeed:-4.690000,angle:-18.000000,distense:35.000000,rcs:26.000000
timestame:1619470089.242000000,objid:11,type:0,xpos:0.000000,ypos:0.000000,xspeed:1.810000,yspeed:-7.630000,angle:-10.730000,distense:53.600000,rcs:9.000000
timestame:1619470089.242000000,objid:14,type:0,xpos:0.000000,ypos:0.000000,xspeed:1.820000,yspeed:-13.520000,angle:-18.000000,distense:62.200000,rcs:9.000000
