timestame:1619470376.885000000,objid:1,type:0,xpos:0.000000,ypos:0.000000,xspeed:-2.160000,yspeed:-2.320000,angle:-18.000000,distense:35.000000,rcs:12.000000
timestame:1619470376.885000000,objid:5,type:0,xpos:0.000000,ypos:0.000000,xspeed:-3.070000,yspeed:-3.080000,angle:-18.000000,distense:36.000000,rcs:24.000000
timestame:1619470376.885000000,objid:8,type:0,xpos:0.000000,ypos:0.000000,xspeed:1.150000,yspeed:-5.660000,angle:-7.130000,distense:65.800000,rcs:13.000000
timestame:1619470376.885000000,objid:18,type:0,xpos:0.000000,ypos:0.000000,xspeed:-5.530000,yspeed:-0.420000,angle:-8.840000,distense:82.000000,rcs:18.000000
