timestame:1619470973.692000000,objid:0,type:0,xpos:0.000000,ypos:0.000000,xspeed:6.210000,yspeed:0.020000,angle:3.730000,distense:104.400000,rcs:16.000000
timestame:1619470973.692000000,objid:2,type:0,xpos:0.000000,ypos:0.000000,xspeed:1.620000,yspeed:3.920000,angle:-4.270000,distense:45.400000,rcs:15.000000
timestame:1619470973.692000000,objid:3,type:0,xpos:0.000000,ypos:0.000000,xspeed:6.470000,yspeed:-0.430000,angle:2.550000,distense:113.200000,rcs:16.000000
timestame:1619470973.692000000,objid:9,type:0,xpos:0.000000,ypos:0.000000,xspeed:2.830000,yspeed:2.670000,angle:-12.700000,distense:38.800000,rcs:9.000000
