timestame:1619471407.077000000,objid:7,type:0,xpos:0.000000,ypos:0.000000,xspeed:-1.160000,yspeed:-3.450000,angle:-4.500000,distense:42.600000,rcs:27.000000
timestame:1619471407.077000000,objid:9,type:0,xpos:0.000000,ypos:0.000000,xspeed:-1.200000,yspeed:6.390000,angle:13.300000,distense:40.400000,rcs:6.000000
timestame:1619471407.077000000,objid:11,type:0,xpos:0.000000,ypos:0.000000,xspeed:-15.590000,yspeed:-6.330000,angle:2.180000,distense:143.800000,rcs:12.000000
