timestame:1619470110.947000000,objid:2,type:0,xpos:0.000000,ypos:0.000000,xspeed:4.410000,yspeed:-1.680000,angle:22.270000,distense:22.200000,rcs:24.000000
timestame:1619470110.947000000,objid:4,type:0,xpos:0.000000,ypos:0.000000,xspeed:23.000000,yspeed:-1.410000,angle:17.100000,distense:29.600000,rcs:13.000000
timestame:1619470110.947000000,objid:5,type:0,xpos:0.000000,ypos:0.000000,xspeed:3.170000,yspeed:3.700000,angle:-9.170000,distense:41.000000,rcs:6.000000
timestame:1619470110.947000000,objid:6,type:0,xpos:0.000000,ypos:0.000000,xspeed:-7.270000,yspeed:-0.690000,angle:17.980000,distense:23.400000,rcs:6.000000
