timestame:1619469824.578000000,objid:2,type:0,xpos:0.000000,ypos:0.000000,xspeed:-2.180000,yspeed:-3.550000,angle:-18.000000,distense:39.400000,rcs:19.000000
timestame:1619469824.578000000,objid:10,type:0,xpos:0.000000,ypos:0.000000,xspeed:-1.100000,yspeed:-3.750000,angle:-14.840000,distense:41.800000,rcs:20.000000
timestame:1619469824.578000000,objid:11,type:0,xpos:0.000000,ypos:0.000000,xspeed:-3.530000,yspeed:0.150000,angle:-6.150000,distense:130.400000,rcs:12.000000
timestame:1619469824.578000000,objid:14,type:0,xpos:0.000000,ypos:0.000000,xspeed:-1.010000,yspeed:-3.040000,angle:-7.120000,distense:42.200000,rcs:35.000000
