timestame:1619469537.507000000,objid:4,type:0,xpos:0.000000,ypos:0.000000,xspeed:16.940000,yspeed:0.420000,angle:1.850000,distense:122.200000,rcs:23.000000
timestame:1619469537.507000000,objid:7,type:0,xpos:0.000000,ypos:0.000000,xspeed:17.030000,yspeed:0.280000,angle:1.430000,distense:129.800000,rcs:12.000000
