timestame:1619470708.653000000,objid:1,type:0,xpos:0.000000,ypos:0.000000,xspeed:12.640000,yspeed:0.270000,angle:2.200000,distense:197.800000,rcs:13.000000
timestame:1619470708.653000000,objid:2,type:0,xpos:0.000000,ypos:0.000000,xspeed:3.610000,yspeed:0.190000,angle:22.150000,distense:21.000000,rcs:32.000000
timestame:1619470708.653000000,objid:3,type:0,xpos:0.000000,ypos:0.000000,xspeed:19.110000,yspeed:13.600000,angle:-16.030000,distense:38.600000,rcs:18.000000
timestame:1619470708.653000000,objid:7,type:0,xpos:0.000000,ypos:0.000000,xspeed:9.610000,yspeed:4.750000,angle:-13.530000,distense:20.000000,rcs:13.000000
