timestame:1619469634.873000000,objid:3,type:0,xpos:0.000000,ypos:0.000000,xspeed:-6.070000,yspeed:2.650000,angle:-2.910000,distense:50.400000,rcs:19.000000
timestame:1619469634.873000000,objid:4,type:0,xpos:0.000000,ypos:0.000000,xspeed:3.340000,yspeed:-0.670000,angle:-17.430000,distense:26.800000,rcs:9.000000
