timestame:1619471233.167000000,objid:0,type:0,xpos:0.000000,ypos:0.000000,xspeed:7.340000,yspeed:0.000000,angle:1.590000,distense:118.400000,rcs:6.000000
timestame:1619471233.167000000,objid:9,type:0,xpos:0.000000,ypos:0.000000,xspeed:7.040000,yspeed:0.010000,angle:1.540000,distense:109.200000,rcs:38.000000
