timestame:1619469879.182000000,objid:2,type:0,xpos:0.000000,ypos:0.000000,xspeed:-1.050000,yspeed:5.490000,angle:-13.190000,distense:38.200000,rcs:34.000000
timestame:1619469879.182000000,objid:3,type:0,xpos:0.000000,ypos:0.000000,xspeed:-4.000000,yspeed:-0.110000,angle:-18.000000,distense:26.400000,rcs:6.000000
timestame:1619469879.182000000,objid:6,type:0,xpos:0.000000,ypos:0.000000,xspeed:-3.950000,yspeed:-2.430000,angle:-18.000000,distense:35.000000,rcs:29.000000
