timestame:1619470052.403000000,objid:0,type:0,xpos:0.000000,ypos:0.000000,xspeed:7.540000,yspeed:-0.240000,angle:2.750000,distense:123.800000,rcs:9.000000
timestame:1619470052.403000000,objid:5,type:0,xpos:0.000000,ypos:0.000000,xspeed:7.630000,yspeed:0.090000,angle:3.480000,distense:114.400000,rcs:20.000000
