timestame:1619470665.420000000,objid:0,type:0,xpos:0.000000,ypos:0.000000,xspeed:-1.130000,yspeed:0.150000,angle:-9.650000,distense:93.000000,rcs:19.000000
timestame:1619470665.420000000,objid:3,type:0,xpos:0.000000,ypos:0.000000,xspeed:-1.670000,yspeed:-0.170000,angle:-8.300000,distense:103.400000,rcs:6.000000
