timestame:1619470491.024000000,objid:0,type:0,xpos:0.000000,ypos:0.000000,xspeed:1.270000,yspeed:-5.080000,angle:17.760000,distense:45.000000,rcs:32.000000
timestame:1619470491.024000000,objid:2,type:0,xpos:0.000000,ypos:0.000000,xspeed:1.420000,yspeed:-6.220000,angle:-15.240000,distense:57.600000,rcs:18.000000
timestame:1619470491.024000000,objid:5,type:0,xpos:0.000000,ypos:0.000000,xspeed:-2.060000,yspeed:-0.990000,angle:-18.000000,distense:29.600000,rcs:6.000000
timestame:1619470491.024000000,objid:8,type:0,xpos:0.000000,ypos:0.000000,xspeed:1.990000,yspeed:7.500000,angle:-11.250000,distense:51.600000,rcs:6.000000
