timestame:1619470458.980000000,objid:0,type:0,xpos:0.000000,ypos:0.000000,xspeed:-19.110000,yspeed:4.560000,angle:-3.760000,distense:124.000000,rcs:9.000000
timestame:1619470458.980000000,objid:2,type:0,xpos:0.000000,ypos:0.000000,xspeed:5.850000,yspeed:-0.100000,angle:3.450000,distense:169.200000,rcs:9.000000
