timestame:1619470146.252000000,objid:0,type:0,xpos:0.000000,ypos:0.000000,xspeed:2.990000,yspeed:2.010000,angle:-17.200000,distense:37.400000,rcs:9.000000
timestame:1619470146.252000000,objid:1,type:0,xpos:0.000000,ypos:0.000000,xspeed:5.000000,yspeed:2.460000,angle:22.590000,distense:24.200000,rcs:26.000000
timestame:1619470146.252000000,objid:2,type:0,xpos:0.000000,ypos:0.000000,xspeed:3.780000,yspeed:1.850000,angle:20.870000,distense:33.600000,rcs:9.000000
timestame:1619470146.252000000,objid:3,type:0,xpos:0.000000,ypos:0.000000,xspeed:-1.070000,yspeed:0.740000,angle:-9.730000,distense:74.800000,rcs:22.000000
