timestame:1619470127.821000000,objid:0,type:0,xpos:0.000000,ypos:0.000000,xspeed:-5.450000,yspeed:-0.690000,angle:16.880000,distense:23.000000,rcs:13.000000
timestame:1619470127.821000000,objid:4,type:0,xpos:0.000000,ypos:0.000000,xspeed:3.260000,yspeed:4.160000,angle:-8.060000,distense:46.800000,rcs:6.000000
timestame:1619470127.821000000,objid:5,type:0,xpos:0.000000,ypos:0.000000,xspeed:-6.780000,yspeed:-0.390000,angle:15.160000,distense:25.600000,rcs:16.000000
timestame:1619470127.821000000,objid:7,type:0,xpos:0.000000,ypos:0.000000,xspeed:-10.280000,yspeed:1.590000,angle:-4.030000,distense:131.400000,rcs:9.000000
