timestame:1619470171.883000000,objid:0,type:0,xpos:0.000000,ypos:0.000000,xspeed:8.970000,yspeed:0.270000,angle:2.200000,distense:78.000000,rcs:26.000000
timestame:1619470171.883000000,objid:1,type:0,xpos:0.000000,ypos:0.000000,xspeed:9.980000,yspeed:0.450000,angle:2.620000,distense:48.600000,rcs:33.000000
timestame:1619470171.883000000,objid:3,type:0,xpos:0.000000,ypos:0.000000,xspeed:11.040000,yspeed:0.010000,angle:3.550000,distense:117.800000,rcs:19.000000
timestame:1619470171.883000000,objid:4,type:0,xpos:0.000000,ypos:0.000000,xspeed:4.740000,yspeed:1.470000,angle:20.230000,distense:30.000000,rcs:12.000000
