timestame:1619469921.852000000,objid:1,type:0,xpos:0.000000,ypos:0.000000,xspeed:6.020000,yspeed:0.190000,angle:1.400000,distense:140.800000,rcs:20.000000
timestame:1619469921.852000000,objid:8,type:0,xpos:0.000000,ypos:0.000000,xspeed:5.780000,yspeed:0.090000,angle:1.480000,distense:133.400000,rcs:24.000000
