timestame:1619471558.392000000,objid:7,type:0,xpos:0.000000,ypos:0.000000,xspeed:-2.740000,yspeed:-1.710000,angle:-18.000000,distense:32.400000,rcs:9.000000
timestame:1619471558.392000000,objid:12,type:0,xpos:0.000000,ypos:0.000000,xspeed:2.760000,yspeed:2.010000,angle:-15.150000,distense:34.600000,rcs:18.000000
