timestame:1619470563.944000000,objid:1,type:0,xpos:0.000000,ypos:0.000000,xspeed:6.900000,yspeed:-0.410000,angle:3.320000,distense:208.800000,rcs:15.000000
timestame:1619470563.944000000,objid:2,type:0,xpos:0.000000,ypos:0.000000,xspeed:-14.210000,yspeed:-3.320000,angle:6.080000,distense:7.200000,rcs:9.000000
timestame:1619470563.944000000,objid:3,type:0,xpos:0.000000,ypos:0.000000,xspeed:11.030000,yspeed:0.120000,angle:1.500000,distense:105.000000,rcs:24.000000
timestame:1619470563.944000000,objid:6,type:0,xpos:0.000000,ypos:0.000000,xspeed:-4.900000,yspeed:-0.090000,angle:-18.000000,distense:39.200000,rcs:9.000000
