timestame:1619471408.690000000,objid:1,type:0,xpos:0.000000,ypos:0.000000,xspeed:-1.660000,yspeed:-4.380000,angle:-8.770000,distense:41.600000,rcs:29.000000
timestame:1619471408.690000000,objid:5,type:0,xpos:0.000000,ypos:0.000000,xspeed:-1.350000,yspeed:9.050000,angle:-6.410000,distense:44.600000,rcs:6.000000
timestame:1619471408.690000000,objid:7,type:0,xpos:0.000000,ypos:0.000000,xspeed:-1.630000,yspeed:-3.390000,angle:-12.240000,distense:40.600000,rcs:19.000000
timestame:1619471408.690000000,objid:12,type:0,xpos:0.000000,ypos:0.000000,xspeed:-10.250000,yspeed:-2.110000,angle:-3.960000,distense:199.200000,rcs:12.000000
