timestame:1619470771.557000000,objid:0,type:0,xpos:0.000000,ypos:0.000000,xspeed:-10.580000,yspeed:-0.230000,angle:-6.170000,distense:138.400000,rcs:16.000000
timestame:1619470771.557000000,objid:1,type:0,xpos:0.000000,ypos:0.000000,xspeed:13.140000,yspeed:0.120000,angle:1.680000,distense:109.000000,rcs:6.000000
timestame:1619470771.557000000,objid:2,type:0,xpos:0.000000,ypos:0.000000,xspeed:-10.370000,yspeed:0.940000,angle:-6.190000,distense:135.200000,rcs:21.000000
