timestame:1619470120.377000000,objid:3,type:0,xpos:0.000000,ypos:0.000000,xspeed:12.710000,yspeed:-0.330000,angle:-18.000000,distense:44.400000,rcs:15.000000
timestame:1619470120.377000000,objid:4,type:0,xpos:0.000000,ypos:0.000000,xspeed:-2.070000,yspeed:-0.840000,angle:0.210000,distense:9.800000,rcs:9.000000
timestame:1619470120.377000000,objid:5,type:0,xpos:0.000000,ypos:0.000000,xspeed:-1.880000,yspeed:-0.230000,angle:15.620000,distense:24.200000,rcs:6.000000
timestame:1619470120.377000000,objid:8,type:0,xpos:0.000000,ypos:0.000000,xspeed:4.130000,yspeed:1.870000,angle:-14.020000,distense:19.600000,rcs:34.000000
