timestame:1619470769.322000000,objid:0,type:0,xpos:0.000000,ypos:0.000000,xspeed:-11.620000,yspeed:-0.620000,angle:-5.330000,distense:161.200000,rcs:15.000000
timestame:1619470769.322000000,objid:1,type:0,xpos:0.000000,ypos:0.000000,xspeed:11.320000,yspeed:0.380000,angle:2.270000,distense:78.800000,rcs:16.000000
timestame:1619470769.322000000,objid:2,type:0,xpos:0.000000,ypos:0.000000,xspeed:-7.680000,yspeed:-8.020000,angle:-5.760000,distense:158.600000,rcs:13.000000
