timestame:1619470485.105000000,objid:1,type:0,xpos:0.000000,ypos:0.000000,xspeed:-3.330000,yspeed:-0.150000,angle:-8.810000,distense:80.800000,rcs:16.000000
timestame:1619470485.105000000,objid:2,type:0,xpos:0.000000,ypos:0.000000,xspeed:2.230000,yspeed:-6.770000,angle:4.580000,distense:63.400000,rcs:21.000000
timestame:1619470485.105000000,objid:5,type:0,xpos:0.000000,ypos:0.000000,xspeed:-1.900000,yspeed:-4.520000,angle:-14.140000,distense:60.400000,rcs:6.000000
