timestame:1619470228.467000000,objid:1,type:0,xpos:0.000000,ypos:0.000000,xspeed:2.580000,yspeed:-1.240000,angle:-6.660000,distense:42.800000,rcs:37.000000
timestame:1619470228.467000000,objid:2,type:0,xpos:0.000000,ypos:0.000000,xspeed:-1.170000,yspeed:-3.670000,angle:-12.970000,distense:42.000000,rcs:30.000000
timestame:1619470228.467000000,objid:8,type:0,xpos:0.000000,ypos:0.000000,xspeed:-1.700000,yspeed:-2.690000,angle:-17.370000,distense:40.200000,rcs:20.000000
timestame:1619470228.467000000,objid:11,type:0,xpos:0.000000,ypos:0.000000,xspeed:-11.100000,yspeed:-6.910000,angle:-3.950000,distense:180.200000,rcs:9.000000
