timestame:1619471499.040000000,objid:0,type:0,xpos:0.000000,ypos:0.000000,xspeed:7.790000,yspeed:0.070000,angle:1.760000,distense:89.600000,rcs:29.000000
timestame:1619471499.040000000,objid:3,type:0,xpos:0.000000,ypos:0.000000,xspeed:7.600000,yspeed:0.000000,angle:3.370000,distense:118.800000,rcs:23.000000
timestame:1619471499.040000000,objid:10,type:0,xpos:0.000000,ypos:0.000000,xspeed:7.030000,yspeed:0.400000,angle:5.670000,distense:78.400000,rcs:24.000000
