timestame:1619470162.333000000,objid:0,type:0,xpos:0.000000,ypos:0.000000,xspeed:-15.360000,yspeed:-1.200000,angle:-18.000000,distense:25.200000,rcs:6.000000
timestame:1619470162.333000000,objid:3,type:0,xpos:0.000000,ypos:0.000000,xspeed:4.160000,yspeed:0.950000,angle:9.170000,distense:34.400000,rcs:28.000000
