timestame:1619470768.337000000,objid:0,type:0,xpos:0.000000,ypos:0.000000,xspeed:-11.840000,yspeed:-1.550000,angle:-5.160000,distense:172.200000,rcs:12.000000
timestame:1619470768.337000000,objid:1,type:0,xpos:0.000000,ypos:0.000000,xspeed:10.490000,yspeed:0.720000,angle:2.520000,distense:67.400000,rcs:34.000000
