timestame:1619469635.373000000,objid:2,type:0,xpos:0.000000,ypos:0.000000,xspeed:4.830000,yspeed:3.330000,angle:20.720000,distense:21.400000,rcs:32.000000
timestame:1619469635.373000000,objid:3,type:0,xpos:0.000000,ypos:0.000000,xspeed:-5.790000,yspeed:2.800000,angle:-1.240000,distense:48.000000,rcs:21.000000
timestame:1619469635.373000000,objid:4,type:0,xpos:0.000000,ypos:0.000000,xspeed:4.040000,yspeed:-0.230000,angle:21.760000,distense:29.000000,rcs:24.000000
timestame:1619469635.373000000,objid:5,type:0,xpos:0.000000,ypos:0.000000,xspeed:4.370000,yspeed:0.000000,angle:19.380000,distense:25.000000,rcs:33.000000
