timestame:1619470145.564000000,objid:0,type:0,xpos:0.000000,ypos:0.000000,xspeed:3.560000,yspeed:1.820000,angle:22.290000,distense:35.600000,rcs:15.000000
timestame:1619470145.564000000,objid:2,type:0,xpos:0.000000,ypos:0.000000,xspeed:6.470000,yspeed:2.550000,angle:20.020000,distense:31.600000,rcs:20.000000
