timestame:1619470714.893000000,objid:0,type:0,xpos:0.000000,ypos:0.000000,xspeed:22.140000,yspeed:0.000000,angle:-8.350000,distense:43.000000,rcs:15.000000
timestame:1619470714.893000000,objid:3,type:0,xpos:0.000000,ypos:0.000000,xspeed:4.030000,yspeed:3.140000,angle:-12.960000,distense:39.000000,rcs:13.000000
