timestame:1619470561.215000000,objid:0,type:0,xpos:0.000000,ypos:0.000000,xspeed:5.220000,yspeed:-0.400000,angle:2.650000,distense:197.600000,rcs:6.000000
timestame:1619470561.215000000,objid:1,type:0,xpos:0.000000,ypos:0.000000,xspeed:5.560000,yspeed:-0.150000,angle:4.260000,distense:189.200000,rcs:18.000000
timestame:1619470561.215000000,objid:3,type:0,xpos:0.000000,ypos:0.000000,xspeed:9.020000,yspeed:0.240000,angle:1.890000,distense:73.800000,rcs:36.000000
