timestame:1619470488.225000000,objid:4,type:0,xpos:0.000000,ypos:0.000000,xspeed:-1.760000,yspeed:-4.150000,angle:-18.000000,distense:38.600000,rcs:6.000000
timestame:1619470488.225000000,objid:5,type:0,xpos:0.000000,ypos:0.000000,xspeed:-3.830000,yspeed:-2.950000,angle:-18.000000,distense:32.400000,rcs:15.000000
timestame:1619470488.225000000,objid:6,type:0,xpos:0.000000,ypos:0.000000,xspeed:-1.890000,yspeed:-3.730000,angle:-18.000000,distense:37.400000,rcs:29.000000
