timestame:1619471260.492000000,objid:2,type:0,xpos:0.000000,ypos:0.000000,xspeed:12.400000,yspeed:0.380000,angle:4.500000,distense:80.600000,rcs:34.000000
timestame:1619471260.492000000,objid:6,type:0,xpos:0.000000,ypos:0.000000,xspeed:12.420000,yspeed:-0.060000,angle:4.190000,distense:92.800000,rcs:19.000000
timestame:1619471260.492000000,objid:10,type:0,xpos:0.000000,ypos:0.000000,xspeed:12.360000,yspeed:0.680000,angle:5.390000,distense:68.600000,rcs:26.000000
