timestame:1619471372.429000000,objid:1,type:0,xpos:0.000000,ypos:0.000000,xspeed:9.090000,yspeed:0.090000,angle:2.360000,distense:163.600000,rcs:20.000000
timestame:1619471372.429000000,objid:7,type:0,xpos:0.000000,ypos:0.000000,xspeed:10.180000,yspeed:0.220000,angle:1.500000,distense:210.200000,rcs:18.000000
