timestame:1619470039.132000000,objid:0,type:0,xpos:0.000000,ypos:0.000000,xspeed:1.970000,yspeed:0.550000,angle:10.530000,distense:31.400000,rcs:6.000000
timestame:1619470039.132000000,objid:1,type:0,xpos:0.000000,ypos:0.000000,xspeed:11.060000,yspeed:-0.010000,angle:1.450000,distense:122.200000,rcs:19.000000
timestame:1619470039.132000000,objid:3,type:0,xpos:0.000000,ypos:0.000000,xspeed:12.630000,yspeed:0.240000,angle:2.070000,distense:93.600000,rcs:15.000000
timestame:1619470039.132000000,objid:5,type:0,xpos:0.000000,ypos:0.000000,xspeed:3.680000,yspeed:0.100000,angle:8.200000,distense:29.600000,rcs:38.000000
