timestame:1619471433.356000000,objid:1,type:0,xpos:0.000000,ypos:0.000000,xspeed:4.450000,yspeed:-0.980000,angle:1.830000,distense:44.400000,rcs:25.000000
timestame:1619471433.356000000,objid:2,type:0,xpos:0.000000,ypos:0.000000,xspeed:2.390000,yspeed:-3.560000,angle:3.250000,distense:44.400000,rcs:9.000000
timestame:1619471433.356000000,objid:14,type:0,xpos:0.000000,ypos:0.000000,xspeed:-2.380000,yspeed:12.630000,angle:-5.300000,distense:49.000000,rcs:15.000000
timestame:1619471433.356000000,objid:16,type:0,xpos:0.000000,ypos:0.000000,xspeed:-1.110000,yspeed:0.130000,angle:-7.270000,distense:89.600000,rcs:28.000000
