timestame:1619471038.262000000,objid:0,type:0,xpos:0.000000,ypos:0.000000,xspeed:3.660000,yspeed:-10.880000,angle:-18.000000,distense:50.000000,rcs:28.000000
timestame:1619471038.262000000,objid:2,type:0,xpos:0.000000,ypos:0.000000,xspeed:-1.890000,yspeed:-2.470000,angle:-18.000000,distense:40.400000,rcs:24.000000
timestame:1619471038.262000000,objid:3,type:0,xpos:0.000000,ypos:0.000000,xspeed:1.350000,yspeed:-3.170000,angle:16.090000,distense:48.400000,rcs:35.000000
