timestame:1619470560.593000000,objid:0,type:0,xpos:0.000000,ypos:0.000000,xspeed:5.070000,yspeed:-0.410000,angle:2.760000,distense:194.200000,rcs:9.000000
timestame:1619470560.593000000,objid:1,type:0,xpos:0.000000,ypos:0.000000,xspeed:5.180000,yspeed:-0.040000,angle:4.470000,distense:185.200000,rcs:19.000000
timestame:1619470560.593000000,objid:3,type:0,xpos:0.000000,ypos:0.000000,xspeed:8.380000,yspeed:0.110000,angle:1.770000,distense:67.400000,rcs:35.000000
