timestame:1619470738.775000000,objid:0,type:0,xpos:0.000000,ypos:0.000000,xspeed:-16.420000,yspeed:-0.980000,angle:-5.300000,distense:135.000000,rcs:16.000000
timestame:1619470738.775000000,objid:1,type:0,xpos:0.000000,ypos:0.000000,xspeed:12.020000,yspeed:-0.150000,angle:0.990000,distense:131.800000,rcs:6.000000
timestame:1619470738.775000000,objid:3,type:0,xpos:0.000000,ypos:0.000000,xspeed:2.700000,yspeed:-3.010000,angle:-15.540000,distense:47.400000,rcs:15.000000
timestame:1619470738.775000000,objid:6,type:0,xpos:0.000000,ypos:0.000000,xspeed:12.190000,yspeed:0.160000,angle:1.450000,distense:121.800000,rcs:23.000000
