timestame:1619470116.944000000,objid:5,type:0,xpos:0.000000,ypos:0.000000,xspeed:-8.150000,yspeed:-0.650000,angle:13.950000,distense:30.400000,rcs:15.000000
timestame:1619470116.944000000,objid:10,type:0,xpos:0.000000,ypos:0.000000,xspeed:2.920000,yspeed:4.910000,angle:-8.920000,distense:42.000000,rcs:19.000000
