timestame:1619471405.282000000,objid:0,type:0,xpos:0.000000,ypos:0.000000,xspeed:1.560000,yspeed:-0.590000,angle:8.050000,distense:45.000000,rcs:31.000000
timestame:1619471405.282000000,objid:2,type:0,xpos:0.000000,ypos:0.000000,xspeed:-2.410000,yspeed:-1.470000,angle:20.030000,distense:45.200000,rcs:31.000000
timestame:1619471405.282000000,objid:8,type:0,xpos:0.000000,ypos:0.000000,xspeed:1.120000,yspeed:0.650000,angle:-10.140000,distense:43.800000,rcs:9.000000
timestame:1619471405.282000000,objid:10,type:0,xpos:0.000000,ypos:0.000000,xspeed:-1.400000,yspeed:-0.040000,angle:-14.620000,distense:46.000000,rcs:28.000000
