timestame:1619470950.592000000,objid:2,type:0,xpos:0.000000,ypos:0.000000,xspeed:22.920000,yspeed:-0.640000,angle:1.490000,distense:47.400000,rcs:6.000000
timestame:1619470950.592000000,objid:3,type:0,xpos:0.000000,ypos:0.000000,xspeed:1.720000,yspeed:0.100000,angle:1.260000,distense:43.400000,rcs:6.000000
