timestame:1619471264.826000000,objid:0,type:0,xpos:0.000000,ypos:0.000000,xspeed:13.060000,yspeed:4.420000,angle:3.090000,distense:161.200000,rcs:6.000000
timestame:1619471264.826000000,objid:2,type:0,xpos:0.000000,ypos:0.000000,xspeed:12.970000,yspeed:0.090000,angle:2.670000,distense:136.600000,rcs:26.000000
timestame:1619471264.826000000,objid:6,type:0,xpos:0.000000,ypos:0.000000,xspeed:12.940000,yspeed:-0.080000,angle:2.400000,distense:148.600000,rcs:9.000000
timestame:1619471264.826000000,objid:10,type:0,xpos:0.000000,ypos:0.000000,xspeed:12.910000,yspeed:-0.060000,angle:2.720000,distense:124.000000,rcs:28.000000
