timestame:1619469743.355000000,objid:1,type:0,xpos:0.000000,ypos:0.000000,xspeed:-2.560000,yspeed:9.200000,angle:15.830000,distense:40.800000,rcs:6.000000
timestame:1619469743.355000000,objid:2,type:0,xpos:0.000000,ypos:0.000000,xspeed:2.030000,yspeed:7.930000,angle:16.700000,distense:41.800000,rcs:29.000000
