timestame:1619469482.692000000,objid:0,type:0,xpos:0.000000,ypos:0.000000,xspeed:-1.150000,yspeed:-0.180000,angle:-11.860000,distense:79.000000,rcs:29.000000
timestame:1619469482.692000000,objid:1,type:0,xpos:0.000000,ypos:0.000000,xspeed:-4.340000,yspeed:-2.730000,angle:-12.660000,distense:80.400000,rcs:19.000000
timestame:1619469482.692000000,objid:3,type:0,xpos:0.000000,ypos:0.000000,xspeed:3.680000,yspeed:-0.060000,angle:12.700000,distense:13.600000,rcs:21.000000
timestame:1619469482.692000000,objid:7,type:0,xpos:0.000000,ypos:0.000000,xspeed:-2.520000,yspeed:-0.090000,angle:-10.250000,distense:91.000000,rcs:15.000000
