timestame:1619470216.430000000,objid:2,type:0,xpos:0.000000,ypos:0.000000,xspeed:-3.050000,yspeed:-2.920000,angle:0.680000,distense:40.200000,rcs:25.000000
timestame:1619470216.430000000,objid:7,type:0,xpos:0.000000,ypos:0.000000,xspeed:-2.430000,yspeed:6.580000,angle:-0.450000,distense:41.000000,rcs:6.000000
timestame:1619470216.430000000,objid:13,type:0,xpos:0.000000,ypos:0.000000,xspeed:-7.540000,yspeed:-12.500000,angle:-18.000000,distense:50.600000,rcs:6.000000
