timestame:1619469918.627000000,objid:1,type:0,xpos:0.000000,ypos:0.000000,xspeed:5.850000,yspeed:0.090000,angle:1.510000,distense:121.600000,rcs:16.000000
timestame:1619469918.627000000,objid:8,type:0,xpos:0.000000,ypos:0.000000,xspeed:5.790000,yspeed:0.130000,angle:1.590000,distense:114.800000,rcs:28.000000
