timestame:1619470926.382000000,objid:3,type:0,xpos:0.000000,ypos:0.000000,xspeed:-9.300000,yspeed:-0.510000,angle:-8.120000,distense:109.200000,rcs:15.000000
timestame:1619470926.382000000,objid:4,type:0,xpos:0.000000,ypos:0.000000,xspeed:1.690000,yspeed:-6.200000,angle:9.480000,distense:13.800000,rcs:28.000000
