timestame:1619471531.225000000,objid:2,type:0,xpos:0.000000,ypos:0.000000,xspeed:-15.430000,yspeed:3.440000,angle:9.650000,distense:37.400000,rcs:20.000000
timestame:1619471531.225000000,objid:4,type:0,xpos:0.000000,ypos:0.000000,xspeed:-13.990000,yspeed:0.000000,angle:-2.850000,distense:205.600000,rcs:16.000000
