timestame:1619471234.472000000,objid:0,type:0,xpos:0.000000,ypos:0.000000,xspeed:7.910000,yspeed:-0.070000,angle:1.380000,distense:129.200000,rcs:6.000000
timestame:1619471234.472000000,objid:9,type:0,xpos:0.000000,ypos:0.000000,xspeed:7.340000,yspeed:0.060000,angle:1.510000,distense:118.800000,rcs:27.000000
