timestame:1619469565.662000000,objid:6,type:0,xpos:0.000000,ypos:0.000000,xspeed:-9.430000,yspeed:-1.360000,angle:-3.610000,distense:206.800000,rcs:12.000000
timestame:1619469565.662000000,objid:8,type:0,xpos:0.000000,ypos:0.000000,xspeed:-5.880000,yspeed:0.700000,angle:21.340000,distense:40.200000,rcs:12.000000
timestame:1619469565.662000000,objid:15,type:0,xpos:0.000000,ypos:0.000000,xspeed:2.190000,yspeed:0.160000,angle:13.800000,distense:57.600000,rcs:6.000000
