timestame:1619469951.089000000,objid:4,type:0,xpos:0.000000,ypos:0.000000,xspeed:1.250000,yspeed:-4.140000,angle:-1.520000,distense:55.000000,rcs:27.000000
timestame:1619469951.089000000,objid:9,type:0,xpos:0.000000,ypos:0.000000,xspeed:1.440000,yspeed:-3.940000,angle:-11.940000,distense:47.600000,rcs:20.000000
timestame:1619469951.089000000,objid:15,type:0,xpos:0.000000,ypos:0.000000,xspeed:-3.180000,yspeed:7.760000,angle:8.920000,distense:39.000000,rcs:12.000000
