timestame:1619471518.925000000,objid:7,type:0,xpos:0.000000,ypos:0.000000,xspeed:16.500000,yspeed:0.210000,angle:1.440000,distense:197.200000,rcs:20.000000
timestame:1619471518.925000000,objid:10,type:0,xpos:0.000000,ypos:0.000000,xspeed:16.390000,yspeed:0.240000,angle:1.370000,distense:186.400000,rcs:24.000000
