timestame:1619471253.871000000,objid:1,type:0,xpos:0.000000,ypos:0.000000,xspeed:3.410000,yspeed:2.670000,angle:4.880000,distense:84.600000,rcs:9.000000
timestame:1619471253.871000000,objid:3,type:0,xpos:0.000000,ypos:0.000000,xspeed:-16.330000,yspeed:-0.190000,angle:-6.930000,distense:118.400000,rcs:12.000000
