timestame:1619470952.448000000,objid:0,type:0,xpos:0.000000,ypos:0.000000,xspeed:5.090000,yspeed:-0.170000,angle:0.730000,distense:33.800000,rcs:37.000000
timestame:1619470952.448000000,objid:10,type:0,xpos:0.000000,ypos:0.000000,xspeed:3.690000,yspeed:-0.190000,angle:2.550000,distense:18.800000,rcs:35.000000
timestame:1619470952.448000000,objid:12,type:0,xpos:0.000000,ypos:0.000000,xspeed:2.840000,yspeed:-3.980000,angle:-1.360000,distense:44.400000,rcs:20.000000
