timestame:1619469632.882000000,objid:1,type:0,xpos:0.000000,ypos:0.000000,xspeed:-14.840000,yspeed:-2.960000,angle:-4.770000,distense:8.600000,rcs:6.000000
timestame:1619469632.882000000,objid:6,type:0,xpos:0.000000,ypos:0.000000,xspeed:-9.090000,yspeed:-0.040000,angle:-7.840000,distense:60.200000,rcs:26.000000
