timestame:1619469915.649000000,objid:1,type:0,xpos:0.000000,ypos:0.000000,xspeed:5.390000,yspeed:0.100000,angle:1.620000,distense:104.400000,rcs:22.000000
timestame:1619469915.649000000,objid:2,type:0,xpos:0.000000,ypos:0.000000,xspeed:13.410000,yspeed:0.370000,angle:2.490000,distense:203.200000,rcs:27.000000
timestame:1619469915.649000000,objid:8,type:0,xpos:0.000000,ypos:0.000000,xspeed:5.320000,yspeed:-0.030000,angle:1.600000,distense:97.400000,rcs:31.000000
