timestame:1619471233.475000000,objid:0,type:0,xpos:0.000000,ypos:0.000000,xspeed:7.580000,yspeed:0.040000,angle:1.600000,distense:121.000000,rcs:6.000000
timestame:1619471233.475000000,objid:9,type:0,xpos:0.000000,ypos:0.000000,xspeed:7.110000,yspeed:0.090000,angle:1.610000,distense:111.400000,rcs:36.000000
