timestame:1619471368.499000000,objid:1,type:0,xpos:0.000000,ypos:0.000000,xspeed:7.910000,yspeed:0.090000,angle:3.070000,distense:128.400000,rcs:19.000000
timestame:1619471368.499000000,objid:7,type:0,xpos:0.000000,ypos:0.000000,xspeed:11.540000,yspeed:0.230000,angle:1.530000,distense:170.400000,rcs:13.000000
