timestame:1619471235.344000000,objid:0,type:0,xpos:0.000000,ypos:0.000000,xspeed:7.900000,yspeed:0.010000,angle:1.360000,distense:136.400000,rcs:9.000000
timestame:1619471235.344000000,objid:9,type:0,xpos:0.000000,ypos:0.000000,xspeed:7.690000,yspeed:0.100000,angle:1.500000,distense:126.200000,rcs:25.000000
