timestame:1619470168.536000000,objid:0,type:0,xpos:0.000000,ypos:0.000000,xspeed:6.470000,yspeed:0.310000,angle:2.270000,distense:47.800000,rcs:28.000000
timestame:1619470168.536000000,objid:1,type:0,xpos:0.000000,ypos:0.000000,xspeed:10.190000,yspeed:0.000000,angle:1.650000,distense:15.400000,rcs:18.000000
timestame:1619470168.536000000,objid:3,type:0,xpos:0.000000,ypos:0.000000,xspeed:8.170000,yspeed:0.230000,angle:5.360000,distense:81.000000,rcs:28.000000
