timestame:1619470534.096000000,objid:0,type:0,xpos:0.000000,ypos:0.000000,xspeed:5.900000,yspeed:0.900000,angle:18.220000,distense:22.400000,rcs:22.000000
timestame:1619470534.096000000,objid:1,type:0,xpos:0.000000,ypos:0.000000,xspeed:-13.700000,yspeed:0.000000,angle:-12.080000,distense:16.000000,rcs:21.000000
timestame:1619470534.096000000,objid:2,type:0,xpos:0.000000,ypos:0.000000,xspeed:-6.750000,yspeed:-1.010000,angle:-8.050000,distense:113.400000,rcs:13.000000
timestame:1619470534.096000000,objid:4,type:0,xpos:0.000000,ypos:0.000000,xspeed:6.650000,yspeed:5.610000,angle:-15.260000,distense:24.400000,rcs:22.000000
