timestame:1619470044.713000000,objid:0,type:0,xpos:0.000000,ypos:0.000000,xspeed:5.610000,yspeed:-0.680000,angle:4.680000,distense:68.200000,rcs:18.000000
timestame:1619470044.713000000,objid:3,type:0,xpos:0.000000,ypos:0.000000,xspeed:14.200000,yspeed:0.200000,angle:1.350000,distense:171.200000,rcs:20.000000
timestame:1619470044.713000000,objid:5,type:0,xpos:0.000000,ypos:0.000000,xspeed:5.760000,yspeed:0.500000,angle:6.100000,distense:58.400000,rcs:29.000000
