timestame:1619470087.051000000,objid:5,type:0,xpos:0.000000,ypos:0.000000,xspeed:2.610000,yspeed:-9.870000,angle:-18.000000,distense:62.000000,rcs:15.000000
timestame:1619470087.051000000,objid:6,type:0,xpos:0.000000,ypos:0.000000,xspeed:1.620000,yspeed:-5.220000,angle:8.760000,distense:49.400000,rcs:12.000000
timestame:1619470087.051000000,objid:11,type:0,xpos:0.000000,ypos:0.000000,xspeed:1.010000,yspeed:-7.460000,angle:6.920000,distense:48.800000,rcs:20.000000
timestame:1619470087.051000000,objid:13,type:0,xpos:0.000000,ypos:0.000000,xspeed:5.530000,yspeed:-6.680000,angle:0.230000,distense:46.400000,rcs:6.000000
