timestame:1619470212.838000000,objid:1,type:0,xpos:0.000000,ypos:0.000000,xspeed:-1.590000,yspeed:8.340000,angle:-14.750000,distense:43.800000,rcs:13.000000
timestame:1619470212.838000000,objid:2,type:0,xpos:0.000000,ypos:0.000000,xspeed:-2.190000,yspeed:8.150000,angle:-11.110000,distense:42.600000,rcs:25.000000
timestame:1619470212.838000000,objid:3,type:0,xpos:0.000000,ypos:0.000000,xspeed:1.060000,yspeed:-3.890000,angle:-11.610000,distense:47.800000,rcs:15.000000
