timestame:1619470424.140000000,objid:0,type:0,xpos:0.000000,ypos:0.000000,xspeed:-1.320000,yspeed:3.250000,angle:18.940000,distense:38.600000,rcs:6.000000
timestame:1619470424.140000000,objid:4,type:0,xpos:0.000000,ypos:0.000000,xspeed:-5.360000,yspeed:3.770000,angle:-11.320000,distense:41.200000,rcs:6.000000
timestame:1619470424.140000000,objid:8,type:0,xpos:0.000000,ypos:0.000000,xspeed:3.500000,yspeed:3.670000,angle:-12.190000,distense:40.000000,rcs:9.000000
