timestame:1619469891.632000000,objid:2,type:0,xpos:0.000000,ypos:0.000000,xspeed:-4.290000,yspeed:-0.200000,angle:-15.990000,distense:49.400000,rcs:23.000000
timestame:1619469891.632000000,objid:5,type:0,xpos:0.000000,ypos:0.000000,xspeed:-2.960000,yspeed:-0.180000,angle:-18.000000,distense:53.400000,rcs:19.000000
timestame:1619469891.632000000,objid:10,type:0,xpos:0.000000,ypos:0.000000,xspeed:-11.880000,yspeed:7.620000,angle:-3.010000,distense:149.800000,rcs:6.000000
timestame:1619469891.632000000,objid:16,type:0,xpos:0.000000,ypos:0.000000,xspeed:-3.830000,yspeed:-0.150000,angle:-12.440000,distense:61.200000,rcs:26.000000
