timestame:1619471075.905000000,objid:0,type:0,xpos:0.000000,ypos:0.000000,xspeed:-9.690000,yspeed:-0.520000,angle:-18.000000,distense:34.200000,rcs:19.000000
timestame:1619471075.905000000,objid:3,type:0,xpos:0.000000,ypos:0.000000,xspeed:-8.720000,yspeed:-0.110000,angle:-8.610000,distense:77.400000,rcs:26.000000
timestame:1619471075.905000000,objid:5,type:0,xpos:0.000000,ypos:0.000000,xspeed:-9.610000,yspeed:-0.130000,angle:-12.980000,distense:56.600000,rcs:16.000000
timestame:1619471075.905000000,objid:6,type:0,xpos:0.000000,ypos:0.000000,xspeed:-5.250000,yspeed:-0.630000,angle:-17.140000,distense:58.800000,rcs:22.000000
