timestame:1619470078.172000000,objid:0,type:0,xpos:0.000000,ypos:0.000000,xspeed:-2.240000,yspeed:6.750000,angle:0.460000,distense:52.200000,rcs:12.000000
timestame:1619470078.172000000,objid:2,type:0,xpos:0.000000,ypos:0.000000,xspeed:2.620000,yspeed:0.000000,angle:0.700000,distense:17.800000,rcs:16.000000
timestame:1619470078.172000000,objid:4,type:0,xpos:0.000000,ypos:0.000000,xspeed:-1.170000,yspeed:0.000000,angle:-13.270000,distense:51.400000,rcs:15.000000
