timestame:1619470192.642000000,objid:0,type:0,xpos:0.000000,ypos:0.000000,xspeed:-4.160000,yspeed:7.000000,angle:15.880000,distense:42.200000,rcs:15.000000
timestame:1619470192.642000000,objid:1,type:0,xpos:0.000000,ypos:0.000000,xspeed:2.040000,yspeed:1.210000,angle:5.870000,distense:138.600000,rcs:19.000000
timestame:1619470192.642000000,objid:2,type:0,xpos:0.000000,ypos:0.000000,xspeed:-4.860000,yspeed:5.460000,angle:17.920000,distense:40.400000,rcs:27.000000
