timestame:1619471311.563000000,objid:0,type:0,xpos:0.000000,ypos:0.000000,xspeed:3.130000,yspeed:1.420000,angle:20.530000,distense:41.200000,rcs:9.000000
timestame:1619471311.563000000,objid:2,type:0,xpos:0.000000,ypos:0.000000,xspeed:3.090000,yspeed:2.700000,angle:-14.470000,distense:41.000000,rcs:12.000000
timestame:1619471311.563000000,objid:3,type:0,xpos:0.000000,ypos:0.000000,xspeed:3.540000,yspeed:1.990000,angle:-16.550000,distense:34.200000,rcs:24.000000
timestame:1619471311.563000000,objid:4,type:0,xpos:0.000000,ypos:0.000000,xspeed:-1.160000,yspeed:5.440000,angle:-4.310000,distense:38.200000,rcs:9.000000
