timestame:1619470800.809000000,objid:2,type:0,xpos:0.000000,ypos:0.000000,xspeed:-10.890000,yspeed:-0.370000,angle:-8.770000,distense:31.200000,rcs:6.000000
timestame:1619470800.809000000,objid:4,type:0,xpos:0.000000,ypos:0.000000,xspeed:-1.520000,yspeed:-1.020000,angle:-10.340000,distense:43.200000,rcs:36.000000
timestame:1619470800.809000000,objid:15,type:0,xpos:0.000000,ypos:0.000000,xspeed:-1.180000,yspeed:-1.600000,angle:-18.000000,distense:37.200000,rcs:22.000000
