timestame:1619471075.655000000,objid:0,type:0,xpos:0.000000,ypos:0.000000,xspeed:-9.420000,yspeed:-0.410000,angle:-18.000000,distense:37.200000,rcs:15.000000
timestame:1619471075.655000000,objid:3,type:0,xpos:0.000000,ypos:0.000000,xspeed:-8.470000,yspeed:-0.150000,angle:-8.310000,distense:80.400000,rcs:18.000000
timestame:1619471075.655000000,objid:5,type:0,xpos:0.000000,ypos:0.000000,xspeed:-9.310000,yspeed:0.020000,angle:-11.980000,distense:60.000000,rcs:20.000000
timestame:1619471075.655000000,objid:6,type:0,xpos:0.000000,ypos:0.000000,xspeed:-5.200000,yspeed:-0.290000,angle:-16.020000,distense:60.200000,rcs:28.000000
