timestame:1619471165.841000000,objid:0,type:0,xpos:0.000000,ypos:0.000000,xspeed:-10.570000,yspeed:0.410000,angle:-3.600000,distense:148.200000,rcs:9.000000
timestame:1619471165.841000000,objid:2,type:0,xpos:0.000000,ypos:0.000000,xspeed:-9.610000,yspeed:0.080000,angle:-3.400000,distense:152.400000,rcs:12.000000
timestame:1619471165.841000000,objid:3,type:0,xpos:0.000000,ypos:0.000000,xspeed:2.090000,yspeed:5.550000,angle:-1.380000,distense:50.400000,rcs:6.000000
