timestame:1619470773.553000000,objid:0,type:0,xpos:0.000000,ypos:0.000000,xspeed:-9.400000,yspeed:-0.120000,angle:-7.030000,distense:120.800000,rcs:20.000000
timestame:1619470773.553000000,objid:2,type:0,xpos:0.000000,ypos:0.000000,xspeed:19.480000,yspeed:0.720000,angle:1.480000,distense:145.600000,rcs:9.000000
