timestame:1619469563.054000000,objid:4,type:0,xpos:0.000000,ypos:0.000000,xspeed:6.840000,yspeed:-9.910000,angle:19.040000,distense:47.000000,rcs:22.000000
timestame:1619469563.054000000,objid:7,type:0,xpos:0.000000,ypos:0.000000,xspeed:-1.460000,yspeed:0.000000,angle:-16.310000,distense:45.400000,rcs:16.000000
timestame:1619469563.054000000,objid:14,type:0,xpos:0.000000,ypos:0.000000,xspeed:32.090000,yspeed:-15.090000,angle:14.380000,distense:67.200000,rcs:6.000000
