timestame:1619469484.690000000,objid:3,type:0,xpos:0.000000,ypos:0.000000,xspeed:2.510000,yspeed:0.300000,angle:11.840000,distense:18.200000,rcs:30.000000
timestame:1619469484.690000000,objid:7,type:0,xpos:0.000000,ypos:0.000000,xspeed:-2.120000,yspeed:0.060000,angle:-10.490000,distense:87.200000,rcs:18.000000
timestame:1619469484.690000000,objid:9,type:0,xpos:0.000000,ypos:0.000000,xspeed:1.650000,yspeed:-0.710000,angle:-7.960000,distense:106.000000,rcs:12.000000
timestame:1619469484.690000000,objid:11,type:0,xpos:0.000000,ypos:0.000000,xspeed:-1.100000,yspeed:-0.810000,angle:-9.170000,distense:81.600000,rcs:20.000000
