timestame:1619470561.831000000,objid:0,type:0,xpos:0.000000,ypos:0.000000,xspeed:5.570000,yspeed:-0.440000,angle:2.490000,distense:201.400000,rcs:9.000000
timestame:1619470561.831000000,objid:1,type:0,xpos:0.000000,ypos:0.000000,xspeed:5.930000,yspeed:-0.340000,angle:3.960000,distense:193.400000,rcs:22.000000
timestame:1619470561.831000000,objid:2,type:0,xpos:0.000000,ypos:0.000000,xspeed:9.540000,yspeed:-0.520000,angle:2.980000,distense:210.200000,rcs:12.000000
timestame:1619470561.831000000,objid:3,type:0,xpos:0.000000,ypos:0.000000,xspeed:9.590000,yspeed:0.300000,angle:1.940000,distense:80.600000,rcs:36.000000
