timestame:1619469998.384000000,objid:10,type:0,xpos:0.000000,ypos:0.000000,xspeed:-1.150000,yspeed:-3.410000,angle:-18.000000,distense:37.400000,rcs:6.000000
timestame:1619469998.384000000,objid:11,type:0,xpos:0.000000,ypos:0.000000,xspeed:-1.380000,yspeed:-0.740000,angle:-18.000000,distense:33.000000,rcs:13.000000
timestame:1619469998.384000000,objid:15,type:0,xpos:0.000000,ypos:0.000000,xspeed:-1.330000,yspeed:-2.020000,angle:-18.000000,distense:35.200000,rcs:19.000000
timestame:1619469998.384000000,objid:17,type:0,xpos:0.000000,ypos:0.000000,xspeed:-1.750000,yspeed:0.000000,angle:-10.270000,distense:53.400000,rcs:12.000000
