timestame:1619470444.068000000,objid:1,type:0,xpos:0.000000,ypos:0.000000,xspeed:17.020000,yspeed:0.250000,angle:1.680000,distense:126.400000,rcs:15.000000
timestame:1619470444.068000000,objid:2,type:0,xpos:0.000000,ypos:0.000000,xspeed:4.020000,yspeed:-0.040000,angle:8.150000,distense:91.000000,rcs:20.000000
