timestame:1619471037.154000000,objid:2,type:0,xpos:0.000000,ypos:0.000000,xspeed:-1.740000,yspeed:-2.900000,angle:-17.880000,distense:41.800000,rcs:23.000000
timestame:1619471037.154000000,objid:3,type:0,xpos:0.000000,ypos:0.000000,xspeed:1.710000,yspeed:-3.330000,angle:20.150000,distense:48.400000,rcs:9.000000
timestame:1619471037.154000000,objid:7,type:0,xpos:0.000000,ypos:0.000000,xspeed:-1.720000,yspeed:-7.160000,angle:-12.070000,distense:75.600000,rcs:6.000000
