timestame:1619471068.018000000,objid:0,type:0,xpos:0.000000,ypos:0.000000,xspeed:-5.660000,yspeed:-0.340000,angle:-7.260000,distense:95.000000,rcs:20.000000
timestame:1619471068.018000000,objid:3,type:0,xpos:0.000000,ypos:0.000000,xspeed:-6.920000,yspeed:-0.230000,angle:-4.820000,distense:138.400000,rcs:12.000000
timestame:1619471068.018000000,objid:5,type:0,xpos:0.000000,ypos:0.000000,xspeed:-11.240000,yspeed:-0.720000,angle:-6.720000,distense:131.400000,rcs:9.000000
timestame:1619471068.018000000,objid:9,type:0,xpos:0.000000,ypos:0.000000,xspeed:-2.440000,yspeed:-0.180000,angle:-12.090000,distense:64.800000,rcs:13.000000
