timestame:1619470225.792000000,objid:7,type:0,xpos:0.000000,ypos:0.000000,xspeed:1.230000,yspeed:-0.120000,angle:-10.720000,distense:50.600000,rcs:9.000000
timestame:1619470225.792000000,objid:8,type:0,xpos:0.000000,ypos:0.000000,xspeed:-4.270000,yspeed:-5.500000,angle:-7.390000,distense:42.200000,rcs:36.000000
timestame:1619470225.792000000,objid:11,type:0,xpos:0.000000,ypos:0.000000,xspeed:-2.250000,yspeed:7.400000,angle:-15.950000,distense:39.000000,rcs:9.000000
timestame:1619470225.792000000,objid:14,type:0,xpos:0.000000,ypos:0.000000,xspeed:-1.450000,yspeed:8.480000,angle:-11.880000,distense:40.600000,rcs:6.000000
