timestame:1619471234.225000000,objid:0,type:0,xpos:0.000000,ypos:0.000000,xspeed:7.900000,yspeed:-0.040000,angle:1.440000,distense:127.200000,rcs:6.000000
timestame:1619471234.225000000,objid:9,type:0,xpos:0.000000,ypos:0.000000,xspeed:7.310000,yspeed:0.100000,angle:1.570000,distense:117.000000,rcs:29.000000
