timestame:1619471146.737000000,objid:1,type:0,xpos:0.000000,ypos:0.000000,xspeed:-1.560000,yspeed:6.390000,angle:18.270000,distense:39.600000,rcs:6.000000
timestame:1619471146.737000000,objid:3,type:0,xpos:0.000000,ypos:0.000000,xspeed:-2.800000,yspeed:-1.130000,angle:21.750000,distense:40.600000,rcs:16.000000
timestame:1619471146.737000000,objid:9,type:0,xpos:0.000000,ypos:0.000000,xspeed:-1.600000,yspeed:5.150000,angle:-8.690000,distense:43.400000,rcs:16.000000
