timestame:1619470840.989000000,objid:0,type:0,xpos:0.000000,ypos:0.000000,xspeed:1.200000,yspeed:2.240000,angle:-6.560000,distense:41.000000,rcs:12.000000
timestame:1619470840.989000000,objid:3,type:0,xpos:0.000000,ypos:0.000000,xspeed:2.660000,yspeed:2.620000,angle:-10.770000,distense:42.800000,rcs:6.000000
timestame:1619470840.989000000,objid:7,type:0,xpos:0.000000,ypos:0.000000,xspeed:13.290000,yspeed:0.440000,angle:2.410000,distense:217.200000,rcs:16.000000
