timestame:1619470104.239000000,objid:6,type:0,xpos:0.000000,ypos:0.000000,xspeed:-2.640000,yspeed:-0.330000,angle:15.170000,distense:26.800000,rcs:20.000000
timestame:1619470104.239000000,objid:9,type:0,xpos:0.000000,ypos:0.000000,xspeed:5.270000,yspeed:-0.220000,angle:20.350000,distense:21.200000,rcs:13.000000
timestame:1619470104.239000000,objid:11,type:0,xpos:0.000000,ypos:0.000000,xspeed:1.840000,yspeed:0.730000,angle:14.200000,distense:19.800000,rcs:15.000000
