timestame:1619469928.357000000,objid:1,type:0,xpos:0.000000,ypos:0.000000,xspeed:7.140000,yspeed:0.080000,angle:1.370000,distense:184.800000,rcs:6.000000
timestame:1619469928.357000000,objid:8,type:0,xpos:0.000000,ypos:0.000000,xspeed:7.340000,yspeed:0.090000,angle:1.230000,distense:178.600000,rcs:19.000000
