timestame:1619469530.606000000,objid:1,type:0,xpos:0.000000,ypos:0.000000,xspeed:1.990000,yspeed:-4.200000,angle:-18.000000,distense:73.000000,rcs:15.000000
timestame:1619469530.606000000,objid:3,type:0,xpos:0.000000,ypos:0.000000,xspeed:-2.600000,yspeed:-5.530000,angle:-0.510000,distense:11.600000,rcs:42.000000
