timestame:1619469870.242000000,objid:8,type:0,xpos:0.000000,ypos:0.000000,xspeed:-2.470000,yspeed:0.100000,angle:-18.000000,distense:31.400000,rcs:22.000000
timestame:1619469870.242000000,objid:13,type:0,xpos:0.000000,ypos:0.000000,xspeed:-1.850000,yspeed:-0.730000,angle:-18.000000,distense:34.800000,rcs:27.000000
timestame:1619469870.242000000,objid:14,type:0,xpos:0.000000,ypos:0.000000,xspeed:-1.010000,yspeed:3.370000,angle:0.970000,distense:41.800000,rcs:16.000000
timestame:1619469870.242000000,objid:16,type:0,xpos:0.000000,ypos:0.000000,xspeed:-1.200000,yspeed:-1.480000,angle:-18.000000,distense:38.200000,rcs:23.000000
