timestame:1619470791.998000000,objid:0,type:0,xpos:0.000000,ypos:0.000000,xspeed:1.200000,yspeed:0.130000,angle:2.050000,distense:19.400000,rcs:18.000000
timestame:1619470791.998000000,objid:2,type:0,xpos:0.000000,ypos:0.000000,xspeed:1.110000,yspeed:-7.560000,angle:19.640000,distense:46.000000,rcs:26.000000
