timestame:1619470916.662000000,objid:0,type:0,xpos:0.000000,ypos:0.000000,xspeed:2.640000,yspeed:4.580000,angle:-4.880000,distense:46.400000,rcs:6.000000
timestame:1619470916.662000000,objid:3,type:0,xpos:0.000000,ypos:0.000000,xspeed:1.010000,yspeed:1.640000,angle:-3.520000,distense:43.600000,rcs:12.000000
