timestame:1619470475.535000000,objid:1,type:0,xpos:0.000000,ypos:0.000000,xspeed:-11.560000,yspeed:-0.250000,angle:-5.140000,distense:130.000000,rcs:16.000000
timestame:1619470475.535000000,objid:2,type:0,xpos:0.000000,ypos:0.000000,xspeed:1.070000,yspeed:-0.300000,angle:13.950000,distense:72.600000,rcs:6.000000
