timestame:1619470148.068000000,objid:0,type:0,xpos:0.000000,ypos:0.000000,xspeed:1.680000,yspeed:2.560000,angle:-11.570000,distense:41.200000,rcs:20.000000
timestame:1619470148.068000000,objid:1,type:0,xpos:0.000000,ypos:0.000000,xspeed:2.470000,yspeed:0.890000,angle:22.410000,distense:27.200000,rcs:20.000000
timestame:1619470148.068000000,objid:3,type:0,xpos:0.000000,ypos:0.000000,xspeed:-1.590000,yspeed:-0.080000,angle:-10.460000,distense:72.200000,rcs:18.000000
timestame:1619470148.068000000,objid:4,type:0,xpos:0.000000,ypos:0.000000,xspeed:3.740000,yspeed:2.870000,angle:-17.740000,distense:36.000000,rcs:12.000000
