timestame:1619470966.666000000,objid:0,type:0,xpos:0.000000,ypos:0.000000,xspeed:4.370000,yspeed:0.070000,angle:5.460000,distense:64.000000,rcs:37.000000
timestame:1619470966.666000000,objid:1,type:0,xpos:0.000000,ypos:0.000000,xspeed:13.340000,yspeed:-0.240000,angle:0.730000,distense:158.200000,rcs:16.000000
timestame:1619470966.666000000,objid:6,type:0,xpos:0.000000,ypos:0.000000,xspeed:11.300000,yspeed:0.430000,angle:2.010000,distense:133.400000,rcs:20.000000
timestame:1619470966.666000000,objid:7,type:0,xpos:0.000000,ypos:0.000000,xspeed:6.550000,yspeed:1.230000,angle:20.900000,distense:22.200000,rcs:28.000000
