timestame:1619469930.216000000,objid:0,type:0,xpos:0.000000,ypos:0.000000,xspeed:-2.340000,yspeed:0.000000,angle:-18.000000,distense:41.600000,rcs:12.000000
timestame:1619469930.216000000,objid:1,type:0,xpos:0.000000,ypos:0.000000,xspeed:7.870000,yspeed:0.240000,angle:1.470000,distense:200.200000,rcs:12.000000
timestame:1619469930.216000000,objid:8,type:0,xpos:0.000000,ypos:0.000000,xspeed:7.810000,yspeed:0.100000,angle:1.150000,distense:193.400000,rcs:22.000000
