timestame:1619470795.593000000,objid:3,type:0,xpos:0.000000,ypos:0.000000,xspeed:2.590000,yspeed:1.270000,angle:11.680000,distense:46.400000,rcs:26.000000
timestame:1619470795.593000000,objid:5,type:0,xpos:0.000000,ypos:0.000000,xspeed:2.640000,yspeed:-10.410000,angle:-18.000000,distense:61.400000,rcs:12.000000
timestame:1619470795.593000000,objid:12,type:0,xpos:0.000000,ypos:0.000000,xspeed:1.750000,yspeed:-11.410000,angle:-18.000000,distense:58.000000,rcs:20.000000
