timestame:1619470287.202000000,objid:2,type:0,xpos:0.000000,ypos:0.000000,xspeed:-12.670000,yspeed:-0.130000,angle:-8.390000,distense:103.000000,rcs:19.000000
timestame:1619470287.202000000,objid:5,type:0,xpos:0.000000,ypos:0.000000,xspeed:-5.570000,yspeed:-0.450000,angle:-18.000000,distense:41.600000,rcs:22.000000
timestame:1619470287.202000000,objid:7,type:0,xpos:0.000000,ypos:0.000000,xspeed:-5.320000,yspeed:-0.460000,angle:-18.000000,distense:37.000000,rcs:30.000000
timestame:1619470287.202000000,objid:11,type:0,xpos:0.000000,ypos:0.000000,xspeed:-5.440000,yspeed:-0.300000,angle:-18.000000,distense:30.800000,rcs:18.000000
