timestame:1619471308.092000000,objid:0,type:0,xpos:0.000000,ypos:0.000000,xspeed:3.590000,yspeed:0.640000,angle:17.920000,distense:29.000000,rcs:25.000000
timestame:1619471308.092000000,objid:1,type:0,xpos:0.000000,ypos:0.000000,xspeed:4.830000,yspeed:3.060000,angle:21.530000,distense:31.800000,rcs:24.000000
timestame:1619471308.092000000,objid:2,type:0,xpos:0.000000,ypos:0.000000,xspeed:4.270000,yspeed:1.180000,angle:22.640000,distense:27.800000,rcs:27.000000
