timestame:1619469823.221000000,objid:2,type:0,xpos:0.000000,ypos:0.000000,xspeed:-1.830000,yspeed:-4.410000,angle:-14.370000,distense:41.200000,rcs:28.000000
timestame:1619469823.221000000,objid:11,type:0,xpos:0.000000,ypos:0.000000,xspeed:-4.130000,yspeed:0.300000,angle:-5.910000,distense:134.600000,rcs:12.000000
