timestame:1619469876.027000000,objid:0,type:0,xpos:0.000000,ypos:0.000000,xspeed:-1.170000,yspeed:0.000000,angle:2.120000,distense:42.800000,rcs:42.000000
timestame:1619469876.027000000,objid:13,type:0,xpos:0.000000,ypos:0.000000,xspeed:-1.030000,yspeed:-0.970000,angle:-14.780000,distense:41.200000,rcs:6.000000
timestame:1619469876.027000000,objid:17,type:0,xpos:0.000000,ypos:0.000000,xspeed:1.180000,yspeed:-3.220000,angle:6.360000,distense:67.600000,rcs:13.000000
