timestame:1619471375.780000000,objid:0,type:0,xpos:0.000000,ypos:0.000000,xspeed:12.760000,yspeed:4.740000,angle:2.790000,distense:206.000000,rcs:12.000000
timestame:1619471375.780000000,objid:1,type:0,xpos:0.000000,ypos:0.000000,xspeed:10.110000,yspeed:0.230000,angle:2.250000,distense:198.000000,rcs:30.000000
