timestame:1619470563.379000000,objid:1,type:0,xpos:0.000000,ypos:0.000000,xspeed:6.750000,yspeed:-0.530000,angle:3.360000,distense:204.800000,rcs:9.000000
timestame:1619470563.379000000,objid:2,type:0,xpos:0.000000,ypos:0.000000,xspeed:-13.820000,yspeed:-2.760000,angle:-11.560000,distense:14.400000,rcs:12.000000
timestame:1619470563.379000000,objid:3,type:0,xpos:0.000000,ypos:0.000000,xspeed:10.680000,yspeed:0.160000,angle:1.610000,distense:98.400000,rcs:27.000000
timestame:1619470563.379000000,objid:5,type:0,xpos:0.000000,ypos:0.000000,xspeed:7.600000,yspeed:-4.840000,angle:1.640000,distense:216.000000,rcs:6.000000
