timestame:1619471212.535000000,objid:2,type:0,xpos:0.000000,ypos:0.000000,xspeed:6.250000,yspeed:4.900000,angle:22.140000,distense:28.200000,rcs:21.000000
timestame:1619471212.535000000,objid:3,type:0,xpos:0.000000,ypos:0.000000,xspeed:5.430000,yspeed:3.000000,angle:-16.390000,distense:25.200000,rcs:25.000000
timestame:1619471212.535000000,objid:4,type:0,xpos:0.000000,ypos:0.000000,xspeed:-7.660000,yspeed:-0.190000,angle:-18.000000,distense:37.600000,rcs:20.000000
timestame:1619471212.535000000,objid:5,type:0,xpos:0.000000,ypos:0.000000,xspeed:-6.720000,yspeed:-0.480000,angle:-18.000000,distense:35.800000,rcs:12.000000
