timestame:1619470492.027000000,objid:0,type:0,xpos:0.000000,ypos:0.000000,xspeed:1.560000,yspeed:-4.670000,angle:11.700000,distense:45.800000,rcs:29.000000
timestame:1619470492.027000000,objid:2,type:0,xpos:0.000000,ypos:0.000000,xspeed:1.460000,yspeed:-5.740000,angle:19.980000,distense:56.800000,rcs:16.000000
