timestame:1619470070.530000000,objid:0,type:0,xpos:0.000000,ypos:0.000000,xspeed:3.590000,yspeed:6.350000,angle:-4.280000,distense:47.800000,rcs:6.000000
timestame:1619470070.530000000,objid:3,type:0,xpos:0.000000,ypos:0.000000,xspeed:-1.780000,yspeed:2.670000,angle:9.510000,distense:49.800000,rcs:40.000000
timestame:1619470070.530000000,objid:4,type:0,xpos:0.000000,ypos:0.000000,xspeed:-1.990000,yspeed:2.980000,angle:13.650000,distense:44.400000,rcs:12.000000
timestame:1619470070.530000000,objid:8,type:0,xpos:0.000000,ypos:0.000000,xspeed:3.070000,yspeed:1.900000,angle:-15.740000,distense:33.000000,rcs:26.000000
