timestame:1619471446.153000000,objid:3,type:0,xpos:0.000000,ypos:0.000000,xspeed:-4.010000,yspeed:-0.640000,angle:-5.900000,distense:115.200000,rcs:19.000000
timestame:1619471446.153000000,objid:11,type:0,xpos:0.000000,ypos:0.000000,xspeed:-3.460000,yspeed:-0.230000,angle:-6.460000,distense:104.600000,rcs:20.000000
timestame:1619471446.153000000,objid:13,type:0,xpos:0.000000,ypos:0.000000,xspeed:-2.380000,yspeed:-0.040000,angle:13.940000,distense:55.400000,rcs:16.000000
