timestame:1619469918.811000000,objid:1,type:0,xpos:0.000000,ypos:0.000000,xspeed:5.850000,yspeed:0.060000,angle:1.470000,distense:122.600000,rcs:20.000000
timestame:1619469918.811000000,objid:8,type:0,xpos:0.000000,ypos:0.000000,xspeed:5.780000,yspeed:0.120000,angle:1.570000,distense:115.800000,rcs:34.000000
