timestame:1619470511.045000000,objid:1,type:0,xpos:0.000000,ypos:0.000000,xspeed:-5.320000,yspeed:4.440000,angle:7.120000,distense:43.800000,rcs:36.000000
timestame:1619470511.045000000,objid:8,type:0,xpos:0.000000,ypos:0.000000,xspeed:-4.670000,yspeed:-2.850000,angle:5.870000,distense:71.400000,rcs:24.000000
timestame:1619470511.045000000,objid:10,type:0,xpos:0.000000,ypos:0.000000,xspeed:3.360000,yspeed:-0.260000,angle:-0.060000,distense:14.600000,rcs:28.000000
timestame:1619470511.045000000,objid:11,type:0,xpos:0.000000,ypos:0.000000,xspeed:-1.240000,yspeed:6.450000,angle:-13.930000,distense:40.000000,rcs:12.000000
