timestame:1619471154.134000000,objid:1,type:0,xpos:0.000000,ypos:0.000000,xspeed:-7.160000,yspeed:-5.920000,angle:2.930000,distense:70.800000,rcs:9.000000
timestame:1619471154.134000000,objid:4,type:0,xpos:0.000000,ypos:0.000000,xspeed:-21.420000,yspeed:-15.010000,angle:-12.130000,distense:80.800000,rcs:12.000000
timestame:1619471154.134000000,objid:8,type:0,xpos:0.000000,ypos:0.000000,xspeed:7.250000,yspeed:0.850000,angle:-16.960000,distense:17.000000,rcs:16.000000
