timestame:1619470141.282000000,objid:1,type:0,xpos:0.000000,ypos:0.000000,xspeed:1.450000,yspeed:1.580000,angle:17.300000,distense:27.200000,rcs:9.000000
timestame:1619470141.282000000,objid:2,type:0,xpos:0.000000,ypos:0.000000,xspeed:10.120000,yspeed:17.840000,angle:-8.320000,distense:20.600000,rcs:16.000000
timestame:1619470141.282000000,objid:3,type:0,xpos:0.000000,ypos:0.000000,xspeed:7.850000,yspeed:10.420000,angle:-18.000000,distense:39.800000,rcs:6.000000
