timestame:1619471562.838000000,objid:3,type:0,xpos:0.000000,ypos:0.000000,xspeed:-2.070000,yspeed:-2.850000,angle:-18.000000,distense:33.400000,rcs:15.000000
timestame:1619471562.838000000,objid:5,type:0,xpos:0.000000,ypos:0.000000,xspeed:-3.070000,yspeed:-0.290000,angle:-18.000000,distense:30.400000,rcs:27.000000
timestame:1619471562.838000000,objid:10,type:0,xpos:0.000000,ypos:0.000000,xspeed:2.400000,yspeed:2.880000,angle:-16.050000,distense:61.200000,rcs:18.000000
