timestame:1619470941.902000000,objid:1,type:0,xpos:0.000000,ypos:0.000000,xspeed:-4.810000,yspeed:0.710000,angle:-14.600000,distense:58.400000,rcs:20.000000
timestame:1619470941.902000000,objid:5,type:0,xpos:0.000000,ypos:0.000000,xspeed:-6.300000,yspeed:-0.480000,angle:-16.310000,distense:61.000000,rcs:20.000000
timestame:1619470941.902000000,objid:10,type:0,xpos:0.000000,ypos:0.000000,xspeed:-4.500000,yspeed:0.400000,angle:-11.250000,distense:60.200000,rcs:16.000000
