timestame:1619469880.106000000,objid:0,type:0,xpos:0.000000,ypos:0.000000,xspeed:-5.470000,yspeed:-1.650000,angle:-18.000000,distense:34.000000,rcs:28.000000
timestame:1619469880.106000000,objid:2,type:0,xpos:0.000000,ypos:0.000000,xspeed:-1.140000,yspeed:-0.500000,angle:-15.410000,distense:37.400000,rcs:25.000000
timestame:1619469880.106000000,objid:6,type:0,xpos:0.000000,ypos:0.000000,xspeed:-4.730000,yspeed:-2.490000,angle:-18.000000,distense:31.600000,rcs:20.000000
timestame:1619469880.106000000,objid:15,type:0,xpos:0.000000,ypos:0.000000,xspeed:-1.500000,yspeed:-4.390000,angle:-10.590000,distense:40.200000,rcs:32.000000
