timestame:1619470881.317000000,objid:3,type:0,xpos:0.000000,ypos:0.000000,xspeed:-1.390000,yspeed:-2.960000,angle:-18.000000,distense:34.600000,rcs:22.000000
timestame:1619470881.317000000,objid:4,type:0,xpos:0.000000,ypos:0.000000,xspeed:-23.800000,yspeed:-5.370000,angle:-6.030000,distense:15.400000,rcs:6.000000
timestame:1619470881.317000000,objid:6,type:0,xpos:0.000000,ypos:0.000000,xspeed:-2.790000,yspeed:2.190000,angle:-18.000000,distense:33.000000,rcs:18.000000
timestame:1619470881.317000000,objid:23,type:0,xpos:0.000000,ypos:0.000000,xspeed:-1.430000,yspeed:-1.670000,angle:-18.000000,distense:49.400000,rcs:12.000000
