timestame:1619470714.955000000,objid:0,type:0,xpos:0.000000,ypos:0.000000,xspeed:22.140000,yspeed:0.000000,angle:-9.270000,distense:44.200000,rcs:15.000000
timestame:1619470714.955000000,objid:3,type:0,xpos:0.000000,ypos:0.000000,xspeed:3.960000,yspeed:3.110000,angle:-12.860000,distense:39.200000,rcs:13.000000
