timestame:1619470158.688000000,objid:0,type:0,xpos:0.000000,ypos:0.000000,xspeed:-15.250000,yspeed:-0.550000,angle:-15.090000,distense:69.400000,rcs:31.000000
timestame:1619470158.688000000,objid:1,type:0,xpos:0.000000,ypos:0.000000,xspeed:-15.250000,yspeed:-0.600000,angle:-16.450000,distense:58.600000,rcs:24.000000
timestame:1619470158.688000000,objid:4,type:0,xpos:0.000000,ypos:0.000000,xspeed:1.280000,yspeed:0.270000,angle:7.840000,distense:24.600000,rcs:19.000000
timestame:1619470158.688000000,objid:7,type:0,xpos:0.000000,ypos:0.000000,xspeed:-15.310000,yspeed:-0.530000,angle:-18.000000,distense:52.600000,rcs:24.000000
