timestame:1619471559.008000000,objid:3,type:0,xpos:0.000000,ypos:0.000000,xspeed:-2.570000,yspeed:-1.130000,angle:-1.190000,distense:38.000000,rcs:30.000000
timestame:1619471559.008000000,objid:7,type:0,xpos:0.000000,ypos:0.000000,xspeed:-2.540000,yspeed:-1.620000,angle:-18.000000,distense:32.000000,rcs:20.000000
timestame:1619471559.008000000,objid:12,type:0,xpos:0.000000,ypos:0.000000,xspeed:2.640000,yspeed:2.090000,angle:-14.280000,distense:36.600000,rcs:16.000000
timestame:1619471559.008000000,objid:13,type:0,xpos:0.000000,ypos:0.000000,xspeed:-4.010000,yspeed:3.790000,angle:2.760000,distense:43.800000,rcs:15.000000
