timestame:1619471463.422000000,objid:0,type:0,xpos:0.000000,ypos:0.000000,xspeed:5.850000,yspeed:-1.930000,angle:-8.310000,distense:84.200000,rcs:28.000000
timestame:1619471463.422000000,objid:1,type:0,xpos:0.000000,ypos:0.000000,xspeed:-5.360000,yspeed:-0.530000,angle:-6.080000,distense:111.000000,rcs:9.000000
timestame:1619471463.422000000,objid:3,type:0,xpos:0.000000,ypos:0.000000,xspeed:-7.030000,yspeed:-0.760000,angle:-5.460000,distense:174.600000,rcs:6.000000
