timestame:1619471233.352000000,objid:0,type:0,xpos:0.000000,ypos:0.000000,xspeed:7.530000,yspeed:0.040000,angle:1.610000,distense:120.000000,rcs:9.000000
timestame:1619471233.352000000,objid:9,type:0,xpos:0.000000,ypos:0.000000,xspeed:7.080000,yspeed:0.060000,angle:1.580000,distense:110.600000,rcs:36.000000
