timestame:1619469911.434000000,objid:1,type:0,xpos:0.000000,ypos:0.000000,xspeed:4.240000,yspeed:-0.030000,angle:1.820000,distense:81.600000,rcs:13.000000
timestame:1619469911.434000000,objid:2,type:0,xpos:0.000000,ypos:0.000000,xspeed:10.600000,yspeed:0.080000,angle:2.790000,distense:146.400000,rcs:22.000000
timestame:1619469911.434000000,objid:8,type:0,xpos:0.000000,ypos:0.000000,xspeed:4.280000,yspeed:0.120000,angle:2.340000,distense:75.000000,rcs:35.000000
