timestame:1619470664.927000000,objid:0,type:0,xpos:0.000000,ypos:0.000000,xspeed:-1.270000,yspeed:0.120000,angle:-9.700000,distense:93.400000,rcs:22.000000
timestame:1619470664.927000000,objid:3,type:0,xpos:0.000000,ypos:0.000000,xspeed:-1.650000,yspeed:0.040000,angle:-7.930000,distense:104.400000,rcs:12.000000
