timestame:1619470142.959000000,objid:0,type:0,xpos:0.000000,ypos:0.000000,xspeed:4.620000,yspeed:0.200000,angle:20.160000,distense:25.400000,rcs:26.000000
timestame:1619470142.959000000,objid:1,type:0,xpos:0.000000,ypos:0.000000,xspeed:1.730000,yspeed:-0.210000,angle:13.590000,distense:30.000000,rcs:6.000000
timestame:1619470142.959000000,objid:3,type:0,xpos:0.000000,ypos:0.000000,xspeed:12.350000,yspeed:-7.930000,angle:5.840000,distense:32.600000,rcs:6.000000
timestame:1619470142.959000000,objid:4,type:0,xpos:0.000000,ypos:0.000000,xspeed:-3.600000,yspeed:1.030000,angle:15.610000,distense:24.800000,rcs:6.000000
