timestame:1619471168.821000000,objid:0,type:0,xpos:0.000000,ypos:0.000000,xspeed:-9.390000,yspeed:-0.310000,angle:-5.250000,distense:120.600000,rcs:13.000000
timestame:1619471168.821000000,objid:2,type:0,xpos:0.000000,ypos:0.000000,xspeed:2.620000,yspeed:0.650000,angle:4.530000,distense:15.000000,rcs:29.000000
timestame:1619471168.821000000,objid:6,type:0,xpos:0.000000,ypos:0.000000,xspeed:5.480000,yspeed:-4.700000,angle:19.610000,distense:19.600000,rcs:18.000000
timestame:1619471168.821000000,objid:7,type:0,xpos:0.000000,ypos:0.000000,xspeed:8.050000,yspeed:0.500000,angle:22.120000,distense:16.400000,rcs:26.000000
