timestame:1619469784.473000000,objid:2,type:0,xpos:0.000000,ypos:0.000000,xspeed:17.000000,yspeed:-0.100000,angle:0.940000,distense:169.000000,rcs:16.000000
timestame:1619469784.473000000,objid:4,type:0,xpos:0.000000,ypos:0.000000,xspeed:-17.560000,yspeed:-0.330000,angle:-6.840000,distense:125.200000,rcs:15.000000
timestame:1619469784.473000000,objid:10,type:0,xpos:0.000000,ypos:0.000000,xspeed:16.670000,yspeed:0.220000,angle:1.260000,distense:156.000000,rcs:27.000000
