timestame:1619470070.468000000,objid:0,type:0,xpos:0.000000,ypos:0.000000,xspeed:3.590000,yspeed:6.350000,angle:-4.490000,distense:47.400000,rcs:6.000000
timestame:1619470070.468000000,objid:3,type:0,xpos:0.000000,ypos:0.000000,xspeed:-1.760000,yspeed:2.670000,angle:9.300000,distense:50.000000,rcs:34.000000
timestame:1619470070.468000000,objid:4,type:0,xpos:0.000000,ypos:0.000000,xspeed:-1.990000,yspeed:2.980000,angle:13.390000,distense:44.600000,rcs:12.000000
timestame:1619470070.468000000,objid:8,type:0,xpos:0.000000,ypos:0.000000,xspeed:3.050000,yspeed:1.890000,angle:-15.790000,distense:32.800000,rcs:26.000000
