timestame:1619469976.271000000,objid:2,type:0,xpos:0.000000,ypos:0.000000,xspeed:-1.380000,yspeed:-1.090000,angle:-18.000000,distense:32.200000,rcs:22.000000
timestame:1619469976.271000000,objid:4,type:0,xpos:0.000000,ypos:0.000000,xspeed:2.600000,yspeed:-2.710000,angle:6.330000,distense:44.400000,rcs:33.000000
timestame:1619469976.271000000,objid:6,type:0,xpos:0.000000,ypos:0.000000,xspeed:-1.700000,yspeed:-2.480000,angle:-18.000000,distense:34.600000,rcs:12.000000
timestame:1619469976.271000000,objid:7,type:0,xpos:0.000000,ypos:0.000000,xspeed:-3.860000,yspeed:-4.390000,angle:-18.000000,distense:34.800000,rcs:21.000000
