timestame:1619470192.021000000,objid:0,type:0,xpos:0.000000,ypos:0.000000,xspeed:-4.710000,yspeed:6.500000,angle:8.780000,distense:43.400000,rcs:29.000000
timestame:1619470192.021000000,objid:1,type:0,xpos:0.000000,ypos:0.000000,xspeed:2.200000,yspeed:1.970000,angle:6.000000,distense:137.400000,rcs:25.000000
timestame:1619470192.021000000,objid:2,type:0,xpos:0.000000,ypos:0.000000,xspeed:-5.230000,yspeed:5.170000,angle:11.580000,distense:41.800000,rcs:33.000000
