timestame:1619471366.384000000,objid:1,type:0,xpos:0.000000,ypos:0.000000,xspeed:7.450000,yspeed:-0.390000,angle:3.080000,distense:111.400000,rcs:21.000000
timestame:1619471366.384000000,objid:2,type:0,xpos:0.000000,ypos:0.000000,xspeed:7.830000,yspeed:-0.080000,angle:3.250000,distense:116.800000,rcs:13.000000
timestame:1619471366.384000000,objid:7,type:0,xpos:0.000000,ypos:0.000000,xspeed:11.730000,yspeed:0.330000,angle:1.700000,distense:146.200000,rcs:15.000000
