timestame:1619470498.985000000,objid:2,type:0,xpos:0.000000,ypos:0.000000,xspeed:-1.520000,yspeed:-2.160000,angle:-18.000000,distense:39.200000,rcs:25.000000
timestame:1619470498.985000000,objid:7,type:0,xpos:0.000000,ypos:0.000000,xspeed:-1.590000,yspeed:-1.860000,angle:-17.900000,distense:46.000000,rcs:6.000000
