timestame:1619470662.505000000,objid:0,type:0,xpos:0.000000,ypos:0.000000,xspeed:-1.600000,yspeed:-0.370000,angle:-9.920000,distense:96.400000,rcs:19.000000
timestame:1619470662.505000000,objid:3,type:0,xpos:0.000000,ypos:0.000000,xspeed:-1.270000,yspeed:-0.150000,angle:-7.730000,distense:108.600000,rcs:12.000000
timestame:1619470662.505000000,objid:4,type:0,xpos:0.000000,ypos:0.000000,xspeed:-1.190000,yspeed:-0.370000,angle:-8.010000,distense:104.200000,rcs:9.000000
timestame:1619470662.505000000,objid:6,type:0,xpos:0.000000,ypos:0.000000,xspeed:-13.700000,yspeed:4.640000,angle:-6.840000,distense:89.800000,rcs:9.000000
