timestame:1619470658.798000000,objid:1,type:0,xpos:0.000000,ypos:0.000000,xspeed:-7.190000,yspeed:-0.570000,angle:-8.650000,distense:101.200000,rcs:16.000000
timestame:1619470658.798000000,objid:2,type:0,xpos:0.000000,ypos:0.000000,xspeed:5.020000,yspeed:1.940000,angle:21.070000,distense:33.200000,rcs:12.000000
timestame:1619470658.798000000,objid:7,type:0,xpos:0.000000,ypos:0.000000,xspeed:-3.210000,yspeed:-0.780000,angle:-18.000000,distense:27.600000,rcs:6.000000
timestame:1619470658.798000000,objid:11,type:0,xpos:0.000000,ypos:0.000000,xspeed:-2.950000,yspeed:-2.190000,angle:-18.000000,distense:30.800000,rcs:16.000000
