timestame:1619470047.622000000,objid:0,type:0,xpos:0.000000,ypos:0.000000,xspeed:6.670000,yspeed:0.410000,angle:4.650000,distense:88.600000,rcs:13.000000
timestame:1619470047.622000000,objid:3,type:0,xpos:0.000000,ypos:0.000000,xspeed:14.900000,yspeed:0.220000,angle:1.220000,distense:215.400000,rcs:13.000000
timestame:1619470047.622000000,objid:5,type:0,xpos:0.000000,ypos:0.000000,xspeed:6.850000,yspeed:0.100000,angle:4.680000,distense:79.200000,rcs:20.000000
