timestame:1619471259.934000000,objid:2,type:0,xpos:0.000000,ypos:0.000000,xspeed:12.320000,yspeed:0.350000,angle:4.710000,distense:73.800000,rcs:37.000000
timestame:1619471259.934000000,objid:3,type:0,xpos:0.000000,ypos:0.000000,xspeed:-14.780000,yspeed:-0.640000,angle:-18.000000,distense:33.200000,rcs:15.000000
timestame:1619471259.934000000,objid:6,type:0,xpos:0.000000,ypos:0.000000,xspeed:12.360000,yspeed:0.110000,angle:4.740000,distense:86.000000,rcs:18.000000
timestame:1619471259.934000000,objid:10,type:0,xpos:0.000000,ypos:0.000000,xspeed:12.300000,yspeed:0.640000,angle:5.590000,distense:61.800000,rcs:22.000000
