timestame:1619471312.190000000,objid:2,type:0,xpos:0.000000,ypos:0.000000,xspeed:2.540000,yspeed:3.440000,angle:-11.190000,distense:43.200000,rcs:9.000000
timestame:1619471312.190000000,objid:3,type:0,xpos:0.000000,ypos:0.000000,xspeed:3.510000,yspeed:2.440000,angle:-15.080000,distense:37.200000,rcs:24.000000
timestame:1619471312.190000000,objid:4,type:0,xpos:0.000000,ypos:0.000000,xspeed:-1.040000,yspeed:5.060000,angle:-0.120000,distense:37.600000,rcs:25.000000
