timestame:1619470138.006000000,objid:0,type:0,xpos:0.000000,ypos:0.000000,xspeed:-7.350000,yspeed:0.300000,angle:12.270000,distense:37.200000,rcs:19.000000
timestame:1619470138.006000000,objid:7,type:0,xpos:0.000000,ypos:0.000000,xspeed:-2.670000,yspeed:-0.180000,angle:-10.160000,distense:74.200000,rcs:19.000000
