timestame:1619469634.190000000,objid:1,type:0,xpos:0.000000,ypos:0.000000,xspeed:2.930000,yspeed:-0.590000,angle:18.960000,distense:22.000000,rcs:27.000000
timestame:1619469634.190000000,objid:3,type:0,xpos:0.000000,ypos:0.000000,xspeed:-6.600000,yspeed:2.460000,angle:-4.720000,distense:54.200000,rcs:26.000000
timestame:1619469634.190000000,objid:4,type:0,xpos:0.000000,ypos:0.000000,xspeed:2.180000,yspeed:3.890000,angle:-13.060000,distense:24.600000,rcs:21.000000
