timestame:1619471227.339000000,objid:0,type:0,xpos:0.000000,ypos:0.000000,xspeed:5.920000,yspeed:0.210000,angle:2.070000,distense:78.200000,rcs:15.000000
timestame:1619471227.339000000,objid:1,type:0,xpos:0.000000,ypos:0.000000,xspeed:5.000000,yspeed:-3.020000,angle:-13.510000,distense:50.600000,rcs:22.000000
timestame:1619471227.339000000,objid:9,type:0,xpos:0.000000,ypos:0.000000,xspeed:5.580000,yspeed:0.070000,angle:2.170000,distense:68.200000,rcs:37.000000
