timestame:1619471006.502000000,objid:2,type:0,xpos:0.000000,ypos:0.000000,xspeed:-6.830000,yspeed:2.010000,angle:-8.180000,distense:107.800000,rcs:18.000000
timestame:1619471006.502000000,objid:7,type:0,xpos:0.000000,ypos:0.000000,xspeed:-2.260000,yspeed:7.860000,angle:-18.000000,distense:46.600000,rcs:12.000000
timestame:1619471006.502000000,objid:9,type:0,xpos:0.000000,ypos:0.000000,xspeed:-7.320000,yspeed:-6.910000,angle:-8.890000,distense:110.400000,rcs:18.000000
