timestame:1619469684.572000000,objid:1,type:0,xpos:0.000000,ypos:0.000000,xspeed:-2.410000,yspeed:11.100000,angle:-15.500000,distense:50.000000,rcs:6.000000
timestame:1619469684.572000000,objid:2,type:0,xpos:0.000000,ypos:0.000000,xspeed:-1.670000,yspeed:4.640000,angle:-18.000000,distense:51.000000,rcs:9.000000
timestame:1619469684.572000000,objid:4,type:0,xpos:0.000000,ypos:0.000000,xspeed:-1.700000,yspeed:6.410000,angle:-18.000000,distense:52.600000,rcs:9.000000
