timestame:1619470061.360000000,objid:1,type:0,xpos:0.000000,ypos:0.000000,xspeed:-20.800000,yspeed:0.850000,angle:-4.660000,distense:144.200000,rcs:12.000000
timestame:1619470061.360000000,objid:2,type:0,xpos:0.000000,ypos:0.000000,xspeed:-7.780000,yspeed:-0.240000,angle:-5.880000,distense:75.000000,rcs:22.000000
timestame:1619470061.360000000,objid:4,type:0,xpos:0.000000,ypos:0.000000,xspeed:-3.200000,yspeed:-3.210000,angle:-6.710000,distense:71.600000,rcs:22.000000
timestame:1619470061.360000000,objid:5,type:0,xpos:0.000000,ypos:0.000000,xspeed:9.890000,yspeed:0.490000,angle:2.870000,distense:199.800000,rcs:13.000000
