timestame:1619470491.780000000,objid:0,type:0,xpos:0.000000,ypos:0.000000,xspeed:1.510000,yspeed:-4.600000,angle:13.290000,distense:45.600000,rcs:31.000000
timestame:1619470491.780000000,objid:2,type:0,xpos:0.000000,ypos:0.000000,xspeed:1.510000,yspeed:-5.540000,angle:21.580000,distense:57.000000,rcs:13.000000
timestame:1619470491.780000000,objid:3,type:0,xpos:0.000000,ypos:0.000000,xspeed:-4.460000,yspeed:-7.990000,angle:16.970000,distense:41.800000,rcs:28.000000
