timestame:1619470124.655000000,objid:1,type:0,xpos:0.000000,ypos:0.000000,xspeed:4.250000,yspeed:3.890000,angle:-16.480000,distense:38.800000,rcs:12.000000
timestame:1619470124.655000000,objid:3,type:0,xpos:0.000000,ypos:0.000000,xspeed:-5.850000,yspeed:-1.410000,angle:11.910000,distense:39.800000,rcs:13.000000
timestame:1619470124.655000000,objid:4,type:0,xpos:0.000000,ypos:0.000000,xspeed:3.970000,yspeed:1.190000,angle:22.500000,distense:30.400000,rcs:23.000000
timestame:1619470124.655000000,objid:6,type:0,xpos:0.000000,ypos:0.000000,xspeed:4.140000,yspeed:3.020000,angle:-14.810000,distense:36.800000,rcs:25.000000
