timestame:1619471077.593000000,objid:1,type:0,xpos:0.000000,ypos:0.000000,xspeed:-6.380000,yspeed:-0.040000,angle:-17.790000,distense:54.400000,rcs:20.000000
timestame:1619471077.593000000,objid:3,type:0,xpos:0.000000,ypos:0.000000,xspeed:-9.250000,yspeed:-0.140000,angle:-11.190000,distense:61.600000,rcs:24.000000
timestame:1619471077.593000000,objid:5,type:0,xpos:0.000000,ypos:0.000000,xspeed:-10.130000,yspeed:-0.540000,angle:-18.000000,distense:40.000000,rcs:15.000000
timestame:1619471077.593000000,objid:6,type:0,xpos:0.000000,ypos:0.000000,xspeed:-5.840000,yspeed:-0.590000,angle:-18.000000,distense:49.200000,rcs:22.000000
