timestame:1619469632.005000000,objid:2,type:0,xpos:0.000000,ypos:0.000000,xspeed:-6.210000,yspeed:-0.380000,angle:-18.000000,distense:28.200000,rcs:6.000000
timestame:1619469632.005000000,objid:6,type:0,xpos:0.000000,ypos:0.000000,xspeed:-9.610000,yspeed:-0.160000,angle:-7.160000,distense:67.400000,rcs:25.000000
timestame:1619469632.005000000,objid:7,type:0,xpos:0.000000,ypos:0.000000,xspeed:-6.900000,yspeed:-0.650000,angle:-18.000000,distense:31.200000,rcs:13.000000
