timestame:1619471368.807000000,objid:1,type:0,xpos:0.000000,ypos:0.000000,xspeed:8.020000,yspeed:0.020000,angle:2.930000,distense:131.000000,rcs:20.000000
timestame:1619471368.807000000,objid:7,type:0,xpos:0.000000,ypos:0.000000,xspeed:11.430000,yspeed:0.250000,angle:1.550000,distense:173.600000,rcs:20.000000
