timestame:1619470980.845000000,objid:0,type:0,xpos:0.000000,ypos:0.000000,xspeed:7.640000,yspeed:0.040000,angle:2.280000,distense:156.600000,rcs:27.000000
timestame:1619470980.845000000,objid:1,type:0,xpos:0.000000,ypos:0.000000,xspeed:-14.910000,yspeed:-0.620000,angle:-4.890000,distense:131.600000,rcs:20.000000
timestame:1619470980.845000000,objid:3,type:0,xpos:0.000000,ypos:0.000000,xspeed:3.160000,yspeed:-3.150000,angle:20.720000,distense:62.200000,rcs:12.000000
timestame:1619470980.845000000,objid:4,type:0,xpos:0.000000,ypos:0.000000,xspeed:-19.530000,yspeed:-1.050000,angle:-18.000000,distense:35.400000,rcs:16.000000
