timestame:1619470567.224000000,objid:1,type:0,xpos:0.000000,ypos:0.000000,xspeed:3.680000,yspeed:3.720000,angle:-15.230000,distense:26.000000,rcs:22.000000
timestame:1619470567.224000000,objid:3,type:0,xpos:0.000000,ypos:0.000000,xspeed:14.480000,yspeed:0.010000,angle:1.100000,distense:153.200000,rcs:29.000000
timestame:1619470567.224000000,objid:8,type:0,xpos:0.000000,ypos:0.000000,xspeed:4.270000,yspeed:4.130000,angle:-12.100000,distense:40.000000,rcs:22.000000
