timestame:1619471167.649000000,objid:0,type:0,xpos:0.000000,ypos:0.000000,xspeed:-9.890000,yspeed:-0.280000,angle:-4.700000,distense:130.600000,rcs:15.000000
timestame:1619471167.649000000,objid:2,type:0,xpos:0.000000,ypos:0.000000,xspeed:3.490000,yspeed:0.000000,angle:2.970000,distense:12.200000,rcs:27.000000
