timestame:1619470638.223000000,objid:4,type:0,xpos:0.000000,ypos:0.000000,xspeed:-7.140000,yspeed:2.850000,angle:-2.840000,distense:200.000000,rcs:9.000000
timestame:1619470638.223000000,objid:5,type:0,xpos:0.000000,ypos:0.000000,xspeed:2.830000,yspeed:2.890000,angle:-10.170000,distense:32.600000,rcs:12.000000
timestame:1619470638.223000000,objid:6,type:0,xpos:0.000000,ypos:0.000000,xspeed:2.750000,yspeed:-10.950000,angle:-11.360000,distense:54.400000,rcs:6.000000
timestame:1619470638.223000000,objid:8,type:0,xpos:0.000000,ypos:0.000000,xspeed:2.600000,yspeed:-7.520000,angle:-10.700000,distense:54.400000,rcs:6.000000
