timestame:1619471363.767000000,objid:2,type:0,xpos:0.000000,ypos:0.000000,xspeed:6.740000,yspeed:-0.180000,angle:4.130000,distense:95.600000,rcs:20.000000
timestame:1619471363.767000000,objid:4,type:0,xpos:0.000000,ypos:0.000000,xspeed:6.530000,yspeed:0.030000,angle:4.940000,distense:89.200000,rcs:20.000000
timestame:1619471363.767000000,objid:7,type:0,xpos:0.000000,ypos:0.000000,xspeed:10.440000,yspeed:0.100000,angle:1.510000,distense:114.400000,rcs:16.000000
