timestame:1619470330.727000000,objid:0,type:0,xpos:0.000000,ypos:0.000000,xspeed:16.460000,yspeed:-0.450000,angle:0.280000,distense:189.800000,rcs:26.000000
timestame:1619470330.727000000,objid:2,type:0,xpos:0.000000,ypos:0.000000,xspeed:9.980000,yspeed:0.400000,angle:1.150000,distense:209.400000,rcs:20.000000
timestame:1619470330.727000000,objid:4,type:0,xpos:0.000000,ypos:0.000000,xspeed:-1.390000,yspeed:1.080000,angle:14.960000,distense:67.000000,rcs:9.000000
