timestame:1619470535.224000000,objid:0,type:0,xpos:0.000000,ypos:0.000000,xspeed:5.630000,yspeed:1.270000,angle:17.010000,distense:28.400000,rcs:34.000000
timestame:1619470535.224000000,objid:1,type:0,xpos:0.000000,ypos:0.000000,xspeed:-13.860000,yspeed:-14.720000,angle:6.220000,distense:35.800000,rcs:6.000000
