timestame:1619469927.058000000,objid:1,type:0,xpos:0.000000,ypos:0.000000,xspeed:6.780000,yspeed:0.230000,angle:1.530000,distense:175.000000,rcs:6.000000
timestame:1619469927.058000000,objid:8,type:0,xpos:0.000000,ypos:0.000000,xspeed:6.920000,yspeed:0.080000,angle:1.260000,distense:168.400000,rcs:26.000000
