timestame:1619470032.268000000,objid:1,type:0,xpos:0.000000,ypos:0.000000,xspeed:7.050000,yspeed:0.360000,angle:2.510000,distense:50.000000,rcs:36.000000
timestame:1619470032.268000000,objid:4,type:0,xpos:0.000000,ypos:0.000000,xspeed:11.820000,yspeed:0.210000,angle:1.900000,distense:82.400000,rcs:22.000000
timestame:1619470032.268000000,objid:7,type:0,xpos:0.000000,ypos:0.000000,xspeed:1.290000,yspeed:-0.610000,angle:6.970000,distense:22.000000,rcs:31.000000
