timestame:1619469853.440000000,objid:0,type:0,xpos:0.000000,ypos:0.000000,xspeed:3.640000,yspeed:-5.110000,angle:6.710000,distense:46.600000,rcs:34.000000
timestame:1619469853.440000000,objid:10,type:0,xpos:0.000000,ypos:0.000000,xspeed:-11.760000,yspeed:0.030000,angle:-4.030000,distense:157.800000,rcs:12.000000
timestame:1619469853.440000000,objid:18,type:0,xpos:0.000000,ypos:0.000000,xspeed:1.660000,yspeed:0.400000,angle:-9.080000,distense:91.200000,rcs:13.000000
