timestame:1619470145.256000000,objid:0,type:0,xpos:0.000000,ypos:0.000000,xspeed:3.780000,yspeed:1.580000,angle:21.410000,distense:34.800000,rcs:13.000000
timestame:1619470145.256000000,objid:2,type:0,xpos:0.000000,ypos:0.000000,xspeed:5.770000,yspeed:0.530000,angle:19.550000,distense:29.400000,rcs:18.000000
