timestame:1619469579.692000000,objid:1,type:0,xpos:0.000000,ypos:0.000000,xspeed:-6.220000,yspeed:-0.560000,angle:-8.140000,distense:109.000000,rcs:15.000000
timestame:1619469579.692000000,objid:3,type:0,xpos:0.000000,ypos:0.000000,xspeed:-6.190000,yspeed:-0.150000,angle:-9.200000,distense:99.000000,rcs:16.000000
timestame:1619469579.692000000,objid:5,type:0,xpos:0.000000,ypos:0.000000,xspeed:-6.210000,yspeed:-0.170000,angle:-9.560000,distense:95.800000,rcs:19.000000
