timestame:1619469617.821000000,objid:2,type:0,xpos:0.000000,ypos:0.000000,xspeed:14.620000,yspeed:9.590000,angle:-5.660000,distense:98.400000,rcs:6.000000
timestame:1619469617.821000000,objid:4,type:0,xpos:0.000000,ypos:0.000000,xspeed:-18.610000,yspeed:4.960000,angle:-4.160000,distense:147.200000,rcs:13.000000
timestame:1619469617.821000000,objid:6,type:0,xpos:0.000000,ypos:0.000000,xspeed:-2.040000,yspeed:0.000000,angle:-11.870000,distense:79.200000,rcs:23.000000
