timestame:1619470461.776000000,objid:0,type:0,xpos:0.000000,ypos:0.000000,xspeed:-15.610000,yspeed:-0.930000,angle:-8.990000,distense:79.800000,rcs:23.000000
timestame:1619470461.776000000,objid:2,type:0,xpos:0.000000,ypos:0.000000,xspeed:5.910000,yspeed:0.050000,angle:3.210000,distense:185.800000,rcs:12.000000
