timestame:1619471530.667000000,objid:3,type:0,xpos:0.000000,ypos:0.000000,xspeed:-18.030000,yspeed:-5.340000,angle:12.240000,distense:33.000000,rcs:18.000000
timestame:1619471530.667000000,objid:5,type:0,xpos:0.000000,ypos:0.000000,xspeed:-38.170000,yspeed:0.000000,angle:-11.180000,distense:39.200000,rcs:27.000000
