timestame:1619470492.344000000,objid:0,type:0,xpos:0.000000,ypos:0.000000,xspeed:1.560000,yspeed:-4.670000,angle:9.880000,distense:46.000000,rcs:29.000000
timestame:1619470492.344000000,objid:2,type:0,xpos:0.000000,ypos:0.000000,xspeed:1.410000,yspeed:-5.620000,angle:18.390000,distense:56.600000,rcs:16.000000
timestame:1619470492.344000000,objid:3,type:0,xpos:0.000000,ypos:0.000000,xspeed:1.430000,yspeed:-6.040000,angle:12.280000,distense:44.000000,rcs:29.000000
