timestame:1619470189.927000000,objid:2,type:0,xpos:0.000000,ypos:0.000000,xspeed:-5.830000,yspeed:3.580000,angle:-3.090000,distense:51.800000,rcs:32.000000
timestame:1619470189.927000000,objid:7,type:0,xpos:0.000000,ypos:0.000000,xspeed:3.670000,yspeed:0.440000,angle:6.050000,distense:137.600000,rcs:16.000000
