timestame:1619470665.974000000,objid:0,type:0,xpos:0.000000,ypos:0.000000,xspeed:-1.110000,yspeed:0.290000,angle:-9.440000,distense:92.400000,rcs:19.000000
timestame:1619470665.974000000,objid:3,type:0,xpos:0.000000,ypos:0.000000,xspeed:-1.350000,yspeed:-0.120000,angle:-8.280000,distense:103.200000,rcs:13.000000
