timestame:1619470043.969000000,objid:0,type:0,xpos:0.000000,ypos:0.000000,xspeed:4.220000,yspeed:0.580000,angle:5.710000,distense:63.600000,rcs:19.000000
timestame:1619470043.969000000,objid:1,type:0,xpos:0.000000,ypos:0.000000,xspeed:13.300000,yspeed:-0.010000,angle:0.980000,distense:185.600000,rcs:6.000000
timestame:1619470043.969000000,objid:3,type:0,xpos:0.000000,ypos:0.000000,xspeed:14.010000,yspeed:0.160000,angle:1.350000,distense:160.600000,rcs:20.000000
timestame:1619470043.969000000,objid:5,type:0,xpos:0.000000,ypos:0.000000,xspeed:5.330000,yspeed:0.580000,angle:6.360000,distense:53.600000,rcs:34.000000
