timestame:1619471068.892000000,objid:0,type:0,xpos:0.000000,ypos:0.000000,xspeed:-5.660000,yspeed:-0.340000,angle:-7.820000,distense:90.000000,rcs:9.000000
timestame:1619471068.892000000,objid:3,type:0,xpos:0.000000,ypos:0.000000,xspeed:-6.850000,yspeed:-0.150000,angle:-5.030000,distense:132.400000,rcs:12.000000
timestame:1619471068.892000000,objid:5,type:0,xpos:0.000000,ypos:0.000000,xspeed:-11.130000,yspeed:-0.290000,angle:-7.030000,distense:121.600000,rcs:19.000000
timestame:1619471068.892000000,objid:9,type:0,xpos:0.000000,ypos:0.000000,xspeed:-2.970000,yspeed:-0.240000,angle:-13.070000,distense:61.600000,rcs:13.000000
