timestame:1619470203.337000000,objid:0,type:0,xpos:0.000000,ypos:0.000000,xspeed:1.390000,yspeed:-1.630000,angle:4.780000,distense:143.200000,rcs:20.000000
timestame:1619470203.337000000,objid:1,type:0,xpos:0.000000,ypos:0.000000,xspeed:3.090000,yspeed:0.000000,angle:6.070000,distense:165.000000,rcs:9.000000
