timestame:1619471559.072000000,objid:3,type:0,xpos:0.000000,ypos:0.000000,xspeed:-2.760000,yspeed:0.390000,angle:-0.660000,distense:37.800000,rcs:33.000000
timestame:1619471559.072000000,objid:7,type:0,xpos:0.000000,ypos:0.000000,xspeed:-2.460000,yspeed:-1.510000,angle:-18.000000,distense:31.800000,rcs:13.000000
timestame:1619471559.072000000,objid:12,type:0,xpos:0.000000,ypos:0.000000,xspeed:2.620000,yspeed:2.170000,angle:-14.030000,distense:36.800000,rcs:20.000000
timestame:1619471559.072000000,objid:13,type:0,xpos:0.000000,ypos:0.000000,xspeed:-2.950000,yspeed:1.710000,angle:2.270000,distense:44.000000,rcs:16.000000
