timestame:1619471270.148000000,objid:2,type:0,xpos:0.000000,ypos:0.000000,xspeed:13.960000,yspeed:0.240000,angle:2.010000,distense:210.200000,rcs:15.000000
timestame:1619471270.148000000,objid:10,type:0,xpos:0.000000,ypos:0.000000,xspeed:14.020000,yspeed:0.040000,angle:1.800000,distense:197.800000,rcs:23.000000
