timestame:1619469788.009000000,objid:1,type:0,xpos:0.000000,ypos:0.000000,xspeed:-15.950000,yspeed:-0.170000,angle:-11.400000,distense:76.800000,rcs:24.000000
timestame:1619469788.009000000,objid:4,type:0,xpos:0.000000,ypos:0.000000,xspeed:-16.710000,yspeed:-0.660000,angle:-14.450000,distense:67.400000,rcs:25.000000
timestame:1619469788.009000000,objid:10,type:0,xpos:0.000000,ypos:0.000000,xspeed:17.090000,yspeed:0.330000,angle:1.200000,distense:216.600000,rcs:28.000000
