timestame:1619471268.359000000,objid:0,type:0,xpos:0.000000,ypos:0.000000,xspeed:13.580000,yspeed:0.220000,angle:2.340000,distense:208.800000,rcs:9.000000
timestame:1619471268.359000000,objid:2,type:0,xpos:0.000000,ypos:0.000000,xspeed:13.570000,yspeed:0.060000,angle:2.050000,distense:184.600000,rcs:20.000000
timestame:1619471268.359000000,objid:6,type:0,xpos:0.000000,ypos:0.000000,xspeed:13.530000,yspeed:0.110000,angle:2.010000,distense:196.600000,rcs:9.000000
timestame:1619471268.359000000,objid:10,type:0,xpos:0.000000,ypos:0.000000,xspeed:13.560000,yspeed:0.020000,angle:2.030000,distense:172.200000,rcs:22.000000
