timestame:1619471229.255000000,objid:0,type:0,xpos:0.000000,ypos:0.000000,xspeed:6.170000,yspeed:0.420000,angle:2.370000,distense:89.800000,rcs:13.000000
timestame:1619471229.255000000,objid:1,type:0,xpos:0.000000,ypos:0.000000,xspeed:3.870000,yspeed:-4.520000,angle:-18.000000,distense:59.800000,rcs:9.000000
timestame:1619471229.255000000,objid:9,type:0,xpos:0.000000,ypos:0.000000,xspeed:6.280000,yspeed:0.120000,angle:2.090000,distense:81.000000,rcs:33.000000
