timestame:1619469918.439000000,objid:1,type:0,xpos:0.000000,ypos:0.000000,xspeed:5.800000,yspeed:0.130000,angle:1.560000,distense:120.400000,rcs:22.000000
timestame:1619469918.439000000,objid:8,type:0,xpos:0.000000,ypos:0.000000,xspeed:5.780000,yspeed:0.090000,angle:1.550000,distense:113.600000,rcs:21.000000
