timestame:1619470870.961000000,objid:1,type:0,xpos:0.000000,ypos:0.000000,xspeed:-11.470000,yspeed:-1.580000,angle:-3.940000,distense:151.200000,rcs:15.000000
timestame:1619470870.961000000,objid:4,type:0,xpos:0.000000,ypos:0.000000,xspeed:4.370000,yspeed:0.000000,angle:2.320000,distense:11.200000,rcs:22.000000
