timestame:1619470047.932000000,objid:0,type:0,xpos:0.000000,ypos:0.000000,xspeed:6.710000,yspeed:0.370000,angle:4.550000,distense:90.800000,rcs:9.000000
timestame:1619470047.932000000,objid:3,type:0,xpos:0.000000,ypos:0.000000,xspeed:14.900000,yspeed:0.270000,angle:1.250000,distense:219.800000,rcs:9.000000
timestame:1619470047.932000000,objid:5,type:0,xpos:0.000000,ypos:0.000000,xspeed:6.810000,yspeed:0.190000,angle:4.730000,distense:81.200000,rcs:29.000000
