timestame:1619469563.116000000,objid:4,type:0,xpos:0.000000,ypos:0.000000,xspeed:6.840000,yspeed:-9.910000,angle:18.200000,distense:47.200000,rcs:22.000000
timestame:1619469563.116000000,objid:7,type:0,xpos:0.000000,ypos:0.000000,xspeed:-3.430000,yspeed:-13.560000,angle:-17.520000,distense:44.600000,rcs:24.000000
timestame:1619469563.116000000,objid:14,type:0,xpos:0.000000,ypos:0.000000,xspeed:32.090000,yspeed:-15.090000,angle:13.250000,distense:68.800000,rcs:6.000000
