timestame:1619470769.634000000,objid:0,type:0,xpos:0.000000,ypos:0.000000,xspeed:-11.590000,yspeed:-0.510000,angle:-5.420000,distense:157.800000,rcs:13.000000
timestame:1619470769.634000000,objid:1,type:0,xpos:0.000000,ypos:0.000000,xspeed:11.480000,yspeed:0.270000,angle:2.140000,distense:82.400000,rcs:24.000000
timestame:1619470769.634000000,objid:2,type:0,xpos:0.000000,ypos:0.000000,xspeed:-8.850000,yspeed:-5.970000,angle:-6.360000,distense:156.000000,rcs:16.000000
