timestame:1619471401.906000000,objid:0,type:0,xpos:0.000000,ypos:0.000000,xspeed:-2.160000,yspeed:4.490000,angle:-16.600000,distense:44.600000,rcs:6.000000
timestame:1619471401.906000000,objid:5,type:0,xpos:0.000000,ypos:0.000000,xspeed:-3.500000,yspeed:0.000000,angle:-8.550000,distense:42.400000,rcs:18.000000
