timestame:1619470057.120000000,objid:0,type:0,xpos:0.000000,ypos:0.000000,xspeed:-11.450000,yspeed:-1.070000,angle:-4.150000,distense:115.600000,rcs:16.000000
timestame:1619470057.120000000,objid:5,type:0,xpos:0.000000,ypos:0.000000,xspeed:9.270000,yspeed:0.200000,angle:2.730000,distense:158.000000,rcs:24.000000
