timestame:1619469579.944000000,objid:1,type:0,xpos:0.000000,ypos:0.000000,xspeed:-6.050000,yspeed:-0.570000,angle:-8.310000,distense:107.800000,rcs:12.000000
timestame:1619469579.944000000,objid:3,type:0,xpos:0.000000,ypos:0.000000,xspeed:-6.190000,yspeed:-0.150000,angle:-9.360000,distense:97.600000,rcs:16.000000
timestame:1619469579.944000000,objid:5,type:0,xpos:0.000000,ypos:0.000000,xspeed:-6.190000,yspeed:-0.110000,angle:-9.640000,distense:94.400000,rcs:19.000000
