timestame:1619471236.155000000,objid:0,type:0,xpos:0.000000,ypos:0.000000,xspeed:8.140000,yspeed:0.070000,angle:1.370000,distense:143.000000,rcs:9.000000
timestame:1619471236.155000000,objid:9,type:0,xpos:0.000000,ypos:0.000000,xspeed:7.870000,yspeed:0.110000,angle:1.480000,distense:132.800000,rcs:15.000000
