timestame:1619470032.579000000,objid:1,type:0,xpos:0.000000,ypos:0.000000,xspeed:7.290000,yspeed:0.350000,angle:2.500000,distense:52.600000,rcs:35.000000
timestame:1619470032.579000000,objid:4,type:0,xpos:0.000000,ypos:0.000000,xspeed:12.050000,yspeed:0.220000,angle:1.860000,distense:86.400000,rcs:26.000000
timestame:1619470032.579000000,objid:7,type:0,xpos:0.000000,ypos:0.000000,xspeed:1.250000,yspeed:-0.450000,angle:6.970000,distense:22.400000,rcs:29.000000
