timestame:1619471366.944000000,objid:1,type:0,xpos:0.000000,ypos:0.000000,xspeed:7.630000,yspeed:-0.210000,angle:3.060000,distense:115.800000,rcs:25.000000
timestame:1619471366.944000000,objid:2,type:0,xpos:0.000000,ypos:0.000000,xspeed:8.000000,yspeed:-0.080000,angle:3.110000,distense:121.400000,rcs:13.000000
timestame:1619471366.944000000,objid:7,type:0,xpos:0.000000,ypos:0.000000,xspeed:11.730000,yspeed:0.230000,angle:1.590000,distense:152.600000,rcs:22.000000
