timestame:1619471227.831000000,objid:0,type:0,xpos:0.000000,ypos:0.000000,xspeed:5.330000,yspeed:0.670000,angle:2.420000,distense:80.800000,rcs:12.000000
timestame:1619471227.831000000,objid:1,type:0,xpos:0.000000,ypos:0.000000,xspeed:4.660000,yspeed:-3.570000,angle:-15.860000,distense:53.200000,rcs:20.000000
timestame:1619471227.831000000,objid:9,type:0,xpos:0.000000,ypos:0.000000,xspeed:5.780000,yspeed:0.120000,angle:2.170000,distense:71.600000,rcs:35.000000
