timestame:1619469536.631000000,objid:4,type:0,xpos:0.000000,ypos:0.000000,xspeed:16.630000,yspeed:0.330000,angle:1.840000,distense:106.400000,rcs:25.000000
timestame:1619469536.631000000,objid:7,type:0,xpos:0.000000,ypos:0.000000,xspeed:16.540000,yspeed:0.380000,angle:1.610000,distense:113.600000,rcs:19.000000
