timestame:1619470425.379000000,objid:2,type:0,xpos:0.000000,ypos:0.000000,xspeed:1.830000,yspeed:-0.140000,angle:-15.680000,distense:29.600000,rcs:18.000000
timestame:1619470425.379000000,objid:8,type:0,xpos:0.000000,ypos:0.000000,xspeed:2.990000,yspeed:3.990000,angle:-8.000000,distense:45.400000,rcs:6.000000
