timestame:1619470015.919000000,objid:0,type:0,xpos:0.000000,ypos:0.000000,xspeed:-1.870000,yspeed:-1.050000,angle:-18.000000,distense:30.000000,rcs:6.000000
timestame:1619470015.919000000,objid:1,type:0,xpos:0.000000,ypos:0.000000,xspeed:-1.150000,yspeed:-2.520000,angle:10.100000,distense:38.400000,rcs:30.000000
timestame:1619470015.919000000,objid:5,type:0,xpos:0.000000,ypos:0.000000,xspeed:-1.330000,yspeed:-1.900000,angle:-18.000000,distense:35.400000,rcs:12.000000
timestame:1619470015.919000000,objid:14,type:0,xpos:0.000000,ypos:0.000000,xspeed:-1.430000,yspeed:-1.470000,angle:-18.000000,distense:33.600000,rcs:28.000000
