timestame:1619470101.766000000,objid:1,type:0,xpos:0.000000,ypos:0.000000,xspeed:22.720000,yspeed:0.000000,angle:-5.550000,distense:58.000000,rcs:12.000000
timestame:1619470101.766000000,objid:5,type:0,xpos:0.000000,ypos:0.000000,xspeed:4.230000,yspeed:3.170000,angle:-15.500000,distense:42.400000,rcs:6.000000
timestame:1619470101.766000000,objid:9,type:0,xpos:0.000000,ypos:0.000000,xspeed:2.350000,yspeed:-10.760000,angle:-3.910000,distense:51.000000,rcs:6.000000
timestame:1619470101.766000000,objid:11,type:0,xpos:0.000000,ypos:0.000000,xspeed:3.490000,yspeed:0.580000,angle:11.370000,distense:15.600000,rcs:30.000000
