timestame:1619471315.538000000,objid:1,type:0,xpos:0.000000,ypos:0.000000,xspeed:-14.710000,yspeed:-0.880000,angle:-4.840000,distense:143.800000,rcs:12.000000
timestame:1619471315.538000000,objid:2,type:0,xpos:0.000000,ypos:0.000000,xspeed:-1.980000,yspeed:5.080000,angle:-12.430000,distense:37.200000,rcs:6.000000
