timestame:1619470490.654000000,objid:0,type:0,xpos:0.000000,ypos:0.000000,xspeed:1.310000,yspeed:-5.600000,angle:19.650000,distense:45.200000,rcs:31.000000
timestame:1619470490.654000000,objid:2,type:0,xpos:0.000000,ypos:0.000000,xspeed:2.480000,yspeed:-3.560000,angle:-12.680000,distense:58.600000,rcs:13.000000
timestame:1619470490.654000000,objid:5,type:0,xpos:0.000000,ypos:0.000000,xspeed:-2.060000,yspeed:-0.990000,angle:-18.000000,distense:29.800000,rcs:6.000000
timestame:1619470490.654000000,objid:8,type:0,xpos:0.000000,ypos:0.000000,xspeed:1.380000,yspeed:8.530000,angle:-13.130000,distense:49.600000,rcs:16.000000
