timestame:1619470110.824000000,objid:2,type:0,xpos:0.000000,ypos:0.000000,xspeed:6.400000,yspeed:0.000000,angle:-17.780000,distense:22.000000,rcs:22.000000
timestame:1619470110.824000000,objid:4,type:0,xpos:0.000000,ypos:0.000000,xspeed:23.000000,yspeed:-1.410000,angle:19.160000,distense:27.000000,rcs:13.000000
timestame:1619470110.824000000,objid:5,type:0,xpos:0.000000,ypos:0.000000,xspeed:3.170000,yspeed:3.700000,angle:-9.420000,distense:40.400000,rcs:6.000000
timestame:1619470110.824000000,objid:6,type:0,xpos:0.000000,ypos:0.000000,xspeed:-7.270000,yspeed:-0.690000,angle:17.540000,distense:24.400000,rcs:6.000000
