timestame:1619470943.699000000,objid:1,type:0,xpos:0.000000,ypos:0.000000,xspeed:-5.940000,yspeed:0.730000,angle:-16.030000,distense:46.800000,rcs:22.000000
timestame:1619470943.699000000,objid:5,type:0,xpos:0.000000,ypos:0.000000,xspeed:-6.130000,yspeed:-0.540000,angle:-18.000000,distense:51.000000,rcs:22.000000
timestame:1619470943.699000000,objid:7,type:0,xpos:0.000000,ypos:0.000000,xspeed:-5.820000,yspeed:-0.390000,angle:-18.000000,distense:47.400000,rcs:19.000000
