timestame:1619469617.507000000,objid:1,type:0,xpos:0.000000,ypos:0.000000,xspeed:-1.080000,yspeed:0.330000,angle:-12.510000,distense:76.400000,rcs:20.000000
timestame:1619469617.507000000,objid:2,type:0,xpos:0.000000,ypos:0.000000,xspeed:14.620000,yspeed:9.590000,angle:-7.660000,distense:94.400000,rcs:6.000000
timestame:1619469617.507000000,objid:4,type:0,xpos:0.000000,ypos:0.000000,xspeed:-21.270000,yspeed:6.500000,angle:-4.500000,distense:152.400000,rcs:18.000000
timestame:1619469617.507000000,objid:6,type:0,xpos:0.000000,ypos:0.000000,xspeed:-2.040000,yspeed:0.000000,angle:-11.780000,distense:79.800000,rcs:23.000000
