timestame:1619470439.287000000,objid:1,type:0,xpos:0.000000,ypos:0.000000,xspeed:14.060000,yspeed:0.670000,angle:2.580000,distense:47.000000,rcs:32.000000
timestame:1619470439.287000000,objid:2,type:0,xpos:0.000000,ypos:0.000000,xspeed:3.840000,yspeed:-0.020000,angle:10.500000,distense:72.600000,rcs:13.000000
