timestame:1619470441.023000000,objid:1,type:0,xpos:0.000000,ypos:0.000000,xspeed:15.010000,yspeed:0.610000,angle:2.420000,distense:74.400000,rcs:27.000000
timestame:1619470441.023000000,objid:2,type:0,xpos:0.000000,ypos:0.000000,xspeed:3.870000,yspeed:0.000000,angle:9.590000,distense:79.200000,rcs:28.000000
