timestame:1619470872.012000000,objid:1,type:0,xpos:0.000000,ypos:0.000000,xspeed:-7.470000,yspeed:-4.360000,angle:-4.600000,distense:140.200000,rcs:9.000000
timestame:1619470872.012000000,objid:3,type:0,xpos:0.000000,ypos:0.000000,xspeed:-1.070000,yspeed:-4.490000,angle:-8.020000,distense:49.600000,rcs:15.000000
timestame:1619470872.012000000,objid:4,type:0,xpos:0.000000,ypos:0.000000,xspeed:4.010000,yspeed:0.020000,angle:1.500000,distense:15.600000,rcs:37.000000
