timestame:1619471237.268000000,objid:0,type:0,xpos:0.000000,ypos:0.000000,xspeed:8.070000,yspeed:-0.010000,angle:1.210000,distense:152.200000,rcs:6.000000
timestame:1619471237.268000000,objid:9,type:0,xpos:0.000000,ypos:0.000000,xspeed:8.420000,yspeed:-0.020000,angle:1.240000,distense:143.000000,rcs:26.000000
