timestame:1619470734.067000000,objid:1,type:0,xpos:0.000000,ypos:0.000000,xspeed:12.150000,yspeed:0.240000,angle:2.640000,distense:76.000000,rcs:15.000000
timestame:1619470734.067000000,objid:6,type:0,xpos:0.000000,ypos:0.000000,xspeed:12.430000,yspeed:0.560000,angle:2.540000,distense:65.400000,rcs:40.000000
