timestame:1619470039.693000000,objid:0,type:0,xpos:0.000000,ypos:0.000000,xspeed:2.080000,yspeed:0.710000,angle:11.120000,distense:32.800000,rcs:27.000000
timestame:1619470039.693000000,objid:1,type:0,xpos:0.000000,ypos:0.000000,xspeed:11.400000,yspeed:0.020000,angle:1.400000,distense:128.800000,rcs:13.000000
timestame:1619470039.693000000,objid:3,type:0,xpos:0.000000,ypos:0.000000,xspeed:12.880000,yspeed:0.170000,angle:1.890000,distense:101.000000,rcs:28.000000
timestame:1619470039.693000000,objid:5,type:0,xpos:0.000000,ypos:0.000000,xspeed:3.690000,yspeed:0.000000,angle:7.450000,distense:31.600000,rcs:32.000000
