timestame:1619470794.295000000,objid:4,type:0,xpos:0.000000,ypos:0.000000,xspeed:2.010000,yspeed:-8.240000,angle:-8.790000,distense:53.600000,rcs:27.000000
timestame:1619470794.295000000,objid:6,type:0,xpos:0.000000,ypos:0.000000,xspeed:22.720000,yspeed:0.000000,angle:-11.000000,distense:58.800000,rcs:23.000000
timestame:1619470794.295000000,objid:9,type:0,xpos:0.000000,ypos:0.000000,xspeed:1.180000,yspeed:-9.080000,angle:-4.650000,distense:51.200000,rcs:6.000000
