timestame:1619470375.705000000,objid:1,type:0,xpos:0.000000,ypos:0.000000,xspeed:-1.990000,yspeed:-3.320000,angle:-18.000000,distense:36.800000,rcs:26.000000
timestame:1619470375.705000000,objid:5,type:0,xpos:0.000000,ypos:0.000000,xspeed:-4.230000,yspeed:-3.000000,angle:-14.480000,distense:38.200000,rcs:26.000000
timestame:1619470375.705000000,objid:18,type:0,xpos:0.000000,ypos:0.000000,xspeed:-7.010000,yspeed:-0.290000,angle:-7.900000,distense:87.200000,rcs:18.000000
