timestame:1619470691.098000000,objid:0,type:0,xpos:0.000000,ypos:0.000000,xspeed:-4.940000,yspeed:-0.210000,angle:-18.000000,distense:26.000000,rcs:6.000000
timestame:1619470691.098000000,objid:1,type:0,xpos:0.000000,ypos:0.000000,xspeed:2.790000,yspeed:-0.010000,angle:7.710000,distense:31.600000,rcs:24.000000
timestame:1619470691.098000000,objid:3,type:0,xpos:0.000000,ypos:0.000000,xspeed:-7.360000,yspeed:-1.700000,angle:-18.000000,distense:35.600000,rcs:15.000000
timestame:1619470691.098000000,objid:8,type:0,xpos:0.000000,ypos:0.000000,xspeed:-6.180000,yspeed:-0.520000,angle:-18.000000,distense:27.600000,rcs:6.000000
