timestame:1619469656.828000000,objid:1,type:0,xpos:0.000000,ypos:0.000000,xspeed:2.530000,yspeed:3.640000,angle:-6.040000,distense:43.000000,rcs:6.000000
timestame:1619469656.828000000,objid:7,type:0,xpos:0.000000,ypos:0.000000,xspeed:24.050000,yspeed:0.410000,angle:1.030000,distense:181.800000,rcs:9.000000
timestame:1619469656.828000000,objid:8,type:0,xpos:0.000000,ypos:0.000000,xspeed:3.040000,yspeed:2.510000,angle:-13.540000,distense:37.400000,rcs:9.000000
