timestame:1619471098.560000000,objid:2,type:0,xpos:0.000000,ypos:0.000000,xspeed:9.250000,yspeed:0.090000,angle:1.260000,distense:111.800000,rcs:33.000000
timestame:1619471098.560000000,objid:3,type:0,xpos:0.000000,ypos:0.000000,xspeed:-17.790000,yspeed:-1.190000,angle:-18.000000,distense:38.800000,rcs:22.000000
