timestame:1619471228.944000000,objid:0,type:0,xpos:0.000000,ypos:0.000000,xspeed:6.370000,yspeed:0.450000,angle:2.360000,distense:88.200000,rcs:9.000000
timestame:1619471228.944000000,objid:1,type:0,xpos:0.000000,ypos:0.000000,xspeed:4.070000,yspeed:-4.430000,angle:-18.000000,distense:58.400000,rcs:9.000000
timestame:1619471228.944000000,objid:9,type:0,xpos:0.000000,ypos:0.000000,xspeed:6.170000,yspeed:0.110000,angle:2.110000,distense:79.000000,rcs:38.000000
