timestame:1619471314.236000000,objid:0,type:0,xpos:0.000000,ypos:0.000000,xspeed:-15.160000,yspeed:0.000000,angle:-1.750000,distense:168.600000,rcs:9.000000
timestame:1619471314.236000000,objid:1,type:0,xpos:0.000000,ypos:0.000000,xspeed:-15.400000,yspeed:-1.410000,angle:-4.130000,distense:161.800000,rcs:15.000000
timestame:1619471314.236000000,objid:3,type:0,xpos:0.000000,ypos:0.000000,xspeed:2.600000,yspeed:4.400000,angle:-5.880000,distense:46.600000,rcs:6.000000
timestame:1619471314.236000000,objid:4,type:0,xpos:0.000000,ypos:0.000000,xspeed:-1.310000,yspeed:5.340000,angle:17.330000,distense:36.400000,rcs:6.000000
