timestame:1619470992.149000000,objid:3,type:0,xpos:0.000000,ypos:0.000000,xspeed:5.400000,yspeed:-0.160000,angle:6.430000,distense:113.200000,rcs:6.000000
timestame:1619470992.149000000,objid:4,type:0,xpos:0.000000,ypos:0.000000,xspeed:-13.720000,yspeed:-0.600000,angle:-18.000000,distense:29.000000,rcs:6.000000
