timestame:1619470043.415000000,objid:1,type:0,xpos:0.000000,ypos:0.000000,xspeed:13.170000,yspeed:0.080000,angle:1.100000,distense:178.200000,rcs:6.000000
timestame:1619470043.415000000,objid:3,type:0,xpos:0.000000,ypos:0.000000,xspeed:13.900000,yspeed:0.130000,angle:1.370000,distense:152.800000,rcs:20.000000
timestame:1619470043.415000000,objid:4,type:0,xpos:0.000000,ypos:0.000000,xspeed:8.240000,yspeed:0.440000,angle:4.300000,distense:67.600000,rcs:6.000000
timestame:1619470043.415000000,objid:5,type:0,xpos:0.000000,ypos:0.000000,xspeed:5.100000,yspeed:0.380000,angle:6.060000,distense:50.200000,rcs:43.000000
