timestame:1619470460.662000000,objid:0,type:0,xpos:0.000000,ypos:0.000000,xspeed:-16.770000,yspeed:-1.970000,angle:-7.490000,distense:96.400000,rcs:15.000000
timestame:1619470460.662000000,objid:2,type:0,xpos:0.000000,ypos:0.000000,xspeed:5.900000,yspeed:-0.070000,angle:3.230000,distense:179.000000,rcs:15.000000
