timestame:1619469620.437000000,objid:1,type:0,xpos:0.000000,ypos:0.000000,xspeed:-2.510000,yspeed:0.070000,angle:-13.780000,distense:69.200000,rcs:22.000000
timestame:1619469620.437000000,objid:2,type:0,xpos:0.000000,ypos:0.000000,xspeed:-6.170000,yspeed:0.780000,angle:-11.750000,distense:80.200000,rcs:22.000000
timestame:1619469620.437000000,objid:4,type:0,xpos:0.000000,ypos:0.000000,xspeed:-16.140000,yspeed:0.510000,angle:-5.620000,distense:105.400000,rcs:12.000000
timestame:1619469620.437000000,objid:5,type:0,xpos:0.000000,ypos:0.000000,xspeed:-6.990000,yspeed:5.400000,angle:-12.400000,distense:165.000000,rcs:6.000000
