timestame:1619471219.165000000,objid:6,type:0,xpos:0.000000,ypos:0.000000,xspeed:2.970000,yspeed:0.650000,angle:2.440000,distense:46.200000,rcs:13.000000
timestame:1619471219.165000000,objid:9,type:0,xpos:0.000000,ypos:0.000000,xspeed:3.210000,yspeed:0.290000,angle:2.800000,distense:27.400000,rcs:42.000000
timestame:1619471219.165000000,objid:10,type:0,xpos:0.000000,ypos:0.000000,xspeed:3.180000,yspeed:0.240000,angle:0.390000,distense:36.800000,rcs:15.000000
