timestame:1619469921.415000000,objid:1,type:0,xpos:0.000000,ypos:0.000000,xspeed:5.920000,yspeed:0.130000,angle:1.340000,distense:138.000000,rcs:19.000000
timestame:1619469921.415000000,objid:8,type:0,xpos:0.000000,ypos:0.000000,xspeed:5.810000,yspeed:0.130000,angle:1.520000,distense:131.000000,rcs:15.000000
