timestame:1619470985.566000000,objid:0,type:0,xpos:0.000000,ypos:0.000000,xspeed:8.780000,yspeed:0.220000,angle:2.220000,distense:198.000000,rcs:26.000000
timestame:1619470985.566000000,objid:1,type:0,xpos:0.000000,ypos:0.000000,xspeed:-15.630000,yspeed:-0.390000,angle:-12.150000,distense:58.600000,rcs:29.000000
timestame:1619470985.566000000,objid:3,type:0,xpos:0.000000,ypos:0.000000,xspeed:4.380000,yspeed:-1.670000,angle:8.860000,distense:78.400000,rcs:6.000000
timestame:1619470985.566000000,objid:4,type:0,xpos:0.000000,ypos:0.000000,xspeed:-13.590000,yspeed:-2.140000,angle:-6.010000,distense:114.800000,rcs:16.000000
