timestame:1619470480.016000000,objid:0,type:0,xpos:0.000000,ypos:0.000000,xspeed:-7.120000,yspeed:-0.390000,angle:-7.210000,distense:96.200000,rcs:19.000000
timestame:1619470480.016000000,objid:1,type:0,xpos:0.000000,ypos:0.000000,xspeed:-6.140000,yspeed:-0.210000,angle:-6.770000,distense:99.200000,rcs:18.000000
timestame:1619470480.016000000,objid:2,type:0,xpos:0.000000,ypos:0.000000,xspeed:1.700000,yspeed:-0.360000,angle:11.670000,distense:79.200000,rcs:12.000000
timestame:1619470480.016000000,objid:4,type:0,xpos:0.000000,ypos:0.000000,xspeed:1.020000,yspeed:-3.570000,angle:-17.670000,distense:46.200000,rcs:24.000000
