timestame:1619469713.256000000,objid:3,type:0,xpos:0.000000,ypos:0.000000,xspeed:12.840000,yspeed:-1.270000,angle:1.540000,distense:133.600000,rcs:19.000000
timestame:1619469713.256000000,objid:6,type:0,xpos:0.000000,ypos:0.000000,xspeed:-1.540000,yspeed:6.770000,angle:4.430000,distense:37.000000,rcs:27.000000
