timestame:1619471499.845000000,objid:0,type:0,xpos:0.000000,ypos:0.000000,xspeed:7.950000,yspeed:0.160000,angle:1.820000,distense:96.600000,rcs:33.000000
timestame:1619471499.845000000,objid:3,type:0,xpos:0.000000,ypos:0.000000,xspeed:7.940000,yspeed:0.080000,angle:3.270000,distense:126.000000,rcs:20.000000
timestame:1619471499.845000000,objid:10,type:0,xpos:0.000000,ypos:0.000000,xspeed:7.320000,yspeed:0.260000,angle:5.240000,distense:85.000000,rcs:24.000000
