timestame:1619471367.625000000,objid:1,type:0,xpos:0.000000,ypos:0.000000,xspeed:7.860000,yspeed:0.090000,angle:3.210000,distense:121.200000,rcs:18.000000
timestame:1619471367.625000000,objid:2,type:0,xpos:0.000000,ypos:0.000000,xspeed:8.140000,yspeed:-0.040000,angle:3.000000,distense:127.000000,rcs:12.000000
timestame:1619471367.625000000,objid:7,type:0,xpos:0.000000,ypos:0.000000,xspeed:11.680000,yspeed:0.220000,angle:1.560000,distense:160.200000,rcs:16.000000
