timestame:1619470147.009000000,objid:0,type:0,xpos:0.000000,ypos:0.000000,xspeed:2.220000,yspeed:2.490000,angle:-14.320000,distense:39.000000,rcs:13.000000
timestame:1619470147.009000000,objid:1,type:0,xpos:0.000000,ypos:0.000000,xspeed:2.600000,yspeed:1.080000,angle:22.830000,distense:24.800000,rcs:26.000000
timestame:1619470147.009000000,objid:2,type:0,xpos:0.000000,ypos:0.000000,xspeed:3.030000,yspeed:1.770000,angle:21.880000,distense:35.600000,rcs:6.000000
