timestame:1619470057.994000000,objid:0,type:0,xpos:0.000000,ypos:0.000000,xspeed:-12.950000,yspeed:1.250000,angle:-3.820000,distense:103.800000,rcs:13.000000
timestame:1619470057.994000000,objid:5,type:0,xpos:0.000000,ypos:0.000000,xspeed:9.420000,yspeed:0.380000,angle:2.820000,distense:166.800000,rcs:24.000000
