timestame:1619470216.800000000,objid:6,type:0,xpos:0.000000,ypos:0.000000,xspeed:-3.590000,yspeed:-1.300000,angle:-18.000000,distense:48.400000,rcs:9.000000
timestame:1619470216.800000000,objid:13,type:0,xpos:0.000000,ypos:0.000000,xspeed:-5.460000,yspeed:-6.970000,angle:-18.000000,distense:50.000000,rcs:12.000000
