timestame:1619469879.799000000,objid:0,type:0,xpos:0.000000,ypos:0.000000,xspeed:-3.980000,yspeed:-8.190000,angle:-18.000000,distense:35.600000,rcs:20.000000
timestame:1619469879.799000000,objid:6,type:0,xpos:0.000000,ypos:0.000000,xspeed:-4.500000,yspeed:-2.690000,angle:-18.000000,distense:32.800000,rcs:19.000000
timestame:1619469879.799000000,objid:15,type:0,xpos:0.000000,ypos:0.000000,xspeed:-1.190000,yspeed:-4.390000,angle:-8.550000,distense:41.000000,rcs:28.000000
