timestame:1619470484.855000000,objid:1,type:0,xpos:0.000000,ypos:0.000000,xspeed:-3.280000,yspeed:-0.190000,angle:-8.740000,distense:81.600000,rcs:16.000000
timestame:1619470484.855000000,objid:2,type:0,xpos:0.000000,ypos:0.000000,xspeed:2.210000,yspeed:-6.230000,angle:6.510000,distense:63.000000,rcs:21.000000
timestame:1619470484.855000000,objid:5,type:0,xpos:0.000000,ypos:0.000000,xspeed:-3.120000,yspeed:-5.590000,angle:-13.710000,distense:60.000000,rcs:12.000000
