timestame:1619470839.505000000,objid:2,type:0,xpos:0.000000,ypos:0.000000,xspeed:3.870000,yspeed:2.260000,angle:-16.700000,distense:39.200000,rcs:19.000000
timestame:1619470839.505000000,objid:3,type:0,xpos:0.000000,ypos:0.000000,xspeed:2.820000,yspeed:1.810000,angle:-13.990000,distense:37.000000,rcs:22.000000
timestame:1619470839.505000000,objid:7,type:0,xpos:0.000000,ypos:0.000000,xspeed:13.070000,yspeed:0.250000,angle:2.330000,distense:196.800000,rcs:31.000000
