timestame:1619469918.378000000,objid:1,type:0,xpos:0.000000,ypos:0.000000,xspeed:5.800000,yspeed:0.140000,angle:1.570000,distense:120.200000,rcs:12.000000
timestame:1619469918.378000000,objid:8,type:0,xpos:0.000000,ypos:0.000000,xspeed:5.780000,yspeed:0.070000,angle:1.520000,distense:113.400000,rcs:24.000000
