timestame:1619470561.708000000,objid:0,type:0,xpos:0.000000,ypos:0.000000,xspeed:5.570000,yspeed:-0.440000,angle:2.510000,distense:200.800000,rcs:9.000000
timestame:1619470561.708000000,objid:1,type:0,xpos:0.000000,ypos:0.000000,xspeed:5.850000,yspeed:-0.270000,angle:4.050000,distense:192.400000,rcs:21.000000
timestame:1619470561.708000000,objid:2,type:0,xpos:0.000000,ypos:0.000000,xspeed:9.540000,yspeed:-0.520000,angle:3.020000,distense:209.000000,rcs:12.000000
timestame:1619470561.708000000,objid:3,type:0,xpos:0.000000,ypos:0.000000,xspeed:9.520000,yspeed:0.310000,angle:1.960000,distense:79.200000,rcs:32.000000
