timestame:1619470058.240000000,objid:0,type:0,xpos:0.000000,ypos:0.000000,xspeed:-13.200000,yspeed:0.880000,angle:-4.000000,distense:100.600000,rcs:22.000000
timestame:1619470058.240000000,objid:5,type:0,xpos:0.000000,ypos:0.000000,xspeed:9.400000,yspeed:0.430000,angle:2.860000,distense:169.000000,rcs:25.000000
