timestame:1619469953.203000000,objid:4,type:0,xpos:0.000000,ypos:0.000000,xspeed:1.130000,yspeed:-4.890000,angle:-12.030000,distense:58.400000,rcs:24.000000
timestame:1619469953.203000000,objid:8,type:0,xpos:0.000000,ypos:0.000000,xspeed:-1.960000,yspeed:1.480000,angle:19.140000,distense:44.600000,rcs:30.000000
timestame:1619469953.203000000,objid:13,type:0,xpos:0.000000,ypos:0.000000,xspeed:-6.630000,yspeed:2.620000,angle:-4.650000,distense:40.800000,rcs:6.000000
timestame:1619469953.203000000,objid:14,type:0,xpos:0.000000,ypos:0.000000,xspeed:-3.950000,yspeed:8.850000,angle:-9.770000,distense:40.000000,rcs:18.000000
