timestame:1619471220.655000000,objid:0,type:0,xpos:0.000000,ypos:0.000000,xspeed:1.540000,yspeed:2.360000,angle:2.100000,distense:53.800000,rcs:9.000000
timestame:1619471220.655000000,objid:6,type:0,xpos:0.000000,ypos:0.000000,xspeed:3.680000,yspeed:0.300000,angle:2.470000,distense:52.600000,rcs:18.000000
timestame:1619471220.655000000,objid:9,type:0,xpos:0.000000,ypos:0.000000,xspeed:3.750000,yspeed:0.100000,angle:2.410000,distense:33.800000,rcs:42.000000
timestame:1619471220.655000000,objid:10,type:0,xpos:0.000000,ypos:0.000000,xspeed:3.640000,yspeed:0.570000,angle:1.790000,distense:43.000000,rcs:19.000000
