timestame:1619470118.564000000,objid:1,type:0,xpos:0.000000,ypos:0.000000,xspeed:1.330000,yspeed:-0.070000,angle:11.680000,distense:34.400000,rcs:20.000000
timestame:1619470118.564000000,objid:3,type:0,xpos:0.000000,ypos:0.000000,xspeed:-9.130000,yspeed:-1.850000,angle:8.330000,distense:28.400000,rcs:15.000000
timestame:1619470118.564000000,objid:4,type:0,xpos:0.000000,ypos:0.000000,xspeed:-12.820000,yspeed:0.000000,angle:-10.250000,distense:12.600000,rcs:9.000000
timestame:1619470118.564000000,objid:10,type:0,xpos:0.000000,ypos:0.000000,xspeed:2.190000,yspeed:5.560000,angle:-1.270000,distense:49.800000,rcs:6.000000
