timestame:1619470477.647000000,objid:0,type:0,xpos:0.000000,ypos:0.000000,xspeed:-8.160000,yspeed:-0.420000,angle:-5.730000,distense:112.800000,rcs:22.000000
timestame:1619470477.647000000,objid:2,type:0,xpos:0.000000,ypos:0.000000,xspeed:1.340000,yspeed:-0.330000,angle:13.080000,distense:75.200000,rcs:9.000000
