timestame:1619470330.296000000,objid:0,type:0,xpos:0.000000,ypos:0.000000,xspeed:16.350000,yspeed:-0.440000,angle:0.360000,distense:182.600000,rcs:27.000000
timestame:1619470330.296000000,objid:2,type:0,xpos:0.000000,ypos:0.000000,xspeed:9.910000,yspeed:0.370000,angle:1.110000,distense:205.200000,rcs:19.000000
timestame:1619470330.296000000,objid:4,type:0,xpos:0.000000,ypos:0.000000,xspeed:-1.400000,yspeed:-0.290000,angle:13.600000,distense:67.200000,rcs:6.000000
