timestame:1619470129.183000000,objid:7,type:0,xpos:0.000000,ypos:0.000000,xspeed:-9.620000,yspeed:0.100000,angle:-5.040000,distense:119.200000,rcs:15.000000
timestame:1619470129.183000000,objid:8,type:0,xpos:0.000000,ypos:0.000000,xspeed:-7.820000,yspeed:-5.670000,angle:15.480000,distense:24.600000,rcs:6.000000
timestame:1619470129.183000000,objid:9,type:0,xpos:0.000000,ypos:0.000000,xspeed:5.890000,yspeed:1.440000,angle:22.360000,distense:25.600000,rcs:29.000000
timestame:1619470129.183000000,objid:11,type:0,xpos:0.000000,ypos:0.000000,xspeed:-1.230000,yspeed:3.810000,angle:-18.000000,distense:39.800000,rcs:6.000000
