timestame:1619469785.398000000,objid:1,type:0,xpos:0.000000,ypos:0.000000,xspeed:-21.460000,yspeed:-0.850000,angle:-7.110000,distense:117.800000,rcs:9.000000
timestame:1619469785.398000000,objid:2,type:0,xpos:0.000000,ypos:0.000000,xspeed:16.990000,yspeed:-0.060000,angle:0.870000,distense:184.200000,rcs:9.000000
timestame:1619469785.398000000,objid:4,type:0,xpos:0.000000,ypos:0.000000,xspeed:-17.340000,yspeed:-0.220000,angle:-7.770000,distense:110.000000,rcs:22.000000
timestame:1619469785.398000000,objid:10,type:0,xpos:0.000000,ypos:0.000000,xspeed:16.790000,yspeed:0.250000,angle:1.250000,distense:171.200000,rcs:22.000000
