timestame:1619470480.078000000,objid:0,type:0,xpos:0.000000,ypos:0.000000,xspeed:-7.120000,yspeed:-0.390000,angle:-7.310000,distense:95.400000,rcs:19.000000
timestame:1619470480.078000000,objid:1,type:0,xpos:0.000000,ypos:0.000000,xspeed:-5.830000,yspeed:-0.640000,angle:-6.930000,distense:98.600000,rcs:15.000000
timestame:1619470480.078000000,objid:2,type:0,xpos:0.000000,ypos:0.000000,xspeed:1.690000,yspeed:-0.340000,angle:11.640000,distense:79.400000,rcs:9.000000
timestame:1619470480.078000000,objid:4,type:0,xpos:0.000000,ypos:0.000000,xspeed:1.150000,yspeed:-3.700000,angle:22.520000,distense:46.200000,rcs:29.000000
