timestame:1619470560.902000000,objid:0,type:0,xpos:0.000000,ypos:0.000000,xspeed:5.130000,yspeed:-0.390000,angle:2.720000,distense:195.800000,rcs:6.000000
timestame:1619470560.902000000,objid:1,type:0,xpos:0.000000,ypos:0.000000,xspeed:5.400000,yspeed:-0.110000,angle:4.360000,distense:187.200000,rcs:19.000000
timestame:1619470560.902000000,objid:3,type:0,xpos:0.000000,ypos:0.000000,xspeed:8.740000,yspeed:0.160000,angle:1.800000,distense:70.600000,rcs:38.000000
