timestame:1619470593.983000000,objid:0,type:0,xpos:0.000000,ypos:0.000000,xspeed:-14.500000,yspeed:-0.640000,angle:-18.000000,distense:22.800000,rcs:6.000000
timestame:1619470593.983000000,objid:5,type:0,xpos:0.000000,ypos:0.000000,xspeed:8.340000,yspeed:2.060000,angle:22.630000,distense:31.200000,rcs:29.000000
timestame:1619470593.983000000,objid:6,type:0,xpos:0.000000,ypos:0.000000,xspeed:6.200000,yspeed:1.690000,angle:19.390000,distense:29.400000,rcs:19.000000
