timestame:1619470135.644000000,objid:3,type:0,xpos:0.000000,ypos:0.000000,xspeed:-3.660000,yspeed:-0.930000,angle:-18.000000,distense:24.000000,rcs:6.000000
timestame:1619470135.644000000,objid:6,type:0,xpos:0.000000,ypos:0.000000,xspeed:1.550000,yspeed:3.590000,angle:-1.950000,distense:47.400000,rcs:6.000000
timestame:1619470135.644000000,objid:7,type:0,xpos:0.000000,ypos:0.000000,xspeed:-5.030000,yspeed:-0.190000,angle:-9.220000,distense:79.200000,rcs:15.000000
timestame:1619470135.644000000,objid:8,type:0,xpos:0.000000,ypos:0.000000,xspeed:3.650000,yspeed:3.120000,angle:-11.180000,distense:38.200000,rcs:13.000000
