timestame:1619470610.675000000,objid:3,type:0,xpos:0.000000,ypos:0.000000,xspeed:5.320000,yspeed:7.030000,angle:-15.640000,distense:33.000000,rcs:18.000000
timestame:1619470610.675000000,objid:4,type:0,xpos:0.000000,ypos:0.000000,xspeed:5.240000,yspeed:0.000000,angle:-15.650000,distense:29.800000,rcs:24.000000
