timestame:1619470989.293000000,objid:3,type:0,xpos:0.000000,ypos:0.000000,xspeed:5.150000,yspeed:0.120000,angle:8.040000,distense:97.800000,rcs:6.000000
timestame:1619470989.293000000,objid:4,type:0,xpos:0.000000,ypos:0.000000,xspeed:-13.470000,yspeed:-0.440000,angle:-11.690000,distense:65.400000,rcs:19.000000
timestame:1619470989.293000000,objid:7,type:0,xpos:0.000000,ypos:0.000000,xspeed:-15.460000,yspeed:-1.910000,angle:-18.000000,distense:18.800000,rcs:9.000000
