timestame:1619469916.392000000,objid:1,type:0,xpos:0.000000,ypos:0.000000,xspeed:5.490000,yspeed:0.010000,angle:1.480000,distense:108.400000,rcs:16.000000
timestame:1619469916.392000000,objid:2,type:0,xpos:0.000000,ypos:0.000000,xspeed:13.640000,yspeed:0.360000,angle:2.420000,distense:213.400000,rcs:24.000000
timestame:1619469916.392000000,objid:8,type:0,xpos:0.000000,ypos:0.000000,xspeed:5.540000,yspeed:-0.010000,angle:1.560000,distense:101.600000,rcs:22.000000
