timestame:1619471168.696000000,objid:0,type:0,xpos:0.000000,ypos:0.000000,xspeed:-9.390000,yspeed:-0.310000,angle:-5.180000,distense:121.800000,rcs:16.000000
timestame:1619471168.696000000,objid:2,type:0,xpos:0.000000,ypos:0.000000,xspeed:2.860000,yspeed:0.490000,angle:3.780000,distense:15.000000,rcs:31.000000
timestame:1619471168.696000000,objid:6,type:0,xpos:0.000000,ypos:0.000000,xspeed:5.820000,yspeed:0.000000,angle:21.470000,distense:19.200000,rcs:16.000000
timestame:1619471168.696000000,objid:7,type:0,xpos:0.000000,ypos:0.000000,xspeed:5.210000,yspeed:-2.540000,angle:-17.680000,distense:15.000000,rcs:26.000000
