timestame:1619470142.528000000,objid:0,type:0,xpos:0.000000,ypos:0.000000,xspeed:4.540000,yspeed:1.320000,angle:-17.520000,distense:23.600000,rcs:15.000000
timestame:1619470142.528000000,objid:1,type:0,xpos:0.000000,ypos:0.000000,xspeed:1.730000,yspeed:-0.210000,angle:14.080000,distense:29.200000,rcs:6.000000
timestame:1619470142.528000000,objid:3,type:0,xpos:0.000000,ypos:0.000000,xspeed:12.400000,yspeed:-11.060000,angle:13.190000,distense:28.000000,rcs:6.000000
