timestame:1619470489.405000000,objid:1,type:0,xpos:0.000000,ypos:0.000000,xspeed:-5.660000,yspeed:0.800000,angle:-18.000000,distense:36.400000,rcs:6.000000
timestame:1619470489.405000000,objid:4,type:0,xpos:0.000000,ypos:0.000000,xspeed:-1.370000,yspeed:2.120000,angle:-16.060000,distense:45.400000,rcs:29.000000
timestame:1619470489.405000000,objid:5,type:0,xpos:0.000000,ypos:0.000000,xspeed:-3.490000,yspeed:-2.390000,angle:-18.000000,distense:30.400000,rcs:12.000000
timestame:1619470489.405000000,objid:6,type:0,xpos:0.000000,ypos:0.000000,xspeed:-3.300000,yspeed:-4.350000,angle:-18.000000,distense:34.600000,rcs:25.000000
