timestame:1619471154.812000000,objid:0,type:0,xpos:0.000000,ypos:0.000000,xspeed:-1.600000,yspeed:-3.830000,angle:-9.270000,distense:60.000000,rcs:6.000000
timestame:1619471154.812000000,objid:1,type:0,xpos:0.000000,ypos:0.000000,xspeed:-6.910000,yspeed:-5.440000,angle:0.350000,distense:66.200000,rcs:6.000000
timestame:1619471154.812000000,objid:3,type:0,xpos:0.000000,ypos:0.000000,xspeed:12.230000,yspeed:0.000000,angle:-11.270000,distense:84.400000,rcs:9.000000
timestame:1619471154.812000000,objid:8,type:0,xpos:0.000000,ypos:0.000000,xspeed:6.780000,yspeed:2.680000,angle:-16.620000,distense:22.000000,rcs:28.000000
