timestame:1619470534.475000000,objid:0,type:0,xpos:0.000000,ypos:0.000000,xspeed:5.820000,yspeed:0.590000,angle:16.830000,distense:24.400000,rcs:32.000000
timestame:1619470534.475000000,objid:1,type:0,xpos:0.000000,ypos:0.000000,xspeed:-9.920000,yspeed:-2.600000,angle:17.680000,distense:21.000000,rcs:6.000000
timestame:1619470534.475000000,objid:2,type:0,xpos:0.000000,ypos:0.000000,xspeed:-6.440000,yspeed:-0.990000,angle:-8.380000,distense:111.400000,rcs:9.000000
timestame:1619470534.475000000,objid:4,type:0,xpos:0.000000,ypos:0.000000,xspeed:2.410000,yspeed:-4.620000,angle:20.360000,distense:23.600000,rcs:13.000000
