timestame:1619471064.543000000,objid:0,type:0,xpos:0.000000,ypos:0.000000,xspeed:-6.710000,yspeed:0.490000,angle:-4.900000,distense:114.000000,rcs:20.000000
timestame:1619471064.543000000,objid:2,type:0,xpos:0.000000,ypos:0.000000,xspeed:8.080000,yspeed:-20.480000,angle:-16.360000,distense:62.400000,rcs:13.000000
timestame:1619471064.543000000,objid:3,type:0,xpos:0.000000,ypos:0.000000,xspeed:-7.660000,yspeed:-1.160000,angle:-4.080000,distense:162.400000,rcs:15.000000
timestame:1619471064.543000000,objid:9,type:0,xpos:0.000000,ypos:0.000000,xspeed:-1.670000,yspeed:-0.070000,angle:-10.120000,distense:73.000000,rcs:12.000000
