timestame:1619471308.216000000,objid:0,type:0,xpos:0.000000,ypos:0.000000,xspeed:3.580000,yspeed:0.870000,angle:18.370000,distense:29.400000,rcs:32.000000
timestame:1619471308.216000000,objid:1,type:0,xpos:0.000000,ypos:0.000000,xspeed:4.830000,yspeed:3.060000,angle:21.760000,distense:32.400000,rcs:24.000000
timestame:1619471308.216000000,objid:2,type:0,xpos:0.000000,ypos:0.000000,xspeed:4.270000,yspeed:1.180000,angle:22.500000,distense:28.400000,rcs:27.000000
