timestame:1619470057.243000000,objid:0,type:0,xpos:0.000000,ypos:0.000000,xspeed:-7.900000,yspeed:0.630000,angle:-4.000000,distense:115.400000,rcs:15.000000
timestame:1619470057.243000000,objid:5,type:0,xpos:0.000000,ypos:0.000000,xspeed:9.330000,yspeed:0.170000,angle:2.690000,distense:159.200000,rcs:16.000000
