timestame:1619470699.958000000,objid:1,type:0,xpos:0.000000,ypos:0.000000,xspeed:8.680000,yspeed:0.250000,angle:4.260000,distense:95.400000,rcs:18.000000
timestame:1619470699.958000000,objid:2,type:0,xpos:0.000000,ypos:0.000000,xspeed:-8.090000,yspeed:4.520000,angle:-9.390000,distense:106.000000,rcs:12.000000
