timestame:1619471087.138000000,objid:0,type:0,xpos:0.000000,ypos:0.000000,xspeed:8.440000,yspeed:0.380000,angle:1.650000,distense:63.600000,rcs:31.000000
timestame:1619471087.138000000,objid:4,type:0,xpos:0.000000,ypos:0.000000,xspeed:-23.320000,yspeed:-0.610000,angle:-6.020000,distense:110.400000,rcs:12.000000
timestame:1619471087.138000000,objid:11,type:0,xpos:0.000000,ypos:0.000000,xspeed:3.210000,yspeed:0.190000,angle:2.690000,distense:25.400000,rcs:41.000000
