timestame:1619471164.357000000,objid:0,type:0,xpos:0.000000,ypos:0.000000,xspeed:-9.360000,yspeed:3.750000,angle:-3.040000,distense:164.600000,rcs:13.000000
timestame:1619471164.357000000,objid:3,type:0,xpos:0.000000,ypos:0.000000,xspeed:3.290000,yspeed:5.000000,angle:-8.700000,distense:43.800000,rcs:12.000000
timestame:1619471164.357000000,objid:8,type:0,xpos:0.000000,ypos:0.000000,xspeed:2.930000,yspeed:4.560000,angle:-7.020000,distense:45.800000,rcs:6.000000
