timestame:1619469698.944000000,objid:2,type:0,xpos:0.000000,ypos:0.000000,xspeed:-2.090000,yspeed:-2.760000,angle:-18.000000,distense:41.800000,rcs:25.000000
timestame:1619469698.944000000,objid:5,type:0,xpos:0.000000,ypos:0.000000,xspeed:-6.010000,yspeed:-5.030000,angle:-18.000000,distense:39.200000,rcs:15.000000
timestame:1619469698.944000000,objid:8,type:0,xpos:0.000000,ypos:0.000000,xspeed:3.860000,yspeed:9.390000,angle:-9.030000,distense:45.200000,rcs:28.000000
