timestame:1619470367.385000000,objid:0,type:0,xpos:0.000000,ypos:0.000000,xspeed:2.610000,yspeed:4.460000,angle:10.510000,distense:51.400000,rcs:6.000000
timestame:1619470367.385000000,objid:4,type:0,xpos:0.000000,ypos:0.000000,xspeed:-2.110000,yspeed:-4.180000,angle:-18.000000,distense:41.400000,rcs:6.000000
timestame:1619470367.385000000,objid:6,type:0,xpos:0.000000,ypos:0.000000,xspeed:-6.690000,yspeed:-4.850000,angle:-18.000000,distense:40.800000,rcs:25.000000
