timestame:1619470442.642000000,objid:1,type:0,xpos:0.000000,ypos:0.000000,xspeed:16.150000,yspeed:0.460000,angle:2.100000,distense:101.800000,rcs:20.000000
timestame:1619470442.642000000,objid:2,type:0,xpos:0.000000,ypos:0.000000,xspeed:3.870000,yspeed:-0.140000,angle:8.680000,distense:85.200000,rcs:9.000000
