timestame:1619469814.911000000,objid:1,type:0,xpos:0.000000,ypos:0.000000,xspeed:4.940000,yspeed:5.380000,angle:-8.290000,distense:51.800000,rcs:13.000000
timestame:1619469814.911000000,objid:3,type:0,xpos:0.000000,ypos:0.000000,xspeed:-1.460000,yspeed:0.000000,angle:-2.230000,distense:50.800000,rcs:19.000000
timestame:1619469814.911000000,objid:4,type:0,xpos:0.000000,ypos:0.000000,xspeed:-10.200000,yspeed:0.000000,angle:-3.400000,distense:188.800000,rcs:9.000000
