timestame:1619471228.882000000,objid:0,type:0,xpos:0.000000,ypos:0.000000,xspeed:6.370000,yspeed:0.450000,angle:2.350000,distense:88.000000,rcs:9.000000
timestame:1619471228.882000000,objid:1,type:0,xpos:0.000000,ypos:0.000000,xspeed:4.020000,yspeed:-4.480000,angle:-18.000000,distense:58.000000,rcs:19.000000
timestame:1619471228.882000000,objid:9,type:0,xpos:0.000000,ypos:0.000000,xspeed:6.130000,yspeed:0.160000,angle:2.180000,distense:78.400000,rcs:29.000000
