timestame:1619469622.112000000,objid:1,type:0,xpos:0.000000,ypos:0.000000,xspeed:-3.420000,yspeed:0.110000,angle:-14.990000,distense:62.800000,rcs:21.000000
timestame:1619469622.112000000,objid:2,type:0,xpos:0.000000,ypos:0.000000,xspeed:-4.040000,yspeed:-0.090000,angle:-13.050000,distense:74.400000,rcs:20.000000
timestame:1619469622.112000000,objid:4,type:0,xpos:0.000000,ypos:0.000000,xspeed:-15.310000,yspeed:0.260000,angle:-7.360000,distense:80.800000,rcs:20.000000
