timestame:1619470772.244000000,objid:0,type:0,xpos:0.000000,ypos:0.000000,xspeed:-9.980000,yspeed:-0.230000,angle:-6.500000,distense:132.200000,rcs:15.000000
timestame:1619470772.244000000,objid:1,type:0,xpos:0.000000,ypos:0.000000,xspeed:13.790000,yspeed:0.090000,angle:1.520000,distense:120.000000,rcs:13.000000
timestame:1619470772.244000000,objid:3,type:0,xpos:0.000000,ypos:0.000000,xspeed:-8.130000,yspeed:0.630000,angle:-18.000000,distense:50.400000,rcs:6.000000
