timestame:1619470635.235000000,objid:2,type:0,xpos:0.000000,ypos:0.000000,xspeed:-2.190000,yspeed:-0.020000,angle:-8.850000,distense:80.800000,rcs:15.000000
timestame:1619470635.235000000,objid:3,type:0,xpos:0.000000,ypos:0.000000,xspeed:2.150000,yspeed:-3.040000,angle:-16.650000,distense:51.000000,rcs:9.000000
