timestame:1619470880.821000000,objid:3,type:0,xpos:0.000000,ypos:0.000000,xspeed:-1.760000,yspeed:-3.190000,angle:-18.000000,distense:34.200000,rcs:28.000000
timestame:1619470880.821000000,objid:4,type:0,xpos:0.000000,ypos:0.000000,xspeed:-23.800000,yspeed:-5.370000,angle:-18.000000,distense:14.600000,rcs:6.000000
timestame:1619470880.821000000,objid:17,type:0,xpos:0.000000,ypos:0.000000,xspeed:1.440000,yspeed:-6.190000,angle:16.310000,distense:43.200000,rcs:18.000000
timestame:1619470880.821000000,objid:23,type:0,xpos:0.000000,ypos:0.000000,xspeed:-2.680000,yspeed:-3.320000,angle:-18.000000,distense:49.400000,rcs:12.000000
