timestame:1619469630.705000000,objid:1,type:0,xpos:0.000000,ypos:0.000000,xspeed:-4.340000,yspeed:0.010000,angle:-18.000000,distense:27.400000,rcs:6.000000
timestame:1619469630.705000000,objid:2,type:0,xpos:0.000000,ypos:0.000000,xspeed:-6.080000,yspeed:-0.610000,angle:-18.000000,distense:34.600000,rcs:13.000000
timestame:1619469630.705000000,objid:6,type:0,xpos:0.000000,ypos:0.000000,xspeed:-10.390000,yspeed:-0.070000,angle:-5.910000,distense:78.600000,rcs:18.000000
timestame:1619469630.705000000,objid:7,type:0,xpos:0.000000,ypos:0.000000,xspeed:-6.250000,yspeed:-0.300000,angle:-18.000000,distense:38.600000,rcs:19.000000
