timestame:1619470294.462000000,objid:0,type:0,xpos:0.000000,ypos:0.000000,xspeed:1.750000,yspeed:0.080000,angle:5.430000,distense:22.000000,rcs:26.000000
timestame:1619470294.462000000,objid:1,type:0,xpos:0.000000,ypos:0.000000,xspeed:-1.260000,yspeed:-0.060000,angle:5.140000,distense:9.400000,rcs:29.000000
timestame:1619470294.462000000,objid:2,type:0,xpos:0.000000,ypos:0.000000,xspeed:-12.170000,yspeed:-0.750000,angle:-18.000000,distense:23.800000,rcs:6.000000
timestame:1619470294.462000000,objid:5,type:0,xpos:0.000000,ypos:0.000000,xspeed:2.480000,yspeed:0.380000,angle:2.190000,distense:19.400000,rcs:26.000000
