timestame:1619469705.067000000,objid:1,type:0,xpos:0.000000,ypos:0.000000,xspeed:-1.370000,yspeed:-3.160000,angle:-18.000000,distense:41.400000,rcs:12.000000
timestame:1619469705.067000000,objid:4,type:0,xpos:0.000000,ypos:0.000000,xspeed:-1.060000,yspeed:-3.350000,angle:-16.290000,distense:42.200000,rcs:23.000000
timestame:1619469705.067000000,objid:6,type:0,xpos:0.000000,ypos:0.000000,xspeed:-1.330000,yspeed:-0.890000,angle:-18.000000,distense:38.000000,rcs:22.000000
timestame:1619469705.067000000,objid:14,type:0,xpos:0.000000,ypos:0.000000,xspeed:-3.010000,yspeed:-2.970000,angle:-18.000000,distense:38.800000,rcs:25.000000
