timestame:1619471499.163000000,objid:0,type:0,xpos:0.000000,ypos:0.000000,xspeed:7.810000,yspeed:0.080000,angle:1.770000,distense:90.600000,rcs:30.000000
timestame:1619471499.163000000,objid:3,type:0,xpos:0.000000,ypos:0.000000,xspeed:7.670000,yspeed:0.040000,angle:3.380000,distense:120.000000,rcs:20.000000
timestame:1619471499.163000000,objid:10,type:0,xpos:0.000000,ypos:0.000000,xspeed:7.060000,yspeed:0.350000,angle:5.580000,distense:79.200000,rcs:24.000000
