timestame:1619470376.143000000,objid:1,type:0,xpos:0.000000,ypos:0.000000,xspeed:-2.040000,yspeed:-3.160000,angle:-18.000000,distense:36.400000,rcs:22.000000
timestame:1619470376.143000000,objid:5,type:0,xpos:0.000000,ypos:0.000000,xspeed:-4.510000,yspeed:-2.070000,angle:-16.690000,distense:36.600000,rcs:27.000000
timestame:1619470376.143000000,objid:18,type:0,xpos:0.000000,ypos:0.000000,xspeed:-6.190000,yspeed:-0.370000,angle:-8.210000,distense:85.400000,rcs:16.000000
