timestame:1619471078.643000000,objid:1,type:0,xpos:0.000000,ypos:0.000000,xspeed:-6.760000,yspeed:-0.430000,angle:-18.000000,distense:47.800000,rcs:22.000000
timestame:1619471078.643000000,objid:3,type:0,xpos:0.000000,ypos:0.000000,xspeed:-9.460000,yspeed:-0.260000,angle:-13.770000,distense:52.000000,rcs:24.000000
timestame:1619471078.643000000,objid:5,type:0,xpos:0.000000,ypos:0.000000,xspeed:-10.140000,yspeed:-0.470000,angle:-18.000000,distense:30.800000,rcs:12.000000
timestame:1619471078.643000000,objid:6,type:0,xpos:0.000000,ypos:0.000000,xspeed:-5.440000,yspeed:-0.300000,angle:-18.000000,distense:44.600000,rcs:29.000000
