timestame:1619470974.129000000,objid:0,type:0,xpos:0.000000,ypos:0.000000,xspeed:6.340000,yspeed:0.000000,angle:3.620000,distense:107.400000,rcs:22.000000
timestame:1619470974.129000000,objid:2,type:0,xpos:0.000000,ypos:0.000000,xspeed:1.440000,yspeed:3.830000,angle:-3.040000,distense:46.600000,rcs:6.000000
timestame:1619470974.129000000,objid:3,type:0,xpos:0.000000,ypos:0.000000,xspeed:6.850000,yspeed:-0.570000,angle:2.260000,distense:116.600000,rcs:13.000000
timestame:1619470974.129000000,objid:9,type:0,xpos:0.000000,ypos:0.000000,xspeed:2.470000,yspeed:3.080000,angle:-10.710000,distense:40.200000,rcs:15.000000
