timestame:1619470708.714000000,objid:1,type:0,xpos:0.000000,ypos:0.000000,xspeed:12.690000,yspeed:0.280000,angle:2.210000,distense:198.600000,rcs:15.000000
timestame:1619470708.714000000,objid:2,type:0,xpos:0.000000,ypos:0.000000,xspeed:3.710000,yspeed:0.390000,angle:22.390000,distense:21.400000,rcs:23.000000
timestame:1619470708.714000000,objid:3,type:0,xpos:0.000000,ypos:0.000000,xspeed:19.110000,yspeed:13.600000,angle:-15.660000,distense:40.000000,rcs:18.000000
timestame:1619470708.714000000,objid:7,type:0,xpos:0.000000,ypos:0.000000,xspeed:9.610000,yspeed:4.750000,angle:-13.570000,distense:20.600000,rcs:13.000000
