timestame:1619470776.843000000,objid:0,type:0,xpos:0.000000,ypos:0.000000,xspeed:19.690000,yspeed:1.310000,angle:1.410000,distense:206.600000,rcs:6.000000
timestame:1619470776.843000000,objid:1,type:0,xpos:0.000000,ypos:0.000000,xspeed:-7.350000,yspeed:-1.060000,angle:-9.620000,distense:100.000000,rcs:15.000000
timestame:1619470776.843000000,objid:3,type:0,xpos:0.000000,ypos:0.000000,xspeed:-3.190000,yspeed:5.380000,angle:-8.590000,distense:47.400000,rcs:6.000000
