timestame:1619470977.721000000,objid:0,type:0,xpos:0.000000,ypos:0.000000,xspeed:6.920000,yspeed:-0.270000,angle:2.580000,distense:132.600000,rcs:25.000000
timestame:1619470977.721000000,objid:2,type:0,xpos:0.000000,ypos:0.000000,xspeed:-18.140000,yspeed:-1.270000,angle:-3.330000,distense:176.800000,rcs:9.000000
timestame:1619470977.721000000,objid:3,type:0,xpos:0.000000,ypos:0.000000,xspeed:7.110000,yspeed:0.160000,angle:2.340000,distense:142.600000,rcs:6.000000
timestame:1619470977.721000000,objid:5,type:0,xpos:0.000000,ypos:0.000000,xspeed:-19.090000,yspeed:0.030000,angle:-9.590000,distense:91.600000,rcs:12.000000
