timestame:1619471321.378000000,objid:1,type:0,xpos:0.000000,ypos:0.000000,xspeed:-6.730000,yspeed:-0.590000,angle:-7.530000,distense:92.600000,rcs:19.000000
timestame:1619471321.378000000,objid:3,type:0,xpos:0.000000,ypos:0.000000,xspeed:-12.870000,yspeed:-0.050000,angle:-3.660000,distense:166.800000,rcs:18.000000
timestame:1619471321.378000000,objid:4,type:0,xpos:0.000000,ypos:0.000000,xspeed:-2.440000,yspeed:-3.900000,angle:6.500000,distense:41.800000,rcs:24.000000
