timestame:1619469762.507000000,objid:3,type:0,xpos:0.000000,ypos:0.000000,xspeed:4.990000,yspeed:0.790000,angle:19.520000,distense:23.200000,rcs:27.000000
timestame:1619469762.507000000,objid:5,type:0,xpos:0.000000,ypos:0.000000,xspeed:-18.390000,yspeed:-0.190000,angle:-14.330000,distense:68.400000,rcs:12.000000
timestame:1619469762.507000000,objid:6,type:0,xpos:0.000000,ypos:0.000000,xspeed:3.840000,yspeed:1.670000,angle:-15.270000,distense:19.200000,rcs:15.000000
