timestame:1619470881.502000000,objid:3,type:0,xpos:0.000000,ypos:0.000000,xspeed:-1.450000,yspeed:-2.920000,angle:-18.000000,distense:34.600000,rcs:23.000000
timestame:1619470881.502000000,objid:11,type:0,xpos:0.000000,ypos:0.000000,xspeed:-2.040000,yspeed:0.000000,angle:21.490000,distense:43.400000,rcs:26.000000
timestame:1619470881.502000000,objid:23,type:0,xpos:0.000000,ypos:0.000000,xspeed:-1.620000,yspeed:-1.930000,angle:-18.000000,distense:49.200000,rcs:9.000000
