timestame:1619470212.653000000,objid:0,type:0,xpos:0.000000,ypos:0.000000,xspeed:1.040000,yspeed:0.090000,angle:6.250000,distense:16.600000,rcs:21.000000
timestame:1619470212.653000000,objid:1,type:0,xpos:0.000000,ypos:0.000000,xspeed:-3.330000,yspeed:8.140000,angle:-16.790000,distense:44.000000,rcs:9.000000
timestame:1619470212.653000000,objid:2,type:0,xpos:0.000000,ypos:0.000000,xspeed:-2.230000,yspeed:8.300000,angle:-12.740000,distense:43.200000,rcs:15.000000
timestame:1619470212.653000000,objid:3,type:0,xpos:0.000000,ypos:0.000000,xspeed:2.770000,yspeed:-12.930000,angle:-12.250000,distense:47.800000,rcs:12.000000
