timestame:1619470571.614000000,objid:1,type:0,xpos:0.000000,ypos:0.000000,xspeed:2.900000,yspeed:3.480000,angle:-8.190000,distense:45.800000,rcs:6.000000
timestame:1619470571.614000000,objid:3,type:0,xpos:0.000000,ypos:0.000000,xspeed:15.310000,yspeed:0.250000,angle:1.090000,distense:221.800000,rcs:16.000000
