timestame:1619470032.021000000,objid:1,type:0,xpos:0.000000,ypos:0.000000,xspeed:6.840000,yspeed:0.390000,angle:2.570000,distense:47.800000,rcs:33.000000
timestame:1619470032.021000000,objid:4,type:0,xpos:0.000000,ypos:0.000000,xspeed:11.610000,yspeed:0.180000,angle:1.910000,distense:79.200000,rcs:24.000000
timestame:1619470032.021000000,objid:7,type:0,xpos:0.000000,ypos:0.000000,xspeed:1.600000,yspeed:-0.990000,angle:6.260000,distense:22.200000,rcs:29.000000
