timestame:1619469646.348000000,objid:2,type:0,xpos:0.000000,ypos:0.000000,xspeed:12.810000,yspeed:0.930000,angle:5.340000,distense:82.800000,rcs:26.000000
timestame:1619469646.348000000,objid:13,type:0,xpos:0.000000,ypos:0.000000,xspeed:15.150000,yspeed:0.660000,angle:2.340000,distense:140.800000,rcs:33.000000
timestame:1619469646.348000000,objid:14,type:0,xpos:0.000000,ypos:0.000000,xspeed:12.890000,yspeed:0.420000,angle:5.040000,distense:80.000000,rcs:29.000000
