timestame:1619470137.692000000,objid:0,type:0,xpos:0.000000,ypos:0.000000,xspeed:-4.720000,yspeed:-1.260000,angle:10.390000,distense:40.200000,rcs:16.000000
timestame:1619470137.692000000,objid:7,type:0,xpos:0.000000,ypos:0.000000,xspeed:-3.180000,yspeed:-0.300000,angle:-10.290000,distense:74.400000,rcs:18.000000
timestame:1619470137.692000000,objid:8,type:0,xpos:0.000000,ypos:0.000000,xspeed:2.890000,yspeed:3.960000,angle:-4.930000,distense:47.400000,rcs:6.000000
