timestame:1619471261.237000000,objid:2,type:0,xpos:0.000000,ypos:0.000000,xspeed:12.500000,yspeed:0.260000,angle:4.050000,distense:89.800000,rcs:34.000000
timestame:1619471261.237000000,objid:6,type:0,xpos:0.000000,ypos:0.000000,xspeed:12.530000,yspeed:-0.130000,angle:3.680000,distense:102.000000,rcs:18.000000
timestame:1619471261.237000000,objid:10,type:0,xpos:0.000000,ypos:0.000000,xspeed:12.390000,yspeed:0.590000,angle:4.970000,distense:77.600000,rcs:15.000000
