timestame:1619470164.821000000,objid:3,type:0,xpos:0.000000,ypos:0.000000,xspeed:6.080000,yspeed:0.430000,angle:7.220000,distense:50.800000,rcs:25.000000
timestame:1619470164.821000000,objid:6,type:0,xpos:0.000000,ypos:0.000000,xspeed:1.750000,yspeed:0.230000,angle:1.630000,distense:23.400000,rcs:30.000000
