timestame:1619470046.624000000,objid:0,type:0,xpos:0.000000,ypos:0.000000,xspeed:6.650000,yspeed:0.190000,angle:4.490000,distense:82.200000,rcs:12.000000
timestame:1619470046.624000000,objid:3,type:0,xpos:0.000000,ypos:0.000000,xspeed:14.720000,yspeed:0.180000,angle:1.220000,distense:200.800000,rcs:16.000000
timestame:1619470046.624000000,objid:5,type:0,xpos:0.000000,ypos:0.000000,xspeed:6.550000,yspeed:0.390000,angle:5.390000,distense:72.200000,rcs:22.000000
