timestame:1619470277.865000000,objid:1,type:0,xpos:0.000000,ypos:0.000000,xspeed:-10.270000,yspeed:0.120000,angle:-5.760000,distense:84.200000,rcs:13.000000
timestame:1619470277.865000000,objid:2,type:0,xpos:0.000000,ypos:0.000000,xspeed:-2.300000,yspeed:0.040000,angle:-7.250000,distense:86.400000,rcs:9.000000
timestame:1619470277.865000000,objid:11,type:0,xpos:0.000000,ypos:0.000000,xspeed:-2.570000,yspeed:-0.370000,angle:-10.490000,distense:71.600000,rcs:23.000000
