timestame:1619469620.932000000,objid:1,type:0,xpos:0.000000,ypos:0.000000,xspeed:-2.690000,yspeed:0.070000,angle:-14.070000,distense:67.600000,rcs:20.000000
timestame:1619469620.932000000,objid:2,type:0,xpos:0.000000,ypos:0.000000,xspeed:-4.180000,yspeed:0.010000,angle:-12.130000,distense:78.600000,rcs:24.000000
timestame:1619469620.932000000,objid:4,type:0,xpos:0.000000,ypos:0.000000,xspeed:-15.670000,yspeed:0.450000,angle:-5.970000,distense:97.600000,rcs:16.000000
timestame:1619469620.932000000,objid:5,type:0,xpos:0.000000,ypos:0.000000,xspeed:-7.700000,yspeed:0.060000,angle:-12.990000,distense:160.800000,rcs:6.000000
