timestame:1619471321.255000000,objid:1,type:0,xpos:0.000000,ypos:0.000000,xspeed:-6.760000,yspeed:-0.590000,angle:-7.410000,distense:93.400000,rcs:13.000000
timestame:1619471321.255000000,objid:3,type:0,xpos:0.000000,ypos:0.000000,xspeed:-12.990000,yspeed:-0.050000,angle:-3.630000,distense:168.200000,rcs:12.000000
