timestame:1619470936.462000000,objid:6,type:0,xpos:0.000000,ypos:0.000000,xspeed:16.310000,yspeed:0.000000,angle:-10.150000,distense:89.600000,rcs:19.000000
timestame:1619470936.462000000,objid:8,type:0,xpos:0.000000,ypos:0.000000,xspeed:1.000000,yspeed:0.280000,angle:9.680000,distense:21.800000,rcs:26.000000
