timestame:1619471099.993000000,objid:0,type:0,xpos:0.000000,ypos:0.000000,xspeed:-16.470000,yspeed:-0.580000,angle:-18.000000,distense:21.400000,rcs:6.000000
timestame:1619471099.993000000,objid:2,type:0,xpos:0.000000,ypos:0.000000,xspeed:9.920000,yspeed:0.150000,angle:1.230000,distense:126.800000,rcs:31.000000
