timestame:1619471364.949000000,objid:1,type:0,xpos:0.000000,ypos:0.000000,xspeed:5.500000,yspeed:-0.910000,angle:3.600000,distense:99.400000,rcs:12.000000
timestame:1619471364.949000000,objid:2,type:0,xpos:0.000000,ypos:0.000000,xspeed:7.150000,yspeed:-0.220000,angle:3.580000,distense:104.600000,rcs:9.000000
timestame:1619471364.949000000,objid:4,type:0,xpos:0.000000,ypos:0.000000,xspeed:6.710000,yspeed:0.150000,angle:4.710000,distense:97.400000,rcs:6.000000
timestame:1619471364.949000000,objid:7,type:0,xpos:0.000000,ypos:0.000000,xspeed:11.110000,yspeed:0.350000,angle:1.720000,distense:128.600000,rcs:13.000000
