timestame:1619470191.035000000,objid:0,type:0,xpos:0.000000,ypos:0.000000,xspeed:-7.090000,yspeed:1.920000,angle:0.510000,distense:47.400000,rcs:25.000000
timestame:1619470191.035000000,objid:1,type:0,xpos:0.000000,ypos:0.000000,xspeed:2.260000,yspeed:4.310000,angle:5.910000,distense:135.200000,rcs:29.000000
timestame:1619470191.035000000,objid:2,type:0,xpos:0.000000,ypos:0.000000,xspeed:-5.680000,yspeed:4.220000,angle:3.020000,distense:45.400000,rcs:35.000000
