timestame:1619471209.618000000,objid:0,type:0,xpos:0.000000,ypos:0.000000,xspeed:-7.510000,yspeed:-1.200000,angle:-16.730000,distense:56.800000,rcs:16.000000
timestame:1619471209.618000000,objid:2,type:0,xpos:0.000000,ypos:0.000000,xspeed:-7.380000,yspeed:-2.520000,angle:-18.000000,distense:36.800000,rcs:21.000000
timestame:1619471209.618000000,objid:5,type:0,xpos:0.000000,ypos:0.000000,xspeed:-5.960000,yspeed:-0.380000,angle:-18.000000,distense:53.200000,rcs:21.000000
timestame:1619471209.618000000,objid:11,type:0,xpos:0.000000,ypos:0.000000,xspeed:-6.330000,yspeed:-0.190000,angle:-18.000000,distense:40.800000,rcs:18.000000
