timestame:1619469562.314000000,objid:3,type:0,xpos:0.000000,ypos:0.000000,xspeed:1.870000,yspeed:-1.960000,angle:6.060000,distense:44.000000,rcs:32.000000
timestame:1619469562.314000000,objid:4,type:0,xpos:0.000000,ypos:0.000000,xspeed:-1.460000,yspeed:0.000000,angle:-11.230000,distense:44.800000,rcs:22.000000
timestame:1619469562.314000000,objid:9,type:0,xpos:0.000000,ypos:0.000000,xspeed:-1.760000,yspeed:0.180000,angle:8.810000,distense:104.600000,rcs:9.000000
