timestame:1619469618.132000000,objid:1,type:0,xpos:0.000000,ypos:0.000000,xspeed:-1.170000,yspeed:0.400000,angle:-12.410000,distense:75.800000,rcs:21.000000
timestame:1619469618.132000000,objid:3,type:0,xpos:0.000000,ypos:0.000000,xspeed:-1.010000,yspeed:-0.070000,angle:-10.470000,distense:88.800000,rcs:22.000000
timestame:1619469618.132000000,objid:4,type:0,xpos:0.000000,ypos:0.000000,xspeed:-18.580000,yspeed:2.980000,angle:-4.310000,distense:141.600000,rcs:12.000000
