timestame:1619469632.692000000,objid:1,type:0,xpos:0.000000,ypos:0.000000,xspeed:-14.840000,yspeed:-2.960000,angle:-10.610000,distense:11.200000,rcs:6.000000
timestame:1619469632.692000000,objid:6,type:0,xpos:0.000000,ypos:0.000000,xspeed:-9.180000,yspeed:-0.050000,angle:-7.670000,distense:61.600000,rcs:26.000000
