timestame:1619471038.015000000,objid:0,type:0,xpos:0.000000,ypos:0.000000,xspeed:3.660000,yspeed:-10.880000,angle:-18.000000,distense:48.200000,rcs:28.000000
timestame:1619471038.015000000,objid:2,type:0,xpos:0.000000,ypos:0.000000,xspeed:-1.910000,yspeed:-2.620000,angle:-18.000000,distense:40.800000,rcs:22.000000
timestame:1619471038.015000000,objid:3,type:0,xpos:0.000000,ypos:0.000000,xspeed:1.490000,yspeed:-3.230000,angle:16.850000,distense:48.400000,rcs:26.000000
