timestame:1619470649.992000000,objid:4,type:0,xpos:0.000000,ypos:0.000000,xspeed:-2.150000,yspeed:-2.430000,angle:-18.000000,distense:38.000000,rcs:22.000000
timestame:1619470649.992000000,objid:8,type:0,xpos:0.000000,ypos:0.000000,xspeed:-1.650000,yspeed:-4.540000,angle:-16.240000,distense:41.000000,rcs:33.000000
timestame:1619470649.992000000,objid:9,type:0,xpos:0.000000,ypos:0.000000,xspeed:-1.950000,yspeed:-3.250000,angle:-18.000000,distense:39.400000,rcs:30.000000
timestame:1619470649.992000000,objid:13,type:0,xpos:0.000000,ypos:0.000000,xspeed:-5.270000,yspeed:-5.530000,angle:-16.200000,distense:55.600000,rcs:6.000000
