timestame:1619470942.400000000,objid:1,type:0,xpos:0.000000,ypos:0.000000,xspeed:-5.010000,yspeed:1.070000,angle:-14.290000,distense:55.200000,rcs:16.000000
timestame:1619470942.400000000,objid:5,type:0,xpos:0.000000,ypos:0.000000,xspeed:-5.870000,yspeed:-0.540000,angle:-17.390000,distense:58.400000,rcs:18.000000
timestame:1619470942.400000000,objid:7,type:0,xpos:0.000000,ypos:0.000000,xspeed:-10.710000,yspeed:1.500000,angle:-18.000000,distense:53.400000,rcs:18.000000
