timestame:1619471086.707000000,objid:0,type:0,xpos:0.000000,ypos:0.000000,xspeed:8.420000,yspeed:0.370000,angle:1.570000,distense:60.000000,rcs:28.000000
timestame:1619471086.707000000,objid:4,type:0,xpos:0.000000,ypos:0.000000,xspeed:-23.800000,yspeed:-1.360000,angle:-5.650000,distense:120.000000,rcs:6.000000
timestame:1619471086.707000000,objid:11,type:0,xpos:0.000000,ypos:0.000000,xspeed:2.900000,yspeed:0.120000,angle:2.480000,distense:23.600000,rcs:40.000000
