timestame:1619469583.194000000,objid:1,type:0,xpos:0.000000,ypos:0.000000,xspeed:-4.800000,yspeed:-0.160000,angle:-9.630000,distense:93.000000,rcs:18.000000
timestame:1619469583.194000000,objid:2,type:0,xpos:0.000000,ypos:0.000000,xspeed:-1.390000,yspeed:0.370000,angle:-10.840000,distense:84.000000,rcs:22.000000
