timestame:1619470191.158000000,objid:0,type:0,xpos:0.000000,ypos:0.000000,xspeed:-7.230000,yspeed:3.830000,angle:1.280000,distense:46.400000,rcs:30.000000
timestame:1619470191.158000000,objid:1,type:0,xpos:0.000000,ypos:0.000000,xspeed:2.710000,yspeed:3.440000,angle:5.820000,distense:135.800000,rcs:15.000000
timestame:1619470191.158000000,objid:2,type:0,xpos:0.000000,ypos:0.000000,xspeed:-5.650000,yspeed:4.360000,angle:4.000000,distense:44.800000,rcs:35.000000
