timestame:1619471461.058000000,objid:1,type:0,xpos:0.000000,ypos:0.000000,xspeed:-6.030000,yspeed:-1.450000,angle:-5.140000,distense:124.000000,rcs:6.000000
timestame:1619471461.058000000,objid:3,type:0,xpos:0.000000,ypos:0.000000,xspeed:-7.980000,yspeed:-2.140000,angle:-4.810000,distense:190.800000,rcs:6.000000
