timestame:1619471372.860000000,objid:1,type:0,xpos:0.000000,ypos:0.000000,xspeed:9.240000,yspeed:0.170000,angle:2.380000,distense:168.400000,rcs:27.000000
timestame:1619471372.860000000,objid:7,type:0,xpos:0.000000,ypos:0.000000,xspeed:10.110000,yspeed:0.210000,angle:1.500000,distense:214.800000,rcs:15.000000
