timestame:1619470930.716000000,objid:3,type:0,xpos:0.000000,ypos:0.000000,xspeed:-1.140000,yspeed:0.090000,angle:1.810000,distense:19.000000,rcs:31.000000
timestame:1619470930.716000000,objid:7,type:0,xpos:0.000000,ypos:0.000000,xspeed:-2.970000,yspeed:0.310000,angle:-10.040000,distense:88.000000,rcs:18.000000
