timestame:1619470774.172000000,objid:0,type:0,xpos:0.000000,ypos:0.000000,xspeed:-9.290000,yspeed:-0.160000,angle:-7.440000,distense:115.400000,rcs:18.000000
timestame:1619470774.172000000,objid:2,type:0,xpos:0.000000,ypos:0.000000,xspeed:17.510000,yspeed:0.540000,angle:1.490000,distense:155.400000,rcs:22.000000
