timestame:1619470082.584000000,objid:4,type:0,xpos:0.000000,ypos:0.000000,xspeed:2.270000,yspeed:-9.150000,angle:-8.510000,distense:53.000000,rcs:18.000000
timestame:1619470082.584000000,objid:5,type:0,xpos:0.000000,ypos:0.000000,xspeed:2.010000,yspeed:-8.190000,angle:-5.260000,distense:51.800000,rcs:16.000000
timestame:1619470082.584000000,objid:7,type:0,xpos:0.000000,ypos:0.000000,xspeed:2.280000,yspeed:-6.010000,angle:-9.470000,distense:47.600000,rcs:16.000000
