timestame:1619469625.050000000,objid:1,type:0,xpos:0.000000,ypos:0.000000,xspeed:-4.470000,yspeed:-0.270000,angle:-18.000000,distense:49.800000,rcs:20.000000
timestame:1619469625.050000000,objid:2,type:0,xpos:0.000000,ypos:0.000000,xspeed:-4.450000,yspeed:-0.050000,angle:-15.980000,distense:62.400000,rcs:16.000000
timestame:1619469625.050000000,objid:4,type:0,xpos:0.000000,ypos:0.000000,xspeed:-13.070000,yspeed:-0.450000,angle:-16.530000,distense:44.600000,rcs:15.000000
timestame:1619469625.050000000,objid:5,type:0,xpos:0.000000,ypos:0.000000,xspeed:3.970000,yspeed:5.680000,angle:-12.310000,distense:72.200000,rcs:12.000000
