timestame:1619469784.905000000,objid:2,type:0,xpos:0.000000,ypos:0.000000,xspeed:17.050000,yspeed:-0.080000,angle:0.910000,distense:176.200000,rcs:12.000000
timestame:1619469784.905000000,objid:4,type:0,xpos:0.000000,ypos:0.000000,xspeed:-17.520000,yspeed:-0.280000,angle:-7.260000,distense:118.000000,rcs:13.000000
timestame:1619469784.905000000,objid:10,type:0,xpos:0.000000,ypos:0.000000,xspeed:16.740000,yspeed:0.250000,angle:1.270000,distense:163.200000,rcs:27.000000
