timestame:1619470792.060000000,objid:0,type:0,xpos:0.000000,ypos:0.000000,xspeed:1.150000,yspeed:0.150000,angle:2.180000,distense:19.400000,rcs:19.000000
timestame:1619470792.060000000,objid:2,type:0,xpos:0.000000,ypos:0.000000,xspeed:1.030000,yspeed:-7.540000,angle:19.180000,distense:45.800000,rcs:25.000000
