timestame:1619470443.446000000,objid:1,type:0,xpos:0.000000,ypos:0.000000,xspeed:16.720000,yspeed:0.290000,angle:1.800000,distense:115.800000,rcs:20.000000
timestame:1619470443.446000000,objid:2,type:0,xpos:0.000000,ypos:0.000000,xspeed:3.970000,yspeed:-0.110000,angle:8.330000,distense:88.400000,rcs:20.000000
