timestame:1619469691.632000000,objid:2,type:0,xpos:0.000000,ypos:0.000000,xspeed:1.520000,yspeed:-7.600000,angle:-10.610000,distense:61.000000,rcs:13.000000
timestame:1619469691.632000000,objid:3,type:0,xpos:0.000000,ypos:0.000000,xspeed:1.520000,yspeed:-1.960000,angle:-15.300000,distense:48.200000,rcs:16.000000
timestame:1619469691.632000000,objid:4,type:0,xpos:0.000000,ypos:0.000000,xspeed:1.370000,yspeed:-5.560000,angle:17.610000,distense:46.000000,rcs:28.000000
timestame:1619469691.632000000,objid:13,type:0,xpos:0.000000,ypos:0.000000,xspeed:-1.710000,yspeed:6.870000,angle:15.450000,distense:34.800000,rcs:9.000000
