timestame:1619471226.595000000,objid:0,type:0,xpos:0.000000,ypos:0.000000,xspeed:5.940000,yspeed:-0.430000,angle:1.940000,distense:73.800000,rcs:16.000000
timestame:1619471226.595000000,objid:1,type:0,xpos:0.000000,ypos:0.000000,xspeed:5.440000,yspeed:-2.300000,angle:-10.630000,distense:47.000000,rcs:12.000000
timestame:1619471226.595000000,objid:9,type:0,xpos:0.000000,ypos:0.000000,xspeed:5.380000,yspeed:0.140000,angle:2.370000,distense:64.000000,rcs:45.000000
