timestame:1619470700.451000000,objid:1,type:0,xpos:0.000000,ypos:0.000000,xspeed:9.010000,yspeed:0.220000,angle:4.080000,distense:100.200000,rcs:15.000000
timestame:1619470700.451000000,objid:2,type:0,xpos:0.000000,ypos:0.000000,xspeed:-8.970000,yspeed:1.710000,angle:-10.260000,distense:101.400000,rcs:13.000000
