timestame:1619470752.252000000,objid:0,type:0,xpos:0.000000,ypos:0.000000,xspeed:-1.410000,yspeed:-2.150000,angle:-18.000000,distense:39.000000,rcs:31.000000
timestame:1619470752.252000000,objid:2,type:0,xpos:0.000000,ypos:0.000000,xspeed:-5.190000,yspeed:0.590000,angle:-18.000000,distense:31.800000,rcs:6.000000
timestame:1619470752.252000000,objid:8,type:0,xpos:0.000000,ypos:0.000000,xspeed:3.970000,yspeed:-7.490000,angle:9.630000,distense:49.400000,rcs:16.000000
timestame:1619470752.252000000,objid:10,type:0,xpos:0.000000,ypos:0.000000,xspeed:3.710000,yspeed:-0.150000,angle:-12.810000,distense:49.200000,rcs:6.000000
