timestame:1619470790.951000000,objid:0,type:0,xpos:0.000000,ypos:0.000000,xspeed:1.680000,yspeed:0.140000,angle:1.740000,distense:19.000000,rcs:39.000000
timestame:1619470790.951000000,objid:1,type:0,xpos:0.000000,ypos:0.000000,xspeed:2.460000,yspeed:-9.900000,angle:-17.440000,distense:46.800000,rcs:19.000000
timestame:1619470790.951000000,objid:2,type:0,xpos:0.000000,ypos:0.000000,xspeed:1.710000,yspeed:-7.880000,angle:-12.670000,distense:48.400000,rcs:22.000000
