timestame:1619470788.970000000,objid:1,type:0,xpos:0.000000,ypos:0.000000,xspeed:-3.480000,yspeed:-1.140000,angle:-18.000000,distense:25.600000,rcs:9.000000
timestame:1619470788.970000000,objid:2,type:0,xpos:0.000000,ypos:0.000000,xspeed:-4.210000,yspeed:-2.470000,angle:-18.000000,distense:27.400000,rcs:6.000000
timestame:1619470788.970000000,objid:11,type:0,xpos:0.000000,ypos:0.000000,xspeed:-4.030000,yspeed:-0.540000,angle:-18.000000,distense:22.200000,rcs:6.000000
