timestame:1619469976.024000000,objid:2,type:0,xpos:0.000000,ypos:0.000000,xspeed:-1.370000,yspeed:-1.050000,angle:-18.000000,distense:32.400000,rcs:27.000000
timestame:1619469976.024000000,objid:4,type:0,xpos:0.000000,ypos:0.000000,xspeed:2.950000,yspeed:-3.330000,angle:6.860000,distense:44.000000,rcs:39.000000
timestame:1619469976.024000000,objid:6,type:0,xpos:0.000000,ypos:0.000000,xspeed:-1.540000,yspeed:-2.200000,angle:-18.000000,distense:34.800000,rcs:33.000000
timestame:1619469976.024000000,objid:7,type:0,xpos:0.000000,ypos:0.000000,xspeed:-3.860000,yspeed:-4.870000,angle:-18.000000,distense:35.400000,rcs:13.000000
