timestame:1619470701.255000000,objid:0,type:0,xpos:0.000000,ypos:0.000000,xspeed:4.990000,yspeed:0.710000,angle:18.530000,distense:24.200000,rcs:9.000000
timestame:1619470701.255000000,objid:1,type:0,xpos:0.000000,ypos:0.000000,xspeed:9.500000,yspeed:0.130000,angle:3.730000,distense:109.000000,rcs:12.000000
timestame:1619470701.255000000,objid:2,type:0,xpos:0.000000,ypos:0.000000,xspeed:-8.900000,yspeed:0.410000,angle:-11.530000,distense:94.200000,rcs:15.000000
