timestame:1619470362.856000000,objid:3,type:0,xpos:0.000000,ypos:0.000000,xspeed:-25.930000,yspeed:-13.770000,angle:19.960000,distense:38.200000,rcs:27.000000
timestame:1619470362.856000000,objid:4,type:0,xpos:0.000000,ypos:0.000000,xspeed:-1.220000,yspeed:7.530000,angle:-6.860000,distense:45.000000,rcs:6.000000
timestame:1619470362.856000000,objid:11,type:0,xpos:0.000000,ypos:0.000000,xspeed:-1.400000,yspeed:5.580000,angle:13.550000,distense:40.000000,rcs:9.000000
