timestame:1619471409.435000000,objid:1,type:0,xpos:0.000000,ypos:0.000000,xspeed:-1.090000,yspeed:-2.700000,angle:-10.680000,distense:41.200000,rcs:33.000000
timestame:1619471409.435000000,objid:4,type:0,xpos:0.000000,ypos:0.000000,xspeed:-1.670000,yspeed:-2.890000,angle:-2.750000,distense:44.200000,rcs:34.000000
timestame:1619471409.435000000,objid:7,type:0,xpos:0.000000,ypos:0.000000,xspeed:-1.850000,yspeed:-3.020000,angle:-15.350000,distense:39.400000,rcs:24.000000
timestame:1619471409.435000000,objid:12,type:0,xpos:0.000000,ypos:0.000000,xspeed:-9.750000,yspeed:-1.340000,angle:-4.270000,distense:192.600000,rcs:9.000000
