timestame:1619470982.779000000,objid:0,type:0,xpos:0.000000,ypos:0.000000,xspeed:8.170000,yspeed:0.220000,angle:2.320000,distense:173.400000,rcs:26.000000
timestame:1619470982.779000000,objid:1,type:0,xpos:0.000000,ypos:0.000000,xspeed:-15.670000,yspeed:-0.220000,angle:-6.370000,distense:100.400000,rcs:25.000000
timestame:1619470982.779000000,objid:2,type:0,xpos:0.000000,ypos:0.000000,xspeed:-18.620000,yspeed:-12.040000,angle:-5.910000,distense:149.800000,rcs:6.000000
timestame:1619470982.779000000,objid:3,type:0,xpos:0.000000,ypos:0.000000,xspeed:3.440000,yspeed:-3.010000,angle:13.920000,distense:66.800000,rcs:6.000000
