timestame:1619470389.471000000,objid:8,type:0,xpos:0.000000,ypos:0.000000,xspeed:-5.790000,yspeed:-2.360000,angle:-18.000000,distense:32.000000,rcs:18.000000
timestame:1619470389.471000000,objid:11,type:0,xpos:0.000000,ypos:0.000000,xspeed:-2.080000,yspeed:-2.960000,angle:-18.000000,distense:33.200000,rcs:9.000000
timestame:1619470389.471000000,objid:13,type:0,xpos:0.000000,ypos:0.000000,xspeed:1.140000,yspeed:4.910000,angle:-13.090000,distense:50.600000,rcs:6.000000
timestame:1619470389.471000000,objid:17,type:0,xpos:0.000000,ypos:0.000000,xspeed:-15.280000,yspeed:-0.940000,angle:-6.730000,distense:138.400000,rcs:16.000000
