timestame:1619469536.944000000,objid:4,type:0,xpos:0.000000,ypos:0.000000,xspeed:16.750000,yspeed:0.380000,angle:1.870000,distense:111.600000,rcs:19.000000
timestame:1619469536.944000000,objid:7,type:0,xpos:0.000000,ypos:0.000000,xspeed:16.770000,yspeed:0.270000,angle:1.470000,distense:119.000000,rcs:18.000000
