timestame:1619470181.821000000,objid:1,type:0,xpos:0.000000,ypos:0.000000,xspeed:13.200000,yspeed:0.030000,angle:1.390000,distense:167.600000,rcs:20.000000
timestame:1619470181.821000000,objid:3,type:0,xpos:0.000000,ypos:0.000000,xspeed:-17.200000,yspeed:0.000000,angle:-3.390000,distense:140.800000,rcs:12.000000
timestame:1619470181.821000000,objid:8,type:0,xpos:0.000000,ypos:0.000000,xspeed:9.000000,yspeed:0.360000,angle:4.010000,distense:106.800000,rcs:12.000000
timestame:1619470181.821000000,objid:11,type:0,xpos:0.000000,ypos:0.000000,xspeed:8.320000,yspeed:0.330000,angle:5.040000,distense:95.800000,rcs:27.000000
