timestame:1619471089.821000000,objid:0,type:0,xpos:0.000000,ypos:0.000000,xspeed:10.240000,yspeed:0.440000,angle:1.910000,distense:91.400000,rcs:15.000000
timestame:1619471089.821000000,objid:1,type:0,xpos:0.000000,ypos:0.000000,xspeed:9.740000,yspeed:0.560000,angle:6.900000,distense:43.200000,rcs:27.000000
timestame:1619471089.821000000,objid:2,type:0,xpos:0.000000,ypos:0.000000,xspeed:5.260000,yspeed:0.090000,angle:2.040000,distense:40.000000,rcs:41.000000
timestame:1619471089.821000000,objid:4,type:0,xpos:0.000000,ypos:0.000000,xspeed:-21.910000,yspeed:-0.950000,angle:-15.280000,distense:54.400000,rcs:20.000000
