timestame:1619470747.532000000,objid:0,type:0,xpos:0.000000,ypos:0.000000,xspeed:-2.000000,yspeed:-0.790000,angle:-10.310000,distense:80.400000,rcs:6.000000
timestame:1619470747.532000000,objid:2,type:0,xpos:0.000000,ypos:0.000000,xspeed:1.050000,yspeed:-1.420000,angle:17.860000,distense:48.200000,rcs:26.000000
