timestame:1619470031.467000000,objid:1,type:0,xpos:0.000000,ypos:0.000000,xspeed:6.330000,yspeed:0.310000,angle:2.430000,distense:43.400000,rcs:34.000000
timestame:1619470031.467000000,objid:4,type:0,xpos:0.000000,ypos:0.000000,xspeed:11.080000,yspeed:0.150000,angle:1.990000,distense:72.200000,rcs:28.000000
timestame:1619470031.467000000,objid:7,type:0,xpos:0.000000,ypos:0.000000,xspeed:1.570000,yspeed:-1.710000,angle:6.530000,distense:21.200000,rcs:23.000000
