timestame:1619471222.147000000,objid:0,type:0,xpos:0.000000,ypos:0.000000,xspeed:1.400000,yspeed:0.270000,angle:1.450000,distense:55.800000,rcs:16.000000
timestame:1619471222.147000000,objid:6,type:0,xpos:0.000000,ypos:0.000000,xspeed:4.050000,yspeed:0.070000,angle:2.050000,distense:59.000000,rcs:16.000000
timestame:1619471222.147000000,objid:9,type:0,xpos:0.000000,ypos:0.000000,xspeed:4.070000,yspeed:0.210000,angle:2.680000,distense:40.200000,rcs:47.000000
timestame:1619471222.147000000,objid:10,type:0,xpos:0.000000,ypos:0.000000,xspeed:3.870000,yspeed:0.290000,angle:1.650000,distense:49.000000,rcs:15.000000
