timestame:1619470662.944000000,objid:0,type:0,xpos:0.000000,ypos:0.000000,xspeed:-1.630000,yspeed:-0.280000,angle:-9.980000,distense:95.800000,rcs:13.000000
timestame:1619470662.944000000,objid:3,type:0,xpos:0.000000,ypos:0.000000,xspeed:-1.620000,yspeed:-0.120000,angle:-7.820000,distense:107.400000,rcs:9.000000
timestame:1619470662.944000000,objid:4,type:0,xpos:0.000000,ypos:0.000000,xspeed:-1.190000,yspeed:-0.370000,angle:-8.130000,distense:103.800000,rcs:9.000000
