timestame:1619471221.277000000,objid:0,type:0,xpos:0.000000,ypos:0.000000,xspeed:1.010000,yspeed:0.700000,angle:1.670000,distense:54.200000,rcs:15.000000
timestame:1619471221.277000000,objid:6,type:0,xpos:0.000000,ypos:0.000000,xspeed:3.800000,yspeed:0.230000,angle:2.380000,distense:55.000000,rcs:6.000000
timestame:1619471221.277000000,objid:9,type:0,xpos:0.000000,ypos:0.000000,xspeed:3.830000,yspeed:0.180000,angle:2.650000,distense:36.200000,rcs:38.000000
timestame:1619471221.277000000,objid:10,type:0,xpos:0.000000,ypos:0.000000,xspeed:3.640000,yspeed:0.360000,angle:1.620000,distense:45.000000,rcs:16.000000
