timestame:1619470703.064000000,objid:0,type:0,xpos:0.000000,ypos:0.000000,xspeed:4.140000,yspeed:2.440000,angle:21.940000,distense:32.400000,rcs:15.000000
timestame:1619470703.064000000,objid:1,type:0,xpos:0.000000,ypos:0.000000,xspeed:10.430000,yspeed:-0.110000,angle:2.880000,distense:128.800000,rcs:12.000000
timestame:1619470703.064000000,objid:2,type:0,xpos:0.000000,ypos:0.000000,xspeed:-8.610000,yspeed:-0.200000,angle:-14.470000,distense:79.600000,rcs:12.000000
