timestame:1619469911.125000000,objid:1,type:0,xpos:0.000000,ypos:0.000000,xspeed:4.170000,yspeed:-0.020000,angle:1.880000,distense:80.200000,rcs:15.000000
timestame:1619469911.125000000,objid:2,type:0,xpos:0.000000,ypos:0.000000,xspeed:10.420000,yspeed:0.090000,angle:2.860000,distense:143.000000,rcs:13.000000
timestame:1619469911.125000000,objid:8,type:0,xpos:0.000000,ypos:0.000000,xspeed:4.240000,yspeed:0.140000,angle:2.380000,distense:73.600000,rcs:35.000000
