timestame:1619469624.742000000,objid:1,type:0,xpos:0.000000,ypos:0.000000,xspeed:-4.420000,yspeed:-0.240000,angle:-18.000000,distense:51.000000,rcs:24.000000
timestame:1619469624.742000000,objid:2,type:0,xpos:0.000000,ypos:0.000000,xspeed:-4.240000,yspeed:-0.150000,angle:-15.680000,distense:64.000000,rcs:22.000000
timestame:1619469624.742000000,objid:4,type:0,xpos:0.000000,ypos:0.000000,xspeed:-13.240000,yspeed:-0.500000,angle:-15.270000,distense:48.200000,rcs:22.000000
