timestame:1619469572.182000000,objid:1,type:0,xpos:0.000000,ypos:0.000000,xspeed:-6.260000,yspeed:-2.990000,angle:-18.000000,distense:32.800000,rcs:9.000000
timestame:1619469572.182000000,objid:3,type:0,xpos:0.000000,ypos:0.000000,xspeed:-9.000000,yspeed:1.070000,angle:-5.370000,distense:149.000000,rcs:9.000000
timestame:1619469572.182000000,objid:5,type:0,xpos:0.000000,ypos:0.000000,xspeed:-8.980000,yspeed:-0.310000,angle:-5.980000,distense:145.600000,rcs:15.000000
timestame:1619469572.182000000,objid:8,type:0,xpos:0.000000,ypos:0.000000,xspeed:-2.360000,yspeed:-1.940000,angle:-18.000000,distense:37.000000,rcs:19.000000
