timestame:1619471265.751000000,objid:0,type:0,xpos:0.000000,ypos:0.000000,xspeed:12.840000,yspeed:0.430000,angle:2.700000,distense:173.400000,rcs:9.000000
timestame:1619471265.751000000,objid:2,type:0,xpos:0.000000,ypos:0.000000,xspeed:13.100000,yspeed:0.130000,angle:2.520000,distense:149.200000,rcs:21.000000
timestame:1619471265.751000000,objid:6,type:0,xpos:0.000000,ypos:0.000000,xspeed:13.080000,yspeed:0.080000,angle:2.350000,distense:161.400000,rcs:6.000000
timestame:1619471265.751000000,objid:10,type:0,xpos:0.000000,ypos:0.000000,xspeed:13.060000,yspeed:-0.060000,angle:2.450000,distense:136.800000,rcs:22.000000
