timestame:1619470448.042000000,objid:0,type:0,xpos:0.000000,ypos:0.000000,xspeed:19.010000,yspeed:-1.840000,angle:1.000000,distense:202.600000,rcs:13.000000
timestame:1619470448.042000000,objid:1,type:0,xpos:0.000000,ypos:0.000000,xspeed:-4.520000,yspeed:-1.350000,angle:5.240000,distense:175.600000,rcs:6.000000
timestame:1619470448.042000000,objid:2,type:0,xpos:0.000000,ypos:0.000000,xspeed:4.640000,yspeed:-0.240000,angle:6.240000,distense:109.600000,rcs:12.000000
