timestame:1619469785.151000000,objid:2,type:0,xpos:0.000000,ypos:0.000000,xspeed:16.990000,yspeed:-0.110000,angle:0.860000,distense:180.200000,rcs:12.000000
timestame:1619469785.151000000,objid:4,type:0,xpos:0.000000,ypos:0.000000,xspeed:-17.440000,yspeed:-0.250000,angle:-7.520000,distense:114.000000,rcs:15.000000
timestame:1619469785.151000000,objid:10,type:0,xpos:0.000000,ypos:0.000000,xspeed:16.780000,yspeed:0.260000,angle:1.270000,distense:167.200000,rcs:28.000000
