timestame:1619471517.802000000,objid:3,type:0,xpos:0.000000,ypos:0.000000,xspeed:29.220000,yspeed:-0.240000,angle:0.260000,distense:186.800000,rcs:9.000000
timestame:1619471517.802000000,objid:7,type:0,xpos:0.000000,ypos:0.000000,xspeed:16.130000,yspeed:0.260000,angle:1.560000,distense:178.000000,rcs:13.000000
timestame:1619471517.802000000,objid:10,type:0,xpos:0.000000,ypos:0.000000,xspeed:16.060000,yspeed:0.140000,angle:1.370000,distense:167.200000,rcs:24.000000
