timestame:1619470980.030000000,objid:0,type:0,xpos:0.000000,ypos:0.000000,xspeed:7.480000,yspeed:-0.110000,angle:2.230000,distense:150.400000,rcs:26.000000
timestame:1619470980.030000000,objid:1,type:0,xpos:0.000000,ypos:0.000000,xspeed:-14.080000,yspeed:-0.220000,angle:-4.130000,distense:143.800000,rcs:19.000000
timestame:1619470980.030000000,objid:4,type:0,xpos:0.000000,ypos:0.000000,xspeed:-19.570000,yspeed:1.320000,angle:-18.000000,distense:48.800000,rcs:28.000000
