timestame:1619470702.627000000,objid:0,type:0,xpos:0.000000,ypos:0.000000,xspeed:4.320000,yspeed:2.410000,angle:21.140000,distense:30.800000,rcs:20.000000
timestame:1619470702.627000000,objid:1,type:0,xpos:0.000000,ypos:0.000000,xspeed:10.210000,yspeed:-0.060000,angle:3.060000,distense:124.000000,rcs:15.000000
timestame:1619470702.627000000,objid:2,type:0,xpos:0.000000,ypos:0.000000,xspeed:-8.750000,yspeed:-0.080000,angle:-13.680000,distense:82.800000,rcs:6.000000
