timestame:1619470289.565000000,objid:2,type:0,xpos:0.000000,ypos:0.000000,xspeed:-12.110000,yspeed:-0.140000,angle:-11.800000,distense:75.000000,rcs:28.000000
timestame:1619470289.565000000,objid:5,type:0,xpos:0.000000,ypos:0.000000,xspeed:-5.930000,yspeed:-0.320000,angle:-18.000000,distense:29.000000,rcs:20.000000
timestame:1619470289.565000000,objid:7,type:0,xpos:0.000000,ypos:0.000000,xspeed:-5.960000,yspeed:-0.560000,angle:-18.000000,distense:25.200000,rcs:9.000000
