timestame:1619471366.198000000,objid:1,type:0,xpos:0.000000,ypos:0.000000,xspeed:7.340000,yspeed:-0.470000,angle:3.090000,distense:109.800000,rcs:26.000000
timestame:1619471366.198000000,objid:2,type:0,xpos:0.000000,ypos:0.000000,xspeed:7.790000,yspeed:-0.080000,angle:3.300000,distense:115.400000,rcs:15.000000
timestame:1619471366.198000000,objid:7,type:0,xpos:0.000000,ypos:0.000000,xspeed:11.660000,yspeed:0.370000,angle:1.740000,distense:144.000000,rcs:19.000000
