timestame:1619471450.497000000,objid:3,type:0,xpos:0.000000,ypos:0.000000,xspeed:-2.670000,yspeed:-0.170000,angle:-6.320000,distense:103.600000,rcs:16.000000
timestame:1619471450.497000000,objid:11,type:0,xpos:0.000000,ypos:0.000000,xspeed:-1.960000,yspeed:0.120000,angle:-7.890000,distense:95.400000,rcs:15.000000
timestame:1619471450.497000000,objid:13,type:0,xpos:0.000000,ypos:0.000000,xspeed:-3.670000,yspeed:0.040000,angle:19.810000,distense:40.200000,rcs:12.000000
