timestame:1619470639.084000000,objid:2,type:0,xpos:0.000000,ypos:0.000000,xspeed:-1.170000,yspeed:2.850000,angle:-4.030000,distense:195.000000,rcs:13.000000
timestame:1619470639.084000000,objid:5,type:0,xpos:0.000000,ypos:0.000000,xspeed:2.590000,yspeed:2.500000,angle:-6.030000,distense:34.400000,rcs:6.000000
timestame:1619470639.084000000,objid:7,type:0,xpos:0.000000,ypos:0.000000,xspeed:1.690000,yspeed:-10.700000,angle:-18.000000,distense:60.000000,rcs:12.000000
