timestame:1619471408.875000000,objid:1,type:0,xpos:0.000000,ypos:0.000000,xspeed:-1.730000,yspeed:-3.510000,angle:-9.150000,distense:41.200000,rcs:28.000000
timestame:1619471408.875000000,objid:4,type:0,xpos:0.000000,ypos:0.000000,xspeed:-3.780000,yspeed:-6.960000,angle:-0.100000,distense:44.400000,rcs:37.000000
timestame:1619471408.875000000,objid:7,type:0,xpos:0.000000,ypos:0.000000,xspeed:-1.720000,yspeed:-3.320000,angle:-13.080000,distense:40.400000,rcs:31.000000
timestame:1619471408.875000000,objid:12,type:0,xpos:0.000000,ypos:0.000000,xspeed:-9.830000,yspeed:-1.190000,angle:-3.910000,distense:197.600000,rcs:13.000000
