timestame:1619469879.860000000,objid:0,type:0,xpos:0.000000,ypos:0.000000,xspeed:-3.980000,yspeed:-8.190000,angle:-18.000000,distense:35.600000,rcs:20.000000
timestame:1619469879.860000000,objid:6,type:0,xpos:0.000000,ypos:0.000000,xspeed:-4.640000,yspeed:-2.570000,angle:-18.000000,distense:32.400000,rcs:9.000000
timestame:1619469879.860000000,objid:15,type:0,xpos:0.000000,ypos:0.000000,xspeed:-1.240000,yspeed:-4.360000,angle:-8.890000,distense:40.800000,rcs:33.000000
