timestame:1619470932.934000000,objid:0,type:0,xpos:0.000000,ypos:0.000000,xspeed:-1.060000,yspeed:-1.050000,angle:-4.770000,distense:14.200000,rcs:22.000000
timestame:1619470932.934000000,objid:7,type:0,xpos:0.000000,ypos:0.000000,xspeed:-2.720000,yspeed:-0.130000,angle:-11.180000,distense:82.200000,rcs:20.000000
