timestame:1619471316.348000000,objid:1,type:0,xpos:0.000000,ypos:0.000000,xspeed:-14.210000,yspeed:-0.520000,angle:-5.120000,distense:132.600000,rcs:16.000000
timestame:1619471316.348000000,objid:2,type:0,xpos:0.000000,ypos:0.000000,xspeed:-1.960000,yspeed:5.580000,angle:-4.670000,distense:38.600000,rcs:6.000000
