timestame:1619470796.394000000,objid:4,type:0,xpos:0.000000,ypos:0.000000,xspeed:1.210000,yspeed:0.400000,angle:1.270000,distense:43.000000,rcs:6.000000
timestame:1619470796.394000000,objid:5,type:0,xpos:0.000000,ypos:0.000000,xspeed:2.490000,yspeed:-10.490000,angle:-18.000000,distense:66.800000,rcs:9.000000
timestame:1619470796.394000000,objid:6,type:0,xpos:0.000000,ypos:0.000000,xspeed:2.850000,yspeed:-3.480000,angle:-7.810000,distense:42.000000,rcs:34.000000
timestame:1619470796.394000000,objid:12,type:0,xpos:0.000000,ypos:0.000000,xspeed:2.080000,yspeed:-11.160000,angle:-18.000000,distense:63.200000,rcs:16.000000
