timestame:1619469890.087000000,objid:2,type:0,xpos:0.000000,ypos:0.000000,xspeed:-3.880000,yspeed:-0.120000,angle:-13.750000,distense:56.000000,rcs:20.000000
timestame:1619469890.087000000,objid:5,type:0,xpos:0.000000,ypos:0.000000,xspeed:-2.860000,yspeed:-0.160000,angle:-17.650000,distense:57.600000,rcs:20.000000
timestame:1619469890.087000000,objid:16,type:0,xpos:0.000000,ypos:0.000000,xspeed:-3.650000,yspeed:-0.200000,angle:-11.310000,distense:67.000000,rcs:26.000000
