timestame:1619470374.460000000,objid:0,type:0,xpos:0.000000,ypos:0.000000,xspeed:8.010000,yspeed:4.130000,angle:11.060000,distense:54.400000,rcs:6.000000
timestame:1619470374.460000000,objid:1,type:0,xpos:0.000000,ypos:0.000000,xspeed:-1.430000,yspeed:-3.320000,angle:-15.330000,distense:38.200000,rcs:27.000000
timestame:1619470374.460000000,objid:10,type:0,xpos:0.000000,ypos:0.000000,xspeed:-5.720000,yspeed:-1.780000,angle:-18.000000,distense:28.400000,rcs:6.000000
timestame:1619470374.460000000,objid:18,type:0,xpos:0.000000,ypos:0.000000,xspeed:-7.100000,yspeed:-3.000000,angle:-7.400000,distense:96.200000,rcs:9.000000
