timestame:1619470749.647000000,objid:4,type:0,xpos:0.000000,ypos:0.000000,xspeed:-6.130000,yspeed:0.950000,angle:-18.000000,distense:30.800000,rcs:6.000000
timestame:1619470749.647000000,objid:10,type:0,xpos:0.000000,ypos:0.000000,xspeed:-3.710000,yspeed:-4.330000,angle:-18.000000,distense:35.800000,rcs:9.000000
