timestame:1619469926.006000000,objid:1,type:0,xpos:0.000000,ypos:0.000000,xspeed:6.650000,yspeed:0.260000,angle:1.540000,distense:167.600000,rcs:15.000000
timestame:1619469926.006000000,objid:8,type:0,xpos:0.000000,ypos:0.000000,xspeed:6.630000,yspeed:0.020000,angle:1.230000,distense:160.400000,rcs:26.000000
