timestame:1619470086.681000000,objid:6,type:0,xpos:0.000000,ypos:0.000000,xspeed:1.810000,yspeed:-5.240000,angle:11.320000,distense:49.400000,rcs:6.000000
timestame:1619470086.681000000,objid:13,type:0,xpos:0.000000,ypos:0.000000,xspeed:5.530000,yspeed:-6.680000,angle:3.870000,distense:44.200000,rcs:6.000000
timestame:1619470086.681000000,objid:16,type:0,xpos:0.000000,ypos:0.000000,xspeed:-2.640000,yspeed:2.400000,angle:-6.720000,distense:49.600000,rcs:9.000000
timestame:1619470086.681000000,objid:17,type:0,xpos:0.000000,ypos:0.000000,xspeed:3.570000,yspeed:1.640000,angle:-11.570000,distense:59.600000,rcs:12.000000
