timestame:1619470053.760000000,objid:0,type:0,xpos:0.000000,ypos:0.000000,xspeed:7.730000,yspeed:-0.110000,angle:2.580000,distense:134.200000,rcs:6.000000
timestame:1619470053.760000000,objid:5,type:0,xpos:0.000000,ypos:0.000000,xspeed:8.300000,yspeed:0.010000,angle:3.090000,distense:126.200000,rcs:28.000000
