timestame:1619470708.776000000,objid:1,type:0,xpos:0.000000,ypos:0.000000,xspeed:12.740000,yspeed:0.270000,angle:2.190000,distense:199.400000,rcs:12.000000
timestame:1619470708.776000000,objid:2,type:0,xpos:0.000000,ypos:0.000000,xspeed:3.790000,yspeed:0.410000,angle:22.180000,distense:21.800000,rcs:24.000000
timestame:1619470708.776000000,objid:3,type:0,xpos:0.000000,ypos:0.000000,xspeed:19.110000,yspeed:13.600000,angle:-15.320000,distense:41.400000,rcs:18.000000
timestame:1619470708.776000000,objid:7,type:0,xpos:0.000000,ypos:0.000000,xspeed:9.640000,yspeed:5.980000,angle:-12.060000,distense:21.400000,rcs:18.000000
