timestame:1619471092.184000000,objid:1,type:0,xpos:0.000000,ypos:0.000000,xspeed:11.870000,yspeed:0.010000,angle:4.010000,distense:73.000000,rcs:20.000000
timestame:1619471092.184000000,objid:2,type:0,xpos:0.000000,ypos:0.000000,xspeed:6.680000,yspeed:0.360000,angle:2.440000,distense:57.000000,rcs:44.000000
timestame:1619471092.184000000,objid:5,type:0,xpos:0.000000,ypos:0.000000,xspeed:12.590000,yspeed:-0.210000,angle:1.350000,distense:123.800000,rcs:12.000000
