timestame:1619471152.692000000,objid:0,type:0,xpos:0.000000,ypos:0.000000,xspeed:-1.180000,yspeed:7.920000,angle:18.080000,distense:40.400000,rcs:6.000000
timestame:1619471152.692000000,objid:1,type:0,xpos:0.000000,ypos:0.000000,xspeed:-7.850000,yspeed:-3.900000,angle:9.540000,distense:81.800000,rcs:13.000000
