timestame:1619471093.543000000,objid:1,type:0,xpos:0.000000,ypos:0.000000,xspeed:12.690000,yspeed:-0.190000,angle:2.850000,distense:90.800000,rcs:6.000000
timestame:1619471093.543000000,objid:2,type:0,xpos:0.000000,ypos:0.000000,xspeed:7.220000,yspeed:0.230000,angle:2.170000,distense:67.200000,rcs:43.000000
timestame:1619471093.543000000,objid:5,type:0,xpos:0.000000,ypos:0.000000,xspeed:13.310000,yspeed:0.070000,angle:1.400000,distense:142.000000,rcs:6.000000
