timestame:1619469919.429000000,objid:1,type:0,xpos:0.000000,ypos:0.000000,xspeed:5.660000,yspeed:-0.080000,angle:1.270000,distense:126.200000,rcs:20.000000
timestame:1619469919.429000000,objid:8,type:0,xpos:0.000000,ypos:0.000000,xspeed:5.790000,yspeed:0.090000,angle:1.510000,distense:119.600000,rcs:24.000000
