timestame:1619469620.562000000,objid:1,type:0,xpos:0.000000,ypos:0.000000,xspeed:-2.660000,yspeed:0.150000,angle:-13.800000,distense:68.400000,rcs:25.000000
timestame:1619469620.562000000,objid:2,type:0,xpos:0.000000,ypos:0.000000,xspeed:-4.590000,yspeed:-2.390000,angle:-12.440000,distense:80.000000,rcs:22.000000
timestame:1619469620.562000000,objid:4,type:0,xpos:0.000000,ypos:0.000000,xspeed:-15.980000,yspeed:0.470000,angle:-5.750000,distense:102.800000,rcs:13.000000
timestame:1619469620.562000000,objid:5,type:0,xpos:0.000000,ypos:0.000000,xspeed:-7.700000,yspeed:0.060000,angle:-12.780000,distense:163.600000,rcs:6.000000
