timestame:1619470732.523000000,objid:0,type:0,xpos:0.000000,ypos:0.000000,xspeed:-13.630000,yspeed:-0.930000,angle:-18.000000,distense:22.400000,rcs:6.000000
timestame:1619470732.523000000,objid:1,type:0,xpos:0.000000,ypos:0.000000,xspeed:12.220000,yspeed:0.630000,angle:3.400000,distense:57.000000,rcs:9.000000
timestame:1619470732.523000000,objid:3,type:0,xpos:0.000000,ypos:0.000000,xspeed:-13.010000,yspeed:-0.560000,angle:-18.000000,distense:21.000000,rcs:6.000000
timestame:1619470732.523000000,objid:6,type:0,xpos:0.000000,ypos:0.000000,xspeed:12.460000,yspeed:0.540000,angle:2.470000,distense:46.000000,rcs:46.000000
