timestame:1619469755.415000000,objid:3,type:0,xpos:0.000000,ypos:0.000000,xspeed:6.290000,yspeed:1.140000,angle:21.940000,distense:27.800000,rcs:38.000000
timestame:1619469755.415000000,objid:5,type:0,xpos:0.000000,ypos:0.000000,xspeed:5.920000,yspeed:0.420000,angle:18.140000,distense:29.800000,rcs:24.000000
