timestame:1619471002.162000000,objid:1,type:0,xpos:0.000000,ypos:0.000000,xspeed:-13.520000,yspeed:-0.810000,angle:-5.130000,distense:154.600000,rcs:18.000000
timestame:1619471002.162000000,objid:3,type:0,xpos:0.000000,ypos:0.000000,xspeed:1.980000,yspeed:-3.640000,angle:-12.810000,distense:46.600000,rcs:22.000000
timestame:1619471002.162000000,objid:4,type:0,xpos:0.000000,ypos:0.000000,xspeed:2.180000,yspeed:-0.630000,angle:-1.140000,distense:15.400000,rcs:22.000000
