timestame:1619470442.142000000,objid:1,type:0,xpos:0.000000,ypos:0.000000,xspeed:15.790000,yspeed:0.550000,angle:2.250000,distense:92.600000,rcs:16.000000
timestame:1619470442.142000000,objid:2,type:0,xpos:0.000000,ypos:0.000000,xspeed:3.920000,yspeed:-0.030000,angle:9.080000,distense:83.400000,rcs:18.000000
