timestame:1619470876.853000000,objid:4,type:0,xpos:0.000000,ypos:0.000000,xspeed:2.650000,yspeed:0.290000,angle:2.240000,distense:29.400000,rcs:6.000000
timestame:1619470876.853000000,objid:11,type:0,xpos:0.000000,ypos:0.000000,xspeed:-2.920000,yspeed:4.270000,angle:14.400000,distense:39.800000,rcs:26.000000
timestame:1619470876.853000000,objid:12,type:0,xpos:0.000000,ypos:0.000000,xspeed:1.650000,yspeed:-4.440000,angle:-5.230000,distense:52.000000,rcs:12.000000
timestame:1619470876.853000000,objid:14,type:0,xpos:0.000000,ypos:0.000000,xspeed:-6.190000,yspeed:0.060000,angle:-6.940000,distense:101.000000,rcs:9.000000
