timestame:1619469916.762000000,objid:1,type:0,xpos:0.000000,ypos:0.000000,xspeed:5.500000,yspeed:0.030000,angle:1.490000,distense:110.400000,rcs:20.000000
timestame:1619469916.762000000,objid:2,type:0,xpos:0.000000,ypos:0.000000,xspeed:13.550000,yspeed:0.330000,angle:2.380000,distense:218.200000,rcs:6.000000
timestame:1619469916.762000000,objid:8,type:0,xpos:0.000000,ypos:0.000000,xspeed:5.580000,yspeed:0.050000,angle:1.610000,distense:103.800000,rcs:26.000000
