timestame:1619471404.472000000,objid:0,type:0,xpos:0.000000,ypos:0.000000,xspeed:2.700000,yspeed:2.010000,angle:9.360000,distense:44.000000,rcs:28.000000
timestame:1619471404.472000000,objid:5,type:0,xpos:0.000000,ypos:0.000000,xspeed:-1.180000,yspeed:11.710000,angle:22.830000,distense:41.200000,rcs:6.000000
timestame:1619471404.472000000,objid:10,type:0,xpos:0.000000,ypos:0.000000,xspeed:-1.320000,yspeed:0.520000,angle:-14.910000,distense:47.400000,rcs:9.000000
