timestame:1619469790.542000000,objid:1,type:0,xpos:0.000000,ypos:0.000000,xspeed:-16.300000,yspeed:-0.740000,angle:-18.000000,distense:38.200000,rcs:25.000000
timestame:1619469790.542000000,objid:3,type:0,xpos:0.000000,ypos:0.000000,xspeed:8.120000,yspeed:1.390000,angle:-18.000000,distense:38.600000,rcs:18.000000
timestame:1619469790.542000000,objid:4,type:0,xpos:0.000000,ypos:0.000000,xspeed:-13.120000,yspeed:0.000000,angle:-18.000000,distense:29.800000,rcs:12.000000
