timestame:1619469698.574000000,objid:2,type:0,xpos:0.000000,ypos:0.000000,xspeed:-2.250000,yspeed:-3.110000,angle:-18.000000,distense:42.000000,rcs:16.000000
timestame:1619469698.574000000,objid:5,type:0,xpos:0.000000,ypos:0.000000,xspeed:-8.970000,yspeed:-8.690000,angle:-18.000000,distense:39.600000,rcs:9.000000
timestame:1619469698.574000000,objid:13,type:0,xpos:0.000000,ypos:0.000000,xspeed:-15.140000,yspeed:0.400000,angle:-16.020000,distense:35.200000,rcs:28.000000
