timestame:1619469754.036000000,objid:1,type:0,xpos:0.000000,ypos:0.000000,xspeed:4.750000,yspeed:3.580000,angle:-14.760000,distense:43.600000,rcs:6.000000
timestame:1619469754.036000000,objid:2,type:0,xpos:0.000000,ypos:0.000000,xspeed:24.840000,yspeed:5.630000,angle:20.730000,distense:31.200000,rcs:20.000000
timestame:1619469754.036000000,objid:4,type:0,xpos:0.000000,ypos:0.000000,xspeed:-8.330000,yspeed:8.330000,angle:-9.220000,distense:17.600000,rcs:29.000000
