timestame:1619470643.790000000,objid:2,type:0,xpos:0.000000,ypos:0.000000,xspeed:-6.530000,yspeed:-0.050000,angle:-5.040000,distense:163.800000,rcs:9.000000
timestame:1619470643.790000000,objid:6,type:0,xpos:0.000000,ypos:0.000000,xspeed:3.620000,yspeed:-10.750000,angle:5.010000,distense:48.000000,rcs:32.000000
timestame:1619470643.790000000,objid:8,type:0,xpos:0.000000,ypos:0.000000,xspeed:-3.450000,yspeed:-0.870000,angle:11.710000,distense:87.800000,rcs:15.000000
