timestame:1619469774.583000000,objid:1,type:0,xpos:0.000000,ypos:0.000000,xspeed:3.630000,yspeed:2.740000,angle:-13.200000,distense:35.600000,rcs:18.000000
timestame:1619469774.583000000,objid:3,type:0,xpos:0.000000,ypos:0.000000,xspeed:2.740000,yspeed:0.900000,angle:21.810000,distense:17.800000,rcs:25.000000
timestame:1619469774.583000000,objid:7,type:0,xpos:0.000000,ypos:0.000000,xspeed:3.110000,yspeed:3.340000,angle:-9.590000,distense:45.200000,rcs:6.000000
