timestame:1619469624.491000000,objid:1,type:0,xpos:0.000000,ypos:0.000000,xspeed:-4.340000,yspeed:-0.300000,angle:-18.000000,distense:52.200000,rcs:18.000000
timestame:1619469624.491000000,objid:2,type:0,xpos:0.000000,ypos:0.000000,xspeed:-4.060000,yspeed:-0.180000,angle:-15.390000,distense:65.400000,rcs:26.000000
timestame:1619469624.491000000,objid:4,type:0,xpos:0.000000,ypos:0.000000,xspeed:-13.410000,yspeed:-0.490000,angle:-14.270000,distense:50.800000,rcs:22.000000
