timestame:1619470571.060000000,objid:1,type:0,xpos:0.000000,ypos:0.000000,xspeed:3.330000,yspeed:3.330000,angle:-9.780000,distense:44.000000,rcs:6.000000
timestame:1619470571.060000000,objid:3,type:0,xpos:0.000000,ypos:0.000000,xspeed:15.390000,yspeed:0.280000,angle:1.120000,distense:213.600000,rcs:15.000000
