timestame:1619469783.478000000,objid:2,type:0,xpos:0.000000,ypos:0.000000,xspeed:16.980000,yspeed:-0.010000,angle:1.160000,distense:151.600000,rcs:16.000000
timestame:1619469783.478000000,objid:4,type:0,xpos:0.000000,ypos:0.000000,xspeed:-17.780000,yspeed:-0.600000,angle:-6.020000,distense:142.800000,rcs:12.000000
timestame:1619469783.478000000,objid:5,type:0,xpos:0.000000,ypos:0.000000,xspeed:1.540000,yspeed:3.340000,angle:-3.980000,distense:44.400000,rcs:15.000000
timestame:1619469783.478000000,objid:10,type:0,xpos:0.000000,ypos:0.000000,xspeed:16.580000,yspeed:0.080000,angle:1.180000,distense:138.800000,rcs:26.000000
