timestame:1619471027.840000000,objid:2,type:0,xpos:0.000000,ypos:0.000000,xspeed:6.000000,yspeed:0.450000,angle:19.570000,distense:23.600000,rcs:20.000000
timestame:1619471027.840000000,objid:5,type:0,xpos:0.000000,ypos:0.000000,xspeed:4.770000,yspeed:0.900000,angle:-15.010000,distense:20.800000,rcs:31.000000
