timestame:1619470989.170000000,objid:3,type:0,xpos:0.000000,ypos:0.000000,xspeed:5.180000,yspeed:0.060000,angle:8.000000,distense:97.200000,rcs:9.000000
timestame:1619470989.170000000,objid:4,type:0,xpos:0.000000,ypos:0.000000,xspeed:-13.430000,yspeed:-0.450000,angle:-11.360000,distense:67.000000,rcs:18.000000
timestame:1619470989.170000000,objid:7,type:0,xpos:0.000000,ypos:0.000000,xspeed:-15.460000,yspeed:-1.910000,angle:-18.000000,distense:19.200000,rcs:9.000000
