timestame:1619471228.386000000,objid:0,type:0,xpos:0.000000,ypos:0.000000,xspeed:5.640000,yspeed:0.240000,angle:2.150000,distense:84.000000,rcs:9.000000
timestame:1619471228.386000000,objid:1,type:0,xpos:0.000000,ypos:0.000000,xspeed:4.490000,yspeed:-3.940000,angle:-17.900000,distense:56.000000,rcs:9.000000
timestame:1619471228.386000000,objid:9,type:0,xpos:0.000000,ypos:0.000000,xspeed:5.990000,yspeed:0.220000,angle:2.290000,distense:75.200000,rcs:37.000000
