timestame:1619470736.856000000,objid:0,type:0,xpos:0.000000,ypos:0.000000,xspeed:-19.230000,yspeed:-6.290000,angle:-5.670000,distense:167.400000,rcs:6.000000
timestame:1619470736.856000000,objid:1,type:0,xpos:0.000000,ypos:0.000000,xspeed:11.990000,yspeed:-0.060000,angle:1.410000,distense:109.000000,rcs:9.000000
timestame:1619470736.856000000,objid:2,type:0,xpos:0.000000,ypos:0.000000,xspeed:-1.430000,yspeed:-1.610000,angle:-6.170000,distense:49.400000,rcs:9.000000
timestame:1619470736.856000000,objid:6,type:0,xpos:0.000000,ypos:0.000000,xspeed:12.030000,yspeed:0.090000,angle:1.610000,distense:98.200000,rcs:34.000000
