timestame:1619470142.343000000,objid:0,type:0,xpos:0.000000,ypos:0.000000,xspeed:4.850000,yspeed:0.740000,angle:22.690000,distense:23.000000,rcs:26.000000
timestame:1619470142.343000000,objid:1,type:0,xpos:0.000000,ypos:0.000000,xspeed:1.700000,yspeed:-0.180000,angle:14.360000,distense:28.800000,rcs:9.000000
