timestame:1619469715.059000000,objid:1,type:0,xpos:0.000000,ypos:0.000000,xspeed:-1.910000,yspeed:7.100000,angle:-14.290000,distense:37.400000,rcs:18.000000
timestame:1619469715.059000000,objid:3,type:0,xpos:0.000000,ypos:0.000000,xspeed:14.100000,yspeed:-1.000000,angle:0.800000,distense:160.400000,rcs:12.000000
