timestame:1619470644.349000000,objid:2,type:0,xpos:0.000000,ypos:0.000000,xspeed:-6.410000,yspeed:-0.080000,angle:-5.180000,distense:160.400000,rcs:13.000000
timestame:1619470644.349000000,objid:4,type:0,xpos:0.000000,ypos:0.000000,xspeed:-1.390000,yspeed:-7.160000,angle:-0.510000,distense:43.800000,rcs:41.000000
timestame:1619470644.349000000,objid:5,type:0,xpos:0.000000,ypos:0.000000,xspeed:4.950000,yspeed:-0.460000,angle:19.960000,distense:50.800000,rcs:6.000000
timestame:1619470644.349000000,objid:8,type:0,xpos:0.000000,ypos:0.000000,xspeed:-1.910000,yspeed:-3.080000,angle:9.930000,distense:86.800000,rcs:6.000000
