timestame:1619471086.584000000,objid:0,type:0,xpos:0.000000,ypos:0.000000,xspeed:8.420000,yspeed:0.370000,angle:1.550000,distense:59.000000,rcs:32.000000
timestame:1619471086.584000000,objid:4,type:0,xpos:0.000000,ypos:0.000000,xspeed:-24.430000,yspeed:-0.920000,angle:-5.330000,distense:122.400000,rcs:6.000000
timestame:1619471086.584000000,objid:11,type:0,xpos:0.000000,ypos:0.000000,xspeed:2.820000,yspeed:0.140000,angle:2.570000,distense:23.000000,rcs:42.000000
