timestame:1619469577.445000000,objid:1,type:0,xpos:0.000000,ypos:0.000000,xspeed:-6.280000,yspeed:-3.910000,angle:-7.080000,distense:122.400000,rcs:13.000000
timestame:1619469577.445000000,objid:3,type:0,xpos:0.000000,ypos:0.000000,xspeed:-6.590000,yspeed:-0.250000,angle:-8.000000,distense:112.200000,rcs:13.000000
timestame:1619469577.445000000,objid:5,type:0,xpos:0.000000,ypos:0.000000,xspeed:-6.640000,yspeed:-0.220000,angle:-8.150000,distense:109.000000,rcs:15.000000
