timestame:1619469876.889000000,objid:6,type:0,xpos:0.000000,ypos:0.000000,xspeed:-1.920000,yspeed:-0.550000,angle:-18.000000,distense:37.800000,rcs:12.000000
timestame:1619469876.889000000,objid:10,type:0,xpos:0.000000,ypos:0.000000,xspeed:14.670000,yspeed:8.430000,angle:-13.180000,distense:43.000000,rcs:6.000000
