timestame:1619470943.325000000,objid:1,type:0,xpos:0.000000,ypos:0.000000,xspeed:-5.650000,yspeed:1.010000,angle:-15.000000,distense:49.200000,rcs:18.000000
timestame:1619470943.325000000,objid:5,type:0,xpos:0.000000,ypos:0.000000,xspeed:-6.500000,yspeed:-0.490000,angle:-18.000000,distense:52.400000,rcs:20.000000
timestame:1619470943.325000000,objid:7,type:0,xpos:0.000000,ypos:0.000000,xspeed:-5.790000,yspeed:-0.740000,angle:-18.000000,distense:49.400000,rcs:20.000000
