timestame:1619470563.132000000,objid:1,type:0,xpos:0.000000,ypos:0.000000,xspeed:6.650000,yspeed:-0.490000,angle:3.460000,distense:203.000000,rcs:15.000000
timestame:1619470563.132000000,objid:3,type:0,xpos:0.000000,ypos:0.000000,xspeed:10.510000,yspeed:0.150000,angle:1.620000,distense:95.600000,rcs:30.000000
timestame:1619470563.132000000,objid:5,type:0,xpos:0.000000,ypos:0.000000,xspeed:7.820000,yspeed:-5.780000,angle:1.850000,distense:214.200000,rcs:6.000000
