timestame:1619470886.865000000,objid:0,type:0,xpos:0.000000,ypos:0.000000,xspeed:-2.520000,yspeed:9.790000,angle:-1.040000,distense:41.800000,rcs:6.000000
timestame:1619470886.865000000,objid:3,type:0,xpos:0.000000,ypos:0.000000,xspeed:-2.090000,yspeed:-3.530000,angle:-18.000000,distense:34.200000,rcs:16.000000
timestame:1619470886.865000000,objid:12,type:0,xpos:0.000000,ypos:0.000000,xspeed:-3.980000,yspeed:-7.650000,angle:-18.000000,distense:62.600000,rcs:9.000000
