timestame:1619470979.091000000,objid:0,type:0,xpos:0.000000,ypos:0.000000,xspeed:7.270000,yspeed:-0.210000,angle:2.300000,distense:143.000000,rcs:20.000000
timestame:1619470979.091000000,objid:1,type:0,xpos:0.000000,ypos:0.000000,xspeed:-19.780000,yspeed:-2.870000,angle:-3.910000,distense:156.200000,rcs:20.000000
timestame:1619470979.091000000,objid:2,type:0,xpos:0.000000,ypos:0.000000,xspeed:-16.010000,yspeed:-1.180000,angle:-4.390000,distense:156.000000,rcs:19.000000
timestame:1619470979.091000000,objid:5,type:0,xpos:0.000000,ypos:0.000000,xspeed:-18.940000,yspeed:0.110000,angle:-13.140000,distense:66.000000,rcs:6.000000
