timestame:1619470617.986000000,objid:0,type:0,xpos:0.000000,ypos:0.000000,xspeed:-27.980000,yspeed:0.000000,angle:-10.190000,distense:89.600000,rcs:19.000000
timestame:1619470617.986000000,objid:2,type:0,xpos:0.000000,ypos:0.000000,xspeed:-9.000000,yspeed:2.430000,angle:-8.260000,distense:103.400000,rcs:18.000000
