timestame:1619471367.006000000,objid:1,type:0,xpos:0.000000,ypos:0.000000,xspeed:7.610000,yspeed:-0.180000,angle:3.070000,distense:116.200000,rcs:24.000000
timestame:1619471367.006000000,objid:2,type:0,xpos:0.000000,ypos:0.000000,xspeed:8.080000,yspeed:-0.020000,angle:3.150000,distense:122.000000,rcs:6.000000
timestame:1619471367.006000000,objid:7,type:0,xpos:0.000000,ypos:0.000000,xspeed:11.740000,yspeed:0.240000,angle:1.600000,distense:153.200000,rcs:24.000000
