timestame:1619471219.476000000,objid:6,type:0,xpos:0.000000,ypos:0.000000,xspeed:3.110000,yspeed:0.780000,angle:2.900000,distense:47.400000,rcs:12.000000
timestame:1619471219.476000000,objid:9,type:0,xpos:0.000000,ypos:0.000000,xspeed:3.390000,yspeed:0.330000,angle:3.020000,distense:28.800000,rcs:44.000000
timestame:1619471219.476000000,objid:10,type:0,xpos:0.000000,ypos:0.000000,xspeed:3.370000,yspeed:0.150000,angle:0.280000,distense:38.000000,rcs:20.000000
