timestame:1619469713.512000000,objid:3,type:0,xpos:0.000000,ypos:0.000000,xspeed:13.060000,yspeed:-1.310000,angle:1.340000,distense:137.200000,rcs:16.000000
timestame:1619469713.512000000,objid:6,type:0,xpos:0.000000,ypos:0.000000,xspeed:-1.570000,yspeed:6.860000,angle:7.230000,distense:36.800000,rcs:21.000000
