timestame:1619469578.375000000,objid:1,type:0,xpos:0.000000,ypos:0.000000,xspeed:-5.670000,yspeed:-1.210000,angle:-7.450000,distense:117.600000,rcs:6.000000
timestame:1619469578.375000000,objid:3,type:0,xpos:0.000000,ypos:0.000000,xspeed:-6.460000,yspeed:-0.270000,angle:-8.560000,distense:106.800000,rcs:16.000000
timestame:1619469578.375000000,objid:5,type:0,xpos:0.000000,ypos:0.000000,xspeed:-6.480000,yspeed:-0.240000,angle:-8.730000,distense:103.400000,rcs:20.000000
