timestame:1619470592.552000000,objid:0,type:0,xpos:0.000000,ypos:0.000000,xspeed:-14.580000,yspeed:-0.630000,angle:-18.000000,distense:40.400000,rcs:15.000000
timestame:1619470592.552000000,objid:2,type:0,xpos:0.000000,ypos:0.000000,xspeed:34.790000,yspeed:-7.020000,angle:-16.350000,distense:29.800000,rcs:6.000000
timestame:1619470592.552000000,objid:5,type:0,xpos:0.000000,ypos:0.000000,xspeed:7.280000,yspeed:0.000000,angle:-13.180000,distense:18.600000,rcs:16.000000
