timestame:1619469932.332000000,objid:0,type:0,xpos:0.000000,ypos:0.000000,xspeed:-1.040000,yspeed:2.720000,angle:-17.910000,distense:37.600000,rcs:12.000000
timestame:1619469932.332000000,objid:1,type:0,xpos:0.000000,ypos:0.000000,xspeed:8.290000,yspeed:0.360000,angle:1.610000,distense:218.200000,rcs:12.000000
timestame:1619469932.332000000,objid:8,type:0,xpos:0.000000,ypos:0.000000,xspeed:8.340000,yspeed:0.480000,angle:1.520000,distense:211.400000,rcs:27.000000
