timestame:1619470736.733000000,objid:0,type:0,xpos:0.000000,ypos:0.000000,xspeed:-19.230000,yspeed:-6.290000,angle:-5.340000,distense:169.600000,rcs:6.000000
timestame:1619470736.733000000,objid:1,type:0,xpos:0.000000,ypos:0.000000,xspeed:11.990000,yspeed:-0.060000,angle:1.420000,distense:107.600000,rcs:9.000000
timestame:1619470736.733000000,objid:6,type:0,xpos:0.000000,ypos:0.000000,xspeed:12.030000,yspeed:0.090000,angle:1.630000,distense:96.800000,rcs:36.000000
