timestame:1619470481.948000000,objid:0,type:0,xpos:0.000000,ypos:0.000000,xspeed:-3.650000,yspeed:-8.490000,angle:15.900000,distense:44.400000,rcs:24.000000
timestame:1619470481.948000000,objid:1,type:0,xpos:0.000000,ypos:0.000000,xspeed:-4.770000,yspeed:-0.060000,angle:-7.430000,distense:90.200000,rcs:22.000000
timestame:1619470481.948000000,objid:2,type:0,xpos:0.000000,ypos:0.000000,xspeed:1.700000,yspeed:-0.140000,angle:11.050000,distense:82.400000,rcs:9.000000
timestame:1619470481.948000000,objid:6,type:0,xpos:0.000000,ypos:0.000000,xspeed:-3.630000,yspeed:0.720000,angle:-6.690000,distense:96.600000,rcs:13.000000
