timestame:1619470477.462000000,objid:0,type:0,xpos:0.000000,ypos:0.000000,xspeed:-8.380000,yspeed:-0.570000,angle:-5.670000,distense:114.000000,rcs:21.000000
timestame:1619470477.462000000,objid:2,type:0,xpos:0.000000,ypos:0.000000,xspeed:1.310000,yspeed:-0.290000,angle:13.240000,distense:75.000000,rcs:6.000000
