timestame:1619470888.240000000,objid:2,type:0,xpos:0.000000,ypos:0.000000,xspeed:-1.170000,yspeed:-2.810000,angle:-18.000000,distense:35.800000,rcs:18.000000
timestame:1619470888.240000000,objid:3,type:0,xpos:0.000000,ypos:0.000000,xspeed:-1.990000,yspeed:-2.770000,angle:-18.000000,distense:33.600000,rcs:6.000000
timestame:1619470888.240000000,objid:10,type:0,xpos:0.000000,ypos:0.000000,xspeed:-1.140000,yspeed:0.850000,angle:-3.230000,distense:38.600000,rcs:32.000000
timestame:1619470888.240000000,objid:19,type:0,xpos:0.000000,ypos:0.000000,xspeed:-1.210000,yspeed:-3.160000,angle:-18.000000,distense:35.800000,rcs:26.000000
