timestame:1619471137.553000000,objid:4,type:0,xpos:0.000000,ypos:0.000000,xspeed:3.360000,yspeed:-1.320000,angle:8.250000,distense:45.000000,rcs:6.000000
timestame:1619471137.553000000,objid:9,type:0,xpos:0.000000,ypos:0.000000,xspeed:4.230000,yspeed:-3.710000,angle:5.030000,distense:39.600000,rcs:37.000000
timestame:1619471137.553000000,objid:10,type:0,xpos:0.000000,ypos:0.000000,xspeed:1.450000,yspeed:0.000000,angle:9.140000,distense:57.600000,rcs:20.000000
