timestame:1619471164.172000000,objid:0,type:0,xpos:0.000000,ypos:0.000000,xspeed:-7.360000,yspeed:7.840000,angle:-2.540000,distense:167.000000,rcs:16.000000
timestame:1619471164.172000000,objid:3,type:0,xpos:0.000000,ypos:0.000000,xspeed:3.460000,yspeed:4.960000,angle:-9.530000,distense:43.000000,rcs:6.000000
timestame:1619471164.172000000,objid:5,type:0,xpos:0.000000,ypos:0.000000,xspeed:2.420000,yspeed:5.570000,angle:-2.610000,distense:50.400000,rcs:6.000000
timestame:1619471164.172000000,objid:8,type:0,xpos:0.000000,ypos:0.000000,xspeed:3.020000,yspeed:4.490000,angle:-7.720000,distense:45.000000,rcs:6.000000
