timestame:1619470275.326000000,objid:1,type:0,xpos:0.000000,ypos:0.000000,xspeed:-10.490000,yspeed:-0.030000,angle:-4.750000,distense:110.400000,rcs:6.000000
timestame:1619470275.326000000,objid:2,type:0,xpos:0.000000,ypos:0.000000,xspeed:-1.030000,yspeed:0.370000,angle:-6.720000,distense:93.000000,rcs:6.000000
