timestame:1619469633.692000000,objid:1,type:0,xpos:0.000000,ypos:0.000000,xspeed:4.370000,yspeed:0.000000,angle:19.630000,distense:20.000000,rcs:27.000000
timestame:1619469633.692000000,objid:3,type:0,xpos:0.000000,ypos:0.000000,xspeed:-6.270000,yspeed:1.410000,angle:-6.140000,distense:58.000000,rcs:15.000000
timestame:1619469633.692000000,objid:4,type:0,xpos:0.000000,ypos:0.000000,xspeed:2.350000,yspeed:4.130000,angle:-16.460000,distense:22.600000,rcs:12.000000
