timestame:1619469891.385000000,objid:2,type:0,xpos:0.000000,ypos:0.000000,xspeed:-4.240000,yspeed:-0.150000,angle:-15.480000,distense:50.400000,rcs:19.000000
timestame:1619469891.385000000,objid:5,type:0,xpos:0.000000,ypos:0.000000,xspeed:-2.940000,yspeed:-0.100000,angle:-18.000000,distense:54.000000,rcs:26.000000
timestame:1619469891.385000000,objid:10,type:0,xpos:0.000000,ypos:0.000000,xspeed:-11.880000,yspeed:7.620000,angle:-3.640000,distense:152.800000,rcs:6.000000
timestame:1619469891.385000000,objid:16,type:0,xpos:0.000000,ypos:0.000000,xspeed:-3.700000,yspeed:0.000000,angle:-11.920000,distense:62.200000,rcs:26.000000
