timestame:1619469754.353000000,objid:1,type:0,xpos:0.000000,ypos:0.000000,xspeed:4.750000,yspeed:3.580000,angle:-14.340000,distense:45.200000,rcs:6.000000
timestame:1619469754.353000000,objid:3,type:0,xpos:0.000000,ypos:0.000000,xspeed:5.360000,yspeed:-2.330000,angle:-14.910000,distense:21.000000,rcs:30.000000
timestame:1619469754.353000000,objid:4,type:0,xpos:0.000000,ypos:0.000000,xspeed:-13.240000,yspeed:-0.670000,angle:-0.980000,distense:13.400000,rcs:6.000000
timestame:1619469754.353000000,objid:5,type:0,xpos:0.000000,ypos:0.000000,xspeed:5.650000,yspeed:5.580000,angle:21.630000,distense:23.200000,rcs:29.000000
