timestame:1619470773.058000000,objid:0,type:0,xpos:0.000000,ypos:0.000000,xspeed:-9.420000,yspeed:-0.100000,angle:-6.710000,distense:125.600000,rcs:23.000000
timestame:1619470773.058000000,objid:1,type:0,xpos:0.000000,ypos:0.000000,xspeed:13.880000,yspeed:0.130000,angle:1.480000,distense:131.000000,rcs:18.000000
timestame:1619470773.058000000,objid:2,type:0,xpos:0.000000,ypos:0.000000,xspeed:11.400000,yspeed:-8.790000,angle:1.180000,distense:133.600000,rcs:6.000000
