timestame:1619471005.317000000,objid:1,type:0,xpos:0.000000,ypos:0.000000,xspeed:-12.770000,yspeed:-0.750000,angle:-8.090000,distense:114.400000,rcs:13.000000
timestame:1619471005.317000000,objid:5,type:0,xpos:0.000000,ypos:0.000000,xspeed:9.030000,yspeed:0.000000,angle:-7.290000,distense:122.800000,rcs:16.000000
