timestame:1619469946.994000000,objid:3,type:0,xpos:0.000000,ypos:0.000000,xspeed:1.710000,yspeed:0.260000,angle:1.190000,distense:17.800000,rcs:12.000000
timestame:1619469946.994000000,objid:4,type:0,xpos:0.000000,ypos:0.000000,xspeed:-3.410000,yspeed:-11.080000,angle:14.980000,distense:50.000000,rcs:12.000000
timestame:1619469946.994000000,objid:5,type:0,xpos:0.000000,ypos:0.000000,xspeed:-6.740000,yspeed:-12.260000,angle:-18.000000,distense:56.200000,rcs:6.000000
