timestame:1619471098.314000000,objid:2,type:0,xpos:0.000000,ypos:0.000000,xspeed:9.110000,yspeed:0.080000,angle:1.260000,distense:109.200000,rcs:22.000000
timestame:1619471098.314000000,objid:3,type:0,xpos:0.000000,ypos:0.000000,xspeed:-17.530000,yspeed:-0.980000,angle:-18.000000,distense:43.000000,rcs:32.000000
