timestame:1619470608.632000000,objid:0,type:0,xpos:0.000000,ypos:0.000000,xspeed:18.590000,yspeed:-1.370000,angle:14.700000,distense:27.200000,rcs:15.000000
timestame:1619470608.632000000,objid:2,type:0,xpos:0.000000,ypos:0.000000,xspeed:6.980000,yspeed:-0.400000,angle:20.140000,distense:22.800000,rcs:12.000000
