timestame:1619470286.216000000,objid:2,type:0,xpos:0.000000,ypos:0.000000,xspeed:-13.210000,yspeed:-0.240000,angle:-7.620000,distense:114.200000,rcs:22.000000
timestame:1619470286.216000000,objid:5,type:0,xpos:0.000000,ypos:0.000000,xspeed:-5.480000,yspeed:-0.300000,angle:-17.340000,distense:46.600000,rcs:25.000000
timestame:1619470286.216000000,objid:7,type:0,xpos:0.000000,ypos:0.000000,xspeed:-5.230000,yspeed:-0.430000,angle:-18.000000,distense:41.600000,rcs:34.000000
timestame:1619470286.216000000,objid:11,type:0,xpos:0.000000,ypos:0.000000,xspeed:-5.320000,yspeed:-0.270000,angle:-18.000000,distense:35.400000,rcs:20.000000
