timestame:1619470788.847000000,objid:1,type:0,xpos:0.000000,ypos:0.000000,xspeed:-3.480000,yspeed:-1.140000,angle:-18.000000,distense:25.800000,rcs:9.000000
timestame:1619470788.847000000,objid:2,type:0,xpos:0.000000,ypos:0.000000,xspeed:-3.880000,yspeed:-2.240000,angle:-18.000000,distense:28.000000,rcs:9.000000
timestame:1619470788.847000000,objid:6,type:0,xpos:0.000000,ypos:0.000000,xspeed:-3.780000,yspeed:-1.120000,angle:-18.000000,distense:24.600000,rcs:6.000000
timestame:1619470788.847000000,objid:11,type:0,xpos:0.000000,ypos:0.000000,xspeed:-4.030000,yspeed:-0.540000,angle:-18.000000,distense:22.400000,rcs:6.000000
