timestame:1619471091.871000000,objid:1,type:0,xpos:0.000000,ypos:0.000000,xspeed:11.600000,yspeed:0.120000,angle:4.400000,distense:69.000000,rcs:21.000000
timestame:1619471091.871000000,objid:2,type:0,xpos:0.000000,ypos:0.000000,xspeed:6.510000,yspeed:0.440000,angle:2.550000,distense:54.800000,rcs:39.000000
timestame:1619471091.871000000,objid:4,type:0,xpos:0.000000,ypos:0.000000,xspeed:-22.350000,yspeed:-1.250000,angle:-18.000000,distense:17.800000,rcs:6.000000
timestame:1619471091.871000000,objid:5,type:0,xpos:0.000000,ypos:0.000000,xspeed:12.520000,yspeed:0.340000,angle:1.780000,distense:120.000000,rcs:9.000000
