timestame:1619469916.700000000,objid:1,type:0,xpos:0.000000,ypos:0.000000,xspeed:5.480000,yspeed:0.030000,angle:1.490000,distense:110.000000,rcs:19.000000
timestame:1619469916.700000000,objid:2,type:0,xpos:0.000000,ypos:0.000000,xspeed:13.550000,yspeed:0.330000,angle:2.380000,distense:217.400000,rcs:6.000000
timestame:1619469916.700000000,objid:8,type:0,xpos:0.000000,ypos:0.000000,xspeed:5.570000,yspeed:0.060000,angle:1.620000,distense:103.400000,rcs:27.000000
