timestame:1619469761.821000000,objid:3,type:0,xpos:0.000000,ypos:0.000000,xspeed:5.480000,yspeed:0.800000,angle:21.210000,distense:20.000000,rcs:25.000000
timestame:1619469761.821000000,objid:5,type:0,xpos:0.000000,ypos:0.000000,xspeed:-18.970000,yspeed:1.430000,angle:-11.540000,distense:80.800000,rcs:22.000000
timestame:1619469761.821000000,objid:6,type:0,xpos:0.000000,ypos:0.000000,xspeed:6.130000,yspeed:6.820000,angle:-13.600000,distense:16.800000,rcs:15.000000
