timestame:1619469577.260000000,objid:1,type:0,xpos:0.000000,ypos:0.000000,xspeed:-9.460000,yspeed:-2.680000,angle:-6.620000,distense:122.600000,rcs:9.000000
timestame:1619469577.260000000,objid:3,type:0,xpos:0.000000,ypos:0.000000,xspeed:-6.680000,yspeed:-0.160000,angle:-7.800000,distense:113.200000,rcs:16.000000
timestame:1619469577.260000000,objid:5,type:0,xpos:0.000000,ypos:0.000000,xspeed:-6.710000,yspeed:-0.200000,angle:-8.040000,distense:110.000000,rcs:19.000000
