timestame:1619470330.604000000,objid:0,type:0,xpos:0.000000,ypos:0.000000,xspeed:16.440000,yspeed:-0.460000,angle:0.300000,distense:187.800000,rcs:22.000000
timestame:1619470330.604000000,objid:2,type:0,xpos:0.000000,ypos:0.000000,xspeed:9.970000,yspeed:0.400000,angle:1.140000,distense:208.200000,rcs:16.000000
timestame:1619470330.604000000,objid:4,type:0,xpos:0.000000,ypos:0.000000,xspeed:-1.370000,yspeed:0.880000,angle:14.650000,distense:67.000000,rcs:12.000000
