timestame:1619471439.502000000,objid:1,type:0,xpos:0.000000,ypos:0.000000,xspeed:-1.100000,yspeed:-5.110000,angle:-9.410000,distense:39.200000,rcs:35.000000
timestame:1619471439.502000000,objid:8,type:0,xpos:0.000000,ypos:0.000000,xspeed:-4.200000,yspeed:-2.140000,angle:-18.000000,distense:28.400000,rcs:6.000000
