timestame:1619470799.255000000,objid:3,type:0,xpos:0.000000,ypos:0.000000,xspeed:1.750000,yspeed:-11.010000,angle:-18.000000,distense:72.400000,rcs:6.000000
timestame:1619470799.255000000,objid:7,type:0,xpos:0.000000,ypos:0.000000,xspeed:7.740000,yspeed:-1.690000,angle:14.930000,distense:49.200000,rcs:21.000000
timestame:1619470799.255000000,objid:15,type:0,xpos:0.000000,ypos:0.000000,xspeed:-1.190000,yspeed:-2.340000,angle:-18.000000,distense:37.600000,rcs:33.000000
