timestame:1619470010.467000000,objid:2,type:0,xpos:0.000000,ypos:0.000000,xspeed:-2.180000,yspeed:-1.600000,angle:-18.000000,distense:30.600000,rcs:6.000000
timestame:1619470010.467000000,objid:19,type:0,xpos:0.000000,ypos:0.000000,xspeed:1.010000,yspeed:-6.110000,angle:20.310000,distense:44.800000,rcs:26.000000
