timestame:1619470521.790000000,objid:0,type:0,xpos:0.000000,ypos:0.000000,xspeed:3.050000,yspeed:-7.920000,angle:-14.440000,distense:44.000000,rcs:15.000000
timestame:1619470521.790000000,objid:4,type:0,xpos:0.000000,ypos:0.000000,xspeed:-1.800000,yspeed:5.780000,angle:-16.530000,distense:43.200000,rcs:6.000000
