timestame:1619471532.645000000,objid:4,type:0,xpos:0.000000,ypos:0.000000,xspeed:-13.580000,yspeed:-1.310000,angle:-3.110000,distense:186.400000,rcs:9.000000
timestame:1619471532.645000000,objid:6,type:0,xpos:0.000000,ypos:0.000000,xspeed:2.320000,yspeed:3.750000,angle:11.330000,distense:44.000000,rcs:36.000000
timestame:1619471532.645000000,objid:7,type:0,xpos:0.000000,ypos:0.000000,xspeed:2.610000,yspeed:-4.320000,angle:11.570000,distense:53.600000,rcs:9.000000
timestame:1619471532.645000000,objid:10,type:0,xpos:0.000000,ypos:0.000000,xspeed:-12.570000,yspeed:-4.650000,angle:-3.520000,distense:194.200000,rcs:9.000000
