timestame:1619470645.842000000,objid:2,type:0,xpos:0.000000,ypos:0.000000,xspeed:-6.080000,yspeed:-0.210000,angle:-5.690000,distense:151.800000,rcs:12.000000
timestame:1619470645.842000000,objid:5,type:0,xpos:0.000000,ypos:0.000000,xspeed:-1.630000,yspeed:-9.260000,angle:-17.140000,distense:45.400000,rcs:27.000000
timestame:1619470645.842000000,objid:8,type:0,xpos:0.000000,ypos:0.000000,xspeed:-1.810000,yspeed:-4.920000,angle:5.030000,distense:83.200000,rcs:13.000000
