timestame:1619471163.922000000,objid:0,type:0,xpos:0.000000,ypos:0.000000,xspeed:-5.940000,yspeed:9.820000,angle:-2.970000,distense:169.200000,rcs:13.000000
timestame:1619471163.922000000,objid:3,type:0,xpos:0.000000,ypos:0.000000,xspeed:3.750000,yspeed:4.640000,angle:-11.130000,distense:41.800000,rcs:18.000000
timestame:1619471163.922000000,objid:5,type:0,xpos:0.000000,ypos:0.000000,xspeed:2.420000,yspeed:5.570000,angle:-3.420000,distense:49.200000,rcs:6.000000
timestame:1619471163.922000000,objid:8,type:0,xpos:0.000000,ypos:0.000000,xspeed:3.170000,yspeed:4.360000,angle:-8.730000,distense:43.800000,rcs:6.000000
