timestame:1619471405.837000000,objid:0,type:0,xpos:0.000000,ypos:0.000000,xspeed:1.090000,yspeed:-0.460000,angle:7.780000,distense:45.000000,rcs:29.000000
timestame:1619471405.837000000,objid:5,type:0,xpos:0.000000,ypos:0.000000,xspeed:-16.520000,yspeed:0.670000,angle:8.170000,distense:164.000000,rcs:13.000000
timestame:1619471405.837000000,objid:10,type:0,xpos:0.000000,ypos:0.000000,xspeed:-1.260000,yspeed:-0.450000,angle:-15.020000,distense:45.200000,rcs:6.000000
