timestame:1619470027.194000000,objid:1,type:0,xpos:0.000000,ypos:0.000000,xspeed:4.130000,yspeed:1.180000,angle:1.290000,distense:17.800000,rcs:28.000000
timestame:1619470027.194000000,objid:2,type:0,xpos:0.000000,ypos:0.000000,xspeed:5.850000,yspeed:0.430000,angle:2.590000,distense:32.400000,rcs:39.000000
