timestame:1619469632.375000000,objid:2,type:0,xpos:0.000000,ypos:0.000000,xspeed:-6.210000,yspeed:-0.380000,angle:-18.000000,distense:26.600000,rcs:6.000000
timestame:1619469632.375000000,objid:6,type:0,xpos:0.000000,ypos:0.000000,xspeed:-9.250000,yspeed:-0.060000,angle:-7.370000,distense:64.200000,rcs:20.000000
timestame:1619469632.375000000,objid:7,type:0,xpos:0.000000,ypos:0.000000,xspeed:-6.940000,yspeed:-0.670000,angle:-18.000000,distense:29.000000,rcs:6.000000
