timestame:1619469557.002000000,objid:4,type:0,xpos:0.000000,ypos:0.000000,xspeed:-1.530000,yspeed:6.470000,angle:5.340000,distense:41.200000,rcs:13.000000
timestame:1619469557.002000000,objid:5,type:0,xpos:0.000000,ypos:0.000000,xspeed:-2.220000,yspeed:7.170000,angle:10.580000,distense:40.400000,rcs:32.000000
