timestame:1619470660.092000000,objid:2,type:0,xpos:0.000000,ypos:0.000000,xspeed:4.220000,yspeed:2.700000,angle:-16.270000,distense:39.000000,rcs:12.000000
timestame:1619470660.092000000,objid:3,type:0,xpos:0.000000,ypos:0.000000,xspeed:-2.030000,yspeed:0.050000,angle:-7.220000,distense:111.400000,rcs:12.000000
