timestame:1619471368.992000000,objid:1,type:0,xpos:0.000000,ypos:0.000000,xspeed:8.010000,yspeed:-0.020000,angle:2.860000,distense:132.400000,rcs:16.000000
timestame:1619471368.992000000,objid:7,type:0,xpos:0.000000,ypos:0.000000,xspeed:11.330000,yspeed:0.280000,angle:1.580000,distense:175.400000,rcs:12.000000
