timestame:1619470660.463000000,objid:0,type:0,xpos:0.000000,ypos:0.000000,xspeed:-1.630000,yspeed:-1.860000,angle:-9.430000,distense:100.400000,rcs:12.000000
timestame:1619470660.463000000,objid:1,type:0,xpos:0.000000,ypos:0.000000,xspeed:-15.160000,yspeed:0.000000,angle:-5.690000,distense:32.600000,rcs:16.000000
timestame:1619470660.463000000,objid:2,type:0,xpos:0.000000,ypos:0.000000,xspeed:3.770000,yspeed:3.120000,angle:-14.550000,distense:40.400000,rcs:6.000000
timestame:1619470660.463000000,objid:3,type:0,xpos:0.000000,ypos:0.000000,xspeed:-2.250000,yspeed:-0.030000,angle:-7.300000,distense:110.600000,rcs:15.000000
