timestame:1619470502.414000000,objid:1,type:0,xpos:0.000000,ypos:0.000000,xspeed:-1.830000,yspeed:-2.030000,angle:-18.000000,distense:37.400000,rcs:28.000000
timestame:1619470502.414000000,objid:2,type:0,xpos:0.000000,ypos:0.000000,xspeed:-1.550000,yspeed:-0.620000,angle:-18.000000,distense:35.000000,rcs:24.000000
timestame:1619470502.414000000,objid:3,type:0,xpos:0.000000,ypos:0.000000,xspeed:-1.110000,yspeed:-3.350000,angle:-11.120000,distense:39.400000,rcs:36.000000
timestame:1619470502.414000000,objid:6,type:0,xpos:0.000000,ypos:0.000000,xspeed:-2.660000,yspeed:-0.630000,angle:-18.000000,distense:31.200000,rcs:12.000000
