timestame:1619469568.385000000,objid:2,type:0,xpos:0.000000,ypos:0.000000,xspeed:-1.270000,yspeed:-3.600000,angle:-9.480000,distense:36.600000,rcs:37.000000
timestame:1619469568.385000000,objid:8,type:0,xpos:0.000000,ypos:0.000000,xspeed:3.390000,yspeed:-7.090000,angle:-4.920000,distense:63.200000,rcs:6.000000
timestame:1619469568.385000000,objid:11,type:0,xpos:0.000000,ypos:0.000000,xspeed:-2.700000,yspeed:-5.320000,angle:-18.000000,distense:33.600000,rcs:24.000000
