timestame:1619471069.077000000,objid:0,type:0,xpos:0.000000,ypos:0.000000,xspeed:-5.640000,yspeed:-0.270000,angle:-7.840000,distense:89.000000,rcs:13.000000
timestame:1619471069.077000000,objid:3,type:0,xpos:0.000000,ypos:0.000000,xspeed:-6.850000,yspeed:-0.180000,angle:-5.130000,distense:131.200000,rcs:9.000000
timestame:1619471069.077000000,objid:5,type:0,xpos:0.000000,ypos:0.000000,xspeed:-10.940000,yspeed:-0.210000,angle:-7.050000,distense:120.000000,rcs:19.000000
timestame:1619471069.077000000,objid:9,type:0,xpos:0.000000,ypos:0.000000,xspeed:-3.070000,yspeed:-0.240000,angle:-13.260000,distense:60.800000,rcs:20.000000
