timestame:1619470636.717000000,objid:2,type:0,xpos:0.000000,ypos:0.000000,xspeed:1.360000,yspeed:-7.550000,angle:1.710000,distense:49.800000,rcs:25.000000
timestame:1619470636.717000000,objid:3,type:0,xpos:0.000000,ypos:0.000000,xspeed:2.000000,yspeed:-15.570000,angle:4.450000,distense:48.800000,rcs:6.000000
timestame:1619470636.717000000,objid:4,type:0,xpos:0.000000,ypos:0.000000,xspeed:-7.870000,yspeed:0.000000,angle:-4.200000,distense:211.000000,rcs:6.000000
timestame:1619470636.717000000,objid:6,type:0,xpos:0.000000,ypos:0.000000,xspeed:3.350000,yspeed:-7.860000,angle:7.020000,distense:49.600000,rcs:20.000000
