timestame:1619470060.558000000,objid:0,type:0,xpos:0.000000,ypos:0.000000,xspeed:-11.370000,yspeed:-0.060000,angle:-5.890000,distense:75.000000,rcs:22.000000
timestame:1619470060.558000000,objid:1,type:0,xpos:0.000000,ypos:0.000000,xspeed:-20.940000,yspeed:2.590000,angle:-4.150000,distense:161.400000,rcs:12.000000
timestame:1619470060.558000000,objid:5,type:0,xpos:0.000000,ypos:0.000000,xspeed:9.630000,yspeed:0.540000,angle:2.910000,distense:191.000000,rcs:22.000000
