timestame:1619469869.744000000,objid:8,type:0,xpos:0.000000,ypos:0.000000,xspeed:-2.730000,yspeed:-0.400000,angle:-18.000000,distense:32.600000,rcs:23.000000
timestame:1619469869.744000000,objid:13,type:0,xpos:0.000000,ypos:0.000000,xspeed:-1.640000,yspeed:-0.520000,angle:-18.000000,distense:35.800000,rcs:24.000000
timestame:1619469869.744000000,objid:14,type:0,xpos:0.000000,ypos:0.000000,xspeed:-1.440000,yspeed:3.800000,angle:-1.040000,distense:42.000000,rcs:6.000000
timestame:1619469869.744000000,objid:16,type:0,xpos:0.000000,ypos:0.000000,xspeed:-1.110000,yspeed:-1.280000,angle:-18.000000,distense:38.600000,rcs:25.000000
