timestame:1619470941.347000000,objid:1,type:0,xpos:0.000000,ypos:0.000000,xspeed:-4.820000,yspeed:-0.190000,angle:-15.400000,distense:61.400000,rcs:15.000000
timestame:1619470941.347000000,objid:5,type:0,xpos:0.000000,ypos:0.000000,xspeed:-5.600000,yspeed:0.160000,angle:-14.900000,distense:64.400000,rcs:21.000000
timestame:1619470941.347000000,objid:10,type:0,xpos:0.000000,ypos:0.000000,xspeed:-4.390000,yspeed:0.440000,angle:-10.920000,distense:62.800000,rcs:16.000000
