timestame:1619469788.071000000,objid:1,type:0,xpos:0.000000,ypos:0.000000,xspeed:-15.930000,yspeed:-0.220000,angle:-11.620000,distense:76.000000,rcs:19.000000
timestame:1619469788.071000000,objid:4,type:0,xpos:0.000000,ypos:0.000000,xspeed:-16.690000,yspeed:-0.630000,angle:-14.650000,distense:66.600000,rcs:24.000000
timestame:1619469788.071000000,objid:10,type:0,xpos:0.000000,ypos:0.000000,xspeed:17.040000,yspeed:0.340000,angle:1.210000,distense:217.600000,rcs:16.000000
