timestame:1619470439.595000000,objid:1,type:0,xpos:0.000000,ypos:0.000000,xspeed:14.450000,yspeed:0.620000,angle:2.460000,distense:52.000000,rcs:31.000000
timestame:1619470439.595000000,objid:2,type:0,xpos:0.000000,ypos:0.000000,xspeed:3.790000,yspeed:-0.080000,angle:10.250000,distense:73.600000,rcs:25.000000
