timestame:1619471312.252000000,objid:2,type:0,xpos:0.000000,ypos:0.000000,xspeed:2.540000,yspeed:3.440000,angle:-11.060000,distense:43.400000,rcs:9.000000
timestame:1619471312.252000000,objid:3,type:0,xpos:0.000000,ypos:0.000000,xspeed:3.500000,yspeed:2.540000,angle:-14.800000,distense:37.600000,rcs:16.000000
timestame:1619471312.252000000,objid:4,type:0,xpos:0.000000,ypos:0.000000,xspeed:-1.030000,yspeed:5.020000,angle:0.260000,distense:37.600000,rcs:12.000000
