timestame:1619470616.554000000,objid:0,type:0,xpos:0.000000,ypos:0.000000,xspeed:2.150000,yspeed:-10.170000,angle:-18.000000,distense:70.200000,rcs:6.000000
timestame:1619470616.554000000,objid:10,type:0,xpos:0.000000,ypos:0.000000,xspeed:-1.240000,yspeed:5.600000,angle:21.270000,distense:41.000000,rcs:6.000000
