timestame:1619471366.630000000,objid:1,type:0,xpos:0.000000,ypos:0.000000,xspeed:7.520000,yspeed:-0.290000,angle:3.080000,distense:113.200000,rcs:22.000000
timestame:1619471366.630000000,objid:2,type:0,xpos:0.000000,ypos:0.000000,xspeed:7.910000,yspeed:-0.080000,angle:3.190000,distense:118.800000,rcs:13.000000
timestame:1619471366.630000000,objid:7,type:0,xpos:0.000000,ypos:0.000000,xspeed:11.750000,yspeed:0.300000,angle:1.670000,distense:149.000000,rcs:18.000000
