timestame:1619469485.373000000,objid:1,type:0,xpos:0.000000,ypos:0.000000,xspeed:-3.820000,yspeed:-1.550000,angle:-13.400000,distense:70.800000,rcs:22.000000
timestame:1619469485.373000000,objid:3,type:0,xpos:0.000000,ypos:0.000000,xspeed:1.810000,yspeed:0.180000,angle:11.620000,distense:18.400000,rcs:33.000000
timestame:1619469485.373000000,objid:7,type:0,xpos:0.000000,ypos:0.000000,xspeed:-2.330000,yspeed:-0.070000,angle:-10.920000,distense:85.400000,rcs:18.000000
timestame:1619469485.373000000,objid:11,type:0,xpos:0.000000,ypos:0.000000,xspeed:-1.160000,yspeed:-0.210000,angle:-9.010000,distense:80.600000,rcs:6.000000
