timestame:1619471262.480000000,objid:2,type:0,xpos:0.000000,ypos:0.000000,xspeed:12.710000,yspeed:0.100000,angle:3.340000,distense:106.000000,rcs:24.000000
timestame:1619471262.480000000,objid:6,type:0,xpos:0.000000,ypos:0.000000,xspeed:12.670000,yspeed:-0.210000,angle:2.990000,distense:118.000000,rcs:24.000000
timestame:1619471262.480000000,objid:10,type:0,xpos:0.000000,ypos:0.000000,xspeed:12.660000,yspeed:0.110000,angle:3.780000,distense:93.800000,rcs:29.000000
