timestame:1619470048.800000000,objid:0,type:0,xpos:0.000000,ypos:0.000000,xspeed:6.760000,yspeed:0.060000,angle:3.980000,distense:96.800000,rcs:16.000000
timestame:1619470048.800000000,objid:5,type:0,xpos:0.000000,ypos:0.000000,xspeed:6.840000,yspeed:0.120000,angle:4.340000,distense:87.400000,rcs:25.000000
