timestame:1619470047.182000000,objid:0,type:0,xpos:0.000000,ypos:0.000000,xspeed:6.580000,yspeed:0.320000,angle:4.590000,distense:85.600000,rcs:16.000000
timestame:1619470047.182000000,objid:3,type:0,xpos:0.000000,ypos:0.000000,xspeed:14.830000,yspeed:0.220000,angle:1.220000,distense:209.000000,rcs:13.000000
timestame:1619470047.182000000,objid:5,type:0,xpos:0.000000,ypos:0.000000,xspeed:6.660000,yspeed:0.200000,angle:4.960000,distense:76.000000,rcs:27.000000
