timestame:1619470228.652000000,objid:1,type:0,xpos:0.000000,ypos:0.000000,xspeed:1.190000,yspeed:-1.770000,angle:-7.280000,distense:42.600000,rcs:37.000000
timestame:1619470228.652000000,objid:2,type:0,xpos:0.000000,ypos:0.000000,xspeed:-1.290000,yspeed:-3.530000,angle:-13.740000,distense:41.800000,rcs:35.000000
timestame:1619470228.652000000,objid:8,type:0,xpos:0.000000,ypos:0.000000,xspeed:-1.700000,yspeed:-2.640000,angle:-18.000000,distense:40.000000,rcs:27.000000
timestame:1619470228.652000000,objid:11,type:0,xpos:0.000000,ypos:0.000000,xspeed:-10.940000,yspeed:-6.470000,angle:-4.290000,distense:178.400000,rcs:9.000000
