timestame:1619471135.698000000,objid:5,type:0,xpos:0.000000,ypos:0.000000,xspeed:16.890000,yspeed:0.000000,angle:17.430000,distense:51.000000,rcs:26.000000
timestame:1619471135.698000000,objid:7,type:0,xpos:0.000000,ypos:0.000000,xspeed:-21.570000,yspeed:-13.770000,angle:6.540000,distense:25.400000,rcs:9.000000
timestame:1619471135.698000000,objid:8,type:0,xpos:0.000000,ypos:0.000000,xspeed:-2.100000,yspeed:6.080000,angle:22.580000,distense:49.600000,rcs:13.000000
