timestame:1619471252.141000000,objid:1,type:0,xpos:0.000000,ypos:0.000000,xspeed:2.190000,yspeed:3.080000,angle:2.080000,distense:77.400000,rcs:12.000000
timestame:1619471252.141000000,objid:3,type:0,xpos:0.000000,ypos:0.000000,xspeed:-17.430000,yspeed:-0.750000,angle:-5.770000,distense:145.800000,rcs:9.000000
