timestame:1619471148.097000000,objid:4,type:0,xpos:0.000000,ypos:0.000000,xspeed:-13.920000,yspeed:8.010000,angle:-6.750000,distense:42.400000,rcs:9.000000
timestame:1619471148.097000000,objid:5,type:0,xpos:0.000000,ypos:0.000000,xspeed:-1.240000,yspeed:6.160000,angle:8.120000,distense:40.800000,rcs:29.000000
timestame:1619471148.097000000,objid:9,type:0,xpos:0.000000,ypos:0.000000,xspeed:-1.640000,yspeed:6.020000,angle:3.700000,distense:40.800000,rcs:15.000000
