timestame:1619470375.772000000,objid:1,type:0,xpos:0.000000,ypos:0.000000,xspeed:-2.040000,yspeed:-3.310000,angle:-18.000000,distense:36.800000,rcs:19.000000
timestame:1619470375.772000000,objid:5,type:0,xpos:0.000000,ypos:0.000000,xspeed:-5.720000,yspeed:-6.980000,angle:-16.130000,distense:37.800000,rcs:28.000000
timestame:1619470375.772000000,objid:18,type:0,xpos:0.000000,ypos:0.000000,xspeed:-6.800000,yspeed:-0.260000,angle:-7.910000,distense:87.000000,rcs:16.000000
