timestame:1619471463.610000000,objid:0,type:0,xpos:0.000000,ypos:0.000000,xspeed:5.850000,yspeed:-1.930000,angle:-8.430000,distense:85.200000,rcs:28.000000
timestame:1619471463.610000000,objid:1,type:0,xpos:0.000000,ypos:0.000000,xspeed:-5.190000,yspeed:-0.530000,angle:-6.150000,distense:110.400000,rcs:15.000000
timestame:1619471463.610000000,objid:3,type:0,xpos:0.000000,ypos:0.000000,xspeed:-7.030000,yspeed:-0.780000,angle:-5.560000,distense:173.400000,rcs:12.000000
