timestame:1619471316.286000000,objid:1,type:0,xpos:0.000000,ypos:0.000000,xspeed:-14.210000,yspeed:-0.520000,angle:-5.070000,distense:133.600000,rcs:16.000000
timestame:1619471316.286000000,objid:2,type:0,xpos:0.000000,ypos:0.000000,xspeed:-1.960000,yspeed:5.580000,angle:-5.170000,distense:38.400000,rcs:6.000000
