timestame:1619470701.194000000,objid:0,type:0,xpos:0.000000,ypos:0.000000,xspeed:5.620000,yspeed:0.570000,angle:18.550000,distense:24.000000,rcs:18.000000
timestame:1619470701.194000000,objid:1,type:0,xpos:0.000000,ypos:0.000000,xspeed:9.490000,yspeed:0.140000,angle:3.750000,distense:108.400000,rcs:22.000000
timestame:1619470701.194000000,objid:2,type:0,xpos:0.000000,ypos:0.000000,xspeed:-8.950000,yspeed:0.390000,angle:-11.510000,distense:94.800000,rcs:16.000000
