timestame:1619470212.158000000,objid:0,type:0,xpos:0.000000,ypos:0.000000,xspeed:1.420000,yspeed:0.150000,angle:6.360000,distense:16.600000,rcs:27.000000
timestame:1619470212.158000000,objid:2,type:0,xpos:0.000000,ypos:0.000000,xspeed:-2.210000,yspeed:7.510000,angle:-17.930000,distense:45.400000,rcs:15.000000
