timestame:1619470597.588000000,objid:1,type:0,xpos:0.000000,ypos:0.000000,xspeed:4.710000,yspeed:3.670000,angle:-12.080000,distense:40.400000,rcs:19.000000
timestame:1619470597.588000000,objid:5,type:0,xpos:0.000000,ypos:0.000000,xspeed:4.400000,yspeed:4.400000,angle:-8.940000,distense:51.600000,rcs:6.000000
