timestame:1619471296.462000000,objid:2,type:0,xpos:0.000000,ypos:0.000000,xspeed:-3.430000,yspeed:7.530000,angle:-16.650000,distense:42.400000,rcs:18.000000
timestame:1619471296.462000000,objid:6,type:0,xpos:0.000000,ypos:0.000000,xspeed:2.550000,yspeed:3.830000,angle:-8.980000,distense:41.000000,rcs:9.000000
timestame:1619471296.462000000,objid:8,type:0,xpos:0.000000,ypos:0.000000,xspeed:-2.130000,yspeed:7.720000,angle:21.740000,distense:42.800000,rcs:6.000000
