timestame:1619470751.134000000,objid:8,type:0,xpos:0.000000,ypos:0.000000,xspeed:3.230000,yspeed:-7.070000,angle:21.460000,distense:47.000000,rcs:31.000000
timestame:1619470751.134000000,objid:12,type:0,xpos:0.000000,ypos:0.000000,xspeed:-20.980000,yspeed:0.000000,angle:-18.000000,distense:33.600000,rcs:16.000000
