timestame:1619470991.718000000,objid:3,type:0,xpos:0.000000,ypos:0.000000,xspeed:5.330000,yspeed:-0.140000,angle:6.640000,distense:110.600000,rcs:6.000000
timestame:1619470991.718000000,objid:4,type:0,xpos:0.000000,ypos:0.000000,xspeed:-13.680000,yspeed:-0.650000,angle:-18.000000,distense:34.600000,rcs:13.000000
