timestame:1619469789.243000000,objid:1,type:0,xpos:0.000000,ypos:0.000000,xspeed:-16.270000,yspeed:-0.550000,angle:-16.850000,distense:56.800000,rcs:26.000000
timestame:1619469789.243000000,objid:4,type:0,xpos:0.000000,ypos:0.000000,xspeed:-16.670000,yspeed:-0.710000,angle:-18.000000,distense:47.800000,rcs:23.000000
