timestame:1619471212.412000000,objid:2,type:0,xpos:0.000000,ypos:0.000000,xspeed:6.800000,yspeed:4.130000,angle:21.160000,distense:27.400000,rcs:22.000000
timestame:1619471212.412000000,objid:3,type:0,xpos:0.000000,ypos:0.000000,xspeed:4.640000,yspeed:5.190000,angle:-14.570000,distense:24.200000,rcs:33.000000
timestame:1619471212.412000000,objid:4,type:0,xpos:0.000000,ypos:0.000000,xspeed:-7.720000,yspeed:-0.040000,angle:-18.000000,distense:38.200000,rcs:22.000000
timestame:1619471212.412000000,objid:5,type:0,xpos:0.000000,ypos:0.000000,xspeed:-6.830000,yspeed:-0.520000,angle:-18.000000,distense:36.200000,rcs:9.000000
