timestame:1619471226.410000000,objid:0,type:0,xpos:0.000000,ypos:0.000000,xspeed:8.280000,yspeed:2.330000,angle:2.210000,distense:73.200000,rcs:18.000000
timestame:1619471226.410000000,objid:1,type:0,xpos:0.000000,ypos:0.000000,xspeed:5.550000,yspeed:-2.100000,angle:-9.930000,distense:46.200000,rcs:20.000000
timestame:1619471226.410000000,objid:9,type:0,xpos:0.000000,ypos:0.000000,xspeed:5.340000,yspeed:0.050000,angle:2.230000,distense:62.800000,rcs:37.000000
