timestame:1619470779.944000000,objid:2,type:0,xpos:0.000000,ypos:0.000000,xspeed:1.410000,yspeed:-3.660000,angle:3.050000,distense:43.200000,rcs:31.000000
timestame:1619470779.944000000,objid:4,type:0,xpos:0.000000,ypos:0.000000,xspeed:-2.110000,yspeed:-0.640000,angle:-1.530000,distense:45.400000,rcs:9.000000
timestame:1619470779.944000000,objid:8,type:0,xpos:0.000000,ypos:0.000000,xspeed:-1.170000,yspeed:0.000000,angle:0.670000,distense:40.600000,rcs:30.000000
timestame:1619470779.944000000,objid:13,type:0,xpos:0.000000,ypos:0.000000,xspeed:-40.210000,yspeed:0.260000,angle:-16.420000,distense:28.000000,rcs:32.000000
