timestame:1619470597.155000000,objid:1,type:0,xpos:0.000000,ypos:0.000000,xspeed:5.310000,yspeed:3.500000,angle:-13.560000,distense:38.800000,rcs:26.000000
timestame:1619470597.155000000,objid:3,type:0,xpos:0.000000,ypos:0.000000,xspeed:-3.470000,yspeed:1.330000,angle:7.460000,distense:173.200000,rcs:6.000000
timestame:1619470597.155000000,objid:5,type:0,xpos:0.000000,ypos:0.000000,xspeed:4.400000,yspeed:4.400000,angle:-9.620000,distense:49.000000,rcs:6.000000
