timestame:1619469912.742000000,objid:0,type:0,xpos:0.000000,ypos:0.000000,xspeed:-6.400000,yspeed:-0.850000,angle:-18.000000,distense:40.400000,rcs:18.000000
timestame:1619469912.742000000,objid:1,type:0,xpos:0.000000,ypos:0.000000,xspeed:4.630000,yspeed:0.030000,angle:1.730000,distense:88.200000,rcs:16.000000
timestame:1619469912.742000000,objid:2,type:0,xpos:0.000000,ypos:0.000000,xspeed:11.570000,yspeed:0.230000,angle:2.710000,distense:163.000000,rcs:18.000000
timestame:1619469912.742000000,objid:8,type:0,xpos:0.000000,ypos:0.000000,xspeed:4.550000,yspeed:0.030000,angle:2.100000,distense:81.200000,rcs:25.000000
