timestame:1619470565.060000000,objid:0,type:0,xpos:0.000000,ypos:0.000000,xspeed:6.680000,yspeed:1.860000,angle:20.290000,distense:26.200000,rcs:32.000000
timestame:1619470565.060000000,objid:1,type:0,xpos:0.000000,ypos:0.000000,xspeed:7.280000,yspeed:-0.670000,angle:2.800000,distense:217.600000,rcs:16.000000
timestame:1619470565.060000000,objid:3,type:0,xpos:0.000000,ypos:0.000000,xspeed:12.030000,yspeed:0.240000,angle:1.530000,distense:120.000000,rcs:26.000000
timestame:1619470565.060000000,objid:7,type:0,xpos:0.000000,ypos:0.000000,xspeed:-17.060000,yspeed:-8.270000,angle:-14.340000,distense:1.800000,rcs:6.000000
