timestame:1619470288.692000000,objid:2,type:0,xpos:0.000000,ypos:0.000000,xspeed:-12.230000,yspeed:-0.140000,angle:-10.260000,distense:85.400000,rcs:22.000000
timestame:1619470288.692000000,objid:5,type:0,xpos:0.000000,ypos:0.000000,xspeed:-5.720000,yspeed:-0.410000,angle:-18.000000,distense:33.800000,rcs:28.000000
timestame:1619470288.692000000,objid:7,type:0,xpos:0.000000,ypos:0.000000,xspeed:-5.800000,yspeed:-0.610000,angle:-18.000000,distense:29.400000,rcs:18.000000
timestame:1619470288.692000000,objid:11,type:0,xpos:0.000000,ypos:0.000000,xspeed:-5.740000,yspeed:-0.320000,angle:-18.000000,distense:23.800000,rcs:6.000000
