timestame:1619471152.631000000,objid:0,type:0,xpos:0.000000,ypos:0.000000,xspeed:-1.180000,yspeed:7.920000,angle:17.410000,distense:40.400000,rcs:6.000000
timestame:1619471152.631000000,objid:1,type:0,xpos:0.000000,ypos:0.000000,xspeed:-8.070000,yspeed:-3.220000,angle:10.030000,distense:82.200000,rcs:12.000000
