timestame:1619471321.944000000,objid:1,type:0,xpos:0.000000,ypos:0.000000,xspeed:-6.530000,yspeed:-0.560000,angle:-7.950000,distense:89.400000,rcs:19.000000
timestame:1619471321.944000000,objid:3,type:0,xpos:0.000000,ypos:0.000000,xspeed:-12.790000,yspeed:-0.190000,angle:-3.930000,distense:160.000000,rcs:13.000000
timestame:1619471321.944000000,objid:4,type:0,xpos:0.000000,ypos:0.000000,xspeed:-2.120000,yspeed:-7.560000,angle:0.250000,distense:40.400000,rcs:26.000000
timestame:1619471321.944000000,objid:5,type:0,xpos:0.000000,ypos:0.000000,xspeed:-11.370000,yspeed:0.000000,angle:-3.510000,distense:201.000000,rcs:12.000000
