timestame:1619469620.190000000,objid:1,type:0,xpos:0.000000,ypos:0.000000,xspeed:-2.250000,yspeed:0.110000,angle:-13.530000,distense:70.200000,rcs:27.000000
timestame:1619469620.190000000,objid:3,type:0,xpos:0.000000,ypos:0.000000,xspeed:-1.840000,yspeed:-0.050000,angle:-11.160000,distense:84.200000,rcs:19.000000
timestame:1619469620.190000000,objid:4,type:0,xpos:0.000000,ypos:0.000000,xspeed:-16.190000,yspeed:0.760000,angle:-5.240000,distense:109.200000,rcs:13.000000
timestame:1619469620.190000000,objid:5,type:0,xpos:0.000000,ypos:0.000000,xspeed:-4.340000,yspeed:8.740000,angle:-12.670000,distense:167.200000,rcs:6.000000
