timestame:1619470293.160000000,objid:0,type:0,xpos:0.000000,ypos:0.000000,xspeed:1.000000,yspeed:0.030000,angle:5.780000,distense:18.800000,rcs:31.000000
timestame:1619470293.160000000,objid:1,type:0,xpos:0.000000,ypos:0.000000,xspeed:-1.720000,yspeed:0.390000,angle:7.030000,distense:10.800000,rcs:12.000000
timestame:1619470293.160000000,objid:2,type:0,xpos:0.000000,ypos:0.000000,xspeed:-12.310000,yspeed:-0.610000,angle:-18.000000,distense:34.400000,rcs:19.000000
