timestame:1619470690.544000000,objid:0,type:0,xpos:0.000000,ypos:0.000000,xspeed:-4.820000,yspeed:-0.150000,angle:-18.000000,distense:27.800000,rcs:6.000000
timestame:1619470690.544000000,objid:1,type:0,xpos:0.000000,ypos:0.000000,xspeed:2.450000,yspeed:0.120000,angle:8.510000,distense:29.600000,rcs:26.000000
timestame:1619470690.544000000,objid:3,type:0,xpos:0.000000,ypos:0.000000,xspeed:17.500000,yspeed:0.470000,angle:-17.450000,distense:56.400000,rcs:21.000000
timestame:1619470690.544000000,objid:8,type:0,xpos:0.000000,ypos:0.000000,xspeed:-8.390000,yspeed:-5.870000,angle:-18.000000,distense:30.200000,rcs:6.000000
