timestame:1619470872.690000000,objid:1,type:0,xpos:0.000000,ypos:0.000000,xspeed:-9.340000,yspeed:-2.610000,angle:-5.250000,distense:133.600000,rcs:9.000000
timestame:1619470872.690000000,objid:3,type:0,xpos:0.000000,ypos:0.000000,xspeed:-1.020000,yspeed:-4.010000,angle:-10.100000,distense:47.800000,rcs:15.000000
timestame:1619470872.690000000,objid:4,type:0,xpos:0.000000,ypos:0.000000,xspeed:3.800000,yspeed:-0.350000,angle:-0.070000,distense:17.800000,rcs:35.000000
timestame:1619470872.690000000,objid:9,type:0,xpos:0.000000,ypos:0.000000,xspeed:2.330000,yspeed:0.000000,angle:-1.920000,distense:27.400000,rcs:12.000000
