timestame:1619470146.506000000,objid:0,type:0,xpos:0.000000,ypos:0.000000,xspeed:2.770000,yspeed:2.020000,angle:-16.680000,distense:37.800000,rcs:6.000000
timestame:1619470146.506000000,objid:1,type:0,xpos:0.000000,ypos:0.000000,xspeed:3.670000,yspeed:2.260000,angle:-17.410000,distense:24.200000,rcs:28.000000
timestame:1619470146.506000000,objid:2,type:0,xpos:0.000000,ypos:0.000000,xspeed:3.220000,yspeed:1.780000,angle:21.290000,distense:34.000000,rcs:6.000000
timestame:1619470146.506000000,objid:3,type:0,xpos:0.000000,ypos:0.000000,xspeed:-1.710000,yspeed:0.100000,angle:-9.940000,distense:74.200000,rcs:13.000000
