timestame:1619470166.241000000,objid:0,type:0,xpos:0.000000,ypos:0.000000,xspeed:4.390000,yspeed:0.090000,angle:2.100000,distense:31.600000,rcs:42.000000
timestame:1619470166.241000000,objid:3,type:0,xpos:0.000000,ypos:0.000000,xspeed:6.720000,yspeed:0.450000,angle:6.610000,distense:60.800000,rcs:34.000000
