timestame:1619469876.520000000,objid:6,type:0,xpos:0.000000,ypos:0.000000,xspeed:-1.480000,yspeed:-0.120000,angle:-18.000000,distense:38.800000,rcs:9.000000
timestame:1619469876.520000000,objid:10,type:0,xpos:0.000000,ypos:0.000000,xspeed:16.190000,yspeed:-18.590000,angle:-17.800000,distense:39.000000,rcs:6.000000
timestame:1619469876.520000000,objid:13,type:0,xpos:0.000000,ypos:0.000000,xspeed:-1.390000,yspeed:-0.850000,angle:-15.680000,distense:40.200000,rcs:6.000000
