timestame:1619470596.535000000,objid:1,type:0,xpos:0.000000,ypos:0.000000,xspeed:5.980000,yspeed:3.030000,angle:-15.580000,distense:35.200000,rcs:28.000000
timestame:1619470596.535000000,objid:3,type:0,xpos:0.000000,ypos:0.000000,xspeed:-9.930000,yspeed:5.810000,angle:7.150000,distense:174.800000,rcs:6.000000
timestame:1619470596.535000000,objid:5,type:0,xpos:0.000000,ypos:0.000000,xspeed:4.870000,yspeed:4.180000,angle:-11.570000,distense:45.400000,rcs:15.000000
