timestame:1619469996.464000000,objid:9,type:0,xpos:0.000000,ypos:0.000000,xspeed:-2.040000,yspeed:0.000000,angle:-15.870000,distense:45.000000,rcs:22.000000
timestame:1619469996.464000000,objid:11,type:0,xpos:0.000000,ypos:0.000000,xspeed:-1.440000,yspeed:-1.120000,angle:-18.000000,distense:34.400000,rcs:9.000000
timestame:1619469996.464000000,objid:15,type:0,xpos:0.000000,ypos:0.000000,xspeed:-1.660000,yspeed:-2.730000,angle:-18.000000,distense:35.400000,rcs:36.000000
timestame:1619469996.464000000,objid:24,type:0,xpos:0.000000,ypos:0.000000,xspeed:1.570000,yspeed:3.590000,angle:-5.370000,distense:42.800000,rcs:6.000000
