timestame:1619470045.638000000,objid:0,type:0,xpos:0.000000,ypos:0.000000,xspeed:6.390000,yspeed:-0.060000,angle:4.550000,distense:75.000000,rcs:15.000000
timestame:1619470045.638000000,objid:3,type:0,xpos:0.000000,ypos:0.000000,xspeed:14.420000,yspeed:0.180000,angle:1.270000,distense:185.200000,rcs:20.000000
timestame:1619470045.638000000,objid:5,type:0,xpos:0.000000,ypos:0.000000,xspeed:6.230000,yspeed:0.280000,angle:5.450000,distense:65.000000,rcs:33.000000
