timestame:1619470221.449000000,objid:6,type:0,xpos:0.000000,ypos:0.000000,xspeed:-3.050000,yspeed:3.790000,angle:-18.000000,distense:47.600000,rcs:6.000000
timestame:1619470221.449000000,objid:7,type:0,xpos:0.000000,ypos:0.000000,xspeed:-2.400000,yspeed:9.610000,angle:-4.020000,distense:43.800000,rcs:9.000000
timestame:1619470221.449000000,objid:8,type:0,xpos:0.000000,ypos:0.000000,xspeed:-4.670000,yspeed:0.000000,angle:-18.000000,distense:48.000000,rcs:9.000000
timestame:1619470221.449000000,objid:11,type:0,xpos:0.000000,ypos:0.000000,xspeed:-1.970000,yspeed:5.810000,angle:-18.000000,distense:46.000000,rcs:13.000000
