timestame:1619471311.694000000,objid:2,type:0,xpos:0.000000,ypos:0.000000,xspeed:2.980000,yspeed:2.880000,angle:-13.810000,distense:41.400000,rcs:16.000000
timestame:1619471311.694000000,objid:3,type:0,xpos:0.000000,ypos:0.000000,xspeed:3.620000,yspeed:2.010000,angle:-16.530000,distense:34.800000,rcs:23.000000
timestame:1619471311.694000000,objid:4,type:0,xpos:0.000000,ypos:0.000000,xspeed:-1.140000,yspeed:5.200000,angle:-3.930000,distense:38.000000,rcs:21.000000
