timestame:1619470661.141000000,objid:0,type:0,xpos:0.000000,ypos:0.000000,xspeed:-2.700000,yspeed:-0.400000,angle:-9.430000,distense:98.000000,rcs:12.000000
timestame:1619470661.141000000,objid:2,type:0,xpos:0.000000,ypos:0.000000,xspeed:3.300000,yspeed:3.490000,angle:-12.100000,distense:43.000000,rcs:12.000000
timestame:1619470661.141000000,objid:3,type:0,xpos:0.000000,ypos:0.000000,xspeed:-1.720000,yspeed:-0.330000,angle:-7.600000,distense:110.000000,rcs:15.000000
timestame:1619470661.141000000,objid:8,type:0,xpos:0.000000,ypos:0.000000,xspeed:-5.620000,yspeed:4.090000,angle:-3.230000,distense:38.200000,rcs:6.000000
