timestame:1619470736.112000000,objid:0,type:0,xpos:0.000000,ypos:0.000000,xspeed:-23.010000,yspeed:-4.040000,angle:-3.620000,distense:181.400000,rcs:6.000000
timestame:1619470736.112000000,objid:1,type:0,xpos:0.000000,ypos:0.000000,xspeed:11.950000,yspeed:-0.180000,angle:1.450000,distense:99.600000,rcs:9.000000
timestame:1619470736.112000000,objid:6,type:0,xpos:0.000000,ypos:0.000000,xspeed:12.060000,yspeed:0.140000,angle:1.780000,distense:88.800000,rcs:43.000000
