timestame:1619471452.972000000,objid:3,type:0,xpos:0.000000,ypos:0.000000,xspeed:-1.780000,yspeed:-0.200000,angle:-6.790000,distense:99.800000,rcs:16.000000
timestame:1619471452.972000000,objid:11,type:0,xpos:0.000000,ypos:0.000000,xspeed:-1.250000,yspeed:0.320000,angle:-7.300000,distense:92.600000,rcs:6.000000
timestame:1619471452.972000000,objid:13,type:0,xpos:0.000000,ypos:0.000000,xspeed:-3.980000,yspeed:-0.120000,angle:-15.930000,distense:30.800000,rcs:13.000000
