timestame:1619471173.531000000,objid:4,type:0,xpos:0.000000,ypos:0.000000,xspeed:5.560000,yspeed:1.910000,angle:22.550000,distense:32.000000,rcs:20.000000
timestame:1619471173.531000000,objid:13,type:0,xpos:0.000000,ypos:0.000000,xspeed:5.210000,yspeed:5.240000,angle:-11.940000,distense:34.000000,rcs:26.000000
timestame:1619471173.531000000,objid:17,type:0,xpos:0.000000,ypos:0.000000,xspeed:4.390000,yspeed:8.700000,angle:22.110000,distense:42.600000,rcs:6.000000
timestame:1619471173.531000000,objid:19,type:0,xpos:0.000000,ypos:0.000000,xspeed:-6.150000,yspeed:-0.380000,angle:-7.280000,distense:91.000000,rcs:20.000000
