timestame:1619470445.747000000,objid:1,type:0,xpos:0.000000,ypos:0.000000,xspeed:17.590000,yspeed:0.280000,angle:1.540000,distense:156.800000,rcs:6.000000
timestame:1619470445.747000000,objid:2,type:0,xpos:0.000000,ypos:0.000000,xspeed:4.500000,yspeed:-0.130000,angle:7.300000,distense:99.000000,rcs:16.000000
