timestame:1619471028.407000000,objid:2,type:0,xpos:0.000000,ypos:0.000000,xspeed:5.540000,yspeed:0.650000,angle:18.560000,distense:26.400000,rcs:23.000000
timestame:1619471028.407000000,objid:3,type:0,xpos:0.000000,ypos:0.000000,xspeed:5.760000,yspeed:0.790000,angle:-13.790000,distense:19.000000,rcs:18.000000
timestame:1619471028.407000000,objid:5,type:0,xpos:0.000000,ypos:0.000000,xspeed:5.040000,yspeed:0.640000,angle:-17.760000,distense:24.000000,rcs:32.000000
