timestame:1619471137.245000000,objid:4,type:0,xpos:0.000000,ypos:0.000000,xspeed:3.330000,yspeed:-1.570000,angle:8.850000,distense:44.000000,rcs:12.000000
timestame:1619471137.245000000,objid:5,type:0,xpos:0.000000,ypos:0.000000,xspeed:-1.530000,yspeed:-0.940000,angle:-0.810000,distense:37.200000,rcs:42.000000
timestame:1619471137.245000000,objid:8,type:0,xpos:0.000000,ypos:0.000000,xspeed:1.050000,yspeed:-0.510000,angle:21.320000,distense:50.800000,rcs:6.000000
