timestame:1619471463.545000000,objid:0,type:0,xpos:0.000000,ypos:0.000000,xspeed:5.850000,yspeed:-1.930000,angle:-8.390000,distense:85.000000,rcs:28.000000
timestame:1619471463.545000000,objid:1,type:0,xpos:0.000000,ypos:0.000000,xspeed:-5.210000,yspeed:-0.530000,angle:-6.110000,distense:110.800000,rcs:12.000000
timestame:1619471463.545000000,objid:3,type:0,xpos:0.000000,ypos:0.000000,xspeed:-7.030000,yspeed:-0.780000,angle:-5.530000,distense:173.800000,rcs:12.000000
