timestame:1619469484.936000000,objid:1,type:0,xpos:0.000000,ypos:0.000000,xspeed:-6.720000,yspeed:3.640000,angle:-12.200000,distense:71.400000,rcs:22.000000
timestame:1619469484.936000000,objid:3,type:0,xpos:0.000000,ypos:0.000000,xspeed:2.310000,yspeed:0.320000,angle:11.940000,distense:18.400000,rcs:26.000000
timestame:1619469484.936000000,objid:7,type:0,xpos:0.000000,ypos:0.000000,xspeed:-2.220000,yspeed:-0.020000,angle:-10.680000,distense:86.400000,rcs:20.000000
timestame:1619469484.936000000,objid:11,type:0,xpos:0.000000,ypos:0.000000,xspeed:-1.220000,yspeed:-0.540000,angle:-9.100000,distense:81.200000,rcs:13.000000
