timestame:1619469658.507000000,objid:7,type:0,xpos:0.000000,ypos:0.000000,xspeed:24.840000,yspeed:0.510000,angle:1.080000,distense:223.000000,rcs:9.000000
timestame:1619469658.507000000,objid:8,type:0,xpos:0.000000,ypos:0.000000,xspeed:2.010000,yspeed:3.230000,angle:-7.540000,distense:42.200000,rcs:6.000000
