timestame:1619470012.772000000,objid:0,type:0,xpos:0.000000,ypos:0.000000,xspeed:-1.890000,yspeed:-1.760000,angle:-18.000000,distense:33.800000,rcs:26.000000
timestame:1619470012.772000000,objid:2,type:0,xpos:0.000000,ypos:0.000000,xspeed:-10.710000,yspeed:-2.360000,angle:-3.070000,distense:34.600000,rcs:6.000000
timestame:1619470012.772000000,objid:9,type:0,xpos:0.000000,ypos:0.000000,xspeed:1.010000,yspeed:-2.180000,angle:-4.880000,distense:49.400000,rcs:12.000000
