timestame:1619470639.462000000,objid:2,type:0,xpos:0.000000,ypos:0.000000,xspeed:-7.420000,yspeed:-0.080000,angle:-4.180000,distense:191.200000,rcs:16.000000
timestame:1619470639.462000000,objid:7,type:0,xpos:0.000000,ypos:0.000000,xspeed:1.790000,yspeed:-11.040000,angle:-18.000000,distense:62.600000,rcs:9.000000
