timestame:1619469890.456000000,objid:2,type:0,xpos:0.000000,ypos:0.000000,xspeed:-4.000000,yspeed:-0.120000,angle:-14.190000,distense:54.400000,rcs:22.000000
timestame:1619469890.456000000,objid:5,type:0,xpos:0.000000,ypos:0.000000,xspeed:-2.830000,yspeed:-0.100000,angle:-17.890000,distense:56.600000,rcs:22.000000
timestame:1619469890.456000000,objid:16,type:0,xpos:0.000000,ypos:0.000000,xspeed:-3.700000,yspeed:-0.120000,angle:-11.460000,distense:65.600000,rcs:23.000000
