timestame:1619469773.833000000,objid:1,type:0,xpos:0.000000,ypos:0.000000,xspeed:3.800000,yspeed:2.240000,angle:-14.970000,distense:32.400000,rcs:9.000000
timestame:1619469773.833000000,objid:7,type:0,xpos:0.000000,ypos:0.000000,xspeed:3.110000,yspeed:3.360000,angle:-10.770000,distense:42.000000,rcs:20.000000
