timestame:1619469951.460000000,objid:0,type:0,xpos:0.000000,ypos:0.000000,xspeed:1.360000,yspeed:-1.060000,angle:2.340000,distense:54.400000,rcs:29.000000
timestame:1619469951.460000000,objid:4,type:0,xpos:0.000000,ypos:0.000000,xspeed:1.180000,yspeed:-4.060000,angle:-2.880000,distense:55.200000,rcs:22.000000
timestame:1619469951.460000000,objid:5,type:0,xpos:0.000000,ypos:0.000000,xspeed:-1.370000,yspeed:6.660000,angle:15.200000,distense:39.800000,rcs:6.000000
timestame:1619469951.460000000,objid:15,type:0,xpos:0.000000,ypos:0.000000,xspeed:-3.180000,yspeed:7.760000,angle:13.300000,distense:38.400000,rcs:12.000000
