timestame:1619471182.065000000,objid:8,type:0,xpos:0.000000,ypos:0.000000,xspeed:5.600000,yspeed:1.550000,angle:-10.150000,distense:41.800000,rcs:13.000000
timestame:1619471182.065000000,objid:10,type:0,xpos:0.000000,ypos:0.000000,xspeed:-6.420000,yspeed:1.590000,angle:-6.970000,distense:119.000000,rcs:20.000000
timestame:1619471182.065000000,objid:13,type:0,xpos:0.000000,ypos:0.000000,xspeed:-3.950000,yspeed:-0.300000,angle:-10.470000,distense:89.000000,rcs:18.000000
timestame:1619471182.065000000,objid:16,type:0,xpos:0.000000,ypos:0.000000,xspeed:2.600000,yspeed:3.560000,angle:-7.420000,distense:43.400000,rcs:16.000000
