timestame:1619470276.688000000,objid:1,type:0,xpos:0.000000,ypos:0.000000,xspeed:-10.280000,yspeed:0.200000,angle:-5.060000,distense:96.400000,rcs:9.000000
timestame:1619470276.688000000,objid:2,type:0,xpos:0.000000,ypos:0.000000,xspeed:-1.760000,yspeed:0.310000,angle:-6.740000,distense:89.800000,rcs:6.000000
timestame:1619470276.688000000,objid:11,type:0,xpos:0.000000,ypos:0.000000,xspeed:-1.780000,yspeed:-0.140000,angle:-9.380000,distense:75.600000,rcs:23.000000
timestame:1619470276.688000000,objid:22,type:0,xpos:0.000000,ypos:0.000000,xspeed:-1.440000,yspeed:-0.110000,angle:-8.100000,distense:83.200000,rcs:16.000000
