timestame:1619470511.357000000,objid:1,type:0,xpos:0.000000,ypos:0.000000,xspeed:-2.930000,yspeed:-3.330000,angle:4.170000,distense:43.400000,rcs:32.000000
timestame:1619470511.357000000,objid:8,type:0,xpos:0.000000,ypos:0.000000,xspeed:-4.590000,yspeed:-2.870000,angle:5.250000,distense:70.000000,rcs:28.000000
timestame:1619470511.357000000,objid:10,type:0,xpos:0.000000,ypos:0.000000,xspeed:2.910000,yspeed:-0.220000,angle:-0.190000,distense:15.000000,rcs:15.000000
timestame:1619470511.357000000,objid:11,type:0,xpos:0.000000,ypos:0.000000,xspeed:-1.270000,yspeed:7.120000,angle:-10.290000,distense:41.000000,rcs:9.000000
