timestame:1619470764.935000000,objid:0,type:0,xpos:0.000000,ypos:0.000000,xspeed:-4.780000,yspeed:-3.830000,angle:-18.000000,distense:33.200000,rcs:9.000000
timestame:1619470764.935000000,objid:4,type:0,xpos:0.000000,ypos:0.000000,xspeed:-1.990000,yspeed:-1.280000,angle:-18.000000,distense:31.800000,rcs:15.000000
timestame:1619470764.935000000,objid:5,type:0,xpos:0.000000,ypos:0.000000,xspeed:-1.810000,yspeed:-1.930000,angle:-18.000000,distense:34.800000,rcs:9.000000
timestame:1619470764.935000000,objid:9,type:0,xpos:0.000000,ypos:0.000000,xspeed:5.570000,yspeed:0.380000,angle:2.790000,distense:36.400000,rcs:32.000000
