timestame:1619470166.179000000,objid:0,type:0,xpos:0.000000,ypos:0.000000,xspeed:4.050000,yspeed:-0.010000,angle:2.030000,distense:31.200000,rcs:42.000000
timestame:1619470166.179000000,objid:3,type:0,xpos:0.000000,ypos:0.000000,xspeed:6.710000,yspeed:0.470000,angle:6.660000,distense:60.400000,rcs:36.000000
