timestame:1619470439.722000000,objid:1,type:0,xpos:0.000000,ypos:0.000000,xspeed:14.580000,yspeed:0.630000,angle:2.470000,distense:54.000000,rcs:30.000000
timestame:1619470439.722000000,objid:2,type:0,xpos:0.000000,ypos:0.000000,xspeed:3.800000,yspeed:-0.090000,angle:10.170000,distense:74.000000,rcs:20.000000
