timestame:1619471423.108000000,objid:1,type:0,xpos:0.000000,ypos:0.000000,xspeed:-5.240000,yspeed:-1.110000,angle:-7.880000,distense:110.000000,rcs:15.000000
timestame:1619471423.108000000,objid:9,type:0,xpos:0.000000,ypos:0.000000,xspeed:-5.880000,yspeed:0.010000,angle:-5.100000,distense:125.400000,rcs:20.000000
timestame:1619471423.108000000,objid:12,type:0,xpos:0.000000,ypos:0.000000,xspeed:-4.790000,yspeed:-0.170000,angle:-9.080000,distense:101.000000,rcs:15.000000
