timestame:1619470962.751000000,objid:0,type:0,xpos:0.000000,ypos:0.000000,xspeed:3.430000,yspeed:0.410000,angle:7.410000,distense:46.800000,rcs:24.000000
timestame:1619470962.751000000,objid:6,type:0,xpos:0.000000,ypos:0.000000,xspeed:9.940000,yspeed:0.460000,angle:1.850000,distense:89.400000,rcs:28.000000
timestame:1619470962.751000000,objid:9,type:0,xpos:0.000000,ypos:0.000000,xspeed:9.700000,yspeed:0.190000,angle:2.290000,distense:107.800000,rcs:9.000000
timestame:1619470962.751000000,objid:12,type:0,xpos:0.000000,ypos:0.000000,xspeed:3.180000,yspeed:0.040000,angle:5.380000,distense:57.200000,rcs:27.000000
