timestame:1619471532.460000000,objid:4,type:0,xpos:0.000000,ypos:0.000000,xspeed:-13.510000,yspeed:-0.960000,angle:-2.900000,distense:189.600000,rcs:9.000000
timestame:1619471532.460000000,objid:6,type:0,xpos:0.000000,ypos:0.000000,xspeed:3.310000,yspeed:4.170000,angle:10.400000,distense:44.000000,rcs:26.000000
timestame:1619471532.460000000,objid:7,type:0,xpos:0.000000,ypos:0.000000,xspeed:2.610000,yspeed:-4.320000,angle:12.790000,distense:53.200000,rcs:9.000000
timestame:1619471532.460000000,objid:10,type:0,xpos:0.000000,ypos:0.000000,xspeed:-12.730000,yspeed:-0.360000,angle:-2.820000,distense:197.000000,rcs:9.000000
