timestame:1619470020.080000000,objid:11,type:0,xpos:0.000000,ypos:0.000000,xspeed:-1.430000,yspeed:-2.800000,angle:-18.000000,distense:36.600000,rcs:22.000000
timestame:1619470020.080000000,objid:13,type:0,xpos:0.000000,ypos:0.000000,xspeed:-1.990000,yspeed:5.860000,angle:-8.560000,distense:43.600000,rcs:9.000000
timestame:1619470020.080000000,objid:15,type:0,xpos:0.000000,ypos:0.000000,xspeed:-2.110000,yspeed:-2.320000,angle:-18.000000,distense:34.200000,rcs:13.000000
