timestame:1619469755.606000000,objid:3,type:0,xpos:0.000000,ypos:0.000000,xspeed:6.290000,yspeed:1.180000,angle:21.550000,distense:28.800000,rcs:25.000000
timestame:1619469755.606000000,objid:5,type:0,xpos:0.000000,ypos:0.000000,xspeed:5.760000,yspeed:0.630000,angle:18.130000,distense:30.600000,rcs:39.000000
