timestame:1619470940.172000000,objid:1,type:0,xpos:0.000000,ypos:0.000000,xspeed:-3.200000,yspeed:0.300000,angle:-13.410000,distense:68.200000,rcs:20.000000
timestame:1619470940.172000000,objid:5,type:0,xpos:0.000000,ypos:0.000000,xspeed:-4.670000,yspeed:0.000000,angle:-13.790000,distense:71.000000,rcs:20.000000
timestame:1619470940.172000000,objid:10,type:0,xpos:0.000000,ypos:0.000000,xspeed:-3.810000,yspeed:0.210000,angle:-10.560000,distense:68.600000,rcs:6.000000
