timestame:1619470290.744000000,objid:2,type:0,xpos:0.000000,ypos:0.000000,xspeed:-11.830000,yspeed:-0.360000,angle:-14.970000,distense:62.400000,rcs:31.000000
timestame:1619470290.744000000,objid:5,type:0,xpos:0.000000,ypos:0.000000,xspeed:-6.280000,yspeed:-0.270000,angle:-18.000000,distense:23.000000,rcs:6.000000
