timestame:1619470463.887000000,objid:0,type:0,xpos:0.000000,ypos:0.000000,xspeed:-13.820000,yspeed:-0.640000,angle:-14.460000,distense:53.200000,rcs:22.000000
timestame:1619470463.887000000,objid:2,type:0,xpos:0.000000,ypos:0.000000,xspeed:5.980000,yspeed:0.000000,angle:3.020000,distense:198.600000,rcs:9.000000
