timestame:1619471296.961000000,objid:2,type:0,xpos:0.000000,ypos:0.000000,xspeed:-1.700000,yspeed:6.190000,angle:-13.500000,distense:43.600000,rcs:13.000000
timestame:1619471296.961000000,objid:6,type:0,xpos:0.000000,ypos:0.000000,xspeed:2.430000,yspeed:3.940000,angle:-7.270000,distense:43.200000,rcs:6.000000
