timestame:1619471209.057000000,objid:0,type:0,xpos:0.000000,ypos:0.000000,xspeed:-7.720000,yspeed:6.410000,angle:-14.120000,distense:60.200000,rcs:13.000000
timestame:1619471209.057000000,objid:3,type:0,xpos:0.000000,ypos:0.000000,xspeed:-11.080000,yspeed:-1.050000,angle:-18.000000,distense:21.800000,rcs:6.000000
timestame:1619471209.057000000,objid:5,type:0,xpos:0.000000,ypos:0.000000,xspeed:-5.920000,yspeed:-0.250000,angle:-17.990000,distense:56.200000,rcs:24.000000
timestame:1619471209.057000000,objid:11,type:0,xpos:0.000000,ypos:0.000000,xspeed:-5.920000,yspeed:-0.210000,angle:-18.000000,distense:44.400000,rcs:6.000000
