timestame:1619470978.216000000,objid:0,type:0,xpos:0.000000,ypos:0.000000,xspeed:7.030000,yspeed:-0.280000,angle:2.450000,distense:136.200000,rcs:25.000000
timestame:1619470978.216000000,objid:2,type:0,xpos:0.000000,ypos:0.000000,xspeed:-16.720000,yspeed:-1.490000,angle:-3.780000,distense:169.800000,rcs:15.000000
timestame:1619470978.216000000,objid:3,type:0,xpos:0.000000,ypos:0.000000,xspeed:7.010000,yspeed:0.150000,angle:2.300000,distense:145.800000,rcs:9.000000
timestame:1619470978.216000000,objid:5,type:0,xpos:0.000000,ypos:0.000000,xspeed:-18.880000,yspeed:-0.070000,angle:-10.750000,distense:83.000000,rcs:13.000000
