timestame:1619470128.314000000,objid:6,type:0,xpos:0.000000,ypos:0.000000,xspeed:-23.900000,yspeed:0.000000,angle:20.740000,distense:20.200000,rcs:16.000000
timestame:1619470128.314000000,objid:7,type:0,xpos:0.000000,ypos:0.000000,xspeed:-10.160000,yspeed:0.940000,angle:-4.290000,distense:126.800000,rcs:13.000000
timestame:1619470128.314000000,objid:9,type:0,xpos:0.000000,ypos:0.000000,xspeed:6.450000,yspeed:2.250000,angle:-16.080000,distense:21.000000,rcs:22.000000
