timestame:1619469553.774000000,objid:2,type:0,xpos:0.000000,ypos:0.000000,xspeed:-2.610000,yspeed:3.880000,angle:-18.000000,distense:45.000000,rcs:15.000000
timestame:1619469553.774000000,objid:3,type:0,xpos:0.000000,ypos:0.000000,xspeed:-1.480000,yspeed:2.060000,angle:-18.000000,distense:50.800000,rcs:12.000000
