timestame:1619470042.855000000,objid:1,type:0,xpos:0.000000,ypos:0.000000,xspeed:13.000000,yspeed:-0.050000,angle:1.030000,distense:170.800000,rcs:9.000000
timestame:1619470042.855000000,objid:3,type:0,xpos:0.000000,ypos:0.000000,xspeed:13.700000,yspeed:0.060000,angle:1.350000,distense:145.000000,rcs:12.000000
timestame:1619470042.855000000,objid:4,type:0,xpos:0.000000,ypos:0.000000,xspeed:8.390000,yspeed:0.330000,angle:4.320000,distense:63.200000,rcs:6.000000
timestame:1619470042.855000000,objid:5,type:0,xpos:0.000000,ypos:0.000000,xspeed:4.780000,yspeed:0.120000,angle:5.760000,distense:47.000000,rcs:23.000000
