timestame:1619470840.126000000,objid:2,type:0,xpos:0.000000,ypos:0.000000,xspeed:3.860000,yspeed:2.290000,angle:-16.180000,distense:42.200000,rcs:6.000000
timestame:1619470840.126000000,objid:3,type:0,xpos:0.000000,ypos:0.000000,xspeed:2.810000,yspeed:2.280000,angle:-12.520000,distense:39.800000,rcs:15.000000
timestame:1619470840.126000000,objid:7,type:0,xpos:0.000000,ypos:0.000000,xspeed:13.280000,yspeed:0.350000,angle:2.360000,distense:206.000000,rcs:32.000000
