timestame:1619471533.322000000,objid:2,type:0,xpos:0.000000,ypos:0.000000,xspeed:-10.020000,yspeed:-3.280000,angle:-3.280000,distense:175.200000,rcs:13.000000
timestame:1619471533.322000000,objid:4,type:0,xpos:0.000000,ypos:0.000000,xspeed:-13.270000,yspeed:-1.860000,angle:-3.630000,distense:177.800000,rcs:15.000000
timestame:1619471533.322000000,objid:6,type:0,xpos:0.000000,ypos:0.000000,xspeed:2.500000,yspeed:2.870000,angle:12.540000,distense:46.000000,rcs:31.000000
timestame:1619471533.322000000,objid:10,type:0,xpos:0.000000,ypos:0.000000,xspeed:-13.390000,yspeed:-0.770000,angle:-3.680000,distense:185.200000,rcs:6.000000
