timestame:1619471318.522000000,objid:0,type:0,xpos:0.000000,ypos:0.000000,xspeed:4.100000,yspeed:2.940000,angle:-5.100000,distense:121.600000,rcs:13.000000
timestame:1619471318.522000000,objid:1,type:0,xpos:0.000000,ypos:0.000000,xspeed:-8.750000,yspeed:0.000000,angle:-5.290000,distense:112.000000,rcs:20.000000
timestame:1619471318.522000000,objid:3,type:0,xpos:0.000000,ypos:0.000000,xspeed:-16.030000,yspeed:0.000000,angle:-2.630000,distense:206.400000,rcs:12.000000
