timestame:1619470142.652000000,objid:0,type:0,xpos:0.000000,ypos:0.000000,xspeed:4.710000,yspeed:0.390000,angle:21.410000,distense:24.200000,rcs:19.000000
timestame:1619470142.652000000,objid:1,type:0,xpos:0.000000,ypos:0.000000,xspeed:1.730000,yspeed:-0.210000,angle:13.940000,distense:29.400000,rcs:6.000000
timestame:1619470142.652000000,objid:3,type:0,xpos:0.000000,ypos:0.000000,xspeed:12.350000,yspeed:-7.930000,angle:11.190000,distense:29.400000,rcs:6.000000
