timestame:1619469536.446000000,objid:4,type:0,xpos:0.000000,ypos:0.000000,xspeed:16.570000,yspeed:0.350000,angle:1.890000,distense:103.200000,rcs:20.000000
timestame:1619469536.446000000,objid:7,type:0,xpos:0.000000,ypos:0.000000,xspeed:16.330000,yspeed:0.380000,angle:1.640000,distense:110.200000,rcs:16.000000
