timestame:1619469875.034000000,objid:0,type:0,xpos:0.000000,ypos:0.000000,xspeed:-3.000000,yspeed:-0.410000,angle:-18.000000,distense:23.400000,rcs:6.000000
timestame:1619469875.034000000,objid:17,type:0,xpos:0.000000,ypos:0.000000,xspeed:1.610000,yspeed:-5.230000,angle:7.960000,distense:67.000000,rcs:13.000000
