timestame:1619469785.710000000,objid:1,type:0,xpos:0.000000,ypos:0.000000,xspeed:-19.590000,yspeed:-1.700000,angle:-8.030000,distense:111.800000,rcs:13.000000
timestame:1619469785.710000000,objid:2,type:0,xpos:0.000000,ypos:0.000000,xspeed:16.860000,yspeed:0.070000,angle:0.960000,distense:190.200000,rcs:9.000000
timestame:1619469785.710000000,objid:4,type:0,xpos:0.000000,ypos:0.000000,xspeed:-17.260000,yspeed:-0.280000,angle:-8.360000,distense:104.200000,rcs:15.000000
timestame:1619469785.710000000,objid:10,type:0,xpos:0.000000,ypos:0.000000,xspeed:16.820000,yspeed:0.240000,angle:1.220000,distense:177.400000,rcs:28.000000
