timestame:1619469822.912000000,objid:2,type:0,xpos:0.000000,ypos:0.000000,xspeed:-1.650000,yspeed:-4.680000,angle:-12.640000,distense:41.600000,rcs:31.000000
timestame:1619469822.912000000,objid:11,type:0,xpos:0.000000,ypos:0.000000,xspeed:-4.340000,yspeed:0.320000,angle:-5.900000,distense:135.400000,rcs:13.000000
