timestame:1619470224.424000000,objid:2,type:0,xpos:0.000000,ypos:0.000000,xspeed:1.570000,yspeed:2.320000,angle:6.850000,distense:48.400000,rcs:20.000000
timestame:1619470224.424000000,objid:9,type:0,xpos:0.000000,ypos:0.000000,xspeed:-2.470000,yspeed:3.120000,angle:9.780000,distense:38.200000,rcs:30.000000
timestame:1619470224.424000000,objid:11,type:0,xpos:0.000000,ypos:0.000000,xspeed:-1.890000,yspeed:6.440000,angle:7.740000,distense:38.000000,rcs:6.000000
