timestame:1619470758.478000000,objid:0,type:0,xpos:0.000000,ypos:0.000000,xspeed:-3.500000,yspeed:-15.970000,angle:-5.210000,distense:39.400000,rcs:38.000000
timestame:1619470758.478000000,objid:1,type:0,xpos:0.000000,ypos:0.000000,xspeed:-1.320000,yspeed:-3.060000,angle:-13.930000,distense:38.600000,rcs:31.000000
timestame:1619470758.478000000,objid:10,type:0,xpos:0.000000,ypos:0.000000,xspeed:-2.910000,yspeed:-0.710000,angle:-18.000000,distense:24.800000,rcs:6.000000
