timestame:1619470737.534000000,objid:0,type:0,xpos:0.000000,ypos:0.000000,xspeed:-20.790000,yspeed:-4.570000,angle:-4.270000,distense:154.800000,rcs:6.000000
timestame:1619470737.534000000,objid:1,type:0,xpos:0.000000,ypos:0.000000,xspeed:11.890000,yspeed:-0.090000,angle:1.250000,distense:116.600000,rcs:13.000000
timestame:1619470737.534000000,objid:6,type:0,xpos:0.000000,ypos:0.000000,xspeed:12.090000,yspeed:0.020000,angle:1.430000,distense:106.200000,rcs:27.000000
