timestame:1619470223.057000000,objid:6,type:0,xpos:0.000000,ypos:0.000000,xspeed:22.980000,yspeed:11.970000,angle:17.330000,distense:61.400000,rcs:15.000000
timestame:1619470223.057000000,objid:8,type:0,xpos:0.000000,ypos:0.000000,xspeed:-2.000000,yspeed:7.890000,angle:-7.520000,distense:41.200000,rcs:19.000000
timestame:1619470223.057000000,objid:11,type:0,xpos:0.000000,ypos:0.000000,xspeed:-2.080000,yspeed:7.040000,angle:-4.590000,distense:40.400000,rcs:21.000000
