timestame:1619471563.214000000,objid:3,type:0,xpos:0.000000,ypos:0.000000,xspeed:-2.210000,yspeed:-2.520000,angle:-18.000000,distense:32.600000,rcs:19.000000
timestame:1619471563.214000000,objid:5,type:0,xpos:0.000000,ypos:0.000000,xspeed:-3.120000,yspeed:-0.530000,angle:-18.000000,distense:29.600000,rcs:9.000000
timestame:1619471563.214000000,objid:6,type:0,xpos:0.000000,ypos:0.000000,xspeed:7.590000,yspeed:-7.110000,angle:-18.000000,distense:64.400000,rcs:6.000000
timestame:1619471563.214000000,objid:10,type:0,xpos:0.000000,ypos:0.000000,xspeed:2.290000,yspeed:2.920000,angle:-14.890000,distense:61.600000,rcs:15.000000
