timestame:1619470986.252000000,objid:0,type:0,xpos:0.000000,ypos:0.000000,xspeed:8.830000,yspeed:0.250000,angle:2.220000,distense:204.000000,rcs:18.000000
timestame:1619470986.252000000,objid:1,type:0,xpos:0.000000,ypos:0.000000,xspeed:-15.550000,yspeed:-0.550000,angle:-15.390000,distense:49.000000,rcs:28.000000
timestame:1619470986.252000000,objid:3,type:0,xpos:0.000000,ypos:0.000000,xspeed:4.540000,yspeed:-1.080000,angle:8.720000,distense:81.800000,rcs:12.000000
timestame:1619470986.252000000,objid:4,type:0,xpos:0.000000,ypos:0.000000,xspeed:-13.290000,yspeed:-1.400000,angle:-6.780000,distense:106.200000,rcs:13.000000
