timestame:1619469788.134000000,objid:1,type:0,xpos:0.000000,ypos:0.000000,xspeed:-16.030000,yspeed:-0.240000,angle:-11.830000,distense:74.800000,rcs:24.000000
timestame:1619469788.134000000,objid:4,type:0,xpos:0.000000,ypos:0.000000,xspeed:-16.730000,yspeed:-0.780000,angle:-15.180000,distense:65.600000,rcs:18.000000
timestame:1619469788.134000000,objid:10,type:0,xpos:0.000000,ypos:0.000000,xspeed:17.040000,yspeed:0.340000,angle:1.210000,distense:218.600000,rcs:16.000000
