timestame:1619469645.361000000,objid:2,type:0,xpos:0.000000,ypos:0.000000,xspeed:12.750000,yspeed:0.820000,angle:5.460000,distense:69.800000,rcs:31.000000
timestame:1619469645.361000000,objid:6,type:0,xpos:0.000000,ypos:0.000000,xspeed:12.210000,yspeed:0.560000,angle:5.070000,distense:79.000000,rcs:16.000000
timestame:1619469645.361000000,objid:13,type:0,xpos:0.000000,ypos:0.000000,xspeed:15.110000,yspeed:0.480000,angle:2.160000,distense:125.400000,rcs:37.000000
timestame:1619469645.361000000,objid:14,type:0,xpos:0.000000,ypos:0.000000,xspeed:12.800000,yspeed:0.430000,angle:5.690000,distense:66.600000,rcs:27.000000
