timestame:1619471086.645000000,objid:0,type:0,xpos:0.000000,ypos:0.000000,xspeed:8.400000,yspeed:0.350000,angle:1.540000,distense:59.600000,rcs:31.000000
timestame:1619471086.645000000,objid:4,type:0,xpos:0.000000,ypos:0.000000,xspeed:-24.080000,yspeed:-0.340000,angle:-5.230000,distense:121.200000,rcs:12.000000
timestame:1619471086.645000000,objid:11,type:0,xpos:0.000000,ypos:0.000000,xspeed:2.840000,yspeed:0.150000,angle:2.590000,distense:23.200000,rcs:42.000000
