timestame:1619471314.544000000,objid:0,type:0,xpos:0.000000,ypos:0.000000,xspeed:-15.160000,yspeed:0.000000,angle:-1.800000,distense:164.000000,rcs:9.000000
timestame:1619471314.544000000,objid:1,type:0,xpos:0.000000,ypos:0.000000,xspeed:-15.180000,yspeed:-1.210000,angle:-4.290000,distense:157.400000,rcs:15.000000
timestame:1619471314.544000000,objid:2,type:0,xpos:0.000000,ypos:0.000000,xspeed:-3.570000,yspeed:10.230000,angle:21.190000,distense:36.600000,rcs:13.000000
timestame:1619471314.544000000,objid:4,type:0,xpos:0.000000,ypos:0.000000,xspeed:-1.420000,yspeed:5.530000,angle:20.510000,distense:36.400000,rcs:6.000000
