timestame:1619469822.543000000,objid:1,type:0,xpos:0.000000,ypos:0.000000,xspeed:1.290000,yspeed:-7.070000,angle:-18.000000,distense:68.600000,rcs:6.000000
timestame:1619469822.543000000,objid:2,type:0,xpos:0.000000,ypos:0.000000,xspeed:-1.350000,yspeed:-4.310000,angle:-9.840000,distense:42.000000,rcs:33.000000
timestame:1619469822.543000000,objid:11,type:0,xpos:0.000000,ypos:0.000000,xspeed:-4.390000,yspeed:0.500000,angle:-5.770000,distense:137.000000,rcs:12.000000
