timestame:1619471313.990000000,objid:1,type:0,xpos:0.000000,ypos:0.000000,xspeed:-15.440000,yspeed:-1.540000,angle:-3.970000,distense:165.400000,rcs:20.000000
timestame:1619471313.990000000,objid:3,type:0,xpos:0.000000,ypos:0.000000,xspeed:2.600000,yspeed:4.400000,angle:-6.520000,distense:45.400000,rcs:6.000000
timestame:1619471313.990000000,objid:4,type:0,xpos:0.000000,ypos:0.000000,xspeed:-1.310000,yspeed:5.340000,angle:15.260000,distense:36.400000,rcs:6.000000
