timestame:1619470279.099000000,objid:1,type:0,xpos:0.000000,ypos:0.000000,xspeed:-10.050000,yspeed:-0.070000,angle:-7.010000,distense:72.400000,rcs:12.000000
timestame:1619470279.099000000,objid:3,type:0,xpos:0.000000,ypos:0.000000,xspeed:-3.320000,yspeed:-0.280000,angle:-9.520000,distense:73.800000,rcs:15.000000
timestame:1619470279.099000000,objid:11,type:0,xpos:0.000000,ypos:0.000000,xspeed:-2.970000,yspeed:-0.320000,angle:-11.370000,distense:67.600000,rcs:22.000000
