timestame:1619470490.900000000,objid:0,type:0,xpos:0.000000,ypos:0.000000,xspeed:1.310000,yspeed:-5.190000,angle:18.410000,distense:45.200000,rcs:26.000000
timestame:1619470490.900000000,objid:2,type:0,xpos:0.000000,ypos:0.000000,xspeed:1.220000,yspeed:-6.030000,angle:-14.370000,distense:57.600000,rcs:20.000000
timestame:1619470490.900000000,objid:5,type:0,xpos:0.000000,ypos:0.000000,xspeed:-2.060000,yspeed:-0.990000,angle:-18.000000,distense:29.600000,rcs:6.000000
timestame:1619470490.900000000,objid:8,type:0,xpos:0.000000,ypos:0.000000,xspeed:1.990000,yspeed:7.500000,angle:-12.000000,distense:51.000000,rcs:6.000000
