timestame:1619469646.725000000,objid:2,type:0,xpos:0.000000,ypos:0.000000,xspeed:12.770000,yspeed:0.610000,angle:4.920000,distense:87.400000,rcs:28.000000
timestame:1619469646.725000000,objid:13,type:0,xpos:0.000000,ypos:0.000000,xspeed:15.200000,yspeed:0.680000,angle:2.370000,distense:146.400000,rcs:32.000000
timestame:1619469646.725000000,objid:14,type:0,xpos:0.000000,ypos:0.000000,xspeed:12.870000,yspeed:0.410000,angle:4.850000,distense:84.600000,rcs:24.000000
