timestame:1619469619.821000000,objid:1,type:0,xpos:0.000000,ypos:0.000000,xspeed:-2.070000,yspeed:-0.030000,angle:-13.540000,distense:71.400000,rcs:21.000000
timestame:1619469619.821000000,objid:3,type:0,xpos:0.000000,ypos:0.000000,xspeed:-1.840000,yspeed:-0.050000,angle:-11.060000,distense:84.800000,rcs:19.000000
timestame:1619469619.821000000,objid:4,type:0,xpos:0.000000,ypos:0.000000,xspeed:-16.360000,yspeed:1.160000,angle:-4.790000,distense:114.600000,rcs:15.000000
timestame:1619469619.821000000,objid:5,type:0,xpos:0.000000,ypos:0.000000,xspeed:-10.010000,yspeed:3.270000,angle:-13.560000,distense:169.000000,rcs:9.000000
