timestame:1619470462.457000000,objid:0,type:0,xpos:0.000000,ypos:0.000000,xspeed:-14.940000,yspeed:-0.680000,angle:-10.120000,distense:71.200000,rcs:20.000000
timestame:1619470462.457000000,objid:2,type:0,xpos:0.000000,ypos:0.000000,xspeed:6.050000,yspeed:0.150000,angle:3.250000,distense:190.000000,rcs:16.000000
