timestame:1619469762.255000000,objid:3,type:0,xpos:0.000000,ypos:0.000000,xspeed:5.230000,yspeed:0.720000,angle:19.740000,distense:22.200000,rcs:20.000000
timestame:1619469762.255000000,objid:5,type:0,xpos:0.000000,ypos:0.000000,xspeed:-18.200000,yspeed:-0.040000,angle:-13.310000,distense:72.800000,rcs:6.000000
timestame:1619469762.255000000,objid:6,type:0,xpos:0.000000,ypos:0.000000,xspeed:3.780000,yspeed:1.540000,angle:-15.240000,distense:18.200000,rcs:13.000000
