timestame:1619471025.175000000,objid:0,type:0,xpos:0.000000,ypos:0.000000,xspeed:-2.230000,yspeed:-3.290000,angle:-18.000000,distense:33.600000,rcs:26.000000
timestame:1619471025.175000000,objid:3,type:0,xpos:0.000000,ypos:0.000000,xspeed:-3.830000,yspeed:-6.890000,angle:-18.000000,distense:31.600000,rcs:15.000000
timestame:1619471025.175000000,objid:5,type:0,xpos:0.000000,ypos:0.000000,xspeed:-1.310000,yspeed:4.370000,angle:4.890000,distense:40.600000,rcs:20.000000
timestame:1619471025.175000000,objid:6,type:0,xpos:0.000000,ypos:0.000000,xspeed:-3.700000,yspeed:-4.240000,angle:-18.000000,distense:32.000000,rcs:9.000000
