timestame:1619471087.882000000,objid:0,type:0,xpos:0.000000,ypos:0.000000,xspeed:8.680000,yspeed:0.420000,angle:1.770000,distense:70.200000,rcs:28.000000
timestame:1619471087.882000000,objid:1,type:0,xpos:0.000000,ypos:0.000000,xspeed:8.040000,yspeed:0.510000,angle:9.580000,distense:23.600000,rcs:33.000000
timestame:1619471087.882000000,objid:4,type:0,xpos:0.000000,ypos:0.000000,xspeed:-22.830000,yspeed:-1.080000,angle:-7.770000,distense:94.600000,rcs:6.000000
timestame:1619471087.882000000,objid:11,type:0,xpos:0.000000,ypos:0.000000,xspeed:3.590000,yspeed:0.110000,angle:2.350000,distense:28.600000,rcs:37.000000
