timestame:1619469761.383000000,objid:1,type:0,xpos:0.000000,ypos:0.000000,xspeed:1.290000,yspeed:5.810000,angle:-0.060000,distense:47.400000,rcs:6.000000
timestame:1619469761.383000000,objid:3,type:0,xpos:0.000000,ypos:0.000000,xspeed:5.310000,yspeed:-0.090000,angle:22.410000,distense:17.600000,rcs:20.000000
timestame:1619469761.383000000,objid:5,type:0,xpos:0.000000,ypos:0.000000,xspeed:-17.780000,yspeed:0.000000,angle:-10.930000,distense:89.000000,rcs:23.000000
