timestame:1619471438.694000000,objid:6,type:0,xpos:0.000000,ypos:0.000000,xspeed:5.620000,yspeed:0.870000,angle:-7.070000,distense:89.200000,rcs:16.000000
timestame:1619471438.694000000,objid:8,type:0,xpos:0.000000,ypos:0.000000,xspeed:-2.470000,yspeed:-1.380000,angle:-18.000000,distense:31.200000,rcs:16.000000
timestame:1619471438.694000000,objid:10,type:0,xpos:0.000000,ypos:0.000000,xspeed:-1.080000,yspeed:-12.180000,angle:-18.000000,distense:42.000000,rcs:9.000000
