timestame:1619470682.727000000,objid:0,type:0,xpos:0.000000,ypos:0.000000,xspeed:-3.390000,yspeed:0.110000,angle:-15.700000,distense:61.000000,rcs:22.000000
timestame:1619470682.727000000,objid:2,type:0,xpos:0.000000,ypos:0.000000,xspeed:-2.060000,yspeed:-0.230000,angle:-12.510000,distense:72.400000,rcs:16.000000
timestame:1619470682.727000000,objid:4,type:0,xpos:0.000000,ypos:0.000000,xspeed:-9.260000,yspeed:-2.380000,angle:-18.000000,distense:57.200000,rcs:13.000000
timestame:1619470682.727000000,objid:7,type:0,xpos:0.000000,ypos:0.000000,xspeed:-6.520000,yspeed:0.170000,angle:-12.740000,distense:71.200000,rcs:22.000000
