timestame:1619470191.528000000,objid:0,type:0,xpos:0.000000,ypos:0.000000,xspeed:-5.810000,yspeed:5.880000,angle:4.270000,distense:44.800000,rcs:23.000000
timestame:1619470191.528000000,objid:1,type:0,xpos:0.000000,ypos:0.000000,xspeed:2.340000,yspeed:2.580000,angle:5.910000,distense:136.400000,rcs:33.000000
timestame:1619470191.528000000,objid:2,type:0,xpos:0.000000,ypos:0.000000,xspeed:-5.380000,yspeed:4.740000,angle:7.030000,distense:43.600000,rcs:35.000000
