timestame:1619469817.459000000,objid:4,type:0,xpos:0.000000,ypos:0.000000,xspeed:-8.440000,yspeed:-0.050000,angle:-4.750000,distense:166.800000,rcs:16.000000
timestame:1619469817.459000000,objid:5,type:0,xpos:0.000000,ypos:0.000000,xspeed:-2.400000,yspeed:5.260000,angle:-18.000000,distense:46.000000,rcs:19.000000
timestame:1619469817.459000000,objid:6,type:0,xpos:0.000000,ypos:0.000000,xspeed:4.290000,yspeed:3.170000,angle:-15.930000,distense:33.800000,rcs:16.000000
timestame:1619469817.459000000,objid:7,type:0,xpos:0.000000,ypos:0.000000,xspeed:2.070000,yspeed:-4.740000,angle:4.290000,distense:50.600000,rcs:28.000000
