timestame:1619469854.249000000,objid:0,type:0,xpos:0.000000,ypos:0.000000,xspeed:3.630000,yspeed:-3.800000,angle:3.300000,distense:49.400000,rcs:29.000000
timestame:1619469854.249000000,objid:10,type:0,xpos:0.000000,ypos:0.000000,xspeed:-11.560000,yspeed:0.000000,angle:-4.300000,distense:148.200000,rcs:20.000000
