timestame:1619470147.325000000,objid:0,type:0,xpos:0.000000,ypos:0.000000,xspeed:2.080000,yspeed:2.560000,angle:-13.460000,distense:39.600000,rcs:16.000000
timestame:1619470147.325000000,objid:1,type:0,xpos:0.000000,ypos:0.000000,xspeed:2.430000,yspeed:0.960000,angle:22.710000,distense:25.400000,rcs:22.000000
timestame:1619470147.325000000,objid:2,type:0,xpos:0.000000,ypos:0.000000,xspeed:3.110000,yspeed:2.110000,angle:22.570000,distense:37.000000,rcs:6.000000
timestame:1619470147.325000000,objid:3,type:0,xpos:0.000000,ypos:0.000000,xspeed:-1.060000,yspeed:-0.190000,angle:-10.250000,distense:73.800000,rcs:16.000000
