timestame:1619471243.210000000,objid:0,type:0,xpos:0.000000,ypos:0.000000,xspeed:-3.660000,yspeed:3.500000,angle:-18.000000,distense:74.800000,rcs:15.000000
timestame:1619471243.210000000,objid:9,type:0,xpos:0.000000,ypos:0.000000,xspeed:10.060000,yspeed:0.220000,angle:1.280000,distense:202.600000,rcs:15.000000
