timestame:1619471408.752000000,objid:1,type:0,xpos:0.000000,ypos:0.000000,xspeed:-1.410000,yspeed:-2.930000,angle:-8.100000,distense:41.600000,rcs:29.000000
timestame:1619471408.752000000,objid:5,type:0,xpos:0.000000,ypos:0.000000,xspeed:-1.350000,yspeed:9.050000,angle:-5.780000,distense:44.800000,rcs:6.000000
timestame:1619471408.752000000,objid:7,type:0,xpos:0.000000,ypos:0.000000,xspeed:-1.700000,yspeed:-3.420000,angle:-12.630000,distense:40.400000,rcs:22.000000
timestame:1619471408.752000000,objid:12,type:0,xpos:0.000000,ypos:0.000000,xspeed:-10.250000,yspeed:-2.110000,angle:-4.010000,distense:198.600000,rcs:12.000000
