timestame:1619470169.282000000,objid:0,type:0,xpos:0.000000,ypos:0.000000,xspeed:6.960000,yspeed:0.380000,angle:2.410000,distense:53.600000,rcs:32.000000
timestame:1619470169.282000000,objid:1,type:0,xpos:0.000000,ypos:0.000000,xspeed:10.240000,yspeed:0.660000,angle:2.310000,distense:22.800000,rcs:37.000000
timestame:1619470169.282000000,objid:2,type:0,xpos:0.000000,ypos:0.000000,xspeed:25.050000,yspeed:0.000000,angle:12.900000,distense:32.200000,rcs:6.000000
timestame:1619470169.282000000,objid:3,type:0,xpos:0.000000,ypos:0.000000,xspeed:8.770000,yspeed:0.160000,angle:4.890000,distense:88.200000,rcs:18.000000
