timestame:1619470793.307000000,objid:4,type:0,xpos:0.000000,ypos:0.000000,xspeed:1.670000,yspeed:-8.770000,angle:-0.580000,distense:50.800000,rcs:28.000000
timestame:1619470793.307000000,objid:6,type:0,xpos:0.000000,ypos:0.000000,xspeed:11.390000,yspeed:-4.230000,angle:9.670000,distense:59.200000,rcs:6.000000
timestame:1619470793.307000000,objid:7,type:0,xpos:0.000000,ypos:0.000000,xspeed:2.790000,yspeed:1.930000,angle:13.850000,distense:52.600000,rcs:6.000000
timestame:1619470793.307000000,objid:11,type:0,xpos:0.000000,ypos:0.000000,xspeed:-16.320000,yspeed:0.000000,angle:-2.770000,distense:48.800000,rcs:25.000000
