timestame:1619471226.965000000,objid:0,type:0,xpos:0.000000,ypos:0.000000,xspeed:6.500000,yspeed:0.190000,angle:2.050000,distense:76.400000,rcs:19.000000
timestame:1619471226.965000000,objid:1,type:0,xpos:0.000000,ypos:0.000000,xspeed:5.240000,yspeed:-2.740000,angle:-12.170000,distense:49.000000,rcs:21.000000
timestame:1619471226.965000000,objid:9,type:0,xpos:0.000000,ypos:0.000000,xspeed:5.460000,yspeed:0.170000,angle:2.380000,distense:66.000000,rcs:39.000000
