timestame:1619469756.037000000,objid:3,type:0,xpos:0.000000,ypos:0.000000,xspeed:6.060000,yspeed:1.850000,angle:22.310000,distense:31.400000,rcs:28.000000
timestame:1619469756.037000000,objid:4,type:0,xpos:0.000000,ypos:0.000000,xspeed:-4.940000,yspeed:9.540000,angle:-12.150000,distense:19.200000,rcs:15.000000
timestame:1619469756.037000000,objid:5,type:0,xpos:0.000000,ypos:0.000000,xspeed:5.890000,yspeed:0.910000,angle:17.700000,distense:33.200000,rcs:18.000000
timestame:1619469756.037000000,objid:6,type:0,xpos:0.000000,ypos:0.000000,xspeed:-2.280000,yspeed:4.880000,angle:1.220000,distense:18.000000,rcs:6.000000
