timestame:1619469686.827000000,objid:2,type:0,xpos:0.000000,ypos:0.000000,xspeed:-1.910000,yspeed:6.280000,angle:-10.260000,distense:42.600000,rcs:9.000000
timestame:1619469686.827000000,objid:4,type:0,xpos:0.000000,ypos:0.000000,xspeed:-1.870000,yspeed:8.280000,angle:-0.090000,distense:44.600000,rcs:19.000000
timestame:1619469686.827000000,objid:5,type:0,xpos:0.000000,ypos:0.000000,xspeed:2.110000,yspeed:-7.020000,angle:2.160000,distense:50.600000,rcs:9.000000
timestame:1619469686.827000000,objid:6,type:0,xpos:0.000000,ypos:0.000000,xspeed:-2.850000,yspeed:8.090000,angle:-3.480000,distense:40.600000,rcs:26.000000
