timestame:1619470475.287000000,objid:1,type:0,xpos:0.000000,ypos:0.000000,xspeed:-11.560000,yspeed:-0.290000,angle:-5.040000,distense:132.800000,rcs:16.000000
timestame:1619470475.287000000,objid:2,type:0,xpos:0.000000,ypos:0.000000,xspeed:1.170000,yspeed:-0.570000,angle:13.720000,distense:72.400000,rcs:9.000000
