timestame:1619469773.088000000,objid:1,type:0,xpos:0.000000,ypos:0.000000,xspeed:3.710000,yspeed:1.710000,angle:-16.330000,distense:28.600000,rcs:22.000000
timestame:1619469773.088000000,objid:3,type:0,xpos:0.000000,ypos:0.000000,xspeed:4.000000,yspeed:1.320000,angle:20.970000,distense:40.200000,rcs:12.000000
timestame:1619469773.088000000,objid:7,type:0,xpos:0.000000,ypos:0.000000,xspeed:3.770000,yspeed:2.210000,angle:-14.620000,distense:38.800000,rcs:20.000000
