timestame:1619470567.594000000,objid:1,type:0,xpos:0.000000,ypos:0.000000,xspeed:4.210000,yspeed:2.780000,angle:-15.870000,distense:28.000000,rcs:21.000000
timestame:1619470567.594000000,objid:3,type:0,xpos:0.000000,ypos:0.000000,xspeed:14.900000,yspeed:0.020000,angle:1.060000,distense:159.400000,rcs:27.000000
timestame:1619470567.594000000,objid:8,type:0,xpos:0.000000,ypos:0.000000,xspeed:4.050000,yspeed:4.600000,angle:-10.680000,distense:42.200000,rcs:19.000000
