timestame:1619470498.554000000,objid:2,type:0,xpos:0.000000,ypos:0.000000,xspeed:-1.410000,yspeed:-2.520000,angle:-18.000000,distense:40.000000,rcs:16.000000
timestame:1619470498.554000000,objid:5,type:0,xpos:0.000000,ypos:0.000000,xspeed:1.660000,yspeed:-0.260000,angle:10.220000,distense:43.600000,rcs:40.000000
timestame:1619470498.554000000,objid:7,type:0,xpos:0.000000,ypos:0.000000,xspeed:-1.750000,yspeed:-1.700000,angle:-16.500000,distense:46.200000,rcs:6.000000
