timestame:1619470168.970000000,objid:0,type:0,xpos:0.000000,ypos:0.000000,xspeed:6.740000,yspeed:0.350000,angle:2.340000,distense:51.200000,rcs:26.000000
timestame:1619470168.970000000,objid:1,type:0,xpos:0.000000,ypos:0.000000,xspeed:10.120000,yspeed:0.140000,angle:1.670000,distense:19.800000,rcs:29.000000
timestame:1619470168.970000000,objid:2,type:0,xpos:0.000000,ypos:0.000000,xspeed:25.050000,yspeed:0.000000,angle:16.760000,distense:24.800000,rcs:6.000000
timestame:1619470168.970000000,objid:3,type:0,xpos:0.000000,ypos:0.000000,xspeed:8.540000,yspeed:0.120000,angle:4.990000,distense:85.200000,rcs:21.000000
