timestame:1619469563.984000000,objid:1,type:0,xpos:0.000000,ypos:0.000000,xspeed:5.430000,yspeed:-5.440000,angle:19.460000,distense:53.200000,rcs:13.000000
timestame:1619469563.984000000,objid:14,type:0,xpos:0.000000,ypos:0.000000,xspeed:-2.520000,yspeed:-1.060000,angle:-16.430000,distense:44.200000,rcs:27.000000
