timestame:1619470707.034000000,objid:0,type:0,xpos:0.000000,ypos:0.000000,xspeed:2.670000,yspeed:-3.370000,angle:-18.000000,distense:71.600000,rcs:6.000000
timestame:1619470707.034000000,objid:1,type:0,xpos:0.000000,ypos:0.000000,xspeed:12.010000,yspeed:0.050000,angle:2.200000,distense:176.600000,rcs:13.000000
timestame:1619470707.034000000,objid:2,type:0,xpos:0.000000,ypos:0.000000,xspeed:3.640000,yspeed:-0.320000,angle:-15.250000,distense:15.400000,rcs:20.000000
timestame:1619470707.034000000,objid:4,type:0,xpos:0.000000,ypos:0.000000,xspeed:-14.020000,yspeed:-6.030000,angle:-17.890000,distense:8.400000,rcs:20.000000
