timestame:1619470706.972000000,objid:0,type:0,xpos:0.000000,ypos:0.000000,xspeed:4.230000,yspeed:-1.400000,angle:-18.000000,distense:71.600000,rcs:6.000000
timestame:1619470706.972000000,objid:1,type:0,xpos:0.000000,ypos:0.000000,xspeed:12.010000,yspeed:0.050000,angle:2.210000,distense:175.800000,rcs:13.000000
timestame:1619470706.972000000,objid:2,type:0,xpos:0.000000,ypos:0.000000,xspeed:2.870000,yspeed:-1.530000,angle:-15.360000,distense:14.800000,rcs:22.000000
timestame:1619470706.972000000,objid:4,type:0,xpos:0.000000,ypos:0.000000,xspeed:-14.020000,yspeed:-6.030000,angle:-17.870000,distense:9.400000,rcs:20.000000
