timestame:1619471366.445000000,objid:1,type:0,xpos:0.000000,ypos:0.000000,xspeed:7.460000,yspeed:-0.340000,angle:3.100000,distense:111.800000,rcs:24.000000
timestame:1619471366.445000000,objid:2,type:0,xpos:0.000000,ypos:0.000000,xspeed:7.910000,yspeed:-0.080000,angle:3.230000,distense:117.400000,rcs:13.000000
timestame:1619471366.445000000,objid:7,type:0,xpos:0.000000,ypos:0.000000,xspeed:11.720000,yspeed:0.340000,angle:1.710000,distense:146.800000,rcs:12.000000
