timestame:1619470164.694000000,objid:3,type:0,xpos:0.000000,ypos:0.000000,xspeed:6.010000,yspeed:0.470000,angle:7.340000,distense:50.000000,rcs:27.000000
timestame:1619470164.694000000,objid:6,type:0,xpos:0.000000,ypos:0.000000,xspeed:1.620000,yspeed:0.290000,angle:1.800000,distense:23.000000,rcs:25.000000
