timestame:1619470643.175000000,objid:2,type:0,xpos:0.000000,ypos:0.000000,xspeed:-6.520000,yspeed:0.040000,angle:-4.840000,distense:167.600000,rcs:12.000000
timestame:1619470643.175000000,objid:6,type:0,xpos:0.000000,ypos:0.000000,xspeed:4.580000,yspeed:-11.790000,angle:12.540000,distense:47.400000,rcs:33.000000
timestame:1619470643.175000000,objid:13,type:0,xpos:0.000000,ypos:0.000000,xspeed:-1.910000,yspeed:7.720000,angle:1.300000,distense:42.000000,rcs:22.000000
