timestame:1619470738.098000000,objid:0,type:0,xpos:0.000000,ypos:0.000000,xspeed:-16.160000,yspeed:-1.330000,angle:-4.670000,distense:146.800000,rcs:6.000000
timestame:1619470738.098000000,objid:1,type:0,xpos:0.000000,ypos:0.000000,xspeed:11.890000,yspeed:-0.070000,angle:1.180000,distense:123.000000,rcs:12.000000
timestame:1619470738.098000000,objid:6,type:0,xpos:0.000000,ypos:0.000000,xspeed:12.120000,yspeed:0.070000,angle:1.420000,distense:112.800000,rcs:36.000000
