timestame:1619471092.307000000,objid:1,type:0,xpos:0.000000,ypos:0.000000,xspeed:11.940000,yspeed:-0.030000,angle:3.880000,distense:74.600000,rcs:21.000000
timestame:1619471092.307000000,objid:2,type:0,xpos:0.000000,ypos:0.000000,xspeed:6.730000,yspeed:0.350000,angle:2.420000,distense:58.000000,rcs:42.000000
timestame:1619471092.307000000,objid:5,type:0,xpos:0.000000,ypos:0.000000,xspeed:12.690000,yspeed:-0.090000,angle:1.410000,distense:125.600000,rcs:12.000000
