timestame:1619470474.782000000,objid:1,type:0,xpos:0.000000,ypos:0.000000,xspeed:-11.380000,yspeed:-0.250000,angle:-4.710000,distense:139.200000,rcs:22.000000
timestame:1619470474.782000000,objid:2,type:0,xpos:0.000000,ypos:0.000000,xspeed:1.130000,yspeed:-0.590000,angle:14.060000,distense:71.800000,rcs:6.000000
