timestame:1619469920.295000000,objid:1,type:0,xpos:0.000000,ypos:0.000000,xspeed:5.700000,yspeed:-0.060000,angle:1.210000,distense:131.000000,rcs:12.000000
timestame:1619469920.295000000,objid:8,type:0,xpos:0.000000,ypos:0.000000,xspeed:5.770000,yspeed:0.090000,angle:1.510000,distense:124.400000,rcs:31.000000
