timestame:1619470158.564000000,objid:0,type:0,xpos:0.000000,ypos:0.000000,xspeed:-15.300000,yspeed:-0.550000,angle:-14.680000,distense:71.000000,rcs:24.000000
timestame:1619470158.564000000,objid:1,type:0,xpos:0.000000,ypos:0.000000,xspeed:-15.280000,yspeed:-0.590000,angle:-15.900000,distense:60.400000,rcs:24.000000
timestame:1619470158.564000000,objid:4,type:0,xpos:0.000000,ypos:0.000000,xspeed:1.430000,yspeed:0.320000,angle:7.860000,distense:24.600000,rcs:21.000000
timestame:1619470158.564000000,objid:7,type:0,xpos:0.000000,ypos:0.000000,xspeed:-15.260000,yspeed:-0.520000,angle:-18.000000,distense:54.400000,rcs:9.000000
