timestame:1619471138.050000000,objid:0,type:0,xpos:0.000000,ypos:0.000000,xspeed:-1.350000,yspeed:3.020000,angle:-12.160000,distense:41.800000,rcs:12.000000
timestame:1619471138.050000000,objid:4,type:0,xpos:0.000000,ypos:0.000000,xspeed:2.870000,yspeed:-0.700000,angle:7.960000,distense:46.000000,rcs:6.000000
timestame:1619471138.050000000,objid:9,type:0,xpos:0.000000,ypos:0.000000,xspeed:5.790000,yspeed:1.910000,angle:7.020000,distense:43.000000,rcs:22.000000
timestame:1619471138.050000000,objid:10,type:0,xpos:0.000000,ypos:0.000000,xspeed:1.440000,yspeed:-7.970000,angle:5.070000,distense:57.800000,rcs:16.000000
