timestame:1619470510.055000000,objid:2,type:0,xpos:0.000000,ypos:0.000000,xspeed:-2.030000,yspeed:7.870000,angle:18.170000,distense:38.600000,rcs:18.000000
timestame:1619470510.055000000,objid:4,type:0,xpos:0.000000,ypos:0.000000,xspeed:-1.620000,yspeed:9.410000,angle:13.560000,distense:43.800000,rcs:19.000000
timestame:1619470510.055000000,objid:6,type:0,xpos:0.000000,ypos:0.000000,xspeed:-2.220000,yspeed:8.770000,angle:15.170000,distense:38.800000,rcs:15.000000
timestame:1619470510.055000000,objid:8,type:0,xpos:0.000000,ypos:0.000000,xspeed:-5.010000,yspeed:-1.700000,angle:8.530000,distense:76.400000,rcs:9.000000
