timestame:1619470876.915000000,objid:4,type:0,xpos:0.000000,ypos:0.000000,xspeed:2.650000,yspeed:0.290000,angle:2.260000,distense:29.600000,rcs:6.000000
timestame:1619470876.915000000,objid:11,type:0,xpos:0.000000,ypos:0.000000,xspeed:-1.770000,yspeed:4.950000,angle:14.910000,distense:40.200000,rcs:20.000000
timestame:1619470876.915000000,objid:12,type:0,xpos:0.000000,ypos:0.000000,xspeed:1.560000,yspeed:-4.100000,angle:-5.300000,distense:52.000000,rcs:13.000000
timestame:1619470876.915000000,objid:14,type:0,xpos:0.000000,ypos:0.000000,xspeed:-6.060000,yspeed:0.440000,angle:-6.770000,distense:100.600000,rcs:12.000000
