timestame:1619469919.121000000,objid:1,type:0,xpos:0.000000,ypos:0.000000,xspeed:5.770000,yspeed:-0.020000,angle:1.360000,distense:124.600000,rcs:16.000000
timestame:1619469919.121000000,objid:8,type:0,xpos:0.000000,ypos:0.000000,xspeed:5.750000,yspeed:0.040000,angle:1.480000,distense:117.800000,rcs:22.000000
