timestame:1619471451.676000000,objid:3,type:0,xpos:0.000000,ypos:0.000000,xspeed:-2.260000,yspeed:-0.180000,angle:-6.540000,distense:101.600000,rcs:9.000000
timestame:1619471451.676000000,objid:11,type:0,xpos:0.000000,ypos:0.000000,xspeed:-1.670000,yspeed:0.480000,angle:-7.280000,distense:93.600000,rcs:12.000000
timestame:1619471451.676000000,objid:13,type:0,xpos:0.000000,ypos:0.000000,xspeed:-3.870000,yspeed:-0.210000,angle:21.600000,distense:35.600000,rcs:16.000000
