timestame:1619470111.502000000,objid:2,type:0,xpos:0.000000,ypos:0.000000,xspeed:6.480000,yspeed:-0.160000,angle:17.590000,distense:25.800000,rcs:20.000000
timestame:1619470111.502000000,objid:5,type:0,xpos:0.000000,ypos:0.000000,xspeed:3.330000,yspeed:3.590000,angle:-8.510000,distense:44.000000,rcs:6.000000
timestame:1619470111.502000000,objid:6,type:0,xpos:0.000000,ypos:0.000000,xspeed:-7.150000,yspeed:-0.950000,angle:19.610000,distense:19.200000,rcs:6.000000
timestame:1619470111.502000000,objid:7,type:0,xpos:0.000000,ypos:0.000000,xspeed:6.420000,yspeed:0.100000,angle:-17.140000,distense:24.200000,rcs:33.000000
