timestame:1619470796.772000000,objid:5,type:0,xpos:0.000000,ypos:0.000000,xspeed:2.520000,yspeed:-10.970000,angle:-18.000000,distense:70.400000,rcs:9.000000
timestame:1619470796.772000000,objid:6,type:0,xpos:0.000000,ypos:0.000000,xspeed:2.070000,yspeed:-2.350000,angle:-8.680000,distense:42.800000,rcs:37.000000
timestame:1619470796.772000000,objid:12,type:0,xpos:0.000000,ypos:0.000000,xspeed:2.160000,yspeed:-11.300000,angle:-18.000000,distense:66.200000,rcs:16.000000
timestame:1619470796.772000000,objid:15,type:0,xpos:0.000000,ypos:0.000000,xspeed:-4.900000,yspeed:-1.720000,angle:-18.000000,distense:37.400000,rcs:12.000000
