timestame:1619470373.842000000,objid:0,type:0,xpos:0.000000,ypos:0.000000,xspeed:17.770000,yspeed:0.000000,angle:9.220000,distense:49.600000,rcs:33.000000
timestame:1619470373.842000000,objid:3,type:0,xpos:0.000000,ypos:0.000000,xspeed:27.020000,yspeed:-5.850000,angle:-5.170000,distense:55.200000,rcs:13.000000
timestame:1619470373.842000000,objid:10,type:0,xpos:0.000000,ypos:0.000000,xspeed:-5.740000,yspeed:-1.800000,angle:-18.000000,distense:30.000000,rcs:6.000000
timestame:1619470373.842000000,objid:14,type:0,xpos:0.000000,ypos:0.000000,xspeed:-2.610000,yspeed:-0.630000,angle:-18.000000,distense:28.800000,rcs:6.000000
