timestame:1619469752.429000000,objid:1,type:0,xpos:0.000000,ypos:0.000000,xspeed:5.420000,yspeed:2.470000,angle:21.480000,distense:34.400000,rcs:15.000000
timestame:1619469752.429000000,objid:2,type:0,xpos:0.000000,ypos:0.000000,xspeed:30.850000,yspeed:-19.580000,angle:21.750000,distense:49.200000,rcs:6.000000
