timestame:1619470424.079000000,objid:0,type:0,xpos:0.000000,ypos:0.000000,xspeed:-1.320000,yspeed:3.250000,angle:18.630000,distense:38.600000,rcs:6.000000
timestame:1619470424.079000000,objid:2,type:0,xpos:0.000000,ypos:0.000000,xspeed:1.030000,yspeed:-0.580000,angle:-13.200000,distense:26.600000,rcs:12.000000
timestame:1619470424.079000000,objid:4,type:0,xpos:0.000000,ypos:0.000000,xspeed:-5.360000,yspeed:3.770000,angle:-11.810000,distense:41.400000,rcs:6.000000
timestame:1619470424.079000000,objid:8,type:0,xpos:0.000000,ypos:0.000000,xspeed:3.500000,yspeed:3.670000,angle:-12.320000,distense:39.600000,rcs:9.000000
