timestame:1619470966.794000000,objid:0,type:0,xpos:0.000000,ypos:0.000000,xspeed:4.460000,yspeed:0.040000,angle:5.360000,distense:64.600000,rcs:30.000000
timestame:1619470966.794000000,objid:1,type:0,xpos:0.000000,ypos:0.000000,xspeed:13.520000,yspeed:-0.140000,angle:0.780000,distense:160.000000,rcs:19.000000
timestame:1619470966.794000000,objid:6,type:0,xpos:0.000000,ypos:0.000000,xspeed:11.380000,yspeed:0.430000,angle:2.000000,distense:135.000000,rcs:22.000000
timestame:1619470966.794000000,objid:7,type:0,xpos:0.000000,ypos:0.000000,xspeed:6.760000,yspeed:1.710000,angle:21.240000,distense:23.200000,rcs:25.000000
