timestame:1619469999.072000000,objid:7,type:0,xpos:0.000000,ypos:0.000000,xspeed:-17.010000,yspeed:-7.700000,angle:-18.000000,distense:32.800000,rcs:22.000000
timestame:1619469999.072000000,objid:11,type:0,xpos:0.000000,ypos:0.000000,xspeed:-1.740000,yspeed:-0.960000,angle:-18.000000,distense:32.200000,rcs:13.000000
timestame:1619469999.072000000,objid:15,type:0,xpos:0.000000,ypos:0.000000,xspeed:-1.530000,yspeed:-1.560000,angle:-18.000000,distense:34.400000,rcs:18.000000
