timestame:1619470222.564000000,objid:6,type:0,xpos:0.000000,ypos:0.000000,xspeed:18.060000,yspeed:0.000000,angle:15.250000,distense:49.000000,rcs:26.000000
timestame:1619470222.564000000,objid:8,type:0,xpos:0.000000,ypos:0.000000,xspeed:-2.140000,yspeed:7.690000,angle:-12.530000,distense:42.800000,rcs:13.000000
timestame:1619470222.564000000,objid:11,type:0,xpos:0.000000,ypos:0.000000,xspeed:-2.080000,yspeed:6.850000,angle:-9.320000,distense:41.800000,rcs:21.000000
