timestame:1619471518.677000000,objid:7,type:0,xpos:0.000000,ypos:0.000000,xspeed:16.290000,yspeed:0.170000,angle:1.430000,distense:191.800000,rcs:15.000000
timestame:1619471518.677000000,objid:10,type:0,xpos:0.000000,ypos:0.000000,xspeed:16.250000,yspeed:0.170000,angle:1.320000,distense:181.200000,rcs:25.000000
