timestame:1619470620.592000000,objid:1,type:0,xpos:0.000000,ypos:0.000000,xspeed:-4.740000,yspeed:-0.700000,angle:-10.080000,distense:87.600000,rcs:22.000000
timestame:1619470620.592000000,objid:2,type:0,xpos:0.000000,ypos:0.000000,xspeed:-7.860000,yspeed:0.090000,angle:-10.510000,distense:83.400000,rcs:13.000000
