timestame:1619471264.086000000,objid:2,type:0,xpos:0.000000,ypos:0.000000,xspeed:12.880000,yspeed:0.070000,angle:2.820000,distense:127.000000,rcs:28.000000
timestame:1619471264.086000000,objid:6,type:0,xpos:0.000000,ypos:0.000000,xspeed:12.910000,yspeed:-0.080000,angle:2.580000,distense:139.200000,rcs:12.000000
timestame:1619471264.086000000,objid:10,type:0,xpos:0.000000,ypos:0.000000,xspeed:12.820000,yspeed:-0.020000,angle:3.010000,distense:114.600000,rcs:27.000000
