timestame:1619470274.517000000,objid:1,type:0,xpos:0.000000,ypos:0.000000,xspeed:-10.900000,yspeed:-0.730000,angle:-4.990000,distense:118.000000,rcs:9.000000
timestame:1619470274.517000000,objid:2,type:0,xpos:0.000000,ypos:0.000000,xspeed:-1.270000,yspeed:0.850000,angle:-6.580000,distense:93.600000,rcs:9.000000
