timestame:1619470728.850000000,objid:0,type:0,xpos:0.000000,ypos:0.000000,xspeed:-12.480000,yspeed:-0.400000,angle:-10.890000,distense:67.000000,rcs:27.000000
timestame:1619470728.850000000,objid:1,type:0,xpos:0.000000,ypos:0.000000,xspeed:11.940000,yspeed:0.000000,angle:4.900000,distense:12.000000,rcs:29.000000
