timestame:1619470294.897000000,objid:0,type:0,xpos:0.000000,ypos:0.000000,xspeed:2.040000,yspeed:0.090000,angle:5.270000,distense:23.400000,rcs:24.000000
timestame:1619470294.897000000,objid:1,type:0,xpos:0.000000,ypos:0.000000,xspeed:-1.100000,yspeed:-0.050000,angle:5.350000,distense:9.000000,rcs:30.000000
timestame:1619470294.897000000,objid:3,type:0,xpos:0.000000,ypos:0.000000,xspeed:2.780000,yspeed:-0.120000,angle:3.850000,distense:13.000000,rcs:37.000000
timestame:1619470294.897000000,objid:5,type:0,xpos:0.000000,ypos:0.000000,xspeed:3.140000,yspeed:0.430000,angle:2.680000,distense:21.600000,rcs:29.000000
