timestame:1619471260.861000000,objid:2,type:0,xpos:0.000000,ypos:0.000000,xspeed:12.430000,yspeed:0.310000,angle:4.250000,distense:85.200000,rcs:26.000000
timestame:1619471260.861000000,objid:6,type:0,xpos:0.000000,ypos:0.000000,xspeed:12.500000,yspeed:-0.140000,angle:3.870000,distense:97.400000,rcs:19.000000
timestame:1619471260.861000000,objid:10,type:0,xpos:0.000000,ypos:0.000000,xspeed:12.300000,yspeed:0.660000,angle:5.210000,distense:73.000000,rcs:9.000000
