timestame:1619471421.618000000,objid:1,type:0,xpos:0.000000,ypos:0.000000,xspeed:-5.760000,yspeed:-1.220000,angle:-6.550000,distense:117.600000,rcs:16.000000
timestame:1619471421.618000000,objid:3,type:0,xpos:0.000000,ypos:0.000000,xspeed:-2.440000,yspeed:-2.890000,angle:-18.000000,distense:43.000000,rcs:15.000000
timestame:1619471421.618000000,objid:9,type:0,xpos:0.000000,ypos:0.000000,xspeed:-6.400000,yspeed:0.170000,angle:-4.740000,distense:133.200000,rcs:16.000000
timestame:1619471421.618000000,objid:12,type:0,xpos:0.000000,ypos:0.000000,xspeed:-5.280000,yspeed:-0.180000,angle:-8.450000,distense:107.200000,rcs:21.000000
