timestame:1619469916.952000000,objid:1,type:0,xpos:0.000000,ypos:0.000000,xspeed:5.480000,yspeed:0.030000,angle:1.480000,distense:111.400000,rcs:15.000000
timestame:1619469916.952000000,objid:2,type:0,xpos:0.000000,ypos:0.000000,xspeed:13.550000,yspeed:0.330000,angle:2.370000,distense:220.600000,rcs:6.000000
timestame:1619469916.952000000,objid:8,type:0,xpos:0.000000,ypos:0.000000,xspeed:5.570000,yspeed:0.050000,angle:1.600000,distense:104.800000,rcs:25.000000
