timestame:1619470699.774000000,objid:1,type:0,xpos:0.000000,ypos:0.000000,xspeed:8.640000,yspeed:0.220000,angle:4.270000,distense:93.800000,rcs:20.000000
timestame:1619470699.774000000,objid:2,type:0,xpos:0.000000,ypos:0.000000,xspeed:-8.430000,yspeed:8.360000,angle:-8.850000,distense:107.200000,rcs:12.000000
