timestame:1619471520.470000000,objid:7,type:0,xpos:0.000000,ypos:0.000000,xspeed:16.710000,yspeed:0.240000,angle:1.380000,distense:223.600000,rcs:25.000000
timestame:1619471520.470000000,objid:10,type:0,xpos:0.000000,ypos:0.000000,xspeed:16.610000,yspeed:0.280000,angle:1.360000,distense:212.800000,rcs:26.000000
