timestame:1619470776.412000000,objid:0,type:0,xpos:0.000000,ypos:0.000000,xspeed:19.120000,yspeed:2.340000,angle:1.540000,distense:198.000000,rcs:12.000000
timestame:1619470776.412000000,objid:1,type:0,xpos:0.000000,ypos:0.000000,xspeed:-7.420000,yspeed:-1.220000,angle:-9.210000,distense:102.800000,rcs:18.000000
