timestame:1619470073.083000000,objid:3,type:0,xpos:0.000000,ypos:0.000000,xspeed:-1.370000,yspeed:2.290000,angle:17.230000,distense:48.000000,rcs:35.000000
timestame:1619470073.083000000,objid:4,type:0,xpos:0.000000,ypos:0.000000,xspeed:-1.600000,yspeed:2.450000,angle:22.480000,distense:43.000000,rcs:21.000000
timestame:1619470073.083000000,objid:8,type:0,xpos:0.000000,ypos:0.000000,xspeed:2.000000,yspeed:2.910000,angle:-9.120000,distense:40.600000,rcs:9.000000
