timestame:1619470642.429000000,objid:2,type:0,xpos:0.000000,ypos:0.000000,xspeed:-6.520000,yspeed:0.480000,angle:-4.420000,distense:172.600000,rcs:12.000000
timestame:1619470642.429000000,objid:5,type:0,xpos:0.000000,ypos:0.000000,xspeed:-1.570000,yspeed:5.640000,angle:-11.410000,distense:45.400000,rcs:12.000000
timestame:1619470642.429000000,objid:8,type:0,xpos:0.000000,ypos:0.000000,xspeed:-2.810000,yspeed:11.020000,angle:17.210000,distense:39.200000,rcs:9.000000
timestame:1619470642.429000000,objid:13,type:0,xpos:0.000000,ypos:0.000000,xspeed:-2.140000,yspeed:11.000000,angle:-5.570000,distense:43.600000,rcs:16.000000
