timestame:1619470227.782000000,objid:2,type:0,xpos:0.000000,ypos:0.000000,xspeed:-1.210000,yspeed:-2.190000,angle:-8.410000,distense:42.000000,rcs:41.000000
timestame:1619470227.782000000,objid:4,type:0,xpos:0.000000,ypos:0.000000,xspeed:7.920000,yspeed:-0.710000,angle:7.910000,distense:173.800000,rcs:9.000000
timestame:1619470227.782000000,objid:8,type:0,xpos:0.000000,ypos:0.000000,xspeed:-1.800000,yspeed:-2.730000,angle:-14.690000,distense:40.600000,rcs:12.000000
timestame:1619470227.782000000,objid:11,type:0,xpos:0.000000,ypos:0.000000,xspeed:-8.260000,yspeed:6.630000,angle:-2.300000,distense:187.600000,rcs:12.000000
