timestame:1619469565.846000000,objid:6,type:0,xpos:0.000000,ypos:0.000000,xspeed:-10.910000,yspeed:-3.380000,angle:-3.860000,distense:204.600000,rcs:13.000000
timestame:1619469565.846000000,objid:8,type:0,xpos:0.000000,ypos:0.000000,xspeed:-5.880000,yspeed:0.700000,angle:22.070000,distense:39.400000,rcs:12.000000
timestame:1619469565.846000000,objid:15,type:0,xpos:0.000000,ypos:0.000000,xspeed:-4.050000,yspeed:8.870000,angle:16.570000,distense:56.400000,rcs:6.000000
