timestame:1619470801.987000000,objid:2,type:0,xpos:0.000000,ypos:0.000000,xspeed:-6.630000,yspeed:-3.320000,angle:-18.000000,distense:25.200000,rcs:9.000000
timestame:1619470801.987000000,objid:3,type:0,xpos:0.000000,ypos:0.000000,xspeed:-1.630000,yspeed:-1.700000,angle:-18.000000,distense:38.800000,rcs:20.000000
timestame:1619470801.987000000,objid:4,type:0,xpos:0.000000,ypos:0.000000,xspeed:-1.690000,yspeed:-3.320000,angle:-17.610000,distense:42.400000,rcs:40.000000
timestame:1619470801.987000000,objid:15,type:0,xpos:0.000000,ypos:0.000000,xspeed:-1.470000,yspeed:-1.250000,angle:-18.000000,distense:36.000000,rcs:20.000000
