timestame:1619469877.446000000,objid:3,type:0,xpos:0.000000,ypos:0.000000,xspeed:-5.350000,yspeed:-1.850000,angle:-18.000000,distense:32.000000,rcs:6.000000
timestame:1619469877.446000000,objid:4,type:0,xpos:0.000000,ypos:0.000000,xspeed:-2.770000,yspeed:3.450000,angle:-13.130000,distense:39.200000,rcs:30.000000
timestame:1619469877.446000000,objid:6,type:0,xpos:0.000000,ypos:0.000000,xspeed:-2.320000,yspeed:-0.680000,angle:-18.000000,distense:36.200000,rcs:9.000000
timestame:1619469877.446000000,objid:9,type:0,xpos:0.000000,ypos:0.000000,xspeed:-6.400000,yspeed:12.450000,angle:-1.780000,distense:61.800000,rcs:6.000000
