timestame:1619470474.534000000,objid:1,type:0,xpos:0.000000,ypos:0.000000,xspeed:-11.530000,yspeed:-0.420000,angle:-4.740000,distense:141.800000,rcs:24.000000
timestame:1619470474.534000000,objid:2,type:0,xpos:0.000000,ypos:0.000000,xspeed:1.140000,yspeed:-0.680000,angle:14.140000,distense:71.600000,rcs:9.000000
