timestame:1619469994.842000000,objid:6,type:0,xpos:0.000000,ypos:0.000000,xspeed:-5.640000,yspeed:2.190000,angle:22.590000,distense:50.200000,rcs:6.000000
timestame:1619469994.842000000,objid:8,type:0,xpos:0.000000,ypos:0.000000,xspeed:1.130000,yspeed:3.270000,angle:-3.010000,distense:42.000000,rcs:6.000000
timestame:1619469994.842000000,objid:15,type:0,xpos:0.000000,ypos:0.000000,xspeed:-1.390000,yspeed:-2.330000,angle:-17.060000,distense:36.200000,rcs:20.000000
timestame:1619469994.842000000,objid:24,type:0,xpos:0.000000,ypos:0.000000,xspeed:2.580000,yspeed:2.640000,angle:-12.110000,distense:38.000000,rcs:6.000000
