timestame:1619470029.969000000,objid:1,type:0,xpos:0.000000,ypos:0.000000,xspeed:5.140000,yspeed:0.450000,angle:2.380000,distense:32.400000,rcs:35.000000
timestame:1619470029.969000000,objid:2,type:0,xpos:0.000000,ypos:0.000000,xspeed:7.030000,yspeed:0.310000,angle:2.400000,distense:52.200000,rcs:31.000000
timestame:1619470029.969000000,objid:4,type:0,xpos:0.000000,ypos:0.000000,xspeed:-8.160000,yspeed:0.000000,angle:2.490000,distense:53.400000,rcs:34.000000
timestame:1619470029.969000000,objid:5,type:0,xpos:0.000000,ypos:0.000000,xspeed:4.860000,yspeed:-1.360000,angle:-18.000000,distense:55.800000,rcs:9.000000
