timestame:1619469700.006000000,objid:2,type:0,xpos:0.000000,ypos:0.000000,xspeed:-2.050000,yspeed:-2.090000,angle:-18.000000,distense:40.600000,rcs:22.000000
timestame:1619469700.006000000,objid:5,type:0,xpos:0.000000,ypos:0.000000,xspeed:-3.880000,yspeed:-2.180000,angle:-18.000000,distense:37.200000,rcs:9.000000
timestame:1619469700.006000000,objid:6,type:0,xpos:0.000000,ypos:0.000000,xspeed:4.610000,yspeed:-5.870000,angle:-11.930000,distense:79.000000,rcs:6.000000
timestame:1619469700.006000000,objid:8,type:0,xpos:0.000000,ypos:0.000000,xspeed:2.760000,yspeed:5.520000,angle:-3.190000,distense:47.400000,rcs:13.000000
