timestame:1619470791.813000000,objid:0,type:0,xpos:0.000000,ypos:0.000000,xspeed:1.230000,yspeed:0.160000,angle:2.130000,distense:19.400000,rcs:21.000000
timestame:1619470791.813000000,objid:2,type:0,xpos:0.000000,ypos:0.000000,xspeed:1.250000,yspeed:-7.940000,angle:20.660000,distense:46.200000,rcs:26.000000
timestame:1619470791.813000000,objid:5,type:0,xpos:0.000000,ypos:0.000000,xspeed:-3.230000,yspeed:0.400000,angle:-18.000000,distense:45.000000,rcs:6.000000
