timestame:1619469481.023000000,objid:1,type:0,xpos:0.000000,ypos:0.000000,xspeed:-5.830000,yspeed:7.340000,angle:-7.670000,distense:89.000000,rcs:16.000000
timestame:1619469481.023000000,objid:7,type:0,xpos:0.000000,ypos:0.000000,xspeed:4.810000,yspeed:-2.890000,angle:-9.610000,distense:95.800000,rcs:16.000000
