timestame:1619469658.691000000,objid:7,type:0,xpos:0.000000,ypos:0.000000,xspeed:24.840000,yspeed:0.510000,angle:1.080000,distense:227.600000,rcs:9.000000
timestame:1619469658.691000000,objid:8,type:0,xpos:0.000000,ypos:0.000000,xspeed:1.900000,yspeed:3.370000,angle:-6.760000,distense:42.800000,rcs:6.000000
