timestame:1619471040.800000000,objid:2,type:0,xpos:0.000000,ypos:0.000000,xspeed:-2.050000,yspeed:-1.340000,angle:-18.000000,distense:36.600000,rcs:18.000000
timestame:1619471040.800000000,objid:6,type:0,xpos:0.000000,ypos:0.000000,xspeed:-3.850000,yspeed:-5.710000,angle:-18.000000,distense:38.600000,rcs:24.000000
timestame:1619471040.800000000,objid:10,type:0,xpos:0.000000,ypos:0.000000,xspeed:-2.040000,yspeed:0.000000,angle:-18.000000,distense:39.400000,rcs:25.000000
