timestame:1619470029.107000000,objid:1,type:0,xpos:0.000000,ypos:0.000000,xspeed:4.890000,yspeed:0.450000,angle:1.900000,distense:27.800000,rcs:35.000000
timestame:1619470029.107000000,objid:2,type:0,xpos:0.000000,ypos:0.000000,xspeed:6.690000,yspeed:0.330000,angle:2.450000,distense:45.800000,rcs:26.000000
