timestame:1619470058.614000000,objid:0,type:0,xpos:0.000000,ypos:0.000000,xspeed:-13.090000,yspeed:0.690000,angle:-4.160000,distense:96.000000,rcs:23.000000
timestame:1619470058.614000000,objid:5,type:0,xpos:0.000000,ypos:0.000000,xspeed:9.370000,yspeed:0.300000,angle:2.730000,distense:172.400000,rcs:27.000000
