timestame:1619471259.380000000,objid:2,type:0,xpos:0.000000,ypos:0.000000,xspeed:12.240000,yspeed:0.600000,angle:5.400000,distense:66.400000,rcs:38.000000
timestame:1619471259.380000000,objid:3,type:0,xpos:0.000000,ypos:0.000000,xspeed:-14.870000,yspeed:-0.660000,angle:-18.000000,distense:40.600000,rcs:21.000000
timestame:1619471259.380000000,objid:6,type:0,xpos:0.000000,ypos:0.000000,xspeed:12.340000,yspeed:0.120000,angle:5.130000,distense:78.600000,rcs:19.000000
timestame:1619471259.380000000,objid:10,type:0,xpos:0.000000,ypos:0.000000,xspeed:12.220000,yspeed:0.580000,angle:5.880000,distense:54.200000,rcs:27.000000
