timestame:1619470342.456000000,objid:2,type:0,xpos:0.000000,ypos:0.000000,xspeed:-3.520000,yspeed:5.350000,angle:-16.290000,distense:44.000000,rcs:21.000000
timestame:1619470342.456000000,objid:6,type:0,xpos:0.000000,ypos:0.000000,xspeed:-4.380000,yspeed:4.550000,angle:-18.000000,distense:39.800000,rcs:9.000000
