timestame:1619470702.375000000,objid:0,type:0,xpos:0.000000,ypos:0.000000,xspeed:4.400000,yspeed:2.530000,angle:20.840000,distense:29.400000,rcs:13.000000
timestame:1619470702.375000000,objid:1,type:0,xpos:0.000000,ypos:0.000000,xspeed:10.110000,yspeed:-0.070000,angle:3.150000,distense:120.800000,rcs:12.000000
timestame:1619470702.375000000,objid:2,type:0,xpos:0.000000,ypos:0.000000,xspeed:-8.760000,yspeed:-0.110000,angle:-13.290000,distense:85.200000,rcs:13.000000
