timestame:1619470779.510000000,objid:2,type:0,xpos:0.000000,ypos:0.000000,xspeed:3.240000,yspeed:-4.700000,angle:4.600000,distense:43.800000,rcs:29.000000
timestame:1619470779.510000000,objid:4,type:0,xpos:0.000000,ypos:0.000000,xspeed:-1.730000,yspeed:-1.010000,angle:-2.580000,distense:46.400000,rcs:9.000000
timestame:1619470779.510000000,objid:13,type:0,xpos:0.000000,ypos:0.000000,xspeed:-38.760000,yspeed:0.000000,angle:15.200000,distense:44.000000,rcs:22.000000
