timestame:1619470358.016000000,objid:2,type:0,xpos:0.000000,ypos:0.000000,xspeed:2.050000,yspeed:2.020000,angle:-15.440000,distense:43.400000,rcs:32.000000
timestame:1619470358.016000000,objid:9,type:0,xpos:0.000000,ypos:0.000000,xspeed:-6.460000,yspeed:-4.740000,angle:-18.000000,distense:32.600000,rcs:9.000000
timestame:1619470358.016000000,objid:16,type:0,xpos:0.000000,ypos:0.000000,xspeed:16.600000,yspeed:0.000000,angle:-9.970000,distense:55.400000,rcs:13.000000
timestame:1619470358.016000000,objid:18,type:0,xpos:0.000000,ypos:0.000000,xspeed:1.530000,yspeed:8.080000,angle:-12.170000,distense:47.800000,rcs:6.000000
