timestame:1619471255.295000000,objid:0,type:0,xpos:0.000000,ypos:0.000000,xspeed:13.340000,yspeed:5.820000,angle:18.840000,distense:21.800000,rcs:23.000000
timestame:1619471255.295000000,objid:1,type:0,xpos:0.000000,ypos:0.000000,xspeed:4.520000,yspeed:2.540000,angle:6.550000,distense:92.600000,rcs:6.000000
timestame:1619471255.295000000,objid:3,type:0,xpos:0.000000,ypos:0.000000,xspeed:-15.780000,yspeed:-0.410000,angle:-9.010000,distense:97.600000,rcs:16.000000
timestame:1619471255.295000000,objid:4,type:0,xpos:0.000000,ypos:0.000000,xspeed:12.840000,yspeed:2.140000,angle:10.000000,distense:20.400000,rcs:29.000000
