timestame:1619471258.640000000,objid:2,type:0,xpos:0.000000,ypos:0.000000,xspeed:12.130000,yspeed:0.750000,angle:6.040000,distense:57.400000,rcs:39.000000
timestame:1619471258.640000000,objid:3,type:0,xpos:0.000000,ypos:0.000000,xspeed:-14.800000,yspeed:-0.430000,angle:-18.000000,distense:50.400000,rcs:23.000000
timestame:1619471258.640000000,objid:6,type:0,xpos:0.000000,ypos:0.000000,xspeed:12.160000,yspeed:0.190000,angle:5.790000,distense:69.400000,rcs:24.000000
timestame:1619471258.640000000,objid:10,type:0,xpos:0.000000,ypos:0.000000,xspeed:12.170000,yspeed:0.360000,angle:6.110000,distense:45.400000,rcs:27.000000
