timestame:1619469931.332000000,objid:0,type:0,xpos:0.000000,ypos:0.000000,xspeed:-1.750000,yspeed:2.560000,angle:-18.000000,distense:39.000000,rcs:9.000000
timestame:1619469931.332000000,objid:1,type:0,xpos:0.000000,ypos:0.000000,xspeed:8.120000,yspeed:0.250000,angle:1.490000,distense:209.400000,rcs:9.000000
timestame:1619469931.332000000,objid:8,type:0,xpos:0.000000,ypos:0.000000,xspeed:8.090000,yspeed:0.310000,angle:1.330000,distense:202.600000,rcs:18.000000
