timestame:1619471154.380000000,objid:0,type:0,xpos:0.000000,ypos:0.000000,xspeed:-1.600000,yspeed:-3.830000,angle:-7.660000,distense:60.400000,rcs:6.000000
timestame:1619471154.380000000,objid:1,type:0,xpos:0.000000,ypos:0.000000,xspeed:-6.970000,yspeed:-5.670000,angle:1.940000,distense:69.000000,rcs:9.000000
timestame:1619471154.380000000,objid:4,type:0,xpos:0.000000,ypos:0.000000,xspeed:-21.420000,yspeed:-15.010000,angle:-16.480000,distense:75.800000,rcs:12.000000
timestame:1619471154.380000000,objid:8,type:0,xpos:0.000000,ypos:0.000000,xspeed:7.640000,yspeed:2.330000,angle:-17.180000,distense:19.600000,rcs:20.000000
