timestame:1619470770.255000000,objid:0,type:0,xpos:0.000000,ypos:0.000000,xspeed:-11.190000,yspeed:-0.400000,angle:-5.690000,distense:151.000000,rcs:15.000000
timestame:1619470770.255000000,objid:1,type:0,xpos:0.000000,ypos:0.000000,xspeed:12.030000,yspeed:0.250000,angle:2.020000,distense:91.200000,rcs:9.000000
timestame:1619470770.255000000,objid:2,type:0,xpos:0.000000,ypos:0.000000,xspeed:-11.000000,yspeed:0.250000,angle:-6.210000,distense:148.400000,rcs:12.000000
