timestame:1619471153.762000000,objid:0,type:0,xpos:0.000000,ypos:0.000000,xspeed:-1.180000,yspeed:-3.250000,angle:-5.120000,distense:61.200000,rcs:27.000000
timestame:1619471153.762000000,objid:1,type:0,xpos:0.000000,ypos:0.000000,xspeed:-7.360000,yspeed:-5.830000,angle:4.600000,distense:73.400000,rcs:6.000000
timestame:1619471153.762000000,objid:2,type:0,xpos:0.000000,ypos:0.000000,xspeed:-2.260000,yspeed:10.830000,angle:-7.770000,distense:42.600000,rcs:6.000000
timestame:1619471153.762000000,objid:4,type:0,xpos:0.000000,ypos:0.000000,xspeed:-12.740000,yspeed:-4.100000,angle:-8.270000,distense:87.800000,rcs:19.000000
