timestame:1619471151.456000000,objid:0,type:0,xpos:0.000000,ypos:0.000000,xspeed:-1.900000,yspeed:12.990000,angle:5.770000,distense:39.800000,rcs:19.000000
timestame:1619471151.456000000,objid:1,type:0,xpos:0.000000,ypos:0.000000,xspeed:-8.450000,yspeed:0.000000,angle:11.210000,distense:92.000000,rcs:16.000000
timestame:1619471151.456000000,objid:2,type:0,xpos:0.000000,ypos:0.000000,xspeed:-1.190000,yspeed:5.010000,angle:-4.620000,distense:41.000000,rcs:9.000000
