timestame:1619471139.226000000,objid:0,type:0,xpos:0.000000,ypos:0.000000,xspeed:-1.070000,yspeed:2.750000,angle:-7.900000,distense:42.600000,rcs:9.000000
timestame:1619471139.226000000,objid:3,type:0,xpos:0.000000,ypos:0.000000,xspeed:-1.170000,yspeed:0.000000,angle:-18.000000,distense:34.600000,rcs:32.000000
timestame:1619471139.226000000,objid:9,type:0,xpos:0.000000,ypos:0.000000,xspeed:4.140000,yspeed:1.110000,angle:7.650000,distense:47.200000,rcs:6.000000
