timestame:1619470465.495000000,objid:0,type:0,xpos:0.000000,ypos:0.000000,xspeed:-13.470000,yspeed:-0.730000,angle:-18.000000,distense:34.200000,rcs:13.000000
timestame:1619470465.495000000,objid:1,type:0,xpos:0.000000,ypos:0.000000,xspeed:-7.920000,yspeed:1.880000,angle:-18.000000,distense:37.800000,rcs:15.000000
timestame:1619470465.495000000,objid:2,type:0,xpos:0.000000,ypos:0.000000,xspeed:5.830000,yspeed:0.270000,angle:3.150000,distense:207.400000,rcs:9.000000
