timestame:1619469912.307000000,objid:1,type:0,xpos:0.000000,ypos:0.000000,xspeed:4.540000,yspeed:-0.080000,angle:1.630000,distense:86.000000,rcs:13.000000
timestame:1619469912.307000000,objid:2,type:0,xpos:0.000000,ypos:0.000000,xspeed:11.280000,yspeed:0.210000,angle:2.740000,distense:157.600000,rcs:12.000000
timestame:1619469912.307000000,objid:8,type:0,xpos:0.000000,ypos:0.000000,xspeed:4.420000,yspeed:0.070000,angle:2.190000,distense:79.200000,rcs:32.000000
