timestame:1619469634.313000000,objid:1,type:0,xpos:0.000000,ypos:0.000000,xspeed:2.490000,yspeed:-2.100000,angle:17.530000,distense:22.000000,rcs:12.000000
timestame:1619469634.313000000,objid:3,type:0,xpos:0.000000,ypos:0.000000,xspeed:-6.460000,yspeed:2.470000,angle:-4.450000,distense:53.400000,rcs:24.000000
timestame:1619469634.313000000,objid:4,type:0,xpos:0.000000,ypos:0.000000,xspeed:2.330000,yspeed:2.230000,angle:-13.870000,distense:25.000000,rcs:6.000000
