timestame:1619470124.098000000,objid:1,type:0,xpos:0.000000,ypos:0.000000,xspeed:2.720000,yspeed:3.930000,angle:-17.450000,distense:35.200000,rcs:12.000000
timestame:1619470124.098000000,objid:4,type:0,xpos:0.000000,ypos:0.000000,xspeed:3.880000,yspeed:1.070000,angle:22.820000,distense:28.000000,rcs:24.000000
timestame:1619470124.098000000,objid:6,type:0,xpos:0.000000,ypos:0.000000,xspeed:4.510000,yspeed:2.530000,angle:-16.890000,distense:34.400000,rcs:28.000000
