timestame:1619471520.096000000,objid:7,type:0,xpos:0.000000,ypos:0.000000,xspeed:16.710000,yspeed:0.240000,angle:1.400000,distense:216.600000,rcs:25.000000
timestame:1619471520.096000000,objid:10,type:0,xpos:0.000000,ypos:0.000000,xspeed:16.600000,yspeed:0.370000,angle:1.430000,distense:205.800000,rcs:30.000000
