timestame:1619470663.317000000,objid:0,type:0,xpos:0.000000,ypos:0.000000,xspeed:-1.600000,yspeed:-0.050000,angle:-9.820000,distense:95.200000,rcs:13.000000
timestame:1619470663.317000000,objid:3,type:0,xpos:0.000000,ypos:0.000000,xspeed:-1.320000,yspeed:-0.230000,angle:-7.970000,distense:107.400000,rcs:9.000000
