timestame:1619470966.855000000,objid:0,type:0,xpos:0.000000,ypos:0.000000,xspeed:4.550000,yspeed:0.000000,angle:5.260000,distense:65.200000,rcs:24.000000
timestame:1619470966.855000000,objid:1,type:0,xpos:0.000000,ypos:0.000000,xspeed:13.640000,yspeed:0.020000,angle:0.870000,distense:161.000000,rcs:13.000000
timestame:1619470966.855000000,objid:6,type:0,xpos:0.000000,ypos:0.000000,xspeed:11.390000,yspeed:0.390000,angle:1.960000,distense:135.600000,rcs:13.000000
timestame:1619470966.855000000,objid:7,type:0,xpos:0.000000,ypos:0.000000,xspeed:6.650000,yspeed:1.730000,angle:21.230000,distense:23.600000,rcs:29.000000
