timestame:1619470475.474000000,objid:1,type:0,xpos:0.000000,ypos:0.000000,xspeed:-11.540000,yspeed:-0.280000,angle:-5.140000,distense:130.800000,rcs:19.000000
timestame:1619470475.474000000,objid:2,type:0,xpos:0.000000,ypos:0.000000,xspeed:1.130000,yspeed:-0.460000,angle:13.760000,distense:72.600000,rcs:6.000000
