timestame:1619471264.209000000,objid:2,type:0,xpos:0.000000,ypos:0.000000,xspeed:12.920000,yspeed:0.090000,angle:2.810000,distense:128.600000,rcs:21.000000
timestame:1619471264.209000000,objid:6,type:0,xpos:0.000000,ypos:0.000000,xspeed:12.910000,yspeed:-0.050000,angle:2.580000,distense:140.800000,rcs:20.000000
timestame:1619471264.209000000,objid:10,type:0,xpos:0.000000,ypos:0.000000,xspeed:12.830000,yspeed:-0.030000,angle:2.950000,distense:116.200000,rcs:32.000000
