timestame:1619470136.321000000,objid:7,type:0,xpos:0.000000,ypos:0.000000,xspeed:-4.520000,yspeed:-0.150000,angle:-9.520000,distense:76.800000,rcs:15.000000
timestame:1619470136.321000000,objid:8,type:0,xpos:0.000000,ypos:0.000000,xspeed:3.250000,yspeed:3.690000,angle:-8.410000,distense:41.400000,rcs:9.000000
