timestame:1619470441.958000000,objid:1,type:0,xpos:0.000000,ypos:0.000000,xspeed:15.660000,yspeed:0.560000,angle:2.290000,distense:89.400000,rcs:23.000000
timestame:1619470441.958000000,objid:2,type:0,xpos:0.000000,ypos:0.000000,xspeed:3.890000,yspeed:-0.040000,angle:9.150000,distense:82.600000,rcs:24.000000
