timestame:1619469878.437000000,objid:0,type:0,xpos:0.000000,ypos:0.000000,xspeed:-1.140000,yspeed:-3.920000,angle:-12.690000,distense:41.200000,rcs:13.000000
timestame:1619469878.437000000,objid:3,type:0,xpos:0.000000,ypos:0.000000,xspeed:-3.990000,yspeed:0.020000,angle:-18.000000,distense:29.000000,rcs:15.000000
timestame:1619469878.437000000,objid:10,type:0,xpos:0.000000,ypos:0.000000,xspeed:2.780000,yspeed:-3.670000,angle:-4.490000,distense:43.400000,rcs:24.000000
timestame:1619469878.437000000,objid:11,type:0,xpos:0.000000,ypos:0.000000,xspeed:-5.500000,yspeed:-4.220000,angle:-13.150000,distense:69.600000,rcs:9.000000
