timestame:1619470226.354000000,objid:8,type:0,xpos:0.000000,ypos:0.000000,xspeed:-2.310000,yspeed:-3.690000,angle:-9.910000,distense:42.000000,rcs:20.000000
timestame:1619470226.354000000,objid:9,type:0,xpos:0.000000,ypos:0.000000,xspeed:3.610000,yspeed:-1.630000,angle:21.990000,distense:47.600000,rcs:6.000000
timestame:1619470226.354000000,objid:11,type:0,xpos:0.000000,ypos:0.000000,xspeed:-2.260000,yspeed:7.520000,angle:-9.230000,distense:40.000000,rcs:6.000000
timestame:1619470226.354000000,objid:14,type:0,xpos:0.000000,ypos:0.000000,xspeed:-1.770000,yspeed:7.900000,angle:-5.770000,distense:41.800000,rcs:9.000000
