timestame:1619470950.469000000,objid:2,type:0,xpos:0.000000,ypos:0.000000,xspeed:22.730000,yspeed:0.250000,angle:1.920000,distense:44.600000,rcs:6.000000
timestame:1619470950.469000000,objid:3,type:0,xpos:0.000000,ypos:0.000000,xspeed:1.560000,yspeed:0.120000,angle:1.270000,distense:43.000000,rcs:6.000000
