timestame:1619470700.698000000,objid:1,type:0,xpos:0.000000,ypos:0.000000,xspeed:9.170000,yspeed:0.190000,angle:3.970000,distense:102.800000,rcs:16.000000
timestame:1619470700.698000000,objid:2,type:0,xpos:0.000000,ypos:0.000000,xspeed:-8.970000,yspeed:1.090000,angle:-10.670000,distense:99.400000,rcs:12.000000
