timestame:1619471212.597000000,objid:2,type:0,xpos:0.000000,ypos:0.000000,xspeed:6.250000,yspeed:4.900000,angle:22.400000,distense:28.600000,rcs:21.000000
timestame:1619471212.597000000,objid:3,type:0,xpos:0.000000,ypos:0.000000,xspeed:5.160000,yspeed:2.990000,angle:-16.170000,distense:25.200000,rcs:32.000000
timestame:1619471212.597000000,objid:4,type:0,xpos:0.000000,ypos:0.000000,xspeed:-7.660000,yspeed:-0.230000,angle:-18.000000,distense:37.200000,rcs:16.000000
timestame:1619471212.597000000,objid:5,type:0,xpos:0.000000,ypos:0.000000,xspeed:-6.810000,yspeed:-0.450000,angle:-18.000000,distense:35.200000,rcs:12.000000
