timestame:1619469856.040000000,objid:4,type:0,xpos:0.000000,ypos:0.000000,xspeed:-9.140000,yspeed:3.900000,angle:4.450000,distense:43.000000,rcs:6.000000
timestame:1619469856.040000000,objid:5,type:0,xpos:0.000000,ypos:0.000000,xspeed:-1.560000,yspeed:-2.510000,angle:-7.440000,distense:61.200000,rcs:12.000000
timestame:1619469856.040000000,objid:10,type:0,xpos:0.000000,ypos:0.000000,xspeed:-10.850000,yspeed:-0.040000,angle:-5.030000,distense:129.200000,rcs:9.000000
