timestame:1619470966.480000000,objid:0,type:0,xpos:0.000000,ypos:0.000000,xspeed:4.370000,yspeed:0.060000,angle:5.490000,distense:63.200000,rcs:33.000000
timestame:1619470966.480000000,objid:1,type:0,xpos:0.000000,ypos:0.000000,xspeed:13.330000,yspeed:-0.160000,angle:0.810000,distense:155.800000,rcs:9.000000
timestame:1619470966.480000000,objid:6,type:0,xpos:0.000000,ypos:0.000000,xspeed:11.220000,yspeed:0.400000,angle:1.970000,distense:131.200000,rcs:9.000000
timestame:1619470966.480000000,objid:7,type:0,xpos:0.000000,ypos:0.000000,xspeed:7.050000,yspeed:1.520000,angle:21.530000,distense:21.400000,rcs:25.000000
