timestame:1619470945.687000000,objid:1,type:0,xpos:0.000000,ypos:0.000000,xspeed:-7.530000,yspeed:-0.170000,angle:-18.000000,distense:31.600000,rcs:6.000000
timestame:1619470945.687000000,objid:5,type:0,xpos:0.000000,ypos:0.000000,xspeed:-6.410000,yspeed:-0.420000,angle:-18.000000,distense:39.600000,rcs:12.000000
timestame:1619470945.687000000,objid:7,type:0,xpos:0.000000,ypos:0.000000,xspeed:-6.160000,yspeed:-0.470000,angle:-18.000000,distense:37.200000,rcs:12.000000
