timestame:1619469924.081000000,objid:1,type:0,xpos:0.000000,ypos:0.000000,xspeed:6.110000,yspeed:0.100000,angle:1.380000,distense:154.200000,rcs:15.000000
timestame:1619469924.081000000,objid:8,type:0,xpos:0.000000,ypos:0.000000,xspeed:6.110000,yspeed:0.070000,angle:1.360000,distense:147.200000,rcs:18.000000
