timestame:1619470649.062000000,objid:4,type:0,xpos:0.000000,ypos:0.000000,xspeed:-2.000000,yspeed:-2.760000,angle:-18.000000,distense:39.400000,rcs:15.000000
timestame:1619470649.062000000,objid:9,type:0,xpos:0.000000,ypos:0.000000,xspeed:-1.680000,yspeed:-3.440000,angle:-17.720000,distense:40.400000,rcs:31.000000
timestame:1619470649.062000000,objid:15,type:0,xpos:0.000000,ypos:0.000000,xspeed:-1.480000,yspeed:-6.720000,angle:-5.910000,distense:67.600000,rcs:15.000000
