timestame:1619470946.562000000,objid:1,type:0,xpos:0.000000,ypos:0.000000,xspeed:-7.740000,yspeed:-0.380000,angle:-18.000000,distense:25.600000,rcs:6.000000
timestame:1619470946.562000000,objid:5,type:0,xpos:0.000000,ypos:0.000000,xspeed:-6.620000,yspeed:-0.490000,angle:-18.000000,distense:34.400000,rcs:6.000000
timestame:1619470946.562000000,objid:7,type:0,xpos:0.000000,ypos:0.000000,xspeed:-6.270000,yspeed:-0.270000,angle:-18.000000,distense:32.400000,rcs:6.000000
