timestame:1619470975.737000000,objid:0,type:0,xpos:0.000000,ypos:0.000000,xspeed:6.710000,yspeed:-0.010000,angle:3.300000,distense:118.600000,rcs:22.000000
timestame:1619470975.737000000,objid:3,type:0,xpos:0.000000,ypos:0.000000,xspeed:7.200000,yspeed:0.010000,angle:2.390000,distense:128.600000,rcs:9.000000
timestame:1619470975.737000000,objid:5,type:0,xpos:0.000000,ypos:0.000000,xspeed:-19.050000,yspeed:1.710000,angle:-6.380000,distense:128.800000,rcs:16.000000
timestame:1619470975.737000000,objid:9,type:0,xpos:0.000000,ypos:0.000000,xspeed:1.780000,yspeed:3.760000,angle:-4.830000,distense:45.600000,rcs:6.000000
