timestame:1619470461.093000000,objid:0,type:0,xpos:0.000000,ypos:0.000000,xspeed:-16.270000,yspeed:-1.320000,angle:-7.890000,distense:90.200000,rcs:13.000000
timestame:1619470461.093000000,objid:2,type:0,xpos:0.000000,ypos:0.000000,xspeed:5.900000,yspeed:0.000000,angle:3.240000,distense:181.600000,rcs:13.000000
