timestame:1619470858.958000000,objid:0,type:0,xpos:0.000000,ypos:0.000000,xspeed:6.310000,yspeed:3.720000,angle:-17.440000,distense:36.400000,rcs:15.000000
timestame:1619470858.958000000,objid:1,type:0,xpos:0.000000,ypos:0.000000,xspeed:4.970000,yspeed:1.210000,angle:-12.230000,distense:38.600000,rcs:6.000000
