timestame:1619470706.725000000,objid:0,type:0,xpos:0.000000,ypos:0.000000,xspeed:3.310000,yspeed:1.030000,angle:-18.000000,distense:70.400000,rcs:12.000000
timestame:1619470706.725000000,objid:1,type:0,xpos:0.000000,ypos:0.000000,xspeed:11.910000,yspeed:0.040000,angle:2.230000,distense:172.800000,rcs:9.000000
