timestame:1619471140.463000000,objid:0,type:0,xpos:0.000000,ypos:0.000000,xspeed:-3.870000,yspeed:-0.290000,angle:-18.000000,distense:34.000000,rcs:33.000000
timestame:1619471140.463000000,objid:3,type:0,xpos:0.000000,ypos:0.000000,xspeed:-2.860000,yspeed:-2.940000,angle:-18.000000,distense:33.000000,rcs:9.000000
timestame:1619471140.463000000,objid:4,type:0,xpos:0.000000,ypos:0.000000,xspeed:-4.380000,yspeed:0.000000,angle:-18.000000,distense:54.800000,rcs:9.000000
timestame:1619471140.463000000,objid:7,type:0,xpos:0.000000,ypos:0.000000,xspeed:-4.980000,yspeed:-5.190000,angle:-13.720000,distense:35.600000,rcs:38.000000
