timestame:1619470773.430000000,objid:0,type:0,xpos:0.000000,ypos:0.000000,xspeed:-9.380000,yspeed:-0.090000,angle:-6.920000,distense:121.800000,rcs:16.000000
timestame:1619470773.430000000,objid:2,type:0,xpos:0.000000,ypos:0.000000,xspeed:19.480000,yspeed:0.720000,angle:1.470000,distense:143.200000,rcs:9.000000
