timestame:1619470226.785000000,objid:8,type:0,xpos:0.000000,ypos:0.000000,xspeed:-1.480000,yspeed:-2.590000,angle:-10.290000,distense:42.200000,rcs:29.000000
timestame:1619470226.785000000,objid:11,type:0,xpos:0.000000,ypos:0.000000,xspeed:-10.490000,yspeed:0.000000,angle:-3.310000,distense:197.000000,rcs:9.000000
