timestame:1619470143.207000000,objid:0,type:0,xpos:0.000000,ypos:0.000000,xspeed:4.600000,yspeed:0.150000,angle:19.320000,distense:26.400000,rcs:25.000000
timestame:1619470143.207000000,objid:4,type:0,xpos:0.000000,ypos:0.000000,xspeed:-3.600000,yspeed:1.030000,angle:16.730000,distense:24.000000,rcs:6.000000
