timestame:1619469558.916000000,objid:5,type:0,xpos:0.000000,ypos:0.000000,xspeed:1.190000,yspeed:-1.230000,angle:-12.450000,distense:43.200000,rcs:6.000000
timestame:1619469558.916000000,objid:13,type:0,xpos:0.000000,ypos:0.000000,xspeed:1.560000,yspeed:-7.620000,angle:-17.330000,distense:56.800000,rcs:16.000000
timestame:1619469558.916000000,objid:14,type:0,xpos:0.000000,ypos:0.000000,xspeed:-3.170000,yspeed:10.980000,angle:-11.880000,distense:46.600000,rcs:16.000000
