timestame:1619471363.828000000,objid:2,type:0,xpos:0.000000,ypos:0.000000,xspeed:6.740000,yspeed:-0.180000,angle:4.110000,distense:96.000000,rcs:20.000000
timestame:1619471363.828000000,objid:4,type:0,xpos:0.000000,ypos:0.000000,xspeed:6.530000,yspeed:0.030000,angle:4.920000,distense:89.600000,rcs:20.000000
timestame:1619471363.828000000,objid:7,type:0,xpos:0.000000,ypos:0.000000,xspeed:10.450000,yspeed:0.080000,angle:1.490000,distense:115.000000,rcs:26.000000
