timestame:1619471366.260000000,objid:1,type:0,xpos:0.000000,ypos:0.000000,xspeed:7.400000,yspeed:-0.480000,angle:3.050000,distense:110.400000,rcs:15.000000
timestame:1619471366.260000000,objid:2,type:0,xpos:0.000000,ypos:0.000000,xspeed:7.800000,yspeed:-0.080000,angle:3.290000,distense:115.800000,rcs:15.000000
timestame:1619471366.260000000,objid:7,type:0,xpos:0.000000,ypos:0.000000,xspeed:11.710000,yspeed:0.330000,angle:1.700000,distense:144.800000,rcs:12.000000
