timestame:1619470050.418000000,objid:0,type:0,xpos:0.000000,ypos:0.000000,xspeed:7.000000,yspeed:0.030000,angle:3.580000,distense:108.000000,rcs:6.000000
timestame:1619470050.418000000,objid:5,type:0,xpos:0.000000,ypos:0.000000,xspeed:7.020000,yspeed:0.160000,angle:4.030000,distense:98.400000,rcs:16.000000
