timestame:1619469625.854000000,objid:1,type:0,xpos:0.000000,ypos:0.000000,xspeed:-4.470000,yspeed:-0.080000,angle:-18.000000,distense:46.200000,rcs:25.000000
timestame:1619469625.854000000,objid:2,type:0,xpos:0.000000,ypos:0.000000,xspeed:-4.340000,yspeed:0.100000,angle:-16.550000,distense:59.000000,rcs:29.000000
timestame:1619469625.854000000,objid:4,type:0,xpos:0.000000,ypos:0.000000,xspeed:-12.690000,yspeed:-0.560000,angle:-18.000000,distense:35.400000,rcs:24.000000
timestame:1619469625.854000000,objid:5,type:0,xpos:0.000000,ypos:0.000000,xspeed:-3.180000,yspeed:4.310000,angle:-10.830000,distense:67.800000,rcs:6.000000
