timestame:1619470141.594000000,objid:0,type:0,xpos:0.000000,ypos:0.000000,xspeed:4.950000,yspeed:0.000000,angle:-16.120000,distense:19.000000,rcs:15.000000
timestame:1619470141.594000000,objid:1,type:0,xpos:0.000000,ypos:0.000000,xspeed:1.740000,yspeed:0.360000,angle:15.920000,distense:27.800000,rcs:12.000000
timestame:1619470141.594000000,objid:2,type:0,xpos:0.000000,ypos:0.000000,xspeed:9.250000,yspeed:17.350000,angle:-1.780000,distense:25.800000,rcs:6.000000
timestame:1619470141.594000000,objid:3,type:0,xpos:0.000000,ypos:0.000000,xspeed:8.380000,yspeed:7.700000,angle:-15.490000,distense:41.600000,rcs:6.000000
