timestame:1619471463.856000000,objid:0,type:0,xpos:0.000000,ypos:0.000000,xspeed:-1.910000,yspeed:-12.690000,angle:-11.270000,distense:84.200000,rcs:22.000000
timestame:1619471463.856000000,objid:1,type:0,xpos:0.000000,ypos:0.000000,xspeed:-5.000000,yspeed:-0.530000,angle:-6.250000,distense:109.600000,rcs:18.000000
timestame:1619471463.856000000,objid:3,type:0,xpos:0.000000,ypos:0.000000,xspeed:-6.920000,yspeed:-0.620000,angle:-5.510000,distense:171.800000,rcs:18.000000
