timestame:1619471559.257000000,objid:3,type:0,xpos:0.000000,ypos:0.000000,xspeed:-1.920000,yspeed:1.370000,angle:0.110000,distense:37.800000,rcs:25.000000
timestame:1619471559.257000000,objid:6,type:0,xpos:0.000000,ypos:0.000000,xspeed:16.600000,yspeed:0.000000,angle:-18.000000,distense:36.800000,rcs:23.000000
timestame:1619471559.257000000,objid:7,type:0,xpos:0.000000,ypos:0.000000,xspeed:-2.580000,yspeed:-1.610000,angle:-18.000000,distense:31.600000,rcs:12.000000
timestame:1619471559.257000000,objid:12,type:0,xpos:0.000000,ypos:0.000000,xspeed:2.500000,yspeed:2.330000,angle:-13.310000,distense:37.400000,rcs:22.000000
