timestame:1619470016.605000000,objid:1,type:0,xpos:0.000000,ypos:0.000000,xspeed:-1.010000,yspeed:-2.470000,angle:7.890000,distense:37.600000,rcs:9.000000
timestame:1619470016.605000000,objid:5,type:0,xpos:0.000000,ypos:0.000000,xspeed:-1.210000,yspeed:-1.980000,angle:-18.000000,distense:35.400000,rcs:9.000000
timestame:1619470016.605000000,objid:7,type:0,xpos:0.000000,ypos:0.000000,xspeed:-2.250000,yspeed:-2.950000,angle:-18.000000,distense:30.400000,rcs:13.000000
timestame:1619470016.605000000,objid:14,type:0,xpos:0.000000,ypos:0.000000,xspeed:-1.760000,yspeed:-1.570000,angle:-18.000000,distense:32.600000,rcs:12.000000
