timestame:1619471532.026000000,objid:2,type:0,xpos:0.000000,ypos:0.000000,xspeed:-18.960000,yspeed:-4.020000,angle:9.950000,distense:22.400000,rcs:6.000000
timestame:1619471532.026000000,objid:4,type:0,xpos:0.000000,ypos:0.000000,xspeed:-13.510000,yspeed:1.890000,angle:-2.440000,distense:195.200000,rcs:9.000000
timestame:1619471532.026000000,objid:6,type:0,xpos:0.000000,ypos:0.000000,xspeed:1.320000,yspeed:-1.400000,angle:6.880000,distense:41.400000,rcs:27.000000
