timestame:1619470974.253000000,objid:0,type:0,xpos:0.000000,ypos:0.000000,xspeed:6.340000,yspeed:0.080000,angle:3.690000,distense:108.200000,rcs:12.000000
timestame:1619470974.253000000,objid:2,type:0,xpos:0.000000,ypos:0.000000,xspeed:1.320000,yspeed:3.850000,angle:-2.520000,distense:46.800000,rcs:9.000000
timestame:1619470974.253000000,objid:3,type:0,xpos:0.000000,ypos:0.000000,xspeed:6.950000,yspeed:-0.560000,angle:2.230000,distense:117.600000,rcs:9.000000
timestame:1619470974.253000000,objid:9,type:0,xpos:0.000000,ypos:0.000000,xspeed:2.430000,yspeed:3.080000,angle:-10.410000,distense:40.600000,rcs:18.000000
