timestame:1619469565.415000000,objid:5,type:0,xpos:0.000000,ypos:0.000000,xspeed:-1.420000,yspeed:-0.790000,angle:-9.070000,distense:50.000000,rcs:6.000000
timestame:1619469565.415000000,objid:6,type:0,xpos:0.000000,ypos:0.000000,xspeed:-11.080000,yspeed:0.000000,angle:-3.490000,distense:209.000000,rcs:12.000000
timestame:1619469565.415000000,objid:8,type:0,xpos:0.000000,ypos:0.000000,xspeed:-7.100000,yspeed:0.280000,angle:20.540000,distense:41.000000,rcs:22.000000
