timestame:1619470474.226000000,objid:1,type:0,xpos:0.000000,ypos:0.000000,xspeed:-11.890000,yspeed:-0.570000,angle:-4.690000,distense:144.800000,rcs:15.000000
timestame:1619470474.226000000,objid:2,type:0,xpos:0.000000,ypos:0.000000,xspeed:1.290000,yspeed:-0.810000,angle:14.220000,distense:71.400000,rcs:6.000000
