timestame:1619471149.835000000,objid:1,type:0,xpos:0.000000,ypos:0.000000,xspeed:-1.260000,yspeed:5.980000,angle:-14.970000,distense:41.600000,rcs:6.000000
timestame:1619471149.835000000,objid:3,type:0,xpos:0.000000,ypos:0.000000,xspeed:11.410000,yspeed:-4.960000,angle:-17.070000,distense:48.400000,rcs:13.000000
