timestame:1619469911.372000000,objid:1,type:0,xpos:0.000000,ypos:0.000000,xspeed:4.240000,yspeed:-0.030000,angle:1.830000,distense:81.400000,rcs:13.000000
timestame:1619469911.372000000,objid:2,type:0,xpos:0.000000,ypos:0.000000,xspeed:10.550000,yspeed:0.070000,angle:2.790000,distense:145.800000,rcs:15.000000
timestame:1619469911.372000000,objid:8,type:0,xpos:0.000000,ypos:0.000000,xspeed:4.250000,yspeed:0.130000,angle:2.360000,distense:74.600000,rcs:39.000000
