timestame:1619471308.462000000,objid:0,type:0,xpos:0.000000,ypos:0.000000,xspeed:3.540000,yspeed:1.210000,angle:19.160000,distense:30.400000,rcs:24.000000
timestame:1619471308.462000000,objid:1,type:0,xpos:0.000000,ypos:0.000000,xspeed:4.830000,yspeed:3.060000,angle:22.180000,distense:33.800000,rcs:24.000000
timestame:1619471308.462000000,objid:2,type:0,xpos:0.000000,ypos:0.000000,xspeed:4.280000,yspeed:1.270000,angle:22.430000,distense:29.400000,rcs:35.000000
timestame:1619471308.462000000,objid:3,type:0,xpos:0.000000,ypos:0.000000,xspeed:3.920000,yspeed:2.770000,angle:-17.890000,distense:21.800000,rcs:12.000000
