timestame:1619469926.504000000,objid:1,type:0,xpos:0.000000,ypos:0.000000,xspeed:6.680000,yspeed:0.200000,angle:1.500000,distense:171.200000,rcs:13.000000
timestame:1619469926.504000000,objid:8,type:0,xpos:0.000000,ypos:0.000000,xspeed:6.770000,yspeed:0.100000,angle:1.290000,distense:164.400000,rcs:25.000000
