timestame:1619470703.869000000,objid:0,type:0,xpos:0.000000,ypos:0.000000,xspeed:4.000000,yspeed:2.600000,angle:-17.490000,distense:36.000000,rcs:6.000000
timestame:1619470703.869000000,objid:1,type:0,xpos:0.000000,ypos:0.000000,xspeed:10.870000,yspeed:-0.100000,angle:2.670000,distense:137.800000,rcs:6.000000
timestame:1619470703.869000000,objid:2,type:0,xpos:0.000000,ypos:0.000000,xspeed:-8.030000,yspeed:-0.510000,angle:-16.140000,distense:74.600000,rcs:12.000000
