timestame:1619470146.947000000,objid:0,type:0,xpos:0.000000,ypos:0.000000,xspeed:2.270000,yspeed:2.480000,angle:-14.490000,distense:38.800000,rcs:19.000000
timestame:1619470146.947000000,objid:1,type:0,xpos:0.000000,ypos:0.000000,xspeed:2.620000,yspeed:1.120000,angle:22.880000,distense:24.600000,rcs:26.000000
timestame:1619470146.947000000,objid:2,type:0,xpos:0.000000,ypos:0.000000,xspeed:3.030000,yspeed:1.770000,angle:21.830000,distense:35.400000,rcs:6.000000
