timestame:1619470047.560000000,objid:0,type:0,xpos:0.000000,ypos:0.000000,xspeed:6.680000,yspeed:0.400000,angle:4.630000,distense:88.200000,rcs:15.000000
timestame:1619470047.560000000,objid:3,type:0,xpos:0.000000,ypos:0.000000,xspeed:14.900000,yspeed:0.220000,angle:1.220000,distense:214.400000,rcs:13.000000
timestame:1619470047.560000000,objid:5,type:0,xpos:0.000000,ypos:0.000000,xspeed:6.770000,yspeed:0.120000,angle:4.740000,distense:78.600000,rcs:24.000000
