timestame:1619470779.138000000,objid:0,type:0,xpos:0.000000,ypos:0.000000,xspeed:-1.190000,yspeed:-12.980000,angle:18.170000,distense:43.800000,rcs:33.000000
timestame:1619470779.138000000,objid:4,type:0,xpos:0.000000,ypos:0.000000,xspeed:-1.630000,yspeed:-0.660000,angle:-2.480000,distense:47.200000,rcs:6.000000
timestame:1619470779.138000000,objid:6,type:0,xpos:0.000000,ypos:0.000000,xspeed:-2.040000,yspeed:0.000000,angle:-14.250000,distense:49.800000,rcs:20.000000
timestame:1619470779.138000000,objid:7,type:0,xpos:0.000000,ypos:0.000000,xspeed:-22.440000,yspeed:0.000000,angle:-11.250000,distense:82.800000,rcs:22.000000
