timestame:1619469761.506000000,objid:1,type:0,xpos:0.000000,ypos:0.000000,xspeed:1.290000,yspeed:5.810000,angle:0.440000,distense:48.000000,rcs:6.000000
timestame:1619469761.506000000,objid:3,type:0,xpos:0.000000,ypos:0.000000,xspeed:5.230000,yspeed:0.150000,angle:21.900000,distense:18.200000,rcs:22.000000
timestame:1619469761.506000000,objid:5,type:0,xpos:0.000000,ypos:0.000000,xspeed:-20.530000,yspeed:4.170000,angle:-10.870000,distense:86.200000,rcs:12.000000
timestame:1619469761.506000000,objid:6,type:0,xpos:0.000000,ypos:0.000000,xspeed:4.660000,yspeed:0.000000,angle:-16.880000,distense:14.200000,rcs:6.000000
