timestame:1619469919.183000000,objid:1,type:0,xpos:0.000000,ypos:0.000000,xspeed:5.750000,yspeed:-0.040000,angle:1.330000,distense:125.000000,rcs:18.000000
timestame:1619469919.183000000,objid:8,type:0,xpos:0.000000,ypos:0.000000,xspeed:5.780000,yspeed:0.040000,angle:1.470000,distense:118.200000,rcs:31.000000
