timestame:1619470608.570000000,objid:0,type:0,xpos:0.000000,ypos:0.000000,xspeed:18.590000,yspeed:-1.370000,angle:15.490000,distense:26.200000,rcs:15.000000
timestame:1619470608.570000000,objid:1,type:0,xpos:0.000000,ypos:0.000000,xspeed:1.180000,yspeed:-2.140000,angle:-15.110000,distense:51.200000,rcs:21.000000
timestame:1619470608.570000000,objid:2,type:0,xpos:0.000000,ypos:0.000000,xspeed:6.950000,yspeed:0.160000,angle:21.080000,distense:22.400000,rcs:21.000000
