timestame:1619471368.314000000,objid:1,type:0,xpos:0.000000,ypos:0.000000,xspeed:7.880000,yspeed:0.090000,angle:3.100000,distense:127.000000,rcs:20.000000
timestame:1619471368.314000000,objid:7,type:0,xpos:0.000000,ypos:0.000000,xspeed:11.540000,yspeed:0.140000,angle:1.460000,distense:168.400000,rcs:24.000000
