timestame:1619469919.552000000,objid:1,type:0,xpos:0.000000,ypos:0.000000,xspeed:5.600000,yspeed:-0.090000,angle:1.250000,distense:126.600000,rcs:12.000000
timestame:1619469919.552000000,objid:8,type:0,xpos:0.000000,ypos:0.000000,xspeed:5.790000,yspeed:0.130000,angle:1.550000,distense:120.200000,rcs:22.000000
