timestame:1619470477.277000000,objid:0,type:0,xpos:0.000000,ypos:0.000000,xspeed:-8.720000,yspeed:-0.590000,angle:-5.560000,distense:115.400000,rcs:24.000000
timestame:1619470477.277000000,objid:2,type:0,xpos:0.000000,ypos:0.000000,xspeed:1.260000,yspeed:-0.260000,angle:13.370000,distense:74.600000,rcs:6.000000
