timestame:1619470363.595000000,objid:1,type:0,xpos:0.000000,ypos:0.000000,xspeed:1.860000,yspeed:12.410000,angle:22.260000,distense:41.400000,rcs:13.000000
timestame:1619470363.595000000,objid:2,type:0,xpos:0.000000,ypos:0.000000,xspeed:-5.360000,yspeed:2.100000,angle:17.980000,distense:45.200000,rcs:6.000000
timestame:1619470363.595000000,objid:5,type:0,xpos:0.000000,ypos:0.000000,xspeed:-5.790000,yspeed:10.510000,angle:-14.380000,distense:43.400000,rcs:19.000000
timestame:1619470363.595000000,objid:11,type:0,xpos:0.000000,ypos:0.000000,xspeed:-2.230000,yspeed:5.380000,angle:19.700000,distense:39.200000,rcs:15.000000
