timestame:1619470483.680000000,objid:1,type:0,xpos:0.000000,ypos:0.000000,xspeed:-4.080000,yspeed:-0.320000,angle:-8.510000,distense:84.400000,rcs:22.000000
timestame:1619470483.680000000,objid:2,type:0,xpos:0.000000,ypos:0.000000,xspeed:1.460000,yspeed:1.240000,angle:14.110000,distense:62.000000,rcs:12.000000
timestame:1619470483.680000000,objid:5,type:0,xpos:0.000000,ypos:0.000000,xspeed:7.020000,yspeed:12.440000,angle:-5.600000,distense:64.400000,rcs:6.000000
