timestame:1619471062.691000000,objid:0,type:0,xpos:0.000000,ypos:0.000000,xspeed:-7.350000,yspeed:0.990000,angle:-4.600000,distense:126.200000,rcs:13.000000
timestame:1619471062.691000000,objid:8,type:0,xpos:0.000000,ypos:0.000000,xspeed:-1.230000,yspeed:3.170000,angle:1.880000,distense:34.800000,rcs:13.000000
timestame:1619471062.691000000,objid:9,type:0,xpos:0.000000,ypos:0.000000,xspeed:-1.650000,yspeed:-0.200000,angle:-9.790000,distense:76.000000,rcs:12.000000
