timestame:1619471403.024000000,objid:5,type:0,xpos:0.000000,ypos:0.000000,xspeed:-1.040000,yspeed:5.850000,angle:-0.060000,distense:41.200000,rcs:19.000000
timestame:1619471403.024000000,objid:6,type:0,xpos:0.000000,ypos:0.000000,xspeed:8.180000,yspeed:3.660000,angle:-10.200000,distense:56.400000,rcs:6.000000
timestame:1619471403.024000000,objid:8,type:0,xpos:0.000000,ypos:0.000000,xspeed:5.690000,yspeed:-6.700000,angle:21.400000,distense:107.200000,rcs:6.000000
timestame:1619471403.024000000,objid:11,type:0,xpos:0.000000,ypos:0.000000,xspeed:3.080000,yspeed:1.540000,angle:-7.640000,distense:49.400000,rcs:9.000000
