timestame:1619470104.800000000,objid:1,type:0,xpos:0.000000,ypos:0.000000,xspeed:7.080000,yspeed:9.580000,angle:-14.520000,distense:23.000000,rcs:27.000000
timestame:1619470104.800000000,objid:6,type:0,xpos:0.000000,ypos:0.000000,xspeed:-2.640000,yspeed:-0.040000,angle:16.220000,distense:25.400000,rcs:6.000000
timestame:1619470104.800000000,objid:9,type:0,xpos:0.000000,ypos:0.000000,xspeed:4.120000,yspeed:1.690000,angle:22.480000,distense:23.000000,rcs:24.000000
timestame:1619470104.800000000,objid:11,type:0,xpos:0.000000,ypos:0.000000,xspeed:1.840000,yspeed:0.730000,angle:14.590000,distense:21.000000,rcs:15.000000
