timestame:1619469554.645000000,objid:2,type:0,xpos:0.000000,ypos:0.000000,xspeed:-1.550000,yspeed:3.840000,angle:-18.000000,distense:43.000000,rcs:13.000000
timestame:1619469554.645000000,objid:3,type:0,xpos:0.000000,ypos:0.000000,xspeed:-1.670000,yspeed:4.760000,angle:-18.000000,distense:47.600000,rcs:12.000000
timestame:1619469554.645000000,objid:4,type:0,xpos:0.000000,ypos:0.000000,xspeed:-3.310000,yspeed:7.650000,angle:-14.350000,distense:45.800000,rcs:19.000000
