timestame:1619470276.008000000,objid:1,type:0,xpos:0.000000,ypos:0.000000,xspeed:-10.380000,yspeed:0.030000,angle:-5.020000,distense:103.000000,rcs:9.000000
timestame:1619470276.008000000,objid:2,type:0,xpos:0.000000,ypos:0.000000,xspeed:-1.300000,yspeed:0.510000,angle:-6.500000,distense:91.600000,rcs:12.000000
timestame:1619470276.008000000,objid:11,type:0,xpos:0.000000,ypos:0.000000,xspeed:-1.380000,yspeed:-0.180000,angle:-9.140000,distense:77.200000,rcs:24.000000
timestame:1619470276.008000000,objid:22,type:0,xpos:0.000000,ypos:0.000000,xspeed:-1.340000,yspeed:0.030000,angle:-7.780000,distense:84.200000,rcs:20.000000
