timestame:1619471124.491000000,objid:0,type:0,xpos:0.000000,ypos:0.000000,xspeed:-1.470000,yspeed:3.290000,angle:15.050000,distense:40.600000,rcs:18.000000
timestame:1619471124.491000000,objid:1,type:0,xpos:0.000000,ypos:0.000000,xspeed:-4.720000,yspeed:4.840000,angle:13.850000,distense:39.400000,rcs:18.000000
timestame:1619471124.491000000,objid:2,type:0,xpos:0.000000,ypos:0.000000,xspeed:-1.470000,yspeed:-6.840000,angle:15.900000,distense:39.400000,rcs:22.000000
