timestame:1619469686.765000000,objid:2,type:0,xpos:0.000000,ypos:0.000000,xspeed:-1.910000,yspeed:6.280000,angle:-10.730000,distense:42.800000,rcs:9.000000
timestame:1619469686.765000000,objid:4,type:0,xpos:0.000000,ypos:0.000000,xspeed:-1.870000,yspeed:8.280000,angle:-0.720000,distense:44.800000,rcs:19.000000
timestame:1619469686.765000000,objid:5,type:0,xpos:0.000000,ypos:0.000000,xspeed:2.110000,yspeed:-7.020000,angle:2.640000,distense:50.400000,rcs:9.000000
timestame:1619469686.765000000,objid:6,type:0,xpos:0.000000,ypos:0.000000,xspeed:-2.850000,yspeed:8.080000,angle:-4.160000,distense:40.800000,rcs:25.000000
