timestame:1619470293.406000000,objid:0,type:0,xpos:0.000000,ypos:0.000000,xspeed:1.100000,yspeed:0.050000,angle:5.780000,distense:19.200000,rcs:30.000000
timestame:1619470293.406000000,objid:1,type:0,xpos:0.000000,ypos:0.000000,xspeed:-1.710000,yspeed:-0.410000,angle:4.780000,distense:10.200000,rcs:9.000000
timestame:1619470293.406000000,objid:2,type:0,xpos:0.000000,ypos:0.000000,xspeed:-12.220000,yspeed:-0.590000,angle:-18.000000,distense:32.200000,rcs:15.000000
timestame:1619470293.406000000,objid:5,type:0,xpos:0.000000,ypos:0.000000,xspeed:2.910000,yspeed:0.000000,angle:2.040000,distense:17.000000,rcs:15.000000
