timestame:1619469576.517000000,objid:3,type:0,xpos:0.000000,ypos:0.000000,xspeed:-7.180000,yspeed:-0.060000,angle:-7.360000,distense:117.800000,rcs:15.000000
timestame:1619469576.517000000,objid:5,type:0,xpos:0.000000,ypos:0.000000,xspeed:-6.810000,yspeed:-0.230000,angle:-7.630000,distense:115.000000,rcs:13.000000
