timestame:1619471453.723000000,objid:3,type:0,xpos:0.000000,ypos:0.000000,xspeed:-1.460000,yspeed:-0.150000,angle:-6.850000,distense:99.200000,rcs:6.000000
timestame:1619471453.723000000,objid:11,type:0,xpos:0.000000,ypos:0.000000,xspeed:-1.080000,yspeed:0.040000,angle:-7.620000,distense:92.000000,rcs:9.000000
timestame:1619471453.723000000,objid:13,type:0,xpos:0.000000,ypos:0.000000,xspeed:-3.950000,yspeed:-0.500000,angle:-14.650000,distense:27.600000,rcs:9.000000
