timestame:1619470737.852000000,objid:0,type:0,xpos:0.000000,ypos:0.000000,xspeed:-16.470000,yspeed:-4.640000,angle:-4.920000,distense:150.600000,rcs:12.000000
timestame:1619470737.852000000,objid:1,type:0,xpos:0.000000,ypos:0.000000,xspeed:11.950000,yspeed:-0.100000,angle:1.190000,distense:120.400000,rcs:12.000000
timestame:1619470737.852000000,objid:6,type:0,xpos:0.000000,ypos:0.000000,xspeed:12.120000,yspeed:0.080000,angle:1.460000,distense:110.000000,rcs:34.000000
