timestame:1619471421.495000000,objid:3,type:0,xpos:0.000000,ypos:0.000000,xspeed:-2.440000,yspeed:-2.890000,angle:-18.000000,distense:43.000000,rcs:15.000000
timestame:1619471421.495000000,objid:9,type:0,xpos:0.000000,ypos:0.000000,xspeed:-6.570000,yspeed:0.130000,angle:-4.780000,distense:133.600000,rcs:16.000000
timestame:1619471421.495000000,objid:12,type:0,xpos:0.000000,ypos:0.000000,xspeed:-5.320000,yspeed:-0.160000,angle:-8.370000,distense:107.800000,rcs:22.000000
timestame:1619471421.495000000,objid:13,type:0,xpos:0.000000,ypos:0.000000,xspeed:-1.010000,yspeed:-0.140000,angle:10.570000,distense:75.400000,rcs:12.000000
