timestame:1619470217.367000000,objid:6,type:0,xpos:0.000000,ypos:0.000000,xspeed:-1.710000,yspeed:0.230000,angle:-18.000000,distense:48.000000,rcs:9.000000
timestame:1619470217.367000000,objid:8,type:0,xpos:0.000000,ypos:0.000000,xspeed:-1.310000,yspeed:9.320000,angle:15.150000,distense:40.000000,rcs:30.000000
timestame:1619470217.367000000,objid:14,type:0,xpos:0.000000,ypos:0.000000,xspeed:-2.860000,yspeed:7.460000,angle:-11.130000,distense:45.200000,rcs:25.000000
