timestame:1619470065.139000000,objid:1,type:0,xpos:0.000000,ypos:0.000000,xspeed:-16.260000,yspeed:0.090000,angle:-18.000000,distense:28.400000,rcs:24.000000
timestame:1619470065.139000000,objid:4,type:0,xpos:0.000000,ypos:0.000000,xspeed:-4.400000,yspeed:1.310000,angle:-4.980000,distense:53.400000,rcs:23.000000
timestame:1619470065.139000000,objid:7,type:0,xpos:0.000000,ypos:0.000000,xspeed:-20.470000,yspeed:-0.510000,angle:-18.000000,distense:23.000000,rcs:9.000000
timestame:1619470065.139000000,objid:10,type:0,xpos:0.000000,ypos:0.000000,xspeed:-13.820000,yspeed:-1.860000,angle:-18.000000,distense:50.200000,rcs:12.000000
