timestame:1619471451.122000000,objid:3,type:0,xpos:0.000000,ypos:0.000000,xspeed:-2.360000,yspeed:-0.190000,angle:-6.440000,distense:102.600000,rcs:19.000000
timestame:1619471451.122000000,objid:11,type:0,xpos:0.000000,ypos:0.000000,xspeed:-1.890000,yspeed:0.280000,angle:-7.660000,distense:94.200000,rcs:9.000000
timestame:1619471451.122000000,objid:13,type:0,xpos:0.000000,ypos:0.000000,xspeed:-3.730000,yspeed:-0.160000,angle:20.450000,distense:38.000000,rcs:13.000000
