timestame:1619471001.537000000,objid:0,type:0,xpos:0.000000,ypos:0.000000,xspeed:-17.480000,yspeed:-0.060000,angle:-4.970000,distense:158.000000,rcs:19.000000
timestame:1619471001.537000000,objid:1,type:0,xpos:0.000000,ypos:0.000000,xspeed:-13.050000,yspeed:-5.620000,angle:-5.130000,distense:162.800000,rcs:18.000000
