timestame:1619470332.457000000,objid:0,type:0,xpos:0.000000,ypos:0.000000,xspeed:16.530000,yspeed:-0.250000,angle:0.240000,distense:218.600000,rcs:15.000000
timestame:1619470332.457000000,objid:4,type:0,xpos:0.000000,ypos:0.000000,xspeed:-1.360000,yspeed:1.050000,angle:16.790000,distense:65.200000,rcs:6.000000
