timestame:1619470449.037000000,objid:0,type:0,xpos:0.000000,ypos:0.000000,xspeed:18.900000,yspeed:1.100000,angle:1.430000,distense:220.800000,rcs:9.000000
timestame:1619470449.037000000,objid:1,type:0,xpos:0.000000,ypos:0.000000,xspeed:-5.540000,yspeed:-2.380000,angle:4.650000,distense:170.000000,rcs:6.000000
timestame:1619470449.037000000,objid:2,type:0,xpos:0.000000,ypos:0.000000,xspeed:4.810000,yspeed:-0.230000,angle:5.890000,distense:114.400000,rcs:18.000000
