timestame:1619469573.907000000,objid:3,type:0,xpos:0.000000,ypos:0.000000,xspeed:-8.030000,yspeed:0.000000,angle:-6.280000,distense:135.600000,rcs:12.000000
timestame:1619469573.907000000,objid:4,type:0,xpos:0.000000,ypos:0.000000,xspeed:-7.240000,yspeed:5.150000,angle:-3.490000,distense:142.800000,rcs:9.000000
timestame:1619469573.907000000,objid:5,type:0,xpos:0.000000,ypos:0.000000,xspeed:-7.530000,yspeed:0.280000,angle:-6.290000,distense:132.400000,rcs:13.000000
timestame:1619469573.907000000,objid:8,type:0,xpos:0.000000,ypos:0.000000,xspeed:-2.940000,yspeed:-1.380000,angle:-18.000000,distense:33.200000,rcs:6.000000
