timestame:1619470138.933000000,objid:0,type:0,xpos:0.000000,ypos:0.000000,xspeed:-6.550000,yspeed:-0.100000,angle:13.670000,distense:31.800000,rcs:13.000000
timestame:1619470138.933000000,objid:7,type:0,xpos:0.000000,ypos:0.000000,xspeed:-2.150000,yspeed:-0.200000,angle:-10.510000,distense:73.200000,rcs:6.000000
