timestame:1619471454.478000000,objid:3,type:0,xpos:0.000000,ypos:0.000000,xspeed:-1.390000,yspeed:-0.130000,angle:-6.920000,distense:98.400000,rcs:6.000000
timestame:1619471454.478000000,objid:13,type:0,xpos:0.000000,ypos:0.000000,xspeed:-4.000000,yspeed:-0.450000,angle:-12.290000,distense:25.000000,rcs:6.000000
