timestame:1619471498.485000000,objid:0,type:0,xpos:0.000000,ypos:0.000000,xspeed:7.560000,yspeed:0.050000,angle:1.820000,distense:85.000000,rcs:32.000000
timestame:1619471498.485000000,objid:3,type:0,xpos:0.000000,ypos:0.000000,xspeed:7.380000,yspeed:0.050000,angle:3.550000,distense:114.400000,rcs:22.000000
timestame:1619471498.485000000,objid:5,type:0,xpos:0.000000,ypos:0.000000,xspeed:6.490000,yspeed:-0.060000,angle:1.420000,distense:91.000000,rcs:19.000000
timestame:1619471498.485000000,objid:10,type:0,xpos:0.000000,ypos:0.000000,xspeed:6.870000,yspeed:0.500000,angle:5.960000,distense:74.400000,rcs:20.000000
