timestame:1619470030.154000000,objid:1,type:0,xpos:0.000000,ypos:0.000000,xspeed:5.160000,yspeed:0.470000,angle:2.490000,distense:33.400000,rcs:30.000000
timestame:1619470030.154000000,objid:2,type:0,xpos:0.000000,ypos:0.000000,xspeed:7.030000,yspeed:0.310000,angle:2.400000,distense:53.600000,rcs:31.000000
timestame:1619470030.154000000,objid:4,type:0,xpos:0.000000,ypos:0.000000,xspeed:5.450000,yspeed:-0.280000,angle:2.290000,distense:56.200000,rcs:24.000000
timestame:1619470030.154000000,objid:5,type:0,xpos:0.000000,ypos:0.000000,xspeed:4.860000,yspeed:-1.360000,angle:-18.000000,distense:56.600000,rcs:9.000000
