timestame:1619470840.742000000,objid:3,type:0,xpos:0.000000,ypos:0.000000,xspeed:2.660000,yspeed:2.620000,angle:-11.070000,distense:42.000000,rcs:6.000000
timestame:1619470840.742000000,objid:7,type:0,xpos:0.000000,ypos:0.000000,xspeed:13.440000,yspeed:0.420000,angle:2.390000,distense:214.200000,rcs:21.000000
