timestame:1619471084.658000000,objid:4,type:0,xpos:0.000000,ypos:0.000000,xspeed:4.450000,yspeed:0.140000,angle:1.510000,distense:39.600000,rcs:37.000000
timestame:1619471084.658000000,objid:10,type:0,xpos:0.000000,ypos:0.000000,xspeed:5.900000,yspeed:0.480000,angle:2.400000,distense:56.800000,rcs:6.000000
timestame:1619471084.658000000,objid:11,type:0,xpos:0.000000,ypos:0.000000,xspeed:1.440000,yspeed:0.040000,angle:2.660000,distense:16.400000,rcs:41.000000
