timestame:1619469789.182000000,objid:1,type:0,xpos:0.000000,ypos:0.000000,xspeed:-16.290000,yspeed:-0.560000,angle:-16.260000,distense:58.600000,rcs:25.000000
timestame:1619469789.182000000,objid:4,type:0,xpos:0.000000,ypos:0.000000,xspeed:-16.710000,yspeed:-0.760000,angle:-18.000000,distense:49.600000,rcs:16.000000
