timestame:1619469754.415000000,objid:1,type:0,xpos:0.000000,ypos:0.000000,xspeed:4.750000,yspeed:3.580000,angle:-14.260000,distense:45.600000,rcs:6.000000
timestame:1619469754.415000000,objid:3,type:0,xpos:0.000000,ypos:0.000000,xspeed:5.360000,yspeed:-2.330000,angle:-15.620000,distense:21.200000,rcs:30.000000
timestame:1619469754.415000000,objid:4,type:0,xpos:0.000000,ypos:0.000000,xspeed:-13.240000,yspeed:-0.670000,angle:1.160000,distense:12.800000,rcs:6.000000
timestame:1619469754.415000000,objid:5,type:0,xpos:0.000000,ypos:0.000000,xspeed:6.010000,yspeed:3.470000,angle:21.140000,distense:23.600000,rcs:20.000000
