timestame:1619470080.972000000,objid:0,type:0,xpos:0.000000,ypos:0.000000,xspeed:1.070000,yspeed:-5.170000,angle:11.080000,distense:49.000000,rcs:12.000000
timestame:1619470080.972000000,objid:4,type:0,xpos:0.000000,ypos:0.000000,xspeed:1.090000,yspeed:-10.310000,angle:7.840000,distense:48.800000,rcs:30.000000
