timestame:1619470122.305000000,objid:1,type:0,xpos:0.000000,ypos:0.000000,xspeed:8.610000,yspeed:1.960000,angle:18.240000,distense:33.400000,rcs:22.000000
timestame:1619470122.305000000,objid:4,type:0,xpos:0.000000,ypos:0.000000,xspeed:3.310000,yspeed:0.810000,angle:-15.420000,distense:20.800000,rcs:30.000000
timestame:1619470122.305000000,objid:6,type:0,xpos:0.000000,ypos:0.000000,xspeed:5.430000,yspeed:1.250000,angle:20.620000,distense:25.600000,rcs:34.000000
timestame:1619470122.305000000,objid:8,type:0,xpos:0.000000,ypos:0.000000,xspeed:4.000000,yspeed:1.480000,angle:-16.900000,distense:27.600000,rcs:37.000000
