timestame:1619470493.824000000,objid:2,type:0,xpos:0.000000,ypos:0.000000,xspeed:1.160000,yspeed:-5.250000,angle:10.530000,distense:56.400000,rcs:19.000000
timestame:1619470493.824000000,objid:3,type:0,xpos:0.000000,ypos:0.000000,xspeed:1.420000,yspeed:-3.900000,angle:5.450000,distense:45.600000,rcs:30.000000
