timestame:1619470473.112000000,objid:0,type:0,xpos:0.000000,ypos:0.000000,xspeed:-1.020000,yspeed:0.580000,angle:20.160000,distense:66.400000,rcs:6.000000
timestame:1619470473.112000000,objid:1,type:0,xpos:0.000000,ypos:0.000000,xspeed:-11.620000,yspeed:0.320000,angle:-3.800000,distense:158.200000,rcs:6.000000
timestame:1619470473.112000000,objid:2,type:0,xpos:0.000000,ypos:0.000000,xspeed:4.180000,yspeed:-6.120000,angle:13.760000,distense:71.000000,rcs:9.000000
