timestame:1619470595.533000000,objid:1,type:0,xpos:0.000000,ypos:0.000000,xspeed:7.000000,yspeed:1.260000,angle:-17.560000,distense:29.400000,rcs:24.000000
timestame:1619470595.533000000,objid:5,type:0,xpos:0.000000,ypos:0.000000,xspeed:6.300000,yspeed:3.020000,angle:-16.020000,distense:40.600000,rcs:25.000000
timestame:1619470595.533000000,objid:6,type:0,xpos:0.000000,ypos:0.000000,xspeed:5.740000,yspeed:2.690000,angle:21.900000,distense:39.000000,rcs:6.000000
