timestame:1619469624.988000000,objid:1,type:0,xpos:0.000000,ypos:0.000000,xspeed:-4.470000,yspeed:-0.210000,angle:-18.000000,distense:50.000000,rcs:21.000000
timestame:1619469624.988000000,objid:2,type:0,xpos:0.000000,ypos:0.000000,xspeed:-4.430000,yspeed:-0.070000,angle:-15.920000,distense:62.600000,rcs:21.000000
timestame:1619469624.988000000,objid:4,type:0,xpos:0.000000,ypos:0.000000,xspeed:-13.100000,yspeed:-0.400000,angle:-16.130000,distense:45.400000,rcs:19.000000
timestame:1619469624.988000000,objid:5,type:0,xpos:0.000000,ypos:0.000000,xspeed:9.480000,yspeed:2.880000,angle:-12.620000,distense:73.000000,rcs:12.000000
