timestame:1619470609.132000000,objid:0,type:0,xpos:0.000000,ypos:0.000000,xspeed:18.590000,yspeed:-1.370000,angle:10.070000,distense:35.800000,rcs:15.000000
timestame:1619470609.132000000,objid:2,type:0,xpos:0.000000,ypos:0.000000,xspeed:7.560000,yspeed:0.340000,angle:17.980000,distense:26.600000,rcs:15.000000
