timestame:1619469530.978000000,objid:1,type:0,xpos:0.000000,ypos:0.000000,xspeed:1.940000,yspeed:-4.460000,angle:-18.000000,distense:74.600000,rcs:13.000000
timestame:1619469530.978000000,objid:3,type:0,xpos:0.000000,ypos:0.000000,xspeed:-1.140000,yspeed:-1.750000,angle:-1.820000,distense:11.600000,rcs:34.000000
timestame:1619469530.978000000,objid:7,type:0,xpos:0.000000,ypos:0.000000,xspeed:16.640000,yspeed:2.310000,angle:1.960000,distense:20.200000,rcs:44.000000
