timestame:1619469911.495000000,objid:1,type:0,xpos:0.000000,ypos:0.000000,xspeed:4.280000,yspeed:-0.060000,angle:1.770000,distense:82.200000,rcs:18.000000
timestame:1619469911.495000000,objid:2,type:0,xpos:0.000000,ypos:0.000000,xspeed:10.680000,yspeed:0.100000,angle:2.790000,distense:147.800000,rcs:12.000000
timestame:1619469911.495000000,objid:8,type:0,xpos:0.000000,ypos:0.000000,xspeed:4.300000,yspeed:0.110000,angle:2.320000,distense:75.600000,rcs:40.000000
