timestame:1619471446.951000000,objid:3,type:0,xpos:0.000000,ypos:0.000000,xspeed:-3.360000,yspeed:-0.030000,angle:-5.510000,distense:113.400000,rcs:15.000000
timestame:1619471446.951000000,objid:11,type:0,xpos:0.000000,ypos:0.000000,xspeed:-3.220000,yspeed:-0.660000,angle:-7.320000,distense:102.600000,rcs:19.000000
timestame:1619471446.951000000,objid:13,type:0,xpos:0.000000,ypos:0.000000,xspeed:-2.670000,yspeed:0.020000,angle:14.670000,distense:53.000000,rcs:12.000000
