timestame:1619470083.145000000,objid:4,type:0,xpos:0.000000,ypos:0.000000,xspeed:2.230000,yspeed:-9.100000,angle:-13.340000,distense:55.000000,rcs:19.000000
timestame:1619470083.145000000,objid:5,type:0,xpos:0.000000,ypos:0.000000,xspeed:2.400000,yspeed:-8.660000,angle:-10.240000,distense:54.000000,rcs:18.000000
