timestame:1619470138.439000000,objid:0,type:0,xpos:0.000000,ypos:0.000000,xspeed:-7.240000,yspeed:-0.860000,angle:12.050000,distense:34.200000,rcs:18.000000
timestame:1619470138.439000000,objid:7,type:0,xpos:0.000000,ypos:0.000000,xspeed:-2.290000,yspeed:-0.340000,angle:-10.510000,distense:74.000000,rcs:6.000000
