timestame:1619470488.593000000,objid:5,type:0,xpos:0.000000,ypos:0.000000,xspeed:-4.430000,yspeed:-3.170000,angle:-18.000000,distense:31.200000,rcs:6.000000
timestame:1619470488.593000000,objid:6,type:0,xpos:0.000000,ypos:0.000000,xspeed:-2.250000,yspeed:-3.910000,angle:-18.000000,distense:36.800000,rcs:6.000000
