timestame:1619470746.848000000,objid:0,type:0,xpos:0.000000,ypos:0.000000,xspeed:-2.060000,yspeed:-0.620000,angle:-9.610000,distense:81.400000,rcs:6.000000
timestame:1619470746.848000000,objid:2,type:0,xpos:0.000000,ypos:0.000000,xspeed:1.010000,yspeed:-1.160000,angle:19.650000,distense:47.800000,rcs:22.000000
timestame:1619470746.848000000,objid:6,type:0,xpos:0.000000,ypos:0.000000,xspeed:12.530000,yspeed:0.490000,angle:1.470000,distense:223.200000,rcs:13.000000
