timestame:1619469580.757000000,objid:1,type:0,xpos:0.000000,ypos:0.000000,xspeed:-5.820000,yspeed:-0.330000,angle:-8.590000,distense:103.200000,rcs:9.000000
timestame:1619469580.757000000,objid:5,type:0,xpos:0.000000,ypos:0.000000,xspeed:-5.830000,yspeed:-0.170000,angle:-10.260000,distense:90.200000,rcs:21.000000
