timestame:1619470216.245000000,objid:7,type:0,xpos:0.000000,ypos:0.000000,xspeed:-2.430000,yspeed:6.580000,angle:-2.080000,distense:41.400000,rcs:6.000000
timestame:1619470216.245000000,objid:13,type:0,xpos:0.000000,ypos:0.000000,xspeed:-5.250000,yspeed:0.000000,angle:-18.000000,distense:51.200000,rcs:12.000000
