timestame:1619470459.845000000,objid:0,type:0,xpos:0.000000,ypos:0.000000,xspeed:-17.780000,yspeed:-6.280000,angle:-6.700000,distense:110.200000,rcs:9.000000
timestame:1619470459.845000000,objid:2,type:0,xpos:0.000000,ypos:0.000000,xspeed:5.780000,yspeed:-0.100000,angle:3.320000,distense:174.000000,rcs:12.000000
