timestame:1619471251.214000000,objid:1,type:0,xpos:0.000000,ypos:0.000000,xspeed:1.650000,yspeed:2.870000,angle:-0.210000,distense:74.800000,rcs:15.000000
timestame:1619471251.214000000,objid:3,type:0,xpos:0.000000,ypos:0.000000,xspeed:-17.570000,yspeed:-1.850000,angle:-5.130000,distense:162.400000,rcs:12.000000
