timestame:1619469578.937000000,objid:1,type:0,xpos:0.000000,ypos:0.000000,xspeed:-6.600000,yspeed:-1.070000,angle:-8.010000,distense:113.000000,rcs:12.000000
timestame:1619469578.937000000,objid:3,type:0,xpos:0.000000,ypos:0.000000,xspeed:-6.230000,yspeed:-0.170000,angle:-8.780000,distense:103.400000,rcs:16.000000
timestame:1619469578.937000000,objid:5,type:0,xpos:0.000000,ypos:0.000000,xspeed:-6.340000,yspeed:-0.340000,angle:-9.270000,distense:100.000000,rcs:12.000000
