timestame:1619470477.400000000,objid:0,type:0,xpos:0.000000,ypos:0.000000,xspeed:-8.590000,yspeed:-0.660000,angle:-5.660000,distense:114.400000,rcs:24.000000
timestame:1619470477.400000000,objid:2,type:0,xpos:0.000000,ypos:0.000000,xspeed:1.300000,yspeed:-0.310000,angle:13.230000,distense:74.800000,rcs:9.000000
