timestame:1619471089.693000000,objid:0,type:0,xpos:0.000000,ypos:0.000000,xspeed:10.170000,yspeed:0.450000,angle:1.910000,distense:90.000000,rcs:21.000000
timestame:1619471089.693000000,objid:1,type:0,xpos:0.000000,ypos:0.000000,xspeed:9.630000,yspeed:0.560000,angle:7.030000,distense:41.800000,rcs:27.000000
timestame:1619471089.693000000,objid:2,type:0,xpos:0.000000,ypos:0.000000,xspeed:5.050000,yspeed:0.000000,angle:1.950000,distense:39.200000,rcs:46.000000
timestame:1619471089.693000000,objid:4,type:0,xpos:0.000000,ypos:0.000000,xspeed:-21.920000,yspeed:-0.990000,angle:-14.550000,distense:56.800000,rcs:18.000000
