timestame:1619470942.832000000,objid:1,type:0,xpos:0.000000,ypos:0.000000,xspeed:-5.250000,yspeed:1.130000,angle:-14.360000,distense:52.600000,rcs:12.000000
timestame:1619470942.832000000,objid:5,type:0,xpos:0.000000,ypos:0.000000,xspeed:-6.170000,yspeed:-0.810000,angle:-18.000000,distense:55.800000,rcs:24.000000
timestame:1619470942.832000000,objid:7,type:0,xpos:0.000000,ypos:0.000000,xspeed:-7.160000,yspeed:-0.060000,angle:-18.000000,distense:51.400000,rcs:20.000000
