timestame:1619471231.737000000,objid:0,type:0,xpos:0.000000,ypos:0.000000,xspeed:6.840000,yspeed:-0.070000,angle:1.740000,distense:107.400000,rcs:6.000000
timestame:1619471231.737000000,objid:1,type:0,xpos:0.000000,ypos:0.000000,xspeed:2.780000,yspeed:-5.470000,angle:-18.000000,distense:71.600000,rcs:6.000000
timestame:1619471231.737000000,objid:9,type:0,xpos:0.000000,ypos:0.000000,xspeed:6.850000,yspeed:-0.050000,angle:1.640000,distense:98.800000,rcs:36.000000
