timestame:1619470190.666000000,objid:1,type:0,xpos:0.000000,ypos:0.000000,xspeed:1.660000,yspeed:8.710000,angle:5.880000,distense:134.000000,rcs:24.000000
timestame:1619470190.666000000,objid:2,type:0,xpos:0.000000,ypos:0.000000,xspeed:-5.850000,yspeed:3.890000,angle:0.540000,distense:47.200000,rcs:34.000000
timestame:1619470190.666000000,objid:7,type:0,xpos:0.000000,ypos:0.000000,xspeed:3.510000,yspeed:0.480000,angle:6.130000,distense:140.200000,rcs:12.000000
