timestame:1619470748.407000000,objid:4,type:0,xpos:0.000000,ypos:0.000000,xspeed:-7.130000,yspeed:-0.060000,angle:-18.000000,distense:37.400000,rcs:9.000000
timestame:1619470748.407000000,objid:5,type:0,xpos:0.000000,ypos:0.000000,xspeed:-29.830000,yspeed:-4.090000,angle:12.150000,distense:34.000000,rcs:9.000000
