timestame:1619470926.690000000,objid:3,type:0,xpos:0.000000,ypos:0.000000,xspeed:-9.030000,yspeed:-0.460000,angle:-8.300000,distense:107.000000,rcs:22.000000
timestame:1619470926.690000000,objid:4,type:0,xpos:0.000000,ypos:0.000000,xspeed:1.840000,yspeed:-3.030000,angle:7.860000,distense:14.200000,rcs:28.000000
