timestame:1619470838.458000000,objid:2,type:0,xpos:0.000000,ypos:0.000000,xspeed:4.160000,yspeed:2.270000,angle:-17.800000,distense:35.000000,rcs:16.000000
timestame:1619470838.458000000,objid:3,type:0,xpos:0.000000,ypos:0.000000,xspeed:2.510000,yspeed:1.550000,angle:-14.560000,distense:33.200000,rcs:23.000000
timestame:1619470838.458000000,objid:4,type:0,xpos:0.000000,ypos:0.000000,xspeed:1.140000,yspeed:5.610000,angle:-3.320000,distense:45.000000,rcs:12.000000
timestame:1619470838.458000000,objid:7,type:0,xpos:0.000000,ypos:0.000000,xspeed:13.030000,yspeed:0.450000,angle:2.560000,distense:183.400000,rcs:24.000000
