timestame:1619469856.850000000,objid:0,type:0,xpos:0.000000,ypos:0.000000,xspeed:-1.700000,yspeed:-1.530000,angle:-7.100000,distense:43.400000,rcs:35.000000
timestame:1619469856.850000000,objid:3,type:0,xpos:0.000000,ypos:0.000000,xspeed:-1.110000,yspeed:-3.020000,angle:-15.670000,distense:43.000000,rcs:30.000000
timestame:1619469856.850000000,objid:5,type:0,xpos:0.000000,ypos:0.000000,xspeed:-1.550000,yspeed:-1.340000,angle:-7.950000,distense:60.000000,rcs:9.000000
timestame:1619469856.850000000,objid:10,type:0,xpos:0.000000,ypos:0.000000,xspeed:-10.460000,yspeed:-0.120000,angle:-5.440000,distense:121.600000,rcs:9.000000
