timestame:1619470946.809000000,objid:5,type:0,xpos:0.000000,ypos:0.000000,xspeed:-6.650000,yspeed:-0.560000,angle:-18.000000,distense:33.200000,rcs:6.000000
timestame:1619470946.809000000,objid:7,type:0,xpos:0.000000,ypos:0.000000,xspeed:-6.260000,yspeed:-0.300000,angle:-18.000000,distense:31.200000,rcs:6.000000
