timestame:1619471211.972000000,objid:4,type:0,xpos:0.000000,ypos:0.000000,xspeed:-8.550000,yspeed:0.230000,angle:-18.000000,distense:40.600000,rcs:20.000000
timestame:1619471211.972000000,objid:5,type:0,xpos:0.000000,ypos:0.000000,xspeed:-6.750000,yspeed:-0.250000,angle:-18.000000,distense:38.800000,rcs:18.000000
timestame:1619471211.972000000,objid:6,type:0,xpos:0.000000,ypos:0.000000,xspeed:21.220000,yspeed:-3.980000,angle:13.900000,distense:27.800000,rcs:12.000000
