timestame:1619470488.655000000,objid:1,type:0,xpos:0.000000,ypos:0.000000,xspeed:-1.750000,yspeed:0.000000,angle:-18.000000,distense:40.800000,rcs:12.000000
timestame:1619470488.655000000,objid:5,type:0,xpos:0.000000,ypos:0.000000,xspeed:-4.410000,yspeed:-3.030000,angle:-18.000000,distense:31.000000,rcs:6.000000
timestame:1619470488.655000000,objid:6,type:0,xpos:0.000000,ypos:0.000000,xspeed:-2.300000,yspeed:-3.920000,angle:-18.000000,distense:36.600000,rcs:13.000000
