timestame:1619471498.670000000,objid:0,type:0,xpos:0.000000,ypos:0.000000,xspeed:7.600000,yspeed:0.040000,angle:1.780000,distense:86.400000,rcs:30.000000
timestame:1619471498.670000000,objid:3,type:0,xpos:0.000000,ypos:0.000000,xspeed:7.460000,yspeed:-0.010000,angle:3.440000,distense:115.800000,rcs:20.000000
timestame:1619471498.670000000,objid:5,type:0,xpos:0.000000,ypos:0.000000,xspeed:6.490000,yspeed:-0.060000,angle:1.400000,distense:92.200000,rcs:19.000000
timestame:1619471498.670000000,objid:10,type:0,xpos:0.000000,ypos:0.000000,xspeed:7.000000,yspeed:0.440000,angle:5.820000,distense:75.800000,rcs:21.000000
