timestame:1619469631.756000000,objid:2,type:0,xpos:0.000000,ypos:0.000000,xspeed:-6.320000,yspeed:-0.460000,angle:-18.000000,distense:29.200000,rcs:6.000000
timestame:1619469631.756000000,objid:6,type:0,xpos:0.000000,ypos:0.000000,xspeed:-9.780000,yspeed:-0.170000,angle:-6.930000,distense:69.400000,rcs:22.000000
timestame:1619469631.756000000,objid:7,type:0,xpos:0.000000,ypos:0.000000,xspeed:-6.830000,yspeed:-0.490000,angle:-18.000000,distense:32.400000,rcs:13.000000
