timestame:1619470682.665000000,objid:0,type:0,xpos:0.000000,ypos:0.000000,xspeed:-3.340000,yspeed:0.120000,angle:-15.600000,distense:61.400000,rcs:22.000000
timestame:1619470682.665000000,objid:2,type:0,xpos:0.000000,ypos:0.000000,xspeed:-2.060000,yspeed:-0.230000,angle:-12.480000,distense:72.600000,rcs:16.000000
timestame:1619470682.665000000,objid:4,type:0,xpos:0.000000,ypos:0.000000,xspeed:-9.260000,yspeed:-2.380000,angle:-18.000000,distense:57.800000,rcs:13.000000
timestame:1619470682.665000000,objid:7,type:0,xpos:0.000000,ypos:0.000000,xspeed:-6.550000,yspeed:0.210000,angle:-12.640000,distense:71.400000,rcs:22.000000
