timestame:1619470649.437000000,objid:4,type:0,xpos:0.000000,ypos:0.000000,xspeed:-2.190000,yspeed:-2.590000,angle:-18.000000,distense:38.600000,rcs:18.000000
timestame:1619470649.437000000,objid:8,type:0,xpos:0.000000,ypos:0.000000,xspeed:-1.420000,yspeed:-6.190000,angle:-13.370000,distense:41.600000,rcs:23.000000
timestame:1619470649.437000000,objid:9,type:0,xpos:0.000000,ypos:0.000000,xspeed:-1.730000,yspeed:-3.390000,angle:-18.000000,distense:40.000000,rcs:16.000000
