timestame:1619470801.240000000,objid:2,type:0,xpos:0.000000,ypos:0.000000,xspeed:-8.160000,yspeed:-0.870000,angle:-10.500000,distense:28.800000,rcs:6.000000
timestame:1619470801.240000000,objid:3,type:0,xpos:0.000000,ypos:0.000000,xspeed:-1.160000,yspeed:-2.860000,angle:-18.000000,distense:40.000000,rcs:26.000000
timestame:1619470801.240000000,objid:4,type:0,xpos:0.000000,ypos:0.000000,xspeed:-1.900000,yspeed:-4.010000,angle:-14.300000,distense:42.800000,rcs:27.000000
timestame:1619470801.240000000,objid:15,type:0,xpos:0.000000,ypos:0.000000,xspeed:-1.450000,yspeed:-1.590000,angle:-18.000000,distense:36.600000,rcs:6.000000
