timestame:1619470295.514000000,objid:0,type:0,xpos:0.000000,ypos:0.000000,xspeed:2.430000,yspeed:0.100000,angle:5.060000,distense:25.400000,rcs:16.000000
timestame:1619470295.514000000,objid:2,type:0,xpos:0.000000,ypos:0.000000,xspeed:6.810000,yspeed:-0.180000,angle:1.820000,distense:35.200000,rcs:15.000000
timestame:1619470295.514000000,objid:3,type:0,xpos:0.000000,ypos:0.000000,xspeed:2.540000,yspeed:0.000000,angle:3.710000,distense:14.400000,rcs:40.000000
timestame:1619470295.514000000,objid:5,type:0,xpos:0.000000,ypos:0.000000,xspeed:3.590000,yspeed:0.340000,angle:2.700000,distense:24.400000,rcs:28.000000
