timestame:1619469526.322000000,objid:2,type:0,xpos:0.000000,ypos:0.000000,xspeed:2.980000,yspeed:-2.860000,angle:-15.430000,distense:57.800000,rcs:27.000000
timestame:1619469526.322000000,objid:3,type:0,xpos:0.000000,ypos:0.000000,xspeed:-1.150000,yspeed:0.100000,angle:-18.000000,distense:61.600000,rcs:23.000000
timestame:1619469526.322000000,objid:7,type:0,xpos:0.000000,ypos:0.000000,xspeed:4.440000,yspeed:-1.140000,angle:-7.710000,distense:60.400000,rcs:6.000000
timestame:1619469526.322000000,objid:11,type:0,xpos:0.000000,ypos:0.000000,xspeed:1.860000,yspeed:-4.870000,angle:-18.000000,distense:68.400000,rcs:12.000000
