timestame:1619470830.471000000,objid:1,type:0,xpos:0.000000,ypos:0.000000,xspeed:8.650000,yspeed:0.070000,angle:3.320000,distense:97.800000,rcs:16.000000
timestame:1619470830.471000000,objid:2,type:0,xpos:0.000000,ypos:0.000000,xspeed:6.910000,yspeed:-0.080000,angle:3.200000,distense:102.800000,rcs:20.000000
timestame:1619470830.471000000,objid:3,type:0,xpos:0.000000,ypos:0.000000,xspeed:8.360000,yspeed:0.220000,angle:4.310000,distense:91.000000,rcs:22.000000
timestame:1619470830.471000000,objid:6,type:0,xpos:0.000000,ypos:0.000000,xspeed:10.910000,yspeed:-0.030000,angle:1.460000,distense:125.200000,rcs:20.000000
