timestame:1619469755.914000000,objid:3,type:0,xpos:0.000000,ypos:0.000000,xspeed:6.240000,yspeed:1.580000,angle:21.750000,distense:30.800000,rcs:40.000000
timestame:1619469755.914000000,objid:4,type:0,xpos:0.000000,ypos:0.000000,xspeed:-9.590000,yspeed:8.200000,angle:-15.230000,distense:18.200000,rcs:15.000000
timestame:1619469755.914000000,objid:5,type:0,xpos:0.000000,ypos:0.000000,xspeed:5.810000,yspeed:0.840000,angle:17.830000,distense:32.400000,rcs:19.000000
timestame:1619469755.914000000,objid:6,type:0,xpos:0.000000,ypos:0.000000,xspeed:-1.350000,yspeed:4.470000,angle:-2.340000,distense:18.200000,rcs:6.000000
