timestame:1619470510.983000000,objid:1,type:0,xpos:0.000000,ypos:0.000000,xspeed:-7.660000,yspeed:1.980000,angle:6.380000,distense:43.400000,rcs:41.000000
timestame:1619470510.983000000,objid:8,type:0,xpos:0.000000,ypos:0.000000,xspeed:-4.710000,yspeed:-2.670000,angle:6.220000,distense:71.600000,rcs:24.000000
timestame:1619470510.983000000,objid:10,type:0,xpos:0.000000,ypos:0.000000,xspeed:3.580000,yspeed:-0.330000,angle:-0.140000,distense:14.400000,rcs:23.000000
timestame:1619470510.983000000,objid:11,type:0,xpos:0.000000,ypos:0.000000,xspeed:-1.170000,yspeed:6.340000,angle:-14.650000,distense:40.000000,rcs:12.000000
