timestame:1619470841.802000000,objid:0,type:0,xpos:0.000000,ypos:0.000000,xspeed:1.100000,yspeed:2.820000,angle:-3.870000,distense:43.400000,rcs:6.000000
timestame:1619470841.802000000,objid:3,type:0,xpos:0.000000,ypos:0.000000,xspeed:2.430000,yspeed:2.750000,angle:-9.340000,distense:45.400000,rcs:6.000000
