timestame:1619470332.704000000,objid:0,type:0,xpos:0.000000,ypos:0.000000,xspeed:16.530000,yspeed:-0.250000,angle:0.220000,distense:222.600000,rcs:15.000000
timestame:1619470332.704000000,objid:4,type:0,xpos:0.000000,ypos:0.000000,xspeed:-1.330000,yspeed:1.010000,angle:17.010000,distense:65.000000,rcs:12.000000
