timestame:1619469821.675000000,objid:1,type:0,xpos:0.000000,ypos:0.000000,xspeed:1.130000,yspeed:-6.900000,angle:-18.000000,distense:64.200000,rcs:20.000000
timestame:1619469821.675000000,objid:2,type:0,xpos:0.000000,ypos:0.000000,xspeed:-1.170000,yspeed:0.000000,angle:-4.650000,distense:42.600000,rcs:41.000000
timestame:1619469821.675000000,objid:4,type:0,xpos:0.000000,ypos:0.000000,xspeed:-1.840000,yspeed:9.670000,angle:-15.210000,distense:41.200000,rcs:6.000000
timestame:1619469821.675000000,objid:11,type:0,xpos:0.000000,ypos:0.000000,xspeed:-5.140000,yspeed:-0.240000,angle:-6.130000,distense:140.400000,rcs:12.000000
