timestame:1619469974.839000000,objid:6,type:0,xpos:0.000000,ypos:0.000000,xspeed:-1.080000,yspeed:-2.040000,angle:-15.060000,distense:36.200000,rcs:31.000000
timestame:1619469974.839000000,objid:7,type:0,xpos:0.000000,ypos:0.000000,xspeed:-1.950000,yspeed:-4.150000,angle:-15.570000,distense:38.000000,rcs:36.000000
timestame:1619469974.839000000,objid:14,type:0,xpos:0.000000,ypos:0.000000,xspeed:-2.120000,yspeed:-2.320000,angle:-18.000000,distense:32.000000,rcs:13.000000
timestame:1619469974.839000000,objid:16,type:0,xpos:0.000000,ypos:0.000000,xspeed:2.790000,yspeed:-20.480000,angle:-18.000000,distense:69.200000,rcs:6.000000
