timestame:1619470660.402000000,objid:0,type:0,xpos:0.000000,ypos:0.000000,xspeed:-1.630000,yspeed:-1.860000,angle:-9.360000,distense:100.400000,rcs:12.000000
timestame:1619470660.402000000,objid:1,type:0,xpos:0.000000,ypos:0.000000,xspeed:-15.160000,yspeed:0.000000,angle:-6.580000,distense:33.400000,rcs:16.000000
timestame:1619470660.402000000,objid:2,type:0,xpos:0.000000,ypos:0.000000,xspeed:3.820000,yspeed:3.030000,angle:-14.880000,distense:40.000000,rcs:12.000000
timestame:1619470660.402000000,objid:3,type:0,xpos:0.000000,ypos:0.000000,xspeed:-2.110000,yspeed:-0.120000,angle:-7.330000,distense:110.800000,rcs:15.000000
