timestame:1619469606.222000000,objid:1,type:0,xpos:0.000000,ypos:0.000000,xspeed:-1.280000,yspeed:0.450000,angle:-9.680000,distense:91.200000,rcs:12.000000
timestame:1619469606.222000000,objid:3,type:0,xpos:0.000000,ypos:0.000000,xspeed:-3.540000,yspeed:-0.300000,angle:-10.060000,distense:93.400000,rcs:15.000000
