timestame:1619471306.160000000,objid:0,type:0,xpos:0.000000,ypos:0.000000,xspeed:2.620000,yspeed:0.860000,angle:21.240000,distense:21.400000,rcs:9.000000
timestame:1619471306.160000000,objid:1,type:0,xpos:0.000000,ypos:0.000000,xspeed:-6.280000,yspeed:3.050000,angle:-18.000000,distense:34.000000,rcs:12.000000
timestame:1619471306.160000000,objid:2,type:0,xpos:0.000000,ypos:0.000000,xspeed:3.920000,yspeed:-2.540000,angle:-13.990000,distense:19.200000,rcs:9.000000
