timestame:1619470983.523000000,objid:0,type:0,xpos:0.000000,ypos:0.000000,xspeed:8.300000,yspeed:0.270000,angle:2.350000,distense:179.600000,rcs:26.000000
timestame:1619470983.523000000,objid:1,type:0,xpos:0.000000,ypos:0.000000,xspeed:-15.420000,yspeed:-0.230000,angle:-7.240000,distense:89.800000,rcs:24.000000
timestame:1619470983.523000000,objid:3,type:0,xpos:0.000000,ypos:0.000000,xspeed:3.760000,yspeed:-2.780000,angle:11.970000,distense:69.600000,rcs:16.000000
