timestame:1619470025.194000000,objid:2,type:0,xpos:0.000000,ypos:0.000000,xspeed:-2.760000,yspeed:-2.240000,angle:-18.000000,distense:31.200000,rcs:15.000000
timestame:1619470025.194000000,objid:7,type:0,xpos:0.000000,ypos:0.000000,xspeed:-14.220000,yspeed:-0.010000,angle:-18.000000,distense:27.400000,rcs:13.000000
timestame:1619470025.194000000,objid:9,type:0,xpos:0.000000,ypos:0.000000,xspeed:-1.440000,yspeed:-0.540000,angle:-18.000000,distense:29.200000,rcs:13.000000
timestame:1619470025.194000000,objid:15,type:0,xpos:0.000000,ypos:0.000000,xspeed:-2.340000,yspeed:-0.570000,angle:-18.000000,distense:27.400000,rcs:6.000000
