timestame:1619470707.095000000,objid:0,type:0,xpos:0.000000,ypos:0.000000,xspeed:2.670000,yspeed:-3.370000,angle:-18.000000,distense:71.800000,rcs:6.000000
timestame:1619470707.095000000,objid:1,type:0,xpos:0.000000,ypos:0.000000,xspeed:12.010000,yspeed:0.050000,angle:2.190000,distense:177.200000,rcs:13.000000
timestame:1619470707.095000000,objid:2,type:0,xpos:0.000000,ypos:0.000000,xspeed:4.470000,yspeed:0.870000,angle:-14.940000,distense:16.200000,rcs:25.000000
timestame:1619470707.095000000,objid:4,type:0,xpos:0.000000,ypos:0.000000,xspeed:-14.020000,yspeed:-6.030000,angle:-17.910000,distense:7.400000,rcs:20.000000
