timestame:1619471363.397000000,objid:2,type:0,xpos:0.000000,ypos:0.000000,xspeed:6.600000,yspeed:-0.150000,angle:4.330000,distense:93.000000,rcs:22.000000
timestame:1619471363.397000000,objid:4,type:0,xpos:0.000000,ypos:0.000000,xspeed:6.440000,yspeed:0.080000,angle:5.140000,distense:86.600000,rcs:20.000000
timestame:1619471363.397000000,objid:7,type:0,xpos:0.000000,ypos:0.000000,xspeed:10.240000,yspeed:0.100000,angle:1.550000,distense:110.200000,rcs:24.000000
