timestame:1619469997.083000000,objid:9,type:0,xpos:0.000000,ypos:0.000000,xspeed:2.250000,yspeed:-3.370000,angle:20.590000,distense:45.400000,rcs:26.000000
timestame:1619469997.083000000,objid:10,type:0,xpos:0.000000,ypos:0.000000,xspeed:-1.110000,yspeed:-3.770000,angle:-18.000000,distense:37.400000,rcs:24.000000
timestame:1619469997.083000000,objid:11,type:0,xpos:0.000000,ypos:0.000000,xspeed:-1.430000,yspeed:-1.220000,angle:-18.000000,distense:34.200000,rcs:23.000000
timestame:1619469997.083000000,objid:15,type:0,xpos:0.000000,ypos:0.000000,xspeed:-1.360000,yspeed:-2.670000,angle:-18.000000,distense:35.600000,rcs:20.000000
