timestame:1619470106.099000000,objid:1,type:0,xpos:0.000000,ypos:0.000000,xspeed:6.460000,yspeed:1.050000,angle:20.360000,distense:31.400000,rcs:27.000000
timestame:1619470106.099000000,objid:3,type:0,xpos:0.000000,ypos:0.000000,xspeed:3.470000,yspeed:-2.890000,angle:22.300000,distense:39.600000,rcs:13.000000
timestame:1619470106.099000000,objid:6,type:0,xpos:0.000000,ypos:0.000000,xspeed:23.890000,yspeed:0.000000,angle:22.490000,distense:25.000000,rcs:13.000000
timestame:1619470106.099000000,objid:9,type:0,xpos:0.000000,ypos:0.000000,xspeed:4.020000,yspeed:2.460000,angle:-15.640000,distense:29.200000,rcs:27.000000
