timestame:1619470777.776000000,objid:1,type:0,xpos:0.000000,ypos:0.000000,xspeed:-7.210000,yspeed:-0.580000,angle:-10.260000,distense:93.200000,rcs:25.000000
timestame:1619470777.776000000,objid:2,type:0,xpos:0.000000,ypos:0.000000,xspeed:24.150000,yspeed:2.120000,angle:-13.070000,distense:59.800000,rcs:9.000000
timestame:1619470777.776000000,objid:3,type:0,xpos:0.000000,ypos:0.000000,xspeed:1.250000,yspeed:-1.830000,angle:-12.470000,distense:48.600000,rcs:25.000000
timestame:1619470777.776000000,objid:4,type:0,xpos:0.000000,ypos:0.000000,xspeed:-1.290000,yspeed:0.290000,angle:-2.680000,distense:50.000000,rcs:13.000000
