timestame:1619470745.358000000,objid:0,type:0,xpos:0.000000,ypos:0.000000,xspeed:-3.010000,yspeed:-0.520000,angle:-8.810000,distense:83.400000,rcs:19.000000
timestame:1619470745.358000000,objid:6,type:0,xpos:0.000000,ypos:0.000000,xspeed:12.550000,yspeed:0.420000,angle:1.350000,distense:204.400000,rcs:20.000000
