timestame:1619471313.682000000,objid:1,type:0,xpos:0.000000,ypos:0.000000,xspeed:-14.870000,yspeed:-1.630000,angle:-3.670000,distense:171.200000,rcs:13.000000
timestame:1619471313.682000000,objid:2,type:0,xpos:0.000000,ypos:0.000000,xspeed:1.820000,yspeed:4.050000,angle:-5.420000,distense:48.000000,rcs:6.000000
timestame:1619471313.682000000,objid:3,type:0,xpos:0.000000,ypos:0.000000,xspeed:2.720000,yspeed:4.190000,angle:-7.990000,distense:43.800000,rcs:9.000000
timestame:1619471313.682000000,objid:4,type:0,xpos:0.000000,ypos:0.000000,xspeed:-1.260000,yspeed:5.340000,angle:12.120000,distense:36.400000,rcs:6.000000
