timestame:1619470769.448000000,objid:0,type:0,xpos:0.000000,ypos:0.000000,xspeed:-11.690000,yspeed:-0.500000,angle:-5.310000,distense:159.800000,rcs:12.000000
timestame:1619470769.448000000,objid:1,type:0,xpos:0.000000,ypos:0.000000,xspeed:11.370000,yspeed:0.320000,angle:2.200000,distense:80.200000,rcs:16.000000
timestame:1619470769.448000000,objid:2,type:0,xpos:0.000000,ypos:0.000000,xspeed:-7.470000,yspeed:-7.460000,angle:-6.060000,distense:158.000000,rcs:15.000000
