timestame:1619469576.952000000,objid:1,type:0,xpos:0.000000,ypos:0.000000,xspeed:-6.410000,yspeed:0.000000,angle:-6.120000,distense:125.600000,rcs:12.000000
timestame:1619469576.952000000,objid:3,type:0,xpos:0.000000,ypos:0.000000,xspeed:-6.910000,yspeed:-0.130000,angle:-7.640000,distense:114.800000,rcs:20.000000
timestame:1619469576.952000000,objid:5,type:0,xpos:0.000000,ypos:0.000000,xspeed:-6.770000,yspeed:-0.230000,angle:-7.910000,distense:112.000000,rcs:15.000000
