timestame:1619470229.207000000,objid:2,type:0,xpos:0.000000,ypos:0.000000,xspeed:-1.440000,yspeed:-2.800000,angle:-15.100000,distense:41.000000,rcs:28.000000
timestame:1619470229.207000000,objid:8,type:0,xpos:0.000000,ypos:0.000000,xspeed:-2.050000,yspeed:-2.650000,angle:-18.000000,distense:38.800000,rcs:19.000000
timestame:1619470229.207000000,objid:11,type:0,xpos:0.000000,ypos:0.000000,xspeed:-9.200000,yspeed:-3.130000,angle:-4.220000,distense:174.200000,rcs:13.000000
