timestame:1619470236.635000000,objid:3,type:0,xpos:0.000000,ypos:0.000000,xspeed:-1.190000,yspeed:-3.470000,angle:-16.400000,distense:41.800000,rcs:30.000000
timestame:1619470236.635000000,objid:9,type:0,xpos:0.000000,ypos:0.000000,xspeed:-1.340000,yspeed:-2.590000,angle:-18.000000,distense:38.600000,rcs:24.000000
timestame:1619470236.635000000,objid:11,type:0,xpos:0.000000,ypos:0.000000,xspeed:-5.220000,yspeed:0.010000,angle:-4.940000,distense:127.400000,rcs:20.000000
