timestame:1619470744.482000000,objid:0,type:0,xpos:0.000000,ypos:0.000000,xspeed:-4.330000,yspeed:-0.720000,angle:-8.360000,distense:85.200000,rcs:20.000000
timestame:1619470744.482000000,objid:1,type:0,xpos:0.000000,ypos:0.000000,xspeed:-3.810000,yspeed:1.670000,angle:13.400000,distense:43.400000,rcs:38.000000
timestame:1619470744.482000000,objid:5,type:0,xpos:0.000000,ypos:0.000000,xspeed:-1.190000,yspeed:8.660000,angle:-6.920000,distense:41.600000,rcs:9.000000
timestame:1619470744.482000000,objid:6,type:0,xpos:0.000000,ypos:0.000000,xspeed:12.500000,yspeed:0.290000,angle:1.210000,distense:192.800000,rcs:18.000000
