timestame:1619470052.342000000,objid:0,type:0,xpos:0.000000,ypos:0.000000,xspeed:7.540000,yspeed:-0.240000,angle:2.760000,distense:123.200000,rcs:9.000000
timestame:1619470052.342000000,objid:5,type:0,xpos:0.000000,ypos:0.000000,xspeed:7.600000,yspeed:0.090000,angle:3.490000,distense:113.800000,rcs:24.000000
