timestame:1619470913.675000000,objid:0,type:0,xpos:0.000000,ypos:0.000000,xspeed:5.340000,yspeed:2.970000,angle:-17.180000,distense:33.400000,rcs:27.000000
timestame:1619470913.675000000,objid:4,type:0,xpos:0.000000,ypos:0.000000,xspeed:15.340000,yspeed:15.220000,angle:-6.940000,distense:57.200000,rcs:6.000000
timestame:1619470913.675000000,objid:7,type:0,xpos:0.000000,ypos:0.000000,xspeed:4.590000,yspeed:2.680000,angle:-16.730000,distense:45.400000,rcs:9.000000
timestame:1619470913.675000000,objid:10,type:0,xpos:0.000000,ypos:0.000000,xspeed:5.490000,yspeed:2.700000,angle:-17.950000,distense:39.400000,rcs:9.000000
