timestame:1619471099.057000000,objid:0,type:0,xpos:0.000000,ypos:0.000000,xspeed:-13.840000,yspeed:1.850000,angle:-18.000000,distense:34.800000,rcs:16.000000
timestame:1619471099.057000000,objid:1,type:0,xpos:0.000000,ypos:0.000000,xspeed:-15.710000,yspeed:-2.570000,angle:-18.000000,distense:32.000000,rcs:16.000000
timestame:1619471099.057000000,objid:2,type:0,xpos:0.000000,ypos:0.000000,xspeed:9.460000,yspeed:0.060000,angle:1.180000,distense:116.600000,rcs:26.000000
timestame:1619471099.057000000,objid:3,type:0,xpos:0.000000,ypos:0.000000,xspeed:-17.840000,yspeed:-1.180000,angle:-18.000000,distense:31.200000,rcs:25.000000
