timestame:1619471237.887000000,objid:0,type:0,xpos:0.000000,ypos:0.000000,xspeed:8.040000,yspeed:0.020000,angle:1.210000,distense:157.000000,rcs:6.000000
timestame:1619471237.887000000,objid:9,type:0,xpos:0.000000,ypos:0.000000,xspeed:8.740000,yspeed:-0.050000,angle:1.150000,distense:148.800000,rcs:28.000000
