timestame:1619470123.233000000,objid:4,type:0,xpos:0.000000,ypos:0.000000,xspeed:3.340000,yspeed:0.780000,angle:-16.760000,distense:24.000000,rcs:37.000000
timestame:1619470123.233000000,objid:6,type:0,xpos:0.000000,ypos:0.000000,xspeed:5.100000,yspeed:2.010000,angle:21.980000,distense:30.200000,rcs:40.000000
timestame:1619470123.233000000,objid:8,type:0,xpos:0.000000,ypos:0.000000,xspeed:3.930000,yspeed:1.660000,angle:-16.730000,distense:31.400000,rcs:6.000000
