timestame:1619470595.782000000,objid:1,type:0,xpos:0.000000,ypos:0.000000,xspeed:6.600000,yspeed:1.270000,angle:22.950000,distense:30.600000,rcs:15.000000
timestame:1619470595.782000000,objid:5,type:0,xpos:0.000000,ypos:0.000000,xspeed:5.980000,yspeed:3.080000,angle:-15.520000,distense:41.800000,rcs:13.000000
timestame:1619470595.782000000,objid:6,type:0,xpos:0.000000,ypos:0.000000,xspeed:5.740000,yspeed:2.690000,angle:22.020000,distense:40.600000,rcs:6.000000
