timestame:1619469854.989000000,objid:0,type:0,xpos:0.000000,ypos:0.000000,xspeed:3.520000,yspeed:-4.000000,angle:-0.160000,distense:51.800000,rcs:6.000000
timestame:1619469854.989000000,objid:4,type:0,xpos:0.000000,ypos:0.000000,xspeed:-10.460000,yspeed:4.240000,angle:-6.560000,distense:47.800000,rcs:12.000000
timestame:1619469854.989000000,objid:8,type:0,xpos:0.000000,ypos:0.000000,xspeed:17.190000,yspeed:0.000000,angle:-4.790000,distense:67.400000,rcs:16.000000
timestame:1619469854.989000000,objid:10,type:0,xpos:0.000000,ypos:0.000000,xspeed:-11.450000,yspeed:-0.170000,angle:-4.710000,distense:140.200000,rcs:9.000000
