timestame:1619469537.193000000,objid:4,type:0,xpos:0.000000,ypos:0.000000,xspeed:16.870000,yspeed:0.380000,angle:1.840000,distense:115.800000,rcs:27.000000
timestame:1619469537.193000000,objid:7,type:0,xpos:0.000000,ypos:0.000000,xspeed:16.920000,yspeed:0.270000,angle:1.460000,distense:123.400000,rcs:12.000000
