timestame:1619471234.905000000,objid:0,type:0,xpos:0.000000,ypos:0.000000,xspeed:7.870000,yspeed:-0.120000,angle:1.270000,distense:133.000000,rcs:6.000000
timestame:1619471234.905000000,objid:9,type:0,xpos:0.000000,ypos:0.000000,xspeed:7.520000,yspeed:0.070000,angle:1.490000,distense:122.800000,rcs:33.000000
