timestame:1619470912.433000000,objid:0,type:0,xpos:0.000000,ypos:0.000000,xspeed:6.320000,yspeed:3.130000,angle:21.900000,distense:26.600000,rcs:24.000000
timestame:1619470912.433000000,objid:2,type:0,xpos:0.000000,ypos:0.000000,xspeed:16.540000,yspeed:-13.980000,angle:0.210000,distense:47.200000,rcs:6.000000
timestame:1619470912.433000000,objid:7,type:0,xpos:0.000000,ypos:0.000000,xspeed:4.170000,yspeed:2.060000,angle:22.630000,distense:38.000000,rcs:12.000000
timestame:1619470912.433000000,objid:10,type:0,xpos:0.000000,ypos:0.000000,xspeed:4.900000,yspeed:-1.470000,angle:22.240000,distense:31.600000,rcs:16.000000
