timestame:1619471090.067000000,objid:0,type:0,xpos:0.000000,ypos:0.000000,xspeed:10.500000,yspeed:0.440000,angle:1.910000,distense:95.000000,rcs:16.000000
timestame:1619471090.067000000,objid:1,type:0,xpos:0.000000,ypos:0.000000,xspeed:10.000000,yspeed:0.540000,angle:6.560000,distense:46.600000,rcs:27.000000
timestame:1619471090.067000000,objid:2,type:0,xpos:0.000000,ypos:0.000000,xspeed:5.540000,yspeed:0.200000,angle:2.150000,distense:42.000000,rcs:42.000000
timestame:1619471090.067000000,objid:4,type:0,xpos:0.000000,ypos:0.000000,xspeed:-21.910000,yspeed:-1.060000,angle:-17.900000,distense:48.200000,rcs:9.000000
