timestame:1619469752.243000000,objid:1,type:0,xpos:0.000000,ypos:0.000000,xspeed:5.510000,yspeed:2.240000,angle:20.840000,distense:33.400000,rcs:9.000000
timestame:1619469752.243000000,objid:2,type:0,xpos:0.000000,ypos:0.000000,xspeed:30.850000,yspeed:-19.580000,angle:19.720000,distense:42.600000,rcs:6.000000
