timestame:1619471124.552000000,objid:0,type:0,xpos:0.000000,ypos:0.000000,xspeed:-1.470000,yspeed:3.290000,angle:15.350000,distense:40.600000,rcs:18.000000
timestame:1619471124.552000000,objid:1,type:0,xpos:0.000000,ypos:0.000000,xspeed:-4.720000,yspeed:4.840000,angle:14.360000,distense:39.200000,rcs:18.000000
