timestame:1619470032.887000000,objid:1,type:0,xpos:0.000000,ypos:0.000000,xspeed:7.580000,yspeed:0.350000,angle:2.480000,distense:55.800000,rcs:30.000000
timestame:1619470032.887000000,objid:3,type:0,xpos:0.000000,ypos:0.000000,xspeed:10.290000,yspeed:0.260000,angle:0.640000,distense:20.200000,rcs:38.000000
timestame:1619470032.887000000,objid:4,type:0,xpos:0.000000,ypos:0.000000,xspeed:12.290000,yspeed:0.210000,angle:1.810000,distense:91.200000,rcs:26.000000
timestame:1619470032.887000000,objid:7,type:0,xpos:0.000000,ypos:0.000000,xspeed:1.220000,yspeed:-0.150000,angle:7.580000,distense:22.800000,rcs:21.000000
