timestame:1619470365.151000000,objid:0,type:0,xpos:0.000000,ypos:0.000000,xspeed:3.500000,yspeed:5.650000,angle:-0.870000,distense:45.600000,rcs:34.000000
timestame:1619470365.151000000,objid:3,type:0,xpos:0.000000,ypos:0.000000,xspeed:-1.390000,yspeed:5.530000,angle:-8.040000,distense:42.800000,rcs:33.000000
