timestame:1619470937.017000000,objid:7,type:0,xpos:0.000000,ypos:0.000000,xspeed:-1.230000,yspeed:-0.060000,angle:-11.510000,distense:79.200000,rcs:16.000000
timestame:1619470937.017000000,objid:10,type:0,xpos:0.000000,ypos:0.000000,xspeed:-2.020000,yspeed:0.360000,angle:-8.760000,distense:79.200000,rcs:9.000000
