timestame:1619470112.860000000,objid:2,type:0,xpos:0.000000,ypos:0.000000,xspeed:6.470000,yspeed:2.110000,angle:18.330000,distense:34.800000,rcs:21.000000
timestame:1619470112.860000000,objid:3,type:0,xpos:0.000000,ypos:0.000000,xspeed:24.770000,yspeed:7.020000,angle:20.570000,distense:39.800000,rcs:31.000000
timestame:1619470112.860000000,objid:7,type:0,xpos:0.000000,ypos:0.000000,xspeed:6.530000,yspeed:1.690000,angle:22.020000,distense:33.000000,rcs:34.000000
