timestame:1619470882.006000000,objid:3,type:0,xpos:0.000000,ypos:0.000000,xspeed:-1.420000,yspeed:-2.510000,angle:-18.000000,distense:34.400000,rcs:9.000000
timestame:1619470882.006000000,objid:11,type:0,xpos:0.000000,ypos:0.000000,xspeed:-3.310000,yspeed:-12.680000,angle:12.850000,distense:39.400000,rcs:31.000000
timestame:1619470882.006000000,objid:15,type:0,xpos:0.000000,ypos:0.000000,xspeed:-1.400000,yspeed:-3.940000,angle:11.300000,distense:48.400000,rcs:12.000000
timestame:1619470882.006000000,objid:23,type:0,xpos:0.000000,ypos:0.000000,xspeed:-1.480000,yspeed:-1.120000,angle:-18.000000,distense:48.600000,rcs:12.000000
