timestame:1619469695.545000000,objid:1,type:0,xpos:0.000000,ypos:0.000000,xspeed:-1.500000,yspeed:6.630000,angle:11.930000,distense:41.000000,rcs:20.000000
timestame:1619469695.545000000,objid:7,type:0,xpos:0.000000,ypos:0.000000,xspeed:-1.080000,yspeed:7.200000,angle:7.950000,distense:42.200000,rcs:24.000000
timestame:1619469695.545000000,objid:8,type:0,xpos:0.000000,ypos:0.000000,xspeed:2.100000,yspeed:-7.980000,angle:-18.000000,distense:79.800000,rcs:6.000000
timestame:1619469695.545000000,objid:10,type:0,xpos:0.000000,ypos:0.000000,xspeed:17.480000,yspeed:0.000000,angle:21.940000,distense:51.600000,rcs:15.000000
