timestame:1619470562.201000000,objid:0,type:0,xpos:0.000000,ypos:0.000000,xspeed:5.570000,yspeed:-0.440000,angle:2.420000,distense:203.400000,rcs:9.000000
timestame:1619470562.201000000,objid:1,type:0,xpos:0.000000,ypos:0.000000,xspeed:6.110000,yspeed:-0.450000,angle:3.770000,distense:195.800000,rcs:20.000000
timestame:1619470562.201000000,objid:2,type:0,xpos:0.000000,ypos:0.000000,xspeed:6.520000,yspeed:-4.330000,angle:2.570000,distense:212.400000,rcs:6.000000
timestame:1619470562.201000000,objid:3,type:0,xpos:0.000000,ypos:0.000000,xspeed:9.850000,yspeed:0.210000,angle:1.790000,distense:84.600000,rcs:35.000000
