timestame:1619470372.853000000,objid:2,type:0,xpos:0.000000,ypos:0.000000,xspeed:-1.960000,yspeed:2.380000,angle:-3.940000,distense:40.400000,rcs:36.000000
timestame:1619470372.853000000,objid:6,type:0,xpos:0.000000,ypos:0.000000,xspeed:-1.850000,yspeed:-0.010000,angle:-18.000000,distense:32.800000,rcs:9.000000
timestame:1619470372.853000000,objid:10,type:0,xpos:0.000000,ypos:0.000000,xspeed:-5.410000,yspeed:-1.780000,angle:-18.000000,distense:33.600000,rcs:12.000000
timestame:1619470372.853000000,objid:14,type:0,xpos:0.000000,ypos:0.000000,xspeed:-2.390000,yspeed:-0.390000,angle:-18.000000,distense:30.600000,rcs:12.000000
