timestame:1619470645.472000000,objid:2,type:0,xpos:0.000000,ypos:0.000000,xspeed:-6.190000,yspeed:-0.190000,angle:-5.580000,distense:153.800000,rcs:15.000000
timestame:1619470645.472000000,objid:5,type:0,xpos:0.000000,ypos:0.000000,xspeed:-5.060000,yspeed:3.320000,angle:-13.120000,distense:46.800000,rcs:26.000000
timestame:1619470645.472000000,objid:8,type:0,xpos:0.000000,ypos:0.000000,xspeed:-1.780000,yspeed:-4.380000,angle:6.620000,distense:84.200000,rcs:9.000000
timestame:1619470645.472000000,objid:9,type:0,xpos:0.000000,ypos:0.000000,xspeed:-1.510000,yspeed:10.770000,angle:-7.580000,distense:44.600000,rcs:6.000000
