timestame:1619469533.342000000,objid:4,type:0,xpos:0.000000,ypos:0.000000,xspeed:16.310000,yspeed:1.040000,angle:2.920000,distense:51.400000,rcs:36.000000
timestame:1619469533.342000000,objid:7,type:0,xpos:0.000000,ypos:0.000000,xspeed:16.850000,yspeed:0.640000,angle:1.860000,distense:59.600000,rcs:22.000000
