timestame:1619469618.693000000,objid:1,type:0,xpos:0.000000,ypos:0.000000,xspeed:-1.620000,yspeed:0.260000,angle:-12.690000,distense:74.200000,rcs:22.000000
timestame:1619469618.693000000,objid:3,type:0,xpos:0.000000,ypos:0.000000,xspeed:-1.200000,yspeed:-0.130000,angle:-10.710000,distense:87.800000,rcs:18.000000
timestame:1619469618.693000000,objid:4,type:0,xpos:0.000000,ypos:0.000000,xspeed:-17.700000,yspeed:1.690000,angle:-4.540000,distense:132.400000,rcs:16.000000
