timestame:1619470438.480000000,objid:1,type:0,xpos:0.000000,ypos:0.000000,xspeed:13.450000,yspeed:0.600000,angle:2.450000,distense:34.400000,rcs:32.000000
timestame:1619470438.480000000,objid:2,type:0,xpos:0.000000,ypos:0.000000,xspeed:3.850000,yspeed:0.080000,angle:11.120000,distense:69.400000,rcs:25.000000
