timestame:1619470936.709000000,objid:6,type:0,xpos:0.000000,ypos:0.000000,xspeed:16.310000,yspeed:0.000000,angle:-9.730000,distense:93.400000,rcs:19.000000
timestame:1619470936.709000000,objid:10,type:0,xpos:0.000000,ypos:0.000000,xspeed:-1.750000,yspeed:0.000000,angle:-8.750000,distense:79.800000,rcs:19.000000
