timestame:1619471235.029000000,objid:0,type:0,xpos:0.000000,ypos:0.000000,xspeed:7.900000,yspeed:-0.090000,angle:1.280000,distense:134.000000,rcs:12.000000
timestame:1619471235.029000000,objid:9,type:0,xpos:0.000000,ypos:0.000000,xspeed:7.540000,yspeed:0.140000,angle:1.560000,distense:123.800000,rcs:27.000000
