timestame:1619470213.708000000,objid:1,type:0,xpos:0.000000,ypos:0.000000,xspeed:-2.230000,yspeed:9.810000,angle:-2.960000,distense:40.200000,rcs:12.000000
timestame:1619470213.708000000,objid:2,type:0,xpos:0.000000,ypos:0.000000,xspeed:-2.080000,yspeed:7.940000,angle:-1.710000,distense:40.000000,rcs:15.000000
timestame:1619470213.708000000,objid:6,type:0,xpos:0.000000,ypos:0.000000,xspeed:-6.130000,yspeed:10.230000,angle:2.570000,distense:38.000000,rcs:12.000000
