timestame:1619470734.930000000,objid:1,type:0,xpos:0.000000,ypos:0.000000,xspeed:12.090000,yspeed:-0.140000,angle:1.880000,distense:86.000000,rcs:16.000000
timestame:1619470734.930000000,objid:6,type:0,xpos:0.000000,ypos:0.000000,xspeed:12.220000,yspeed:0.370000,angle:2.240000,distense:75.400000,rcs:37.000000
