timestame:1619470640.017000000,objid:2,type:0,xpos:0.000000,ypos:0.000000,xspeed:-5.890000,yspeed:-1.400000,angle:-4.630000,distense:188.800000,rcs:9.000000
timestame:1619470640.017000000,objid:6,type:0,xpos:0.000000,ypos:0.000000,xspeed:-1.380000,yspeed:1.780000,angle:-18.000000,distense:49.600000,rcs:6.000000
