timestame:1619469714.252000000,objid:3,type:0,xpos:0.000000,ypos:0.000000,xspeed:13.660000,yspeed:-1.060000,angle:1.110000,distense:148.800000,rcs:15.000000
timestame:1619469714.252000000,objid:6,type:0,xpos:0.000000,ypos:0.000000,xspeed:-1.590000,yspeed:7.090000,angle:16.490000,distense:36.800000,rcs:9.000000
