timestame:1619470458.050000000,objid:0,type:0,xpos:0.000000,ypos:0.000000,xspeed:-19.820000,yspeed:0.000000,angle:-5.100000,distense:142.600000,rcs:9.000000
timestame:1619470458.050000000,objid:2,type:0,xpos:0.000000,ypos:0.000000,xspeed:5.630000,yspeed:-0.090000,angle:3.620000,distense:163.200000,rcs:16.000000
