timestame:1619469708.732000000,objid:1,type:0,xpos:0.000000,ypos:0.000000,xspeed:10.390000,yspeed:0.340000,angle:-16.670000,distense:45.200000,rcs:27.000000
timestame:1619469708.732000000,objid:3,type:0,xpos:0.000000,ypos:0.000000,xspeed:11.380000,yspeed:-3.930000,angle:6.810000,distense:77.800000,rcs:12.000000
timestame:1619469708.732000000,objid:5,type:0,xpos:0.000000,ypos:0.000000,xspeed:-3.260000,yspeed:-3.280000,angle:-18.000000,distense:35.200000,rcs:20.000000
timestame:1619469708.732000000,objid:7,type:0,xpos:0.000000,ypos:0.000000,xspeed:-5.790000,yspeed:2.250000,angle:-18.000000,distense:37.000000,rcs:22.000000
