timestame:1619471228.821000000,objid:0,type:0,xpos:0.000000,ypos:0.000000,xspeed:6.220000,yspeed:0.360000,angle:2.260000,distense:87.400000,rcs:9.000000
timestame:1619471228.821000000,objid:1,type:0,xpos:0.000000,ypos:0.000000,xspeed:4.060000,yspeed:-4.410000,angle:-18.000000,distense:57.800000,rcs:12.000000
timestame:1619471228.821000000,objid:9,type:0,xpos:0.000000,ypos:0.000000,xspeed:6.120000,yspeed:0.170000,angle:2.190000,distense:78.000000,rcs:33.000000
