timestame:1619470278.112000000,objid:1,type:0,xpos:0.000000,ypos:0.000000,xspeed:-10.260000,yspeed:0.160000,angle:-5.850000,distense:81.800000,rcs:20.000000
timestame:1619470278.112000000,objid:2,type:0,xpos:0.000000,ypos:0.000000,xspeed:-2.300000,yspeed:0.040000,angle:-7.290000,distense:86.000000,rcs:9.000000
timestame:1619470278.112000000,objid:3,type:0,xpos:0.000000,ypos:0.000000,xspeed:-2.550000,yspeed:0.480000,angle:-8.740000,distense:77.000000,rcs:22.000000
timestame:1619470278.112000000,objid:11,type:0,xpos:0.000000,ypos:0.000000,xspeed:-2.770000,yspeed:-0.340000,angle:-10.660000,distense:70.600000,rcs:24.000000
