timestame:1619469575.772000000,objid:2,type:0,xpos:0.000000,ypos:0.000000,xspeed:2.310000,yspeed:-10.380000,angle:-17.000000,distense:56.600000,rcs:6.000000
timestame:1619469575.772000000,objid:3,type:0,xpos:0.000000,ypos:0.000000,xspeed:-7.390000,yspeed:-0.030000,angle:-7.020000,distense:122.600000,rcs:18.000000
timestame:1619469575.772000000,objid:5,type:0,xpos:0.000000,ypos:0.000000,xspeed:-7.040000,yspeed:-0.110000,angle:-7.170000,distense:119.600000,rcs:19.000000
timestame:1619469575.772000000,objid:6,type:0,xpos:0.000000,ypos:0.000000,xspeed:-3.650000,yspeed:0.130000,angle:-6.670000,distense:135.400000,rcs:6.000000
