timestame:1619470389.533000000,objid:8,type:0,xpos:0.000000,ypos:0.000000,xspeed:-5.790000,yspeed:-2.360000,angle:-18.000000,distense:31.600000,rcs:18.000000
timestame:1619470389.533000000,objid:11,type:0,xpos:0.000000,ypos:0.000000,xspeed:-2.030000,yspeed:-2.960000,angle:-18.000000,distense:33.200000,rcs:22.000000
timestame:1619470389.533000000,objid:13,type:0,xpos:0.000000,ypos:0.000000,xspeed:1.140000,yspeed:4.910000,angle:-12.840000,distense:50.800000,rcs:6.000000
timestame:1619470389.533000000,objid:17,type:0,xpos:0.000000,ypos:0.000000,xspeed:-15.200000,yspeed:-0.930000,angle:-6.770000,distense:137.600000,rcs:20.000000
