timestame:1619470744.420000000,objid:0,type:0,xpos:0.000000,ypos:0.000000,xspeed:-4.440000,yspeed:-0.670000,angle:-8.300000,distense:85.400000,rcs:13.000000
timestame:1619470744.420000000,objid:1,type:0,xpos:0.000000,ypos:0.000000,xspeed:-3.690000,yspeed:-0.190000,angle:12.880000,distense:43.600000,rcs:20.000000
timestame:1619470744.420000000,objid:5,type:0,xpos:0.000000,ypos:0.000000,xspeed:-1.190000,yspeed:8.660000,angle:-7.570000,distense:41.400000,rcs:9.000000
timestame:1619470744.420000000,objid:6,type:0,xpos:0.000000,ypos:0.000000,xspeed:12.460000,yspeed:0.250000,angle:1.180000,distense:192.000000,rcs:30.000000
