timestame:1619469910.074000000,objid:1,type:0,xpos:0.000000,ypos:0.000000,xspeed:4.120000,yspeed:-0.060000,angle:1.980000,distense:75.800000,rcs:25.000000
timestame:1619469910.074000000,objid:2,type:0,xpos:0.000000,ypos:0.000000,xspeed:9.790000,yspeed:0.050000,angle:3.050000,distense:131.400000,rcs:15.000000
timestame:1619469910.074000000,objid:8,type:0,xpos:0.000000,ypos:0.000000,xspeed:4.180000,yspeed:0.190000,angle:2.460000,distense:69.200000,rcs:31.000000
timestame:1619469910.074000000,objid:10,type:0,xpos:0.000000,ypos:0.000000,xspeed:2.100000,yspeed:3.610000,angle:-4.190000,distense:43.800000,rcs:6.000000
