timestame:1619469691.693000000,objid:2,type:0,xpos:0.000000,ypos:0.000000,xspeed:1.530000,yspeed:-7.640000,angle:-11.070000,distense:61.200000,rcs:25.000000
timestame:1619469691.693000000,objid:3,type:0,xpos:0.000000,ypos:0.000000,xspeed:1.220000,yspeed:-2.090000,angle:-15.430000,distense:48.000000,rcs:19.000000
timestame:1619469691.693000000,objid:4,type:0,xpos:0.000000,ypos:0.000000,xspeed:1.330000,yspeed:-5.390000,angle:17.430000,distense:46.000000,rcs:32.000000
timestame:1619469691.693000000,objid:13,type:0,xpos:0.000000,ypos:0.000000,xspeed:-1.680000,yspeed:6.780000,angle:15.910000,distense:34.800000,rcs:6.000000
