timestame:1619470442.950000000,objid:1,type:0,xpos:0.000000,ypos:0.000000,xspeed:16.400000,yspeed:0.400000,angle:1.990000,distense:107.200000,rcs:20.000000
timestame:1619470442.950000000,objid:2,type:0,xpos:0.000000,ypos:0.000000,xspeed:3.820000,yspeed:-0.190000,angle:8.470000,distense:86.200000,rcs:15.000000
