timestame:1619470692.783000000,objid:1,type:0,xpos:0.000000,ypos:0.000000,xspeed:4.160000,yspeed:0.100000,angle:6.470000,distense:40.200000,rcs:27.000000
timestame:1619470692.783000000,objid:2,type:0,xpos:0.000000,ypos:0.000000,xspeed:-3.130000,yspeed:-0.470000,angle:-18.000000,distense:34.800000,rcs:6.000000
