timestame:1619470949.847000000,objid:2,type:0,xpos:0.000000,ypos:0.000000,xspeed:21.260000,yspeed:0.000000,angle:1.670000,distense:31.200000,rcs:24.000000
timestame:1619470949.847000000,objid:3,type:0,xpos:0.000000,ypos:0.000000,xspeed:1.630000,yspeed:0.150000,angle:1.210000,distense:42.200000,rcs:6.000000
