timestame:1619469536.200000000,objid:4,type:0,xpos:0.000000,ypos:0.000000,xspeed:16.540000,yspeed:0.340000,angle:1.900000,distense:99.200000,rcs:9.000000
timestame:1619469536.200000000,objid:7,type:0,xpos:0.000000,ypos:0.000000,xspeed:16.150000,yspeed:0.430000,angle:1.710000,distense:106.000000,rcs:12.000000
