timestame:1619470716.067000000,objid:1,type:0,xpos:0.000000,ypos:0.000000,xspeed:6.590000,yspeed:-9.040000,angle:6.740000,distense:181.000000,rcs:6.000000
timestame:1619470716.067000000,objid:3,type:0,xpos:0.000000,ypos:0.000000,xspeed:2.330000,yspeed:4.310000,angle:-6.240000,distense:43.000000,rcs:9.000000
