timestame:1619470565.370000000,objid:0,type:0,xpos:0.000000,ypos:0.000000,xspeed:6.680000,yspeed:2.460000,angle:20.910000,distense:28.400000,rcs:6.000000
timestame:1619470565.370000000,objid:1,type:0,xpos:0.000000,ypos:0.000000,xspeed:7.280000,yspeed:-0.670000,angle:2.720000,distense:219.600000,rcs:16.000000
timestame:1619470565.370000000,objid:3,type:0,xpos:0.000000,ypos:0.000000,xspeed:12.340000,yspeed:0.190000,angle:1.450000,distense:124.200000,rcs:26.000000
