timestame:1619469921.292000000,objid:1,type:0,xpos:0.000000,ypos:0.000000,xspeed:5.890000,yspeed:0.090000,angle:1.300000,distense:137.200000,rcs:20.000000
timestame:1619469921.292000000,objid:8,type:0,xpos:0.000000,ypos:0.000000,xspeed:5.820000,yspeed:0.120000,angle:1.510000,distense:130.400000,rcs:19.000000
