timestame:1619470167.980000000,objid:0,type:0,xpos:0.000000,ypos:0.000000,xspeed:6.040000,yspeed:0.060000,angle:1.810000,distense:43.200000,rcs:9.000000
timestame:1619470167.980000000,objid:3,type:0,xpos:0.000000,ypos:0.000000,xspeed:7.760000,yspeed:0.430000,angle:5.890000,distense:75.400000,rcs:22.000000
