timestame:1619470715.632000000,objid:1,type:0,xpos:0.000000,ypos:0.000000,xspeed:6.590000,yspeed:-9.040000,angle:8.250000,distense:178.400000,rcs:6.000000
timestame:1619470715.632000000,objid:3,type:0,xpos:0.000000,ypos:0.000000,xspeed:2.890000,yspeed:4.070000,angle:-8.700000,distense:41.400000,rcs:9.000000
