timestame:1619470117.132000000,objid:2,type:0,xpos:0.000000,ypos:0.000000,xspeed:-13.990000,yspeed:0.000000,angle:-1.480000,distense:38.600000,rcs:6.000000
timestame:1619470117.132000000,objid:4,type:0,xpos:0.000000,ypos:0.000000,xspeed:1.930000,yspeed:7.540000,angle:0.120000,distense:53.400000,rcs:6.000000
timestame:1619470117.132000000,objid:5,type:0,xpos:0.000000,ypos:0.000000,xspeed:-8.320000,yspeed:-0.360000,angle:15.280000,distense:28.400000,rcs:26.000000
timestame:1619470117.132000000,objid:10,type:0,xpos:0.000000,ypos:0.000000,xspeed:2.860000,yspeed:4.880000,angle:-8.060000,distense:43.000000,rcs:9.000000
