timestame:1619469623.803000000,objid:1,type:0,xpos:0.000000,ypos:0.000000,xspeed:-4.180000,yspeed:-0.140000,angle:-17.650000,distense:55.000000,rcs:24.000000
timestame:1619469623.803000000,objid:2,type:0,xpos:0.000000,ypos:0.000000,xspeed:-3.880000,yspeed:-0.180000,angle:-14.600000,distense:68.200000,rcs:23.000000
timestame:1619469623.803000000,objid:4,type:0,xpos:0.000000,ypos:0.000000,xspeed:-13.820000,yspeed:-0.340000,angle:-11.750000,distense:58.800000,rcs:15.000000
