timestame:1619471089.631000000,objid:0,type:0,xpos:0.000000,ypos:0.000000,xspeed:10.080000,yspeed:0.440000,angle:1.900000,distense:89.200000,rcs:22.000000
timestame:1619471089.631000000,objid:1,type:0,xpos:0.000000,ypos:0.000000,xspeed:9.570000,yspeed:0.550000,angle:7.080000,distense:41.200000,rcs:26.000000
timestame:1619471089.631000000,objid:2,type:0,xpos:0.000000,ypos:0.000000,xspeed:4.990000,yspeed:-0.020000,angle:1.950000,distense:38.800000,rcs:36.000000
timestame:1619471089.631000000,objid:4,type:0,xpos:0.000000,ypos:0.000000,xspeed:-21.900000,yspeed:-1.000000,angle:-14.170000,distense:58.200000,rcs:9.000000
