timestame:1619469581.255000000,objid:1,type:0,xpos:0.000000,ypos:0.000000,xspeed:-5.620000,yspeed:-0.300000,angle:-8.830000,distense:101.000000,rcs:18.000000
timestame:1619469581.255000000,objid:5,type:0,xpos:0.000000,ypos:0.000000,xspeed:-5.630000,yspeed:-0.090000,angle:-10.450000,distense:87.800000,rcs:21.000000
