timestame:1619470286.030000000,objid:2,type:0,xpos:0.000000,ypos:0.000000,xspeed:-13.250000,yspeed:-0.230000,angle:-7.440000,distense:116.400000,rcs:20.000000
timestame:1619470286.030000000,objid:5,type:0,xpos:0.000000,ypos:0.000000,xspeed:-5.490000,yspeed:-0.240000,angle:-16.820000,distense:47.400000,rcs:23.000000
timestame:1619470286.030000000,objid:7,type:0,xpos:0.000000,ypos:0.000000,xspeed:-5.250000,yspeed:-0.560000,angle:-18.000000,distense:42.400000,rcs:41.000000
timestame:1619470286.030000000,objid:11,type:0,xpos:0.000000,ypos:0.000000,xspeed:-5.330000,yspeed:-0.350000,angle:-18.000000,distense:36.400000,rcs:20.000000
