timestame:1619470043.908000000,objid:0,type:0,xpos:0.000000,ypos:0.000000,xspeed:4.090000,yspeed:0.510000,angle:5.690000,distense:63.400000,rcs:18.000000
timestame:1619470043.908000000,objid:1,type:0,xpos:0.000000,ypos:0.000000,xspeed:13.300000,yspeed:-0.010000,angle:0.990000,distense:184.800000,rcs:6.000000
timestame:1619470043.908000000,objid:3,type:0,xpos:0.000000,ypos:0.000000,xspeed:14.020000,yspeed:0.140000,angle:1.340000,distense:159.800000,rcs:20.000000
timestame:1619470043.908000000,objid:5,type:0,xpos:0.000000,ypos:0.000000,xspeed:5.330000,yspeed:0.580000,angle:6.360000,distense:53.200000,rcs:34.000000
