timestame:1619470194.183000000,objid:1,type:0,xpos:0.000000,ypos:0.000000,xspeed:1.640000,yspeed:1.060000,angle:6.350000,distense:140.800000,rcs:21.000000
timestame:1619470194.183000000,objid:2,type:0,xpos:0.000000,ypos:0.000000,xspeed:3.200000,yspeed:0.000000,angle:-8.950000,distense:44.200000,rcs:9.000000
timestame:1619470194.183000000,objid:4,type:0,xpos:0.000000,ypos:0.000000,xspeed:-3.820000,yspeed:7.740000,angle:6.580000,distense:153.000000,rcs:6.000000
