timestame:1619470774.795000000,objid:1,type:0,xpos:0.000000,ypos:0.000000,xspeed:-4.610000,yspeed:0.580000,angle:-7.130000,distense:115.400000,rcs:20.000000
timestame:1619470774.795000000,objid:2,type:0,xpos:0.000000,ypos:0.000000,xspeed:17.730000,yspeed:0.400000,angle:1.430000,distense:166.200000,rcs:9.000000
