timestame:1619469874.474000000,objid:0,type:0,xpos:0.000000,ypos:0.000000,xspeed:-3.000000,yspeed:-0.410000,angle:-18.000000,distense:24.400000,rcs:6.000000
timestame:1619469874.474000000,objid:6,type:0,xpos:0.000000,ypos:0.000000,xspeed:11.530000,yspeed:-4.930000,angle:16.870000,distense:53.400000,rcs:12.000000
timestame:1619469874.474000000,objid:13,type:0,xpos:0.000000,ypos:0.000000,xspeed:1.900000,yspeed:3.990000,angle:-11.000000,distense:43.400000,rcs:25.000000
timestame:1619469874.474000000,objid:17,type:0,xpos:0.000000,ypos:0.000000,xspeed:1.140000,yspeed:-6.270000,angle:10.290000,distense:66.200000,rcs:6.000000
