timestame:1619470147.386000000,objid:0,type:0,xpos:0.000000,ypos:0.000000,xspeed:2.060000,yspeed:2.640000,angle:-13.160000,distense:39.800000,rcs:16.000000
timestame:1619470147.386000000,objid:1,type:0,xpos:0.000000,ypos:0.000000,xspeed:2.440000,yspeed:0.940000,angle:22.660000,distense:25.400000,rcs:25.000000
timestame:1619470147.386000000,objid:2,type:0,xpos:0.000000,ypos:0.000000,xspeed:3.110000,yspeed:2.110000,angle:22.640000,distense:37.200000,rcs:6.000000
timestame:1619470147.386000000,objid:3,type:0,xpos:0.000000,ypos:0.000000,xspeed:-1.020000,yspeed:-0.060000,angle:-10.140000,distense:73.800000,rcs:12.000000
