timestame:1619469875.096000000,objid:6,type:0,xpos:0.000000,ypos:0.000000,xspeed:-3.950000,yspeed:11.120000,angle:-17.570000,distense:40.400000,rcs:9.000000
timestame:1619469875.096000000,objid:17,type:0,xpos:0.000000,ypos:0.000000,xspeed:1.670000,yspeed:-4.090000,angle:8.080000,distense:67.200000,rcs:16.000000
