timestame:1619470237.627000000,objid:3,type:0,xpos:0.000000,ypos:0.000000,xspeed:-1.900000,yspeed:-3.690000,angle:-18.000000,distense:40.400000,rcs:25.000000
timestame:1619470237.627000000,objid:5,type:0,xpos:0.000000,ypos:0.000000,xspeed:-1.020000,yspeed:-3.460000,angle:-10.970000,distense:38.000000,rcs:39.000000
timestame:1619470237.627000000,objid:11,type:0,xpos:0.000000,ypos:0.000000,xspeed:-4.750000,yspeed:0.120000,angle:-4.930000,distense:123.400000,rcs:12.000000
timestame:1619470237.627000000,objid:14,type:0,xpos:0.000000,ypos:0.000000,xspeed:2.780000,yspeed:2.640000,angle:-18.000000,distense:37.000000,rcs:22.000000
