timestame:1619469914.597000000,objid:1,type:0,xpos:0.000000,ypos:0.000000,xspeed:5.060000,yspeed:-0.040000,angle:1.510000,distense:98.000000,rcs:24.000000
timestame:1619469914.597000000,objid:2,type:0,xpos:0.000000,ypos:0.000000,xspeed:12.800000,yspeed:0.280000,angle:2.510000,distense:188.000000,rcs:24.000000
timestame:1619469914.597000000,objid:8,type:0,xpos:0.000000,ypos:0.000000,xspeed:5.110000,yspeed:-0.100000,angle:1.670000,distense:91.400000,rcs:22.000000
