timestame:1619471519.973000000,objid:7,type:0,xpos:0.000000,ypos:0.000000,xspeed:16.720000,yspeed:0.260000,angle:1.420000,distense:214.600000,rcs:16.000000
timestame:1619471519.973000000,objid:10,type:0,xpos:0.000000,ypos:0.000000,xspeed:16.610000,yspeed:0.380000,angle:1.450000,distense:203.800000,rcs:31.000000
