timestame:1619471230.497000000,objid:0,type:0,xpos:0.000000,ypos:0.000000,xspeed:6.450000,yspeed:0.180000,angle:2.160000,distense:98.200000,rcs:12.000000
timestame:1619471230.497000000,objid:1,type:0,xpos:0.000000,ypos:0.000000,xspeed:3.060000,yspeed:-5.300000,angle:-18.000000,distense:65.400000,rcs:6.000000
timestame:1619471230.497000000,objid:9,type:0,xpos:0.000000,ypos:0.000000,xspeed:6.670000,yspeed:0.160000,angle:2.070000,distense:90.000000,rcs:37.000000
