timestame:1619471292.677000000,objid:0,type:0,xpos:0.000000,ypos:0.000000,xspeed:1.930000,yspeed:0.370000,angle:22.130000,distense:32.800000,rcs:36.000000
timestame:1619471292.677000000,objid:1,type:0,xpos:0.000000,ypos:0.000000,xspeed:-2.740000,yspeed:13.000000,angle:-18.000000,distense:51.400000,rcs:21.000000
timestame:1619471292.677000000,objid:2,type:0,xpos:0.000000,ypos:0.000000,xspeed:6.310000,yspeed:1.680000,angle:18.580000,distense:38.200000,rcs:9.000000
timestame:1619471292.677000000,objid:5,type:0,xpos:0.000000,ypos:0.000000,xspeed:5.420000,yspeed:-1.100000,angle:19.150000,distense:29.400000,rcs:9.000000
