timestame:1619470747.033000000,objid:0,type:0,xpos:0.000000,ypos:0.000000,xspeed:-2.000000,yspeed:-0.790000,angle:-9.930000,distense:81.200000,rcs:6.000000
timestame:1619470747.033000000,objid:2,type:0,xpos:0.000000,ypos:0.000000,xspeed:1.040000,yspeed:-1.290000,angle:19.070000,distense:48.000000,rcs:29.000000
