timestame:1619470211.414000000,objid:0,type:0,xpos:0.000000,ypos:0.000000,xspeed:2.030000,yspeed:0.220000,angle:6.390000,distense:16.600000,rcs:32.000000
timestame:1619470211.414000000,objid:2,type:0,xpos:0.000000,ypos:0.000000,xspeed:-3.650000,yspeed:17.310000,angle:-18.000000,distense:48.200000,rcs:6.000000
