timestame:1619469854.804000000,objid:0,type:0,xpos:0.000000,ypos:0.000000,xspeed:3.520000,yspeed:-4.000000,angle:0.640000,distense:51.200000,rcs:6.000000
timestame:1619469854.804000000,objid:4,type:0,xpos:0.000000,ypos:0.000000,xspeed:-1.010000,yspeed:13.120000,angle:-8.850000,distense:51.600000,rcs:12.000000
timestame:1619469854.804000000,objid:10,type:0,xpos:0.000000,ypos:0.000000,xspeed:-11.480000,yspeed:-0.110000,angle:-4.590000,distense:142.200000,rcs:15.000000
