timestame:1619470692.660000000,objid:1,type:0,xpos:0.000000,ypos:0.000000,xspeed:4.080000,yspeed:0.060000,angle:6.510000,distense:39.400000,rcs:28.000000
timestame:1619470692.660000000,objid:2,type:0,xpos:0.000000,ypos:0.000000,xspeed:-3.130000,yspeed:-0.470000,angle:-18.000000,distense:35.200000,rcs:6.000000
timestame:1619470692.660000000,objid:3,type:0,xpos:0.000000,ypos:0.000000,xspeed:-8.860000,yspeed:-0.790000,angle:-18.000000,distense:25.000000,rcs:6.000000
