timestame:1619471220.840000000,objid:0,type:0,xpos:0.000000,ypos:0.000000,xspeed:1.360000,yspeed:1.140000,angle:1.650000,distense:54.000000,rcs:15.000000
timestame:1619471220.840000000,objid:6,type:0,xpos:0.000000,ypos:0.000000,xspeed:3.720000,yspeed:0.270000,angle:2.450000,distense:53.400000,rcs:16.000000
timestame:1619471220.840000000,objid:9,type:0,xpos:0.000000,ypos:0.000000,xspeed:3.770000,yspeed:0.210000,angle:2.670000,distense:34.600000,rcs:37.000000
timestame:1619471220.840000000,objid:10,type:0,xpos:0.000000,ypos:0.000000,xspeed:3.680000,yspeed:0.480000,angle:1.690000,distense:43.600000,rcs:6.000000
