timestame:1619470768.891000000,objid:0,type:0,xpos:0.000000,ypos:0.000000,xspeed:-12.020000,yspeed:-0.920000,angle:-5.270000,distense:165.600000,rcs:18.000000
timestame:1619470768.891000000,objid:1,type:0,xpos:0.000000,ypos:0.000000,xspeed:11.000000,yspeed:0.310000,angle:2.260000,distense:73.600000,rcs:24.000000
timestame:1619470768.891000000,objid:2,type:0,xpos:0.000000,ypos:0.000000,xspeed:-12.330000,yspeed:-1.580000,angle:-4.520000,distense:161.600000,rcs:12.000000
