timestame:1619471259.750000000,objid:2,type:0,xpos:0.000000,ypos:0.000000,xspeed:12.270000,yspeed:0.360000,angle:4.830000,distense:71.600000,rcs:28.000000
timestame:1619471259.750000000,objid:3,type:0,xpos:0.000000,ypos:0.000000,xspeed:-14.780000,yspeed:-0.640000,angle:-18.000000,distense:35.400000,rcs:15.000000
timestame:1619471259.750000000,objid:6,type:0,xpos:0.000000,ypos:0.000000,xspeed:12.380000,yspeed:0.180000,angle:4.930000,distense:83.800000,rcs:20.000000
timestame:1619471259.750000000,objid:10,type:0,xpos:0.000000,ypos:0.000000,xspeed:12.260000,yspeed:0.610000,angle:5.650000,distense:59.600000,rcs:30.000000
