timestame:1619470462.272000000,objid:0,type:0,xpos:0.000000,ypos:0.000000,xspeed:-15.080000,yspeed:-0.630000,angle:-9.630000,distense:73.600000,rcs:9.000000
timestame:1619470462.272000000,objid:2,type:0,xpos:0.000000,ypos:0.000000,xspeed:6.000000,yspeed:0.130000,angle:3.250000,distense:188.800000,rcs:13.000000
