timestame:1619469815.851000000,objid:1,type:0,xpos:0.000000,ypos:0.000000,xspeed:1.070000,yspeed:3.930000,angle:-4.730000,distense:53.000000,rcs:19.000000
timestame:1619469815.851000000,objid:3,type:0,xpos:0.000000,ypos:0.000000,xspeed:1.720000,yspeed:-1.700000,angle:-4.130000,distense:51.000000,rcs:6.000000
timestame:1619469815.851000000,objid:4,type:0,xpos:0.000000,ypos:0.000000,xspeed:-9.390000,yspeed:-4.600000,angle:-4.850000,distense:180.200000,rcs:13.000000
timestame:1619469815.851000000,objid:6,type:0,xpos:0.000000,ypos:0.000000,xspeed:4.410000,yspeed:3.950000,angle:21.650000,distense:25.400000,rcs:25.000000
