timestame:1619470758.793000000,objid:0,type:0,xpos:0.000000,ypos:0.000000,xspeed:-7.520000,yspeed:-10.740000,angle:-12.040000,distense:36.800000,rcs:32.000000
timestame:1619470758.793000000,objid:1,type:0,xpos:0.000000,ypos:0.000000,xspeed:-1.460000,yspeed:-3.100000,angle:-15.940000,distense:38.200000,rcs:26.000000
timestame:1619470758.793000000,objid:2,type:0,xpos:0.000000,ypos:0.000000,xspeed:-1.350000,yspeed:3.480000,angle:-18.000000,distense:36.000000,rcs:23.000000
timestame:1619470758.793000000,objid:5,type:0,xpos:0.000000,ypos:0.000000,xspeed:4.030000,yspeed:-3.860000,angle:-1.700000,distense:41.200000,rcs:32.000000
