timestame:1619470942.215000000,objid:1,type:0,xpos:0.000000,ypos:0.000000,xspeed:-4.930000,yspeed:0.950000,angle:-14.390000,distense:56.600000,rcs:15.000000
timestame:1619470942.215000000,objid:5,type:0,xpos:0.000000,ypos:0.000000,xspeed:-6.040000,yspeed:-0.470000,angle:-16.850000,distense:59.400000,rcs:21.000000
