timestame:1619469814.850000000,objid:1,type:0,xpos:0.000000,ypos:0.000000,xspeed:4.940000,yspeed:5.380000,angle:-8.540000,distense:51.000000,rcs:13.000000
timestame:1619469814.850000000,objid:4,type:0,xpos:0.000000,ypos:0.000000,xspeed:-10.200000,yspeed:0.000000,angle:-3.380000,distense:190.000000,rcs:9.000000
