timestame:1619470117.687000000,objid:1,type:0,xpos:0.000000,ypos:0.000000,xspeed:-5.190000,yspeed:-3.390000,angle:11.690000,distense:32.200000,rcs:21.000000
timestame:1619470117.687000000,objid:3,type:0,xpos:0.000000,ypos:0.000000,xspeed:-8.140000,yspeed:-4.230000,angle:9.550000,distense:36.400000,rcs:12.000000
timestame:1619470117.687000000,objid:5,type:0,xpos:0.000000,ypos:0.000000,xspeed:-8.110000,yspeed:-0.600000,angle:16.680000,distense:24.200000,rcs:18.000000
timestame:1619470117.687000000,objid:10,type:0,xpos:0.000000,ypos:0.000000,xspeed:2.550000,yspeed:5.240000,angle:-5.200000,distense:45.600000,rcs:9.000000
