timestame:1619470029.599000000,objid:0,type:0,xpos:0.000000,ypos:0.000000,xspeed:-1.490000,yspeed:3.210000,angle:14.630000,distense:15.000000,rcs:20.000000
timestame:1619470029.599000000,objid:1,type:0,xpos:0.000000,ypos:0.000000,xspeed:4.960000,yspeed:0.620000,angle:2.620000,distense:30.400000,rcs:26.000000
timestame:1619470029.599000000,objid:2,type:0,xpos:0.000000,ypos:0.000000,xspeed:6.930000,yspeed:0.310000,angle:2.400000,distense:49.600000,rcs:38.000000
timestame:1619470029.599000000,objid:5,type:0,xpos:0.000000,ypos:0.000000,xspeed:1.330000,yspeed:3.760000,angle:-18.000000,distense:53.200000,rcs:6.000000
