timestame:1619471258.702000000,objid:2,type:0,xpos:0.000000,ypos:0.000000,xspeed:12.170000,yspeed:0.720000,angle:5.940000,distense:58.200000,rcs:32.000000
timestame:1619471258.702000000,objid:3,type:0,xpos:0.000000,ypos:0.000000,xspeed:-14.820000,yspeed:-0.450000,angle:-18.000000,distense:49.600000,rcs:22.000000
timestame:1619471258.702000000,objid:6,type:0,xpos:0.000000,ypos:0.000000,xspeed:12.180000,yspeed:0.230000,angle:5.790000,distense:70.200000,rcs:18.000000
timestame:1619471258.702000000,objid:10,type:0,xpos:0.000000,ypos:0.000000,xspeed:12.210000,yspeed:0.460000,angle:6.230000,distense:46.200000,rcs:31.000000
