timestame:1619470442.765000000,objid:1,type:0,xpos:0.000000,ypos:0.000000,xspeed:16.260000,yspeed:0.460000,angle:2.080000,distense:104.000000,rcs:18.000000
timestame:1619470442.765000000,objid:2,type:0,xpos:0.000000,ypos:0.000000,xspeed:3.790000,yspeed:-0.170000,angle:8.600000,distense:85.600000,rcs:13.000000
