timestame:1619469563.614000000,objid:7,type:0,xpos:0.000000,ypos:0.000000,xspeed:-2.750000,yspeed:-3.700000,angle:-17.650000,distense:42.600000,rcs:28.000000
timestame:1619469563.614000000,objid:14,type:0,xpos:0.000000,ypos:0.000000,xspeed:-1.460000,yspeed:0.000000,angle:-16.710000,distense:45.400000,rcs:21.000000
