timestame:1619471312.129000000,objid:2,type:0,xpos:0.000000,ypos:0.000000,xspeed:2.680000,yspeed:3.320000,angle:-11.700000,distense:43.200000,rcs:12.000000
timestame:1619471312.129000000,objid:3,type:0,xpos:0.000000,ypos:0.000000,xspeed:3.540000,yspeed:2.370000,angle:-15.330000,distense:37.000000,rcs:18.000000
timestame:1619471312.129000000,objid:4,type:0,xpos:0.000000,ypos:0.000000,xspeed:-1.060000,yspeed:5.050000,angle:-0.590000,distense:37.600000,rcs:26.000000
