timestame:1619470237.380000000,objid:3,type:0,xpos:0.000000,ypos:0.000000,xspeed:-1.870000,yspeed:-3.770000,angle:-18.000000,distense:40.400000,rcs:22.000000
timestame:1619470237.380000000,objid:11,type:0,xpos:0.000000,ypos:0.000000,xspeed:-4.850000,yspeed:0.080000,angle:-4.950000,distense:124.200000,rcs:22.000000
timestame:1619470237.380000000,objid:14,type:0,xpos:0.000000,ypos:0.000000,xspeed:2.830000,yspeed:3.330000,angle:-18.000000,distense:36.400000,rcs:18.000000
