timestame:1619470214.574000000,objid:2,type:0,xpos:0.000000,ypos:0.000000,xspeed:-2.130000,yspeed:8.110000,angle:8.680000,distense:38.600000,rcs:9.000000
timestame:1619470214.574000000,objid:7,type:0,xpos:0.000000,ypos:0.000000,xspeed:-3.040000,yspeed:7.070000,angle:-15.720000,distense:47.000000,rcs:16.000000
timestame:1619470214.574000000,objid:9,type:0,xpos:0.000000,ypos:0.000000,xspeed:-1.380000,yspeed:10.410000,angle:14.270000,distense:39.200000,rcs:24.000000
