timestame:1619469484.998000000,objid:1,type:0,xpos:0.000000,ypos:0.000000,xspeed:-6.580000,yspeed:-2.030000,angle:-12.990000,distense:71.400000,rcs:20.000000
timestame:1619469484.998000000,objid:3,type:0,xpos:0.000000,ypos:0.000000,xspeed:2.220000,yspeed:0.290000,angle:11.860000,distense:18.400000,rcs:31.000000
timestame:1619469484.998000000,objid:7,type:0,xpos:0.000000,ypos:0.000000,xspeed:-2.210000,yspeed:-0.050000,angle:-10.740000,distense:86.400000,rcs:20.000000
timestame:1619469484.998000000,objid:11,type:0,xpos:0.000000,ypos:0.000000,xspeed:-1.220000,yspeed:-0.540000,angle:-9.130000,distense:81.000000,rcs:13.000000
