timestame:1619470013.634000000,objid:0,type:0,xpos:0.000000,ypos:0.000000,xspeed:-1.750000,yspeed:-1.560000,angle:-18.000000,distense:33.000000,rcs:19.000000
timestame:1619470013.634000000,objid:1,type:0,xpos:0.000000,ypos:0.000000,xspeed:2.020000,yspeed:2.360000,angle:18.410000,distense:43.400000,rcs:24.000000
timestame:1619470013.634000000,objid:8,type:0,xpos:0.000000,ypos:0.000000,xspeed:3.230000,yspeed:-5.940000,angle:-0.960000,distense:60.600000,rcs:9.000000
