timestame:1619470977.785000000,objid:0,type:0,xpos:0.000000,ypos:0.000000,xspeed:6.940000,yspeed:-0.260000,angle:2.570000,distense:133.000000,rcs:24.000000
timestame:1619470977.785000000,objid:2,type:0,xpos:0.000000,ypos:0.000000,xspeed:-18.140000,yspeed:-1.270000,angle:-3.370000,distense:175.800000,rcs:9.000000
timestame:1619470977.785000000,objid:3,type:0,xpos:0.000000,ypos:0.000000,xspeed:7.070000,yspeed:0.130000,angle:2.310000,distense:143.000000,rcs:6.000000
timestame:1619470977.785000000,objid:5,type:0,xpos:0.000000,ypos:0.000000,xspeed:-19.070000,yspeed:0.030000,angle:-9.710000,distense:90.400000,rcs:15.000000
