timestame:1619470638.899000000,objid:2,type:0,xpos:0.000000,ypos:0.000000,xspeed:-6.710000,yspeed:0.000000,angle:-4.110000,distense:195.200000,rcs:12.000000
timestame:1619470638.899000000,objid:4,type:0,xpos:0.000000,ypos:0.000000,xspeed:-7.250000,yspeed:2.550000,angle:-2.440000,distense:194.600000,rcs:9.000000
timestame:1619470638.899000000,objid:5,type:0,xpos:0.000000,ypos:0.000000,xspeed:2.590000,yspeed:2.500000,angle:-6.870000,distense:34.000000,rcs:6.000000
timestame:1619470638.899000000,objid:7,type:0,xpos:0.000000,ypos:0.000000,xspeed:1.590000,yspeed:-10.060000,angle:-18.000000,distense:58.800000,rcs:15.000000
