timestame:1619471262.418000000,objid:2,type:0,xpos:0.000000,ypos:0.000000,xspeed:12.680000,yspeed:0.090000,angle:3.360000,distense:105.200000,rcs:26.000000
timestame:1619471262.418000000,objid:6,type:0,xpos:0.000000,ypos:0.000000,xspeed:12.660000,yspeed:-0.210000,angle:3.020000,distense:117.200000,rcs:24.000000
timestame:1619471262.418000000,objid:10,type:0,xpos:0.000000,ypos:0.000000,xspeed:12.650000,yspeed:0.110000,angle:3.810000,distense:93.000000,rcs:29.000000
