timestame:1619469772.587000000,objid:1,type:0,xpos:0.000000,ypos:0.000000,xspeed:3.740000,yspeed:1.500000,angle:-16.770000,distense:26.600000,rcs:20.000000
timestame:1619469772.587000000,objid:3,type:0,xpos:0.000000,ypos:0.000000,xspeed:4.060000,yspeed:1.300000,angle:21.040000,distense:38.400000,rcs:9.000000
timestame:1619469772.587000000,objid:7,type:0,xpos:0.000000,ypos:0.000000,xspeed:3.920000,yspeed:1.740000,angle:-15.820000,distense:36.600000,rcs:25.000000
