timestame:1619471230.126000000,objid:0,type:0,xpos:0.000000,ypos:0.000000,xspeed:6.410000,yspeed:0.220000,angle:2.220000,distense:96.000000,rcs:9.000000
timestame:1619471230.126000000,objid:1,type:0,xpos:0.000000,ypos:0.000000,xspeed:3.170000,yspeed:-5.260000,angle:-18.000000,distense:63.800000,rcs:6.000000
timestame:1619471230.126000000,objid:9,type:0,xpos:0.000000,ypos:0.000000,xspeed:6.600000,yspeed:0.210000,angle:2.150000,distense:87.400000,rcs:40.000000
