timestame:1619469705.758000000,objid:1,type:0,xpos:0.000000,ypos:0.000000,xspeed:-1.430000,yspeed:-3.170000,angle:-18.000000,distense:41.600000,rcs:12.000000
timestame:1619469705.758000000,objid:5,type:0,xpos:0.000000,ypos:0.000000,xspeed:-2.430000,yspeed:-1.170000,angle:-14.270000,distense:56.200000,rcs:12.000000
timestame:1619469705.758000000,objid:6,type:0,xpos:0.000000,ypos:0.000000,xspeed:-1.570000,yspeed:-0.780000,angle:-18.000000,distense:36.800000,rcs:9.000000
timestame:1619469705.758000000,objid:14,type:0,xpos:0.000000,ypos:0.000000,xspeed:-2.530000,yspeed:-2.460000,angle:-18.000000,distense:38.200000,rcs:27.000000
