timestame:1619469930.587000000,objid:0,type:0,xpos:0.000000,ypos:0.000000,xspeed:-2.050000,yspeed:0.830000,angle:-18.000000,distense:40.800000,rcs:12.000000
timestame:1619469930.587000000,objid:1,type:0,xpos:0.000000,ypos:0.000000,xspeed:8.010000,yspeed:0.280000,angle:1.510000,distense:203.400000,rcs:9.000000
timestame:1619469930.587000000,objid:8,type:0,xpos:0.000000,ypos:0.000000,xspeed:7.880000,yspeed:0.170000,angle:1.210000,distense:196.400000,rcs:24.000000
