timestame:1619470616.492000000,objid:0,type:0,xpos:0.000000,ypos:0.000000,xspeed:2.130000,yspeed:-10.080000,angle:-18.000000,distense:69.600000,rcs:6.000000
timestame:1619470616.492000000,objid:1,type:0,xpos:0.000000,ypos:0.000000,xspeed:-30.890000,yspeed:0.000000,angle:-8.350000,distense:103.200000,rcs:12.000000
timestame:1619470616.492000000,objid:10,type:0,xpos:0.000000,ypos:0.000000,xspeed:-1.240000,yspeed:5.600000,angle:20.790000,distense:41.000000,rcs:6.000000
