timestame:1619471307.842000000,objid:0,type:0,xpos:0.000000,ypos:0.000000,xspeed:3.630000,yspeed:0.430000,angle:17.690000,distense:28.000000,rcs:18.000000
timestame:1619471307.842000000,objid:1,type:0,xpos:0.000000,ypos:0.000000,xspeed:4.070000,yspeed:0.000000,angle:21.590000,distense:30.600000,rcs:27.000000
timestame:1619471307.842000000,objid:2,type:0,xpos:0.000000,ypos:0.000000,xspeed:4.490000,yspeed:1.390000,angle:-17.890000,distense:27.000000,rcs:18.000000
