timestame:1619469773.150000000,objid:1,type:0,xpos:0.000000,ypos:0.000000,xspeed:3.720000,yspeed:1.790000,angle:-16.140000,distense:28.800000,rcs:22.000000
timestame:1619469773.150000000,objid:3,type:0,xpos:0.000000,ypos:0.000000,xspeed:4.000000,yspeed:1.320000,angle:20.960000,distense:40.600000,rcs:12.000000
timestame:1619469773.150000000,objid:7,type:0,xpos:0.000000,ypos:0.000000,xspeed:3.730000,yspeed:2.320000,angle:-14.320000,distense:39.000000,rcs:27.000000
