timestame:1619471060.760000000,objid:1,type:0,xpos:0.000000,ypos:0.000000,xspeed:-3.500000,yspeed:-2.410000,angle:-18.000000,distense:28.400000,rcs:9.000000
timestame:1619471060.760000000,objid:8,type:0,xpos:0.000000,ypos:0.000000,xspeed:-1.340000,yspeed:2.980000,angle:-7.700000,distense:37.400000,rcs:15.000000
timestame:1619471060.760000000,objid:9,type:0,xpos:0.000000,ypos:0.000000,xspeed:-2.350000,yspeed:-0.080000,angle:-9.070000,distense:78.400000,rcs:18.000000
timestame:1619471060.760000000,objid:10,type:0,xpos:0.000000,ypos:0.000000,xspeed:-2.220000,yspeed:-0.380000,angle:-18.000000,distense:26.000000,rcs:6.000000
