timestame:1619471451.553000000,objid:3,type:0,xpos:0.000000,ypos:0.000000,xspeed:-2.200000,yspeed:-0.110000,angle:-6.410000,distense:102.000000,rcs:9.000000
timestame:1619471451.553000000,objid:11,type:0,xpos:0.000000,ypos:0.000000,xspeed:-1.720000,yspeed:0.460000,angle:-7.350000,distense:93.600000,rcs:9.000000
timestame:1619471451.553000000,objid:13,type:0,xpos:0.000000,ypos:0.000000,xspeed:-3.890000,yspeed:-0.180000,angle:21.450000,distense:36.000000,rcs:6.000000
