timestame:1619470039.067000000,objid:0,type:0,xpos:0.000000,ypos:0.000000,xspeed:1.970000,yspeed:0.550000,angle:10.510000,distense:31.400000,rcs:6.000000
timestame:1619470039.067000000,objid:1,type:0,xpos:0.000000,ypos:0.000000,xspeed:11.010000,yspeed:-0.030000,angle:1.430000,distense:121.400000,rcs:9.000000
timestame:1619470039.067000000,objid:3,type:0,xpos:0.000000,ypos:0.000000,xspeed:12.610000,yspeed:0.320000,angle:2.180000,distense:92.800000,rcs:20.000000
timestame:1619470039.067000000,objid:5,type:0,xpos:0.000000,ypos:0.000000,xspeed:3.680000,yspeed:0.140000,angle:8.350000,distense:29.400000,rcs:38.000000
