timestame:1619470224.609000000,objid:9,type:0,xpos:0.000000,ypos:0.000000,xspeed:-1.020000,yspeed:4.370000,angle:11.080000,distense:38.800000,rcs:26.000000
timestame:1619470224.609000000,objid:11,type:0,xpos:0.000000,ypos:0.000000,xspeed:-1.890000,yspeed:6.440000,angle:9.550000,distense:38.000000,rcs:6.000000
