timestame:1619471263.532000000,objid:2,type:0,xpos:0.000000,ypos:0.000000,xspeed:12.830000,yspeed:0.060000,angle:2.950000,distense:120.000000,rcs:29.000000
timestame:1619471263.532000000,objid:6,type:0,xpos:0.000000,ypos:0.000000,xspeed:12.790000,yspeed:-0.160000,angle:2.660000,distense:132.000000,rcs:6.000000
timestame:1619471263.532000000,objid:10,type:0,xpos:0.000000,ypos:0.000000,xspeed:12.730000,yspeed:0.070000,angle:3.320000,distense:107.600000,rcs:20.000000
