timestame:1619471533.076000000,objid:2,type:0,xpos:0.000000,ypos:0.000000,xspeed:-6.450000,yspeed:-5.010000,angle:-2.960000,distense:177.800000,rcs:15.000000
timestame:1619471533.076000000,objid:4,type:0,xpos:0.000000,ypos:0.000000,xspeed:-13.400000,yspeed:-0.600000,angle:-3.120000,distense:180.800000,rcs:9.000000
timestame:1619471533.076000000,objid:6,type:0,xpos:0.000000,ypos:0.000000,xspeed:2.510000,yspeed:3.270000,angle:12.290000,distense:45.400000,rcs:33.000000
timestame:1619471533.076000000,objid:10,type:0,xpos:0.000000,ypos:0.000000,xspeed:-13.170000,yspeed:-2.740000,angle:-3.890000,distense:188.600000,rcs:9.000000
