timestame:1619471084.283000000,objid:4,type:0,xpos:0.000000,ypos:0.000000,xspeed:4.360000,yspeed:0.150000,angle:1.510000,distense:37.800000,rcs:31.000000
timestame:1619471084.283000000,objid:10,type:0,xpos:0.000000,ypos:0.000000,xspeed:5.900000,yspeed:0.480000,angle:2.310000,distense:54.800000,rcs:6.000000
timestame:1619471084.283000000,objid:11,type:0,xpos:0.000000,ypos:0.000000,xspeed:1.290000,yspeed:-0.020000,angle:2.430000,distense:15.600000,rcs:48.000000
