timestame:1619470596.284000000,objid:1,type:0,xpos:0.000000,ypos:0.000000,xspeed:6.120000,yspeed:2.590000,angle:-16.430000,distense:33.600000,rcs:25.000000
timestame:1619470596.284000000,objid:5,type:0,xpos:0.000000,ypos:0.000000,xspeed:5.240000,yspeed:3.910000,angle:-12.790000,distense:44.400000,rcs:21.000000
