timestame:1619470703.437000000,objid:0,type:0,xpos:0.000000,ypos:0.000000,xspeed:4.060000,yspeed:2.520000,angle:22.640000,distense:34.000000,rcs:20.000000
timestame:1619470703.437000000,objid:1,type:0,xpos:0.000000,ypos:0.000000,xspeed:10.630000,yspeed:-0.080000,angle:2.790000,distense:133.000000,rcs:9.000000
timestame:1619470703.437000000,objid:2,type:0,xpos:0.000000,ypos:0.000000,xspeed:-8.360000,yspeed:-0.320000,angle:-15.180000,distense:77.200000,rcs:9.000000
