timestame:1619470766.666000000,objid:0,type:0,xpos:0.000000,ypos:0.000000,xspeed:-12.770000,yspeed:-6.270000,angle:-4.190000,distense:191.600000,rcs:18.000000
timestame:1619470766.666000000,objid:9,type:0,xpos:0.000000,ypos:0.000000,xspeed:6.720000,yspeed:0.290000,angle:2.590000,distense:49.000000,rcs:28.000000
