timestame:1619470491.595000000,objid:0,type:0,xpos:0.000000,ypos:0.000000,xspeed:1.670000,yspeed:-4.730000,angle:14.510000,distense:45.800000,rcs:32.000000
timestame:1619470491.595000000,objid:2,type:0,xpos:0.000000,ypos:0.000000,xspeed:1.730000,yspeed:-5.710000,angle:22.700000,distense:57.400000,rcs:12.000000
timestame:1619470491.595000000,objid:3,type:0,xpos:0.000000,ypos:0.000000,xspeed:-6.270000,yspeed:-8.720000,angle:19.050000,distense:42.800000,rcs:31.000000
