timestame:1619469567.394000000,objid:2,type:0,xpos:0.000000,ypos:0.000000,xspeed:-1.090000,yspeed:-4.080000,angle:-4.650000,distense:37.600000,rcs:28.000000
timestame:1619469567.394000000,objid:5,type:0,xpos:0.000000,ypos:0.000000,xspeed:-1.390000,yspeed:-2.420000,angle:-15.130000,distense:48.600000,rcs:6.000000
timestame:1619469567.394000000,objid:8,type:0,xpos:0.000000,ypos:0.000000,xspeed:4.850000,yspeed:-5.950000,angle:1.110000,distense:60.400000,rcs:13.000000
timestame:1619469567.394000000,objid:11,type:0,xpos:0.000000,ypos:0.000000,xspeed:-2.150000,yspeed:-4.940000,angle:-10.970000,distense:35.200000,rcs:28.000000
