timestame:1619469623.361000000,objid:1,type:0,xpos:0.000000,ypos:0.000000,xspeed:-4.040000,yspeed:-0.050000,angle:-16.770000,distense:57.200000,rcs:25.000000
timestame:1619469623.361000000,objid:2,type:0,xpos:0.000000,ypos:0.000000,xspeed:-3.740000,yspeed:-0.110000,angle:-14.010000,distense:70.200000,rcs:29.000000
timestame:1619469623.361000000,objid:4,type:0,xpos:0.000000,ypos:0.000000,xspeed:-14.310000,yspeed:-0.360000,angle:-10.580000,distense:64.400000,rcs:24.000000
