timestame:1619470874.921000000,objid:4,type:0,xpos:0.000000,ypos:0.000000,xspeed:3.270000,yspeed:0.050000,angle:0.370000,distense:24.600000,rcs:6.000000
timestame:1619470874.921000000,objid:5,type:0,xpos:0.000000,ypos:0.000000,xspeed:2.350000,yspeed:-0.020000,angle:-5.380000,distense:14.000000,rcs:35.000000
timestame:1619470874.921000000,objid:9,type:0,xpos:0.000000,ypos:0.000000,xspeed:1.830000,yspeed:0.810000,angle:3.910000,distense:19.800000,rcs:45.000000
timestame:1619470874.921000000,objid:11,type:0,xpos:0.000000,ypos:0.000000,xspeed:4.830000,yspeed:-0.400000,angle:-0.590000,distense:40.600000,rcs:6.000000
