timestame:1619470051.964000000,objid:0,type:0,xpos:0.000000,ypos:0.000000,xspeed:7.410000,yspeed:-0.140000,angle:2.990000,distense:120.000000,rcs:12.000000
timestame:1619470051.964000000,objid:5,type:0,xpos:0.000000,ypos:0.000000,xspeed:7.410000,yspeed:0.070000,angle:3.570000,distense:110.400000,rcs:19.000000
