timestame:1619469822.851000000,objid:2,type:0,xpos:0.000000,ypos:0.000000,xspeed:-1.700000,yspeed:-4.870000,angle:-12.460000,distense:41.600000,rcs:32.000000
timestame:1619469822.851000000,objid:11,type:0,xpos:0.000000,ypos:0.000000,xspeed:-4.390000,yspeed:0.500000,angle:-5.760000,distense:135.600000,rcs:12.000000
