timestame:1619470201.669000000,objid:0,type:0,xpos:0.000000,ypos:0.000000,xspeed:1.020000,yspeed:-3.440000,angle:5.400000,distense:140.800000,rcs:24.000000
timestame:1619470201.669000000,objid:1,type:0,xpos:0.000000,ypos:0.000000,xspeed:2.430000,yspeed:7.100000,angle:6.730000,distense:160.000000,rcs:13.000000
