timestame:1619471260.307000000,objid:2,type:0,xpos:0.000000,ypos:0.000000,xspeed:12.340000,yspeed:0.380000,angle:4.580000,distense:78.200000,rcs:31.000000
timestame:1619471260.307000000,objid:6,type:0,xpos:0.000000,ypos:0.000000,xspeed:12.430000,yspeed:-0.040000,angle:4.320000,distense:90.600000,rcs:20.000000
timestame:1619471260.307000000,objid:10,type:0,xpos:0.000000,ypos:0.000000,xspeed:12.340000,yspeed:0.640000,angle:5.400000,distense:66.400000,rcs:24.000000
