timestame:1619470559.970000000,objid:0,type:0,xpos:0.000000,ypos:0.000000,xspeed:4.900000,yspeed:-0.400000,angle:2.900000,distense:190.600000,rcs:9.000000
timestame:1619470559.970000000,objid:1,type:0,xpos:0.000000,ypos:0.000000,xspeed:4.860000,yspeed:0.040000,angle:4.650000,distense:181.400000,rcs:15.000000
timestame:1619470559.970000000,objid:2,type:0,xpos:0.000000,ypos:0.000000,xspeed:1.350000,yspeed:4.610000,angle:-3.840000,distense:44.400000,rcs:9.000000
timestame:1619470559.970000000,objid:3,type:0,xpos:0.000000,ypos:0.000000,xspeed:7.730000,yspeed:0.090000,angle:1.860000,distense:60.800000,rcs:32.000000
