timestame:1619470444.376000000,objid:1,type:0,xpos:0.000000,ypos:0.000000,xspeed:17.280000,yspeed:0.220000,angle:1.600000,distense:133.200000,rcs:6.000000
timestame:1619470444.376000000,objid:2,type:0,xpos:0.000000,ypos:0.000000,xspeed:4.060000,yspeed:-0.030000,angle:8.030000,distense:92.400000,rcs:15.000000
