timestame:1619470167.549000000,objid:0,type:0,xpos:0.000000,ypos:0.000000,xspeed:5.710000,yspeed:0.200000,angle:2.130000,distense:40.200000,rcs:34.000000
timestame:1619470167.549000000,objid:3,type:0,xpos:0.000000,ypos:0.000000,xspeed:7.480000,yspeed:0.400000,angle:6.020000,distense:71.600000,rcs:33.000000
