timestame:1619471551.679000000,objid:7,type:0,xpos:0.000000,ypos:0.000000,xspeed:-2.030000,yspeed:-3.540000,angle:-12.440000,distense:63.200000,rcs:9.000000
timestame:1619471551.679000000,objid:13,type:0,xpos:0.000000,ypos:0.000000,xspeed:3.700000,yspeed:0.950000,angle:21.630000,distense:25.600000,rcs:29.000000
timestame:1619471551.679000000,objid:14,type:0,xpos:0.000000,ypos:0.000000,xspeed:3.620000,yspeed:-6.470000,angle:-8.240000,distense:59.600000,rcs:18.000000
timestame:1619471551.679000000,objid:15,type:0,xpos:0.000000,ypos:0.000000,xspeed:-1.700000,yspeed:-2.920000,angle:-18.000000,distense:35.200000,rcs:20.000000
