timestame:1619470631.136000000,objid:1,type:0,xpos:0.000000,ypos:0.000000,xspeed:-7.280000,yspeed:-0.800000,angle:-9.580000,distense:88.600000,rcs:15.000000
timestame:1619470631.136000000,objid:2,type:0,xpos:0.000000,ypos:0.000000,xspeed:-4.080000,yspeed:0.000000,angle:-8.610000,distense:91.600000,rcs:12.000000
