timestame:1619470490.777000000,objid:0,type:0,xpos:0.000000,ypos:0.000000,xspeed:1.420000,yspeed:-5.370000,angle:18.980000,distense:45.200000,rcs:27.000000
timestame:1619470490.777000000,objid:5,type:0,xpos:0.000000,ypos:0.000000,xspeed:-2.060000,yspeed:-0.990000,angle:-18.000000,distense:29.800000,rcs:6.000000
timestame:1619470490.777000000,objid:8,type:0,xpos:0.000000,ypos:0.000000,xspeed:1.380000,yspeed:8.530000,angle:-12.190000,distense:50.200000,rcs:16.000000
