timestame:1619470074.693000000,objid:3,type:0,xpos:0.000000,ypos:0.000000,xspeed:-1.200000,yspeed:2.140000,angle:21.630000,distense:47.800000,rcs:29.000000
timestame:1619470074.693000000,objid:4,type:0,xpos:0.000000,ypos:0.000000,xspeed:-1.190000,yspeed:1.880000,angle:-14.570000,distense:42.800000,rcs:18.000000
timestame:1619470074.693000000,objid:8,type:0,xpos:0.000000,ypos:0.000000,xspeed:1.320000,yspeed:3.130000,angle:-4.170000,distense:44.800000,rcs:6.000000
