timestame:1619470691.292000000,objid:1,type:0,xpos:0.000000,ypos:0.000000,xspeed:2.970000,yspeed:-0.040000,angle:7.410000,distense:32.600000,rcs:22.000000
timestame:1619470691.292000000,objid:2,type:0,xpos:0.000000,ypos:0.000000,xspeed:-1.310000,yspeed:0.130000,angle:-18.000000,distense:39.600000,rcs:13.000000
timestame:1619470691.292000000,objid:3,type:0,xpos:0.000000,ypos:0.000000,xspeed:-8.530000,yspeed:-0.600000,angle:-18.000000,distense:33.600000,rcs:15.000000
timestame:1619470691.292000000,objid:8,type:0,xpos:0.000000,ypos:0.000000,xspeed:-3.290000,yspeed:0.060000,angle:-18.000000,distense:27.800000,rcs:6.000000
