timestame:1619470124.162000000,objid:1,type:0,xpos:0.000000,ypos:0.000000,xspeed:3.770000,yspeed:4.490000,angle:-17.250000,distense:36.000000,rcs:12.000000
timestame:1619470124.162000000,objid:3,type:0,xpos:0.000000,ypos:0.000000,xspeed:-7.580000,yspeed:0.000000,angle:11.140000,distense:42.200000,rcs:13.000000
timestame:1619470124.162000000,objid:4,type:0,xpos:0.000000,ypos:0.000000,xspeed:3.880000,yspeed:1.070000,angle:22.760000,distense:28.400000,rcs:24.000000
timestame:1619470124.162000000,objid:6,type:0,xpos:0.000000,ypos:0.000000,xspeed:4.490000,yspeed:2.560000,angle:-16.740000,distense:34.600000,rcs:30.000000
