timestame:1619469884.142000000,objid:1,type:0,xpos:0.000000,ypos:0.000000,xspeed:1.480000,yspeed:0.080000,angle:4.060000,distense:13.400000,rcs:44.000000
timestame:1619469884.142000000,objid:5,type:0,xpos:0.000000,ypos:0.000000,xspeed:-1.830000,yspeed:-0.110000,angle:-13.510000,distense:72.200000,rcs:15.000000
timestame:1619469884.142000000,objid:13,type:0,xpos:0.000000,ypos:0.000000,xspeed:-1.540000,yspeed:-0.270000,angle:-9.450000,distense:75.800000,rcs:24.000000
timestame:1619469884.142000000,objid:16,type:0,xpos:0.000000,ypos:0.000000,xspeed:-1.270000,yspeed:-0.660000,angle:-7.890000,distense:86.800000,rcs:13.000000
