timestame:1619469917.568000000,objid:1,type:0,xpos:0.000000,ypos:0.000000,xspeed:5.620000,yspeed:0.140000,angle:1.570000,distense:115.400000,rcs:9.000000
timestame:1619469917.568000000,objid:8,type:0,xpos:0.000000,ypos:0.000000,xspeed:5.700000,yspeed:0.020000,angle:1.510000,distense:108.600000,rcs:31.000000
