timestame:1619470950.777000000,objid:2,type:0,xpos:0.000000,ypos:0.000000,xspeed:22.920000,yspeed:-0.640000,angle:1.240000,distense:51.600000,rcs:6.000000
timestame:1619470950.777000000,objid:3,type:0,xpos:0.000000,ypos:0.000000,xspeed:1.720000,yspeed:0.100000,angle:1.270000,distense:43.800000,rcs:6.000000
timestame:1619470950.777000000,objid:7,type:0,xpos:0.000000,ypos:0.000000,xspeed:3.200000,yspeed:0.000000,angle:3.080000,distense:37.800000,rcs:19.000000
