timestame:1619470343.133000000,objid:2,type:0,xpos:0.000000,ypos:0.000000,xspeed:-1.390000,yspeed:-2.980000,angle:21.000000,distense:42.200000,rcs:20.000000
timestame:1619470343.133000000,objid:3,type:0,xpos:0.000000,ypos:0.000000,xspeed:1.530000,yspeed:-6.590000,angle:-16.960000,distense:50.800000,rcs:12.000000
timestame:1619470343.133000000,objid:6,type:0,xpos:0.000000,ypos:0.000000,xspeed:-2.260000,yspeed:5.000000,angle:-18.000000,distense:37.600000,rcs:9.000000
