timestame:1619469657.386000000,objid:1,type:0,xpos:0.000000,ypos:0.000000,xspeed:2.530000,yspeed:3.640000,angle:-4.990000,distense:45.200000,rcs:6.000000
timestame:1619469657.386000000,objid:7,type:0,xpos:0.000000,ypos:0.000000,xspeed:24.450000,yspeed:0.430000,angle:1.030000,distense:195.600000,rcs:9.000000
timestame:1619469657.386000000,objid:8,type:0,xpos:0.000000,ypos:0.000000,xspeed:2.460000,yspeed:3.030000,angle:-10.970000,distense:39.000000,rcs:9.000000
