timestame:1619469631.571000000,objid:2,type:0,xpos:0.000000,ypos:0.000000,xspeed:-6.300000,yspeed:-0.500000,angle:-18.000000,distense:30.200000,rcs:9.000000
timestame:1619469631.571000000,objid:6,type:0,xpos:0.000000,ypos:0.000000,xspeed:-9.920000,yspeed:-0.190000,angle:-6.810000,distense:71.000000,rcs:19.000000
timestame:1619469631.571000000,objid:7,type:0,xpos:0.000000,ypos:0.000000,xspeed:-6.880000,yspeed:-0.520000,angle:-18.000000,distense:33.400000,rcs:6.000000
