timestame:1619470202.285000000,objid:0,type:0,xpos:0.000000,ypos:0.000000,xspeed:1.420000,yspeed:-1.980000,angle:5.380000,distense:141.800000,rcs:21.000000
timestame:1619470202.285000000,objid:1,type:0,xpos:0.000000,ypos:0.000000,xspeed:2.320000,yspeed:0.930000,angle:6.410000,distense:161.200000,rcs:13.000000
timestame:1619470202.285000000,objid:2,type:0,xpos:0.000000,ypos:0.000000,xspeed:1.510000,yspeed:1.170000,angle:5.380000,distense:157.400000,rcs:6.000000
