timestame:1619469558.547000000,objid:1,type:0,xpos:0.000000,ypos:0.000000,xspeed:5.910000,yspeed:-9.300000,angle:15.500000,distense:43.600000,rcs:6.000000
timestame:1619469558.547000000,objid:9,type:0,xpos:0.000000,ypos:0.000000,xspeed:-1.810000,yspeed:8.380000,angle:-14.280000,distense:42.000000,rcs:6.000000
timestame:1619469558.547000000,objid:13,type:0,xpos:0.000000,ypos:0.000000,xspeed:1.690000,yspeed:-5.800000,angle:-13.700000,distense:55.400000,rcs:16.000000
