timestame:1619471532.222000000,objid:4,type:0,xpos:0.000000,ypos:0.000000,xspeed:-13.510000,yspeed:1.890000,angle:-2.370000,distense:192.800000,rcs:9.000000
timestame:1619471532.222000000,objid:6,type:0,xpos:0.000000,ypos:0.000000,xspeed:1.450000,yspeed:4.560000,angle:9.670000,distense:42.000000,rcs:38.000000
timestame:1619471532.222000000,objid:7,type:0,xpos:0.000000,ypos:0.000000,xspeed:2.260000,yspeed:-9.030000,angle:13.390000,distense:52.600000,rcs:20.000000
timestame:1619471532.222000000,objid:10,type:0,xpos:0.000000,ypos:0.000000,xspeed:-14.970000,yspeed:1.610000,angle:-2.710000,distense:199.600000,rcs:13.000000
