timestame:1619470703.187000000,objid:0,type:0,xpos:0.000000,ypos:0.000000,xspeed:4.080000,yspeed:2.470000,angle:22.200000,distense:33.000000,rcs:18.000000
timestame:1619470703.187000000,objid:1,type:0,xpos:0.000000,ypos:0.000000,xspeed:10.490000,yspeed:-0.110000,angle:2.840000,distense:130.200000,rcs:13.000000
timestame:1619470703.187000000,objid:2,type:0,xpos:0.000000,ypos:0.000000,xspeed:-8.500000,yspeed:-0.280000,angle:-14.750000,distense:78.800000,rcs:13.000000
