timestame:1619469788.750000000,objid:1,type:0,xpos:0.000000,ypos:0.000000,xspeed:-16.160000,yspeed:-0.510000,angle:-14.260000,distense:65.400000,rcs:19.000000
timestame:1619469788.750000000,objid:4,type:0,xpos:0.000000,ypos:0.000000,xspeed:-16.660000,yspeed:-0.710000,angle:-18.000000,distense:56.200000,rcs:18.000000
