timestame:1619469785.090000000,objid:2,type:0,xpos:0.000000,ypos:0.000000,xspeed:16.980000,yspeed:-0.100000,angle:0.870000,distense:179.200000,rcs:15.000000
timestame:1619469785.090000000,objid:4,type:0,xpos:0.000000,ypos:0.000000,xspeed:-17.470000,yspeed:-0.300000,angle:-7.500000,distense:115.000000,rcs:19.000000
timestame:1619469785.090000000,objid:10,type:0,xpos:0.000000,ypos:0.000000,xspeed:16.760000,yspeed:0.260000,angle:1.270000,distense:166.200000,rcs:25.000000
