timestame:1619470052.836000000,objid:0,type:0,xpos:0.000000,ypos:0.000000,xspeed:7.670000,yspeed:-0.120000,angle:2.760000,distense:127.200000,rcs:6.000000
timestame:1619470052.836000000,objid:5,type:0,xpos:0.000000,ypos:0.000000,xspeed:7.860000,yspeed:0.050000,angle:3.340000,distense:118.000000,rcs:20.000000
