timestame:1619470536.535000000,objid:0,type:0,xpos:0.000000,ypos:0.000000,xspeed:5.420000,yspeed:2.100000,angle:18.910000,distense:36.400000,rcs:27.000000
timestame:1619470536.535000000,objid:1,type:0,xpos:0.000000,ypos:0.000000,xspeed:21.440000,yspeed:4.400000,angle:15.660000,distense:38.800000,rcs:13.000000
timestame:1619470536.535000000,objid:2,type:0,xpos:0.000000,ypos:0.000000,xspeed:-3.270000,yspeed:1.700000,angle:-10.150000,distense:91.000000,rcs:20.000000
timestame:1619470536.535000000,objid:7,type:0,xpos:0.000000,ypos:0.000000,xspeed:8.530000,yspeed:3.980000,angle:20.310000,distense:26.200000,rcs:27.000000
