timestame:1619470362.482000000,objid:1,type:0,xpos:0.000000,ypos:0.000000,xspeed:-1.600000,yspeed:-1.980000,angle:-18.000000,distense:39.000000,rcs:6.000000
timestame:1619470362.482000000,objid:3,type:0,xpos:0.000000,ypos:0.000000,xspeed:-19.230000,yspeed:0.000000,angle:21.070000,distense:49.000000,rcs:20.000000
timestame:1619470362.482000000,objid:4,type:0,xpos:0.000000,ypos:0.000000,xspeed:-1.130000,yspeed:6.910000,angle:-10.790000,distense:43.800000,rcs:6.000000
timestame:1619470362.482000000,objid:11,type:0,xpos:0.000000,ypos:0.000000,xspeed:-2.530000,yspeed:6.240000,angle:11.110000,distense:39.600000,rcs:33.000000
