timestame:1619470512.222000000,objid:1,type:0,xpos:0.000000,ypos:0.000000,xspeed:-1.460000,yspeed:-1.980000,angle:2.670000,distense:42.800000,rcs:37.000000
timestame:1619470512.222000000,objid:6,type:0,xpos:0.000000,ypos:0.000000,xspeed:2.820000,yspeed:0.430000,angle:3.470000,distense:13.200000,rcs:34.000000
timestame:1619470512.222000000,objid:8,type:0,xpos:0.000000,ypos:0.000000,xspeed:-4.590000,yspeed:-3.230000,angle:2.880000,distense:66.000000,rcs:20.000000
timestame:1619470512.222000000,objid:10,type:0,xpos:0.000000,ypos:0.000000,xspeed:3.070000,yspeed:0.010000,angle:0.470000,distense:17.800000,rcs:15.000000
