timestame:1619469915.896000000,objid:1,type:0,xpos:0.000000,ypos:0.000000,xspeed:5.430000,yspeed:0.130000,angle:1.650000,distense:105.800000,rcs:24.000000
timestame:1619469915.896000000,objid:2,type:0,xpos:0.000000,ypos:0.000000,xspeed:13.500000,yspeed:0.330000,angle:2.440000,distense:206.600000,rcs:33.000000
timestame:1619469915.896000000,objid:8,type:0,xpos:0.000000,ypos:0.000000,xspeed:5.310000,yspeed:0.020000,angle:1.650000,distense:98.600000,rcs:20.000000
