timestame:1619470061.422000000,objid:1,type:0,xpos:0.000000,ypos:0.000000,xspeed:-20.800000,yspeed:0.850000,angle:-4.680000,distense:142.800000,rcs:12.000000
timestame:1619470061.422000000,objid:2,type:0,xpos:0.000000,ypos:0.000000,xspeed:-8.500000,yspeed:-0.220000,angle:-5.960000,distense:74.200000,rcs:26.000000
timestame:1619470061.422000000,objid:4,type:0,xpos:0.000000,ypos:0.000000,xspeed:-3.200000,yspeed:-3.210000,angle:-6.880000,distense:71.400000,rcs:22.000000
timestame:1619470061.422000000,objid:5,type:0,xpos:0.000000,ypos:0.000000,xspeed:9.920000,yspeed:0.470000,angle:2.850000,distense:200.400000,rcs:15.000000
