timestame:1619469890.826000000,objid:2,type:0,xpos:0.000000,ypos:0.000000,xspeed:-4.070000,yspeed:-0.080000,angle:-14.570000,distense:52.800000,rcs:22.000000
timestame:1619469890.826000000,objid:5,type:0,xpos:0.000000,ypos:0.000000,xspeed:-2.950000,yspeed:0.000000,angle:-18.000000,distense:55.400000,rcs:25.000000
timestame:1619469890.826000000,objid:10,type:0,xpos:0.000000,ypos:0.000000,xspeed:-13.410000,yspeed:0.000000,angle:-4.060000,distense:159.400000,rcs:12.000000
timestame:1619469890.826000000,objid:16,type:0,xpos:0.000000,ypos:0.000000,xspeed:-3.760000,yspeed:-0.070000,angle:-11.660000,distense:64.200000,rcs:24.000000
