timestame:1619471136.006000000,objid:4,type:0,xpos:0.000000,ypos:0.000000,xspeed:3.760000,yspeed:-2.680000,angle:11.970000,distense:40.200000,rcs:26.000000
timestame:1619471136.006000000,objid:7,type:0,xpos:0.000000,ypos:0.000000,xspeed:-21.570000,yspeed:-13.770000,angle:-3.720000,distense:18.800000,rcs:9.000000
