timestame:1619470492.898000000,objid:2,type:0,xpos:0.000000,ypos:0.000000,xspeed:1.550000,yspeed:-5.690000,angle:15.000000,distense:56.800000,rcs:12.000000
timestame:1619470492.898000000,objid:3,type:0,xpos:0.000000,ypos:0.000000,xspeed:1.730000,yspeed:-4.580000,angle:9.900000,distense:44.800000,rcs:31.000000
