timestame:1619470941.035000000,objid:1,type:0,xpos:0.000000,ypos:0.000000,xspeed:-4.510000,yspeed:0.030000,angle:-14.650000,distense:63.000000,rcs:12.000000
timestame:1619470941.035000000,objid:5,type:0,xpos:0.000000,ypos:0.000000,xspeed:-5.350000,yspeed:0.840000,angle:-14.350000,distense:66.200000,rcs:22.000000
timestame:1619470941.035000000,objid:10,type:0,xpos:0.000000,ypos:0.000000,xspeed:-4.250000,yspeed:0.280000,angle:-10.990000,distense:64.400000,rcs:20.000000
