timestame:1619469563.737000000,objid:7,type:0,xpos:0.000000,ypos:0.000000,xspeed:-1.350000,yspeed:-3.550000,angle:22.550000,distense:43.000000,rcs:25.000000
timestame:1619469563.737000000,objid:14,type:0,xpos:0.000000,ypos:0.000000,xspeed:-4.220000,yspeed:-2.210000,angle:-16.650000,distense:44.600000,rcs:24.000000
