timestame:1619469713.009000000,objid:1,type:0,xpos:0.000000,ypos:0.000000,xspeed:-4.180000,yspeed:-1.750000,angle:-18.000000,distense:28.400000,rcs:6.000000
timestame:1619469713.009000000,objid:3,type:0,xpos:0.000000,ypos:0.000000,xspeed:12.660000,yspeed:-1.350000,angle:1.640000,distense:130.200000,rcs:16.000000
timestame:1619469713.009000000,objid:6,type:0,xpos:0.000000,ypos:0.000000,xspeed:-1.450000,yspeed:6.640000,angle:1.620000,distense:37.400000,rcs:13.000000
