timestame:1619470774.734000000,objid:0,type:0,xpos:0.000000,ypos:0.000000,xspeed:-9.290000,yspeed:-0.160000,angle:-7.820000,distense:110.400000,rcs:18.000000
timestame:1619470774.734000000,objid:1,type:0,xpos:0.000000,ypos:0.000000,xspeed:-4.610000,yspeed:0.580000,angle:-7.140000,distense:115.800000,rcs:20.000000
timestame:1619470774.734000000,objid:2,type:0,xpos:0.000000,ypos:0.000000,xspeed:17.730000,yspeed:0.400000,angle:1.430000,distense:165.200000,rcs:9.000000
