timestame:1619471498.855000000,objid:0,type:0,xpos:0.000000,ypos:0.000000,xspeed:7.670000,yspeed:0.050000,angle:1.760000,distense:88.000000,rcs:29.000000
timestame:1619471498.855000000,objid:3,type:0,xpos:0.000000,ypos:0.000000,xspeed:7.530000,yspeed:0.020000,angle:3.430000,distense:117.400000,rcs:13.000000
timestame:1619471498.855000000,objid:5,type:0,xpos:0.000000,ypos:0.000000,xspeed:6.490000,yspeed:-0.060000,angle:1.380000,distense:93.200000,rcs:19.000000
timestame:1619471498.855000000,objid:10,type:0,xpos:0.000000,ypos:0.000000,xspeed:7.020000,yspeed:0.410000,angle:5.740000,distense:77.200000,rcs:26.000000
