timestame:1619470484.297000000,objid:1,type:0,xpos:0.000000,ypos:0.000000,xspeed:-3.620000,yspeed:-0.210000,angle:-8.610000,distense:82.800000,rcs:20.000000
timestame:1619470484.297000000,objid:2,type:0,xpos:0.000000,ypos:0.000000,xspeed:1.210000,yspeed:-4.210000,angle:10.770000,distense:61.800000,rcs:9.000000
timestame:1619470484.297000000,objid:3,type:0,xpos:0.000000,ypos:0.000000,xspeed:1.030000,yspeed:-3.010000,angle:12.750000,distense:45.400000,rcs:9.000000
timestame:1619470484.297000000,objid:5,type:0,xpos:0.000000,ypos:0.000000,xspeed:-4.190000,yspeed:-5.500000,angle:-10.440000,distense:60.600000,rcs:9.000000
