timestame:1619470019.587000000,objid:7,type:0,xpos:0.000000,ypos:0.000000,xspeed:-3.640000,yspeed:-1.580000,angle:-18.000000,distense:25.200000,rcs:6.000000
timestame:1619470019.587000000,objid:11,type:0,xpos:0.000000,ypos:0.000000,xspeed:-1.160000,yspeed:-3.100000,angle:-18.000000,distense:37.200000,rcs:22.000000
timestame:1619470019.587000000,objid:13,type:0,xpos:0.000000,ypos:0.000000,xspeed:-2.110000,yspeed:5.110000,angle:-13.040000,distense:42.600000,rcs:20.000000
timestame:1619470019.587000000,objid:15,type:0,xpos:0.000000,ypos:0.000000,xspeed:-1.770000,yspeed:-2.540000,angle:-18.000000,distense:35.200000,rcs:22.000000
