timestame:1619470027.690000000,objid:1,type:0,xpos:0.000000,ypos:0.000000,xspeed:4.680000,yspeed:0.710000,angle:1.510000,distense:20.400000,rcs:28.000000
timestame:1619470027.690000000,objid:2,type:0,xpos:0.000000,ypos:0.000000,xspeed:6.080000,yspeed:0.330000,angle:2.480000,distense:35.600000,rcs:34.000000
