timestame:1619470963.059000000,objid:0,type:0,xpos:0.000000,ypos:0.000000,xspeed:3.590000,yspeed:0.200000,angle:6.890000,distense:48.000000,rcs:36.000000
timestame:1619470963.059000000,objid:6,type:0,xpos:0.000000,ypos:0.000000,xspeed:10.040000,yspeed:0.480000,angle:1.900000,distense:92.600000,rcs:34.000000
timestame:1619470963.059000000,objid:9,type:0,xpos:0.000000,ypos:0.000000,xspeed:9.700000,yspeed:0.190000,angle:2.260000,distense:110.800000,rcs:9.000000
timestame:1619470963.059000000,objid:12,type:0,xpos:0.000000,ypos:0.000000,xspeed:3.060000,yspeed:0.010000,angle:5.270000,distense:57.800000,rcs:27.000000
