timestame:1619471369.746000000,objid:1,type:0,xpos:0.000000,ypos:0.000000,xspeed:8.270000,yspeed:-0.120000,angle:2.600000,distense:139.200000,rcs:9.000000
timestame:1619471369.746000000,objid:7,type:0,xpos:0.000000,ypos:0.000000,xspeed:11.030000,yspeed:0.280000,angle:1.580000,distense:183.600000,rcs:24.000000
