timestame:1619471307.340000000,objid:0,type:0,xpos:0.000000,ypos:0.000000,xspeed:3.610000,yspeed:0.510000,angle:18.580000,distense:26.400000,rcs:22.000000
timestame:1619471307.340000000,objid:2,type:0,xpos:0.000000,ypos:0.000000,xspeed:4.680000,yspeed:2.050000,angle:-16.630000,distense:25.000000,rcs:6.000000
