timestame:1619470071.714000000,objid:3,type:0,xpos:0.000000,ypos:0.000000,xspeed:-1.500000,yspeed:2.830000,angle:13.930000,distense:49.000000,rcs:33.000000
timestame:1619470071.714000000,objid:4,type:0,xpos:0.000000,ypos:0.000000,xspeed:-1.530000,yspeed:2.660000,angle:17.870000,distense:44.000000,rcs:29.000000
timestame:1619470071.714000000,objid:8,type:0,xpos:0.000000,ypos:0.000000,xspeed:2.540000,yspeed:2.350000,angle:-13.000000,distense:36.800000,rcs:20.000000
