timestame:1619469623.614000000,objid:1,type:0,xpos:0.000000,ypos:0.000000,xspeed:-4.120000,yspeed:-0.110000,angle:-17.220000,distense:56.000000,rcs:26.000000
timestame:1619469623.614000000,objid:2,type:0,xpos:0.000000,ypos:0.000000,xspeed:-3.830000,yspeed:-0.130000,angle:-14.280000,distense:69.000000,rcs:30.000000
timestame:1619469623.614000000,objid:4,type:0,xpos:0.000000,ypos:0.000000,xspeed:-14.050000,yspeed:-0.440000,angle:-11.300000,distense:61.600000,rcs:21.000000
