timestame:1619470912.495000000,objid:0,type:0,xpos:0.000000,ypos:0.000000,xspeed:6.300000,yspeed:3.040000,angle:21.820000,distense:27.000000,rcs:23.000000
timestame:1619470912.495000000,objid:2,type:0,xpos:0.000000,ypos:0.000000,xspeed:16.540000,yspeed:-13.980000,angle:-0.790000,distense:48.200000,rcs:6.000000
timestame:1619470912.495000000,objid:7,type:0,xpos:0.000000,ypos:0.000000,xspeed:4.160000,yspeed:2.090000,angle:22.730000,distense:38.200000,rcs:15.000000
timestame:1619470912.495000000,objid:10,type:0,xpos:0.000000,ypos:0.000000,xspeed:5.800000,yspeed:-1.340000,angle:21.710000,distense:32.200000,rcs:18.000000
