timestame:1619470161.774000000,objid:0,type:0,xpos:0.000000,ypos:0.000000,xspeed:-15.360000,yspeed:-1.200000,angle:-18.000000,distense:29.400000,rcs:6.000000
timestame:1619470161.774000000,objid:2,type:0,xpos:0.000000,ypos:0.000000,xspeed:2.540000,yspeed:0.440000,angle:9.860000,distense:28.400000,rcs:25.000000
timestame:1619470161.774000000,objid:3,type:0,xpos:0.000000,ypos:0.000000,xspeed:4.060000,yspeed:0.210000,angle:8.130000,distense:32.000000,rcs:36.000000
timestame:1619470161.774000000,objid:5,type:0,xpos:0.000000,ypos:0.000000,xspeed:-8.860000,yspeed:-1.990000,angle:-18.000000,distense:28.200000,rcs:6.000000
