timestame:1619470617.113000000,objid:0,type:0,xpos:0.000000,ypos:0.000000,xspeed:2.150000,yspeed:-10.170000,angle:-18.000000,distense:74.400000,rcs:6.000000
timestame:1619470617.113000000,objid:1,type:0,xpos:0.000000,ypos:0.000000,xspeed:-21.380000,yspeed:-1.470000,angle:-7.950000,distense:108.000000,rcs:13.000000
