timestame:1619471210.978000000,objid:0,type:0,xpos:0.000000,ypos:0.000000,xspeed:-8.040000,yspeed:-1.140000,angle:-18.000000,distense:46.400000,rcs:22.000000
timestame:1619471210.978000000,objid:3,type:0,xpos:0.000000,ypos:0.000000,xspeed:-6.070000,yspeed:-0.020000,angle:-18.000000,distense:29.200000,rcs:6.000000
timestame:1619471210.978000000,objid:4,type:0,xpos:0.000000,ypos:0.000000,xspeed:-10.160000,yspeed:-1.670000,angle:-18.000000,distense:47.800000,rcs:19.000000
timestame:1619471210.978000000,objid:5,type:0,xpos:0.000000,ypos:0.000000,xspeed:-6.370000,yspeed:-0.620000,angle:-18.000000,distense:45.200000,rcs:13.000000
