timestame:1619471308.154000000,objid:0,type:0,xpos:0.000000,ypos:0.000000,xspeed:3.590000,yspeed:0.770000,angle:18.160000,distense:29.200000,rcs:32.000000
timestame:1619471308.154000000,objid:1,type:0,xpos:0.000000,ypos:0.000000,xspeed:4.830000,yspeed:3.060000,angle:21.640000,distense:32.000000,rcs:24.000000
timestame:1619471308.154000000,objid:2,type:0,xpos:0.000000,ypos:0.000000,xspeed:4.270000,yspeed:1.180000,angle:22.570000,distense:28.000000,rcs:27.000000
