timestame:1619469948.732000000,objid:3,type:0,xpos:0.000000,ypos:0.000000,xspeed:1.010000,yspeed:0.060000,angle:0.910000,distense:18.600000,rcs:26.000000
timestame:1619469948.732000000,objid:4,type:0,xpos:0.000000,ypos:0.000000,xspeed:1.740000,yspeed:-4.550000,angle:9.140000,distense:52.800000,rcs:24.000000
timestame:1619469948.732000000,objid:8,type:0,xpos:0.000000,ypos:0.000000,xspeed:-2.030000,yspeed:7.250000,angle:-17.740000,distense:46.600000,rcs:20.000000
