timestame:1619470171.447000000,objid:0,type:0,xpos:0.000000,ypos:0.000000,xspeed:8.640000,yspeed:0.290000,angle:2.270000,distense:73.800000,rcs:22.000000
timestame:1619470171.447000000,objid:1,type:0,xpos:0.000000,ypos:0.000000,xspeed:10.040000,yspeed:0.510000,angle:2.720000,distense:44.600000,rcs:37.000000
timestame:1619470171.447000000,objid:3,type:0,xpos:0.000000,ypos:0.000000,xspeed:10.720000,yspeed:0.020000,angle:3.730000,distense:112.800000,rcs:20.000000
timestame:1619470171.447000000,objid:4,type:0,xpos:0.000000,ypos:0.000000,xspeed:4.750000,yspeed:1.230000,angle:20.020000,distense:28.000000,rcs:20.000000
