timestame:1619471057.410000000,objid:5,type:0,xpos:0.000000,ypos:0.000000,xspeed:32.850000,yspeed:-12.890000,angle:-18.000000,distense:47.400000,rcs:16.000000
timestame:1619471057.410000000,objid:10,type:0,xpos:0.000000,ypos:0.000000,xspeed:-1.960000,yspeed:-1.360000,angle:-18.000000,distense:31.800000,rcs:20.000000
timestame:1619471057.410000000,objid:13,type:0,xpos:0.000000,ypos:0.000000,xspeed:1.290000,yspeed:-7.950000,angle:-13.950000,distense:64.800000,rcs:12.000000
timestame:1619471057.410000000,objid:14,type:0,xpos:0.000000,ypos:0.000000,xspeed:-2.010000,yspeed:-2.870000,angle:-18.000000,distense:34.800000,rcs:6.000000
