timestame:1619470142.775000000,objid:0,type:0,xpos:0.000000,ypos:0.000000,xspeed:4.650000,yspeed:0.180000,angle:20.680000,distense:24.600000,rcs:24.000000
timestame:1619470142.775000000,objid:1,type:0,xpos:0.000000,ypos:0.000000,xspeed:1.730000,yspeed:-0.210000,angle:13.800000,distense:29.600000,rcs:6.000000
timestame:1619470142.775000000,objid:3,type:0,xpos:0.000000,ypos:0.000000,xspeed:12.350000,yspeed:-7.930000,angle:8.910000,distense:30.600000,rcs:6.000000
timestame:1619470142.775000000,objid:4,type:0,xpos:0.000000,ypos:0.000000,xspeed:-4.230000,yspeed:-4.550000,angle:14.110000,distense:25.200000,rcs:6.000000
