timestame:1619470118.373000000,objid:1,type:0,xpos:0.000000,ypos:0.000000,xspeed:1.530000,yspeed:-0.460000,angle:11.460000,distense:34.400000,rcs:15.000000
timestame:1619470118.373000000,objid:3,type:0,xpos:0.000000,ypos:0.000000,xspeed:-9.130000,yspeed:-1.850000,angle:8.500000,distense:30.200000,rcs:15.000000
timestame:1619470118.373000000,objid:5,type:0,xpos:0.000000,ypos:0.000000,xspeed:-8.020000,yspeed:-0.660000,angle:19.660000,distense:19.200000,rcs:16.000000
timestame:1619470118.373000000,objid:10,type:0,xpos:0.000000,ypos:0.000000,xspeed:2.190000,yspeed:5.560000,angle:-1.880000,distense:48.800000,rcs:6.000000
