timestame:1619469914.536000000,objid:1,type:0,xpos:0.000000,ypos:0.000000,xspeed:5.060000,yspeed:-0.030000,angle:1.530000,distense:97.800000,rcs:22.000000
timestame:1619469914.536000000,objid:2,type:0,xpos:0.000000,ypos:0.000000,xspeed:12.760000,yspeed:0.290000,angle:2.520000,distense:187.200000,rcs:18.000000
timestame:1619469914.536000000,objid:8,type:0,xpos:0.000000,ypos:0.000000,xspeed:5.110000,yspeed:-0.150000,angle:1.610000,distense:91.000000,rcs:25.000000
