timestame:1619471403.085000000,objid:5,type:0,xpos:0.000000,ypos:0.000000,xspeed:-1.040000,yspeed:5.850000,angle:0.430000,distense:41.200000,rcs:19.000000
timestame:1619471403.085000000,objid:6,type:0,xpos:0.000000,ypos:0.000000,xspeed:8.180000,yspeed:3.660000,angle:-10.260000,distense:57.000000,rcs:6.000000
timestame:1619471403.085000000,objid:8,type:0,xpos:0.000000,ypos:0.000000,xspeed:5.690000,yspeed:-6.700000,angle:21.130000,distense:107.400000,rcs:6.000000
timestame:1619471403.085000000,objid:11,type:0,xpos:0.000000,ypos:0.000000,xspeed:3.330000,yspeed:-0.890000,angle:-8.460000,distense:49.400000,rcs:18.000000
