timestame:1619470139.057000000,objid:0,type:0,xpos:0.000000,ypos:0.000000,xspeed:-6.790000,yspeed:-0.140000,angle:14.070000,distense:30.600000,rcs:18.000000
timestame:1619470139.057000000,objid:7,type:0,xpos:0.000000,ypos:0.000000,xspeed:-2.150000,yspeed:-0.200000,angle:-10.570000,distense:73.000000,rcs:6.000000
