timestame:1619470641.067000000,objid:2,type:0,xpos:0.000000,ypos:0.000000,xspeed:-6.830000,yspeed:-0.040000,angle:-4.590000,distense:181.000000,rcs:13.000000
timestame:1619470641.067000000,objid:7,type:0,xpos:0.000000,ypos:0.000000,xspeed:-1.170000,yspeed:0.000000,angle:-9.350000,distense:48.200000,rcs:21.000000
timestame:1619470641.067000000,objid:8,type:0,xpos:0.000000,ypos:0.000000,xspeed:-4.050000,yspeed:11.310000,angle:-4.230000,distense:40.600000,rcs:20.000000
timestame:1619470641.067000000,objid:14,type:0,xpos:0.000000,ypos:0.000000,xspeed:-1.280000,yspeed:-9.770000,angle:7.560000,distense:166.200000,rcs:9.000000
