timestame:1619470643.047000000,objid:2,type:0,xpos:0.000000,ypos:0.000000,xspeed:-6.500000,yspeed:0.120000,angle:-4.750000,distense:168.400000,rcs:15.000000
timestame:1619470643.047000000,objid:6,type:0,xpos:0.000000,ypos:0.000000,xspeed:5.560000,yspeed:-10.990000,angle:14.550000,distense:47.800000,rcs:28.000000
timestame:1619470643.047000000,objid:13,type:0,xpos:0.000000,ypos:0.000000,xspeed:-2.000000,yspeed:7.870000,angle:0.190000,distense:42.000000,rcs:18.000000
