timestame:1619469889.655000000,objid:2,type:0,xpos:0.000000,ypos:0.000000,xspeed:-3.690000,yspeed:-0.160000,angle:-13.240000,distense:58.000000,rcs:28.000000
timestame:1619469889.655000000,objid:5,type:0,xpos:0.000000,ypos:0.000000,xspeed:-2.810000,yspeed:-0.170000,angle:-17.180000,distense:59.000000,rcs:15.000000
timestame:1619469889.655000000,objid:16,type:0,xpos:0.000000,ypos:0.000000,xspeed:-3.430000,yspeed:-0.240000,angle:-10.930000,distense:69.000000,rcs:24.000000
