timestame:1619469889.717000000,objid:2,type:0,xpos:0.000000,ypos:0.000000,xspeed:-3.720000,yspeed:-0.170000,angle:-13.330000,distense:57.800000,rcs:16.000000
timestame:1619469889.717000000,objid:5,type:0,xpos:0.000000,ypos:0.000000,xspeed:-2.820000,yspeed:-0.100000,angle:-17.120000,distense:58.800000,rcs:15.000000
timestame:1619469889.717000000,objid:16,type:0,xpos:0.000000,ypos:0.000000,xspeed:-3.430000,yspeed:-0.240000,angle:-10.980000,distense:68.800000,rcs:24.000000
