timestame:1619471002.655000000,objid:1,type:0,xpos:0.000000,ypos:0.000000,xspeed:-13.700000,yspeed:-0.450000,angle:-5.390000,distense:147.200000,rcs:12.000000
timestame:1619471002.655000000,objid:3,type:0,xpos:0.000000,ypos:0.000000,xspeed:1.860000,yspeed:-2.600000,angle:-14.630000,distense:47.000000,rcs:21.000000
timestame:1619471002.655000000,objid:4,type:0,xpos:0.000000,ypos:0.000000,xspeed:1.860000,yspeed:0.090000,angle:-0.440000,distense:16.200000,rcs:20.000000
