timestame:1619469538.745000000,objid:4,type:0,xpos:0.000000,ypos:0.000000,xspeed:17.140000,yspeed:0.240000,angle:1.570000,distense:143.000000,rcs:18.000000
timestame:1619469538.745000000,objid:7,type:0,xpos:0.000000,ypos:0.000000,xspeed:17.150000,yspeed:0.160000,angle:1.220000,distense:150.400000,rcs:6.000000
