timestame:1619470129.055000000,objid:2,type:0,xpos:0.000000,ypos:0.000000,xspeed:10.480000,yspeed:8.260000,angle:19.320000,distense:37.400000,rcs:12.000000
timestame:1619470129.055000000,objid:7,type:0,xpos:0.000000,ypos:0.000000,xspeed:-9.700000,yspeed:0.210000,angle:-4.900000,distense:120.200000,rcs:12.000000
timestame:1619470129.055000000,objid:9,type:0,xpos:0.000000,ypos:0.000000,xspeed:5.770000,yspeed:1.320000,angle:22.530000,distense:24.800000,rcs:30.000000
