timestame:1619471519.171000000,objid:7,type:0,xpos:0.000000,ypos:0.000000,xspeed:16.600000,yspeed:0.240000,angle:1.440000,distense:201.400000,rcs:6.000000
timestame:1619471519.171000000,objid:10,type:0,xpos:0.000000,ypos:0.000000,xspeed:16.560000,yspeed:0.270000,angle:1.380000,distense:190.800000,rcs:25.000000
