timestame:1619469534.774000000,objid:4,type:0,xpos:0.000000,ypos:0.000000,xspeed:16.450000,yspeed:0.650000,angle:2.390000,distense:75.400000,rcs:28.000000
timestame:1619469534.774000000,objid:7,type:0,xpos:0.000000,ypos:0.000000,xspeed:16.530000,yspeed:0.570000,angle:1.900000,distense:83.200000,rcs:22.000000
