timestame:1619471078.890000000,objid:1,type:0,xpos:0.000000,ypos:0.000000,xspeed:-7.390000,yspeed:-0.570000,angle:-18.000000,distense:45.800000,rcs:31.000000
timestame:1619471078.890000000,objid:3,type:0,xpos:0.000000,ypos:0.000000,xspeed:-9.600000,yspeed:-0.390000,angle:-14.830000,distense:49.600000,rcs:22.000000
timestame:1619471078.890000000,objid:5,type:0,xpos:0.000000,ypos:0.000000,xspeed:-10.330000,yspeed:-0.510000,angle:-18.000000,distense:28.400000,rcs:13.000000
timestame:1619471078.890000000,objid:6,type:0,xpos:0.000000,ypos:0.000000,xspeed:-5.530000,yspeed:-0.330000,angle:-18.000000,distense:43.200000,rcs:22.000000
