timestame:1619470212.220000000,objid:0,type:0,xpos:0.000000,ypos:0.000000,xspeed:1.380000,yspeed:0.130000,angle:6.320000,distense:16.600000,rcs:26.000000
timestame:1619470212.220000000,objid:2,type:0,xpos:0.000000,ypos:0.000000,xspeed:-2.330000,yspeed:7.710000,angle:-17.310000,distense:45.000000,rcs:18.000000
