timestame:1619469584.314000000,objid:1,type:0,xpos:0.000000,ypos:0.000000,xspeed:-4.990000,yspeed:-0.180000,angle:-10.420000,distense:87.200000,rcs:22.000000
timestame:1619469584.314000000,objid:5,type:0,xpos:0.000000,ypos:0.000000,xspeed:-1.670000,yspeed:4.530000,angle:-6.430000,distense:102.000000,rcs:9.000000
