timestame:1619470082.832000000,objid:4,type:0,xpos:0.000000,ypos:0.000000,xspeed:2.160000,yspeed:-9.110000,angle:-10.690000,distense:53.800000,rcs:21.000000
timestame:1619470082.832000000,objid:5,type:0,xpos:0.000000,ypos:0.000000,xspeed:2.320000,yspeed:-7.950000,angle:-7.100000,distense:52.600000,rcs:16.000000
timestame:1619470082.832000000,objid:7,type:0,xpos:0.000000,ypos:0.000000,xspeed:1.140000,yspeed:-5.360000,angle:-10.070000,distense:46.800000,rcs:19.000000
