timestame:1619471085.224000000,objid:0,type:0,xpos:0.000000,ypos:0.000000,xspeed:8.840000,yspeed:0.550000,angle:1.410000,distense:47.600000,rcs:30.000000
timestame:1619471085.224000000,objid:11,type:0,xpos:0.000000,ypos:0.000000,xspeed:1.650000,yspeed:-0.150000,angle:1.770000,distense:17.600000,rcs:26.000000
