timestame:1619470463.452000000,objid:0,type:0,xpos:0.000000,ypos:0.000000,xspeed:-14.110000,yspeed:-0.580000,angle:-12.600000,distense:59.200000,rcs:18.000000
timestame:1619470463.452000000,objid:2,type:0,xpos:0.000000,ypos:0.000000,xspeed:6.050000,yspeed:0.050000,angle:3.100000,distense:195.800000,rcs:12.000000
