timestame:1619471223.133000000,objid:0,type:0,xpos:0.000000,ypos:0.000000,xspeed:2.170000,yspeed:0.330000,angle:1.770000,distense:58.800000,rcs:6.000000
timestame:1619471223.133000000,objid:1,type:0,xpos:0.000000,ypos:0.000000,xspeed:5.470000,yspeed:-0.990000,angle:-6.160000,distense:26.600000,rcs:27.000000
timestame:1619471223.133000000,objid:6,type:0,xpos:0.000000,ypos:0.000000,xspeed:4.290000,yspeed:0.260000,angle:2.370000,distense:63.600000,rcs:6.000000
timestame:1619471223.133000000,objid:9,type:0,xpos:0.000000,ypos:0.000000,xspeed:4.340000,yspeed:0.490000,angle:3.410000,distense:44.800000,rcs:47.000000
