timestame:1619469762.753000000,objid:3,type:0,xpos:0.000000,ypos:0.000000,xspeed:4.950000,yspeed:0.840000,angle:19.160000,distense:24.200000,rcs:30.000000
timestame:1619469762.753000000,objid:5,type:0,xpos:0.000000,ypos:0.000000,xspeed:-18.140000,yspeed:-0.140000,angle:-15.210000,distense:64.400000,rcs:12.000000
timestame:1619469762.753000000,objid:6,type:0,xpos:0.000000,ypos:0.000000,xspeed:2.930000,yspeed:1.450000,angle:-14.800000,distense:19.400000,rcs:12.000000
