timestame:1619471219.722000000,objid:6,type:0,xpos:0.000000,ypos:0.000000,xspeed:3.250000,yspeed:0.660000,angle:2.860000,distense:48.600000,rcs:13.000000
timestame:1619471219.722000000,objid:9,type:0,xpos:0.000000,ypos:0.000000,xspeed:3.580000,yspeed:0.240000,angle:2.810000,distense:30.200000,rcs:38.000000
timestame:1619471219.722000000,objid:10,type:0,xpos:0.000000,ypos:0.000000,xspeed:3.570000,yspeed:0.400000,angle:0.950000,distense:39.600000,rcs:15.000000
