timestame:1619471166.026000000,objid:0,type:0,xpos:0.000000,ypos:0.000000,xspeed:-10.970000,yspeed:0.320000,angle:-3.690000,distense:145.800000,rcs:9.000000
timestame:1619471166.026000000,objid:2,type:0,xpos:0.000000,ypos:0.000000,xspeed:-9.900000,yspeed:-0.880000,angle:-3.700000,distense:150.400000,rcs:13.000000
timestame:1619471166.026000000,objid:3,type:0,xpos:0.000000,ypos:0.000000,xspeed:2.090000,yspeed:5.550000,angle:-0.790000,distense:51.200000,rcs:6.000000
