timestame:1619470775.542000000,objid:0,type:0,xpos:0.000000,ypos:0.000000,xspeed:17.080000,yspeed:8.570000,angle:1.220000,distense:181.800000,rcs:12.000000
timestame:1619470775.542000000,objid:1,type:0,xpos:0.000000,ypos:0.000000,xspeed:-6.980000,yspeed:-0.840000,angle:-7.980000,distense:109.200000,rcs:24.000000
