timestame:1619469923.465000000,objid:1,type:0,xpos:0.000000,ypos:0.000000,xspeed:5.980000,yspeed:0.230000,angle:1.530000,distense:150.400000,rcs:6.000000
timestame:1619469923.465000000,objid:8,type:0,xpos:0.000000,ypos:0.000000,xspeed:6.030000,yspeed:0.050000,angle:1.360000,distense:143.400000,rcs:20.000000
