timestame:1619469950.720000000,objid:4,type:0,xpos:0.000000,ypos:0.000000,xspeed:1.150000,yspeed:-3.980000,angle:0.290000,distense:54.200000,rcs:26.000000
timestame:1619469950.720000000,objid:9,type:0,xpos:0.000000,ypos:0.000000,xspeed:4.210000,yspeed:-3.740000,angle:-10.550000,distense:48.600000,rcs:24.000000
timestame:1619469950.720000000,objid:13,type:0,xpos:0.000000,ypos:0.000000,xspeed:-1.570000,yspeed:6.620000,angle:1.080000,distense:40.800000,rcs:9.000000
timestame:1619469950.720000000,objid:15,type:0,xpos:0.000000,ypos:0.000000,xspeed:-3.220000,yspeed:7.140000,angle:4.170000,distense:39.800000,rcs:27.000000
