timestame:1619469879.922000000,objid:0,type:0,xpos:0.000000,ypos:0.000000,xspeed:-6.940000,yspeed:-10.920000,angle:-18.000000,distense:35.000000,rcs:18.000000
timestame:1619469879.922000000,objid:6,type:0,xpos:0.000000,ypos:0.000000,xspeed:-4.640000,yspeed:-2.570000,angle:-18.000000,distense:32.200000,rcs:9.000000
timestame:1619469879.922000000,objid:15,type:0,xpos:0.000000,ypos:0.000000,xspeed:-1.290000,yspeed:-4.360000,angle:-9.270000,distense:40.800000,rcs:35.000000
