timestame:1619471224.247000000,objid:0,type:0,xpos:0.000000,ypos:0.000000,xspeed:2.260000,yspeed:0.360000,angle:2.130000,distense:61.600000,rcs:6.000000
timestame:1619471224.247000000,objid:1,type:0,xpos:0.000000,ypos:0.000000,xspeed:5.990000,yspeed:-0.260000,angle:-4.970000,distense:33.800000,rcs:22.000000
timestame:1619471224.247000000,objid:6,type:0,xpos:0.000000,ypos:0.000000,xspeed:4.620000,yspeed:0.360000,angle:2.630000,distense:69.200000,rcs:6.000000
timestame:1619471224.247000000,objid:9,type:0,xpos:0.000000,ypos:0.000000,xspeed:4.750000,yspeed:0.050000,angle:2.520000,distense:50.800000,rcs:48.000000
