timestame:1619471086.337000000,objid:0,type:0,xpos:0.000000,ypos:0.000000,xspeed:8.440000,yspeed:0.380000,angle:1.520000,distense:56.600000,rcs:31.000000
timestame:1619471086.337000000,objid:4,type:0,xpos:0.000000,ypos:0.000000,xspeed:-24.910000,yspeed:-0.670000,angle:-4.890000,distense:129.400000,rcs:12.000000
timestame:1619471086.337000000,objid:11,type:0,xpos:0.000000,ypos:0.000000,xspeed:2.530000,yspeed:0.140000,angle:2.610000,distense:21.600000,rcs:39.000000
