timestame:1619470002.162000000,objid:6,type:0,xpos:0.000000,ypos:0.000000,xspeed:1.520000,yspeed:-0.870000,angle:-18.000000,distense:39.400000,rcs:18.000000
timestame:1619470002.162000000,objid:11,type:0,xpos:0.000000,ypos:0.000000,xspeed:-1.500000,yspeed:-0.350000,angle:-18.000000,distense:29.000000,rcs:6.000000
timestame:1619470002.162000000,objid:19,type:0,xpos:0.000000,ypos:0.000000,xspeed:1.340000,yspeed:-0.290000,angle:11.490000,distense:13.400000,rcs:26.000000
