timestame:1619471434.288000000,objid:0,type:0,xpos:0.000000,ypos:0.000000,xspeed:-1.750000,yspeed:0.000000,angle:5.030000,distense:41.800000,rcs:34.000000
timestame:1619471434.288000000,objid:2,type:0,xpos:0.000000,ypos:0.000000,xspeed:1.720000,yspeed:-2.930000,angle:-0.310000,distense:45.600000,rcs:6.000000
timestame:1619471434.288000000,objid:5,type:0,xpos:0.000000,ypos:0.000000,xspeed:-1.330000,yspeed:-5.880000,angle:-11.270000,distense:39.000000,rcs:22.000000
timestame:1619471434.288000000,objid:16,type:0,xpos:0.000000,ypos:0.000000,xspeed:-1.910000,yspeed:0.210000,angle:-7.250000,distense:87.600000,rcs:21.000000
