timestame:1619470193.073000000,objid:0,type:0,xpos:0.000000,ypos:0.000000,xspeed:-4.090000,yspeed:6.990000,angle:20.350000,distense:41.600000,rcs:32.000000
timestame:1619470193.073000000,objid:1,type:0,xpos:0.000000,ypos:0.000000,xspeed:1.960000,yspeed:1.170000,angle:6.010000,distense:139.200000,rcs:19.000000
timestame:1619470193.073000000,objid:2,type:0,xpos:0.000000,ypos:0.000000,xspeed:-4.740000,yspeed:5.670000,angle:22.400000,distense:39.600000,rcs:24.000000
timestame:1619470193.073000000,objid:4,type:0,xpos:0.000000,ypos:0.000000,xspeed:1.160000,yspeed:0.000000,angle:3.640000,distense:156.000000,rcs:9.000000
