timestame:1619470568.887000000,objid:1,type:0,xpos:0.000000,ypos:0.000000,xspeed:4.200000,yspeed:2.670000,angle:-14.570000,distense:34.600000,rcs:20.000000
timestame:1619470568.887000000,objid:3,type:0,xpos:0.000000,ypos:0.000000,xspeed:15.390000,yspeed:0.120000,angle:1.060000,distense:180.400000,rcs:24.000000
timestame:1619470568.887000000,objid:8,type:0,xpos:0.000000,ypos:0.000000,xspeed:3.130000,yspeed:4.130000,angle:-7.380000,distense:48.000000,rcs:13.000000
