timestame:1619470275.577000000,objid:1,type:0,xpos:0.000000,ypos:0.000000,xspeed:-10.500000,yspeed:-0.080000,angle:-4.950000,distense:107.200000,rcs:6.000000
timestame:1619470275.577000000,objid:2,type:0,xpos:0.000000,ypos:0.000000,xspeed:-1.240000,yspeed:0.300000,angle:-6.780000,distense:92.400000,rcs:12.000000
timestame:1619470275.577000000,objid:11,type:0,xpos:0.000000,ypos:0.000000,xspeed:-1.100000,yspeed:-0.050000,angle:-8.760000,distense:78.400000,rcs:24.000000
timestame:1619470275.577000000,objid:22,type:0,xpos:0.000000,ypos:0.000000,xspeed:-1.150000,yspeed:-0.090000,angle:-7.850000,distense:85.000000,rcs:18.000000
