timestame:1619470945.067000000,objid:1,type:0,xpos:0.000000,ypos:0.000000,xspeed:-7.190000,yspeed:-0.080000,angle:-18.000000,distense:36.200000,rcs:6.000000
timestame:1619470945.067000000,objid:5,type:0,xpos:0.000000,ypos:0.000000,xspeed:-6.230000,yspeed:-0.400000,angle:-18.000000,distense:43.200000,rcs:12.000000
timestame:1619470945.067000000,objid:7,type:0,xpos:0.000000,ypos:0.000000,xspeed:-5.850000,yspeed:-0.350000,angle:-18.000000,distense:40.600000,rcs:9.000000
