timestame:1619470033.010000000,objid:1,type:0,xpos:0.000000,ypos:0.000000,xspeed:7.700000,yspeed:0.330000,angle:2.430000,distense:57.000000,rcs:29.000000
timestame:1619470033.010000000,objid:3,type:0,xpos:0.000000,ypos:0.000000,xspeed:9.920000,yspeed:0.370000,angle:0.760000,distense:21.400000,rcs:39.000000
timestame:1619470033.010000000,objid:4,type:0,xpos:0.000000,ypos:0.000000,xspeed:12.400000,yspeed:0.200000,angle:1.780000,distense:92.800000,rcs:20.000000
timestame:1619470033.010000000,objid:7,type:0,xpos:0.000000,ypos:0.000000,xspeed:1.270000,yspeed:-0.100000,angle:7.640000,distense:23.000000,rcs:27.000000
