timestame:1619469561.944000000,objid:2,type:0,xpos:0.000000,ypos:0.000000,xspeed:1.460000,yspeed:-2.780000,angle:-17.010000,distense:45.000000,rcs:20.000000
timestame:1619469561.944000000,objid:3,type:0,xpos:0.000000,ypos:0.000000,xspeed:1.320000,yspeed:-1.460000,angle:7.240000,distense:43.200000,rcs:37.000000
timestame:1619469561.944000000,objid:9,type:0,xpos:0.000000,ypos:0.000000,xspeed:-6.390000,yspeed:4.070000,angle:9.370000,distense:104.200000,rcs:9.000000
