timestame:1619469890.271000000,objid:2,type:0,xpos:0.000000,ypos:0.000000,xspeed:-3.860000,yspeed:-0.060000,angle:-13.820000,distense:55.200000,rcs:25.000000
timestame:1619469890.271000000,objid:5,type:0,xpos:0.000000,ypos:0.000000,xspeed:-2.920000,yspeed:-0.150000,angle:-17.860000,distense:57.000000,rcs:12.000000
timestame:1619469890.271000000,objid:16,type:0,xpos:0.000000,ypos:0.000000,xspeed:-3.710000,yspeed:-0.160000,angle:-11.390000,distense:66.200000,rcs:24.000000
