timestame:1619470220.956000000,objid:6,type:0,xpos:0.000000,ypos:0.000000,xspeed:-3.240000,yspeed:3.580000,angle:-18.000000,distense:49.600000,rcs:6.000000
timestame:1619470220.956000000,objid:7,type:0,xpos:0.000000,ypos:0.000000,xspeed:-2.400000,yspeed:9.610000,angle:-9.970000,distense:42.200000,rcs:9.000000
