timestame:1619471293.724000000,objid:0,type:0,xpos:0.000000,ypos:0.000000,xspeed:2.600000,yspeed:3.280000,angle:-14.850000,distense:37.200000,rcs:18.000000
timestame:1619471293.724000000,objid:1,type:0,xpos:0.000000,ypos:0.000000,xspeed:-2.600000,yspeed:11.730000,angle:-5.980000,distense:45.800000,rcs:21.000000
timestame:1619471293.724000000,objid:3,type:0,xpos:0.000000,ypos:0.000000,xspeed:19.610000,yspeed:18.520000,angle:-9.030000,distense:51.400000,rcs:6.000000
timestame:1619471293.724000000,objid:6,type:0,xpos:0.000000,ypos:0.000000,xspeed:3.400000,yspeed:0.180000,angle:21.940000,distense:30.200000,rcs:16.000000
