timestame:1619470113.168000000,objid:3,type:0,xpos:0.000000,ypos:0.000000,xspeed:23.610000,yspeed:6.010000,angle:19.660000,distense:47.000000,rcs:12.000000
timestame:1619470113.168000000,objid:7,type:0,xpos:0.000000,ypos:0.000000,xspeed:5.950000,yspeed:1.790000,angle:22.400000,distense:34.200000,rcs:36.000000
