timestame:1619471452.603000000,objid:3,type:0,xpos:0.000000,ypos:0.000000,xspeed:-2.050000,yspeed:-0.120000,angle:-6.650000,distense:100.000000,rcs:16.000000
timestame:1619471452.603000000,objid:11,type:0,xpos:0.000000,ypos:0.000000,xspeed:-1.330000,yspeed:0.300000,angle:-7.380000,distense:93.000000,rcs:9.000000
timestame:1619471452.603000000,objid:13,type:0,xpos:0.000000,ypos:0.000000,xspeed:-3.920000,yspeed:-0.160000,angle:-17.130000,distense:32.200000,rcs:6.000000
