timestame:1619470762.955000000,objid:0,type:0,xpos:0.000000,ypos:0.000000,xspeed:-3.520000,yspeed:-3.310000,angle:-18.000000,distense:32.000000,rcs:6.000000
timestame:1619470762.955000000,objid:1,type:0,xpos:0.000000,ypos:0.000000,xspeed:-1.790000,yspeed:-2.160000,angle:-18.000000,distense:35.600000,rcs:24.000000
timestame:1619470762.955000000,objid:4,type:0,xpos:0.000000,ypos:0.000000,xspeed:-2.220000,yspeed:-1.990000,angle:-18.000000,distense:34.000000,rcs:28.000000
timestame:1619470762.955000000,objid:9,type:0,xpos:0.000000,ypos:0.000000,xspeed:5.120000,yspeed:0.430000,angle:2.370000,distense:25.000000,rcs:36.000000
