timestame:1619469998.634000000,objid:10,type:0,xpos:0.000000,ypos:0.000000,xspeed:-1.030000,yspeed:-3.210000,angle:-18.000000,distense:37.600000,rcs:22.000000
timestame:1619469998.634000000,objid:11,type:0,xpos:0.000000,ypos:0.000000,xspeed:-1.770000,yspeed:-0.890000,angle:-18.000000,distense:32.400000,rcs:13.000000
timestame:1619469998.634000000,objid:15,type:0,xpos:0.000000,ypos:0.000000,xspeed:-1.410000,yspeed:-1.770000,angle:-18.000000,distense:34.800000,rcs:18.000000
timestame:1619469998.634000000,objid:17,type:0,xpos:0.000000,ypos:0.000000,xspeed:1.650000,yspeed:6.100000,angle:-7.900000,distense:54.200000,rcs:9.000000
