timestame:1619471087.448000000,objid:0,type:0,xpos:0.000000,ypos:0.000000,xspeed:8.490000,yspeed:0.380000,angle:1.680000,distense:66.200000,rcs:29.000000
timestame:1619471087.448000000,objid:1,type:0,xpos:0.000000,ypos:0.000000,xspeed:8.120000,yspeed:1.290000,angle:10.750000,distense:20.400000,rcs:21.000000
timestame:1619471087.448000000,objid:4,type:0,xpos:0.000000,ypos:0.000000,xspeed:-23.380000,yspeed:-0.940000,angle:-6.760000,distense:103.400000,rcs:9.000000
timestame:1619471087.448000000,objid:11,type:0,xpos:0.000000,ypos:0.000000,xspeed:3.420000,yspeed:0.080000,angle:2.270000,distense:26.800000,rcs:42.000000
