timestame:1619470363.784000000,objid:2,type:0,xpos:0.000000,ypos:0.000000,xspeed:-5.360000,yspeed:2.100000,angle:18.830000,distense:44.400000,rcs:6.000000
timestame:1619470363.784000000,objid:5,type:0,xpos:0.000000,ypos:0.000000,xspeed:-5.790000,yspeed:10.510000,angle:-11.530000,distense:43.400000,rcs:19.000000
timestame:1619470363.784000000,objid:11,type:0,xpos:0.000000,ypos:0.000000,xspeed:-2.230000,yspeed:5.380000,angle:21.230000,distense:39.200000,rcs:15.000000
