timestame:1619469854.866000000,objid:0,type:0,xpos:0.000000,ypos:0.000000,xspeed:3.520000,yspeed:-4.000000,angle:0.370000,distense:51.400000,rcs:6.000000
timestame:1619469854.866000000,objid:4,type:0,xpos:0.000000,ypos:0.000000,xspeed:-9.180000,yspeed:15.100000,angle:-6.140000,distense:50.000000,rcs:6.000000
timestame:1619469854.866000000,objid:8,type:0,xpos:0.000000,ypos:0.000000,xspeed:17.190000,yspeed:0.000000,angle:-4.940000,distense:65.200000,rcs:16.000000
timestame:1619469854.866000000,objid:10,type:0,xpos:0.000000,ypos:0.000000,xspeed:-11.490000,yspeed:-0.130000,angle:-4.630000,distense:141.400000,rcs:16.000000
