timestame:1619469686.889000000,objid:2,type:0,xpos:0.000000,ypos:0.000000,xspeed:-1.910000,yspeed:6.280000,angle:-9.790000,distense:42.400000,rcs:9.000000
timestame:1619469686.889000000,objid:4,type:0,xpos:0.000000,ypos:0.000000,xspeed:-1.920000,yspeed:8.310000,angle:0.610000,distense:44.400000,rcs:23.000000
timestame:1619469686.889000000,objid:5,type:0,xpos:0.000000,ypos:0.000000,xspeed:2.110000,yspeed:-7.020000,angle:1.680000,distense:50.600000,rcs:9.000000
timestame:1619469686.889000000,objid:6,type:0,xpos:0.000000,ypos:0.000000,xspeed:-2.850000,yspeed:8.090000,angle:-2.810000,distense:40.400000,rcs:26.000000
