timestame:1619469786.264000000,objid:1,type:0,xpos:0.000000,ypos:0.000000,xspeed:-17.030000,yspeed:0.130000,angle:-8.330000,distense:103.600000,rcs:15.000000
timestame:1619469786.264000000,objid:2,type:0,xpos:0.000000,ypos:0.000000,xspeed:16.660000,yspeed:0.090000,angle:0.940000,distense:198.800000,rcs:13.000000
timestame:1619469786.264000000,objid:4,type:0,xpos:0.000000,ypos:0.000000,xspeed:-17.090000,yspeed:-0.230000,angle:-9.150000,distense:95.200000,rcs:19.000000
timestame:1619469786.264000000,objid:10,type:0,xpos:0.000000,ypos:0.000000,xspeed:16.860000,yspeed:0.180000,angle:1.150000,distense:186.600000,rcs:26.000000
