timestame:1619470050.732000000,objid:0,type:0,xpos:0.000000,ypos:0.000000,xspeed:7.010000,yspeed:0.010000,angle:3.480000,distense:110.600000,rcs:15.000000
timestame:1619470050.732000000,objid:5,type:0,xpos:0.000000,ypos:0.000000,xspeed:7.070000,yspeed:0.070000,angle:3.850000,distense:101.000000,rcs:22.000000
