timestame:1619470985.944000000,objid:0,type:0,xpos:0.000000,ypos:0.000000,xspeed:8.810000,yspeed:0.230000,angle:2.220000,distense:201.200000,rcs:24.000000
timestame:1619470985.944000000,objid:1,type:0,xpos:0.000000,ypos:0.000000,xspeed:-15.560000,yspeed:-0.550000,angle:-13.910000,distense:53.400000,rcs:25.000000
timestame:1619470985.944000000,objid:3,type:0,xpos:0.000000,ypos:0.000000,xspeed:4.470000,yspeed:-1.370000,angle:8.720000,distense:80.200000,rcs:6.000000
timestame:1619470985.944000000,objid:4,type:0,xpos:0.000000,ypos:0.000000,xspeed:-13.270000,yspeed:-1.820000,angle:-6.510000,distense:110.200000,rcs:15.000000
