timestame:1619470559.785000000,objid:0,type:0,xpos:0.000000,ypos:0.000000,xspeed:4.870000,yspeed:-0.400000,angle:2.940000,distense:189.800000,rcs:9.000000
timestame:1619470559.785000000,objid:1,type:0,xpos:0.000000,ypos:0.000000,xspeed:4.750000,yspeed:0.060000,angle:4.700000,distense:180.400000,rcs:21.000000
timestame:1619470559.785000000,objid:2,type:0,xpos:0.000000,ypos:0.000000,xspeed:1.390000,yspeed:4.700000,angle:-4.420000,distense:44.000000,rcs:12.000000
timestame:1619470559.785000000,objid:3,type:0,xpos:0.000000,ypos:0.000000,xspeed:7.590000,yspeed:0.070000,angle:1.880000,distense:59.200000,rcs:41.000000
