timestame:1619470802.110000000,objid:2,type:0,xpos:0.000000,ypos:0.000000,xspeed:-6.630000,yspeed:-3.320000,angle:-18.000000,distense:24.600000,rcs:9.000000
timestame:1619470802.110000000,objid:3,type:0,xpos:0.000000,ypos:0.000000,xspeed:-1.720000,yspeed:-1.620000,angle:-18.000000,distense:38.400000,rcs:15.000000
timestame:1619470802.110000000,objid:4,type:0,xpos:0.000000,ypos:0.000000,xspeed:-1.820000,yspeed:-3.470000,angle:-18.000000,distense:42.200000,rcs:22.000000
timestame:1619470802.110000000,objid:15,type:0,xpos:0.000000,ypos:0.000000,xspeed:-1.280000,yspeed:-1.120000,angle:-18.000000,distense:36.200000,rcs:12.000000
