timestame:1619470990.852000000,objid:3,type:0,xpos:0.000000,ypos:0.000000,xspeed:5.230000,yspeed:-0.170000,angle:6.970000,distense:106.000000,rcs:6.000000
timestame:1619470990.852000000,objid:4,type:0,xpos:0.000000,ypos:0.000000,xspeed:-13.530000,yspeed:-0.500000,angle:-18.000000,distense:45.200000,rcs:24.000000
