timestame:1619470087.487000000,objid:5,type:0,xpos:0.000000,ypos:0.000000,xspeed:1.480000,yspeed:-9.270000,angle:-18.000000,distense:63.600000,rcs:6.000000
timestame:1619470087.487000000,objid:6,type:0,xpos:0.000000,ypos:0.000000,xspeed:1.660000,yspeed:-5.230000,angle:6.130000,distense:50.000000,rcs:6.000000
timestame:1619470087.487000000,objid:11,type:0,xpos:0.000000,ypos:0.000000,xspeed:3.140000,yspeed:-6.790000,angle:3.590000,distense:50.600000,rcs:12.000000
