timestame:1619469789.493000000,objid:1,type:0,xpos:0.000000,ypos:0.000000,xspeed:-16.240000,yspeed:-0.590000,angle:-18.000000,distense:53.200000,rcs:26.000000
timestame:1619469789.493000000,objid:4,type:0,xpos:0.000000,ypos:0.000000,xspeed:-16.690000,yspeed:-0.650000,angle:-18.000000,distense:44.200000,rcs:19.000000
