timestame:1619470597.339000000,objid:1,type:0,xpos:0.000000,ypos:0.000000,xspeed:5.060000,yspeed:3.510000,angle:-13.080000,distense:39.400000,rcs:24.000000
timestame:1619470597.339000000,objid:5,type:0,xpos:0.000000,ypos:0.000000,xspeed:4.400000,yspeed:4.400000,angle:-9.320000,distense:50.000000,rcs:6.000000
