timestame:1619470767.532000000,objid:0,type:0,xpos:0.000000,ypos:0.000000,xspeed:-11.590000,yspeed:-2.440000,angle:-4.690000,distense:182.400000,rcs:20.000000
timestame:1619470767.532000000,objid:9,type:0,xpos:0.000000,ypos:0.000000,xspeed:7.350000,yspeed:0.230000,angle:2.380000,distense:56.200000,rcs:35.000000
