timestame:1619471062.128000000,objid:0,type:0,xpos:0.000000,ypos:0.000000,xspeed:-7.850000,yspeed:1.110000,angle:-4.680000,distense:129.800000,rcs:9.000000
timestame:1619471062.128000000,objid:8,type:0,xpos:0.000000,ypos:0.000000,xspeed:-1.190000,yspeed:3.070000,angle:-1.140000,distense:35.600000,rcs:22.000000
timestame:1619471062.128000000,objid:9,type:0,xpos:0.000000,ypos:0.000000,xspeed:-1.790000,yspeed:-0.260000,angle:-9.700000,distense:76.600000,rcs:13.000000
