timestame:1619471092.122000000,objid:1,type:0,xpos:0.000000,ypos:0.000000,xspeed:11.800000,yspeed:0.030000,angle:4.090000,distense:72.200000,rcs:22.000000
timestame:1619471092.122000000,objid:2,type:0,xpos:0.000000,ypos:0.000000,xspeed:6.670000,yspeed:0.380000,angle:2.460000,distense:56.600000,rcs:44.000000
timestame:1619471092.122000000,objid:5,type:0,xpos:0.000000,ypos:0.000000,xspeed:12.560000,yspeed:-0.120000,angle:1.430000,distense:123.000000,rcs:15.000000
