timestame:1619470041.803000000,objid:1,type:0,xpos:0.000000,ypos:0.000000,xspeed:12.490000,yspeed:0.070000,angle:1.240000,distense:156.000000,rcs:9.000000
timestame:1619470041.803000000,objid:3,type:0,xpos:0.000000,ypos:0.000000,xspeed:13.500000,yspeed:0.120000,angle:1.540000,distense:130.000000,rcs:24.000000
timestame:1619470041.803000000,objid:4,type:0,xpos:0.000000,ypos:0.000000,xspeed:9.410000,yspeed:-0.210000,angle:4.570000,distense:54.800000,rcs:16.000000
timestame:1619470041.803000000,objid:5,type:0,xpos:0.000000,ypos:0.000000,xspeed:4.340000,yspeed:0.120000,angle:6.420000,distense:41.200000,rcs:39.000000
