timestame:1619470226.539000000,objid:8,type:0,xpos:0.000000,ypos:0.000000,xspeed:-1.610000,yspeed:-2.340000,angle:-9.150000,distense:42.200000,rcs:40.000000
timestame:1619470226.539000000,objid:9,type:0,xpos:0.000000,ypos:0.000000,xspeed:3.610000,yspeed:-1.630000,angle:21.380000,distense:48.200000,rcs:6.000000
timestame:1619470226.539000000,objid:11,type:0,xpos:0.000000,ypos:0.000000,xspeed:-2.260000,yspeed:7.520000,angle:-7.290000,distense:40.400000,rcs:6.000000
timestame:1619470226.539000000,objid:14,type:0,xpos:0.000000,ypos:0.000000,xspeed:-1.770000,yspeed:7.900000,angle:-3.960000,distense:42.400000,rcs:9.000000
