timestame:1619470474.657000000,objid:1,type:0,xpos:0.000000,ypos:0.000000,xspeed:-11.440000,yspeed:-0.350000,angle:-4.740000,distense:140.600000,rcs:18.000000
timestame:1619470474.657000000,objid:2,type:0,xpos:0.000000,ypos:0.000000,xspeed:1.140000,yspeed:-0.680000,angle:14.050000,distense:71.600000,rcs:9.000000
