timestame:1619471003.948000000,objid:1,type:0,xpos:0.000000,ypos:0.000000,xspeed:-13.270000,yspeed:-0.810000,angle:-6.660000,distense:131.200000,rcs:13.000000
timestame:1619471003.948000000,objid:4,type:0,xpos:0.000000,ypos:0.000000,xspeed:1.350000,yspeed:0.220000,angle:0.620000,distense:17.600000,rcs:20.000000
