timestame:1619471096.333000000,objid:2,type:0,xpos:0.000000,ypos:0.000000,xspeed:8.040000,yspeed:-0.160000,angle:1.250000,distense:90.200000,rcs:32.000000
timestame:1619471096.333000000,objid:3,type:0,xpos:0.000000,ypos:0.000000,xspeed:-17.780000,yspeed:0.000000,angle:-9.410000,distense:75.600000,rcs:28.000000
