timestame:1619470643.667000000,objid:2,type:0,xpos:0.000000,ypos:0.000000,xspeed:-6.510000,yspeed:-0.010000,angle:-4.970000,distense:164.600000,rcs:12.000000
timestame:1619470643.667000000,objid:6,type:0,xpos:0.000000,ypos:0.000000,xspeed:3.620000,yspeed:-10.750000,angle:6.590000,distense:47.800000,rcs:32.000000
timestame:1619470643.667000000,objid:8,type:0,xpos:0.000000,ypos:0.000000,xspeed:-6.090000,yspeed:6.590000,angle:12.770000,distense:87.800000,rcs:16.000000
timestame:1619470643.667000000,objid:13,type:0,xpos:0.000000,ypos:0.000000,xspeed:-1.910000,yspeed:7.720000,angle:6.480000,distense:41.200000,rcs:22.000000
