timestame:1619470141.467000000,objid:1,type:0,xpos:0.000000,ypos:0.000000,xspeed:1.640000,yspeed:0.490000,angle:16.160000,distense:27.400000,rcs:13.000000
timestame:1619470141.467000000,objid:2,type:0,xpos:0.000000,ypos:0.000000,xspeed:9.250000,yspeed:17.350000,angle:-3.990000,distense:23.600000,rcs:6.000000
timestame:1619470141.467000000,objid:3,type:0,xpos:0.000000,ypos:0.000000,xspeed:8.380000,yspeed:7.700000,angle:-17.110000,distense:41.000000,rcs:6.000000
