timestame:1619470213.088000000,objid:1,type:0,xpos:0.000000,ypos:0.000000,xspeed:-2.000000,yspeed:9.710000,angle:-10.710000,distense:42.400000,rcs:12.000000
timestame:1619470213.088000000,objid:2,type:0,xpos:0.000000,ypos:0.000000,xspeed:-2.350000,yspeed:8.410000,angle:-7.540000,distense:41.200000,rcs:20.000000
timestame:1619470213.088000000,objid:3,type:0,xpos:0.000000,ypos:0.000000,xspeed:1.230000,yspeed:-3.780000,angle:-13.130000,distense:47.400000,rcs:12.000000
timestame:1619470213.088000000,objid:5,type:0,xpos:0.000000,ypos:0.000000,xspeed:-2.070000,yspeed:2.420000,angle:-6.670000,distense:49.600000,rcs:19.000000
