timestame:1619470444.752000000,objid:1,type:0,xpos:0.000000,ypos:0.000000,xspeed:17.390000,yspeed:0.280000,angle:1.620000,distense:139.600000,rcs:6.000000
timestame:1619470444.752000000,objid:2,type:0,xpos:0.000000,ypos:0.000000,xspeed:4.310000,yspeed:-0.010000,angle:7.870000,distense:94.400000,rcs:20.000000
