timestame:1619471076.407000000,objid:0,type:0,xpos:0.000000,ypos:0.000000,xspeed:-9.660000,yspeed:-0.420000,angle:-18.000000,distense:31.200000,rcs:9.000000
timestame:1619471076.407000000,objid:3,type:0,xpos:0.000000,ypos:0.000000,xspeed:-8.810000,yspeed:-0.030000,angle:-8.890000,distense:74.200000,rcs:20.000000
timestame:1619471076.407000000,objid:5,type:0,xpos:0.000000,ypos:0.000000,xspeed:-9.830000,yspeed:-0.200000,angle:-14.170000,distense:52.800000,rcs:18.000000
timestame:1619471076.407000000,objid:6,type:0,xpos:0.000000,ypos:0.000000,xspeed:-5.250000,yspeed:-0.490000,angle:-17.680000,distense:57.000000,rcs:26.000000
