timestame:1619470980.597000000,objid:0,type:0,xpos:0.000000,ypos:0.000000,xspeed:7.600000,yspeed:0.030000,angle:2.300000,distense:154.800000,rcs:18.000000
timestame:1619470980.597000000,objid:1,type:0,xpos:0.000000,ypos:0.000000,xspeed:-14.300000,yspeed:-0.510000,angle:-4.610000,distense:135.800000,rcs:15.000000
timestame:1619470980.597000000,objid:3,type:0,xpos:0.000000,ypos:0.000000,xspeed:3.860000,yspeed:-3.000000,angle:21.510000,distense:62.000000,rcs:15.000000
timestame:1619470980.597000000,objid:4,type:0,xpos:0.000000,ypos:0.000000,xspeed:-20.140000,yspeed:-1.430000,angle:-18.000000,distense:39.000000,rcs:24.000000
