timestame:1619470028.429000000,objid:1,type:0,xpos:0.000000,ypos:0.000000,xspeed:4.920000,yspeed:0.330000,angle:1.180000,distense:24.200000,rcs:30.000000
timestame:1619470028.429000000,objid:2,type:0,xpos:0.000000,ypos:0.000000,xspeed:6.120000,yspeed:0.230000,angle:2.290000,distense:40.200000,rcs:37.000000
