timestame:1619471253.809000000,objid:1,type:0,xpos:0.000000,ypos:0.000000,xspeed:3.380000,yspeed:2.740000,angle:4.890000,distense:84.400000,rcs:9.000000
timestame:1619471253.809000000,objid:3,type:0,xpos:0.000000,ypos:0.000000,xspeed:-16.400000,yspeed:-0.220000,angle:-6.910000,distense:119.200000,rcs:15.000000
