timestame:1619470733.447000000,objid:1,type:0,xpos:0.000000,ypos:0.000000,xspeed:12.220000,yspeed:0.590000,angle:3.240000,distense:68.200000,rcs:15.000000
timestame:1619470733.447000000,objid:6,type:0,xpos:0.000000,ypos:0.000000,xspeed:12.400000,yspeed:0.630000,angle:2.640000,distense:57.200000,rcs:37.000000
