timestame:1619471446.828000000,objid:3,type:0,xpos:0.000000,ypos:0.000000,xspeed:-3.410000,yspeed:-0.130000,angle:-5.600000,distense:113.800000,rcs:20.000000
timestame:1619471446.828000000,objid:11,type:0,xpos:0.000000,ypos:0.000000,xspeed:-3.250000,yspeed:-0.600000,angle:-7.170000,distense:103.000000,rcs:20.000000
timestame:1619471446.828000000,objid:13,type:0,xpos:0.000000,ypos:0.000000,xspeed:-2.570000,yspeed:-0.020000,angle:14.440000,distense:53.600000,rcs:13.000000
