timestame:1619470596.095000000,objid:1,type:0,xpos:0.000000,ypos:0.000000,xspeed:6.190000,yspeed:2.150000,angle:-17.040000,distense:32.400000,rcs:22.000000
timestame:1619470596.095000000,objid:5,type:0,xpos:0.000000,ypos:0.000000,xspeed:5.440000,yspeed:3.700000,angle:-13.590000,distense:43.400000,rcs:19.000000
