timestame:1619469558.608000000,objid:1,type:0,xpos:0.000000,ypos:0.000000,xspeed:5.910000,yspeed:-9.300000,angle:14.670000,distense:43.800000,rcs:6.000000
timestame:1619469558.608000000,objid:9,type:0,xpos:0.000000,ypos:0.000000,xspeed:-1.810000,yspeed:8.380000,angle:-13.600000,distense:42.000000,rcs:6.000000
timestame:1619469558.608000000,objid:13,type:0,xpos:0.000000,ypos:0.000000,xspeed:1.880000,yspeed:-6.550000,angle:-14.490000,distense:55.800000,rcs:15.000000
timestame:1619469558.608000000,objid:14,type:0,xpos:0.000000,ypos:0.000000,xspeed:-3.860000,yspeed:12.590000,angle:-15.720000,distense:46.000000,rcs:25.000000
