timestame:1619470438.172000000,objid:1,type:0,xpos:0.000000,ypos:0.000000,xspeed:13.390000,yspeed:0.410000,angle:2.230000,distense:30.400000,rcs:33.000000
timestame:1619470438.172000000,objid:2,type:0,xpos:0.000000,ypos:0.000000,xspeed:3.850000,yspeed:0.060000,angle:11.260000,distense:68.400000,rcs:22.000000
