timestame:1619471038.821000000,objid:1,type:0,xpos:0.000000,ypos:0.000000,xspeed:-2.340000,yspeed:-2.970000,angle:8.760000,distense:43.400000,rcs:37.000000
timestame:1619471038.821000000,objid:2,type:0,xpos:0.000000,ypos:0.000000,xspeed:-2.140000,yspeed:-2.030000,angle:-18.000000,distense:39.200000,rcs:15.000000
timestame:1619471038.821000000,objid:3,type:0,xpos:0.000000,ypos:0.000000,xspeed:1.260000,yspeed:-3.460000,angle:13.340000,distense:48.200000,rcs:20.000000
