timestame:1619469698.821000000,objid:2,type:0,xpos:0.000000,ypos:0.000000,xspeed:-2.130000,yspeed:-2.920000,angle:-18.000000,distense:42.000000,rcs:20.000000
timestame:1619469698.821000000,objid:5,type:0,xpos:0.000000,ypos:0.000000,xspeed:-6.710000,yspeed:-6.220000,angle:-18.000000,distense:39.400000,rcs:19.000000
timestame:1619469698.821000000,objid:8,type:0,xpos:0.000000,ypos:0.000000,xspeed:3.620000,yspeed:9.830000,angle:-10.380000,distense:44.800000,rcs:27.000000
