timestame:1619470013.387000000,objid:0,type:0,xpos:0.000000,ypos:0.000000,xspeed:-1.710000,yspeed:-1.580000,angle:-18.000000,distense:33.400000,rcs:12.000000
timestame:1619470013.387000000,objid:9,type:0,xpos:0.000000,ypos:0.000000,xspeed:1.980000,yspeed:-1.870000,angle:-5.950000,distense:51.200000,rcs:12.000000
