timestame:1619470500.664000000,objid:2,type:0,xpos:0.000000,ypos:0.000000,xspeed:-1.350000,yspeed:-1.120000,angle:-18.000000,distense:37.800000,rcs:24.000000
timestame:1619470500.664000000,objid:3,type:0,xpos:0.000000,ypos:0.000000,xspeed:-1.650000,yspeed:-3.490000,angle:-2.290000,distense:40.400000,rcs:41.000000
timestame:1619470500.664000000,objid:6,type:0,xpos:0.000000,ypos:0.000000,xspeed:-1.770000,yspeed:-0.910000,angle:-18.000000,distense:34.800000,rcs:9.000000
timestame:1619470500.664000000,objid:7,type:0,xpos:0.000000,ypos:0.000000,xspeed:-1.710000,yspeed:-2.460000,angle:-18.000000,distense:44.800000,rcs:6.000000
