timestame:1619470967.292000000,objid:0,type:0,xpos:0.000000,ypos:0.000000,xspeed:4.630000,yspeed:0.180000,angle:5.430000,distense:67.200000,rcs:31.000000
timestame:1619470967.292000000,objid:1,type:0,xpos:0.000000,ypos:0.000000,xspeed:13.740000,yspeed:0.290000,angle:1.040000,distense:167.000000,rcs:20.000000
timestame:1619470967.292000000,objid:6,type:0,xpos:0.000000,ypos:0.000000,xspeed:11.640000,yspeed:0.320000,angle:1.870000,distense:141.000000,rcs:20.000000
timestame:1619470967.292000000,objid:7,type:0,xpos:0.000000,ypos:0.000000,xspeed:6.320000,yspeed:1.820000,angle:21.060000,distense:26.000000,rcs:31.000000
