timestame:1619470776.283000000,objid:0,type:0,xpos:0.000000,ypos:0.000000,xspeed:19.000000,yspeed:2.030000,angle:1.410000,distense:195.600000,rcs:15.000000
timestame:1619470776.283000000,objid:1,type:0,xpos:0.000000,ypos:0.000000,xspeed:-7.490000,yspeed:-1.340000,angle:-9.140000,distense:103.600000,rcs:15.000000
