timestame:1619470447.980000000,objid:0,type:0,xpos:0.000000,ypos:0.000000,xspeed:18.630000,yspeed:-1.650000,angle:1.060000,distense:201.400000,rcs:9.000000
timestame:1619470447.980000000,objid:1,type:0,xpos:0.000000,ypos:0.000000,xspeed:-4.060000,yspeed:1.220000,angle:5.520000,distense:176.000000,rcs:9.000000
timestame:1619470447.980000000,objid:2,type:0,xpos:0.000000,ypos:0.000000,xspeed:4.680000,yspeed:-0.210000,angle:6.300000,distense:109.400000,rcs:21.000000
