timestame:1619469531.972000000,objid:1,type:0,xpos:0.000000,ypos:0.000000,xspeed:1.690000,yspeed:-4.970000,angle:-18.000000,distense:78.600000,rcs:9.000000
timestame:1619469531.972000000,objid:4,type:0,xpos:0.000000,ypos:0.000000,xspeed:16.080000,yspeed:1.840000,angle:2.840000,distense:28.800000,rcs:38.000000
timestame:1619469531.972000000,objid:7,type:0,xpos:0.000000,ypos:0.000000,xspeed:17.530000,yspeed:0.170000,angle:1.300000,distense:37.000000,rcs:39.000000
