timestame:1619471459.821000000,objid:1,type:0,xpos:0.000000,ypos:0.000000,xspeed:-7.870000,yspeed:0.000000,angle:-3.810000,distense:131.600000,rcs:9.000000
timestame:1619471459.821000000,objid:3,type:0,xpos:0.000000,ypos:0.000000,xspeed:-7.360000,yspeed:-5.270000,angle:-4.070000,distense:201.000000,rcs:6.000000
