timestame:1619469754.666000000,objid:2,type:0,xpos:0.000000,ypos:0.000000,xspeed:-10.910000,yspeed:-3.160000,angle:-6.750000,distense:15.200000,rcs:12.000000
timestame:1619469754.666000000,objid:3,type:0,xpos:0.000000,ypos:0.000000,xspeed:7.290000,yspeed:-1.460000,angle:22.510000,distense:23.200000,rcs:38.000000
timestame:1619469754.666000000,objid:4,type:0,xpos:0.000000,ypos:0.000000,xspeed:-13.240000,yspeed:-0.670000,angle:12.160000,distense:10.400000,rcs:6.000000
timestame:1619469754.666000000,objid:5,type:0,xpos:0.000000,ypos:0.000000,xspeed:6.080000,yspeed:3.400000,angle:22.100000,distense:25.600000,rcs:24.000000
