timestame:1619470691.600000000,objid:1,type:0,xpos:0.000000,ypos:0.000000,xspeed:3.290000,yspeed:0.080000,angle:7.400000,distense:34.200000,rcs:26.000000
timestame:1619470691.600000000,objid:2,type:0,xpos:0.000000,ypos:0.000000,xspeed:-1.940000,yspeed:-0.090000,angle:-18.000000,distense:38.600000,rcs:12.000000
timestame:1619470691.600000000,objid:3,type:0,xpos:0.000000,ypos:0.000000,xspeed:-9.220000,yspeed:-0.720000,angle:-18.000000,distense:31.000000,rcs:9.000000
timestame:1619470691.600000000,objid:8,type:0,xpos:0.000000,ypos:0.000000,xspeed:-1.070000,yspeed:1.090000,angle:-18.000000,distense:27.600000,rcs:6.000000
