timestame:1619471262.849000000,objid:2,type:0,xpos:0.000000,ypos:0.000000,xspeed:12.730000,yspeed:0.060000,angle:3.180000,distense:110.600000,rcs:26.000000
timestame:1619471262.849000000,objid:6,type:0,xpos:0.000000,ypos:0.000000,xspeed:12.680000,yspeed:-0.110000,angle:2.960000,distense:122.600000,rcs:13.000000
timestame:1619471262.849000000,objid:10,type:0,xpos:0.000000,ypos:0.000000,xspeed:12.700000,yspeed:0.120000,angle:3.640000,distense:98.400000,rcs:29.000000
