timestame:1619470007.870000000,objid:2,type:0,xpos:0.000000,ypos:0.000000,xspeed:-1.090000,yspeed:-1.940000,angle:-18.000000,distense:34.000000,rcs:26.000000
timestame:1619470007.870000000,objid:9,type:0,xpos:0.000000,ypos:0.000000,xspeed:-2.250000,yspeed:-2.770000,angle:-18.000000,distense:33.600000,rcs:9.000000
timestame:1619470007.870000000,objid:11,type:0,xpos:0.000000,ypos:0.000000,xspeed:-2.760000,yspeed:-1.760000,angle:-18.000000,distense:30.800000,rcs:13.000000
