timestame:1619470103.183000000,objid:3,type:0,xpos:0.000000,ypos:0.000000,xspeed:2.670000,yspeed:-13.030000,angle:-18.000000,distense:60.400000,rcs:9.000000
timestame:1619470103.183000000,objid:7,type:0,xpos:0.000000,ypos:0.000000,xspeed:-9.190000,yspeed:1.030000,angle:15.070000,distense:30.000000,rcs:18.000000
timestame:1619470103.183000000,objid:11,type:0,xpos:0.000000,ypos:0.000000,xspeed:2.470000,yspeed:0.880000,angle:13.900000,distense:18.600000,rcs:30.000000
