timestame:1619469815.353000000,objid:1,type:0,xpos:0.000000,ypos:0.000000,xspeed:1.990000,yspeed:5.300000,angle:-5.780000,distense:52.400000,rcs:12.000000
timestame:1619469815.353000000,objid:4,type:0,xpos:0.000000,ypos:0.000000,xspeed:-11.460000,yspeed:-2.570000,angle:-3.830000,distense:184.000000,rcs:9.000000
