timestame:1619471402.223000000,objid:0,type:0,xpos:0.000000,ypos:0.000000,xspeed:-2.160000,yspeed:4.490000,angle:-15.150000,distense:43.600000,rcs:6.000000
timestame:1619471402.223000000,objid:6,type:0,xpos:0.000000,ypos:0.000000,xspeed:-1.460000,yspeed:0.000000,angle:-9.350000,distense:48.600000,rcs:22.000000
