timestame:1619470044.154000000,objid:0,type:0,xpos:0.000000,ypos:0.000000,xspeed:4.810000,yspeed:-0.130000,angle:5.400000,distense:64.800000,rcs:13.000000
timestame:1619470044.154000000,objid:1,type:0,xpos:0.000000,ypos:0.000000,xspeed:13.300000,yspeed:-0.010000,angle:0.970000,distense:188.000000,rcs:6.000000
timestame:1619470044.154000000,objid:3,type:0,xpos:0.000000,ypos:0.000000,xspeed:14.070000,yspeed:0.170000,angle:1.360000,distense:163.200000,rcs:16.000000
timestame:1619470044.154000000,objid:5,type:0,xpos:0.000000,ypos:0.000000,xspeed:5.490000,yspeed:0.560000,angle:6.280000,distense:54.800000,rcs:36.000000
