timestame:1619470511.234000000,objid:1,type:0,xpos:0.000000,ypos:0.000000,xspeed:-4.340000,yspeed:-2.230000,angle:5.200000,distense:43.200000,rcs:38.000000
timestame:1619470511.234000000,objid:8,type:0,xpos:0.000000,ypos:0.000000,xspeed:-4.670000,yspeed:-2.850000,angle:5.530000,distense:70.600000,rcs:24.000000
timestame:1619470511.234000000,objid:10,type:0,xpos:0.000000,ypos:0.000000,xspeed:2.910000,yspeed:-0.220000,angle:-0.100000,distense:14.600000,rcs:15.000000
timestame:1619470511.234000000,objid:11,type:0,xpos:0.000000,ypos:0.000000,xspeed:-1.190000,yspeed:6.950000,angle:-11.700000,distense:40.600000,rcs:6.000000
