timestame:1619469917.260000000,objid:1,type:0,xpos:0.000000,ypos:0.000000,xspeed:5.520000,yspeed:0.100000,angle:1.540000,distense:113.400000,rcs:18.000000
timestame:1619469917.260000000,objid:8,type:0,xpos:0.000000,ypos:0.000000,xspeed:5.610000,yspeed:0.000000,angle:1.520000,distense:106.800000,rcs:29.000000
