timestame:1619470373.347000000,objid:1,type:0,xpos:0.000000,ypos:0.000000,xspeed:-3.820000,yspeed:-8.400000,angle:-11.230000,distense:38.600000,rcs:6.000000
timestame:1619470373.347000000,objid:6,type:0,xpos:0.000000,ypos:0.000000,xspeed:-1.690000,yspeed:0.110000,angle:-18.000000,distense:32.200000,rcs:6.000000
timestame:1619470373.347000000,objid:10,type:0,xpos:0.000000,ypos:0.000000,xspeed:-5.860000,yspeed:-1.900000,angle:-18.000000,distense:31.400000,rcs:9.000000
timestame:1619470373.347000000,objid:14,type:0,xpos:0.000000,ypos:0.000000,xspeed:-2.520000,yspeed:-0.450000,angle:-18.000000,distense:29.600000,rcs:9.000000
