timestame:1619469926.194000000,objid:1,type:0,xpos:0.000000,ypos:0.000000,xspeed:6.710000,yspeed:0.220000,angle:1.510000,distense:169.200000,rcs:6.000000
timestame:1619469926.194000000,objid:8,type:0,xpos:0.000000,ypos:0.000000,xspeed:6.700000,yspeed:0.110000,angle:1.310000,distense:162.200000,rcs:18.000000
