timestame:1619470146.632000000,objid:0,type:0,xpos:0.000000,ypos:0.000000,xspeed:2.660000,yspeed:2.150000,angle:-16.160000,distense:38.000000,rcs:13.000000
timestame:1619470146.632000000,objid:1,type:0,xpos:0.000000,ypos:0.000000,xspeed:3.370000,yspeed:1.590000,angle:22.930000,distense:24.400000,rcs:29.000000
timestame:1619470146.632000000,objid:2,type:0,xpos:0.000000,ypos:0.000000,xspeed:3.090000,yspeed:1.830000,angle:21.560000,distense:34.200000,rcs:6.000000
timestame:1619470146.632000000,objid:3,type:0,xpos:0.000000,ypos:0.000000,xspeed:-1.270000,yspeed:-0.970000,angle:-10.420000,distense:74.600000,rcs:9.000000
