timestame:1619471404.405000000,objid:0,type:0,xpos:0.000000,ypos:0.000000,xspeed:2.560000,yspeed:3.610000,angle:9.520000,distense:44.000000,rcs:34.000000
timestame:1619471404.405000000,objid:4,type:0,xpos:0.000000,ypos:0.000000,xspeed:-2.190000,yspeed:9.080000,angle:20.580000,distense:40.200000,rcs:6.000000
timestame:1619471404.405000000,objid:10,type:0,xpos:0.000000,ypos:0.000000,xspeed:-1.050000,yspeed:0.300000,angle:-15.300000,distense:47.600000,rcs:13.000000
timestame:1619471404.405000000,objid:12,type:0,xpos:0.000000,ypos:0.000000,xspeed:-19.250000,yspeed:-2.510000,angle:12.770000,distense:22.000000,rcs:9.000000
