timestame:1619470708.400000000,objid:1,type:0,xpos:0.000000,ypos:0.000000,xspeed:12.490000,yspeed:0.230000,angle:2.180000,distense:194.400000,rcs:13.000000
timestame:1619470708.400000000,objid:2,type:0,xpos:0.000000,ypos:0.000000,xspeed:3.440000,yspeed:1.140000,angle:-15.580000,distense:20.400000,rcs:24.000000
timestame:1619470708.400000000,objid:3,type:0,xpos:0.000000,ypos:0.000000,xspeed:19.110000,yspeed:13.600000,angle:-17.800000,distense:33.200000,rcs:18.000000
timestame:1619470708.400000000,objid:7,type:0,xpos:0.000000,ypos:0.000000,xspeed:11.390000,yspeed:9.780000,angle:-10.630000,distense:18.400000,rcs:26.000000
