timestame:1619469785.894000000,objid:1,type:0,xpos:0.000000,ypos:0.000000,xspeed:-18.690000,yspeed:-1.490000,angle:-8.340000,distense:109.000000,rcs:13.000000
timestame:1619469785.894000000,objid:2,type:0,xpos:0.000000,ypos:0.000000,xspeed:16.800000,yspeed:0.060000,angle:0.940000,distense:193.000000,rcs:9.000000
timestame:1619469785.894000000,objid:4,type:0,xpos:0.000000,ypos:0.000000,xspeed:-17.240000,yspeed:-0.300000,angle:-8.660000,distense:101.000000,rcs:24.000000
timestame:1619469785.894000000,objid:10,type:0,xpos:0.000000,ypos:0.000000,xspeed:16.810000,yspeed:0.200000,angle:1.180000,distense:180.400000,rcs:34.000000
