timestame:1619470008.429000000,objid:1,type:0,xpos:0.000000,ypos:0.000000,xspeed:-22.560000,yspeed:-0.100000,angle:1.020000,distense:25.800000,rcs:6.000000
timestame:1619470008.429000000,objid:2,type:0,xpos:0.000000,ypos:0.000000,xspeed:-1.370000,yspeed:-1.450000,angle:-18.000000,distense:33.400000,rcs:20.000000
timestame:1619470008.429000000,objid:9,type:0,xpos:0.000000,ypos:0.000000,xspeed:-2.070000,yspeed:-2.460000,angle:-18.000000,distense:33.400000,rcs:16.000000
timestame:1619470008.429000000,objid:11,type:0,xpos:0.000000,ypos:0.000000,xspeed:-2.460000,yspeed:-1.580000,angle:-18.000000,distense:30.400000,rcs:6.000000
