timestame:1619471262.726000000,objid:2,type:0,xpos:0.000000,ypos:0.000000,xspeed:12.750000,yspeed:0.070000,angle:3.230000,distense:109.200000,rcs:28.000000
timestame:1619471262.726000000,objid:6,type:0,xpos:0.000000,ypos:0.000000,xspeed:12.690000,yspeed:-0.180000,angle:2.920000,distense:121.200000,rcs:18.000000
timestame:1619471262.726000000,objid:10,type:0,xpos:0.000000,ypos:0.000000,xspeed:12.660000,yspeed:0.130000,angle:3.710000,distense:96.800000,rcs:26.000000
