timestame:1619470705.360000000,objid:0,type:0,xpos:0.000000,ypos:0.000000,xspeed:3.410000,yspeed:3.550000,angle:-12.060000,distense:42.800000,rcs:6.000000
timestame:1619470705.360000000,objid:1,type:0,xpos:0.000000,ypos:0.000000,xspeed:11.450000,yspeed:0.000000,angle:2.440000,distense:155.800000,rcs:16.000000
timestame:1619470705.360000000,objid:2,type:0,xpos:0.000000,ypos:0.000000,xspeed:-7.480000,yspeed:-1.300000,angle:-18.000000,distense:65.600000,rcs:9.000000
