timestame:1619469715.925000000,objid:1,type:0,xpos:0.000000,ypos:0.000000,xspeed:-2.130000,yspeed:8.060000,angle:-3.570000,distense:39.600000,rcs:6.000000
timestame:1619469715.925000000,objid:3,type:0,xpos:0.000000,ypos:0.000000,xspeed:14.540000,yspeed:-0.900000,angle:0.560000,distense:173.400000,rcs:12.000000
