timestame:1619469890.333000000,objid:2,type:0,xpos:0.000000,ypos:0.000000,xspeed:-3.910000,yspeed:-0.110000,angle:-13.990000,distense:55.000000,rcs:25.000000
timestame:1619469890.333000000,objid:5,type:0,xpos:0.000000,ypos:0.000000,xspeed:-2.930000,yspeed:-0.080000,angle:-17.800000,distense:56.800000,rcs:16.000000
timestame:1619469890.333000000,objid:16,type:0,xpos:0.000000,ypos:0.000000,xspeed:-3.700000,yspeed:-0.120000,angle:-11.370000,distense:66.000000,rcs:23.000000
