timestame:1619470216.615000000,objid:6,type:0,xpos:0.000000,ypos:0.000000,xspeed:-6.850000,yspeed:1.980000,angle:-17.860000,distense:48.400000,rcs:20.000000
timestame:1619470216.615000000,objid:7,type:0,xpos:0.000000,ypos:0.000000,xspeed:-2.430000,yspeed:6.580000,angle:1.220000,distense:40.600000,rcs:6.000000
timestame:1619470216.615000000,objid:13,type:0,xpos:0.000000,ypos:0.000000,xspeed:-5.460000,yspeed:-6.970000,angle:-18.000000,distense:50.400000,rcs:12.000000
