timestame:1619470774.234000000,objid:0,type:0,xpos:0.000000,ypos:0.000000,xspeed:-9.290000,yspeed:-0.160000,angle:-7.480000,distense:114.800000,rcs:18.000000
timestame:1619470774.234000000,objid:2,type:0,xpos:0.000000,ypos:0.000000,xspeed:17.630000,yspeed:0.600000,angle:1.510000,distense:156.600000,rcs:20.000000
