timestame:1619469708.922000000,objid:3,type:0,xpos:0.000000,ypos:0.000000,xspeed:11.030000,yspeed:-3.820000,angle:6.020000,distense:80.200000,rcs:22.000000
timestame:1619469708.922000000,objid:4,type:0,xpos:0.000000,ypos:0.000000,xspeed:-2.340000,yspeed:0.000000,angle:-18.000000,distense:37.000000,rcs:31.000000
timestame:1619469708.922000000,objid:5,type:0,xpos:0.000000,ypos:0.000000,xspeed:-3.800000,yspeed:-2.830000,angle:-18.000000,distense:34.200000,rcs:9.000000
timestame:1619469708.922000000,objid:7,type:0,xpos:0.000000,ypos:0.000000,xspeed:-8.310000,yspeed:-3.160000,angle:-18.000000,distense:35.200000,rcs:24.000000
