timestame:1619470769.572000000,objid:0,type:0,xpos:0.000000,ypos:0.000000,xspeed:-11.690000,yspeed:-0.500000,angle:-5.380000,distense:158.400000,rcs:12.000000
timestame:1619470769.572000000,objid:1,type:0,xpos:0.000000,ypos:0.000000,xspeed:11.430000,yspeed:0.280000,angle:2.150000,distense:81.600000,rcs:23.000000
timestame:1619470769.572000000,objid:2,type:0,xpos:0.000000,ypos:0.000000,xspeed:-8.850000,yspeed:-5.970000,angle:-6.210000,distense:156.400000,rcs:16.000000
