timestame:1619470561.462000000,objid:0,type:0,xpos:0.000000,ypos:0.000000,xspeed:5.300000,yspeed:-0.420000,angle:2.580000,distense:199.000000,rcs:9.000000
timestame:1619470561.462000000,objid:1,type:0,xpos:0.000000,ypos:0.000000,xspeed:5.690000,yspeed:-0.230000,angle:4.140000,distense:190.800000,rcs:16.000000
timestame:1619470561.462000000,objid:2,type:0,xpos:0.000000,ypos:0.000000,xspeed:5.320000,yspeed:2.270000,angle:3.060000,distense:206.400000,rcs:13.000000
timestame:1619470561.462000000,objid:3,type:0,xpos:0.000000,ypos:0.000000,xspeed:9.280000,yspeed:0.270000,angle:1.910000,distense:76.600000,rcs:37.000000
