timestame:1619471076.530000000,objid:0,type:0,xpos:0.000000,ypos:0.000000,xspeed:-9.720000,yspeed:-0.360000,angle:-18.000000,distense:29.000000,rcs:6.000000
timestame:1619471076.530000000,objid:3,type:0,xpos:0.000000,ypos:0.000000,xspeed:-8.900000,yspeed:-0.180000,angle:-9.430000,distense:72.000000,rcs:26.000000
timestame:1619471076.530000000,objid:5,type:0,xpos:0.000000,ypos:0.000000,xspeed:-9.910000,yspeed:-0.230000,angle:-14.970000,distense:50.400000,rcs:22.000000
timestame:1619471076.530000000,objid:6,type:0,xpos:0.000000,ypos:0.000000,xspeed:-5.340000,yspeed:-0.540000,angle:-18.000000,distense:55.600000,rcs:25.000000
