timestame:1619471321.821000000,objid:1,type:0,xpos:0.000000,ypos:0.000000,xspeed:-6.570000,yspeed:-0.570000,angle:-7.860000,distense:90.200000,rcs:16.000000
timestame:1619471321.821000000,objid:3,type:0,xpos:0.000000,ypos:0.000000,xspeed:-12.790000,yspeed:-0.260000,angle:-3.930000,distense:161.600000,rcs:9.000000
timestame:1619471321.821000000,objid:4,type:0,xpos:0.000000,ypos:0.000000,xspeed:-2.250000,yspeed:-7.490000,angle:1.560000,distense:40.600000,rcs:20.000000
