timestame:1619470125.581000000,objid:3,type:0,xpos:0.000000,ypos:0.000000,xspeed:-7.500000,yspeed:-0.570000,angle:13.870000,distense:32.400000,rcs:20.000000
timestame:1619470125.581000000,objid:4,type:0,xpos:0.000000,ypos:0.000000,xspeed:4.150000,yspeed:2.040000,angle:-16.890000,distense:35.400000,rcs:21.000000
timestame:1619470125.581000000,objid:5,type:0,xpos:0.000000,ypos:0.000000,xspeed:-7.290000,yspeed:0.000000,angle:10.470000,distense:41.600000,rcs:12.000000
timestame:1619470125.581000000,objid:6,type:0,xpos:0.000000,ypos:0.000000,xspeed:3.580000,yspeed:3.660000,angle:-11.560000,distense:40.800000,rcs:9.000000
