timestame:1619470142.836000000,objid:0,type:0,xpos:0.000000,ypos:0.000000,xspeed:4.620000,yspeed:0.320000,angle:20.770000,distense:24.800000,rcs:18.000000
timestame:1619470142.836000000,objid:1,type:0,xpos:0.000000,ypos:0.000000,xspeed:1.730000,yspeed:-0.210000,angle:13.730000,distense:29.800000,rcs:6.000000
timestame:1619470142.836000000,objid:3,type:0,xpos:0.000000,ypos:0.000000,xspeed:12.350000,yspeed:-7.930000,angle:7.840000,distense:31.200000,rcs:6.000000
timestame:1619470142.836000000,objid:4,type:0,xpos:0.000000,ypos:0.000000,xspeed:-4.080000,yspeed:-1.530000,angle:14.530000,distense:25.000000,rcs:6.000000
