timestame:1619471040.615000000,objid:2,type:0,xpos:0.000000,ypos:0.000000,xspeed:-1.860000,yspeed:-1.280000,angle:-18.000000,distense:37.000000,rcs:18.000000
timestame:1619471040.615000000,objid:6,type:0,xpos:0.000000,ypos:0.000000,xspeed:-4.040000,yspeed:-5.830000,angle:-18.000000,distense:38.600000,rcs:22.000000
