timestame:1619471088.503000000,objid:0,type:0,xpos:0.000000,ypos:0.000000,xspeed:9.090000,yspeed:0.430000,angle:1.840000,distense:76.400000,rcs:22.000000
timestame:1619471088.503000000,objid:1,type:0,xpos:0.000000,ypos:0.000000,xspeed:8.580000,yspeed:0.620000,angle:8.590000,distense:29.200000,rcs:23.000000
timestame:1619471088.503000000,objid:4,type:0,xpos:0.000000,ypos:0.000000,xspeed:-22.540000,yspeed:-0.880000,angle:-9.180000,distense:81.600000,rcs:15.000000
timestame:1619471088.503000000,objid:11,type:0,xpos:0.000000,ypos:0.000000,xspeed:3.910000,yspeed:-0.160000,angle:1.400000,distense:31.400000,rcs:9.000000
