timestame:1619470294.585000000,objid:0,type:0,xpos:0.000000,ypos:0.000000,xspeed:1.850000,yspeed:0.100000,angle:5.430000,distense:22.400000,rcs:26.000000
timestame:1619470294.585000000,objid:1,type:0,xpos:0.000000,ypos:0.000000,xspeed:-1.190000,yspeed:-0.010000,angle:5.570000,distense:9.200000,rcs:30.000000
timestame:1619470294.585000000,objid:5,type:0,xpos:0.000000,ypos:0.000000,xspeed:2.670000,yspeed:0.670000,angle:3.050000,distense:20.200000,rcs:25.000000
