timestame:1619470122.049000000,objid:1,type:0,xpos:0.000000,ypos:0.000000,xspeed:8.420000,yspeed:2.060000,angle:18.710000,distense:31.200000,rcs:26.000000
timestame:1619470122.049000000,objid:4,type:0,xpos:0.000000,ypos:0.000000,xspeed:3.090000,yspeed:0.250000,angle:-15.450000,distense:19.800000,rcs:26.000000
timestame:1619470122.049000000,objid:6,type:0,xpos:0.000000,ypos:0.000000,xspeed:5.810000,yspeed:0.830000,angle:19.940000,distense:24.600000,rcs:32.000000
timestame:1619470122.049000000,objid:8,type:0,xpos:0.000000,ypos:0.000000,xspeed:4.030000,yspeed:1.190000,angle:-17.580000,distense:26.400000,rcs:32.000000
