timestame:1619469534.522000000,objid:4,type:0,xpos:0.000000,ypos:0.000000,xspeed:16.400000,yspeed:0.630000,angle:2.370000,distense:71.200000,rcs:32.000000
timestame:1619469534.522000000,objid:7,type:0,xpos:0.000000,ypos:0.000000,xspeed:16.590000,yspeed:0.650000,angle:2.000000,distense:79.200000,rcs:20.000000
