timestame:1619469786.449000000,objid:1,type:0,xpos:0.000000,ypos:0.000000,xspeed:-16.850000,yspeed:0.530000,angle:-8.340000,distense:100.600000,rcs:15.000000
timestame:1619469786.449000000,objid:2,type:0,xpos:0.000000,ypos:0.000000,xspeed:16.660000,yspeed:0.140000,angle:0.980000,distense:201.800000,rcs:12.000000
timestame:1619469786.449000000,objid:4,type:0,xpos:0.000000,ypos:0.000000,xspeed:-17.050000,yspeed:-0.350000,angle:-9.640000,distense:92.400000,rcs:20.000000
timestame:1619469786.449000000,objid:10,type:0,xpos:0.000000,ypos:0.000000,xspeed:16.930000,yspeed:0.200000,angle:1.160000,distense:189.800000,rcs:31.000000
