timestame:1619471376.342000000,objid:0,type:0,xpos:0.000000,ypos:0.000000,xspeed:10.310000,yspeed:-0.400000,angle:2.520000,distense:211.800000,rcs:9.000000
timestame:1619471376.342000000,objid:1,type:0,xpos:0.000000,ypos:0.000000,xspeed:10.320000,yspeed:0.240000,angle:2.220000,distense:204.400000,rcs:24.000000
