timestame:1619470490.223000000,objid:5,type:0,xpos:0.000000,ypos:0.000000,xspeed:-2.120000,yspeed:-1.190000,angle:-18.000000,distense:30.400000,rcs:9.000000
timestame:1619470490.223000000,objid:8,type:0,xpos:0.000000,ypos:0.000000,xspeed:1.320000,yspeed:10.790000,angle:-16.860000,distense:47.200000,rcs:24.000000
