timestame:1619469622.296000000,objid:1,type:0,xpos:0.000000,ypos:0.000000,xspeed:-3.570000,yspeed:0.090000,angle:-15.290000,distense:61.600000,rcs:23.000000
timestame:1619469622.296000000,objid:2,type:0,xpos:0.000000,ypos:0.000000,xspeed:-3.850000,yspeed:-0.200000,angle:-13.310000,distense:73.800000,rcs:27.000000
timestame:1619469622.296000000,objid:4,type:0,xpos:0.000000,ypos:0.000000,xspeed:-15.200000,yspeed:0.080000,angle:-7.960000,distense:77.400000,rcs:26.000000
