timestame:1619470916.785000000,objid:0,type:0,xpos:0.000000,ypos:0.000000,xspeed:2.360000,yspeed:4.750000,angle:-3.910000,distense:46.800000,rcs:12.000000
timestame:1619470916.785000000,objid:3,type:0,xpos:0.000000,ypos:0.000000,xspeed:1.010000,yspeed:1.640000,angle:-3.420000,distense:43.800000,rcs:12.000000
