timestame:1619470615.564000000,objid:0,type:0,xpos:0.000000,ypos:0.000000,xspeed:2.090000,yspeed:-9.790000,angle:-18.000000,distense:63.200000,rcs:6.000000
timestame:1619470615.564000000,objid:1,type:0,xpos:0.000000,ypos:0.000000,xspeed:-1.440000,yspeed:3.630000,angle:2.360000,distense:40.200000,rcs:6.000000
timestame:1619470615.564000000,objid:7,type:0,xpos:0.000000,ypos:0.000000,xspeed:-16.600000,yspeed:-0.260000,angle:-7.400000,distense:123.600000,rcs:6.000000
timestame:1619470615.564000000,objid:10,type:0,xpos:0.000000,ypos:0.000000,xspeed:-1.110000,yspeed:5.450000,angle:13.360000,distense:40.600000,rcs:18.000000
