timestame:1619469878.252000000,objid:3,type:0,xpos:0.000000,ypos:0.000000,xspeed:-4.270000,yspeed:0.160000,angle:-18.000000,distense:29.400000,rcs:6.000000
timestame:1619469878.252000000,objid:6,type:0,xpos:0.000000,ypos:0.000000,xspeed:-2.630000,yspeed:0.000000,angle:-17.640000,distense:37.600000,rcs:25.000000
timestame:1619469878.252000000,objid:10,type:0,xpos:0.000000,ypos:0.000000,xspeed:3.200000,yspeed:-4.520000,angle:-3.830000,distense:43.000000,rcs:36.000000
timestame:1619469878.252000000,objid:11,type:0,xpos:0.000000,ypos:0.000000,xspeed:-5.500000,yspeed:-4.220000,angle:-12.360000,distense:70.400000,rcs:9.000000
