timestame:1619470479.523000000,objid:0,type:0,xpos:0.000000,ypos:0.000000,xspeed:-7.390000,yspeed:-0.330000,angle:-6.840000,distense:99.200000,rcs:24.000000
timestame:1619470479.523000000,objid:1,type:0,xpos:0.000000,ypos:0.000000,xspeed:-4.960000,yspeed:0.000000,angle:-6.440000,distense:102.200000,rcs:26.000000
timestame:1619470479.523000000,objid:2,type:0,xpos:0.000000,ypos:0.000000,xspeed:1.750000,yspeed:-0.550000,angle:11.660000,distense:78.400000,rcs:6.000000
timestame:1619470479.523000000,objid:4,type:0,xpos:0.000000,ypos:0.000000,xspeed:1.050000,yspeed:-2.120000,angle:-14.660000,distense:46.600000,rcs:9.000000
