timestame:1619471563.084000000,objid:3,type:0,xpos:0.000000,ypos:0.000000,xspeed:-2.050000,yspeed:-2.590000,angle:-18.000000,distense:33.000000,rcs:19.000000
timestame:1619471563.084000000,objid:5,type:0,xpos:0.000000,ypos:0.000000,xspeed:-2.980000,yspeed:-0.330000,angle:-18.000000,distense:30.000000,rcs:15.000000
timestame:1619471563.084000000,objid:6,type:0,xpos:0.000000,ypos:0.000000,xspeed:7.590000,yspeed:-7.110000,angle:-18.000000,distense:63.200000,rcs:6.000000
timestame:1619471563.084000000,objid:10,type:0,xpos:0.000000,ypos:0.000000,xspeed:2.250000,yspeed:2.850000,angle:-15.400000,distense:61.400000,rcs:20.000000
