timestame:1619470256.605000000,objid:4,type:0,xpos:0.000000,ypos:0.000000,xspeed:3.760000,yspeed:3.200000,angle:-10.740000,distense:40.400000,rcs:6.000000
timestame:1619470256.605000000,objid:8,type:0,xpos:0.000000,ypos:0.000000,xspeed:1.110000,yspeed:3.190000,angle:-6.930000,distense:46.800000,rcs:6.000000
