timestame:1619470194.369000000,objid:1,type:0,xpos:0.000000,ypos:0.000000,xspeed:1.640000,yspeed:1.060000,angle:6.410000,distense:141.000000,rcs:21.000000
timestame:1619470194.369000000,objid:2,type:0,xpos:0.000000,ypos:0.000000,xspeed:-5.700000,yspeed:11.670000,angle:-4.750000,distense:43.800000,rcs:6.000000
timestame:1619470194.369000000,objid:4,type:0,xpos:0.000000,ypos:0.000000,xspeed:-3.820000,yspeed:7.740000,angle:7.130000,distense:152.400000,rcs:6.000000
