timestame:1619471293.601000000,objid:0,type:0,xpos:0.000000,ypos:0.000000,xspeed:2.650000,yspeed:2.920000,angle:-15.640000,distense:36.800000,rcs:12.000000
timestame:1619471293.601000000,objid:1,type:0,xpos:0.000000,ypos:0.000000,xspeed:-2.740000,yspeed:11.990000,angle:-7.380000,distense:46.200000,rcs:23.000000
timestame:1619471293.601000000,objid:3,type:0,xpos:0.000000,ypos:0.000000,xspeed:19.610000,yspeed:18.520000,angle:-9.790000,distense:48.200000,rcs:6.000000
timestame:1619471293.601000000,objid:6,type:0,xpos:0.000000,ypos:0.000000,xspeed:3.920000,yspeed:0.060000,angle:21.840000,distense:30.000000,rcs:12.000000
