timestame:1619471369.372000000,objid:1,type:0,xpos:0.000000,ypos:0.000000,xspeed:8.150000,yspeed:-0.020000,angle:2.790000,distense:135.600000,rcs:12.000000
timestame:1619471369.372000000,objid:7,type:0,xpos:0.000000,ypos:0.000000,xspeed:11.230000,yspeed:0.290000,angle:1.590000,distense:179.400000,rcs:19.000000
