timestame:1619469995.586000000,objid:8,type:0,xpos:0.000000,ypos:0.000000,xspeed:1.120000,yspeed:2.990000,angle:-1.660000,distense:44.000000,rcs:6.000000
timestame:1619469995.586000000,objid:11,type:0,xpos:0.000000,ypos:0.000000,xspeed:1.980000,yspeed:2.700000,angle:-18.000000,distense:36.000000,rcs:30.000000
timestame:1619469995.586000000,objid:15,type:0,xpos:0.000000,ypos:0.000000,xspeed:-1.160000,yspeed:-1.750000,angle:-18.000000,distense:36.000000,rcs:32.000000
timestame:1619469995.586000000,objid:24,type:0,xpos:0.000000,ypos:0.000000,xspeed:2.000000,yspeed:3.260000,angle:-8.670000,distense:40.200000,rcs:9.000000
