timestame:1619470500.104000000,objid:2,type:0,xpos:0.000000,ypos:0.000000,xspeed:-1.190000,yspeed:-1.330000,angle:-18.000000,distense:38.600000,rcs:25.000000
timestame:1619470500.104000000,objid:3,type:0,xpos:0.000000,ypos:0.000000,xspeed:-3.010000,yspeed:4.190000,angle:0.890000,distense:41.200000,rcs:41.000000
timestame:1619470500.104000000,objid:4,type:0,xpos:0.000000,ypos:0.000000,xspeed:1.550000,yspeed:-3.700000,angle:11.710000,distense:45.200000,rcs:25.000000
timestame:1619470500.104000000,objid:7,type:0,xpos:0.000000,ypos:0.000000,xspeed:-1.700000,yspeed:-2.560000,angle:-18.000000,distense:45.200000,rcs:6.000000
