timestame:1619470792.312000000,objid:0,type:0,xpos:0.000000,ypos:0.000000,xspeed:1.020000,yspeed:0.140000,angle:2.210000,distense:19.400000,rcs:22.000000
timestame:1619470792.312000000,objid:5,type:0,xpos:0.000000,ypos:0.000000,xspeed:3.850000,yspeed:-3.660000,angle:-18.000000,distense:48.800000,rcs:6.000000
timestame:1619470792.312000000,objid:7,type:0,xpos:0.000000,ypos:0.000000,xspeed:4.760000,yspeed:4.360000,angle:13.740000,distense:50.600000,rcs:27.000000
