timestame:1619470636.779000000,objid:3,type:0,xpos:0.000000,ypos:0.000000,xspeed:4.520000,yspeed:-13.280000,angle:4.040000,distense:50.000000,rcs:9.000000
timestame:1619470636.779000000,objid:4,type:0,xpos:0.000000,ypos:0.000000,xspeed:-11.580000,yspeed:3.290000,angle:-4.140000,distense:209.800000,rcs:9.000000
timestame:1619470636.779000000,objid:6,type:0,xpos:0.000000,ypos:0.000000,xspeed:3.580000,yspeed:-8.950000,angle:5.960000,distense:50.000000,rcs:26.000000
