timestame:1619469538.190000000,objid:4,type:0,xpos:0.000000,ypos:0.000000,xspeed:17.060000,yspeed:0.320000,angle:1.690000,distense:133.600000,rcs:20.000000
timestame:1619469538.190000000,objid:7,type:0,xpos:0.000000,ypos:0.000000,xspeed:17.040000,yspeed:0.210000,angle:1.310000,distense:141.000000,rcs:12.000000
