timestame:1619470443.693000000,objid:1,type:0,xpos:0.000000,ypos:0.000000,xspeed:16.880000,yspeed:0.220000,angle:1.700000,distense:120.000000,rcs:16.000000
timestame:1619470443.693000000,objid:2,type:0,xpos:0.000000,ypos:0.000000,xspeed:4.000000,yspeed:-0.140000,angle:8.170000,distense:89.400000,rcs:16.000000
