timestame:1619471449.628000000,objid:3,type:0,xpos:0.000000,ypos:0.000000,xspeed:-3.000000,yspeed:-0.030000,angle:-6.010000,distense:105.200000,rcs:18.000000
timestame:1619471449.628000000,objid:11,type:0,xpos:0.000000,ypos:0.000000,xspeed:-2.580000,yspeed:-0.280000,angle:-8.310000,distense:96.200000,rcs:12.000000
timestame:1619471449.628000000,objid:13,type:0,xpos:0.000000,ypos:0.000000,xspeed:-3.550000,yspeed:0.100000,angle:18.400000,distense:43.400000,rcs:9.000000
