timestame:1619469928.172000000,objid:1,type:0,xpos:0.000000,ypos:0.000000,xspeed:7.040000,yspeed:0.010000,angle:1.320000,distense:183.400000,rcs:12.000000
timestame:1619469928.172000000,objid:8,type:0,xpos:0.000000,ypos:0.000000,xspeed:7.290000,yspeed:0.070000,angle:1.220000,distense:177.200000,rcs:13.000000
