timestame:1619470026.314000000,objid:0,type:0,xpos:0.000000,ypos:0.000000,xspeed:6.070000,yspeed:-3.660000,angle:0.570000,distense:36.000000,rcs:6.000000
timestame:1619470026.314000000,objid:2,type:0,xpos:0.000000,ypos:0.000000,xspeed:5.990000,yspeed:0.210000,angle:2.100000,distense:27.200000,rcs:38.000000
