timestame:1619470840.249000000,objid:2,type:0,xpos:0.000000,ypos:0.000000,xspeed:3.860000,yspeed:2.290000,angle:-16.110000,distense:42.600000,rcs:6.000000
timestame:1619470840.249000000,objid:3,type:0,xpos:0.000000,ypos:0.000000,xspeed:2.780000,yspeed:2.270000,angle:-12.370000,distense:40.000000,rcs:9.000000
timestame:1619470840.249000000,objid:7,type:0,xpos:0.000000,ypos:0.000000,xspeed:13.250000,yspeed:0.350000,angle:2.360000,distense:207.400000,rcs:26.000000
