timestame:1619469559.039000000,objid:5,type:0,xpos:0.000000,ypos:0.000000,xspeed:1.190000,yspeed:-1.230000,angle:-12.710000,distense:43.200000,rcs:6.000000
timestame:1619469559.039000000,objid:13,type:0,xpos:0.000000,ypos:0.000000,xspeed:1.900000,yspeed:-7.940000,angle:-18.000000,distense:57.800000,rcs:21.000000
timestame:1619469559.039000000,objid:14,type:0,xpos:0.000000,ypos:0.000000,xspeed:-4.070000,yspeed:11.290000,angle:-9.820000,distense:46.600000,rcs:6.000000
