timestame:1619470138.254000000,objid:0,type:0,xpos:0.000000,ypos:0.000000,xspeed:-7.370000,yspeed:-1.510000,angle:11.390000,distense:35.200000,rcs:22.000000
timestame:1619470138.254000000,objid:7,type:0,xpos:0.000000,ypos:0.000000,xspeed:-2.350000,yspeed:-0.220000,angle:-10.250000,distense:74.200000,rcs:9.000000
