timestame:1619471044.079000000,objid:1,type:0,xpos:0.000000,ypos:0.000000,xspeed:-1.220000,yspeed:-2.600000,angle:-13.820000,distense:39.000000,rcs:27.000000
timestame:1619471044.079000000,objid:2,type:0,xpos:0.000000,ypos:0.000000,xspeed:-2.480000,yspeed:-0.470000,angle:-18.000000,distense:29.800000,rcs:9.000000
timestame:1619471044.079000000,objid:3,type:0,xpos:0.000000,ypos:0.000000,xspeed:-1.370000,yspeed:-6.100000,angle:3.790000,distense:42.200000,rcs:33.000000
timestame:1619471044.079000000,objid:16,type:0,xpos:0.000000,ypos:0.000000,xspeed:-1.910000,yspeed:-0.440000,angle:-18.000000,distense:32.000000,rcs:9.000000
