timestame:1619470046.377000000,objid:0,type:0,xpos:0.000000,ypos:0.000000,xspeed:6.700000,yspeed:0.060000,angle:4.390000,distense:80.200000,rcs:18.000000
timestame:1619470046.377000000,objid:3,type:0,xpos:0.000000,ypos:0.000000,xspeed:14.620000,yspeed:0.090000,angle:1.160000,distense:196.200000,rcs:13.000000
timestame:1619470046.377000000,objid:5,type:0,xpos:0.000000,ypos:0.000000,xspeed:6.500000,yspeed:0.410000,angle:5.470000,distense:70.200000,rcs:31.000000
