timestame:1619470031.898000000,objid:1,type:0,xpos:0.000000,ypos:0.000000,xspeed:6.750000,yspeed:0.370000,angle:2.530000,distense:46.800000,rcs:38.000000
timestame:1619470031.898000000,objid:4,type:0,xpos:0.000000,ypos:0.000000,xspeed:11.470000,yspeed:0.160000,angle:1.910000,distense:77.600000,rcs:24.000000
timestame:1619470031.898000000,objid:7,type:0,xpos:0.000000,ypos:0.000000,xspeed:1.720000,yspeed:-1.170000,angle:6.070000,distense:22.200000,rcs:22.000000
