timestame:1619471531.472000000,objid:2,type:0,xpos:0.000000,ypos:0.000000,xspeed:-18.960000,yspeed:-4.020000,angle:10.580000,distense:33.000000,rcs:6.000000
timestame:1619471531.472000000,objid:4,type:0,xpos:0.000000,ypos:0.000000,xspeed:-11.830000,yspeed:4.970000,angle:-2.510000,distense:202.800000,rcs:16.000000
