timestame:1619470461.402000000,objid:0,type:0,xpos:0.000000,ypos:0.000000,xspeed:-15.960000,yspeed:-1.040000,angle:-8.220000,distense:85.800000,rcs:13.000000
timestame:1619470461.402000000,objid:2,type:0,xpos:0.000000,ypos:0.000000,xspeed:5.940000,yspeed:0.000000,angle:3.210000,distense:183.400000,rcs:12.000000
