timestame:1619471312.744000000,objid:2,type:0,xpos:0.000000,ypos:0.000000,xspeed:2.010000,yspeed:3.770000,angle:-8.640000,distense:44.800000,rcs:6.000000
timestame:1619471312.744000000,objid:3,type:0,xpos:0.000000,ypos:0.000000,xspeed:3.280000,yspeed:3.170000,angle:-12.590000,distense:39.800000,rcs:16.000000
timestame:1619471312.744000000,objid:4,type:0,xpos:0.000000,ypos:0.000000,xspeed:-1.070000,yspeed:4.930000,angle:3.720000,distense:37.000000,rcs:21.000000
