timestame:1619470488.409000000,objid:4,type:0,xpos:0.000000,ypos:0.000000,xspeed:-1.760000,yspeed:-4.150000,angle:-18.000000,distense:38.800000,rcs:6.000000
timestame:1619470488.409000000,objid:5,type:0,xpos:0.000000,ypos:0.000000,xspeed:-4.150000,yspeed:-2.970000,angle:-18.000000,distense:31.600000,rcs:6.000000
timestame:1619470488.409000000,objid:6,type:0,xpos:0.000000,ypos:0.000000,xspeed:-2.200000,yspeed:-3.910000,angle:-18.000000,distense:37.000000,rcs:30.000000
