timestame:1619471164.107000000,objid:0,type:0,xpos:0.000000,ypos:0.000000,xspeed:-5.940000,yspeed:9.820000,angle:-2.390000,distense:168.200000,rcs:13.000000
timestame:1619471164.107000000,objid:3,type:0,xpos:0.000000,ypos:0.000000,xspeed:3.440000,yspeed:4.970000,angle:-9.700000,distense:42.600000,rcs:16.000000
timestame:1619471164.107000000,objid:5,type:0,xpos:0.000000,ypos:0.000000,xspeed:2.420000,yspeed:5.570000,angle:-2.810000,distense:50.200000,rcs:6.000000
timestame:1619471164.107000000,objid:8,type:0,xpos:0.000000,ypos:0.000000,xspeed:3.170000,yspeed:4.360000,angle:-8.270000,distense:44.800000,rcs:6.000000
