timestame:1619470438.788000000,objid:1,type:0,xpos:0.000000,ypos:0.000000,xspeed:13.720000,yspeed:0.690000,angle:2.600000,distense:39.000000,rcs:37.000000
timestame:1619470438.788000000,objid:2,type:0,xpos:0.000000,ypos:0.000000,xspeed:3.800000,yspeed:0.000000,angle:10.860000,distense:70.400000,rcs:16.000000
