timestame:1619470859.020000000,objid:0,type:0,xpos:0.000000,ypos:0.000000,xspeed:6.270000,yspeed:3.770000,angle:-17.220000,distense:36.800000,rcs:12.000000
timestame:1619470859.020000000,objid:1,type:0,xpos:0.000000,ypos:0.000000,xspeed:3.720000,yspeed:-0.880000,angle:-12.530000,distense:38.600000,rcs:6.000000
