timestame:1619469625.915000000,objid:1,type:0,xpos:0.000000,ypos:0.000000,xspeed:-4.470000,yspeed:-0.080000,angle:-18.000000,distense:46.000000,rcs:25.000000
timestame:1619469625.915000000,objid:2,type:0,xpos:0.000000,ypos:0.000000,xspeed:-4.340000,yspeed:0.050000,angle:-16.710000,distense:58.800000,rcs:22.000000
timestame:1619469625.915000000,objid:4,type:0,xpos:0.000000,ypos:0.000000,xspeed:-12.620000,yspeed:-0.540000,angle:-18.000000,distense:34.800000,rcs:18.000000
timestame:1619469625.915000000,objid:5,type:0,xpos:0.000000,ypos:0.000000,xspeed:-3.180000,yspeed:4.310000,angle:-10.650000,distense:67.600000,rcs:6.000000
