timestame:1619470510.429000000,objid:2,type:0,xpos:0.000000,ypos:0.000000,xspeed:-2.030000,yspeed:7.870000,angle:22.460000,distense:39.000000,rcs:18.000000
timestame:1619470510.429000000,objid:6,type:0,xpos:0.000000,ypos:0.000000,xspeed:-2.150000,yspeed:8.740000,angle:19.860000,distense:39.000000,rcs:6.000000
timestame:1619470510.429000000,objid:8,type:0,xpos:0.000000,ypos:0.000000,xspeed:-4.960000,yspeed:-2.040000,angle:7.880000,distense:74.400000,rcs:20.000000
timestame:1619470510.429000000,objid:10,type:0,xpos:0.000000,ypos:0.000000,xspeed:3.940000,yspeed:5.200000,angle:1.950000,distense:12.400000,rcs:13.000000
