timestame:1619470256.543000000,objid:4,type:0,xpos:0.000000,ypos:0.000000,xspeed:3.760000,yspeed:3.200000,angle:-10.820000,distense:40.200000,rcs:6.000000
timestame:1619470256.543000000,objid:8,type:0,xpos:0.000000,ypos:0.000000,xspeed:1.310000,yspeed:2.830000,angle:-7.500000,distense:46.800000,rcs:6.000000
