timestame:1619471376.403000000,objid:0,type:0,xpos:0.000000,ypos:0.000000,xspeed:10.800000,yspeed:-0.340000,angle:2.510000,distense:212.600000,rcs:13.000000
timestame:1619471376.403000000,objid:1,type:0,xpos:0.000000,ypos:0.000000,xspeed:10.360000,yspeed:0.260000,angle:2.230000,distense:205.200000,rcs:24.000000
