timestame:1619470595.349000000,objid:1,type:0,xpos:0.000000,ypos:0.000000,xspeed:7.770000,yspeed:1.760000,angle:-16.940000,distense:28.600000,rcs:24.000000
timestame:1619470595.349000000,objid:5,type:0,xpos:0.000000,ypos:0.000000,xspeed:6.500000,yspeed:2.930000,angle:-16.380000,distense:39.600000,rcs:25.000000
timestame:1619470595.349000000,objid:6,type:0,xpos:0.000000,ypos:0.000000,xspeed:5.740000,yspeed:2.690000,angle:21.810000,distense:38.000000,rcs:6.000000
