timestame:1619470376.636000000,objid:1,type:0,xpos:0.000000,ypos:0.000000,xspeed:-2.000000,yspeed:-2.420000,angle:-18.000000,distense:35.600000,rcs:19.000000
timestame:1619470376.636000000,objid:5,type:0,xpos:0.000000,ypos:0.000000,xspeed:-3.130000,yspeed:-3.270000,angle:-18.000000,distense:36.400000,rcs:25.000000
timestame:1619470376.636000000,objid:18,type:0,xpos:0.000000,ypos:0.000000,xspeed:-5.760000,yspeed:-0.450000,angle:-8.690000,distense:83.000000,rcs:9.000000
