timestame:1619471319.707000000,objid:1,type:0,xpos:0.000000,ypos:0.000000,xspeed:-7.050000,yspeed:-0.670000,angle:-6.240000,distense:103.600000,rcs:22.000000
timestame:1619471319.707000000,objid:2,type:0,xpos:0.000000,ypos:0.000000,xspeed:2.270000,yspeed:-8.440000,angle:22.700000,distense:46.200000,rcs:21.000000
timestame:1619471319.707000000,objid:3,type:0,xpos:0.000000,ypos:0.000000,xspeed:-14.840000,yspeed:1.120000,angle:-3.030000,distense:189.000000,rcs:12.000000
timestame:1619471319.707000000,objid:4,type:0,xpos:0.000000,ypos:0.000000,xspeed:-14.280000,yspeed:0.000000,angle:-2.460000,distense:195.800000,rcs:12.000000
