timestame:1619471446.083000000,objid:3,type:0,xpos:0.000000,ypos:0.000000,xspeed:-4.150000,yspeed:-0.720000,angle:-5.950000,distense:115.400000,rcs:20.000000
timestame:1619471446.083000000,objid:11,type:0,xpos:0.000000,ypos:0.000000,xspeed:-3.490000,yspeed:-0.250000,angle:-6.460000,distense:104.800000,rcs:20.000000
timestame:1619471446.083000000,objid:13,type:0,xpos:0.000000,ypos:0.000000,xspeed:-2.380000,yspeed:-0.030000,angle:13.920000,distense:55.600000,rcs:12.000000
