timestame:1619470043.163000000,objid:1,type:0,xpos:0.000000,ypos:0.000000,xspeed:13.140000,yspeed:0.050000,angle:1.090000,distense:175.000000,rcs:9.000000
timestame:1619470043.163000000,objid:3,type:0,xpos:0.000000,ypos:0.000000,xspeed:13.760000,yspeed:0.080000,angle:1.350000,distense:149.200000,rcs:15.000000
timestame:1619470043.163000000,objid:4,type:0,xpos:0.000000,ypos:0.000000,xspeed:8.240000,yspeed:0.440000,angle:4.330000,distense:65.600000,rcs:6.000000
timestame:1619470043.163000000,objid:5,type:0,xpos:0.000000,ypos:0.000000,xspeed:5.010000,yspeed:0.340000,angle:6.070000,distense:48.800000,rcs:33.000000
