timestame:1619471461.863000000,objid:1,type:0,xpos:0.000000,ypos:0.000000,xspeed:-6.160000,yspeed:-1.140000,angle:-5.630000,distense:119.200000,rcs:12.000000
timestame:1619471461.863000000,objid:3,type:0,xpos:0.000000,ypos:0.000000,xspeed:-7.640000,yspeed:-1.780000,angle:-5.250000,distense:185.200000,rcs:6.000000
