timestame:1619470243.461000000,objid:3,type:0,xpos:0.000000,ypos:0.000000,xspeed:-1.790000,yspeed:-2.990000,angle:-18.000000,distense:43.400000,rcs:16.000000
timestame:1619470243.461000000,objid:5,type:0,xpos:0.000000,ypos:0.000000,xspeed:-3.110000,yspeed:-1.350000,angle:-18.000000,distense:28.000000,rcs:6.000000
timestame:1619470243.461000000,objid:7,type:0,xpos:0.000000,ypos:0.000000,xspeed:-2.640000,yspeed:-1.610000,angle:-18.000000,distense:30.000000,rcs:6.000000
timestame:1619470243.461000000,objid:11,type:0,xpos:0.000000,ypos:0.000000,xspeed:-2.940000,yspeed:-0.190000,angle:-6.370000,distense:104.200000,rcs:18.000000
