timestame:1619470480.834000000,objid:1,type:0,xpos:0.000000,ypos:0.000000,xspeed:-4.560000,yspeed:0.350000,angle:-6.730000,distense:95.800000,rcs:23.000000
timestame:1619470480.834000000,objid:2,type:0,xpos:0.000000,ypos:0.000000,xspeed:1.680000,yspeed:-0.370000,angle:11.230000,distense:80.600000,rcs:6.000000
timestame:1619470480.834000000,objid:6,type:0,xpos:0.000000,ypos:0.000000,xspeed:-2.780000,yspeed:1.780000,angle:-6.240000,distense:102.200000,rcs:12.000000
