timestame:1619470276.257000000,objid:1,type:0,xpos:0.000000,ypos:0.000000,xspeed:-10.340000,yspeed:0.220000,angle:-4.880000,distense:100.600000,rcs:6.000000
timestame:1619470276.257000000,objid:2,type:0,xpos:0.000000,ypos:0.000000,xspeed:-1.530000,yspeed:0.300000,angle:-6.730000,distense:91.000000,rcs:13.000000
timestame:1619470276.257000000,objid:11,type:0,xpos:0.000000,ypos:0.000000,xspeed:-1.530000,yspeed:-0.180000,angle:-9.250000,distense:76.600000,rcs:27.000000
timestame:1619470276.257000000,objid:22,type:0,xpos:0.000000,ypos:0.000000,xspeed:-1.310000,yspeed:-0.080000,angle:-7.950000,distense:84.000000,rcs:20.000000
