timestame:1619469911.805000000,objid:1,type:0,xpos:0.000000,ypos:0.000000,xspeed:4.370000,yspeed:-0.080000,angle:1.700000,distense:83.600000,rcs:20.000000
timestame:1619469911.805000000,objid:2,type:0,xpos:0.000000,ypos:0.000000,xspeed:10.850000,yspeed:0.110000,angle:2.740000,distense:151.400000,rcs:21.000000
timestame:1619469911.805000000,objid:8,type:0,xpos:0.000000,ypos:0.000000,xspeed:4.350000,yspeed:0.040000,angle:2.200000,distense:76.800000,rcs:34.000000
