timestame:1619470649.745000000,objid:4,type:0,xpos:0.000000,ypos:0.000000,xspeed:-2.240000,yspeed:-2.540000,angle:-18.000000,distense:38.200000,rcs:18.000000
timestame:1619470649.745000000,objid:8,type:0,xpos:0.000000,ypos:0.000000,xspeed:-1.370000,yspeed:-5.360000,angle:-15.210000,distense:41.400000,rcs:32.000000
timestame:1619470649.745000000,objid:9,type:0,xpos:0.000000,ypos:0.000000,xspeed:-1.870000,yspeed:-3.460000,angle:-18.000000,distense:39.800000,rcs:24.000000
timestame:1619470649.745000000,objid:13,type:0,xpos:0.000000,ypos:0.000000,xspeed:-5.550000,yspeed:-6.840000,angle:-14.740000,distense:56.400000,rcs:9.000000
