timestame:1619471124.922000000,objid:0,type:0,xpos:0.000000,ypos:0.000000,xspeed:-1.720000,yspeed:3.320000,angle:17.310000,distense:40.200000,rcs:21.000000
timestame:1619471124.922000000,objid:2,type:0,xpos:0.000000,ypos:0.000000,xspeed:-1.240000,yspeed:5.720000,angle:20.770000,distense:40.000000,rcs:35.000000
