timestame:1619471446.767000000,objid:3,type:0,xpos:0.000000,ypos:0.000000,xspeed:-3.490000,yspeed:-0.170000,angle:-5.630000,distense:113.800000,rcs:21.000000
timestame:1619471446.767000000,objid:11,type:0,xpos:0.000000,ypos:0.000000,xspeed:-3.260000,yspeed:-0.560000,angle:-7.090000,distense:103.000000,rcs:18.000000
timestame:1619471446.767000000,objid:13,type:0,xpos:0.000000,ypos:0.000000,xspeed:-2.550000,yspeed:-0.070000,angle:14.320000,distense:53.800000,rcs:16.000000
