timestame:1619470039.324000000,objid:0,type:0,xpos:0.000000,ypos:0.000000,xspeed:1.910000,yspeed:0.560000,angle:10.660000,distense:31.800000,rcs:9.000000
timestame:1619470039.324000000,objid:1,type:0,xpos:0.000000,ypos:0.000000,xspeed:11.180000,yspeed:-0.010000,angle:1.420000,distense:124.400000,rcs:12.000000
timestame:1619470039.324000000,objid:3,type:0,xpos:0.000000,ypos:0.000000,xspeed:12.720000,yspeed:0.190000,angle:1.980000,distense:96.200000,rcs:27.000000
timestame:1619470039.324000000,objid:5,type:0,xpos:0.000000,ypos:0.000000,xspeed:3.710000,yspeed:0.020000,angle:7.790000,distense:30.400000,rcs:37.000000
