timestame:1619471037.953000000,objid:0,type:0,xpos:0.000000,ypos:0.000000,xspeed:3.660000,yspeed:-10.880000,angle:-17.850000,distense:47.800000,rcs:28.000000
timestame:1619471037.953000000,objid:2,type:0,xpos:0.000000,ypos:0.000000,xspeed:-1.820000,yspeed:-2.600000,angle:-18.000000,distense:41.000000,rcs:25.000000
timestame:1619471037.953000000,objid:3,type:0,xpos:0.000000,ypos:0.000000,xspeed:1.490000,yspeed:-3.230000,angle:17.100000,distense:48.400000,rcs:26.000000
