timestame:1619470140.726000000,objid:0,type:0,xpos:0.000000,ypos:0.000000,xspeed:-6.810000,yspeed:-0.430000,angle:20.750000,distense:19.200000,rcs:6.000000
timestame:1619470140.726000000,objid:1,type:0,xpos:0.000000,ypos:0.000000,xspeed:-2.060000,yspeed:-0.210000,angle:16.310000,distense:24.800000,rcs:20.000000
