timestame:1619469821.860000000,objid:1,type:0,xpos:0.000000,ypos:0.000000,xspeed:1.290000,yspeed:-7.010000,angle:-18.000000,distense:65.400000,rcs:9.000000
timestame:1619469821.860000000,objid:4,type:0,xpos:0.000000,ypos:0.000000,xspeed:-1.840000,yspeed:9.860000,angle:-11.960000,distense:42.000000,rcs:6.000000
timestame:1619469821.860000000,objid:11,type:0,xpos:0.000000,ypos:0.000000,xspeed:-4.880000,yspeed:-0.030000,angle:-6.080000,distense:139.400000,rcs:16.000000
