timestame:1619470945.748000000,objid:1,type:0,xpos:0.000000,ypos:0.000000,xspeed:-7.530000,yspeed:-0.180000,angle:-18.000000,distense:31.200000,rcs:6.000000
timestame:1619470945.748000000,objid:5,type:0,xpos:0.000000,ypos:0.000000,xspeed:-6.460000,yspeed:-0.420000,angle:-18.000000,distense:39.200000,rcs:6.000000
timestame:1619470945.748000000,objid:7,type:0,xpos:0.000000,ypos:0.000000,xspeed:-6.190000,yspeed:-0.460000,angle:-18.000000,distense:36.800000,rcs:9.000000
