timestame:1619470280.644000000,objid:1,type:0,xpos:0.000000,ypos:0.000000,xspeed:-8.710000,yspeed:0.170000,angle:-8.000000,distense:60.200000,rcs:6.000000
timestame:1619470280.644000000,objid:2,type:0,xpos:0.000000,ypos:0.000000,xspeed:-13.720000,yspeed:-1.360000,angle:-4.270000,distense:189.000000,rcs:20.000000
timestame:1619470280.644000000,objid:3,type:0,xpos:0.000000,ypos:0.000000,xspeed:-2.990000,yspeed:-0.310000,angle:-10.550000,distense:69.400000,rcs:27.000000
timestame:1619470280.644000000,objid:11,type:0,xpos:0.000000,ypos:0.000000,xspeed:-3.360000,yspeed:-0.130000,angle:-12.360000,distense:61.800000,rcs:20.000000
