timestame:1619471165.225000000,objid:0,type:0,xpos:0.000000,ypos:0.000000,xspeed:-10.170000,yspeed:1.720000,angle:-3.070000,distense:155.400000,rcs:18.000000
timestame:1619471165.225000000,objid:2,type:0,xpos:0.000000,ypos:0.000000,xspeed:-9.860000,yspeed:5.240000,angle:-3.470000,distense:158.800000,rcs:13.000000
timestame:1619471165.225000000,objid:3,type:0,xpos:0.000000,ypos:0.000000,xspeed:2.360000,yspeed:5.350000,angle:-4.230000,distense:47.200000,rcs:6.000000
