timestame:1619470739.964000000,objid:0,type:0,xpos:0.000000,ypos:0.000000,xspeed:-15.320000,yspeed:-0.210000,angle:-5.810000,distense:117.400000,rcs:12.000000
timestame:1619470739.964000000,objid:1,type:0,xpos:0.000000,ypos:0.000000,xspeed:11.870000,yspeed:-0.060000,angle:0.940000,distense:145.800000,rcs:6.000000
timestame:1619470739.964000000,objid:4,type:0,xpos:0.000000,ypos:0.000000,xspeed:-2.610000,yspeed:7.040000,angle:-17.410000,distense:43.000000,rcs:6.000000
timestame:1619470739.964000000,objid:6,type:0,xpos:0.000000,ypos:0.000000,xspeed:12.260000,yspeed:0.100000,angle:1.300000,distense:136.600000,rcs:28.000000
