timestame:1619470484.732000000,objid:1,type:0,xpos:0.000000,ypos:0.000000,xspeed:-3.250000,yspeed:-0.130000,angle:-8.600000,distense:82.200000,rcs:16.000000
timestame:1619470484.732000000,objid:2,type:0,xpos:0.000000,ypos:0.000000,xspeed:1.880000,yspeed:-5.550000,angle:7.790000,distense:62.600000,rcs:15.000000
timestame:1619470484.732000000,objid:5,type:0,xpos:0.000000,ypos:0.000000,xspeed:-3.120000,yspeed:-5.590000,angle:-13.010000,distense:60.200000,rcs:12.000000
