timestame:1619471237.207000000,objid:0,type:0,xpos:0.000000,ypos:0.000000,xspeed:8.070000,yspeed:-0.010000,angle:1.210000,distense:151.600000,rcs:6.000000
timestame:1619471237.207000000,objid:9,type:0,xpos:0.000000,ypos:0.000000,xspeed:8.410000,yspeed:-0.020000,angle:1.250000,distense:142.600000,rcs:26.000000
