timestame:1619470215.748000000,objid:2,type:0,xpos:0.000000,ypos:0.000000,xspeed:-4.670000,yspeed:0.000000,angle:-12.460000,distense:42.400000,rcs:6.000000
timestame:1619470215.748000000,objid:7,type:0,xpos:0.000000,ypos:0.000000,xspeed:-2.530000,yspeed:7.090000,angle:-5.470000,distense:42.600000,rcs:20.000000
timestame:1619470215.748000000,objid:11,type:0,xpos:0.000000,ypos:0.000000,xspeed:-1.210000,yspeed:5.420000,angle:-13.370000,distense:40.200000,rcs:13.000000
