timestame:1619471003.148000000,objid:0,type:0,xpos:0.000000,ypos:0.000000,xspeed:-2.810000,yspeed:-9.130000,angle:-8.600000,distense:47.600000,rcs:20.000000
timestame:1619471003.148000000,objid:1,type:0,xpos:0.000000,ypos:0.000000,xspeed:-13.250000,yspeed:-0.530000,angle:-5.750000,distense:141.400000,rcs:18.000000
timestame:1619471003.148000000,objid:3,type:0,xpos:0.000000,ypos:0.000000,xspeed:1.280000,yspeed:-2.830000,angle:-16.370000,distense:46.600000,rcs:24.000000
timestame:1619471003.148000000,objid:4,type:0,xpos:0.000000,ypos:0.000000,xspeed:1.760000,yspeed:0.250000,angle:0.230000,distense:17.000000,rcs:20.000000
