timestame:1619470715.016000000,objid:0,type:0,xpos:0.000000,ypos:0.000000,xspeed:22.140000,yspeed:0.000000,angle:-10.160000,distense:45.200000,rcs:15.000000
timestame:1619470715.016000000,objid:3,type:0,xpos:0.000000,ypos:0.000000,xspeed:3.900000,yspeed:3.210000,angle:-12.540000,distense:39.400000,rcs:12.000000
