timestame:1619470662.634000000,objid:0,type:0,xpos:0.000000,ypos:0.000000,xspeed:-1.580000,yspeed:-0.350000,angle:-9.940000,distense:96.200000,rcs:19.000000
timestame:1619470662.634000000,objid:3,type:0,xpos:0.000000,ypos:0.000000,xspeed:-1.430000,yspeed:-0.120000,angle:-7.740000,distense:108.200000,rcs:12.000000
timestame:1619470662.634000000,objid:4,type:0,xpos:0.000000,ypos:0.000000,xspeed:-1.190000,yspeed:-0.370000,angle:-8.040000,distense:104.000000,rcs:9.000000
timestame:1619470662.634000000,objid:6,type:0,xpos:0.000000,ypos:0.000000,xspeed:-13.700000,yspeed:4.640000,angle:-6.610000,distense:88.000000,rcs:9.000000
