timestame:1619471087.015000000,objid:0,type:0,xpos:0.000000,ypos:0.000000,xspeed:8.390000,yspeed:0.370000,angle:1.610000,distense:62.600000,rcs:28.000000
timestame:1619471087.015000000,objid:4,type:0,xpos:0.000000,ypos:0.000000,xspeed:-23.350000,yspeed:-0.840000,angle:-5.940000,distense:113.200000,rcs:9.000000
timestame:1619471087.015000000,objid:11,type:0,xpos:0.000000,ypos:0.000000,xspeed:3.130000,yspeed:0.140000,angle:2.530000,distense:24.800000,rcs:44.000000
