timestame:1619470377.625000000,objid:1,type:0,xpos:0.000000,ypos:0.000000,xspeed:-2.650000,yspeed:-2.140000,angle:-18.000000,distense:33.400000,rcs:18.000000
timestame:1619470377.625000000,objid:5,type:0,xpos:0.000000,ypos:0.000000,xspeed:-2.960000,yspeed:-2.420000,angle:-18.000000,distense:34.800000,rcs:22.000000
timestame:1619470377.625000000,objid:8,type:0,xpos:0.000000,ypos:0.000000,xspeed:1.260000,yspeed:-6.030000,angle:-11.060000,distense:67.600000,rcs:12.000000
timestame:1619470377.625000000,objid:18,type:0,xpos:0.000000,ypos:0.000000,xspeed:-4.880000,yspeed:-0.310000,angle:-9.150000,distense:79.400000,rcs:15.000000
