timestame:1619470464.811000000,objid:0,type:0,xpos:0.000000,ypos:0.000000,xspeed:-13.510000,yspeed:-0.660000,angle:-18.000000,distense:42.200000,rcs:20.000000
timestame:1619470464.811000000,objid:2,type:0,xpos:0.000000,ypos:0.000000,xspeed:5.830000,yspeed:0.060000,angle:3.000000,distense:203.600000,rcs:13.000000
