timestame:1619471082.306000000,objid:1,type:0,xpos:0.000000,ypos:0.000000,xspeed:-7.560000,yspeed:-0.590000,angle:-18.000000,distense:25.600000,rcs:6.000000
timestame:1619471082.306000000,objid:4,type:0,xpos:0.000000,ypos:0.000000,xspeed:2.780000,yspeed:-0.030000,angle:0.850000,distense:27.800000,rcs:29.000000
timestame:1619471082.306000000,objid:6,type:0,xpos:0.000000,ypos:0.000000,xspeed:-6.970000,yspeed:-0.310000,angle:-18.000000,distense:24.000000,rcs:6.000000
timestame:1619471082.306000000,objid:10,type:0,xpos:0.000000,ypos:0.000000,xspeed:5.900000,yspeed:0.430000,angle:1.570000,distense:43.000000,rcs:6.000000
