timestame:1619471096.892000000,objid:2,type:0,xpos:0.000000,ypos:0.000000,xspeed:8.340000,yspeed:-0.120000,angle:1.190000,distense:95.200000,rcs:37.000000
timestame:1619471096.892000000,objid:3,type:0,xpos:0.000000,ypos:0.000000,xspeed:-15.550000,yspeed:-0.990000,angle:-10.510000,distense:68.000000,rcs:29.000000
