timestame:1619471263.840000000,objid:2,type:0,xpos:0.000000,ypos:0.000000,xspeed:12.860000,yspeed:0.090000,angle:2.890000,distense:124.000000,rcs:24.000000
timestame:1619471263.840000000,objid:6,type:0,xpos:0.000000,ypos:0.000000,xspeed:12.800000,yspeed:-0.040000,angle:2.690000,distense:135.800000,rcs:9.000000
timestame:1619471263.840000000,objid:10,type:0,xpos:0.000000,ypos:0.000000,xspeed:12.760000,yspeed:-0.040000,angle:3.070000,distense:111.400000,rcs:19.000000
