timestame:1619469692.068000000,objid:2,type:0,xpos:0.000000,ypos:0.000000,xspeed:1.470000,yspeed:-7.660000,angle:-13.510000,distense:62.200000,rcs:18.000000
timestame:1619469692.068000000,objid:4,type:0,xpos:0.000000,ypos:0.000000,xspeed:1.240000,yspeed:-5.420000,angle:14.930000,distense:45.600000,rcs:38.000000
timestame:1619469692.068000000,objid:13,type:0,xpos:0.000000,ypos:0.000000,xspeed:-1.620000,yspeed:6.760000,angle:19.910000,distense:35.200000,rcs:6.000000
