timestame:1619470796.707000000,objid:5,type:0,xpos:0.000000,ypos:0.000000,xspeed:2.520000,yspeed:-10.970000,angle:-18.000000,distense:70.000000,rcs:9.000000
timestame:1619470796.707000000,objid:6,type:0,xpos:0.000000,ypos:0.000000,xspeed:1.950000,yspeed:-1.890000,angle:-8.220000,distense:42.400000,rcs:39.000000
timestame:1619470796.707000000,objid:12,type:0,xpos:0.000000,ypos:0.000000,xspeed:2.150000,yspeed:-11.290000,angle:-18.000000,distense:65.800000,rcs:13.000000
timestame:1619470796.707000000,objid:15,type:0,xpos:0.000000,ypos:0.000000,xspeed:-4.870000,yspeed:-1.080000,angle:-18.000000,distense:37.600000,rcs:9.000000
