timestame:1619470332.642000000,objid:0,type:0,xpos:0.000000,ypos:0.000000,xspeed:16.530000,yspeed:-0.250000,angle:0.230000,distense:221.600000,rcs:15.000000
timestame:1619470332.642000000,objid:4,type:0,xpos:0.000000,ypos:0.000000,xspeed:-1.340000,yspeed:1.000000,angle:16.930000,distense:65.000000,rcs:6.000000
