timestame:1619470362.419000000,objid:1,type:0,xpos:0.000000,ypos:0.000000,xspeed:-1.600000,yspeed:-1.980000,angle:-18.000000,distense:39.000000,rcs:6.000000
timestame:1619470362.419000000,objid:4,type:0,xpos:0.000000,ypos:0.000000,xspeed:-1.180000,yspeed:6.570000,angle:-11.610000,distense:43.400000,rcs:6.000000
timestame:1619470362.419000000,objid:11,type:0,xpos:0.000000,ypos:0.000000,xspeed:-2.650000,yspeed:6.390000,angle:10.650000,distense:39.600000,rcs:28.000000
