timestame:1619469622.362000000,objid:1,type:0,xpos:0.000000,ypos:0.000000,xspeed:-3.600000,yspeed:0.050000,angle:-15.420000,distense:61.400000,rcs:23.000000
timestame:1619469622.362000000,objid:2,type:0,xpos:0.000000,ypos:0.000000,xspeed:-3.790000,yspeed:-0.340000,angle:-13.510000,distense:73.600000,rcs:20.000000
timestame:1619469622.362000000,objid:4,type:0,xpos:0.000000,ypos:0.000000,xspeed:-15.150000,yspeed:0.080000,angle:-8.030000,distense:76.600000,rcs:13.000000
