timestame:1619469925.445000000,objid:1,type:0,xpos:0.000000,ypos:0.000000,xspeed:6.500000,yspeed:0.170000,angle:1.450000,distense:163.800000,rcs:16.000000
timestame:1619469925.445000000,objid:8,type:0,xpos:0.000000,ypos:0.000000,xspeed:6.490000,yspeed:0.100000,angle:1.320000,distense:156.600000,rcs:26.000000
