timestame:1619470699.339000000,objid:1,type:0,xpos:0.000000,ypos:0.000000,xspeed:8.400000,yspeed:0.280000,angle:4.480000,distense:89.800000,rcs:22.000000
timestame:1619470699.339000000,objid:2,type:0,xpos:0.000000,ypos:0.000000,xspeed:-9.110000,yspeed:0.180000,angle:-10.790000,distense:111.200000,rcs:6.000000
