timestame:1619469658.322000000,objid:7,type:0,xpos:0.000000,ypos:0.000000,xspeed:24.840000,yspeed:0.510000,angle:1.080000,distense:218.600000,rcs:9.000000
timestame:1619469658.322000000,objid:8,type:0,xpos:0.000000,ypos:0.000000,xspeed:1.900000,yspeed:3.280000,angle:-7.710000,distense:41.400000,rcs:6.000000
