timestame:1619470228.899000000,objid:1,type:0,xpos:0.000000,ypos:0.000000,xspeed:1.010000,yspeed:-2.800000,angle:-8.570000,distense:42.800000,rcs:30.000000
timestame:1619470228.899000000,objid:2,type:0,xpos:0.000000,ypos:0.000000,xspeed:-1.340000,yspeed:-2.920000,angle:-13.950000,distense:41.400000,rcs:28.000000
timestame:1619470228.899000000,objid:8,type:0,xpos:0.000000,ypos:0.000000,xspeed:-1.850000,yspeed:-2.640000,angle:-18.000000,distense:39.400000,rcs:26.000000
timestame:1619470228.899000000,objid:11,type:0,xpos:0.000000,ypos:0.000000,xspeed:-9.870000,yspeed:-4.610000,angle:-4.290000,distense:176.600000,rcs:13.000000
