timestame:1619471224.804000000,objid:1,type:0,xpos:0.000000,ypos:0.000000,xspeed:5.980000,yspeed:-0.540000,angle:-5.410000,distense:37.000000,rcs:23.000000
timestame:1619471224.804000000,objid:6,type:0,xpos:0.000000,ypos:0.000000,xspeed:4.710000,yspeed:0.330000,angle:2.630000,distense:72.000000,rcs:6.000000
timestame:1619471224.804000000,objid:9,type:0,xpos:0.000000,ypos:0.000000,xspeed:4.950000,yspeed:0.160000,angle:2.650000,distense:53.800000,rcs:47.000000
