timestame:1619470780.006000000,objid:2,type:0,xpos:0.000000,ypos:0.000000,xspeed:1.410000,yspeed:-3.660000,angle:2.760000,distense:43.200000,rcs:31.000000
timestame:1619470780.006000000,objid:4,type:0,xpos:0.000000,ypos:0.000000,xspeed:-2.110000,yspeed:-0.640000,angle:-1.460000,distense:45.200000,rcs:9.000000
timestame:1619470780.006000000,objid:8,type:0,xpos:0.000000,ypos:0.000000,xspeed:-2.950000,yspeed:-9.270000,angle:-0.550000,distense:40.200000,rcs:31.000000
timestame:1619470780.006000000,objid:13,type:0,xpos:0.000000,ypos:0.000000,xspeed:-40.210000,yspeed:0.260000,angle:-14.180000,distense:25.800000,rcs:32.000000
