timestame:1619471313.615000000,objid:1,type:0,xpos:0.000000,ypos:0.000000,xspeed:-14.300000,yspeed:-2.380000,angle:-3.780000,distense:172.400000,rcs:16.000000
timestame:1619471313.615000000,objid:2,type:0,xpos:0.000000,ypos:0.000000,xspeed:1.820000,yspeed:4.050000,angle:-5.580000,distense:47.800000,rcs:6.000000
timestame:1619471313.615000000,objid:3,type:0,xpos:0.000000,ypos:0.000000,xspeed:2.740000,yspeed:4.120000,angle:-8.300000,distense:43.400000,rcs:6.000000
timestame:1619471313.615000000,objid:4,type:0,xpos:0.000000,ypos:0.000000,xspeed:-1.220000,yspeed:5.300000,angle:11.480000,distense:36.400000,rcs:9.000000
