timestame:1619469580.132000000,objid:1,type:0,xpos:0.000000,ypos:0.000000,xspeed:-6.060000,yspeed:-0.510000,angle:-8.380000,distense:106.800000,rcs:15.000000
timestame:1619469580.132000000,objid:3,type:0,xpos:0.000000,ypos:0.000000,xspeed:-6.190000,yspeed:-0.150000,angle:-9.480000,distense:96.600000,rcs:16.000000
timestame:1619469580.132000000,objid:5,type:0,xpos:0.000000,ypos:0.000000,xspeed:-6.090000,yspeed:-0.080000,angle:-9.700000,distense:93.400000,rcs:20.000000
