timestame:1619470377.008000000,objid:1,type:0,xpos:0.000000,ypos:0.000000,xspeed:-2.210000,yspeed:-2.300000,angle:-18.000000,distense:34.800000,rcs:13.000000
timestame:1619470377.008000000,objid:5,type:0,xpos:0.000000,ypos:0.000000,xspeed:-2.840000,yspeed:-2.480000,angle:-18.000000,distense:36.000000,rcs:28.000000
timestame:1619470377.008000000,objid:8,type:0,xpos:0.000000,ypos:0.000000,xspeed:1.190000,yspeed:-5.820000,angle:-7.910000,distense:66.000000,rcs:12.000000
timestame:1619470377.008000000,objid:18,type:0,xpos:0.000000,ypos:0.000000,xspeed:-5.410000,yspeed:-0.450000,angle:-8.960000,distense:81.600000,rcs:16.000000
