timestame:1619470374.583000000,objid:0,type:0,xpos:0.000000,ypos:0.000000,xspeed:8.010000,yspeed:4.130000,angle:11.370000,distense:55.400000,rcs:6.000000
timestame:1619470374.583000000,objid:1,type:0,xpos:0.000000,ypos:0.000000,xspeed:-1.530000,yspeed:-3.350000,angle:-16.060000,distense:38.000000,rcs:22.000000
timestame:1619470374.583000000,objid:10,type:0,xpos:0.000000,ypos:0.000000,xspeed:-5.720000,yspeed:-1.780000,angle:-18.000000,distense:28.200000,rcs:6.000000
timestame:1619470374.583000000,objid:18,type:0,xpos:0.000000,ypos:0.000000,xspeed:-7.130000,yspeed:-0.500000,angle:-7.120000,distense:95.200000,rcs:21.000000
