timestame:1619469646.602000000,objid:2,type:0,xpos:0.000000,ypos:0.000000,xspeed:12.740000,yspeed:0.670000,angle:5.020000,distense:85.800000,rcs:26.000000
timestame:1619469646.602000000,objid:13,type:0,xpos:0.000000,ypos:0.000000,xspeed:15.210000,yspeed:0.680000,angle:2.360000,distense:144.600000,rcs:27.000000
timestame:1619469646.602000000,objid:14,type:0,xpos:0.000000,ypos:0.000000,xspeed:12.890000,yspeed:0.420000,angle:4.930000,distense:83.000000,rcs:29.000000
