timestame:1619471320.263000000,objid:0,type:0,xpos:0.000000,ypos:0.000000,xspeed:6.310000,yspeed:-3.100000,angle:22.050000,distense:50.800000,rcs:24.000000
timestame:1619471320.263000000,objid:1,type:0,xpos:0.000000,ypos:0.000000,xspeed:-7.300000,yspeed:-0.550000,angle:-6.590000,distense:99.600000,rcs:18.000000
timestame:1619471320.263000000,objid:3,type:0,xpos:0.000000,ypos:0.000000,xspeed:-14.820000,yspeed:-0.300000,angle:-3.400000,distense:181.000000,rcs:6.000000
timestame:1619471320.263000000,objid:4,type:0,xpos:0.000000,ypos:0.000000,xspeed:-16.470000,yspeed:-3.460000,angle:-3.140000,distense:186.800000,rcs:6.000000
