timestame:1619471365.574000000,objid:1,type:0,xpos:0.000000,ypos:0.000000,xspeed:6.730000,yspeed:-0.860000,angle:3.160000,distense:104.200000,rcs:22.000000
timestame:1619471365.574000000,objid:2,type:0,xpos:0.000000,ypos:0.000000,xspeed:7.500000,yspeed:-0.140000,angle:3.440000,distense:109.800000,rcs:12.000000
timestame:1619471365.574000000,objid:7,type:0,xpos:0.000000,ypos:0.000000,xspeed:11.380000,yspeed:0.460000,angle:1.830000,distense:135.800000,rcs:12.000000
