timestame:1619471037.460000000,objid:2,type:0,xpos:0.000000,ypos:0.000000,xspeed:-1.810000,yspeed:-2.820000,angle:-18.000000,distense:41.400000,rcs:15.000000
timestame:1619471037.460000000,objid:3,type:0,xpos:0.000000,ypos:0.000000,xspeed:1.620000,yspeed:-3.460000,angle:18.680000,distense:48.200000,rcs:23.000000
