timestame:1619470465.306000000,objid:0,type:0,xpos:0.000000,ypos:0.000000,xspeed:-13.480000,yspeed:-0.670000,angle:-18.000000,distense:36.400000,rcs:18.000000
timestame:1619470465.306000000,objid:1,type:0,xpos:0.000000,ypos:0.000000,xspeed:-12.530000,yspeed:0.000000,angle:-18.000000,distense:38.800000,rcs:22.000000
timestame:1619470465.306000000,objid:2,type:0,xpos:0.000000,ypos:0.000000,xspeed:5.820000,yspeed:0.210000,angle:3.100000,distense:206.400000,rcs:12.000000
