timestame:1619470201.159000000,objid:0,type:0,xpos:0.000000,ypos:0.000000,xspeed:1.020000,yspeed:-4.650000,angle:5.870000,distense:140.400000,rcs:25.000000
timestame:1619470201.159000000,objid:2,type:0,xpos:0.000000,ypos:0.000000,xspeed:-1.270000,yspeed:3.280000,angle:4.870000,distense:155.000000,rcs:12.000000
