timestame:1619470980.473000000,objid:0,type:0,xpos:0.000000,ypos:0.000000,xspeed:7.600000,yspeed:0.030000,angle:2.310000,distense:153.800000,rcs:22.000000
timestame:1619470980.473000000,objid:1,type:0,xpos:0.000000,ypos:0.000000,xspeed:-14.380000,yspeed:-0.600000,angle:-4.590000,distense:137.600000,rcs:12.000000
timestame:1619470980.473000000,objid:3,type:0,xpos:0.000000,ypos:0.000000,xspeed:4.640000,yspeed:-3.710000,angle:21.640000,distense:62.000000,rcs:9.000000
timestame:1619470980.473000000,objid:4,type:0,xpos:0.000000,ypos:0.000000,xspeed:-20.200000,yspeed:-1.620000,angle:-18.000000,distense:41.200000,rcs:16.000000
