timestame:1619470487.902000000,objid:2,type:0,xpos:0.000000,ypos:0.000000,xspeed:1.040000,yspeed:-8.630000,angle:-16.380000,distense:68.600000,rcs:12.000000
timestame:1619470487.902000000,objid:4,type:0,xpos:0.000000,ypos:0.000000,xspeed:-1.760000,yspeed:-4.150000,angle:-18.000000,distense:38.400000,rcs:6.000000
timestame:1619470487.902000000,objid:5,type:0,xpos:0.000000,ypos:0.000000,xspeed:-3.770000,yspeed:-3.020000,angle:-18.000000,distense:33.000000,rcs:9.000000
timestame:1619470487.902000000,objid:6,type:0,xpos:0.000000,ypos:0.000000,xspeed:-1.560000,yspeed:-3.430000,angle:-15.670000,distense:38.200000,rcs:32.000000
