timestame:1619471034.101000000,objid:0,type:0,xpos:0.000000,ypos:0.000000,xspeed:-1.540000,yspeed:-1.430000,angle:-18.000000,distense:38.800000,rcs:12.000000
timestame:1619471034.101000000,objid:6,type:0,xpos:0.000000,ypos:0.000000,xspeed:3.280000,yspeed:3.580000,angle:-9.610000,distense:41.000000,rcs:6.000000
timestame:1619471034.101000000,objid:8,type:0,xpos:0.000000,ypos:0.000000,xspeed:-2.040000,yspeed:-0.640000,angle:-18.000000,distense:35.200000,rcs:12.000000
timestame:1619471034.101000000,objid:14,type:0,xpos:0.000000,ypos:0.000000,xspeed:-1.780000,yspeed:-3.210000,angle:5.930000,distense:43.200000,rcs:39.000000
