timestame:1619469619.693000000,objid:1,type:0,xpos:0.000000,ypos:0.000000,xspeed:-2.210000,yspeed:-0.080000,angle:-13.620000,distense:71.400000,rcs:6.000000
timestame:1619469619.693000000,objid:3,type:0,xpos:0.000000,ypos:0.000000,xspeed:-1.770000,yspeed:-0.040000,angle:-11.010000,distense:85.200000,rcs:19.000000
timestame:1619469619.693000000,objid:4,type:0,xpos:0.000000,ypos:0.000000,xspeed:-16.400000,yspeed:1.270000,angle:-4.680000,distense:116.600000,rcs:16.000000
