timestame:1619470332.211000000,objid:0,type:0,xpos:0.000000,ypos:0.000000,xspeed:16.580000,yspeed:-0.310000,angle:0.210000,distense:214.800000,rcs:18.000000
timestame:1619470332.211000000,objid:4,type:0,xpos:0.000000,ypos:0.000000,xspeed:-1.330000,yspeed:0.820000,angle:16.180000,distense:65.400000,rcs:9.000000
