timestame:1619471038.632000000,objid:1,type:0,xpos:0.000000,ypos:0.000000,xspeed:-3.170000,yspeed:-5.040000,angle:8.780000,distense:43.400000,rcs:37.000000
timestame:1619471038.632000000,objid:2,type:0,xpos:0.000000,ypos:0.000000,xspeed:-1.990000,yspeed:-2.160000,angle:-18.000000,distense:39.800000,rcs:23.000000
timestame:1619471038.632000000,objid:3,type:0,xpos:0.000000,ypos:0.000000,xspeed:1.270000,yspeed:-3.390000,angle:14.230000,distense:48.200000,rcs:15.000000
