timestame:1619470648.006000000,objid:2,type:0,xpos:0.000000,ypos:0.000000,xspeed:-5.540000,yspeed:-0.080000,angle:-6.130000,distense:140.400000,rcs:13.000000
timestame:1619470648.006000000,objid:4,type:0,xpos:0.000000,ypos:0.000000,xspeed:-1.580000,yspeed:-3.090000,angle:-18.000000,distense:41.000000,rcs:33.000000
timestame:1619470648.006000000,objid:7,type:0,xpos:0.000000,ypos:0.000000,xspeed:1.030000,yspeed:-4.020000,angle:15.550000,distense:45.200000,rcs:32.000000
timestame:1619470648.006000000,objid:9,type:0,xpos:0.000000,ypos:0.000000,xspeed:-1.670000,yspeed:-2.930000,angle:-11.290000,distense:41.200000,rcs:25.000000
