timestame:1619470365.587000000,objid:0,type:0,xpos:0.000000,ypos:0.000000,xspeed:2.300000,yspeed:5.310000,angle:1.920000,distense:46.000000,rcs:35.000000
timestame:1619470365.587000000,objid:3,type:0,xpos:0.000000,ypos:0.000000,xspeed:2.020000,yspeed:-0.100000,angle:-8.240000,distense:44.200000,rcs:38.000000
timestame:1619470365.587000000,objid:5,type:0,xpos:0.000000,ypos:0.000000,xspeed:2.690000,yspeed:-0.270000,angle:5.030000,distense:52.600000,rcs:12.000000
