timestame:1619470002.537000000,objid:2,type:0,xpos:0.000000,ypos:0.000000,xspeed:-4.410000,yspeed:-10.370000,angle:-18.000000,distense:36.600000,rcs:21.000000
timestame:1619470002.537000000,objid:6,type:0,xpos:0.000000,ypos:0.000000,xspeed:1.580000,yspeed:-0.570000,angle:-18.000000,distense:40.000000,rcs:24.000000
timestame:1619470002.537000000,objid:11,type:0,xpos:0.000000,ypos:0.000000,xspeed:-1.500000,yspeed:-0.350000,angle:-18.000000,distense:28.600000,rcs:6.000000
timestame:1619470002.537000000,objid:19,type:0,xpos:0.000000,ypos:0.000000,xspeed:1.390000,yspeed:-0.060000,angle:11.690000,distense:14.000000,rcs:30.000000
