timestame:1619469879.244000000,objid:2,type:0,xpos:0.000000,ypos:0.000000,xspeed:-1.420000,yspeed:3.860000,angle:-13.350000,distense:38.000000,rcs:26.000000
timestame:1619469879.244000000,objid:3,type:0,xpos:0.000000,ypos:0.000000,xspeed:-4.000000,yspeed:-0.110000,angle:-18.000000,distense:26.200000,rcs:6.000000
timestame:1619469879.244000000,objid:6,type:0,xpos:0.000000,ypos:0.000000,xspeed:-4.150000,yspeed:-2.420000,angle:-18.000000,distense:34.600000,rcs:26.000000
