timestame:1619469647.095000000,objid:2,type:0,xpos:0.000000,ypos:0.000000,xspeed:12.770000,yspeed:0.610000,angle:4.810000,distense:92.000000,rcs:28.000000
timestame:1619469647.095000000,objid:13,type:0,xpos:0.000000,ypos:0.000000,xspeed:15.170000,yspeed:0.710000,angle:2.400000,distense:151.800000,rcs:32.000000
timestame:1619469647.095000000,objid:14,type:0,xpos:0.000000,ypos:0.000000,xspeed:12.880000,yspeed:0.390000,angle:4.670000,distense:89.200000,rcs:28.000000
