timestame:1619470535.599000000,objid:0,type:0,xpos:0.000000,ypos:0.000000,xspeed:5.660000,yspeed:1.470000,angle:17.160000,distense:30.800000,rcs:32.000000
timestame:1619470535.599000000,objid:4,type:0,xpos:0.000000,ypos:0.000000,xspeed:1.210000,yspeed:-0.310000,angle:19.510000,distense:24.200000,rcs:28.000000
