timestame:1619470665.728000000,objid:0,type:0,xpos:0.000000,ypos:0.000000,xspeed:-1.160000,yspeed:0.200000,angle:-9.580000,distense:92.600000,rcs:16.000000
timestame:1619470665.728000000,objid:3,type:0,xpos:0.000000,ypos:0.000000,xspeed:-1.560000,yspeed:-0.120000,angle:-8.270000,distense:103.200000,rcs:9.000000
