timestame:1619471146.860000000,objid:1,type:0,xpos:0.000000,ypos:0.000000,xspeed:-1.560000,yspeed:6.390000,angle:19.410000,distense:39.600000,rcs:6.000000
timestame:1619471146.860000000,objid:3,type:0,xpos:0.000000,ypos:0.000000,xspeed:-2.320000,yspeed:0.820000,angle:22.400000,distense:40.600000,rcs:18.000000
timestame:1619471146.860000000,objid:9,type:0,xpos:0.000000,ypos:0.000000,xspeed:-1.510000,yspeed:5.410000,angle:-7.440000,distense:43.200000,rcs:18.000000
