timestame:1619469534.337000000,objid:4,type:0,xpos:0.000000,ypos:0.000000,xspeed:16.450000,yspeed:0.680000,angle:2.440000,distense:68.400000,rcs:24.000000
timestame:1619469534.337000000,objid:7,type:0,xpos:0.000000,ypos:0.000000,xspeed:16.590000,yspeed:0.640000,angle:1.970000,distense:76.200000,rcs:24.000000
