timestame:1619470182.315000000,objid:1,type:0,xpos:0.000000,ypos:0.000000,xspeed:13.390000,yspeed:-0.040000,angle:1.270000,distense:174.400000,rcs:22.000000
timestame:1619470182.315000000,objid:3,type:0,xpos:0.000000,ypos:0.000000,xspeed:-16.810000,yspeed:2.090000,angle:-3.210000,distense:132.200000,rcs:13.000000
timestame:1619470182.315000000,objid:8,type:0,xpos:0.000000,ypos:0.000000,xspeed:8.700000,yspeed:0.480000,angle:4.140000,distense:110.400000,rcs:9.000000
timestame:1619470182.315000000,objid:11,type:0,xpos:0.000000,ypos:0.000000,xspeed:7.960000,yspeed:0.220000,angle:4.820000,distense:99.000000,rcs:31.000000
