timestame:1619470169.534000000,objid:0,type:0,xpos:0.000000,ypos:0.000000,xspeed:7.100000,yspeed:0.380000,angle:2.420000,distense:55.600000,rcs:27.000000
timestame:1619470169.534000000,objid:1,type:0,xpos:0.000000,ypos:0.000000,xspeed:10.210000,yspeed:0.820000,angle:2.710000,distense:25.200000,rcs:37.000000
timestame:1619470169.534000000,objid:3,type:0,xpos:0.000000,ypos:0.000000,xspeed:9.000000,yspeed:0.100000,angle:4.690000,distense:90.800000,rcs:16.000000
timestame:1619470169.534000000,objid:5,type:0,xpos:0.000000,ypos:0.000000,xspeed:20.930000,yspeed:0.790000,angle:16.050000,distense:26.800000,rcs:9.000000
