timestame:1619470158.503000000,objid:0,type:0,xpos:0.000000,ypos:0.000000,xspeed:-15.360000,yspeed:-0.640000,angle:-14.630000,distense:71.800000,rcs:28.000000
timestame:1619470158.503000000,objid:1,type:0,xpos:0.000000,ypos:0.000000,xspeed:-15.280000,yspeed:-0.590000,angle:-15.630000,distense:61.200000,rcs:24.000000
timestame:1619470158.503000000,objid:4,type:0,xpos:0.000000,ypos:0.000000,xspeed:1.430000,yspeed:0.320000,angle:7.840000,distense:24.600000,rcs:21.000000
timestame:1619470158.503000000,objid:7,type:0,xpos:0.000000,ypos:0.000000,xspeed:-15.260000,yspeed:-0.520000,angle:-17.940000,distense:55.200000,rcs:9.000000
