timestame:1619471223.071000000,objid:0,type:0,xpos:0.000000,ypos:0.000000,xspeed:2.120000,yspeed:0.310000,angle:1.730000,distense:58.600000,rcs:6.000000
timestame:1619471223.071000000,objid:1,type:0,xpos:0.000000,ypos:0.000000,xspeed:5.360000,yspeed:-1.460000,angle:-6.500000,distense:26.200000,rcs:25.000000
timestame:1619471223.071000000,objid:6,type:0,xpos:0.000000,ypos:0.000000,xspeed:4.270000,yspeed:0.270000,angle:2.390000,distense:63.200000,rcs:6.000000
timestame:1619471223.071000000,objid:9,type:0,xpos:0.000000,ypos:0.000000,xspeed:4.310000,yspeed:0.510000,angle:3.430000,distense:44.600000,rcs:41.000000
