timestame:1619469755.035000000,objid:2,type:0,xpos:0.000000,ypos:0.000000,xspeed:-7.900000,yspeed:0.140000,angle:-0.310000,distense:13.400000,rcs:9.000000
timestame:1619469755.035000000,objid:3,type:0,xpos:0.000000,ypos:0.000000,xspeed:6.930000,yspeed:0.890000,angle:22.530000,distense:25.600000,rcs:34.000000
timestame:1619469755.035000000,objid:5,type:0,xpos:0.000000,ypos:0.000000,xspeed:5.720000,yspeed:0.390000,angle:19.430000,distense:27.200000,rcs:30.000000
timestame:1619469755.035000000,objid:6,type:0,xpos:0.000000,ypos:0.000000,xspeed:-13.120000,yspeed:0.000000,angle:-13.230000,distense:15.000000,rcs:9.000000
