timestame:1619469584.252000000,objid:1,type:0,xpos:0.000000,ypos:0.000000,xspeed:-4.980000,yspeed:-0.140000,angle:-10.320000,distense:87.400000,rcs:22.000000
timestame:1619469584.252000000,objid:5,type:0,xpos:0.000000,ypos:0.000000,xspeed:-1.670000,yspeed:4.530000,angle:-6.570000,distense:102.200000,rcs:9.000000
