timestame:1619470116.448000000,objid:4,type:0,xpos:0.000000,ypos:0.000000,xspeed:-1.290000,yspeed:9.270000,angle:-2.360000,distense:48.200000,rcs:6.000000
timestame:1619470116.448000000,objid:5,type:0,xpos:0.000000,ypos:0.000000,xspeed:-8.800000,yspeed:-1.310000,angle:12.640000,distense:33.800000,rcs:16.000000
timestame:1619470116.448000000,objid:10,type:0,xpos:0.000000,ypos:0.000000,xspeed:2.930000,yspeed:5.030000,angle:-10.590000,distense:39.600000,rcs:27.000000
