timestame:1619471408.998000000,objid:1,type:0,xpos:0.000000,ypos:0.000000,xspeed:-1.700000,yspeed:-3.660000,angle:-9.920000,distense:41.200000,rcs:30.000000
timestame:1619471408.998000000,objid:4,type:0,xpos:0.000000,ypos:0.000000,xspeed:-2.090000,yspeed:-8.730000,angle:-1.860000,distense:44.800000,rcs:37.000000
timestame:1619471408.998000000,objid:7,type:0,xpos:0.000000,ypos:0.000000,xspeed:-1.810000,yspeed:-3.420000,angle:-13.940000,distense:40.200000,rcs:24.000000
timestame:1619471408.998000000,objid:12,type:0,xpos:0.000000,ypos:0.000000,xspeed:-9.550000,yspeed:-1.280000,angle:-3.990000,distense:196.800000,rcs:15.000000
