timestame:1619470447.292000000,objid:0,type:0,xpos:0.000000,ypos:0.000000,xspeed:19.220000,yspeed:0.000000,angle:1.570000,distense:187.600000,rcs:15.000000
timestame:1619470447.292000000,objid:2,type:0,xpos:0.000000,ypos:0.000000,xspeed:4.520000,yspeed:-0.200000,angle:6.610000,distense:105.800000,rcs:24.000000
