timestame:1619470165.810000000,objid:0,type:0,xpos:0.000000,ypos:0.000000,xspeed:3.610000,yspeed:-0.760000,angle:1.860000,distense:29.600000,rcs:36.000000
timestame:1619470165.810000000,objid:3,type:0,xpos:0.000000,ypos:0.000000,xspeed:6.460000,yspeed:0.460000,angle:6.800000,distense:57.600000,rcs:33.000000
timestame:1619470165.810000000,objid:6,type:0,xpos:0.000000,ypos:0.000000,xspeed:2.200000,yspeed:0.090000,angle:1.350000,distense:26.200000,rcs:6.000000
