timestame:1619471222.085000000,objid:0,type:0,xpos:0.000000,ypos:0.000000,xspeed:1.330000,yspeed:0.240000,angle:1.390000,distense:55.600000,rcs:12.000000
timestame:1619471222.085000000,objid:6,type:0,xpos:0.000000,ypos:0.000000,xspeed:4.010000,yspeed:0.080000,angle:2.080000,distense:58.800000,rcs:15.000000
timestame:1619471222.085000000,objid:9,type:0,xpos:0.000000,ypos:0.000000,xspeed:4.070000,yspeed:0.160000,angle:2.550000,distense:40.000000,rcs:48.000000
timestame:1619471222.085000000,objid:10,type:0,xpos:0.000000,ypos:0.000000,xspeed:3.870000,yspeed:0.290000,angle:1.640000,distense:48.800000,rcs:15.000000
