timestame:1619469553.278000000,objid:2,type:0,xpos:0.000000,ypos:0.000000,xspeed:-4.180000,yspeed:3.970000,angle:-18.000000,distense:46.600000,rcs:9.000000
timestame:1619469553.278000000,objid:3,type:0,xpos:0.000000,ypos:0.000000,xspeed:-3.300000,yspeed:5.640000,angle:-18.000000,distense:50.800000,rcs:9.000000
