timestame:1619471366.692000000,objid:1,type:0,xpos:0.000000,ypos:0.000000,xspeed:7.530000,yspeed:-0.270000,angle:3.080000,distense:113.800000,rcs:22.000000
timestame:1619471366.692000000,objid:2,type:0,xpos:0.000000,ypos:0.000000,xspeed:7.910000,yspeed:-0.080000,angle:3.170000,distense:119.400000,rcs:13.000000
timestame:1619471366.692000000,objid:7,type:0,xpos:0.000000,ypos:0.000000,xspeed:11.740000,yspeed:0.280000,angle:1.650000,distense:149.800000,rcs:22.000000
