timestame:1619471406.332000000,objid:5,type:0,xpos:0.000000,ypos:0.000000,xspeed:-16.940000,yspeed:-2.340000,angle:7.820000,distense:155.400000,rcs:9.000000
timestame:1619471406.332000000,objid:6,type:0,xpos:0.000000,ypos:0.000000,xspeed:-1.470000,yspeed:8.170000,angle:3.340000,distense:40.600000,rcs:13.000000
timestame:1619471406.332000000,objid:10,type:0,xpos:0.000000,ypos:0.000000,xspeed:-1.080000,yspeed:-0.470000,angle:-15.110000,distense:45.000000,rcs:6.000000
