timestame:1619470873.682000000,objid:1,type:0,xpos:0.000000,ypos:0.000000,xspeed:-9.850000,yspeed:-1.560000,angle:-6.050000,distense:123.400000,rcs:9.000000
timestame:1619470873.682000000,objid:4,type:0,xpos:0.000000,ypos:0.000000,xspeed:3.470000,yspeed:-0.260000,angle:-0.370000,distense:21.000000,rcs:34.000000
timestame:1619470873.682000000,objid:9,type:0,xpos:0.000000,ypos:0.000000,xspeed:1.420000,yspeed:1.870000,angle:0.730000,distense:17.200000,rcs:42.000000
timestame:1619470873.682000000,objid:11,type:0,xpos:0.000000,ypos:0.000000,xspeed:7.600000,yspeed:0.490000,angle:0.750000,distense:36.000000,rcs:26.000000
