timestame:1619469911.002000000,objid:1,type:0,xpos:0.000000,ypos:0.000000,xspeed:4.130000,yspeed:-0.010000,angle:1.910000,distense:79.600000,rcs:20.000000
timestame:1619469911.002000000,objid:2,type:0,xpos:0.000000,ypos:0.000000,xspeed:10.380000,yspeed:0.050000,angle:2.840000,distense:141.600000,rcs:9.000000
timestame:1619469911.002000000,objid:8,type:0,xpos:0.000000,ypos:0.000000,xspeed:4.230000,yspeed:0.190000,angle:2.460000,distense:73.000000,rcs:28.000000
