timestame:1619469883.958000000,objid:1,type:0,xpos:0.000000,ypos:0.000000,xspeed:1.360000,yspeed:0.100000,angle:4.160000,distense:13.000000,rcs:41.000000
timestame:1619469883.958000000,objid:5,type:0,xpos:0.000000,ypos:0.000000,xspeed:-1.790000,yspeed:-0.150000,angle:-13.480000,distense:72.600000,rcs:23.000000
timestame:1619469883.958000000,objid:13,type:0,xpos:0.000000,ypos:0.000000,xspeed:-1.410000,yspeed:-0.170000,angle:-9.210000,distense:76.200000,rcs:27.000000
timestame:1619469883.958000000,objid:16,type:0,xpos:0.000000,ypos:0.000000,xspeed:-1.120000,yspeed:-0.890000,angle:-7.970000,distense:87.200000,rcs:16.000000
