timestame:1619470374.522000000,objid:0,type:0,xpos:0.000000,ypos:0.000000,xspeed:8.010000,yspeed:4.130000,angle:11.220000,distense:55.000000,rcs:6.000000
timestame:1619470374.522000000,objid:1,type:0,xpos:0.000000,ypos:0.000000,xspeed:-1.460000,yspeed:-3.170000,angle:-15.480000,distense:38.200000,rcs:26.000000
timestame:1619470374.522000000,objid:10,type:0,xpos:0.000000,ypos:0.000000,xspeed:-5.720000,yspeed:-1.780000,angle:-18.000000,distense:28.200000,rcs:6.000000
timestame:1619470374.522000000,objid:18,type:0,xpos:0.000000,ypos:0.000000,xspeed:-6.640000,yspeed:-1.190000,angle:-7.180000,distense:95.800000,rcs:13.000000
