timestame:1619470643.728000000,objid:2,type:0,xpos:0.000000,ypos:0.000000,xspeed:-6.510000,yspeed:-0.040000,angle:-5.010000,distense:164.200000,rcs:13.000000
timestame:1619470643.728000000,objid:6,type:0,xpos:0.000000,ypos:0.000000,xspeed:3.620000,yspeed:-10.750000,angle:5.800000,distense:48.000000,rcs:32.000000
timestame:1619470643.728000000,objid:8,type:0,xpos:0.000000,ypos:0.000000,xspeed:-5.800000,yspeed:2.410000,angle:12.360000,distense:87.400000,rcs:13.000000
timestame:1619470643.728000000,objid:13,type:0,xpos:0.000000,ypos:0.000000,xspeed:-1.910000,yspeed:7.720000,angle:7.130000,distense:41.200000,rcs:22.000000
