timestame:1619469647.895000000,objid:2,type:0,xpos:0.000000,ypos:0.000000,xspeed:12.870000,yspeed:0.370000,angle:4.280000,distense:103.000000,rcs:22.000000
timestame:1619469647.895000000,objid:3,type:0,xpos:0.000000,ypos:0.000000,xspeed:24.440000,yspeed:4.070000,angle:1.350000,distense:28.000000,rcs:35.000000
timestame:1619469647.895000000,objid:13,type:0,xpos:0.000000,ypos:0.000000,xspeed:15.280000,yspeed:0.700000,angle:2.410000,distense:165.000000,rcs:37.000000
timestame:1619469647.895000000,objid:14,type:0,xpos:0.000000,ypos:0.000000,xspeed:13.040000,yspeed:0.350000,angle:4.290000,distense:100.400000,rcs:23.000000
