timestame:1619470128.869000000,objid:2,type:0,xpos:0.000000,ypos:0.000000,xspeed:10.480000,yspeed:8.260000,angle:18.060000,distense:35.200000,rcs:12.000000
timestame:1619470128.869000000,objid:7,type:0,xpos:0.000000,ypos:0.000000,xspeed:-9.840000,yspeed:0.370000,angle:-4.720000,distense:121.800000,rcs:18.000000
timestame:1619470128.869000000,objid:9,type:0,xpos:0.000000,ypos:0.000000,xspeed:5.440000,yspeed:1.100000,angle:22.910000,distense:23.400000,rcs:16.000000
