timestame:1619470644.657000000,objid:2,type:0,xpos:0.000000,ypos:0.000000,xspeed:-6.360000,yspeed:-0.160000,angle:-5.340000,distense:158.600000,rcs:12.000000
timestame:1619470644.657000000,objid:5,type:0,xpos:0.000000,ypos:0.000000,xspeed:5.150000,yspeed:0.960000,angle:19.840000,distense:52.600000,rcs:6.000000
timestame:1619470644.657000000,objid:8,type:0,xpos:0.000000,ypos:0.000000,xspeed:-1.680000,yspeed:-2.580000,angle:9.640000,distense:86.400000,rcs:20.000000
