timestame:1619471222.517000000,objid:0,type:0,xpos:0.000000,ypos:0.000000,xspeed:1.640000,yspeed:0.340000,angle:1.650000,distense:56.800000,rcs:16.000000
timestame:1619471222.517000000,objid:6,type:0,xpos:0.000000,ypos:0.000000,xspeed:4.130000,yspeed:0.160000,angle:2.190000,distense:60.600000,rcs:6.000000
timestame:1619471222.517000000,objid:9,type:0,xpos:0.000000,ypos:0.000000,xspeed:4.150000,yspeed:0.380000,angle:3.090000,distense:42.000000,rcs:45.000000
