timestame:1619469761.630000000,objid:1,type:0,xpos:0.000000,ypos:0.000000,xspeed:1.290000,yspeed:5.810000,angle:0.940000,distense:48.600000,rcs:6.000000
timestame:1619469761.630000000,objid:3,type:0,xpos:0.000000,ypos:0.000000,xspeed:5.510000,yspeed:0.640000,angle:21.670000,distense:19.000000,rcs:20.000000
timestame:1619469761.630000000,objid:5,type:0,xpos:0.000000,ypos:0.000000,xspeed:-18.930000,yspeed:3.280000,angle:-10.940000,distense:84.200000,rcs:12.000000
timestame:1619469761.630000000,objid:6,type:0,xpos:0.000000,ypos:0.000000,xspeed:9.020000,yspeed:9.250000,angle:-16.130000,distense:15.800000,rcs:9.000000
