timestame:1619470980.412000000,objid:0,type:0,xpos:0.000000,ypos:0.000000,xspeed:7.590000,yspeed:0.020000,angle:2.310000,distense:153.400000,rcs:20.000000
timestame:1619470980.412000000,objid:1,type:0,xpos:0.000000,ypos:0.000000,xspeed:-14.380000,yspeed:-0.600000,angle:-4.540000,distense:138.400000,rcs:12.000000
timestame:1619470980.412000000,objid:3,type:0,xpos:0.000000,ypos:0.000000,xspeed:4.160000,yspeed:-1.660000,angle:22.520000,distense:61.800000,rcs:12.000000
timestame:1619470980.412000000,objid:4,type:0,xpos:0.000000,ypos:0.000000,xspeed:-20.350000,yspeed:-2.210000,angle:-18.000000,distense:42.200000,rcs:21.000000
