timestame:1619471001.352000000,objid:0,type:0,xpos:0.000000,ypos:0.000000,xspeed:-17.480000,yspeed:-0.060000,angle:-4.870000,distense:161.000000,rcs:19.000000
timestame:1619471001.352000000,objid:1,type:0,xpos:0.000000,ypos:0.000000,xspeed:-11.080000,yspeed:-4.120000,angle:-4.630000,distense:165.600000,rcs:23.000000
