timestame:1619471040.179000000,objid:2,type:0,xpos:0.000000,ypos:0.000000,xspeed:-1.860000,yspeed:-1.270000,angle:-18.000000,distense:37.600000,rcs:22.000000
timestame:1619471040.179000000,objid:6,type:0,xpos:0.000000,ypos:0.000000,xspeed:-4.050000,yspeed:-7.220000,angle:-18.000000,distense:39.600000,rcs:30.000000
