timestame:1619470745.296000000,objid:0,type:0,xpos:0.000000,ypos:0.000000,xspeed:-3.060000,yspeed:-0.590000,angle:-8.840000,distense:83.400000,rcs:16.000000
timestame:1619470745.296000000,objid:6,type:0,xpos:0.000000,ypos:0.000000,xspeed:12.550000,yspeed:0.450000,angle:1.370000,distense:203.600000,rcs:24.000000
