timestame:1619469759.018000000,objid:2,type:0,xpos:0.000000,ypos:0.000000,xspeed:4.690000,yspeed:3.330000,angle:-15.590000,distense:36.800000,rcs:20.000000
timestame:1619469759.018000000,objid:3,type:0,xpos:0.000000,ypos:0.000000,xspeed:5.240000,yspeed:2.470000,angle:-17.310000,distense:48.200000,rcs:6.000000
timestame:1619469759.018000000,objid:7,type:0,xpos:0.000000,ypos:0.000000,xspeed:8.590000,yspeed:5.080000,angle:-9.760000,distense:49.400000,rcs:6.000000
