timestame:1619471460.439000000,objid:1,type:0,xpos:0.000000,ypos:0.000000,xspeed:-7.670000,yspeed:-3.590000,angle:-5.200000,distense:127.000000,rcs:20.000000
timestame:1619471460.439000000,objid:3,type:0,xpos:0.000000,ypos:0.000000,xspeed:-8.130000,yspeed:-2.670000,angle:-4.420000,distense:195.400000,rcs:13.000000
