timestame:1619470278.173000000,objid:1,type:0,xpos:0.000000,ypos:0.000000,xspeed:-10.260000,yspeed:0.160000,angle:-5.890000,distense:81.000000,rcs:20.000000
timestame:1619470278.173000000,objid:2,type:0,xpos:0.000000,ypos:0.000000,xspeed:-2.300000,yspeed:0.040000,angle:-7.300000,distense:85.800000,rcs:9.000000
timestame:1619470278.173000000,objid:3,type:0,xpos:0.000000,ypos:0.000000,xspeed:-2.600000,yspeed:0.120000,angle:-8.880000,distense:76.800000,rcs:21.000000
timestame:1619470278.173000000,objid:11,type:0,xpos:0.000000,ypos:0.000000,xspeed:-2.700000,yspeed:-0.330000,angle:-10.670000,distense:70.600000,rcs:20.000000
