timestame:1619470592.680000000,objid:0,type:0,xpos:0.000000,ypos:0.000000,xspeed:-14.620000,yspeed:-0.600000,angle:-18.000000,distense:38.600000,rcs:9.000000
timestame:1619470592.680000000,objid:2,type:0,xpos:0.000000,ypos:0.000000,xspeed:34.790000,yspeed:-7.020000,angle:-13.170000,distense:35.400000,rcs:6.000000
timestame:1619470592.680000000,objid:5,type:0,xpos:0.000000,ypos:0.000000,xspeed:7.570000,yspeed:8.420000,angle:-11.510000,distense:19.800000,rcs:9.000000
timestame:1619470592.680000000,objid:6,type:0,xpos:0.000000,ypos:0.000000,xspeed:8.790000,yspeed:0.870000,angle:19.690000,distense:21.200000,rcs:22.000000
