timestame:1619470050.603000000,objid:0,type:0,xpos:0.000000,ypos:0.000000,xspeed:7.000000,yspeed:0.030000,angle:3.530000,distense:109.600000,rcs:6.000000
timestame:1619470050.603000000,objid:5,type:0,xpos:0.000000,ypos:0.000000,xspeed:7.030000,yspeed:0.170000,angle:4.000000,distense:100.000000,rcs:24.000000
