timestame:1619471446.705000000,objid:3,type:0,xpos:0.000000,ypos:0.000000,xspeed:-3.560000,yspeed:-0.240000,angle:-5.700000,distense:114.000000,rcs:21.000000
timestame:1619471446.705000000,objid:11,type:0,xpos:0.000000,ypos:0.000000,xspeed:-3.300000,yspeed:-0.510000,angle:-7.010000,distense:103.200000,rcs:15.000000
timestame:1619471446.705000000,objid:13,type:0,xpos:0.000000,ypos:0.000000,xspeed:-2.530000,yspeed:-0.070000,angle:14.260000,distense:53.800000,rcs:12.000000
