timestame:1619469909.763000000,objid:1,type:0,xpos:0.000000,ypos:0.000000,xspeed:4.140000,yspeed:0.020000,angle:2.140000,distense:74.600000,rcs:24.000000
timestame:1619469909.763000000,objid:2,type:0,xpos:0.000000,ypos:0.000000,xspeed:9.580000,yspeed:0.020000,angle:3.100000,distense:128.200000,rcs:13.000000
timestame:1619469909.763000000,objid:8,type:0,xpos:0.000000,ypos:0.000000,xspeed:4.180000,yspeed:0.240000,angle:2.530000,distense:68.000000,rcs:26.000000
timestame:1619469909.763000000,objid:10,type:0,xpos:0.000000,ypos:0.000000,xspeed:2.100000,yspeed:3.610000,angle:-4.850000,distense:42.600000,rcs:6.000000
