timestame:1619470736.918000000,objid:1,type:0,xpos:0.000000,ypos:0.000000,xspeed:11.930000,yspeed:-0.040000,angle:1.410000,distense:109.600000,rcs:6.000000
timestame:1619470736.918000000,objid:2,type:0,xpos:0.000000,ypos:0.000000,xspeed:-1.130000,yspeed:-0.850000,angle:-5.930000,distense:49.600000,rcs:9.000000
timestame:1619470736.918000000,objid:6,type:0,xpos:0.000000,ypos:0.000000,xspeed:12.020000,yspeed:0.080000,angle:1.600000,distense:98.800000,rcs:40.000000
