timestame:1619470859.949000000,objid:0,type:0,xpos:0.000000,ypos:0.000000,xspeed:5.970000,yspeed:3.730000,angle:-15.750000,distense:43.200000,rcs:6.000000
timestame:1619470859.949000000,objid:1,type:0,xpos:0.000000,ypos:0.000000,xspeed:2.860000,yspeed:1.670000,angle:-12.940000,distense:41.200000,rcs:6.000000
