timestame:1619471068.457000000,objid:0,type:0,xpos:0.000000,ypos:0.000000,xspeed:-5.690000,yspeed:-0.260000,angle:-7.410000,distense:92.600000,rcs:9.000000
timestame:1619471068.457000000,objid:3,type:0,xpos:0.000000,ypos:0.000000,xspeed:-6.820000,yspeed:-0.240000,angle:-4.970000,distense:135.800000,rcs:9.000000
timestame:1619471068.457000000,objid:5,type:0,xpos:0.000000,ypos:0.000000,xspeed:-11.180000,yspeed:-0.490000,angle:-6.860000,distense:126.800000,rcs:19.000000
timestame:1619471068.457000000,objid:9,type:0,xpos:0.000000,ypos:0.000000,xspeed:-2.750000,yspeed:-0.250000,angle:-12.610000,distense:63.200000,rcs:21.000000
