timestame:1619471063.924000000,objid:0,type:0,xpos:0.000000,ypos:0.000000,xspeed:-6.990000,yspeed:0.630000,angle:-4.770000,distense:117.600000,rcs:16.000000
timestame:1619471063.924000000,objid:3,type:0,xpos:0.000000,ypos:0.000000,xspeed:-7.510000,yspeed:-4.070000,angle:-4.320000,distense:166.800000,rcs:12.000000
timestame:1619471063.924000000,objid:9,type:0,xpos:0.000000,ypos:0.000000,xspeed:-1.640000,yspeed:-0.070000,angle:-9.950000,distense:74.000000,rcs:21.000000
