timestame:1619469783.977000000,objid:2,type:0,xpos:0.000000,ypos:0.000000,xspeed:16.940000,yspeed:-0.030000,angle:1.080000,distense:159.800000,rcs:12.000000
timestame:1619469783.977000000,objid:4,type:0,xpos:0.000000,ypos:0.000000,xspeed:-17.610000,yspeed:-0.320000,angle:-6.280000,distense:134.600000,rcs:6.000000
timestame:1619469783.977000000,objid:5,type:0,xpos:0.000000,ypos:0.000000,xspeed:1.600000,yspeed:3.520000,angle:-2.710000,distense:46.200000,rcs:6.000000
timestame:1619469783.977000000,objid:10,type:0,xpos:0.000000,ypos:0.000000,xspeed:16.680000,yspeed:0.250000,angle:1.310000,distense:147.000000,rcs:23.000000
