timestame:1619471232.047000000,objid:0,type:0,xpos:0.000000,ypos:0.000000,xspeed:6.930000,yspeed:-0.050000,angle:1.710000,distense:109.600000,rcs:6.000000
timestame:1619471232.047000000,objid:9,type:0,xpos:0.000000,ypos:0.000000,xspeed:6.880000,yspeed:-0.110000,angle:1.530000,distense:101.000000,rcs:26.000000
