timestame:1619471562.900000000,objid:3,type:0,xpos:0.000000,ypos:0.000000,xspeed:-2.020000,yspeed:-2.680000,angle:-18.000000,distense:33.200000,rcs:16.000000
timestame:1619471562.900000000,objid:5,type:0,xpos:0.000000,ypos:0.000000,xspeed:-2.980000,yspeed:-0.240000,angle:-18.000000,distense:30.400000,rcs:21.000000
timestame:1619471562.900000000,objid:6,type:0,xpos:0.000000,ypos:0.000000,xspeed:6.400000,yspeed:0.000000,angle:-18.000000,distense:61.200000,rcs:6.000000
timestame:1619471562.900000000,objid:10,type:0,xpos:0.000000,ypos:0.000000,xspeed:2.300000,yspeed:2.850000,angle:-15.940000,distense:61.200000,rcs:12.000000
