timestame:1619470123.046000000,objid:1,type:0,xpos:0.000000,ypos:0.000000,xspeed:7.960000,yspeed:4.550000,angle:21.030000,distense:39.800000,rcs:20.000000
timestame:1619470123.046000000,objid:4,type:0,xpos:0.000000,ypos:0.000000,xspeed:3.310000,yspeed:0.870000,angle:-16.230000,distense:23.200000,rcs:34.000000
timestame:1619470123.046000000,objid:6,type:0,xpos:0.000000,ypos:0.000000,xspeed:5.100000,yspeed:1.940000,angle:21.850000,distense:29.200000,rcs:32.000000
timestame:1619470123.046000000,objid:8,type:0,xpos:0.000000,ypos:0.000000,xspeed:3.930000,yspeed:1.660000,angle:-16.700000,distense:30.600000,rcs:6.000000
