timestame:1619470477.832000000,objid:0,type:0,xpos:0.000000,ypos:0.000000,xspeed:-9.350000,yspeed:-0.690000,angle:-6.030000,distense:110.200000,rcs:26.000000
timestame:1619470477.832000000,objid:2,type:0,xpos:0.000000,ypos:0.000000,xspeed:1.390000,yspeed:-0.410000,angle:12.860000,distense:75.400000,rcs:6.000000
timestame:1619470477.832000000,objid:3,type:0,xpos:0.000000,ypos:0.000000,xspeed:-1.170000,yspeed:0.000000,angle:-10.090000,distense:47.400000,rcs:12.000000
