timestame:1619470991.348000000,objid:3,type:0,xpos:0.000000,ypos:0.000000,xspeed:5.290000,yspeed:-0.130000,angle:6.810000,distense:108.600000,rcs:6.000000
timestame:1619470991.348000000,objid:4,type:0,xpos:0.000000,ypos:0.000000,xspeed:-13.550000,yspeed:-0.660000,angle:-18.000000,distense:39.200000,rcs:12.000000
