timestame:1619469879.306000000,objid:3,type:0,xpos:0.000000,ypos:0.000000,xspeed:-4.000000,yspeed:-0.110000,angle:-18.000000,distense:26.000000,rcs:6.000000
timestame:1619469879.306000000,objid:6,type:0,xpos:0.000000,ypos:0.000000,xspeed:-4.470000,yspeed:-2.490000,angle:-18.000000,distense:34.200000,rcs:16.000000
