timestame:1619470125.024000000,objid:1,type:0,xpos:0.000000,ypos:0.000000,xspeed:4.250000,yspeed:3.890000,angle:-15.580000,distense:40.800000,rcs:12.000000
timestame:1619470125.024000000,objid:3,type:0,xpos:0.000000,ypos:0.000000,xspeed:-7.030000,yspeed:-1.640000,angle:11.840000,distense:36.600000,rcs:21.000000
timestame:1619470125.024000000,objid:4,type:0,xpos:0.000000,ypos:0.000000,xspeed:4.070000,yspeed:1.570000,angle:-17.880000,distense:32.400000,rcs:20.000000
timestame:1619470125.024000000,objid:6,type:0,xpos:0.000000,ypos:0.000000,xspeed:4.070000,yspeed:3.070000,angle:-14.130000,distense:38.400000,rcs:25.000000
