timestame:1619469762.132000000,objid:3,type:0,xpos:0.000000,ypos:0.000000,xspeed:5.230000,yspeed:0.630000,angle:20.090000,distense:21.200000,rcs:25.000000
timestame:1619469762.132000000,objid:5,type:0,xpos:0.000000,ypos:0.000000,xspeed:-18.240000,yspeed:0.410000,angle:-12.530000,distense:76.000000,rcs:21.000000
timestame:1619469762.132000000,objid:6,type:0,xpos:0.000000,ypos:0.000000,xspeed:4.260000,yspeed:1.340000,angle:-15.630000,distense:17.600000,rcs:19.000000
