timestame:1619469484.628000000,objid:3,type:0,xpos:0.000000,ypos:0.000000,xspeed:2.600000,yspeed:0.270000,angle:11.690000,distense:18.200000,rcs:32.000000
timestame:1619469484.628000000,objid:7,type:0,xpos:0.000000,ypos:0.000000,xspeed:-2.100000,yspeed:0.070000,angle:-10.460000,distense:87.200000,rcs:20.000000
timestame:1619469484.628000000,objid:9,type:0,xpos:0.000000,ypos:0.000000,xspeed:1.650000,yspeed:-0.710000,angle:-7.950000,distense:105.800000,rcs:12.000000
timestame:1619469484.628000000,objid:11,type:0,xpos:0.000000,ypos:0.000000,xspeed:-1.100000,yspeed:-0.810000,angle:-9.120000,distense:81.600000,rcs:20.000000
