timestame:1619471224.062000000,objid:0,type:0,xpos:0.000000,ypos:0.000000,xspeed:2.260000,yspeed:0.360000,angle:2.080000,distense:61.200000,rcs:6.000000
timestame:1619471224.062000000,objid:1,type:0,xpos:0.000000,ypos:0.000000,xspeed:6.000000,yspeed:-0.260000,angle:-5.040000,distense:32.800000,rcs:26.000000
timestame:1619471224.062000000,objid:6,type:0,xpos:0.000000,ypos:0.000000,xspeed:4.530000,yspeed:0.350000,angle:2.590000,distense:68.200000,rcs:6.000000
timestame:1619471224.062000000,objid:9,type:0,xpos:0.000000,ypos:0.000000,xspeed:4.680000,yspeed:0.050000,angle:2.570000,distense:49.800000,rcs:38.000000
