timestame:1619470592.429000000,objid:0,type:0,xpos:0.000000,ypos:0.000000,xspeed:-14.500000,yspeed:-0.620000,angle:-18.000000,distense:42.000000,rcs:20.000000
timestame:1619470592.429000000,objid:2,type:0,xpos:0.000000,ypos:0.000000,xspeed:27.090000,yspeed:0.000000,angle:18.280000,distense:23.000000,rcs:15.000000
