timestame:1619471091.932000000,objid:1,type:0,xpos:0.000000,ypos:0.000000,xspeed:11.630000,yspeed:0.110000,angle:4.330000,distense:69.800000,rcs:22.000000
timestame:1619471091.932000000,objid:2,type:0,xpos:0.000000,ypos:0.000000,xspeed:6.560000,yspeed:0.370000,angle:2.430000,distense:55.200000,rcs:40.000000
timestame:1619471091.932000000,objid:4,type:0,xpos:0.000000,ypos:0.000000,xspeed:-22.350000,yspeed:-1.250000,angle:-18.000000,distense:17.400000,rcs:6.000000
timestame:1619471091.932000000,objid:5,type:0,xpos:0.000000,ypos:0.000000,xspeed:12.570000,yspeed:0.090000,angle:1.610000,distense:120.800000,rcs:9.000000
