timestame:1619469876.458000000,objid:6,type:0,xpos:0.000000,ypos:0.000000,xspeed:-1.450000,yspeed:-0.030000,angle:-18.000000,distense:39.000000,rcs:12.000000
timestame:1619469876.458000000,objid:10,type:0,xpos:0.000000,ypos:0.000000,xspeed:15.150000,yspeed:0.000000,angle:-18.000000,distense:38.600000,rcs:12.000000
timestame:1619469876.458000000,objid:13,type:0,xpos:0.000000,ypos:0.000000,xspeed:-1.390000,yspeed:-0.850000,angle:-15.580000,distense:40.400000,rcs:6.000000
