timestame:1619470735.865000000,objid:1,type:0,xpos:0.000000,ypos:0.000000,xspeed:12.120000,yspeed:-0.240000,angle:1.440000,distense:97.000000,rcs:12.000000
timestame:1619470735.865000000,objid:6,type:0,xpos:0.000000,ypos:0.000000,xspeed:12.050000,yspeed:0.150000,angle:1.830000,distense:86.000000,rcs:36.000000
