timestame:1619470082.145000000,objid:4,type:0,xpos:0.000000,ypos:0.000000,xspeed:2.570000,yspeed:-8.910000,angle:-4.210000,distense:52.000000,rcs:20.000000
timestame:1619470082.145000000,objid:5,type:0,xpos:0.000000,ypos:0.000000,xspeed:2.450000,yspeed:-8.630000,angle:-1.580000,distense:50.800000,rcs:24.000000
