timestame:1619469781.054000000,objid:2,type:0,xpos:0.000000,ypos:0.000000,xspeed:16.410000,yspeed:0.500000,angle:1.950000,distense:110.000000,rcs:19.000000
timestame:1619469781.054000000,objid:5,type:0,xpos:0.000000,ypos:0.000000,xspeed:3.550000,yspeed:0.730000,angle:-11.280000,distense:37.400000,rcs:19.000000
timestame:1619469781.054000000,objid:6,type:0,xpos:0.000000,ypos:0.000000,xspeed:3.660000,yspeed:2.860000,angle:-14.700000,distense:36.600000,rcs:22.000000
timestame:1619469781.054000000,objid:10,type:0,xpos:0.000000,ypos:0.000000,xspeed:16.600000,yspeed:0.390000,angle:1.770000,distense:99.000000,rcs:34.000000
