timestame:1619470944.821000000,objid:1,type:0,xpos:0.000000,ypos:0.000000,xspeed:-6.990000,yspeed:-0.010000,angle:-18.000000,distense:38.200000,rcs:13.000000
timestame:1619470944.821000000,objid:5,type:0,xpos:0.000000,ypos:0.000000,xspeed:-6.190000,yspeed:-0.430000,angle:-18.000000,distense:44.600000,rcs:9.000000
timestame:1619470944.821000000,objid:7,type:0,xpos:0.000000,ypos:0.000000,xspeed:-5.720000,yspeed:-0.500000,angle:-18.000000,distense:42.000000,rcs:9.000000
