timestame:1619470770.994000000,objid:0,type:0,xpos:0.000000,ypos:0.000000,xspeed:-10.840000,yspeed:-0.220000,angle:-5.890000,distense:143.800000,rcs:13.000000
timestame:1619470770.994000000,objid:1,type:0,xpos:0.000000,ypos:0.000000,xspeed:12.630000,yspeed:0.190000,angle:1.850000,distense:101.200000,rcs:20.000000
timestame:1619470770.994000000,objid:2,type:0,xpos:0.000000,ypos:0.000000,xspeed:-11.100000,yspeed:1.060000,angle:-6.130000,distense:140.200000,rcs:12.000000
