timestame:1619470192.457000000,objid:0,type:0,xpos:0.000000,ypos:0.000000,xspeed:-4.300000,yspeed:6.980000,angle:14.000000,distense:42.400000,rcs:28.000000
timestame:1619470192.457000000,objid:1,type:0,xpos:0.000000,ypos:0.000000,xspeed:2.110000,yspeed:1.350000,angle:5.890000,distense:138.200000,rcs:31.000000
timestame:1619470192.457000000,objid:2,type:0,xpos:0.000000,ypos:0.000000,xspeed:-4.960000,yspeed:5.450000,angle:16.270000,distense:40.600000,rcs:24.000000
