timestame:1619470085.318000000,objid:10,type:0,xpos:0.000000,ypos:0.000000,xspeed:1.610000,yspeed:-3.620000,angle:-3.440000,distense:54.800000,rcs:16.000000
timestame:1619470085.318000000,objid:14,type:0,xpos:0.000000,ypos:0.000000,xspeed:-2.630000,yspeed:0.000000,angle:-17.290000,distense:53.600000,rcs:9.000000
