timestame:1619471439.625000000,objid:0,type:0,xpos:0.000000,ypos:0.000000,xspeed:-1.240000,yspeed:-2.040000,angle:-0.560000,distense:39.800000,rcs:35.000000
timestame:1619471439.625000000,objid:1,type:0,xpos:0.000000,ypos:0.000000,xspeed:-1.090000,yspeed:-4.770000,angle:-9.670000,distense:39.000000,rcs:36.000000
timestame:1619471439.625000000,objid:8,type:0,xpos:0.000000,ypos:0.000000,xspeed:-4.270000,yspeed:-2.170000,angle:-18.000000,distense:28.200000,rcs:6.000000
timestame:1619471439.625000000,objid:9,type:0,xpos:0.000000,ypos:0.000000,xspeed:-1.730000,yspeed:-20.480000,angle:-17.960000,distense:37.800000,rcs:28.000000
