timestame:1619471531.098000000,objid:2,type:0,xpos:0.000000,ypos:0.000000,xspeed:-19.530000,yspeed:0.000000,angle:8.560000,distense:38.600000,rcs:25.000000
timestame:1619471531.098000000,objid:5,type:0,xpos:0.000000,ypos:0.000000,xspeed:-38.170000,yspeed:0.000000,angle:6.280000,distense:26.400000,rcs:27.000000
