timestame:1619469883.896000000,objid:1,type:0,xpos:0.000000,ypos:0.000000,xspeed:1.380000,yspeed:0.030000,angle:3.870000,distense:12.800000,rcs:42.000000
timestame:1619469883.896000000,objid:5,type:0,xpos:0.000000,ypos:0.000000,xspeed:-1.760000,yspeed:-0.170000,angle:-13.470000,distense:72.800000,rcs:15.000000
timestame:1619469883.896000000,objid:13,type:0,xpos:0.000000,ypos:0.000000,xspeed:-1.380000,yspeed:-0.160000,angle:-9.160000,distense:76.400000,rcs:22.000000
timestame:1619469883.896000000,objid:16,type:0,xpos:0.000000,ypos:0.000000,xspeed:-1.040000,yspeed:-0.860000,angle:-7.890000,distense:87.400000,rcs:16.000000
