timestame:1619470062.038000000,objid:1,type:0,xpos:0.000000,ypos:0.000000,xspeed:-20.660000,yspeed:-1.100000,angle:-6.090000,distense:130.800000,rcs:9.000000
timestame:1619470062.038000000,objid:2,type:0,xpos:0.000000,ypos:0.000000,xspeed:-8.870000,yspeed:-1.700000,angle:-7.680000,distense:68.800000,rcs:6.000000
timestame:1619470062.038000000,objid:4,type:0,xpos:0.000000,ypos:0.000000,xspeed:-5.520000,yspeed:0.220000,angle:-6.970000,distense:67.400000,rcs:31.000000
timestame:1619470062.038000000,objid:5,type:0,xpos:0.000000,ypos:0.000000,xspeed:10.150000,yspeed:0.370000,angle:2.750000,distense:207.000000,rcs:18.000000
