timestame:1619470042.732000000,objid:1,type:0,xpos:0.000000,ypos:0.000000,xspeed:13.000000,yspeed:-0.050000,angle:1.040000,distense:168.400000,rcs:9.000000
timestame:1619470042.732000000,objid:3,type:0,xpos:0.000000,ypos:0.000000,xspeed:13.660000,yspeed:0.040000,angle:1.360000,distense:142.400000,rcs:22.000000
timestame:1619470042.732000000,objid:4,type:0,xpos:0.000000,ypos:0.000000,xspeed:8.390000,yspeed:0.330000,angle:4.370000,distense:61.800000,rcs:6.000000
timestame:1619470042.732000000,objid:5,type:0,xpos:0.000000,ypos:0.000000,xspeed:4.750000,yspeed:0.020000,angle:5.650000,distense:46.000000,rcs:39.000000
