timestame:1619469530.113000000,objid:1,type:0,xpos:0.000000,ypos:0.000000,xspeed:1.870000,yspeed:-4.140000,angle:-18.000000,distense:70.800000,rcs:16.000000
timestame:1619469530.113000000,objid:11,type:0,xpos:0.000000,ypos:0.000000,xspeed:1.180000,yspeed:-4.520000,angle:-18.000000,distense:80.800000,rcs:9.000000
