timestame:1619470487.774000000,objid:2,type:0,xpos:0.000000,ypos:0.000000,xspeed:1.260000,yspeed:-8.360000,angle:-15.090000,distense:68.600000,rcs:12.000000
timestame:1619470487.774000000,objid:4,type:0,xpos:0.000000,ypos:0.000000,xspeed:-1.930000,yspeed:-4.310000,angle:-18.000000,distense:38.200000,rcs:18.000000
timestame:1619470487.774000000,objid:5,type:0,xpos:0.000000,ypos:0.000000,xspeed:-3.410000,yspeed:-2.960000,angle:-18.000000,distense:33.600000,rcs:19.000000
timestame:1619470487.774000000,objid:6,type:0,xpos:0.000000,ypos:0.000000,xspeed:-1.390000,yspeed:-3.250000,angle:-14.560000,distense:38.400000,rcs:33.000000
