timestame:1619470492.528000000,objid:0,type:0,xpos:0.000000,ypos:0.000000,xspeed:1.560000,yspeed:-4.670000,angle:8.790000,distense:46.200000,rcs:29.000000
timestame:1619470492.528000000,objid:2,type:0,xpos:0.000000,ypos:0.000000,xspeed:1.480000,yspeed:-5.820000,angle:17.000000,distense:56.600000,rcs:26.000000
timestame:1619470492.528000000,objid:3,type:0,xpos:0.000000,ypos:0.000000,xspeed:1.950000,yspeed:-5.700000,angle:11.030000,distense:44.600000,rcs:28.000000
