timestame:1619470120.931000000,objid:1,type:0,xpos:0.000000,ypos:0.000000,xspeed:25.210000,yspeed:2.090000,angle:13.810000,distense:37.400000,rcs:21.000000
timestame:1619470120.931000000,objid:5,type:0,xpos:0.000000,ypos:0.000000,xspeed:-1.980000,yspeed:-0.200000,angle:16.210000,distense:23.200000,rcs:6.000000
timestame:1619470120.931000000,objid:6,type:0,xpos:0.000000,ypos:0.000000,xspeed:8.080000,yspeed:-3.530000,angle:-17.380000,distense:18.600000,rcs:27.000000
timestame:1619470120.931000000,objid:8,type:0,xpos:0.000000,ypos:0.000000,xspeed:4.190000,yspeed:1.900000,angle:-14.320000,distense:22.200000,rcs:27.000000
