timestame:1619470490.839000000,objid:0,type:0,xpos:0.000000,ypos:0.000000,xspeed:1.370000,yspeed:-5.340000,angle:18.610000,distense:45.200000,rcs:35.000000
timestame:1619470490.839000000,objid:2,type:0,xpos:0.000000,ypos:0.000000,xspeed:1.080000,yspeed:-5.640000,angle:-13.850000,distense:57.800000,rcs:18.000000
timestame:1619470490.839000000,objid:5,type:0,xpos:0.000000,ypos:0.000000,xspeed:-2.060000,yspeed:-0.990000,angle:-18.000000,distense:29.600000,rcs:6.000000
timestame:1619470490.839000000,objid:8,type:0,xpos:0.000000,ypos:0.000000,xspeed:1.990000,yspeed:7.500000,angle:-12.370000,distense:50.800000,rcs:6.000000
