timestame:1619471035.162000000,objid:0,type:0,xpos:0.000000,ypos:0.000000,xspeed:-2.160000,yspeed:-1.680000,angle:-18.000000,distense:37.000000,rcs:12.000000
timestame:1619471035.162000000,objid:3,type:0,xpos:0.000000,ypos:0.000000,xspeed:2.080000,yspeed:-6.960000,angle:-12.840000,distense:47.800000,rcs:13.000000
timestame:1619471035.162000000,objid:6,type:0,xpos:0.000000,ypos:0.000000,xspeed:2.690000,yspeed:3.920000,angle:-6.060000,distense:44.800000,rcs:6.000000
timestame:1619471035.162000000,objid:8,type:0,xpos:0.000000,ypos:0.000000,xspeed:-2.190000,yspeed:-0.670000,angle:-18.000000,distense:33.800000,rcs:6.000000
