timestame:1619469877.507000000,objid:3,type:0,xpos:0.000000,ypos:0.000000,xspeed:-5.260000,yspeed:-1.460000,angle:-18.000000,distense:31.800000,rcs:12.000000
timestame:1619469877.507000000,objid:4,type:0,xpos:0.000000,ypos:0.000000,xspeed:-1.220000,yspeed:4.320000,angle:-12.500000,distense:39.400000,rcs:26.000000
timestame:1619469877.507000000,objid:6,type:0,xpos:0.000000,ypos:0.000000,xspeed:-2.320000,yspeed:-0.680000,angle:-18.000000,distense:36.200000,rcs:9.000000
timestame:1619469877.507000000,objid:9,type:0,xpos:0.000000,ypos:0.000000,xspeed:-6.050000,yspeed:-7.460000,angle:-3.790000,distense:61.600000,rcs:6.000000
