timestame:1619469788.935000000,objid:1,type:0,xpos:0.000000,ypos:0.000000,xspeed:-16.160000,yspeed:-0.560000,angle:-15.090000,distense:62.600000,rcs:24.000000
timestame:1619469788.935000000,objid:4,type:0,xpos:0.000000,ypos:0.000000,xspeed:-16.700000,yspeed:-0.710000,angle:-18.000000,distense:53.400000,rcs:24.000000
