timestame:1619470465.372000000,objid:0,type:0,xpos:0.000000,ypos:0.000000,xspeed:-13.480000,yspeed:-0.680000,angle:-18.000000,distense:35.600000,rcs:16.000000
timestame:1619470465.372000000,objid:1,type:0,xpos:0.000000,ypos:0.000000,xspeed:-10.200000,yspeed:-2.870000,angle:-18.000000,distense:38.600000,rcs:20.000000
timestame:1619470465.372000000,objid:2,type:0,xpos:0.000000,ypos:0.000000,xspeed:5.810000,yspeed:0.220000,angle:3.110000,distense:206.800000,rcs:13.000000
