timestame:1619469918.068000000,objid:1,type:0,xpos:0.000000,ypos:0.000000,xspeed:5.760000,yspeed:0.200000,angle:1.640000,distense:118.400000,rcs:9.000000
timestame:1619469918.068000000,objid:8,type:0,xpos:0.000000,ypos:0.000000,xspeed:5.790000,yspeed:0.000000,angle:1.460000,distense:111.600000,rcs:18.000000
