timestame:1619469563.177000000,objid:4,type:0,xpos:0.000000,ypos:0.000000,xspeed:6.840000,yspeed:-9.910000,angle:17.360000,distense:47.400000,rcs:22.000000
timestame:1619469563.177000000,objid:7,type:0,xpos:0.000000,ypos:0.000000,xspeed:-4.650000,yspeed:-16.390000,angle:22.230000,distense:43.600000,rcs:20.000000
timestame:1619469563.177000000,objid:14,type:0,xpos:0.000000,ypos:0.000000,xspeed:32.090000,yspeed:-15.090000,angle:12.180000,distense:70.600000,rcs:6.000000
