timestame:1619470595.287000000,objid:1,type:0,xpos:0.000000,ypos:0.000000,xspeed:8.210000,yspeed:2.710000,angle:-16.300000,distense:28.400000,rcs:22.000000
timestame:1619470595.287000000,objid:5,type:0,xpos:0.000000,ypos:0.000000,xspeed:6.570000,yspeed:2.910000,angle:-16.490000,distense:39.400000,rcs:33.000000
timestame:1619470595.287000000,objid:6,type:0,xpos:0.000000,ypos:0.000000,xspeed:5.740000,yspeed:2.690000,angle:21.770000,distense:37.600000,rcs:6.000000
