timestame:1619469762.445000000,objid:3,type:0,xpos:0.000000,ypos:0.000000,xspeed:5.030000,yspeed:0.780000,angle:19.590000,distense:22.800000,rcs:23.000000
timestame:1619469762.445000000,objid:5,type:0,xpos:0.000000,ypos:0.000000,xspeed:-18.370000,yspeed:-0.090000,angle:-14.010000,distense:69.400000,rcs:13.000000
timestame:1619469762.445000000,objid:6,type:0,xpos:0.000000,ypos:0.000000,xspeed:3.840000,yspeed:1.670000,angle:-15.240000,distense:19.000000,rcs:15.000000
