timestame:1619470487.154000000,objid:2,type:0,xpos:0.000000,ypos:0.000000,xspeed:1.630000,yspeed:-7.840000,angle:-9.890000,distense:67.000000,rcs:18.000000
timestame:1619470487.154000000,objid:4,type:0,xpos:0.000000,ypos:0.000000,xspeed:-1.640000,yspeed:-4.250000,angle:-18.000000,distense:38.600000,rcs:9.000000
timestame:1619470487.154000000,objid:5,type:0,xpos:0.000000,ypos:0.000000,xspeed:-2.870000,yspeed:-1.900000,angle:-18.000000,distense:34.800000,rcs:23.000000
