timestame:1619470932.565000000,objid:0,type:0,xpos:0.000000,ypos:0.000000,xspeed:-1.120000,yspeed:-1.080000,angle:-3.320000,distense:14.400000,rcs:22.000000
timestame:1619470932.565000000,objid:7,type:0,xpos:0.000000,ypos:0.000000,xspeed:-2.790000,yspeed:-0.100000,angle:-10.990000,distense:83.000000,rcs:19.000000
