timestame:1619471375.903000000,objid:0,type:0,xpos:0.000000,ypos:0.000000,xspeed:11.380000,yspeed:2.640000,angle:2.750000,distense:207.000000,rcs:9.000000
timestame:1619471375.903000000,objid:1,type:0,xpos:0.000000,ypos:0.000000,xspeed:10.140000,yspeed:0.210000,angle:2.230000,distense:199.200000,rcs:25.000000
