timestame:1619471439.563000000,objid:0,type:0,xpos:0.000000,ypos:0.000000,xspeed:-1.460000,yspeed:0.000000,angle:-0.290000,distense:39.800000,rcs:33.000000
timestame:1619471439.563000000,objid:1,type:0,xpos:0.000000,ypos:0.000000,xspeed:-1.100000,yspeed:-4.980000,angle:-9.630000,distense:39.200000,rcs:32.000000
timestame:1619471439.563000000,objid:8,type:0,xpos:0.000000,ypos:0.000000,xspeed:-4.270000,yspeed:-2.170000,angle:-18.000000,distense:28.200000,rcs:6.000000
timestame:1619471439.563000000,objid:9,type:0,xpos:0.000000,ypos:0.000000,xspeed:-2.040000,yspeed:0.000000,angle:-15.000000,distense:37.200000,rcs:26.000000
