timestame:1619471002.963000000,objid:0,type:0,xpos:0.000000,ypos:0.000000,xspeed:-5.890000,yspeed:-2.190000,angle:-6.400000,distense:48.600000,rcs:18.000000
timestame:1619471002.963000000,objid:1,type:0,xpos:0.000000,ypos:0.000000,xspeed:-13.270000,yspeed:-0.390000,angle:-5.540000,distense:143.600000,rcs:12.000000
timestame:1619471002.963000000,objid:3,type:0,xpos:0.000000,ypos:0.000000,xspeed:1.470000,yspeed:-2.780000,angle:-15.730000,distense:46.800000,rcs:19.000000
timestame:1619471002.963000000,objid:4,type:0,xpos:0.000000,ypos:0.000000,xspeed:1.890000,yspeed:0.070000,angle:-0.360000,distense:16.800000,rcs:15.000000
