timestame:1619470611.539000000,objid:0,type:0,xpos:0.000000,ypos:0.000000,xspeed:-30.290000,yspeed:1.940000,angle:-3.440000,distense:190.600000,rcs:9.000000
timestame:1619470611.539000000,objid:2,type:0,xpos:0.000000,ypos:0.000000,xspeed:-1.350000,yspeed:8.310000,angle:-18.000000,distense:49.400000,rcs:16.000000
timestame:1619470611.539000000,objid:3,type:0,xpos:0.000000,ypos:0.000000,xspeed:1.530000,yspeed:4.150000,angle:-11.010000,distense:34.800000,rcs:22.000000
timestame:1619470611.539000000,objid:4,type:0,xpos:0.000000,ypos:0.000000,xspeed:4.750000,yspeed:1.820000,angle:-17.230000,distense:33.600000,rcs:19.000000
