timestame:1619470487.025000000,objid:2,type:0,xpos:0.000000,ypos:0.000000,xspeed:1.590000,yspeed:-7.810000,angle:-9.090000,distense:66.600000,rcs:16.000000
timestame:1619470487.025000000,objid:4,type:0,xpos:0.000000,ypos:0.000000,xspeed:-1.610000,yspeed:-4.410000,angle:-18.000000,distense:38.800000,rcs:20.000000
timestame:1619470487.025000000,objid:5,type:0,xpos:0.000000,ypos:0.000000,xspeed:-2.620000,yspeed:-1.320000,angle:-18.000000,distense:35.200000,rcs:24.000000
