timestame:1619470288.882000000,objid:2,type:0,xpos:0.000000,ypos:0.000000,xspeed:-12.230000,yspeed:-0.210000,angle:-10.660000,distense:83.400000,rcs:20.000000
timestame:1619470288.882000000,objid:5,type:0,xpos:0.000000,ypos:0.000000,xspeed:-5.730000,yspeed:-0.460000,angle:-18.000000,distense:32.800000,rcs:28.000000
timestame:1619470288.882000000,objid:7,type:0,xpos:0.000000,ypos:0.000000,xspeed:-5.800000,yspeed:-0.490000,angle:-18.000000,distense:28.400000,rcs:15.000000
timestame:1619470288.882000000,objid:11,type:0,xpos:0.000000,ypos:0.000000,xspeed:-5.740000,yspeed:-0.320000,angle:-18.000000,distense:23.200000,rcs:6.000000
