timestame:1619471093.605000000,objid:1,type:0,xpos:0.000000,ypos:0.000000,xspeed:12.660000,yspeed:-0.190000,angle:2.790000,distense:92.200000,rcs:6.000000
timestame:1619471093.605000000,objid:2,type:0,xpos:0.000000,ypos:0.000000,xspeed:7.270000,yspeed:0.210000,angle:2.130000,distense:68.200000,rcs:40.000000
timestame:1619471093.605000000,objid:5,type:0,xpos:0.000000,ypos:0.000000,xspeed:13.310000,yspeed:0.070000,angle:1.380000,distense:143.600000,rcs:6.000000
