timestame:1619469712.702000000,objid:1,type:0,xpos:0.000000,ypos:0.000000,xspeed:-4.180000,yspeed:-1.750000,angle:-18.000000,distense:29.000000,rcs:6.000000
timestame:1619469712.702000000,objid:3,type:0,xpos:0.000000,ypos:0.000000,xspeed:12.540000,yspeed:-1.390000,angle:1.830000,distense:126.200000,rcs:15.000000
timestame:1619469712.702000000,objid:4,type:0,xpos:0.000000,ypos:0.000000,xspeed:-5.050000,yspeed:-2.270000,angle:-18.000000,distense:27.400000,rcs:6.000000
timestame:1619469712.702000000,objid:6,type:0,xpos:0.000000,ypos:0.000000,xspeed:-1.420000,yspeed:6.420000,angle:-1.820000,distense:38.000000,rcs:16.000000
