timestame:1619470014.683000000,objid:0,type:0,xpos:0.000000,ypos:0.000000,xspeed:-2.200000,yspeed:-1.740000,angle:-18.000000,distense:31.400000,rcs:6.000000
timestame:1619470014.683000000,objid:1,type:0,xpos:0.000000,ypos:0.000000,xspeed:-1.110000,yspeed:-3.170000,angle:13.630000,distense:40.400000,rcs:32.000000
timestame:1619470014.683000000,objid:5,type:0,xpos:0.000000,ypos:0.000000,xspeed:-1.120000,yspeed:-1.560000,angle:-14.710000,distense:36.400000,rcs:15.000000
timestame:1619470014.683000000,objid:8,type:0,xpos:0.000000,ypos:0.000000,xspeed:-2.240000,yspeed:1.170000,angle:-0.010000,distense:56.600000,rcs:16.000000
