timestame:1619470571.245000000,objid:1,type:0,xpos:0.000000,ypos:0.000000,xspeed:3.230000,yspeed:3.420000,angle:-9.250000,distense:44.600000,rcs:12.000000
timestame:1619470571.245000000,objid:3,type:0,xpos:0.000000,ypos:0.000000,xspeed:15.360000,yspeed:0.220000,angle:1.070000,distense:216.400000,rcs:9.000000
