timestame:1619470182.006000000,objid:1,type:0,xpos:0.000000,ypos:0.000000,xspeed:13.290000,yspeed:0.020000,angle:1.360000,distense:170.200000,rcs:25.000000
timestame:1619470182.006000000,objid:3,type:0,xpos:0.000000,ypos:0.000000,xspeed:-15.760000,yspeed:1.400000,angle:-3.420000,distense:137.400000,rcs:12.000000
timestame:1619470182.006000000,objid:8,type:0,xpos:0.000000,ypos:0.000000,xspeed:8.910000,yspeed:0.440000,angle:4.090000,distense:108.200000,rcs:13.000000
timestame:1619470182.006000000,objid:11,type:0,xpos:0.000000,ypos:0.000000,xspeed:8.200000,yspeed:0.260000,angle:4.910000,distense:97.000000,rcs:18.000000
