timestame:1619470920.183000000,objid:2,type:0,xpos:0.000000,ypos:0.000000,xspeed:1.020000,yspeed:-0.550000,angle:11.840000,distense:12.600000,rcs:28.000000
timestame:1619470920.183000000,objid:3,type:0,xpos:0.000000,ypos:0.000000,xspeed:-14.020000,yspeed:-0.400000,angle:-4.000000,distense:172.200000,rcs:12.000000
