timestame:1619470203.213000000,objid:0,type:0,xpos:0.000000,ypos:0.000000,xspeed:1.390000,yspeed:-1.630000,angle:4.860000,distense:143.000000,rcs:20.000000
timestame:1619470203.213000000,objid:1,type:0,xpos:0.000000,ypos:0.000000,xspeed:3.090000,yspeed:0.000000,angle:6.090000,distense:164.600000,rcs:9.000000
