timestame:1619470488.840000000,objid:1,type:0,xpos:0.000000,ypos:0.000000,xspeed:-6.480000,yspeed:2.060000,angle:-18.000000,distense:38.800000,rcs:12.000000
timestame:1619470488.840000000,objid:4,type:0,xpos:0.000000,ypos:0.000000,xspeed:-4.240000,yspeed:2.190000,angle:-17.430000,distense:45.000000,rcs:12.000000
timestame:1619470488.840000000,objid:5,type:0,xpos:0.000000,ypos:0.000000,xspeed:-4.600000,yspeed:-3.100000,angle:-18.000000,distense:30.400000,rcs:9.000000
timestame:1619470488.840000000,objid:6,type:0,xpos:0.000000,ypos:0.000000,xspeed:-2.630000,yspeed:-4.060000,angle:-18.000000,distense:36.000000,rcs:28.000000
