timestame:1619470042.172000000,objid:1,type:0,xpos:0.000000,ypos:0.000000,xspeed:12.700000,yspeed:-0.030000,angle:1.110000,distense:161.000000,rcs:9.000000
timestame:1619470042.172000000,objid:3,type:0,xpos:0.000000,ypos:0.000000,xspeed:13.610000,yspeed:0.070000,angle:1.440000,distense:135.000000,rcs:20.000000
timestame:1619470042.172000000,objid:4,type:0,xpos:0.000000,ypos:0.000000,xspeed:8.750000,yspeed:0.350000,angle:4.670000,distense:57.600000,rcs:12.000000
timestame:1619470042.172000000,objid:5,type:0,xpos:0.000000,ypos:0.000000,xspeed:4.530000,yspeed:0.060000,angle:6.050000,distense:43.000000,rcs:29.000000
