timestame:1619471226.226000000,objid:0,type:0,xpos:0.000000,ypos:0.000000,xspeed:5.530000,yspeed:0.000000,angle:1.980000,distense:71.600000,rcs:12.000000
timestame:1619471226.226000000,objid:1,type:0,xpos:0.000000,ypos:0.000000,xspeed:5.610000,yspeed:-1.920000,angle:-9.310000,distense:45.200000,rcs:26.000000
timestame:1619471226.226000000,objid:9,type:0,xpos:0.000000,ypos:0.000000,xspeed:5.280000,yspeed:0.060000,angle:2.280000,distense:61.800000,rcs:45.000000
