timestame:1619470342.333000000,objid:2,type:0,xpos:0.000000,ypos:0.000000,xspeed:-1.460000,yspeed:0.000000,angle:-17.670000,distense:44.200000,rcs:20.000000
timestame:1619470342.333000000,objid:6,type:0,xpos:0.000000,ypos:0.000000,xspeed:-3.500000,yspeed:0.000000,angle:-18.000000,distense:40.600000,rcs:9.000000
