timestame:1619471222.578000000,objid:0,type:0,xpos:0.000000,ypos:0.000000,xspeed:1.690000,yspeed:0.310000,angle:1.620000,distense:57.000000,rcs:9.000000
timestame:1619471222.578000000,objid:1,type:0,xpos:0.000000,ypos:0.000000,xspeed:6.110000,yspeed:0.000000,angle:-4.270000,distense:23.600000,rcs:20.000000
timestame:1619471222.578000000,objid:6,type:0,xpos:0.000000,ypos:0.000000,xspeed:4.170000,yspeed:0.140000,angle:2.150000,distense:61.000000,rcs:6.000000
timestame:1619471222.578000000,objid:9,type:0,xpos:0.000000,ypos:0.000000,xspeed:4.160000,yspeed:0.320000,angle:2.970000,distense:42.200000,rcs:45.000000
