timestame:1619470933.057000000,objid:0,type:0,xpos:0.000000,ypos:0.000000,xspeed:-1.030000,yspeed:-1.000000,angle:-5.020000,distense:14.200000,rcs:22.000000
timestame:1619470933.057000000,objid:7,type:0,xpos:0.000000,ypos:0.000000,xspeed:-2.660000,yspeed:-0.120000,angle:-11.210000,distense:82.000000,rcs:12.000000
