timestame:1619470042.480000000,objid:1,type:0,xpos:0.000000,ypos:0.000000,xspeed:12.870000,yspeed:0.010000,angle:1.120000,distense:165.000000,rcs:12.000000
timestame:1619470042.480000000,objid:3,type:0,xpos:0.000000,ypos:0.000000,xspeed:13.620000,yspeed:0.070000,angle:1.420000,distense:139.200000,rcs:6.000000
timestame:1619470042.480000000,objid:4,type:0,xpos:0.000000,ypos:0.000000,xspeed:8.390000,yspeed:0.330000,angle:4.440000,distense:59.800000,rcs:6.000000
timestame:1619470042.480000000,objid:5,type:0,xpos:0.000000,ypos:0.000000,xspeed:4.640000,yspeed:0.080000,angle:5.930000,distense:44.600000,rcs:38.000000
