timestame:1619471033.732000000,objid:0,type:0,xpos:0.000000,ypos:0.000000,xspeed:-1.510000,yspeed:-1.430000,angle:-18.000000,distense:39.000000,rcs:20.000000
timestame:1619471033.732000000,objid:6,type:0,xpos:0.000000,ypos:0.000000,xspeed:3.510000,yspeed:3.360000,angle:-10.950000,distense:39.400000,rcs:6.000000
timestame:1619471033.732000000,objid:8,type:0,xpos:0.000000,ypos:0.000000,xspeed:-2.240000,yspeed:-0.980000,angle:-18.000000,distense:35.800000,rcs:12.000000
timestame:1619471033.732000000,objid:14,type:0,xpos:0.000000,ypos:0.000000,xspeed:-2.370000,yspeed:-3.470000,angle:7.160000,distense:43.200000,rcs:42.000000
