timestame:1619470567.409000000,objid:1,type:0,xpos:0.000000,ypos:0.000000,xspeed:4.200000,yspeed:3.520000,angle:-15.250000,distense:27.200000,rcs:25.000000
timestame:1619470567.409000000,objid:3,type:0,xpos:0.000000,ypos:0.000000,xspeed:14.700000,yspeed:0.000000,angle:1.070000,distense:156.200000,rcs:29.000000
timestame:1619470567.409000000,objid:8,type:0,xpos:0.000000,ypos:0.000000,xspeed:4.340000,yspeed:4.460000,angle:-11.470000,distense:41.200000,rcs:15.000000
