timestame:1619470466.732000000,objid:1,type:0,xpos:0.000000,ypos:0.000000,xspeed:-13.180000,yspeed:-1.720000,angle:-18.000000,distense:23.400000,rcs:6.000000
timestame:1619470466.732000000,objid:2,type:0,xpos:0.000000,ypos:0.000000,xspeed:5.750000,yspeed:0.390000,angle:3.250000,distense:214.600000,rcs:12.000000
