timestame:1619470769.695000000,objid:0,type:0,xpos:0.000000,ypos:0.000000,xspeed:-11.520000,yspeed:-0.530000,angle:-5.460000,distense:157.200000,rcs:16.000000
timestame:1619470769.695000000,objid:1,type:0,xpos:0.000000,ypos:0.000000,xspeed:11.550000,yspeed:0.300000,angle:2.160000,distense:83.200000,rcs:22.000000
timestame:1619470769.695000000,objid:2,type:0,xpos:0.000000,ypos:0.000000,xspeed:-8.850000,yspeed:-5.970000,angle:-6.510000,distense:155.400000,rcs:16.000000
