timestame:1619469691.372000000,objid:2,type:0,xpos:0.000000,ypos:0.000000,xspeed:1.490000,yspeed:-7.500000,angle:-8.810000,distense:60.200000,rcs:18.000000
timestame:1619469691.372000000,objid:3,type:0,xpos:0.000000,ypos:0.000000,xspeed:1.580000,yspeed:-2.270000,angle:-14.820000,distense:48.000000,rcs:22.000000
timestame:1619469691.372000000,objid:4,type:0,xpos:0.000000,ypos:0.000000,xspeed:1.400000,yspeed:-5.550000,angle:19.330000,distense:46.000000,rcs:25.000000
timestame:1619469691.372000000,objid:13,type:0,xpos:0.000000,ypos:0.000000,xspeed:-1.790000,yspeed:6.860000,angle:12.690000,distense:34.600000,rcs:6.000000
