timestame:1619470423.086000000,objid:0,type:0,xpos:0.000000,ypos:0.000000,xspeed:-1.520000,yspeed:3.620000,angle:14.310000,distense:38.800000,rcs:22.000000
timestame:1619470423.086000000,objid:3,type:0,xpos:0.000000,ypos:0.000000,xspeed:-2.440000,yspeed:4.580000,angle:-17.570000,distense:43.000000,rcs:6.000000
timestame:1619470423.086000000,objid:8,type:0,xpos:0.000000,ypos:0.000000,xspeed:4.130000,yspeed:2.610000,angle:-16.790000,distense:35.200000,rcs:20.000000
timestame:1619470423.086000000,objid:10,type:0,xpos:0.000000,ypos:0.000000,xspeed:-2.240000,yspeed:3.640000,angle:-15.810000,distense:42.600000,rcs:6.000000
