timestame:1619470101.520000000,objid:3,type:0,xpos:0.000000,ypos:0.000000,xspeed:1.400000,yspeed:-8.720000,angle:-2.370000,distense:51.000000,rcs:19.000000
timestame:1619470101.520000000,objid:5,type:0,xpos:0.000000,ypos:0.000000,xspeed:4.250000,yspeed:3.030000,angle:-16.130000,distense:41.200000,rcs:9.000000
timestame:1619470101.520000000,objid:9,type:0,xpos:0.000000,ypos:0.000000,xspeed:1.950000,yspeed:-11.030000,angle:-1.220000,distense:50.000000,rcs:6.000000
timestame:1619470101.520000000,objid:11,type:0,xpos:0.000000,ypos:0.000000,xspeed:3.680000,yspeed:1.080000,angle:12.500000,distense:15.000000,rcs:20.000000
