timestame:1619470491.657000000,objid:0,type:0,xpos:0.000000,ypos:0.000000,xspeed:1.670000,yspeed:-4.730000,angle:14.130000,distense:45.800000,rcs:32.000000
timestame:1619470491.657000000,objid:2,type:0,xpos:0.000000,ypos:0.000000,xspeed:1.630000,yspeed:-5.750000,angle:22.360000,distense:57.200000,rcs:13.000000
timestame:1619470491.657000000,objid:3,type:0,xpos:0.000000,ypos:0.000000,xspeed:-6.270000,yspeed:-8.720000,angle:18.540000,distense:42.400000,rcs:31.000000
