timestame:1619470119.306000000,objid:3,type:0,xpos:0.000000,ypos:0.000000,xspeed:-9.470000,yspeed:2.740000,angle:21.060000,distense:21.800000,rcs:12.000000
timestame:1619470119.306000000,objid:4,type:0,xpos:0.000000,ypos:0.000000,xspeed:-3.690000,yspeed:1.580000,angle:2.360000,distense:11.600000,rcs:13.000000
timestame:1619470119.306000000,objid:5,type:0,xpos:0.000000,ypos:0.000000,xspeed:-5.500000,yspeed:-2.430000,angle:14.630000,distense:25.000000,rcs:22.000000
timestame:1619470119.306000000,objid:8,type:0,xpos:0.000000,ypos:0.000000,xspeed:6.210000,yspeed:0.820000,angle:-15.270000,distense:15.600000,rcs:30.000000
