timestame:1619470330.235000000,objid:0,type:0,xpos:0.000000,ypos:0.000000,xspeed:16.320000,yspeed:-0.440000,angle:0.370000,distense:181.600000,rcs:29.000000
timestame:1619470330.235000000,objid:2,type:0,xpos:0.000000,ypos:0.000000,xspeed:9.910000,yspeed:0.370000,angle:1.110000,distense:204.600000,rcs:19.000000
timestame:1619470330.235000000,objid:4,type:0,xpos:0.000000,ypos:0.000000,xspeed:-1.440000,yspeed:-0.120000,angle:13.710000,distense:67.200000,rcs:6.000000
