timestame:1619471224.680000000,objid:1,type:0,xpos:0.000000,ypos:0.000000,xspeed:5.950000,yspeed:-0.460000,angle:-5.250000,distense:36.200000,rcs:23.000000
timestame:1619471224.680000000,objid:6,type:0,xpos:0.000000,ypos:0.000000,xspeed:4.740000,yspeed:0.340000,angle:2.640000,distense:71.400000,rcs:6.000000
timestame:1619471224.680000000,objid:9,type:0,xpos:0.000000,ypos:0.000000,xspeed:4.900000,yspeed:0.150000,angle:2.640000,distense:53.000000,rcs:47.000000
