timestame:1619470774.046000000,objid:0,type:0,xpos:0.000000,ypos:0.000000,xspeed:-9.380000,yspeed:-0.140000,angle:-7.360000,distense:116.200000,rcs:15.000000
timestame:1619470774.046000000,objid:2,type:0,xpos:0.000000,ypos:0.000000,xspeed:17.420000,yspeed:0.870000,angle:1.580000,distense:153.200000,rcs:15.000000
