timestame:1619471445.528000000,objid:3,type:0,xpos:0.000000,ypos:0.000000,xspeed:-4.640000,yspeed:-0.850000,angle:-5.710000,distense:117.200000,rcs:9.000000
timestame:1619471445.528000000,objid:10,type:0,xpos:0.000000,ypos:0.000000,xspeed:-2.670000,yspeed:-1.140000,angle:-18.000000,distense:28.000000,rcs:6.000000
timestame:1619471445.528000000,objid:11,type:0,xpos:0.000000,ypos:0.000000,xspeed:-3.670000,yspeed:-0.080000,angle:-6.110000,distense:106.600000,rcs:6.000000
timestame:1619471445.528000000,objid:13,type:0,xpos:0.000000,ypos:0.000000,xspeed:-2.180000,yspeed:-0.090000,angle:13.450000,distense:57.200000,rcs:12.000000
