timestame:1619469624.803000000,objid:1,type:0,xpos:0.000000,ypos:0.000000,xspeed:-4.420000,yspeed:-0.240000,angle:-18.000000,distense:50.800000,rcs:24.000000
timestame:1619469624.803000000,objid:2,type:0,xpos:0.000000,ypos:0.000000,xspeed:-4.280000,yspeed:-0.140000,angle:-15.770000,distense:63.800000,rcs:20.000000
timestame:1619469624.803000000,objid:4,type:0,xpos:0.000000,ypos:0.000000,xspeed:-13.190000,yspeed:-0.500000,angle:-15.520000,distense:47.400000,rcs:24.000000
