timestame:1619470002.286000000,objid:6,type:0,xpos:0.000000,ypos:0.000000,xspeed:1.540000,yspeed:-0.790000,angle:-18.000000,distense:39.800000,rcs:28.000000
timestame:1619470002.286000000,objid:11,type:0,xpos:0.000000,ypos:0.000000,xspeed:-1.500000,yspeed:-0.350000,angle:-18.000000,distense:28.800000,rcs:6.000000
timestame:1619470002.286000000,objid:19,type:0,xpos:0.000000,ypos:0.000000,xspeed:1.310000,yspeed:-0.280000,angle:11.090000,distense:13.400000,rcs:23.000000
