timestame:1619470047.058000000,objid:0,type:0,xpos:0.000000,ypos:0.000000,xspeed:6.570000,yspeed:0.340000,angle:4.630000,distense:84.800000,rcs:15.000000
timestame:1619470047.058000000,objid:3,type:0,xpos:0.000000,ypos:0.000000,xspeed:14.740000,yspeed:0.220000,angle:1.230000,distense:207.000000,rcs:12.000000
timestame:1619470047.058000000,objid:5,type:0,xpos:0.000000,ypos:0.000000,xspeed:6.660000,yspeed:0.210000,angle:5.020000,distense:75.200000,rcs:22.000000
