timestame:1619469715.740000000,objid:1,type:0,xpos:0.000000,ypos:0.000000,xspeed:-2.130000,yspeed:8.060000,angle:-5.600000,distense:39.200000,rcs:6.000000
timestame:1619469715.740000000,objid:3,type:0,xpos:0.000000,ypos:0.000000,xspeed:14.540000,yspeed:-0.900000,angle:0.630000,distense:170.800000,rcs:12.000000
