timestame:1619470885.440000000,objid:0,type:0,xpos:0.000000,ypos:0.000000,xspeed:-2.000000,yspeed:10.180000,angle:20.290000,distense:38.200000,rcs:15.000000
timestame:1619470885.440000000,objid:3,type:0,xpos:0.000000,ypos:0.000000,xspeed:-2.520000,yspeed:-3.280000,angle:-17.010000,distense:35.000000,rcs:33.000000
timestame:1619470885.440000000,objid:10,type:0,xpos:0.000000,ypos:0.000000,xspeed:17.770000,yspeed:0.000000,angle:18.670000,distense:55.800000,rcs:15.000000
timestame:1619470885.440000000,objid:16,type:0,xpos:0.000000,ypos:0.000000,xspeed:-3.330000,yspeed:-0.640000,angle:-18.000000,distense:27.000000,rcs:6.000000
