timestame:1619471295.904000000,objid:0,type:0,xpos:0.000000,ypos:0.000000,xspeed:1.270000,yspeed:4.470000,angle:-3.850000,distense:44.400000,rcs:6.000000
timestame:1619471295.904000000,objid:3,type:0,xpos:0.000000,ypos:0.000000,xspeed:1.870000,yspeed:4.990000,angle:-6.060000,distense:41.800000,rcs:16.000000
timestame:1619471295.904000000,objid:6,type:0,xpos:0.000000,ypos:0.000000,xspeed:2.750000,yspeed:3.500000,angle:-11.260000,distense:38.800000,rcs:13.000000
timestame:1619471295.904000000,objid:8,type:0,xpos:0.000000,ypos:0.000000,xspeed:-2.540000,yspeed:7.470000,angle:15.940000,distense:42.200000,rcs:13.000000
