timestame:1619470928.603000000,objid:3,type:0,xpos:0.000000,ypos:0.000000,xspeed:-7.940000,yspeed:-0.400000,angle:-9.980000,distense:93.000000,rcs:9.000000
timestame:1619470928.603000000,objid:5,type:0,xpos:0.000000,ypos:0.000000,xspeed:-1.150000,yspeed:1.620000,angle:17.180000,distense:13.400000,rcs:6.000000
