timestame:1619469815.102000000,objid:1,type:0,xpos:0.000000,ypos:0.000000,xspeed:2.680000,yspeed:5.320000,angle:-6.920000,distense:51.600000,rcs:18.000000
timestame:1619469815.102000000,objid:3,type:0,xpos:0.000000,ypos:0.000000,xspeed:-4.050000,yspeed:5.060000,angle:-0.500000,distense:50.800000,rcs:15.000000
timestame:1619469815.102000000,objid:4,type:0,xpos:0.000000,ypos:0.000000,xspeed:-10.830000,yspeed:2.580000,angle:-3.260000,distense:186.800000,rcs:9.000000
