timestame:1619469694.235000000,objid:1,type:0,xpos:0.000000,ypos:0.000000,xspeed:-1.500000,yspeed:6.590000,angle:-0.730000,distense:42.200000,rcs:28.000000
timestame:1619469694.235000000,objid:6,type:0,xpos:0.000000,ypos:0.000000,xspeed:1.710000,yspeed:-4.390000,angle:15.960000,distense:47.200000,rcs:25.000000
timestame:1619469694.235000000,objid:7,type:0,xpos:0.000000,ypos:0.000000,xspeed:-2.080000,yspeed:12.750000,angle:-3.450000,distense:43.000000,rcs:26.000000
timestame:1619469694.235000000,objid:8,type:0,xpos:0.000000,ypos:0.000000,xspeed:2.140000,yspeed:-7.310000,angle:-18.000000,distense:72.200000,rcs:12.000000
