timestame:1619470376.328000000,objid:1,type:0,xpos:0.000000,ypos:0.000000,xspeed:-2.070000,yspeed:-2.940000,angle:-18.000000,distense:36.200000,rcs:22.000000
timestame:1619470376.328000000,objid:5,type:0,xpos:0.000000,ypos:0.000000,xspeed:-4.450000,yspeed:-3.750000,angle:-18.000000,distense:36.200000,rcs:24.000000
timestame:1619470376.328000000,objid:18,type:0,xpos:0.000000,ypos:0.000000,xspeed:-6.100000,yspeed:-0.410000,angle:-8.390000,distense:84.600000,rcs:12.000000
