timestame:1619471085.593000000,objid:0,type:0,xpos:0.000000,ypos:0.000000,xspeed:8.530000,yspeed:0.350000,angle:1.380000,distense:50.600000,rcs:36.000000
timestame:1619471085.593000000,objid:11,type:0,xpos:0.000000,ypos:0.000000,xspeed:1.940000,yspeed:0.010000,angle:2.260000,distense:19.000000,rcs:39.000000
