timestame:1619471083.106000000,objid:4,type:0,xpos:0.000000,ypos:0.000000,xspeed:3.430000,yspeed:0.150000,angle:1.310000,distense:31.600000,rcs:28.000000
timestame:1619471083.106000000,objid:10,type:0,xpos:0.000000,ypos:0.000000,xspeed:5.940000,yspeed:0.470000,angle:1.980000,distense:48.000000,rcs:6.000000
