timestame:1619471147.542000000,objid:1,type:0,xpos:0.000000,ypos:0.000000,xspeed:-1.180000,yspeed:6.050000,angle:-16.160000,distense:40.800000,rcs:9.000000
timestame:1619471147.542000000,objid:4,type:0,xpos:0.000000,ypos:0.000000,xspeed:2.330000,yspeed:0.000000,angle:-17.340000,distense:48.000000,rcs:15.000000
timestame:1619471147.542000000,objid:5,type:0,xpos:0.000000,ypos:0.000000,xspeed:-1.300000,yspeed:6.780000,angle:3.990000,distense:41.000000,rcs:20.000000
timestame:1619471147.542000000,objid:9,type:0,xpos:0.000000,ypos:0.000000,xspeed:-1.620000,yspeed:5.920000,angle:-1.050000,distense:41.600000,rcs:24.000000
