timestame:1619470729.164000000,objid:0,type:0,xpos:0.000000,ypos:0.000000,xspeed:-12.520000,yspeed:-0.330000,angle:-11.520000,distense:63.200000,rcs:19.000000
timestame:1619470729.164000000,objid:1,type:0,xpos:0.000000,ypos:0.000000,xspeed:12.410000,yspeed:0.550000,angle:4.600000,distense:15.800000,rcs:38.000000
timestame:1619470729.164000000,objid:3,type:0,xpos:0.000000,ypos:0.000000,xspeed:-12.170000,yspeed:-11.020000,angle:-14.040000,distense:60.400000,rcs:28.000000
