timestame:1619469531.844000000,objid:1,type:0,xpos:0.000000,ypos:0.000000,xspeed:1.720000,yspeed:-4.890000,angle:-18.000000,distense:78.000000,rcs:6.000000
timestame:1619469531.844000000,objid:4,type:0,xpos:0.000000,ypos:0.000000,xspeed:15.970000,yspeed:2.310000,angle:2.940000,distense:26.800000,rcs:37.000000
timestame:1619469531.844000000,objid:7,type:0,xpos:0.000000,ypos:0.000000,xspeed:17.600000,yspeed:0.160000,angle:1.340000,distense:35.000000,rcs:38.000000
