timestame:1619470766.912000000,objid:0,type:0,xpos:0.000000,ypos:0.000000,xspeed:-11.970000,yspeed:-4.900000,angle:-4.470000,distense:189.000000,rcs:16.000000
timestame:1619470766.912000000,objid:9,type:0,xpos:0.000000,ypos:0.000000,xspeed:6.980000,yspeed:0.250000,angle:2.490000,distense:51.200000,rcs:26.000000
