timestame:1619469559.657000000,objid:2,type:0,xpos:0.000000,ypos:0.000000,xspeed:-1.030000,yspeed:4.510000,angle:8.760000,distense:34.200000,rcs:9.000000
timestame:1619469559.657000000,objid:13,type:0,xpos:0.000000,ypos:0.000000,xspeed:1.980000,yspeed:-9.270000,angle:-18.000000,distense:61.400000,rcs:9.000000
timestame:1619469559.657000000,objid:14,type:0,xpos:0.000000,ypos:0.000000,xspeed:-2.490000,yspeed:9.870000,angle:-3.040000,distense:49.000000,rcs:6.000000
