timestame:1619471250.163000000,objid:0,type:0,xpos:0.000000,ypos:0.000000,xspeed:-15.240000,yspeed:6.020000,angle:-2.550000,distense:179.800000,rcs:6.000000
timestame:1619471250.163000000,objid:1,type:0,xpos:0.000000,ypos:0.000000,xspeed:1.160000,yspeed:0.000000,angle:-2.550000,distense:73.200000,rcs:20.000000
