timestame:1619469928.045000000,objid:1,type:0,xpos:0.000000,ypos:0.000000,xspeed:6.960000,yspeed:0.040000,angle:1.350000,distense:182.000000,rcs:6.000000
timestame:1619469928.045000000,objid:8,type:0,xpos:0.000000,ypos:0.000000,xspeed:7.170000,yspeed:0.060000,angle:1.210000,distense:175.600000,rcs:24.000000
