timestame:1619471253.132000000,objid:1,type:0,xpos:0.000000,ypos:0.000000,xspeed:2.780000,yspeed:3.060000,angle:4.070000,distense:80.800000,rcs:9.000000
timestame:1619471253.132000000,objid:3,type:0,xpos:0.000000,ypos:0.000000,xspeed:-16.680000,yspeed:-0.270000,angle:-6.280000,distense:130.600000,rcs:15.000000
