timestame:1619470365.275000000,objid:0,type:0,xpos:0.000000,ypos:0.000000,xspeed:2.840000,yspeed:7.360000,angle:1.020000,distense:45.600000,rcs:34.000000
timestame:1619470365.275000000,objid:3,type:0,xpos:0.000000,ypos:0.000000,xspeed:1.150000,yspeed:1.360000,angle:-8.110000,distense:43.400000,rcs:41.000000
