timestame:1619470388.844000000,objid:9,type:0,xpos:0.000000,ypos:0.000000,xspeed:2.890000,yspeed:5.010000,angle:-13.030000,distense:52.000000,rcs:6.000000
timestame:1619470388.844000000,objid:11,type:0,xpos:0.000000,ypos:0.000000,xspeed:-1.880000,yspeed:-3.360000,angle:-18.000000,distense:33.800000,rcs:19.000000
timestame:1619470388.844000000,objid:17,type:0,xpos:0.000000,ypos:0.000000,xspeed:-15.610000,yspeed:-1.010000,angle:-6.130000,distense:147.800000,rcs:13.000000
