timestame:1619470140.419000000,objid:0,type:0,xpos:0.000000,ypos:0.000000,xspeed:-6.810000,yspeed:-0.430000,angle:19.130000,distense:21.200000,rcs:6.000000
timestame:1619470140.419000000,objid:1,type:0,xpos:0.000000,ypos:0.000000,xspeed:-5.830000,yspeed:0.000000,angle:16.410000,distense:25.000000,rcs:12.000000
timestame:1619470140.419000000,objid:2,type:0,xpos:0.000000,ypos:0.000000,xspeed:-23.930000,yspeed:-3.340000,angle:22.550000,distense:13.200000,rcs:6.000000
