timestame:1619471165.718000000,objid:0,type:0,xpos:0.000000,ypos:0.000000,xspeed:-10.200000,yspeed:0.520000,angle:-3.530000,distense:150.600000,rcs:12.000000
timestame:1619471165.718000000,objid:2,type:0,xpos:0.000000,ypos:0.000000,xspeed:-9.690000,yspeed:1.600000,angle:-3.160000,distense:154.000000,rcs:12.000000
timestame:1619471165.718000000,objid:3,type:0,xpos:0.000000,ypos:0.000000,xspeed:2.200000,yspeed:5.460000,angle:-2.250000,distense:49.400000,rcs:6.000000
