timestame:1619470763.201000000,objid:0,type:0,xpos:0.000000,ypos:0.000000,xspeed:-3.830000,yspeed:-3.420000,angle:-18.000000,distense:31.800000,rcs:6.000000
timestame:1619470763.201000000,objid:1,type:0,xpos:0.000000,ypos:0.000000,xspeed:-1.770000,yspeed:-2.110000,angle:-18.000000,distense:35.400000,rcs:6.000000
timestame:1619470763.201000000,objid:4,type:0,xpos:0.000000,ypos:0.000000,xspeed:-2.160000,yspeed:-1.820000,angle:-18.000000,distense:33.600000,rcs:22.000000
timestame:1619470763.201000000,objid:9,type:0,xpos:0.000000,ypos:0.000000,xspeed:4.890000,yspeed:0.050000,angle:1.820000,distense:26.000000,rcs:20.000000
