timestame:1619470112.922000000,objid:2,type:0,xpos:0.000000,ypos:0.000000,xspeed:6.470000,yspeed:2.110000,angle:18.330000,distense:35.200000,rcs:21.000000
timestame:1619470112.922000000,objid:3,type:0,xpos:0.000000,ypos:0.000000,xspeed:24.770000,yspeed:7.020000,angle:20.400000,distense:41.400000,rcs:31.000000
timestame:1619470112.922000000,objid:7,type:0,xpos:0.000000,ypos:0.000000,xspeed:6.410000,yspeed:1.660000,angle:21.980000,distense:33.200000,rcs:19.000000
