timestame:1619471263.901000000,objid:2,type:0,xpos:0.000000,ypos:0.000000,xspeed:12.890000,yspeed:0.080000,angle:2.870000,distense:124.800000,rcs:27.000000
timestame:1619471263.901000000,objid:6,type:0,xpos:0.000000,ypos:0.000000,xspeed:12.820000,yspeed:-0.050000,angle:2.670000,distense:136.600000,rcs:9.000000
timestame:1619471263.901000000,objid:10,type:0,xpos:0.000000,ypos:0.000000,xspeed:12.770000,yspeed:-0.060000,angle:3.040000,distense:112.200000,rcs:22.000000
