timestame:1619470012.957000000,objid:0,type:0,xpos:0.000000,ypos:0.000000,xspeed:-1.930000,yspeed:-1.820000,angle:-18.000000,distense:33.600000,rcs:23.000000
timestame:1619470012.957000000,objid:9,type:0,xpos:0.000000,ypos:0.000000,xspeed:1.980000,yspeed:-1.870000,angle:-5.050000,distense:50.200000,rcs:12.000000
