timestame:1619470663.194000000,objid:0,type:0,xpos:0.000000,ypos:0.000000,xspeed:-1.650000,yspeed:-0.120000,angle:-9.880000,distense:95.200000,rcs:20.000000
timestame:1619470663.194000000,objid:3,type:0,xpos:0.000000,ypos:0.000000,xspeed:-1.320000,yspeed:-0.230000,angle:-7.940000,distense:107.600000,rcs:9.000000
