timestame:1619469997.580000000,objid:10,type:0,xpos:0.000000,ypos:0.000000,xspeed:-1.080000,yspeed:-3.540000,angle:-18.000000,distense:37.400000,rcs:19.000000
timestame:1619469997.580000000,objid:11,type:0,xpos:0.000000,ypos:0.000000,xspeed:-1.090000,yspeed:-0.770000,angle:-18.000000,distense:34.000000,rcs:27.000000
timestame:1619469997.580000000,objid:15,type:0,xpos:0.000000,ypos:0.000000,xspeed:-1.200000,yspeed:-2.440000,angle:-18.000000,distense:35.800000,rcs:12.000000
