timestame:1619470193.813000000,objid:0,type:0,xpos:0.000000,ypos:0.000000,xspeed:-4.170000,yspeed:7.200000,angle:-12.000000,distense:41.000000,rcs:20.000000
timestame:1619470193.813000000,objid:1,type:0,xpos:0.000000,ypos:0.000000,xspeed:1.710000,yspeed:1.030000,angle:6.190000,distense:140.200000,rcs:25.000000
timestame:1619470193.813000000,objid:2,type:0,xpos:0.000000,ypos:0.000000,xspeed:-4.640000,yspeed:5.730000,angle:-10.970000,distense:38.600000,rcs:9.000000
timestame:1619470193.813000000,objid:4,type:0,xpos:0.000000,ypos:0.000000,xspeed:-3.950000,yspeed:7.940000,angle:5.540000,distense:154.000000,rcs:9.000000
