timestame:1619471314.051000000,objid:0,type:0,xpos:0.000000,ypos:0.000000,xspeed:-15.160000,yspeed:0.000000,angle:-1.720000,distense:171.200000,rcs:9.000000
timestame:1619471314.051000000,objid:1,type:0,xpos:0.000000,ypos:0.000000,xspeed:-15.480000,yspeed:-1.740000,angle:-4.100000,distense:164.400000,rcs:15.000000
timestame:1619471314.051000000,objid:3,type:0,xpos:0.000000,ypos:0.000000,xspeed:2.600000,yspeed:4.400000,angle:-6.360000,distense:45.800000,rcs:6.000000
timestame:1619471314.051000000,objid:4,type:0,xpos:0.000000,ypos:0.000000,xspeed:-1.310000,yspeed:5.340000,angle:15.780000,distense:36.400000,rcs:6.000000
