timestame:1619469759.455000000,objid:1,type:0,xpos:0.000000,ypos:0.000000,xspeed:3.940000,yspeed:12.230000,angle:-9.190000,distense:39.800000,rcs:22.000000
timestame:1619469759.455000000,objid:2,type:0,xpos:0.000000,ypos:0.000000,xspeed:4.710000,yspeed:3.290000,angle:-15.080000,distense:39.200000,rcs:24.000000
timestame:1619469759.455000000,objid:7,type:0,xpos:0.000000,ypos:0.000000,xspeed:8.590000,yspeed:5.080000,angle:-9.810000,distense:53.600000,rcs:6.000000
