timestame:1619471097.755000000,objid:2,type:0,xpos:0.000000,ypos:0.000000,xspeed:8.820000,yspeed:0.040000,angle:1.260000,distense:103.800000,rcs:30.000000
timestame:1619471097.755000000,objid:3,type:0,xpos:0.000000,ypos:0.000000,xspeed:-17.690000,yspeed:-1.130000,angle:-15.100000,distense:51.800000,rcs:29.000000
