timestame:1619470975.802000000,objid:0,type:0,xpos:0.000000,ypos:0.000000,xspeed:6.750000,yspeed:0.010000,angle:3.320000,distense:119.000000,rcs:20.000000
timestame:1619470975.802000000,objid:3,type:0,xpos:0.000000,ypos:0.000000,xspeed:7.180000,yspeed:-0.060000,angle:2.310000,distense:129.000000,rcs:9.000000
timestame:1619470975.802000000,objid:5,type:0,xpos:0.000000,ypos:0.000000,xspeed:-18.960000,yspeed:1.750000,angle:-6.370000,distense:127.800000,rcs:9.000000
timestame:1619470975.802000000,objid:9,type:0,xpos:0.000000,ypos:0.000000,xspeed:1.720000,yspeed:3.780000,angle:-4.560000,distense:45.800000,rcs:6.000000
