timestame:1619470140.973000000,objid:1,type:0,xpos:0.000000,ypos:0.000000,xspeed:1.210000,yspeed:0.350000,angle:15.900000,distense:26.400000,rcs:19.000000
timestame:1619470140.973000000,objid:3,type:0,xpos:0.000000,ypos:0.000000,xspeed:-1.750000,yspeed:0.000000,angle:-18.000000,distense:38.200000,rcs:6.000000
