timestame:1619469647.279000000,objid:2,type:0,xpos:0.000000,ypos:0.000000,xspeed:12.800000,yspeed:0.560000,angle:4.700000,distense:94.400000,rcs:27.000000
timestame:1619469647.279000000,objid:13,type:0,xpos:0.000000,ypos:0.000000,xspeed:15.180000,yspeed:0.690000,angle:2.390000,distense:154.600000,rcs:41.000000
timestame:1619469647.279000000,objid:14,type:0,xpos:0.000000,ypos:0.000000,xspeed:12.910000,yspeed:0.400000,angle:4.610000,distense:91.600000,rcs:24.000000
