timestame:1619469771.903000000,objid:1,type:0,xpos:0.000000,ypos:0.000000,xspeed:3.620000,yspeed:0.710000,angle:-17.800000,distense:23.400000,rcs:26.000000
timestame:1619469771.903000000,objid:3,type:0,xpos:0.000000,ypos:0.000000,xspeed:3.950000,yspeed:1.320000,angle:21.500000,distense:35.200000,rcs:19.000000
timestame:1619469771.903000000,objid:4,type:0,xpos:0.000000,ypos:0.000000,xspeed:2.140000,yspeed:3.670000,angle:-5.210000,distense:47.200000,rcs:6.000000
timestame:1619469771.903000000,objid:7,type:0,xpos:0.000000,ypos:0.000000,xspeed:4.080000,yspeed:1.390000,angle:-16.390000,distense:33.600000,rcs:41.000000
