timestame:1619471453.225000000,objid:3,type:0,xpos:0.000000,ypos:0.000000,xspeed:-1.630000,yspeed:-0.300000,angle:-6.960000,distense:99.600000,rcs:12.000000
timestame:1619471453.225000000,objid:11,type:0,xpos:0.000000,ypos:0.000000,xspeed:-1.250000,yspeed:0.320000,angle:-7.270000,distense:92.200000,rcs:6.000000
timestame:1619471453.225000000,objid:13,type:0,xpos:0.000000,ypos:0.000000,xspeed:-4.120000,yspeed:-0.160000,angle:-14.920000,distense:29.400000,rcs:6.000000
