timestame:1619470775.973000000,objid:0,type:0,xpos:0.000000,ypos:0.000000,xspeed:18.410000,yspeed:5.330000,angle:1.750000,distense:189.800000,rcs:9.000000
timestame:1619470775.973000000,objid:1,type:0,xpos:0.000000,ypos:0.000000,xspeed:-7.850000,yspeed:-1.410000,angle:-8.790000,distense:105.400000,rcs:20.000000
