timestame:1619471311.193000000,objid:0,type:0,xpos:0.000000,ypos:0.000000,xspeed:3.130000,yspeed:1.420000,angle:20.410000,distense:40.000000,rcs:9.000000
timestame:1619471311.193000000,objid:2,type:0,xpos:0.000000,ypos:0.000000,xspeed:3.530000,yspeed:2.260000,angle:-16.230000,distense:40.000000,rcs:6.000000
timestame:1619471311.193000000,objid:3,type:0,xpos:0.000000,ypos:0.000000,xspeed:3.590000,yspeed:1.820000,angle:-17.160000,distense:32.600000,rcs:22.000000
timestame:1619471311.193000000,objid:4,type:0,xpos:0.000000,ypos:0.000000,xspeed:-1.260000,yspeed:5.540000,angle:-6.970000,distense:38.600000,rcs:9.000000
