timestame:1619470201.915000000,objid:0,type:0,xpos:0.000000,ypos:0.000000,xspeed:1.180000,yspeed:-2.770000,angle:5.350000,distense:141.200000,rcs:27.000000
timestame:1619470201.915000000,objid:1,type:0,xpos:0.000000,ypos:0.000000,xspeed:2.610000,yspeed:1.430000,angle:6.420000,distense:160.600000,rcs:9.000000
timestame:1619470201.915000000,objid:2,type:0,xpos:0.000000,ypos:0.000000,xspeed:1.170000,yspeed:0.720000,angle:5.180000,distense:156.600000,rcs:6.000000
