timestame:1619470649.252000000,objid:4,type:0,xpos:0.000000,ypos:0.000000,xspeed:-2.120000,yspeed:-2.650000,angle:-18.000000,distense:39.000000,rcs:22.000000
timestame:1619470649.252000000,objid:9,type:0,xpos:0.000000,ypos:0.000000,xspeed:-1.700000,yspeed:-3.330000,angle:-18.000000,distense:40.200000,rcs:26.000000
timestame:1619470649.252000000,objid:15,type:0,xpos:0.000000,ypos:0.000000,xspeed:-1.050000,yspeed:-7.640000,angle:-7.580000,distense:68.000000,rcs:24.000000
