timestame:1619470659.969000000,objid:2,type:0,xpos:0.000000,ypos:0.000000,xspeed:4.220000,yspeed:2.700000,angle:-16.400000,distense:38.400000,rcs:12.000000
timestame:1619470659.969000000,objid:3,type:0,xpos:0.000000,ypos:0.000000,xspeed:-1.950000,yspeed:-0.160000,angle:-7.260000,distense:111.800000,rcs:13.000000
timestame:1619470659.969000000,objid:7,type:0,xpos:0.000000,ypos:0.000000,xspeed:-2.530000,yspeed:-0.390000,angle:-18.000000,distense:26.000000,rcs:6.000000
