timestame:1619471517.992000000,objid:3,type:0,xpos:0.000000,ypos:0.000000,xspeed:29.220000,yspeed:-0.240000,angle:0.240000,distense:192.000000,rcs:9.000000
timestame:1619471517.992000000,objid:7,type:0,xpos:0.000000,ypos:0.000000,xspeed:16.140000,yspeed:0.210000,angle:1.510000,distense:180.800000,rcs:15.000000
timestame:1619471517.992000000,objid:10,type:0,xpos:0.000000,ypos:0.000000,xspeed:16.180000,yspeed:0.090000,angle:1.300000,distense:170.400000,rcs:30.000000
