timestame:1619471312.995000000,objid:1,type:0,xpos:0.000000,ypos:0.000000,xspeed:-15.290000,yspeed:-2.380000,angle:-3.100000,distense:180.600000,rcs:13.000000
timestame:1619471312.995000000,objid:2,type:0,xpos:0.000000,ypos:0.000000,xspeed:1.850000,yspeed:3.830000,angle:-7.670000,distense:45.400000,rcs:6.000000
timestame:1619471312.995000000,objid:3,type:0,xpos:0.000000,ypos:0.000000,xspeed:3.230000,yspeed:3.460000,angle:-11.520000,distense:41.000000,rcs:6.000000
timestame:1619471312.995000000,objid:4,type:0,xpos:0.000000,ypos:0.000000,xspeed:-1.080000,yspeed:4.950000,angle:5.640000,distense:36.800000,rcs:20.000000
