timestame:1619470940.603000000,objid:1,type:0,xpos:0.000000,ypos:0.000000,xspeed:-4.120000,yspeed:0.310000,angle:-13.850000,distense:65.200000,rcs:22.000000
timestame:1619470940.603000000,objid:5,type:0,xpos:0.000000,ypos:0.000000,xspeed:-6.650000,yspeed:0.490000,angle:-14.280000,distense:68.200000,rcs:22.000000
timestame:1619470940.603000000,objid:10,type:0,xpos:0.000000,ypos:0.000000,xspeed:-4.040000,yspeed:0.130000,angle:-10.960000,distense:66.400000,rcs:21.000000
