timestame:1619470736.795000000,objid:0,type:0,xpos:0.000000,ypos:0.000000,xspeed:-19.230000,yspeed:-6.290000,angle:-5.510000,distense:168.600000,rcs:6.000000
timestame:1619470736.795000000,objid:1,type:0,xpos:0.000000,ypos:0.000000,xspeed:12.010000,yspeed:-0.050000,angle:1.420000,distense:108.200000,rcs:12.000000
timestame:1619470736.795000000,objid:2,type:0,xpos:0.000000,ypos:0.000000,xspeed:-1.230000,yspeed:-0.800000,angle:-5.860000,distense:49.800000,rcs:9.000000
timestame:1619470736.795000000,objid:6,type:0,xpos:0.000000,ypos:0.000000,xspeed:12.050000,yspeed:0.070000,angle:1.590000,distense:97.400000,rcs:30.000000
