timestame:1619469920.855000000,objid:1,type:0,xpos:0.000000,ypos:0.000000,xspeed:5.800000,yspeed:-0.050000,angle:1.170000,distense:134.600000,rcs:9.000000
timestame:1619469920.855000000,objid:8,type:0,xpos:0.000000,ypos:0.000000,xspeed:5.740000,yspeed:0.100000,angle:1.510000,distense:127.800000,rcs:19.000000
