timestame:1619470801.117000000,objid:2,type:0,xpos:0.000000,ypos:0.000000,xspeed:-8.160000,yspeed:-0.870000,angle:-9.970000,distense:29.800000,rcs:6.000000
timestame:1619470801.117000000,objid:4,type:0,xpos:0.000000,ypos:0.000000,xspeed:-2.000000,yspeed:-3.430000,angle:-13.160000,distense:42.800000,rcs:34.000000
timestame:1619470801.117000000,objid:13,type:0,xpos:0.000000,ypos:0.000000,xspeed:-2.040000,yspeed:0.000000,angle:-10.600000,distense:60.200000,rcs:9.000000
timestame:1619470801.117000000,objid:15,type:0,xpos:0.000000,ypos:0.000000,xspeed:-1.270000,yspeed:-1.600000,angle:-18.000000,distense:37.000000,rcs:9.000000
