timestame:1619470642.985000000,objid:2,type:0,xpos:0.000000,ypos:0.000000,xspeed:-6.480000,yspeed:0.110000,angle:-4.740000,distense:168.800000,rcs:15.000000
timestame:1619470642.985000000,objid:6,type:0,xpos:0.000000,ypos:0.000000,xspeed:4.980000,yspeed:-11.790000,angle:15.200000,distense:47.200000,rcs:32.000000
timestame:1619470642.985000000,objid:13,type:0,xpos:0.000000,ypos:0.000000,xspeed:-2.140000,yspeed:8.210000,angle:-0.100000,distense:42.000000,rcs:19.000000
