timestame:1619470737.103000000,objid:1,type:0,xpos:0.000000,ypos:0.000000,xspeed:11.900000,yspeed:-0.100000,angle:1.310000,distense:111.600000,rcs:9.000000
timestame:1619470737.103000000,objid:2,type:0,xpos:0.000000,ypos:0.000000,xspeed:-1.120000,yspeed:-0.520000,angle:-5.730000,distense:49.400000,rcs:13.000000
timestame:1619470737.103000000,objid:6,type:0,xpos:0.000000,ypos:0.000000,xspeed:12.080000,yspeed:0.070000,angle:1.550000,distense:101.200000,rcs:37.000000
