timestame:1619471124.060000000,objid:0,type:0,xpos:0.000000,ypos:0.000000,xspeed:-2.100000,yspeed:4.750000,angle:13.580000,distense:40.800000,rcs:21.000000
timestame:1619471124.060000000,objid:1,type:0,xpos:0.000000,ypos:0.000000,xspeed:-4.810000,yspeed:4.890000,angle:10.560000,distense:40.800000,rcs:22.000000
