timestame:1619470481.455000000,objid:1,type:0,xpos:0.000000,ypos:0.000000,xspeed:-4.790000,yspeed:0.100000,angle:-7.060000,distense:92.800000,rcs:24.000000
timestame:1619470481.455000000,objid:2,type:0,xpos:0.000000,ypos:0.000000,xspeed:1.700000,yspeed:-0.270000,angle:11.060000,distense:81.600000,rcs:6.000000
timestame:1619470481.455000000,objid:6,type:0,xpos:0.000000,ypos:0.000000,xspeed:-7.110000,yspeed:-2.230000,angle:-6.430000,distense:99.000000,rcs:15.000000
