timestame:1619470534.727000000,objid:0,type:0,xpos:0.000000,ypos:0.000000,xspeed:5.770000,yspeed:0.560000,angle:16.340000,distense:25.200000,rcs:26.000000
timestame:1619470534.727000000,objid:1,type:0,xpos:0.000000,ypos:0.000000,xspeed:-6.480000,yspeed:-12.090000,angle:22.920000,distense:24.600000,rcs:6.000000
timestame:1619470534.727000000,objid:2,type:0,xpos:0.000000,ypos:0.000000,xspeed:-6.440000,yspeed:-0.990000,angle:-8.550000,distense:110.400000,rcs:9.000000
timestame:1619470534.727000000,objid:4,type:0,xpos:0.000000,ypos:0.000000,xspeed:2.410000,yspeed:-4.620000,angle:18.130000,distense:23.800000,rcs:13.000000
