timestame:1619470376.082000000,objid:1,type:0,xpos:0.000000,ypos:0.000000,xspeed:-2.000000,yspeed:-3.170000,angle:-18.000000,distense:36.600000,rcs:22.000000
timestame:1619470376.082000000,objid:5,type:0,xpos:0.000000,ypos:0.000000,xspeed:-5.450000,yspeed:-3.470000,angle:-17.470000,distense:36.400000,rcs:21.000000
timestame:1619470376.082000000,objid:18,type:0,xpos:0.000000,ypos:0.000000,xspeed:-6.270000,yspeed:-0.330000,angle:-8.140000,distense:85.800000,rcs:13.000000
