timestame:1619470950.034000000,objid:2,type:0,xpos:0.000000,ypos:0.000000,xspeed:20.600000,yspeed:4.830000,angle:2.700000,distense:35.000000,rcs:24.000000
timestame:1619470950.034000000,objid:3,type:0,xpos:0.000000,ypos:0.000000,xspeed:1.820000,yspeed:0.230000,angle:1.360000,distense:42.800000,rcs:9.000000
