timestame:1619470883.005000000,objid:3,type:0,xpos:0.000000,ypos:0.000000,xspeed:-2.030000,yspeed:-2.710000,angle:-18.000000,distense:33.400000,rcs:12.000000
timestame:1619470883.005000000,objid:4,type:0,xpos:0.000000,ypos:0.000000,xspeed:1.700000,yspeed:-8.040000,angle:22.240000,distense:46.200000,rcs:22.000000
timestame:1619470883.005000000,objid:7,type:0,xpos:0.000000,ypos:0.000000,xspeed:-1.860000,yspeed:-1.850000,angle:-18.000000,distense:33.600000,rcs:12.000000
