timestame:1619471097.882000000,objid:2,type:0,xpos:0.000000,ypos:0.000000,xspeed:8.870000,yspeed:0.060000,angle:1.270000,distense:105.000000,rcs:31.000000
timestame:1619471097.882000000,objid:3,type:0,xpos:0.000000,ypos:0.000000,xspeed:-17.630000,yspeed:-1.060000,angle:-15.780000,distense:49.800000,rcs:32.000000
