timestame:1619470060.121000000,objid:0,type:0,xpos:0.000000,ypos:0.000000,xspeed:-11.790000,yspeed:0.010000,angle:-5.480000,distense:79.200000,rcs:21.000000
timestame:1619470060.121000000,objid:1,type:0,xpos:0.000000,ypos:0.000000,xspeed:-21.500000,yspeed:12.460000,angle:-3.560000,distense:170.200000,rcs:9.000000
timestame:1619470060.121000000,objid:5,type:0,xpos:0.000000,ypos:0.000000,xspeed:9.580000,yspeed:0.530000,angle:2.900000,distense:187.000000,rcs:15.000000
