timestame:1619470880.759000000,objid:3,type:0,xpos:0.000000,ypos:0.000000,xspeed:-1.760000,yspeed:-3.190000,angle:-18.000000,distense:34.400000,rcs:28.000000
timestame:1619470880.759000000,objid:4,type:0,xpos:0.000000,ypos:0.000000,xspeed:-21.270000,yspeed:-5.730000,angle:-18.000000,distense:16.000000,rcs:18.000000
timestame:1619470880.759000000,objid:17,type:0,xpos:0.000000,ypos:0.000000,xspeed:1.240000,yspeed:-6.590000,angle:16.560000,distense:43.000000,rcs:28.000000
timestame:1619470880.759000000,objid:23,type:0,xpos:0.000000,ypos:0.000000,xspeed:-2.680000,yspeed:-3.320000,angle:-18.000000,distense:49.400000,rcs:12.000000
