timestame:1619470463.205000000,objid:0,type:0,xpos:0.000000,ypos:0.000000,xspeed:-14.310000,yspeed:-0.680000,angle:-12.040000,distense:62.000000,rcs:20.000000
timestame:1619470463.205000000,objid:2,type:0,xpos:0.000000,ypos:0.000000,xspeed:6.100000,yspeed:0.040000,angle:3.100000,distense:194.400000,rcs:9.000000
