timestame:1619469855.608000000,objid:4,type:0,xpos:0.000000,ypos:0.000000,xspeed:-9.140000,yspeed:3.900000,angle:-0.530000,distense:44.600000,rcs:6.000000
timestame:1619469855.608000000,objid:5,type:0,xpos:0.000000,ypos:0.000000,xspeed:-1.360000,yspeed:-5.580000,angle:-7.370000,distense:62.000000,rcs:6.000000
timestame:1619469855.608000000,objid:10,type:0,xpos:0.000000,ypos:0.000000,xspeed:-11.030000,yspeed:-0.130000,angle:-4.960000,distense:133.600000,rcs:12.000000
