timestame:1619471005.748000000,objid:5,type:0,xpos:0.000000,ypos:0.000000,xspeed:9.030000,yspeed:0.000000,angle:-7.070000,distense:126.600000,rcs:16.000000
timestame:1619471005.748000000,objid:6,type:0,xpos:0.000000,ypos:0.000000,xspeed:9.500000,yspeed:8.830000,angle:-5.710000,distense:122.000000,rcs:6.000000
