timestame:1619471261.981000000,objid:2,type:0,xpos:0.000000,ypos:0.000000,xspeed:12.610000,yspeed:0.120000,angle:3.550000,distense:99.800000,rcs:31.000000
timestame:1619471261.981000000,objid:6,type:0,xpos:0.000000,ypos:0.000000,xspeed:12.650000,yspeed:-0.190000,angle:3.220000,distense:112.000000,rcs:12.000000
timestame:1619471261.981000000,objid:10,type:0,xpos:0.000000,ypos:0.000000,xspeed:12.570000,yspeed:0.300000,angle:4.250000,distense:87.600000,rcs:28.000000
