timestame:1619470440.035000000,objid:1,type:0,xpos:0.000000,ypos:0.000000,xspeed:14.770000,yspeed:0.620000,angle:2.440000,distense:58.800000,rcs:29.000000
timestame:1619470440.035000000,objid:2,type:0,xpos:0.000000,ypos:0.000000,xspeed:3.830000,yspeed:-0.090000,angle:9.990000,distense:75.200000,rcs:24.000000
