timestame:1619471226.287000000,objid:0,type:0,xpos:0.000000,ypos:0.000000,xspeed:5.530000,yspeed:0.000000,angle:1.970000,distense:71.800000,rcs:12.000000
timestame:1619471226.287000000,objid:1,type:0,xpos:0.000000,ypos:0.000000,xspeed:5.590000,yspeed:-1.990000,angle:-9.540000,distense:45.600000,rcs:18.000000
timestame:1619471226.287000000,objid:9,type:0,xpos:0.000000,ypos:0.000000,xspeed:5.320000,yspeed:0.040000,angle:2.240000,distense:62.200000,rcs:41.000000
