timestame:1619470486.840000000,objid:1,type:0,xpos:0.000000,ypos:0.000000,xspeed:-2.380000,yspeed:-0.250000,angle:-9.550000,distense:78.000000,rcs:12.000000
timestame:1619470486.840000000,objid:2,type:0,xpos:0.000000,ypos:0.000000,xspeed:1.580000,yspeed:-7.820000,angle:-7.950000,distense:66.000000,rcs:18.000000
timestame:1619470486.840000000,objid:4,type:0,xpos:0.000000,ypos:0.000000,xspeed:-1.610000,yspeed:-4.410000,angle:-18.000000,distense:38.800000,rcs:20.000000
timestame:1619470486.840000000,objid:5,type:0,xpos:0.000000,ypos:0.000000,xspeed:-2.750000,yspeed:-1.860000,angle:-18.000000,distense:35.400000,rcs:26.000000
