timestame:1619469774.522000000,objid:1,type:0,xpos:0.000000,ypos:0.000000,xspeed:3.640000,yspeed:2.640000,angle:-13.490000,distense:35.400000,rcs:12.000000
timestame:1619469774.522000000,objid:3,type:0,xpos:0.000000,ypos:0.000000,xspeed:2.810000,yspeed:0.880000,angle:21.780000,distense:17.800000,rcs:30.000000
timestame:1619469774.522000000,objid:7,type:0,xpos:0.000000,ypos:0.000000,xspeed:3.110000,yspeed:3.340000,angle:-9.690000,distense:45.000000,rcs:6.000000
