timestame:1619470437.674000000,objid:1,type:0,xpos:0.000000,ypos:0.000000,xspeed:12.940000,yspeed:1.730000,angle:3.190000,distense:23.800000,rcs:32.000000
timestame:1619470437.674000000,objid:2,type:0,xpos:0.000000,ypos:0.000000,xspeed:3.840000,yspeed:0.040000,angle:11.510000,distense:66.400000,rcs:22.000000
