timestame:1619471318.835000000,objid:0,type:0,xpos:0.000000,ypos:0.000000,xspeed:4.100000,yspeed:2.940000,angle:-4.640000,distense:122.800000,rcs:13.000000
timestame:1619471318.835000000,objid:1,type:0,xpos:0.000000,ypos:0.000000,xspeed:-8.330000,yspeed:-4.390000,angle:-6.160000,distense:109.600000,rcs:16.000000
timestame:1619471318.835000000,objid:3,type:0,xpos:0.000000,ypos:0.000000,xspeed:-16.150000,yspeed:0.670000,angle:-2.740000,distense:201.400000,rcs:9.000000
