timestame:1619470615.810000000,objid:0,type:0,xpos:0.000000,ypos:0.000000,xspeed:2.100000,yspeed:-10.010000,angle:-18.000000,distense:65.000000,rcs:9.000000
timestame:1619470615.810000000,objid:7,type:0,xpos:0.000000,ypos:0.000000,xspeed:-16.600000,yspeed:-0.260000,angle:-7.670000,distense:119.600000,rcs:6.000000
timestame:1619470615.810000000,objid:10,type:0,xpos:0.000000,ypos:0.000000,xspeed:-1.130000,yspeed:5.400000,angle:15.130000,distense:40.600000,rcs:6.000000
