timestame:1619470914.172000000,objid:0,type:0,xpos:0.000000,ypos:0.000000,xspeed:5.020000,yspeed:3.260000,angle:-15.680000,distense:36.000000,rcs:27.000000
timestame:1619470914.172000000,objid:3,type:0,xpos:0.000000,ypos:0.000000,xspeed:-4.330000,yspeed:2.710000,angle:-3.780000,distense:39.200000,rcs:12.000000
timestame:1619470914.172000000,objid:7,type:0,xpos:0.000000,ypos:0.000000,xspeed:4.580000,yspeed:2.950000,angle:-15.830000,distense:48.200000,rcs:6.000000
timestame:1619470914.172000000,objid:10,type:0,xpos:0.000000,ypos:0.000000,xspeed:5.580000,yspeed:3.340000,angle:-16.820000,distense:42.600000,rcs:6.000000
