timestame:1619470789.534000000,objid:0,type:0,xpos:0.000000,ypos:0.000000,xspeed:1.140000,yspeed:-0.200000,angle:1.010000,distense:16.200000,rcs:33.000000
timestame:1619470789.534000000,objid:1,type:0,xpos:0.000000,ypos:0.000000,xspeed:-3.670000,yspeed:-1.260000,angle:-18.000000,distense:24.400000,rcs:6.000000
timestame:1619470789.534000000,objid:2,type:0,xpos:0.000000,ypos:0.000000,xspeed:-4.210000,yspeed:-2.470000,angle:-18.000000,distense:26.600000,rcs:6.000000
