timestame:1619470702.252000000,objid:0,type:0,xpos:0.000000,ypos:0.000000,xspeed:4.630000,yspeed:2.400000,angle:20.300000,distense:29.000000,rcs:27.000000
timestame:1619470702.252000000,objid:1,type:0,xpos:0.000000,ypos:0.000000,xspeed:10.050000,yspeed:-0.040000,angle:3.220000,distense:119.400000,rcs:16.000000
timestame:1619470702.252000000,objid:2,type:0,xpos:0.000000,ypos:0.000000,xspeed:-8.810000,yspeed:-0.040000,angle:-13.050000,distense:86.200000,rcs:9.000000
