timestame:1619470052.277000000,objid:0,type:0,xpos:0.000000,ypos:0.000000,xspeed:7.520000,yspeed:-0.270000,angle:2.750000,distense:122.800000,rcs:9.000000
timestame:1619470052.277000000,objid:5,type:0,xpos:0.000000,ypos:0.000000,xspeed:7.550000,yspeed:0.060000,angle:3.470000,distense:113.200000,rcs:22.000000
