timestame:1619470941.778000000,objid:1,type:0,xpos:0.000000,ypos:0.000000,xspeed:-4.850000,yspeed:0.520000,angle:-14.840000,distense:59.000000,rcs:15.000000
timestame:1619470941.778000000,objid:5,type:0,xpos:0.000000,ypos:0.000000,xspeed:-6.300000,yspeed:-0.480000,angle:-16.060000,distense:61.600000,rcs:20.000000
timestame:1619470941.778000000,objid:10,type:0,xpos:0.000000,ypos:0.000000,xspeed:-4.500000,yspeed:0.400000,angle:-11.190000,distense:60.800000,rcs:16.000000
