timestame:1619470181.633000000,objid:1,type:0,xpos:0.000000,ypos:0.000000,xspeed:13.130000,yspeed:0.040000,angle:1.420000,distense:165.000000,rcs:13.000000
timestame:1619470181.633000000,objid:8,type:0,xpos:0.000000,ypos:0.000000,xspeed:8.930000,yspeed:0.320000,angle:4.000000,distense:105.000000,rcs:6.000000
timestame:1619470181.633000000,objid:11,type:0,xpos:0.000000,ypos:0.000000,xspeed:8.510000,yspeed:0.400000,angle:5.140000,distense:94.600000,rcs:31.000000
