timestame:1619470837.901000000,objid:2,type:0,xpos:0.000000,ypos:0.000000,xspeed:4.270000,yspeed:2.300000,angle:22.710000,distense:32.200000,rcs:18.000000
timestame:1619470837.901000000,objid:3,type:0,xpos:0.000000,ypos:0.000000,xspeed:2.480000,yspeed:1.550000,angle:-14.860000,distense:31.400000,rcs:20.000000
timestame:1619470837.901000000,objid:4,type:0,xpos:0.000000,ypos:0.000000,xspeed:2.310000,yspeed:6.590000,angle:-6.340000,distense:43.200000,rcs:9.000000
timestame:1619470837.901000000,objid:7,type:0,xpos:0.000000,ypos:0.000000,xspeed:12.780000,yspeed:0.580000,angle:2.690000,distense:175.200000,rcs:31.000000
