timestame:1619470164.755000000,objid:3,type:0,xpos:0.000000,ypos:0.000000,xspeed:6.060000,yspeed:0.440000,angle:7.270000,distense:50.400000,rcs:34.000000
timestame:1619470164.755000000,objid:6,type:0,xpos:0.000000,ypos:0.000000,xspeed:1.690000,yspeed:0.280000,angle:1.770000,distense:23.200000,rcs:33.000000
