timestame:1619470212.407000000,objid:0,type:0,xpos:0.000000,ypos:0.000000,xspeed:1.230000,yspeed:0.110000,angle:6.260000,distense:16.600000,rcs:24.000000
timestame:1619470212.407000000,objid:1,type:0,xpos:0.000000,ypos:0.000000,xspeed:-5.540000,yspeed:0.000000,angle:-18.000000,distense:45.200000,rcs:18.000000
timestame:1619470212.407000000,objid:2,type:0,xpos:0.000000,ypos:0.000000,xspeed:-2.210000,yspeed:8.140000,angle:-15.250000,distense:44.200000,rcs:18.000000
