timestame:1619470203.029000000,objid:0,type:0,xpos:0.000000,ypos:0.000000,xspeed:1.410000,yspeed:-1.560000,angle:5.040000,distense:143.000000,rcs:22.000000
timestame:1619470203.029000000,objid:1,type:0,xpos:0.000000,ypos:0.000000,xspeed:3.090000,yspeed:0.000000,angle:6.110000,distense:164.000000,rcs:9.000000
