timestame:1619469785.833000000,objid:1,type:0,xpos:0.000000,ypos:0.000000,xspeed:-19.130000,yspeed:-1.490000,angle:-8.230000,distense:109.800000,rcs:13.000000
timestame:1619469785.833000000,objid:2,type:0,xpos:0.000000,ypos:0.000000,xspeed:16.850000,yspeed:0.070000,angle:0.950000,distense:192.200000,rcs:9.000000
timestame:1619469785.833000000,objid:4,type:0,xpos:0.000000,ypos:0.000000,xspeed:-17.270000,yspeed:-0.280000,angle:-8.550000,distense:102.000000,rcs:16.000000
timestame:1619469785.833000000,objid:10,type:0,xpos:0.000000,ypos:0.000000,xspeed:16.820000,yspeed:0.200000,angle:1.190000,distense:179.400000,rcs:31.000000
