timestame:1619471364.512000000,objid:1,type:0,xpos:0.000000,ypos:0.000000,xspeed:2.260000,yspeed:-0.410000,angle:4.110000,distense:95.400000,rcs:21.000000
timestame:1619471364.512000000,objid:2,type:0,xpos:0.000000,ypos:0.000000,xspeed:6.880000,yspeed:-0.270000,angle:3.710000,distense:100.800000,rcs:12.000000
timestame:1619471364.512000000,objid:4,type:0,xpos:0.000000,ypos:0.000000,xspeed:6.590000,yspeed:0.030000,angle:4.690000,distense:94.000000,rcs:23.000000
timestame:1619471364.512000000,objid:7,type:0,xpos:0.000000,ypos:0.000000,xspeed:10.850000,yspeed:0.270000,angle:1.640000,distense:122.800000,rcs:26.000000
