timestame:1619470442.514000000,objid:1,type:0,xpos:0.000000,ypos:0.000000,xspeed:15.980000,yspeed:0.500000,angle:2.160000,distense:98.600000,rcs:18.000000
timestame:1619470442.514000000,objid:2,type:0,xpos:0.000000,ypos:0.000000,xspeed:3.900000,yspeed:-0.150000,angle:8.750000,distense:84.600000,rcs:15.000000
