timestame:1619471168.203000000,objid:0,type:0,xpos:0.000000,ypos:0.000000,xspeed:-9.680000,yspeed:-0.250000,angle:-4.900000,distense:125.800000,rcs:16.000000
timestame:1619471168.203000000,objid:2,type:0,xpos:0.000000,ypos:0.000000,xspeed:3.170000,yspeed:0.650000,angle:3.390000,distense:13.800000,rcs:30.000000
