timestame:1619470047.683000000,objid:0,type:0,xpos:0.000000,ypos:0.000000,xspeed:6.690000,yspeed:0.340000,angle:4.550000,distense:89.000000,rcs:15.000000
timestame:1619470047.683000000,objid:3,type:0,xpos:0.000000,ypos:0.000000,xspeed:14.900000,yspeed:0.270000,angle:1.250000,distense:216.200000,rcs:9.000000
timestame:1619470047.683000000,objid:5,type:0,xpos:0.000000,ypos:0.000000,xspeed:6.850000,yspeed:0.150000,angle:4.730000,distense:79.600000,rcs:30.000000
