timestame:1619471370.746000000,objid:1,type:0,xpos:0.000000,ypos:0.000000,xspeed:8.610000,yspeed:-0.030000,angle:2.510000,distense:148.000000,rcs:12.000000
timestame:1619471370.746000000,objid:7,type:0,xpos:0.000000,ypos:0.000000,xspeed:10.860000,yspeed:0.250000,angle:1.550000,distense:193.800000,rcs:16.000000
