timestame:1619470692.285000000,objid:1,type:0,xpos:0.000000,ypos:0.000000,xspeed:3.740000,yspeed:-0.010000,angle:6.650000,distense:37.200000,rcs:22.000000
timestame:1619470692.285000000,objid:2,type:0,xpos:0.000000,ypos:0.000000,xspeed:-2.700000,yspeed:-0.110000,angle:-18.000000,distense:36.400000,rcs:6.000000
timestame:1619470692.285000000,objid:3,type:0,xpos:0.000000,ypos:0.000000,xspeed:-8.860000,yspeed:-0.790000,angle:-18.000000,distense:27.000000,rcs:6.000000
timestame:1619470692.285000000,objid:4,type:0,xpos:0.000000,ypos:0.000000,xspeed:1.070000,yspeed:-0.060000,angle:-18.000000,distense:34.400000,rcs:6.000000
