timestame:1619470101.212000000,objid:0,type:0,xpos:0.000000,ypos:0.000000,xspeed:-3.370000,yspeed:2.610000,angle:-10.540000,distense:39.200000,rcs:13.000000
timestame:1619470101.212000000,objid:5,type:0,xpos:0.000000,ypos:0.000000,xspeed:4.210000,yspeed:3.070000,angle:-16.440000,distense:39.600000,rcs:9.000000
timestame:1619470101.212000000,objid:9,type:0,xpos:0.000000,ypos:0.000000,xspeed:1.900000,yspeed:-9.480000,angle:3.490000,distense:49.400000,rcs:29.000000
timestame:1619470101.212000000,objid:11,type:0,xpos:0.000000,ypos:0.000000,xspeed:4.360000,yspeed:1.280000,angle:12.200000,distense:14.400000,rcs:18.000000
