timestame:1619470145.944000000,objid:0,type:0,xpos:0.000000,ypos:0.000000,xspeed:3.300000,yspeed:1.970000,angle:-17.850000,distense:36.800000,rcs:9.000000
timestame:1619470145.944000000,objid:1,type:0,xpos:0.000000,ypos:0.000000,xspeed:6.130000,yspeed:2.480000,angle:21.970000,distense:22.800000,rcs:18.000000
timestame:1619470145.944000000,objid:2,type:0,xpos:0.000000,ypos:0.000000,xspeed:5.270000,yspeed:2.330000,angle:20.440000,distense:33.400000,rcs:12.000000
