timestame:1619470342.702000000,objid:0,type:0,xpos:0.000000,ypos:0.000000,xspeed:-1.100000,yspeed:1.500000,angle:-13.400000,distense:45.000000,rcs:26.000000
timestame:1619470342.702000000,objid:2,type:0,xpos:0.000000,ypos:0.000000,xspeed:-3.940000,yspeed:-3.530000,angle:22.720000,distense:42.200000,rcs:26.000000
timestame:1619470342.702000000,objid:6,type:0,xpos:0.000000,ypos:0.000000,xspeed:-3.680000,yspeed:5.030000,angle:-18.000000,distense:38.600000,rcs:9.000000
