timestame:1619469482.133000000,objid:1,type:0,xpos:0.000000,ypos:0.000000,xspeed:-4.340000,yspeed:-2.730000,angle:-11.310000,distense:82.400000,rcs:19.000000
timestame:1619469482.133000000,objid:3,type:0,xpos:0.000000,ypos:0.000000,xspeed:3.860000,yspeed:-1.720000,angle:13.280000,distense:11.800000,rcs:21.000000
timestame:1619469482.133000000,objid:7,type:0,xpos:0.000000,ypos:0.000000,xspeed:-1.590000,yspeed:-0.460000,angle:-10.190000,distense:93.200000,rcs:16.000000
