timestame:1619470466.235000000,objid:0,type:0,xpos:0.000000,ypos:0.000000,xspeed:-13.270000,yspeed:-0.790000,angle:-18.000000,distense:25.800000,rcs:13.000000
timestame:1619470466.235000000,objid:1,type:0,xpos:0.000000,ypos:0.000000,xspeed:-13.200000,yspeed:-1.810000,angle:-18.000000,distense:28.000000,rcs:9.000000
timestame:1619470466.235000000,objid:2,type:0,xpos:0.000000,ypos:0.000000,xspeed:5.800000,yspeed:0.310000,angle:3.170000,distense:212.000000,rcs:9.000000
