timestame:1619470071.963000000,objid:3,type:0,xpos:0.000000,ypos:0.000000,xspeed:-1.550000,yspeed:2.750000,angle:14.670000,distense:48.800000,rcs:37.000000
timestame:1619470071.963000000,objid:4,type:0,xpos:0.000000,ypos:0.000000,xspeed:-1.530000,yspeed:2.590000,angle:18.670000,distense:43.800000,rcs:28.000000
timestame:1619470071.963000000,objid:8,type:0,xpos:0.000000,ypos:0.000000,xspeed:2.390000,yspeed:2.450000,angle:-12.250000,distense:37.400000,rcs:18.000000
