timestame:1619469533.157000000,objid:4,type:0,xpos:0.000000,ypos:0.000000,xspeed:16.350000,yspeed:1.060000,angle:2.910000,distense:48.600000,rcs:44.000000
timestame:1619469533.157000000,objid:7,type:0,xpos:0.000000,ypos:0.000000,xspeed:16.850000,yspeed:0.640000,angle:1.840000,distense:56.600000,rcs:22.000000
