timestame:1619470071.089000000,objid:3,type:0,xpos:0.000000,ypos:0.000000,xspeed:-1.740000,yspeed:2.740000,angle:11.500000,distense:49.200000,rcs:41.000000
timestame:1619470071.089000000,objid:4,type:0,xpos:0.000000,ypos:0.000000,xspeed:-1.730000,yspeed:2.920000,angle:15.770000,distense:44.400000,rcs:27.000000
timestame:1619470071.089000000,objid:8,type:0,xpos:0.000000,ypos:0.000000,xspeed:2.940000,yspeed:2.020000,angle:-14.920000,distense:35.000000,rcs:31.000000
