timestame:1619470105.112000000,objid:1,type:0,xpos:0.000000,ypos:0.000000,xspeed:7.630000,yspeed:2.470000,angle:-16.950000,distense:25.400000,rcs:35.000000
timestame:1619470105.112000000,objid:6,type:0,xpos:0.000000,ypos:0.000000,xspeed:-2.640000,yspeed:-0.140000,angle:16.490000,distense:24.600000,rcs:9.000000
timestame:1619470105.112000000,objid:9,type:0,xpos:0.000000,ypos:0.000000,xspeed:3.730000,yspeed:1.990000,angle:-17.390000,distense:24.000000,rcs:36.000000
timestame:1619470105.112000000,objid:11,type:0,xpos:0.000000,ypos:0.000000,xspeed:1.910000,yspeed:0.560000,angle:13.950000,distense:21.600000,rcs:6.000000
