timestame:1619469557.249000000,objid:4,type:0,xpos:0.000000,ypos:0.000000,xspeed:-1.580000,yspeed:6.650000,angle:7.970000,distense:41.000000,rcs:27.000000
timestame:1619469557.249000000,objid:5,type:0,xpos:0.000000,ypos:0.000000,xspeed:-2.000000,yspeed:6.820000,angle:12.510000,distense:40.400000,rcs:19.000000
timestame:1619469557.249000000,objid:7,type:0,xpos:0.000000,ypos:0.000000,xspeed:3.620000,yspeed:-0.210000,angle:-3.980000,distense:52.400000,rcs:15.000000
timestame:1619469557.249000000,objid:10,type:0,xpos:0.000000,ypos:0.000000,xspeed:1.200000,yspeed:-5.550000,angle:-1.080000,distense:50.800000,rcs:20.000000
