timestame:1619469645.915000000,objid:2,type:0,xpos:0.000000,ypos:0.000000,xspeed:12.740000,yspeed:0.890000,angle:5.400000,distense:77.400000,rcs:27.000000
timestame:1619469645.915000000,objid:13,type:0,xpos:0.000000,ypos:0.000000,xspeed:15.150000,yspeed:0.590000,angle:2.270000,distense:134.600000,rcs:28.000000
timestame:1619469645.915000000,objid:14,type:0,xpos:0.000000,ypos:0.000000,xspeed:12.830000,yspeed:0.400000,angle:5.250000,distense:74.400000,rcs:32.000000
