timestame:1619469922.965000000,objid:1,type:0,xpos:0.000000,ypos:0.000000,xspeed:5.960000,yspeed:0.330000,angle:1.600000,distense:147.400000,rcs:6.000000
timestame:1619469922.965000000,objid:8,type:0,xpos:0.000000,ypos:0.000000,xspeed:5.940000,yspeed:0.070000,angle:1.400000,distense:140.400000,rcs:25.000000
