timestame:1619469584.687000000,objid:1,type:0,xpos:0.000000,ypos:0.000000,xspeed:-5.030000,yspeed:-0.210000,angle:-10.730000,distense:85.400000,rcs:19.000000
timestame:1619469584.687000000,objid:4,type:0,xpos:0.000000,ypos:0.000000,xspeed:4.450000,yspeed:0.920000,angle:-10.110000,distense:91.800000,rcs:19.000000
timestame:1619469584.687000000,objid:5,type:0,xpos:0.000000,ypos:0.000000,xspeed:1.220000,yspeed:6.020000,angle:-4.810000,distense:103.400000,rcs:6.000000
