timestame:1619470770.317000000,objid:0,type:0,xpos:0.000000,ypos:0.000000,xspeed:-11.140000,yspeed:-0.390000,angle:-5.710000,distense:150.400000,rcs:16.000000
timestame:1619470770.317000000,objid:1,type:0,xpos:0.000000,ypos:0.000000,xspeed:12.090000,yspeed:0.260000,angle:2.030000,distense:92.000000,rcs:20.000000
timestame:1619470770.317000000,objid:2,type:0,xpos:0.000000,ypos:0.000000,xspeed:-11.000000,yspeed:0.250000,angle:-6.230000,distense:147.600000,rcs:12.000000
