timestame:1619471098.684000000,objid:2,type:0,xpos:0.000000,ypos:0.000000,xspeed:9.300000,yspeed:0.090000,angle:1.250000,distense:113.000000,rcs:30.000000
timestame:1619471098.684000000,objid:3,type:0,xpos:0.000000,ypos:0.000000,xspeed:-17.840000,yspeed:-1.180000,angle:-18.000000,distense:36.800000,rcs:25.000000
