timestame:1619470388.905000000,objid:8,type:0,xpos:0.000000,ypos:0.000000,xspeed:-1.460000,yspeed:0.000000,angle:-18.000000,distense:34.800000,rcs:22.000000
timestame:1619470388.905000000,objid:9,type:0,xpos:0.000000,ypos:0.000000,xspeed:2.890000,yspeed:5.010000,angle:-12.830000,distense:52.400000,rcs:6.000000
timestame:1619470388.905000000,objid:11,type:0,xpos:0.000000,ypos:0.000000,xspeed:-1.950000,yspeed:-3.310000,angle:-18.000000,distense:33.600000,rcs:18.000000
timestame:1619470388.905000000,objid:17,type:0,xpos:0.000000,ypos:0.000000,xspeed:-15.500000,yspeed:-0.950000,angle:-6.120000,distense:147.200000,rcs:13.000000
