timestame:1619469742.612000000,objid:1,type:0,xpos:0.000000,ypos:0.000000,xspeed:-1.190000,yspeed:0.610000,angle:5.270000,distense:41.600000,rcs:27.000000
timestame:1619469742.612000000,objid:4,type:0,xpos:0.000000,ypos:0.000000,xspeed:-6.850000,yspeed:6.090000,angle:-2.540000,distense:38.800000,rcs:9.000000
timestame:1619469742.612000000,objid:5,type:0,xpos:0.000000,ypos:0.000000,xspeed:-4.080000,yspeed:0.000000,angle:0.980000,distense:40.800000,rcs:9.000000
