timestame:1619471308.027000000,objid:0,type:0,xpos:0.000000,ypos:0.000000,xspeed:3.590000,yspeed:0.640000,angle:17.980000,distense:28.800000,rcs:25.000000
timestame:1619471308.027000000,objid:1,type:0,xpos:0.000000,ypos:0.000000,xspeed:4.830000,yspeed:3.060000,angle:21.410000,distense:31.400000,rcs:24.000000
timestame:1619471308.027000000,objid:2,type:0,xpos:0.000000,ypos:0.000000,xspeed:4.370000,yspeed:1.390000,angle:-17.930000,distense:27.800000,rcs:19.000000
