timestame:1619470440.777000000,objid:1,type:0,xpos:0.000000,ypos:0.000000,xspeed:14.930000,yspeed:0.630000,angle:2.450000,distense:70.600000,rcs:26.000000
timestame:1619470440.777000000,objid:2,type:0,xpos:0.000000,ypos:0.000000,xspeed:3.790000,yspeed:-0.020000,angle:9.700000,distense:78.000000,rcs:21.000000
