timestame:1619470181.757000000,objid:1,type:0,xpos:0.000000,ypos:0.000000,xspeed:13.170000,yspeed:0.030000,angle:1.390000,distense:166.800000,rcs:20.000000
timestame:1619470181.757000000,objid:8,type:0,xpos:0.000000,ypos:0.000000,xspeed:8.920000,yspeed:0.350000,angle:4.010000,distense:106.200000,rcs:13.000000
timestame:1619470181.757000000,objid:11,type:0,xpos:0.000000,ypos:0.000000,xspeed:8.390000,yspeed:0.370000,angle:5.090000,distense:95.400000,rcs:30.000000
