timestame:1619470047.120000000,objid:0,type:0,xpos:0.000000,ypos:0.000000,xspeed:6.580000,yspeed:0.340000,angle:4.620000,distense:85.400000,rcs:16.000000
timestame:1619470047.120000000,objid:3,type:0,xpos:0.000000,ypos:0.000000,xspeed:14.810000,yspeed:0.180000,angle:1.190000,distense:208.000000,rcs:6.000000
timestame:1619470047.120000000,objid:5,type:0,xpos:0.000000,ypos:0.000000,xspeed:6.660000,yspeed:0.250000,angle:5.060000,distense:75.600000,rcs:29.000000
