timestame:1619470797.945000000,objid:3,type:0,xpos:0.000000,ypos:0.000000,xspeed:1.860000,yspeed:-10.820000,angle:-16.250000,distense:65.000000,rcs:9.000000
timestame:1619470797.945000000,objid:5,type:0,xpos:0.000000,ypos:0.000000,xspeed:-1.490000,yspeed:-4.370000,angle:18.120000,distense:44.400000,rcs:40.000000
timestame:1619470797.945000000,objid:12,type:0,xpos:0.000000,ypos:0.000000,xspeed:2.320000,yspeed:-10.830000,angle:-18.000000,distense:75.000000,rcs:6.000000
timestame:1619470797.945000000,objid:15,type:0,xpos:0.000000,ypos:0.000000,xspeed:-1.660000,yspeed:-2.010000,angle:-18.000000,distense:37.400000,rcs:15.000000
