timestame:1619469950.966000000,objid:4,type:0,xpos:0.000000,ypos:0.000000,xspeed:1.280000,yspeed:-4.140000,angle:-1.010000,distense:54.800000,rcs:29.000000
timestame:1619469950.966000000,objid:9,type:0,xpos:0.000000,ypos:0.000000,xspeed:1.300000,yspeed:-4.450000,angle:-11.480000,distense:47.400000,rcs:20.000000
timestame:1619469950.966000000,objid:13,type:0,xpos:0.000000,ypos:0.000000,xspeed:-1.570000,yspeed:6.620000,angle:3.340000,distense:40.400000,rcs:9.000000
timestame:1619469950.966000000,objid:15,type:0,xpos:0.000000,ypos:0.000000,xspeed:-3.180000,yspeed:7.760000,angle:7.500000,distense:39.200000,rcs:12.000000
