timestame:1619469755.729000000,objid:3,type:0,xpos:0.000000,ypos:0.000000,xspeed:6.420000,yspeed:1.400000,angle:21.580000,distense:29.800000,rcs:37.000000
timestame:1619469755.729000000,objid:5,type:0,xpos:0.000000,ypos:0.000000,xspeed:5.680000,yspeed:0.650000,angle:17.970000,distense:31.200000,rcs:20.000000
