timestame:1619470991.036000000,objid:3,type:0,xpos:0.000000,ypos:0.000000,xspeed:5.230000,yspeed:-0.140000,angle:6.930000,distense:107.000000,rcs:6.000000
timestame:1619470991.036000000,objid:4,type:0,xpos:0.000000,ypos:0.000000,xspeed:-13.590000,yspeed:-0.600000,angle:-18.000000,distense:42.800000,rcs:15.000000
