timestame:1619471499.101000000,objid:0,type:0,xpos:0.000000,ypos:0.000000,xspeed:7.820000,yspeed:0.070000,angle:1.770000,distense:90.200000,rcs:32.000000
timestame:1619471499.101000000,objid:3,type:0,xpos:0.000000,ypos:0.000000,xspeed:7.630000,yspeed:0.020000,angle:3.370000,distense:119.400000,rcs:21.000000
timestame:1619471499.101000000,objid:10,type:0,xpos:0.000000,ypos:0.000000,xspeed:7.030000,yspeed:0.360000,angle:5.610000,distense:78.800000,rcs:20.000000
