timestame:1619470458.918000000,objid:0,type:0,xpos:0.000000,ypos:0.000000,xspeed:-19.110000,yspeed:4.560000,angle:-3.850000,distense:125.000000,rcs:9.000000
timestame:1619470458.918000000,objid:2,type:0,xpos:0.000000,ypos:0.000000,xspeed:5.890000,yspeed:-0.120000,angle:3.440000,distense:169.000000,rcs:6.000000
