timestame:1619470164.257000000,objid:3,type:0,xpos:0.000000,ypos:0.000000,xspeed:5.680000,yspeed:0.500000,angle:7.650000,distense:46.600000,rcs:27.000000
timestame:1619470164.257000000,objid:6,type:0,xpos:0.000000,ypos:0.000000,xspeed:1.210000,yspeed:0.240000,angle:1.330000,distense:21.400000,rcs:33.000000
