timestame:1619470457.865000000,objid:0,type:0,xpos:0.000000,ypos:0.000000,xspeed:-19.820000,yspeed:0.000000,angle:-4.980000,distense:146.200000,rcs:9.000000
timestame:1619470457.865000000,objid:2,type:0,xpos:0.000000,ypos:0.000000,xspeed:5.570000,yspeed:-0.090000,angle:3.650000,distense:162.200000,rcs:13.000000
