timestame:1619469815.790000000,objid:1,type:0,xpos:0.000000,ypos:0.000000,xspeed:1.070000,yspeed:3.930000,angle:-4.890000,distense:52.800000,rcs:19.000000
timestame:1619469815.790000000,objid:3,type:0,xpos:0.000000,ypos:0.000000,xspeed:1.720000,yspeed:-1.700000,angle:-3.970000,distense:51.000000,rcs:6.000000
timestame:1619469815.790000000,objid:4,type:0,xpos:0.000000,ypos:0.000000,xspeed:-10.310000,yspeed:-4.810000,angle:-4.780000,distense:180.400000,rcs:9.000000
timestame:1619469815.790000000,objid:6,type:0,xpos:0.000000,ypos:0.000000,xspeed:4.090000,yspeed:2.950000,angle:21.020000,distense:25.000000,rcs:20.000000
