timestame:1619470123.603000000,objid:4,type:0,xpos:0.000000,ypos:0.000000,xspeed:3.620000,yspeed:0.610000,angle:22.890000,distense:25.400000,rcs:28.000000
timestame:1619470123.603000000,objid:6,type:0,xpos:0.000000,ypos:0.000000,xspeed:4.830000,yspeed:2.150000,angle:22.630000,distense:31.800000,rcs:19.000000
