timestame:1619471406.393000000,objid:5,type:0,xpos:0.000000,ypos:0.000000,xspeed:-16.270000,yspeed:-3.350000,angle:7.530000,distense:154.600000,rcs:12.000000
timestame:1619471406.393000000,objid:6,type:0,xpos:0.000000,ypos:0.000000,xspeed:-1.470000,yspeed:8.170000,angle:4.040000,distense:40.600000,rcs:13.000000
