timestame:1619471252.638000000,objid:1,type:0,xpos:0.000000,ypos:0.000000,xspeed:2.590000,yspeed:3.150000,angle:3.210000,distense:79.200000,rcs:12.000000
timestame:1619471252.638000000,objid:3,type:0,xpos:0.000000,ypos:0.000000,xspeed:-16.980000,yspeed:-0.520000,angle:-6.060000,distense:138.200000,rcs:15.000000
