timestame:1619471075.532000000,objid:0,type:0,xpos:0.000000,ypos:0.000000,xspeed:-9.450000,yspeed:-0.430000,angle:-18.000000,distense:38.200000,rcs:13.000000
timestame:1619471075.532000000,objid:3,type:0,xpos:0.000000,ypos:0.000000,xspeed:-8.390000,yspeed:-0.070000,angle:-8.070000,distense:81.600000,rcs:19.000000
timestame:1619471075.532000000,objid:5,type:0,xpos:0.000000,ypos:0.000000,xspeed:-9.330000,yspeed:-0.060000,angle:-11.910000,distense:61.000000,rcs:19.000000
timestame:1619471075.532000000,objid:6,type:0,xpos:0.000000,ypos:0.000000,xspeed:-5.160000,yspeed:-0.290000,angle:-15.820000,distense:60.800000,rcs:24.000000
