timestame:1619470006.745000000,objid:8,type:0,xpos:0.000000,ypos:0.000000,xspeed:-3.760000,yspeed:-2.120000,angle:-18.000000,distense:31.600000,rcs:6.000000
timestame:1619470006.745000000,objid:9,type:0,xpos:0.000000,ypos:0.000000,xspeed:-2.090000,yspeed:-3.010000,angle:-18.000000,distense:34.600000,rcs:18.000000
timestame:1619470006.745000000,objid:11,type:0,xpos:0.000000,ypos:0.000000,xspeed:-2.900000,yspeed:-2.510000,angle:-18.000000,distense:32.400000,rcs:12.000000
timestame:1619470006.745000000,objid:19,type:0,xpos:0.000000,ypos:0.000000,xspeed:1.120000,yspeed:-0.100000,angle:8.740000,distense:19.600000,rcs:20.000000
