timestame:1619470964.430000000,objid:0,type:0,xpos:0.000000,ypos:0.000000,xspeed:3.960000,yspeed:0.120000,angle:6.210000,distense:54.000000,rcs:31.000000
timestame:1619470964.430000000,objid:1,type:0,xpos:0.000000,ypos:0.000000,xspeed:12.230000,yspeed:0.000000,angle:1.010000,distense:129.000000,rcs:13.000000
timestame:1619470964.430000000,objid:6,type:0,xpos:0.000000,ypos:0.000000,xspeed:10.540000,yspeed:0.490000,angle:2.020000,distense:107.800000,rcs:24.000000
timestame:1619470964.430000000,objid:12,type:0,xpos:0.000000,ypos:0.000000,xspeed:3.080000,yspeed:0.060000,angle:5.030000,distense:62.200000,rcs:26.000000
