timestame:1619470531.622000000,objid:0,type:0,xpos:0.000000,ypos:0.000000,xspeed:-14.180000,yspeed:0.930000,angle:-6.360000,distense:116.400000,rcs:6.000000
timestame:1619470531.622000000,objid:1,type:0,xpos:0.000000,ypos:0.000000,xspeed:-9.950000,yspeed:-0.070000,angle:-7.190000,distense:121.200000,rcs:12.000000
