timestame:1619470768.398000000,objid:0,type:0,xpos:0.000000,ypos:0.000000,xspeed:-11.840000,yspeed:-1.550000,angle:-5.210000,distense:171.600000,rcs:12.000000
timestame:1619470768.398000000,objid:1,type:0,xpos:0.000000,ypos:0.000000,xspeed:10.600000,yspeed:0.640000,angle:2.490000,distense:68.200000,rcs:34.000000
timestame:1619470768.398000000,objid:2,type:0,xpos:0.000000,ypos:0.000000,xspeed:-11.370000,yspeed:0.000000,angle:-4.120000,distense:168.600000,rcs:6.000000
