timestame:1619470952.324000000,objid:0,type:0,xpos:0.000000,ypos:0.000000,xspeed:5.100000,yspeed:-0.370000,angle:0.420000,distense:33.200000,rcs:38.000000
timestame:1619470952.324000000,objid:10,type:0,xpos:0.000000,ypos:0.000000,xspeed:3.640000,yspeed:-0.250000,angle:2.550000,distense:18.200000,rcs:31.000000
timestame:1619470952.324000000,objid:12,type:0,xpos:0.000000,ypos:0.000000,xspeed:2.840000,yspeed:-3.980000,angle:-0.750000,distense:44.000000,rcs:20.000000
