timestame:1619471084.972000000,objid:0,type:0,xpos:0.000000,ypos:0.000000,xspeed:8.580000,yspeed:0.800000,angle:1.380000,distense:45.400000,rcs:34.000000
timestame:1619471084.972000000,objid:4,type:0,xpos:0.000000,ypos:0.000000,xspeed:4.450000,yspeed:0.140000,angle:1.530000,distense:41.200000,rcs:37.000000
timestame:1619471084.972000000,objid:11,type:0,xpos:0.000000,ypos:0.000000,xspeed:1.500000,yspeed:0.160000,angle:3.250000,distense:17.000000,rcs:40.000000
