timestame:1619471296.523000000,objid:2,type:0,xpos:0.000000,ypos:0.000000,xspeed:-3.080000,yspeed:6.690000,angle:-16.670000,distense:42.400000,rcs:13.000000
timestame:1619471296.523000000,objid:6,type:0,xpos:0.000000,ypos:0.000000,xspeed:2.550000,yspeed:3.830000,angle:-8.830000,distense:41.400000,rcs:9.000000
timestame:1619471296.523000000,objid:8,type:0,xpos:0.000000,ypos:0.000000,xspeed:-2.130000,yspeed:7.720000,angle:22.380000,distense:42.800000,rcs:6.000000
