timestame:1619469948.542000000,objid:3,type:0,xpos:0.000000,ypos:0.000000,xspeed:1.060000,yspeed:0.040000,angle:0.810000,distense:18.600000,rcs:25.000000
timestame:1619469948.542000000,objid:5,type:0,xpos:0.000000,ypos:0.000000,xspeed:3.350000,yspeed:-6.390000,angle:16.040000,distense:46.600000,rcs:18.000000
timestame:1619469948.542000000,objid:8,type:0,xpos:0.000000,ypos:0.000000,xspeed:-1.990000,yspeed:7.320000,angle:-18.000000,distense:47.400000,rcs:16.000000
