timestame:1619470192.827000000,objid:0,type:0,xpos:0.000000,ypos:0.000000,xspeed:-4.140000,yspeed:6.990000,angle:17.780000,distense:42.000000,rcs:21.000000
timestame:1619470192.827000000,objid:1,type:0,xpos:0.000000,ypos:0.000000,xspeed:2.030000,yspeed:1.290000,angle:6.010000,distense:139.000000,rcs:24.000000
timestame:1619470192.827000000,objid:2,type:0,xpos:0.000000,ypos:0.000000,xspeed:-4.810000,yspeed:5.570000,angle:19.870000,distense:40.000000,rcs:25.000000
