timestame:1619470110.762000000,objid:4,type:0,xpos:0.000000,ypos:0.000000,xspeed:23.000000,yspeed:-1.410000,angle:20.350000,distense:25.600000,rcs:13.000000
timestame:1619470110.762000000,objid:5,type:0,xpos:0.000000,ypos:0.000000,xspeed:3.170000,yspeed:3.700000,angle:-9.550000,distense:40.200000,rcs:6.000000
timestame:1619470110.762000000,objid:6,type:0,xpos:0.000000,ypos:0.000000,xspeed:-7.270000,yspeed:-0.690000,angle:17.320000,distense:24.800000,rcs:6.000000
