timestame:1619470376.205000000,objid:1,type:0,xpos:0.000000,ypos:0.000000,xspeed:-2.020000,yspeed:-3.040000,angle:-18.000000,distense:36.400000,rcs:20.000000
timestame:1619470376.205000000,objid:5,type:0,xpos:0.000000,ypos:0.000000,xspeed:-4.590000,yspeed:-3.020000,angle:-17.750000,distense:36.400000,rcs:20.000000
timestame:1619470376.205000000,objid:18,type:0,xpos:0.000000,ypos:0.000000,xspeed:-6.170000,yspeed:-0.330000,angle:-8.220000,distense:85.200000,rcs:13.000000
