timestame:1619469694.862000000,objid:1,type:0,xpos:0.000000,ypos:0.000000,xspeed:-1.550000,yspeed:6.820000,angle:5.390000,distense:41.200000,rcs:30.000000
timestame:1619469694.862000000,objid:3,type:0,xpos:0.000000,ypos:0.000000,xspeed:2.070000,yspeed:3.810000,angle:6.640000,distense:48.400000,rcs:15.000000
timestame:1619469694.862000000,objid:6,type:0,xpos:0.000000,ypos:0.000000,xspeed:1.810000,yspeed:-4.360000,angle:12.560000,distense:47.800000,rcs:9.000000
timestame:1619469694.862000000,objid:8,type:0,xpos:0.000000,ypos:0.000000,xspeed:2.190000,yspeed:-7.620000,angle:-18.000000,distense:75.600000,rcs:6.000000
