timestame:1619470570.752000000,objid:1,type:0,xpos:0.000000,ypos:0.000000,xspeed:3.440000,yspeed:3.300000,angle:-10.420000,distense:42.600000,rcs:9.000000
timestame:1619470570.752000000,objid:3,type:0,xpos:0.000000,ypos:0.000000,xspeed:15.410000,yspeed:0.270000,angle:1.110000,distense:209.200000,rcs:15.000000
