timestame:1619471254.367000000,objid:1,type:0,xpos:0.000000,ypos:0.000000,xspeed:3.790000,yspeed:2.600000,angle:5.480000,distense:87.200000,rcs:9.000000
timestame:1619471254.367000000,objid:3,type:0,xpos:0.000000,ypos:0.000000,xspeed:-16.160000,yspeed:-0.300000,angle:-7.580000,distense:111.000000,rcs:15.000000
