timestame:1619470030.712000000,objid:1,type:0,xpos:0.000000,ypos:0.000000,xspeed:5.650000,yspeed:0.510000,angle:2.780000,distense:37.400000,rcs:40.000000
timestame:1619470030.712000000,objid:4,type:0,xpos:0.000000,ypos:0.000000,xspeed:9.920000,yspeed:0.210000,angle:2.220000,distense:62.800000,rcs:29.000000
timestame:1619470030.712000000,objid:5,type:0,xpos:0.000000,ypos:0.000000,xspeed:1.490000,yspeed:-0.100000,angle:-18.000000,distense:56.200000,rcs:13.000000
