timestame:1619470273.705000000,objid:1,type:0,xpos:0.000000,ypos:0.000000,xspeed:-11.400000,yspeed:-1.340000,angle:-4.680000,distense:126.800000,rcs:9.000000
timestame:1619470273.705000000,objid:2,type:0,xpos:0.000000,ypos:0.000000,xspeed:-1.080000,yspeed:0.630000,angle:-7.030000,distense:94.800000,rcs:9.000000
