timestame:1619470110.383000000,objid:3,type:0,xpos:0.000000,ypos:0.000000,xspeed:-1.480000,yspeed:-2.520000,angle:15.150000,distense:26.000000,rcs:9.000000
timestame:1619470110.383000000,objid:5,type:0,xpos:0.000000,ypos:0.000000,xspeed:3.330000,yspeed:3.550000,angle:-10.820000,distense:38.600000,rcs:19.000000
timestame:1619470110.383000000,objid:6,type:0,xpos:0.000000,ypos:0.000000,xspeed:-7.470000,yspeed:-0.460000,angle:16.800000,distense:27.200000,rcs:6.000000
timestame:1619470110.383000000,objid:13,type:0,xpos:0.000000,ypos:0.000000,xspeed:-1.580000,yspeed:1.220000,angle:-4.070000,distense:40.000000,rcs:15.000000
