timestame:1619470963.372000000,objid:0,type:0,xpos:0.000000,ypos:0.000000,xspeed:3.640000,yspeed:0.080000,angle:6.550000,distense:49.200000,rcs:35.000000
timestame:1619470963.372000000,objid:6,type:0,xpos:0.000000,ypos:0.000000,xspeed:10.160000,yspeed:0.520000,angle:1.970000,distense:96.000000,rcs:28.000000
timestame:1619470963.372000000,objid:12,type:0,xpos:0.000000,ypos:0.000000,xspeed:3.160000,yspeed:0.020000,angle:5.200000,distense:59.000000,rcs:29.000000
