timestame:1619470017.350000000,objid:0,type:0,xpos:0.000000,ypos:0.000000,xspeed:-3.850000,yspeed:-1.430000,angle:-18.000000,distense:27.200000,rcs:13.000000
timestame:1619470017.350000000,objid:4,type:0,xpos:0.000000,ypos:0.000000,xspeed:-6.200000,yspeed:-0.900000,angle:5.660000,distense:41.800000,rcs:6.000000
timestame:1619470017.350000000,objid:14,type:0,xpos:0.000000,ypos:0.000000,xspeed:-1.810000,yspeed:-1.430000,angle:-18.000000,distense:31.600000,rcs:6.000000
