timestame:1619471232.419000000,objid:0,type:0,xpos:0.000000,ypos:0.000000,xspeed:6.930000,yspeed:-0.110000,angle:1.590000,distense:112.000000,rcs:6.000000
timestame:1619471232.419000000,objid:9,type:0,xpos:0.000000,ypos:0.000000,xspeed:6.890000,yspeed:-0.020000,angle:1.590000,distense:103.400000,rcs:37.000000
