timestame:1619470123.726000000,objid:1,type:0,xpos:0.000000,ypos:0.000000,xspeed:10.500000,yspeed:9.870000,angle:21.980000,distense:35.400000,rcs:16.000000
timestame:1619470123.726000000,objid:4,type:0,xpos:0.000000,ypos:0.000000,xspeed:3.700000,yspeed:0.670000,angle:22.590000,distense:26.200000,rcs:22.000000
timestame:1619470123.726000000,objid:6,type:0,xpos:0.000000,ypos:0.000000,xspeed:4.720000,yspeed:2.230000,angle:-17.970000,distense:32.600000,rcs:36.000000
