timestame:1619470137.065000000,objid:7,type:0,xpos:0.000000,ypos:0.000000,xspeed:-3.840000,yspeed:-0.280000,angle:-10.030000,distense:75.200000,rcs:13.000000
timestame:1619470137.065000000,objid:8,type:0,xpos:0.000000,ypos:0.000000,xspeed:2.950000,yspeed:3.850000,angle:-6.340000,distense:44.600000,rcs:6.000000
