timestame:1619471537.481000000,objid:2,type:0,xpos:0.000000,ypos:0.000000,xspeed:-11.010000,yspeed:-0.020000,angle:-5.240000,distense:127.200000,rcs:12.000000
timestame:1619471537.481000000,objid:9,type:0,xpos:0.000000,ypos:0.000000,xspeed:-11.060000,yspeed:-0.540000,angle:-4.770000,distense:138.400000,rcs:16.000000
timestame:1619471537.481000000,objid:10,type:0,xpos:0.000000,ypos:0.000000,xspeed:-1.940000,yspeed:-3.090000,angle:-17.260000,distense:36.200000,rcs:24.000000
timestame:1619471537.481000000,objid:12,type:0,xpos:0.000000,ypos:0.000000,xspeed:-2.450000,yspeed:-6.880000,angle:-12.210000,distense:36.800000,rcs:37.000000
