timestame:1619470512.159000000,objid:1,type:0,xpos:0.000000,ypos:0.000000,xspeed:-1.460000,yspeed:-1.980000,angle:2.830000,distense:42.800000,rcs:37.000000
timestame:1619470512.159000000,objid:6,type:0,xpos:0.000000,ypos:0.000000,xspeed:2.890000,yspeed:0.420000,angle:3.350000,distense:13.000000,rcs:36.000000
timestame:1619470512.159000000,objid:8,type:0,xpos:0.000000,ypos:0.000000,xspeed:-4.590000,yspeed:-3.230000,angle:3.030000,distense:66.200000,rcs:20.000000
timestame:1619470512.159000000,objid:10,type:0,xpos:0.000000,ypos:0.000000,xspeed:3.070000,yspeed:0.010000,angle:0.480000,distense:17.600000,rcs:15.000000
