timestame:1619469932.077000000,objid:0,type:0,xpos:0.000000,ypos:0.000000,xspeed:-1.120000,yspeed:2.640000,angle:-18.000000,distense:38.000000,rcs:12.000000
timestame:1619469932.077000000,objid:1,type:0,xpos:0.000000,ypos:0.000000,xspeed:8.290000,yspeed:0.360000,angle:1.600000,distense:216.200000,rcs:12.000000
timestame:1619469932.077000000,objid:8,type:0,xpos:0.000000,ypos:0.000000,xspeed:8.260000,yspeed:0.440000,angle:1.470000,distense:209.400000,rcs:20.000000
