timestame:1619470631.382000000,objid:1,type:0,xpos:0.000000,ypos:0.000000,xspeed:-7.280000,yspeed:-0.800000,angle:-9.890000,distense:86.800000,rcs:15.000000
timestame:1619470631.382000000,objid:2,type:0,xpos:0.000000,ypos:0.000000,xspeed:-3.010000,yspeed:10.480000,angle:-7.710000,distense:90.600000,rcs:6.000000
