timestame:1619471224.988000000,objid:1,type:0,xpos:0.000000,ypos:0.000000,xspeed:5.930000,yspeed:-0.730000,angle:-5.830000,distense:38.000000,rcs:19.000000
timestame:1619471224.988000000,objid:6,type:0,xpos:0.000000,ypos:0.000000,xspeed:4.870000,yspeed:0.260000,angle:2.540000,distense:73.200000,rcs:9.000000
timestame:1619471224.988000000,objid:9,type:0,xpos:0.000000,ypos:0.000000,xspeed:5.000000,yspeed:0.100000,angle:2.510000,distense:54.800000,rcs:47.000000
