timestame:1619470052.527000000,objid:0,type:0,xpos:0.000000,ypos:0.000000,xspeed:7.540000,yspeed:-0.240000,angle:2.710000,distense:124.600000,rcs:9.000000
timestame:1619470052.527000000,objid:5,type:0,xpos:0.000000,ypos:0.000000,xspeed:7.670000,yspeed:0.040000,angle:3.390000,distense:115.400000,rcs:21.000000
