timestame:1619470081.834000000,objid:0,type:0,xpos:0.000000,ypos:0.000000,xspeed:1.160000,yspeed:-5.410000,angle:4.940000,distense:49.600000,rcs:9.000000
timestame:1619470081.834000000,objid:4,type:0,xpos:0.000000,ypos:0.000000,xspeed:2.800000,yspeed:-8.920000,angle:-1.280000,distense:51.200000,rcs:6.000000
timestame:1619470081.834000000,objid:5,type:0,xpos:0.000000,ypos:0.000000,xspeed:1.150000,yspeed:-4.270000,angle:1.760000,distense:49.800000,rcs:31.000000
