timestame:1619471038.882000000,objid:1,type:0,xpos:0.000000,ypos:0.000000,xspeed:-1.390000,yspeed:-3.650000,angle:8.060000,distense:43.600000,rcs:34.000000
timestame:1619471038.882000000,objid:2,type:0,xpos:0.000000,ypos:0.000000,xspeed:-2.250000,yspeed:-2.110000,angle:-18.000000,distense:39.000000,rcs:16.000000
timestame:1619471038.882000000,objid:3,type:0,xpos:0.000000,ypos:0.000000,xspeed:1.260000,yspeed:-3.460000,angle:13.080000,distense:48.200000,rcs:20.000000
