timestame:1619470943.140000000,objid:1,type:0,xpos:0.000000,ypos:0.000000,xspeed:-5.500000,yspeed:1.040000,angle:-14.760000,distense:50.600000,rcs:15.000000
timestame:1619470943.140000000,objid:5,type:0,xpos:0.000000,ypos:0.000000,xspeed:-6.240000,yspeed:-0.540000,angle:-18.000000,distense:53.800000,rcs:13.000000
timestame:1619470943.140000000,objid:7,type:0,xpos:0.000000,ypos:0.000000,xspeed:-6.320000,yspeed:-0.880000,angle:-18.000000,distense:50.000000,rcs:18.000000
