timestame:1619471405.960000000,objid:5,type:0,xpos:0.000000,ypos:0.000000,xspeed:-17.130000,yspeed:-0.640000,angle:8.050000,distense:161.600000,rcs:6.000000
timestame:1619471405.960000000,objid:10,type:0,xpos:0.000000,ypos:0.000000,xspeed:-1.260000,yspeed:-0.450000,angle:-14.990000,distense:45.200000,rcs:6.000000
