timestame:1619470707.901000000,objid:1,type:0,xpos:0.000000,ypos:0.000000,xspeed:12.310000,yspeed:0.140000,angle:2.160000,distense:188.000000,rcs:15.000000
timestame:1619470707.901000000,objid:2,type:0,xpos:0.000000,ypos:0.000000,xspeed:3.040000,yspeed:1.810000,angle:-13.110000,distense:18.400000,rcs:13.000000
