timestame:1619469823.652000000,objid:2,type:0,xpos:0.000000,ypos:0.000000,xspeed:-1.910000,yspeed:-3.960000,angle:-16.700000,distense:40.600000,rcs:28.000000
timestame:1619469823.652000000,objid:11,type:0,xpos:0.000000,ypos:0.000000,xspeed:-3.900000,yspeed:0.120000,angle:-6.100000,distense:133.000000,rcs:9.000000
