timestame:1619471462.802000000,objid:1,type:0,xpos:0.000000,ypos:0.000000,xspeed:-5.980000,yspeed:-0.820000,angle:-6.020000,distense:113.800000,rcs:12.000000
timestame:1619471462.802000000,objid:3,type:0,xpos:0.000000,ypos:0.000000,xspeed:-7.240000,yspeed:-1.240000,angle:-5.500000,distense:178.800000,rcs:13.000000
