timestame:1619469485.935000000,objid:1,type:0,xpos:0.000000,ypos:0.000000,xspeed:-2.980000,yspeed:-1.050000,angle:-13.940000,distense:69.800000,rcs:22.000000
timestame:1619469485.935000000,objid:3,type:0,xpos:0.000000,ypos:0.000000,xspeed:1.680000,yspeed:0.110000,angle:11.070000,distense:19.000000,rcs:33.000000
timestame:1619469485.935000000,objid:7,type:0,xpos:0.000000,ypos:0.000000,xspeed:-2.640000,yspeed:-0.050000,angle:-11.190000,distense:83.400000,rcs:19.000000
