timestame:1619471098.622000000,objid:2,type:0,xpos:0.000000,ypos:0.000000,xspeed:9.290000,yspeed:0.100000,angle:1.260000,distense:112.400000,rcs:35.000000
timestame:1619471098.622000000,objid:3,type:0,xpos:0.000000,ypos:0.000000,xspeed:-17.840000,yspeed:-1.180000,angle:-18.000000,distense:37.800000,rcs:25.000000
