timestame:1619470462.892000000,objid:0,type:0,xpos:0.000000,ypos:0.000000,xspeed:-14.550000,yspeed:-0.620000,angle:-11.070000,distense:65.800000,rcs:21.000000
timestame:1619470462.892000000,objid:2,type:0,xpos:0.000000,ypos:0.000000,xspeed:6.090000,yspeed:0.110000,angle:3.190000,distense:192.600000,rcs:16.000000
