timestame:1619471165.165000000,objid:0,type:0,xpos:0.000000,ypos:0.000000,xspeed:-10.360000,yspeed:2.170000,angle:-2.930000,distense:155.800000,rcs:15.000000
timestame:1619471165.165000000,objid:2,type:0,xpos:0.000000,ypos:0.000000,xspeed:-9.860000,yspeed:5.240000,angle:-3.570000,distense:159.400000,rcs:13.000000
timestame:1619471165.165000000,objid:3,type:0,xpos:0.000000,ypos:0.000000,xspeed:2.450000,yspeed:5.250000,angle:-4.710000,distense:46.800000,rcs:9.000000
