timestame:1619469927.367000000,objid:1,type:0,xpos:0.000000,ypos:0.000000,xspeed:6.810000,yspeed:0.260000,angle:1.560000,distense:177.200000,rcs:9.000000
timestame:1619469927.367000000,objid:8,type:0,xpos:0.000000,ypos:0.000000,xspeed:6.970000,yspeed:0.110000,angle:1.280000,distense:170.600000,rcs:6.000000
