timestame:1619469712.455000000,objid:1,type:0,xpos:0.000000,ypos:0.000000,xspeed:-4.150000,yspeed:-1.750000,angle:-18.000000,distense:29.600000,rcs:6.000000
timestame:1619469712.455000000,objid:3,type:0,xpos:0.000000,ypos:0.000000,xspeed:12.410000,yspeed:-1.390000,angle:2.040000,distense:123.000000,rcs:18.000000
timestame:1619469712.455000000,objid:4,type:0,xpos:0.000000,ypos:0.000000,xspeed:-5.050000,yspeed:-2.270000,angle:-18.000000,distense:27.800000,rcs:6.000000
timestame:1619469712.455000000,objid:6,type:0,xpos:0.000000,ypos:0.000000,xspeed:-1.330000,yspeed:6.240000,angle:-4.420000,distense:38.600000,rcs:23.000000
