timestame:1619469624.865000000,objid:1,type:0,xpos:0.000000,ypos:0.000000,xspeed:-4.430000,yspeed:-0.230000,angle:-18.000000,distense:50.600000,rcs:24.000000
timestame:1619469624.865000000,objid:2,type:0,xpos:0.000000,ypos:0.000000,xspeed:-4.350000,yspeed:-0.110000,angle:-15.820000,distense:63.400000,rcs:13.000000
timestame:1619469624.865000000,objid:4,type:0,xpos:0.000000,ypos:0.000000,xspeed:-13.130000,yspeed:-0.380000,angle:-15.530000,distense:46.800000,rcs:13.000000
timestame:1619469624.865000000,objid:5,type:0,xpos:0.000000,ypos:0.000000,xspeed:14.270000,yspeed:0.000000,angle:-13.050000,distense:72.600000,rcs:15.000000
