timestame:1619470029.230000000,objid:1,type:0,xpos:0.000000,ypos:0.000000,xspeed:4.930000,yspeed:0.420000,angle:1.860000,distense:28.400000,rcs:39.000000
timestame:1619470029.230000000,objid:2,type:0,xpos:0.000000,ypos:0.000000,xspeed:6.780000,yspeed:0.320000,angle:2.420000,distense:46.800000,rcs:31.000000
