timestame:1619469932.265000000,objid:0,type:0,xpos:0.000000,ypos:0.000000,xspeed:-1.010000,yspeed:2.590000,angle:-18.000000,distense:37.800000,rcs:12.000000
timestame:1619469932.265000000,objid:1,type:0,xpos:0.000000,ypos:0.000000,xspeed:8.290000,yspeed:0.360000,angle:1.610000,distense:217.600000,rcs:12.000000
timestame:1619469932.265000000,objid:8,type:0,xpos:0.000000,ypos:0.000000,xspeed:8.330000,yspeed:0.480000,angle:1.510000,distense:211.000000,rcs:13.000000
