timestame:1619470042.049000000,objid:1,type:0,xpos:0.000000,ypos:0.000000,xspeed:12.620000,yspeed:0.000000,angle:1.150000,distense:159.200000,rcs:9.000000
timestame:1619470042.049000000,objid:3,type:0,xpos:0.000000,ypos:0.000000,xspeed:13.610000,yspeed:0.020000,angle:1.410000,distense:133.400000,rcs:12.000000
timestame:1619470042.049000000,objid:4,type:0,xpos:0.000000,ypos:0.000000,xspeed:8.750000,yspeed:0.350000,angle:4.710000,distense:56.400000,rcs:12.000000
timestame:1619470042.049000000,objid:5,type:0,xpos:0.000000,ypos:0.000000,xspeed:4.430000,yspeed:0.050000,angle:6.110000,distense:42.400000,rcs:35.000000
