timestame:1619470028.060000000,objid:1,type:0,xpos:0.000000,ypos:0.000000,xspeed:4.950000,yspeed:0.490000,angle:1.340000,distense:22.600000,rcs:20.000000
timestame:1619470028.060000000,objid:2,type:0,xpos:0.000000,ypos:0.000000,xspeed:6.100000,yspeed:0.250000,angle:2.340000,distense:37.800000,rcs:35.000000
