timestame:1619470702.751000000,objid:0,type:0,xpos:0.000000,ypos:0.000000,xspeed:4.220000,yspeed:2.430000,angle:21.420000,distense:31.200000,rcs:16.000000
timestame:1619470702.751000000,objid:1,type:0,xpos:0.000000,ypos:0.000000,xspeed:10.300000,yspeed:-0.100000,angle:2.990000,distense:125.400000,rcs:13.000000
timestame:1619470702.751000000,objid:2,type:0,xpos:0.000000,ypos:0.000000,xspeed:-8.720000,yspeed:-0.170000,angle:-13.980000,distense:81.800000,rcs:12.000000
