timestame:1619471150.702000000,objid:2,type:0,xpos:0.000000,ypos:0.000000,xspeed:-1.700000,yspeed:4.750000,angle:-10.020000,distense:42.200000,rcs:24.000000
timestame:1619471150.702000000,objid:7,type:0,xpos:0.000000,ypos:0.000000,xspeed:-2.290000,yspeed:7.230000,angle:-5.800000,distense:41.400000,rcs:24.000000
