timestame:1619470699.835000000,objid:1,type:0,xpos:0.000000,ypos:0.000000,xspeed:8.650000,yspeed:0.250000,angle:4.290000,distense:94.400000,rcs:12.000000
timestame:1619470699.835000000,objid:2,type:0,xpos:0.000000,ypos:0.000000,xspeed:-8.220000,yspeed:6.150000,angle:-9.180000,distense:107.000000,rcs:15.000000
