timestame:1619470737.975000000,objid:0,type:0,xpos:0.000000,ypos:0.000000,xspeed:-16.120000,yspeed:-1.060000,angle:-4.510000,distense:148.600000,rcs:6.000000
timestame:1619470737.975000000,objid:1,type:0,xpos:0.000000,ypos:0.000000,xspeed:11.890000,yspeed:-0.090000,angle:1.180000,distense:121.600000,rcs:12.000000
timestame:1619470737.975000000,objid:6,type:0,xpos:0.000000,ypos:0.000000,xspeed:12.120000,yspeed:0.060000,angle:1.420000,distense:111.400000,rcs:29.000000
