timestame:1619469754.163000000,objid:1,type:0,xpos:0.000000,ypos:0.000000,xspeed:4.750000,yspeed:3.580000,angle:-14.590000,distense:44.200000,rcs:6.000000
timestame:1619469754.163000000,objid:2,type:0,xpos:0.000000,ypos:0.000000,xspeed:24.840000,yspeed:5.630000,angle:20.020000,distense:34.200000,rcs:20.000000
timestame:1619469754.163000000,objid:4,type:0,xpos:0.000000,ypos:0.000000,xspeed:-14.270000,yspeed:3.430000,angle:-3.640000,distense:15.200000,rcs:6.000000
