timestame:1619469645.730000000,objid:2,type:0,xpos:0.000000,ypos:0.000000,xspeed:12.670000,yspeed:0.890000,angle:5.470000,distense:74.200000,rcs:29.000000
timestame:1619469645.730000000,objid:13,type:0,xpos:0.000000,ypos:0.000000,xspeed:15.190000,yspeed:0.590000,angle:2.270000,distense:131.000000,rcs:30.000000
timestame:1619469645.730000000,objid:14,type:0,xpos:0.000000,ypos:0.000000,xspeed:12.840000,yspeed:0.400000,angle:5.390000,distense:71.400000,rcs:23.000000
