timestame:1619471319.583000000,objid:1,type:0,xpos:0.000000,ypos:0.000000,xspeed:-7.470000,yspeed:-0.770000,angle:-6.220000,distense:104.000000,rcs:15.000000
timestame:1619471319.583000000,objid:2,type:0,xpos:0.000000,ypos:0.000000,xspeed:-3.500000,yspeed:0.000000,angle:-16.310000,distense:45.800000,rcs:22.000000
timestame:1619471319.583000000,objid:3,type:0,xpos:0.000000,ypos:0.000000,xspeed:-14.680000,yspeed:-1.350000,angle:-3.370000,distense:190.800000,rcs:6.000000
