timestame:1619469536.015000000,objid:4,type:0,xpos:0.000000,ypos:0.000000,xspeed:16.540000,yspeed:0.380000,angle:1.970000,distense:96.200000,rcs:25.000000
timestame:1619469536.015000000,objid:7,type:0,xpos:0.000000,ypos:0.000000,xspeed:16.270000,yspeed:0.380000,angle:1.650000,distense:103.400000,rcs:12.000000
