timestame:1619471004.503000000,objid:1,type:0,xpos:0.000000,ypos:0.000000,xspeed:-12.940000,yspeed:-0.740000,angle:-7.180000,distense:123.800000,rcs:20.000000
timestame:1619471004.503000000,objid:4,type:0,xpos:0.000000,ypos:0.000000,xspeed:1.140000,yspeed:0.060000,angle:0.320000,distense:18.000000,rcs:6.000000
timestame:1619471004.503000000,objid:7,type:0,xpos:0.000000,ypos:0.000000,xspeed:17.770000,yspeed:0.000000,angle:8.050000,distense:174.000000,rcs:12.000000
