timestame:1619471194.135000000,objid:2,type:0,xpos:0.000000,ypos:0.000000,xspeed:-2.140000,yspeed:-2.270000,angle:-18.000000,distense:37.800000,rcs:9.000000
timestame:1619471194.135000000,objid:11,type:0,xpos:0.000000,ypos:0.000000,xspeed:1.760000,yspeed:2.020000,angle:-18.000000,distense:40.800000,rcs:32.000000
timestame:1619471194.135000000,objid:15,type:0,xpos:0.000000,ypos:0.000000,xspeed:-2.630000,yspeed:-2.290000,angle:-18.000000,distense:37.400000,rcs:19.000000
timestame:1619471194.135000000,objid:17,type:0,xpos:0.000000,ypos:0.000000,xspeed:7.750000,yspeed:0.360000,angle:3.900000,distense:96.200000,rcs:30.000000
