timestame:1619469877.692000000,objid:3,type:0,xpos:0.000000,ypos:0.000000,xspeed:-5.020000,yspeed:-0.910000,angle:-18.000000,distense:31.000000,rcs:9.000000
timestame:1619469877.692000000,objid:4,type:0,xpos:0.000000,ypos:0.000000,xspeed:-1.620000,yspeed:1.840000,angle:-12.750000,distense:39.000000,rcs:28.000000
timestame:1619469877.692000000,objid:6,type:0,xpos:0.000000,ypos:0.000000,xspeed:-2.320000,yspeed:-0.680000,angle:-18.000000,distense:35.800000,rcs:9.000000
timestame:1619469877.692000000,objid:9,type:0,xpos:0.000000,ypos:0.000000,xspeed:-6.050000,yspeed:-7.460000,angle:-5.120000,distense:60.600000,rcs:6.000000
