timestame:1619471371.750000000,objid:1,type:0,xpos:0.000000,ypos:0.000000,xspeed:8.840000,yspeed:-0.020000,angle:2.350000,distense:157.200000,rcs:15.000000
timestame:1619471371.750000000,objid:7,type:0,xpos:0.000000,ypos:0.000000,xspeed:10.430000,yspeed:0.210000,angle:1.500000,distense:203.800000,rcs:20.000000
