timestame:1619469891.755000000,objid:2,type:0,xpos:0.000000,ypos:0.000000,xspeed:-4.360000,yspeed:-0.220000,angle:-16.250000,distense:48.800000,rcs:20.000000
timestame:1619469891.755000000,objid:5,type:0,xpos:0.000000,ypos:0.000000,xspeed:-2.940000,yspeed:-0.190000,angle:-18.000000,distense:53.000000,rcs:21.000000
timestame:1619469891.755000000,objid:10,type:0,xpos:0.000000,ypos:0.000000,xspeed:-11.880000,yspeed:7.620000,angle:-2.680000,distense:148.400000,rcs:6.000000
timestame:1619469891.755000000,objid:16,type:0,xpos:0.000000,ypos:0.000000,xspeed:-3.780000,yspeed:-0.220000,angle:-12.640000,distense:60.800000,rcs:25.000000
