timestame:1619470774.108000000,objid:0,type:0,xpos:0.000000,ypos:0.000000,xspeed:-9.380000,yspeed:-0.140000,angle:-7.400000,distense:115.800000,rcs:15.000000
timestame:1619470774.108000000,objid:2,type:0,xpos:0.000000,ypos:0.000000,xspeed:17.310000,yspeed:0.690000,angle:1.530000,distense:154.200000,rcs:20.000000
