timestame:1619470042.357000000,objid:1,type:0,xpos:0.000000,ypos:0.000000,xspeed:12.750000,yspeed:0.010000,angle:1.130000,distense:163.400000,rcs:12.000000
timestame:1619470042.357000000,objid:3,type:0,xpos:0.000000,ypos:0.000000,xspeed:13.650000,yspeed:0.110000,angle:1.470000,distense:137.600000,rcs:20.000000
timestame:1619470042.357000000,objid:4,type:0,xpos:0.000000,ypos:0.000000,xspeed:8.200000,yspeed:-0.680000,angle:3.940000,distense:58.600000,rcs:6.000000
timestame:1619470042.357000000,objid:5,type:0,xpos:0.000000,ypos:0.000000,xspeed:4.590000,yspeed:0.210000,angle:6.260000,distense:44.000000,rcs:39.000000
