timestame:1619470749.023000000,objid:4,type:0,xpos:0.000000,ypos:0.000000,xspeed:-6.390000,yspeed:0.610000,angle:-18.000000,distense:34.000000,rcs:9.000000
timestame:1619470749.023000000,objid:7,type:0,xpos:0.000000,ypos:0.000000,xspeed:-1.160000,yspeed:11.500000,angle:-9.880000,distense:47.200000,rcs:13.000000
