timestame:1619471265.135000000,objid:0,type:0,xpos:0.000000,ypos:0.000000,xspeed:11.860000,yspeed:3.980000,angle:3.410000,distense:164.600000,rcs:9.000000
timestame:1619471265.135000000,objid:2,type:0,xpos:0.000000,ypos:0.000000,xspeed:13.050000,yspeed:0.130000,angle:2.640000,distense:140.600000,rcs:19.000000
timestame:1619471265.135000000,objid:6,type:0,xpos:0.000000,ypos:0.000000,xspeed:13.000000,yspeed:-0.060000,angle:2.350000,distense:152.600000,rcs:9.000000
timestame:1619471265.135000000,objid:10,type:0,xpos:0.000000,ypos:0.000000,xspeed:12.910000,yspeed:-0.100000,angle:2.590000,distense:128.000000,rcs:28.000000
