timestame:1619470707.717000000,objid:1,type:0,xpos:0.000000,ypos:0.000000,xspeed:12.200000,yspeed:0.110000,angle:2.160000,distense:185.000000,rcs:13.000000
timestame:1619470707.717000000,objid:2,type:0,xpos:0.000000,ypos:0.000000,xspeed:3.170000,yspeed:1.180000,angle:-14.620000,distense:17.400000,rcs:22.000000
