timestame:1619469994.904000000,objid:6,type:0,xpos:0.000000,ypos:0.000000,xspeed:-5.640000,yspeed:2.190000,angle:22.880000,distense:50.000000,rcs:6.000000
timestame:1619469994.904000000,objid:8,type:0,xpos:0.000000,ypos:0.000000,xspeed:1.180000,yspeed:3.190000,angle:-3.050000,distense:42.200000,rcs:9.000000
timestame:1619469994.904000000,objid:15,type:0,xpos:0.000000,ypos:0.000000,xspeed:-1.320000,yspeed:-2.360000,angle:-17.330000,distense:36.400000,rcs:35.000000
timestame:1619469994.904000000,objid:24,type:0,xpos:0.000000,ypos:0.000000,xspeed:2.520000,yspeed:2.670000,angle:-11.880000,distense:38.000000,rcs:12.000000
