timestame:1619470609.005000000,objid:0,type:0,xpos:0.000000,ypos:0.000000,xspeed:18.590000,yspeed:-1.370000,angle:11.010000,distense:33.600000,rcs:15.000000
timestame:1619470609.005000000,objid:2,type:0,xpos:0.000000,ypos:0.000000,xspeed:7.600000,yspeed:0.010000,angle:18.110000,distense:25.800000,rcs:20.000000
