timestame:1619471163.737000000,objid:3,type:0,xpos:0.000000,ypos:0.000000,xspeed:3.950000,yspeed:4.350000,angle:-12.450000,distense:40.600000,rcs:18.000000
timestame:1619471163.737000000,objid:5,type:0,xpos:0.000000,ypos:0.000000,xspeed:2.420000,yspeed:5.570000,angle:-4.260000,distense:48.000000,rcs:6.000000
timestame:1619471163.737000000,objid:8,type:0,xpos:0.000000,ypos:0.000000,xspeed:3.430000,yspeed:4.190000,angle:-9.970000,distense:43.000000,rcs:9.000000
