timestame:1619469917.883000000,objid:1,type:0,xpos:0.000000,ypos:0.000000,xspeed:5.700000,yspeed:0.150000,angle:1.580000,distense:117.200000,rcs:20.000000
timestame:1619469917.883000000,objid:8,type:0,xpos:0.000000,ypos:0.000000,xspeed:5.760000,yspeed:0.040000,angle:1.520000,distense:110.600000,rcs:25.000000
