timestame:1619470002.224000000,objid:6,type:0,xpos:0.000000,ypos:0.000000,xspeed:1.550000,yspeed:-0.710000,angle:-18.000000,distense:39.600000,rcs:24.000000
timestame:1619470002.224000000,objid:11,type:0,xpos:0.000000,ypos:0.000000,xspeed:-1.500000,yspeed:-0.350000,angle:-18.000000,distense:29.000000,rcs:6.000000
timestame:1619470002.224000000,objid:19,type:0,xpos:0.000000,ypos:0.000000,xspeed:1.380000,yspeed:-0.350000,angle:10.820000,distense:13.600000,rcs:25.000000
