timestame:1619469923.773000000,objid:1,type:0,xpos:0.000000,ypos:0.000000,xspeed:6.060000,yspeed:0.130000,angle:1.420000,distense:152.400000,rcs:13.000000
timestame:1619469923.773000000,objid:8,type:0,xpos:0.000000,ypos:0.000000,xspeed:6.100000,yspeed:0.050000,angle:1.350000,distense:145.400000,rcs:25.000000
