timestame:1619471234.349000000,objid:0,type:0,xpos:0.000000,ypos:0.000000,xspeed:7.920000,yspeed:-0.080000,angle:1.380000,distense:128.200000,rcs:6.000000
timestame:1619471234.349000000,objid:9,type:0,xpos:0.000000,ypos:0.000000,xspeed:7.320000,yspeed:0.100000,angle:1.570000,distense:118.000000,rcs:22.000000
