timestame:1619470943.452000000,objid:1,type:0,xpos:0.000000,ypos:0.000000,xspeed:-5.780000,yspeed:0.920000,angle:-15.320000,distense:48.400000,rcs:18.000000
timestame:1619470943.452000000,objid:5,type:0,xpos:0.000000,ypos:0.000000,xspeed:-6.500000,yspeed:-0.480000,angle:-18.000000,distense:51.800000,rcs:22.000000
timestame:1619470943.452000000,objid:7,type:0,xpos:0.000000,ypos:0.000000,xspeed:-5.900000,yspeed:-0.560000,angle:-18.000000,distense:48.800000,rcs:19.000000
