timestame:1619469587.932000000,objid:1,type:0,xpos:0.000000,ypos:0.000000,xspeed:-2.100000,yspeed:-2.660000,angle:-11.420000,distense:84.600000,rcs:20.000000
timestame:1619469587.932000000,objid:6,type:0,xpos:0.000000,ypos:0.000000,xspeed:-1.290000,yspeed:0.990000,angle:-9.120000,distense:94.200000,rcs:13.000000
