timestame:1619470482.628000000,objid:1,type:0,xpos:0.000000,ypos:0.000000,xspeed:-4.130000,yspeed:-0.150000,angle:-7.730000,distense:88.400000,rcs:26.000000
timestame:1619470482.628000000,objid:2,type:0,xpos:0.000000,ypos:0.000000,xspeed:1.700000,yspeed:-0.130000,angle:10.850000,distense:83.600000,rcs:6.000000
timestame:1619470482.628000000,objid:3,type:0,xpos:0.000000,ypos:0.000000,xspeed:2.970000,yspeed:-2.480000,angle:20.100000,distense:45.400000,rcs:33.000000
timestame:1619470482.628000000,objid:8,type:0,xpos:0.000000,ypos:0.000000,xspeed:-19.820000,yspeed:0.000000,angle:16.110000,distense:42.600000,rcs:30.000000
