timestame:1619471366.883000000,objid:1,type:0,xpos:0.000000,ypos:0.000000,xspeed:7.630000,yspeed:-0.210000,angle:3.080000,distense:115.200000,rcs:25.000000
timestame:1619471366.883000000,objid:2,type:0,xpos:0.000000,ypos:0.000000,xspeed:8.000000,yspeed:-0.080000,angle:3.120000,distense:121.000000,rcs:13.000000
timestame:1619471366.883000000,objid:7,type:0,xpos:0.000000,ypos:0.000000,xspeed:11.740000,yspeed:0.240000,angle:1.610000,distense:151.800000,rcs:22.000000
