timestame:1619471082.052000000,objid:1,type:0,xpos:0.000000,ypos:0.000000,xspeed:-7.560000,yspeed:-0.590000,angle:-18.000000,distense:26.800000,rcs:6.000000
timestame:1619471082.052000000,objid:4,type:0,xpos:0.000000,ypos:0.000000,xspeed:2.670000,yspeed:0.110000,angle:1.280000,distense:26.800000,rcs:40.000000
timestame:1619471082.052000000,objid:6,type:0,xpos:0.000000,ypos:0.000000,xspeed:-7.130000,yspeed:-0.420000,angle:-18.000000,distense:25.000000,rcs:6.000000
timestame:1619471082.052000000,objid:10,type:0,xpos:0.000000,ypos:0.000000,xspeed:5.870000,yspeed:0.390000,angle:1.420000,distense:41.400000,rcs:6.000000
