timestame:1619471235.282000000,objid:0,type:0,xpos:0.000000,ypos:0.000000,xspeed:7.940000,yspeed:-0.020000,angle:1.330000,distense:136.000000,rcs:9.000000
timestame:1619471235.282000000,objid:9,type:0,xpos:0.000000,ypos:0.000000,xspeed:7.670000,yspeed:0.110000,angle:1.520000,distense:125.800000,rcs:26.000000
