timestame:1619470664.306000000,objid:0,type:0,xpos:0.000000,ypos:0.000000,xspeed:-1.410000,yspeed:0.100000,angle:-9.720000,distense:94.000000,rcs:18.000000
timestame:1619470664.306000000,objid:1,type:0,xpos:0.000000,ypos:0.000000,xspeed:3.150000,yspeed:-4.440000,angle:-18.000000,distense:53.400000,rcs:9.000000
timestame:1619470664.306000000,objid:3,type:0,xpos:0.000000,ypos:0.000000,xspeed:-1.420000,yspeed:0.010000,angle:-7.860000,distense:105.800000,rcs:12.000000
