timestame:1619469556.498000000,objid:2,type:0,xpos:0.000000,ypos:0.000000,xspeed:-1.010000,yspeed:4.740000,angle:-14.280000,distense:38.200000,rcs:15.000000
timestame:1619469556.498000000,objid:4,type:0,xpos:0.000000,ypos:0.000000,xspeed:-1.760000,yspeed:6.260000,angle:0.040000,distense:41.400000,rcs:27.000000
timestame:1619469556.498000000,objid:5,type:0,xpos:0.000000,ypos:0.000000,xspeed:-2.690000,yspeed:7.690000,angle:5.220000,distense:40.800000,rcs:30.000000
timestame:1619469556.498000000,objid:10,type:0,xpos:0.000000,ypos:0.000000,xspeed:1.290000,yspeed:-4.540000,angle:4.480000,distense:50.000000,rcs:16.000000
