timestame:1619469915.152000000,objid:1,type:0,xpos:0.000000,ypos:0.000000,xspeed:5.220000,yspeed:0.030000,angle:1.550000,distense:101.200000,rcs:24.000000
timestame:1619469915.152000000,objid:2,type:0,xpos:0.000000,ypos:0.000000,xspeed:13.110000,yspeed:0.360000,angle:2.530000,distense:195.600000,rcs:18.000000
timestame:1619469915.152000000,objid:8,type:0,xpos:0.000000,ypos:0.000000,xspeed:5.210000,yspeed:-0.130000,angle:1.550000,distense:94.200000,rcs:22.000000
