timestame:1619469817.521000000,objid:4,type:0,xpos:0.000000,ypos:0.000000,xspeed:-8.450000,yspeed:0.110000,angle:-4.680000,distense:166.200000,rcs:12.000000
timestame:1619469817.521000000,objid:5,type:0,xpos:0.000000,ypos:0.000000,xspeed:-2.310000,yspeed:5.020000,angle:-18.000000,distense:46.000000,rcs:16.000000
timestame:1619469817.521000000,objid:6,type:0,xpos:0.000000,ypos:0.000000,xspeed:4.320000,yspeed:3.170000,angle:-15.840000,distense:34.200000,rcs:6.000000
timestame:1619469817.521000000,objid:7,type:0,xpos:0.000000,ypos:0.000000,xspeed:1.790000,yspeed:-4.050000,angle:4.460000,distense:50.400000,rcs:27.000000
