timestame:1619471168.326000000,objid:0,type:0,xpos:0.000000,ypos:0.000000,xspeed:-9.540000,yspeed:-0.290000,angle:-4.990000,distense:124.800000,rcs:16.000000
timestame:1619471168.326000000,objid:2,type:0,xpos:0.000000,ypos:0.000000,xspeed:3.040000,yspeed:0.660000,angle:3.660000,distense:14.200000,rcs:27.000000
