timestame:1619469762.322000000,objid:3,type:0,xpos:0.000000,ypos:0.000000,xspeed:5.140000,yspeed:0.770000,angle:19.750000,distense:22.400000,rcs:23.000000
timestame:1619469762.322000000,objid:5,type:0,xpos:0.000000,ypos:0.000000,xspeed:-18.280000,yspeed:-0.010000,angle:-13.510000,distense:71.600000,rcs:12.000000
timestame:1619469762.322000000,objid:6,type:0,xpos:0.000000,ypos:0.000000,xspeed:3.780000,yspeed:1.540000,angle:-15.290000,distense:18.400000,rcs:13.000000
