timestame:1619470683.594000000,objid:0,type:0,xpos:0.000000,ypos:0.000000,xspeed:-3.690000,yspeed:-0.130000,angle:-17.120000,distense:57.800000,rcs:20.000000
timestame:1619470683.594000000,objid:2,type:0,xpos:0.000000,ypos:0.000000,xspeed:-1.770000,yspeed:-0.280000,angle:-12.940000,distense:71.600000,rcs:19.000000
timestame:1619470683.594000000,objid:5,type:0,xpos:0.000000,ypos:0.000000,xspeed:3.740000,yspeed:0.320000,angle:19.090000,distense:23.200000,rcs:13.000000
timestame:1619470683.594000000,objid:7,type:0,xpos:0.000000,ypos:0.000000,xspeed:-6.950000,yspeed:0.100000,angle:-13.980000,distense:65.000000,rcs:19.000000
