timestame:1619470597.028000000,objid:1,type:0,xpos:0.000000,ypos:0.000000,xspeed:5.260000,yspeed:3.460000,angle:-13.690000,distense:37.800000,rcs:26.000000
timestame:1619470597.028000000,objid:3,type:0,xpos:0.000000,ypos:0.000000,xspeed:-3.470000,yspeed:1.330000,angle:7.390000,distense:173.600000,rcs:6.000000
timestame:1619470597.028000000,objid:5,type:0,xpos:0.000000,ypos:0.000000,xspeed:4.590000,yspeed:4.290000,angle:-10.200000,distense:48.400000,rcs:6.000000
