timestame:1619469920.979000000,objid:1,type:0,xpos:0.000000,ypos:0.000000,xspeed:5.850000,yspeed:0.030000,angle:1.250000,distense:135.400000,rcs:13.000000
timestame:1619469920.979000000,objid:8,type:0,xpos:0.000000,ypos:0.000000,xspeed:5.800000,yspeed:0.090000,angle:1.490000,distense:128.600000,rcs:18.000000
