timestame:1619470277.927000000,objid:1,type:0,xpos:0.000000,ypos:0.000000,xspeed:-10.310000,yspeed:0.130000,angle:-5.790000,distense:83.400000,rcs:13.000000
timestame:1619470277.927000000,objid:2,type:0,xpos:0.000000,ypos:0.000000,xspeed:-2.300000,yspeed:0.040000,angle:-7.260000,distense:86.400000,rcs:9.000000
timestame:1619470277.927000000,objid:11,type:0,xpos:0.000000,ypos:0.000000,xspeed:-2.640000,yspeed:-0.360000,angle:-10.540000,distense:71.200000,rcs:23.000000
