timestame:1619471125.168000000,objid:0,type:0,xpos:0.000000,ypos:0.000000,xspeed:-1.720000,yspeed:3.320000,angle:18.880000,distense:40.000000,rcs:21.000000
timestame:1619471125.168000000,objid:2,type:0,xpos:0.000000,ypos:0.000000,xspeed:-1.780000,yspeed:6.260000,angle:-16.990000,distense:40.000000,rcs:16.000000
