timestame:1619470966.979000000,objid:0,type:0,xpos:0.000000,ypos:0.000000,xspeed:4.560000,yspeed:0.070000,angle:5.320000,distense:65.800000,rcs:35.000000
timestame:1619470966.979000000,objid:1,type:0,xpos:0.000000,ypos:0.000000,xspeed:13.580000,yspeed:0.060000,angle:0.890000,distense:162.600000,rcs:20.000000
timestame:1619470966.979000000,objid:6,type:0,xpos:0.000000,ypos:0.000000,xspeed:11.450000,yspeed:0.360000,angle:1.930000,distense:137.200000,rcs:9.000000
timestame:1619470966.979000000,objid:7,type:0,xpos:0.000000,ypos:0.000000,xspeed:6.590000,yspeed:1.730000,angle:21.060000,distense:24.400000,rcs:31.000000
