timestame:1619470831.646000000,objid:1,type:0,xpos:0.000000,ypos:0.000000,xspeed:9.350000,yspeed:0.110000,angle:3.080000,distense:109.800000,rcs:22.000000
timestame:1619470831.646000000,objid:2,type:0,xpos:0.000000,ypos:0.000000,xspeed:7.450000,yspeed:-0.120000,angle:2.810000,distense:112.600000,rcs:13.000000
timestame:1619470831.646000000,objid:3,type:0,xpos:0.000000,ypos:0.000000,xspeed:8.740000,yspeed:0.030000,angle:3.720000,distense:101.800000,rcs:22.000000
timestame:1619470831.646000000,objid:6,type:0,xpos:0.000000,ypos:0.000000,xspeed:11.840000,yspeed:-0.010000,angle:1.300000,distense:140.600000,rcs:24.000000
