timestame:1619470070.965000000,objid:3,type:0,xpos:0.000000,ypos:0.000000,xspeed:-1.770000,yspeed:2.730000,angle:11.070000,distense:49.400000,rcs:39.000000
timestame:1619470070.965000000,objid:4,type:0,xpos:0.000000,ypos:0.000000,xspeed:-1.880000,yspeed:3.010000,angle:15.500000,distense:44.200000,rcs:9.000000
timestame:1619470070.965000000,objid:8,type:0,xpos:0.000000,ypos:0.000000,xspeed:3.000000,yspeed:2.000000,angle:-15.140000,distense:34.600000,rcs:29.000000
