timestame:1619469890.518000000,objid:2,type:0,xpos:0.000000,ypos:0.000000,xspeed:-4.040000,yspeed:-0.080000,angle:-14.200000,distense:54.000000,rcs:19.000000
timestame:1619469890.518000000,objid:5,type:0,xpos:0.000000,ypos:0.000000,xspeed:-2.840000,yspeed:-0.100000,angle:-17.960000,distense:56.600000,rcs:24.000000
timestame:1619469890.518000000,objid:16,type:0,xpos:0.000000,ypos:0.000000,xspeed:-3.700000,yspeed:-0.120000,angle:-11.510000,distense:65.400000,rcs:23.000000
