timestame:1619469791.040000000,objid:1,type:0,xpos:0.000000,ypos:0.000000,xspeed:-16.350000,yspeed:-0.700000,angle:-18.000000,distense:30.800000,rcs:6.000000
timestame:1619469791.040000000,objid:3,type:0,xpos:0.000000,ypos:0.000000,xspeed:12.550000,yspeed:1.760000,angle:-18.000000,distense:45.400000,rcs:26.000000
timestame:1619469791.040000000,objid:4,type:0,xpos:0.000000,ypos:0.000000,xspeed:-14.700000,yspeed:-1.100000,angle:-18.000000,distense:24.200000,rcs:6.000000
