timestame:1619470967.165000000,objid:0,type:0,xpos:0.000000,ypos:0.000000,xspeed:4.620000,yspeed:0.140000,angle:5.380000,distense:66.600000,rcs:32.000000
timestame:1619470967.165000000,objid:1,type:0,xpos:0.000000,ypos:0.000000,xspeed:13.540000,yspeed:0.200000,angle:0.980000,distense:165.000000,rcs:18.000000
timestame:1619470967.165000000,objid:6,type:0,xpos:0.000000,ypos:0.000000,xspeed:11.570000,yspeed:0.380000,angle:1.940000,distense:139.400000,rcs:12.000000
timestame:1619470967.165000000,objid:7,type:0,xpos:0.000000,ypos:0.000000,xspeed:6.430000,yspeed:1.730000,angle:20.930000,distense:25.400000,rcs:31.000000
