timestame:1619470475.034000000,objid:1,type:0,xpos:0.000000,ypos:0.000000,xspeed:-11.240000,yspeed:-0.280000,angle:-4.850000,distense:136.800000,rcs:15.000000
timestame:1619470475.034000000,objid:2,type:0,xpos:0.000000,ypos:0.000000,xspeed:1.200000,yspeed:-0.640000,angle:13.820000,distense:72.200000,rcs:6.000000
