timestame:1619469931.265000000,objid:0,type:0,xpos:0.000000,ypos:0.000000,xspeed:-1.710000,yspeed:2.550000,angle:-18.000000,distense:39.200000,rcs:16.000000
timestame:1619469931.265000000,objid:1,type:0,xpos:0.000000,ypos:0.000000,xspeed:8.110000,yspeed:0.220000,angle:1.470000,distense:208.800000,rcs:15.000000
timestame:1619469931.265000000,objid:8,type:0,xpos:0.000000,ypos:0.000000,xspeed:8.080000,yspeed:0.270000,angle:1.290000,distense:202.200000,rcs:20.000000
