timestame:1619470773.984000000,objid:0,type:0,xpos:0.000000,ypos:0.000000,xspeed:-9.380000,yspeed:-0.140000,angle:-7.320000,distense:116.800000,rcs:15.000000
timestame:1619470773.984000000,objid:2,type:0,xpos:0.000000,ypos:0.000000,xspeed:17.550000,yspeed:0.840000,angle:1.560000,distense:152.400000,rcs:12.000000
