timestame:1619470941.717000000,objid:1,type:0,xpos:0.000000,ypos:0.000000,xspeed:-4.880000,yspeed:0.370000,angle:-15.020000,distense:59.400000,rcs:13.000000
timestame:1619470941.717000000,objid:5,type:0,xpos:0.000000,ypos:0.000000,xspeed:-6.300000,yspeed:-0.480000,angle:-15.940000,distense:62.000000,rcs:20.000000
timestame:1619470941.717000000,objid:10,type:0,xpos:0.000000,ypos:0.000000,xspeed:-4.500000,yspeed:0.400000,angle:-11.170000,distense:61.000000,rcs:16.000000
