timestame:1619469566.777000000,objid:1,type:0,xpos:0.000000,ypos:0.000000,xspeed:39.140000,yspeed:-3.940000,angle:1.420000,distense:69.400000,rcs:9.000000
timestame:1619469566.777000000,objid:5,type:0,xpos:0.000000,ypos:0.000000,xspeed:-1.280000,yspeed:-2.300000,angle:-12.890000,distense:49.200000,rcs:18.000000
timestame:1619469566.777000000,objid:18,type:0,xpos:0.000000,ypos:0.000000,xspeed:8.280000,yspeed:3.650000,angle:-4.870000,distense:51.400000,rcs:6.000000
timestame:1619469566.777000000,objid:19,type:0,xpos:0.000000,ypos:0.000000,xspeed:6.040000,yspeed:-6.090000,angle:-6.620000,distense:53.200000,rcs:9.000000
