timestame:1619469567.888000000,objid:1,type:0,xpos:0.000000,ypos:0.000000,xspeed:1.620000,yspeed:1.890000,angle:-18.000000,distense:41.400000,rcs:30.000000
timestame:1619469567.888000000,objid:2,type:0,xpos:0.000000,ypos:0.000000,xspeed:-1.160000,yspeed:-3.850000,angle:-7.110000,distense:37.000000,rcs:31.000000
timestame:1619469567.888000000,objid:8,type:0,xpos:0.000000,ypos:0.000000,xspeed:3.190000,yspeed:-6.230000,angle:-1.610000,distense:61.200000,rcs:9.000000
timestame:1619469567.888000000,objid:11,type:0,xpos:0.000000,ypos:0.000000,xspeed:-2.180000,yspeed:-4.930000,angle:-15.080000,distense:34.800000,rcs:26.000000
