timestame:1619471036.902000000,objid:2,type:0,xpos:0.000000,ypos:0.000000,xspeed:-1.660000,yspeed:-3.180000,angle:-16.820000,distense:42.200000,rcs:13.000000
timestame:1619471036.902000000,objid:3,type:0,xpos:0.000000,ypos:0.000000,xspeed:1.860000,yspeed:-3.530000,angle:21.040000,distense:48.400000,rcs:23.000000
timestame:1619471036.902000000,objid:7,type:0,xpos:0.000000,ypos:0.000000,xspeed:-1.720000,yspeed:-7.160000,angle:-10.410000,distense:75.800000,rcs:6.000000
