timestame:1619470775.604000000,objid:0,type:0,xpos:0.000000,ypos:0.000000,xspeed:17.080000,yspeed:8.570000,angle:1.370000,distense:182.800000,rcs:12.000000
timestame:1619470775.604000000,objid:1,type:0,xpos:0.000000,ypos:0.000000,xspeed:-6.980000,yspeed:-0.840000,angle:-8.040000,distense:108.800000,rcs:24.000000
