timestame:1619471002.778000000,objid:1,type:0,xpos:0.000000,ypos:0.000000,xspeed:-13.470000,yspeed:-0.380000,angle:-5.420000,distense:145.800000,rcs:12.000000
timestame:1619471002.778000000,objid:3,type:0,xpos:0.000000,ypos:0.000000,xspeed:1.340000,yspeed:-2.830000,angle:-15.020000,distense:46.600000,rcs:20.000000
timestame:1619471002.778000000,objid:4,type:0,xpos:0.000000,ypos:0.000000,xspeed:1.950000,yspeed:0.140000,angle:-0.290000,distense:16.600000,rcs:26.000000
