timestame:1619471038.508000000,objid:1,type:0,xpos:0.000000,ypos:0.000000,xspeed:-2.890000,yspeed:-5.160000,angle:9.440000,distense:44.000000,rcs:40.000000
timestame:1619471038.508000000,objid:2,type:0,xpos:0.000000,ypos:0.000000,xspeed:-2.040000,yspeed:-2.130000,angle:-18.000000,distense:39.800000,rcs:22.000000
timestame:1619471038.508000000,objid:3,type:0,xpos:0.000000,ypos:0.000000,xspeed:1.220000,yspeed:-3.330000,angle:14.880000,distense:48.200000,rcs:28.000000
