timestame:1619470053.699000000,objid:0,type:0,xpos:0.000000,ypos:0.000000,xspeed:7.730000,yspeed:-0.110000,angle:2.600000,distense:133.800000,rcs:6.000000
timestame:1619470053.699000000,objid:5,type:0,xpos:0.000000,ypos:0.000000,xspeed:8.270000,yspeed:0.010000,angle:3.100000,distense:125.600000,rcs:25.000000
