timestame:1619470443.754000000,objid:1,type:0,xpos:0.000000,ypos:0.000000,xspeed:16.910000,yspeed:0.210000,angle:1.680000,distense:121.200000,rcs:20.000000
timestame:1619470443.754000000,objid:2,type:0,xpos:0.000000,ypos:0.000000,xspeed:3.980000,yspeed:-0.160000,angle:8.130000,distense:89.600000,rcs:12.000000
