timestame:1619470162.210000000,objid:0,type:0,xpos:0.000000,ypos:0.000000,xspeed:-15.360000,yspeed:-1.200000,angle:-18.000000,distense:26.000000,rcs:6.000000
timestame:1619470162.210000000,objid:3,type:0,xpos:0.000000,ypos:0.000000,xspeed:4.280000,yspeed:0.590000,angle:8.500000,distense:34.000000,rcs:35.000000
