timestame:1619470279.345000000,objid:1,type:0,xpos:0.000000,ypos:0.000000,xspeed:-9.930000,yspeed:-0.070000,angle:-7.240000,distense:70.400000,rcs:20.000000
timestame:1619470279.345000000,objid:2,type:0,xpos:0.000000,ypos:0.000000,xspeed:-15.990000,yspeed:-3.200000,angle:-3.420000,distense:206.400000,rcs:18.000000
timestame:1619470279.345000000,objid:3,type:0,xpos:0.000000,ypos:0.000000,xspeed:-3.470000,yspeed:-0.310000,angle:-9.750000,distense:72.800000,rcs:24.000000
timestame:1619470279.345000000,objid:11,type:0,xpos:0.000000,ypos:0.000000,xspeed:-3.140000,yspeed:-0.180000,angle:-11.380000,distense:66.600000,rcs:28.000000
