timestame:1619470836.233000000,objid:1,type:0,xpos:0.000000,ypos:0.000000,xspeed:11.200000,yspeed:0.060000,angle:2.210000,distense:160.000000,rcs:13.000000
timestame:1619470836.233000000,objid:3,type:0,xpos:0.000000,ypos:0.000000,xspeed:3.040000,yspeed:2.760000,angle:-15.560000,distense:27.000000,rcs:13.000000
timestame:1619470836.233000000,objid:6,type:0,xpos:0.000000,ypos:0.000000,xspeed:14.780000,yspeed:0.260000,angle:1.200000,distense:209.000000,rcs:9.000000
timestame:1619470836.233000000,objid:7,type:0,xpos:0.000000,ypos:0.000000,xspeed:11.570000,yspeed:0.290000,angle:2.590000,distense:152.600000,rcs:20.000000
