timestame:1619470143.145000000,objid:0,type:0,xpos:0.000000,ypos:0.000000,xspeed:4.650000,yspeed:0.210000,angle:19.610000,distense:26.200000,rcs:29.000000
timestame:1619470143.145000000,objid:3,type:0,xpos:0.000000,ypos:0.000000,xspeed:12.350000,yspeed:-7.930000,angle:3.140000,distense:34.800000,rcs:6.000000
timestame:1619470143.145000000,objid:4,type:0,xpos:0.000000,ypos:0.000000,xspeed:-3.600000,yspeed:1.030000,angle:16.440000,distense:24.200000,rcs:6.000000
