timestame:1619470277.187000000,objid:1,type:0,xpos:0.000000,ypos:0.000000,xspeed:-10.280000,yspeed:0.280000,angle:-5.160000,distense:91.400000,rcs:9.000000
timestame:1619470277.187000000,objid:2,type:0,xpos:0.000000,ypos:0.000000,xspeed:-2.090000,yspeed:0.160000,angle:-6.980000,distense:88.400000,rcs:18.000000
timestame:1619470277.187000000,objid:11,type:0,xpos:0.000000,ypos:0.000000,xspeed:-2.120000,yspeed:-0.060000,angle:-9.510000,distense:74.000000,rcs:26.000000
timestame:1619470277.187000000,objid:22,type:0,xpos:0.000000,ypos:0.000000,xspeed:-1.570000,yspeed:-0.070000,angle:-8.170000,distense:82.200000,rcs:18.000000
