timestame:1619470975.242000000,objid:0,type:0,xpos:0.000000,ypos:0.000000,xspeed:6.600000,yspeed:0.050000,angle:3.460000,distense:115.200000,rcs:20.000000
timestame:1619470975.242000000,objid:3,type:0,xpos:0.000000,ypos:0.000000,xspeed:7.140000,yspeed:-0.010000,angle:2.430000,distense:125.200000,rcs:9.000000
timestame:1619470975.242000000,objid:5,type:0,xpos:0.000000,ypos:0.000000,xspeed:-17.640000,yspeed:5.410000,angle:-5.780000,distense:138.400000,rcs:12.000000
timestame:1619470975.242000000,objid:9,type:0,xpos:0.000000,ypos:0.000000,xspeed:1.970000,yspeed:3.550000,angle:-6.590000,distense:44.000000,rcs:9.000000
