timestame:1619470649.930000000,objid:4,type:0,xpos:0.000000,ypos:0.000000,xspeed:-2.150000,yspeed:-2.430000,angle:-18.000000,distense:38.200000,rcs:22.000000
timestame:1619470649.930000000,objid:8,type:0,xpos:0.000000,ypos:0.000000,xspeed:-1.820000,yspeed:-4.640000,angle:-16.000000,distense:41.000000,rcs:27.000000
timestame:1619470649.930000000,objid:9,type:0,xpos:0.000000,ypos:0.000000,xspeed:-1.960000,yspeed:-3.340000,angle:-18.000000,distense:39.400000,rcs:29.000000
timestame:1619470649.930000000,objid:13,type:0,xpos:0.000000,ypos:0.000000,xspeed:-5.270000,yspeed:-5.530000,angle:-15.780000,distense:55.800000,rcs:6.000000
