timestame:1619470758.855000000,objid:0,type:0,xpos:0.000000,ypos:0.000000,xspeed:-6.700000,yspeed:-9.020000,angle:-12.050000,distense:36.800000,rcs:38.000000
timestame:1619470758.855000000,objid:1,type:0,xpos:0.000000,ypos:0.000000,xspeed:-1.460000,yspeed:-3.100000,angle:-16.250000,distense:38.000000,rcs:26.000000
timestame:1619470758.855000000,objid:5,type:0,xpos:0.000000,ypos:0.000000,xspeed:8.030000,yspeed:-1.730000,angle:-1.410000,distense:42.600000,rcs:33.000000
