timestame:1619471463.298000000,objid:0,type:0,xpos:0.000000,ypos:0.000000,xspeed:5.420000,yspeed:-2.220000,angle:-8.200000,distense:83.000000,rcs:28.000000
timestame:1619471463.298000000,objid:1,type:0,xpos:0.000000,ypos:0.000000,xspeed:-5.570000,yspeed:-0.680000,angle:-6.160000,distense:111.600000,rcs:18.000000
timestame:1619471463.298000000,objid:3,type:0,xpos:0.000000,ypos:0.000000,xspeed:-7.060000,yspeed:-0.850000,angle:-5.450000,distense:175.800000,rcs:9.000000
