timestame:1619471434.041000000,objid:2,type:0,xpos:0.000000,ypos:0.000000,xspeed:2.020000,yspeed:-3.460000,angle:0.140000,distense:45.600000,rcs:6.000000
timestame:1619471434.041000000,objid:5,type:0,xpos:0.000000,ypos:0.000000,xspeed:-1.480000,yspeed:-6.510000,angle:-9.860000,distense:39.000000,rcs:26.000000
timestame:1619471434.041000000,objid:14,type:0,xpos:0.000000,ypos:0.000000,xspeed:-2.050000,yspeed:12.070000,angle:3.710000,distense:47.800000,rcs:9.000000
timestame:1619471434.041000000,objid:16,type:0,xpos:0.000000,ypos:0.000000,xspeed:-1.980000,yspeed:0.150000,angle:-7.280000,distense:88.000000,rcs:21.000000
