timestame:1619471313.928000000,objid:1,type:0,xpos:0.000000,ypos:0.000000,xspeed:-15.440000,yspeed:-1.660000,angle:-3.960000,distense:166.400000,rcs:19.000000
timestame:1619471313.928000000,objid:2,type:0,xpos:0.000000,ypos:0.000000,xspeed:1.820000,yspeed:4.050000,angle:-4.640000,distense:49.200000,rcs:6.000000
timestame:1619471313.928000000,objid:3,type:0,xpos:0.000000,ypos:0.000000,xspeed:2.600000,yspeed:4.400000,angle:-6.680000,distense:45.200000,rcs:6.000000
timestame:1619471313.928000000,objid:4,type:0,xpos:0.000000,ypos:0.000000,xspeed:-1.310000,yspeed:5.340000,angle:14.740000,distense:36.400000,rcs:6.000000
