timestame:1619470495.757000000,objid:2,type:0,xpos:0.000000,ypos:0.000000,xspeed:-2.380000,yspeed:-8.980000,angle:-5.710000,distense:41.400000,rcs:31.000000
timestame:1619470495.757000000,objid:5,type:0,xpos:0.000000,ypos:0.000000,xspeed:10.860000,yspeed:8.600000,angle:-8.620000,distense:52.800000,rcs:6.000000
