timestame:1619470201.294000000,objid:0,type:0,xpos:0.000000,ypos:0.000000,xspeed:1.130000,yspeed:-3.150000,angle:5.980000,distense:140.600000,rcs:23.000000
timestame:1619470201.294000000,objid:2,type:0,xpos:0.000000,ypos:0.000000,xspeed:3.430000,yspeed:9.820000,angle:5.470000,distense:156.400000,rcs:12.000000
