timestame:1619471365.512000000,objid:1,type:0,xpos:0.000000,ypos:0.000000,xspeed:6.620000,yspeed:-0.910000,angle:3.170000,distense:103.800000,rcs:20.000000
timestame:1619471365.512000000,objid:2,type:0,xpos:0.000000,ypos:0.000000,xspeed:7.500000,yspeed:-0.140000,angle:3.460000,distense:109.400000,rcs:12.000000
timestame:1619471365.512000000,objid:4,type:0,xpos:0.000000,ypos:0.000000,xspeed:6.710000,yspeed:0.150000,angle:4.580000,distense:101.000000,rcs:6.000000
timestame:1619471365.512000000,objid:7,type:0,xpos:0.000000,ypos:0.000000,xspeed:11.330000,yspeed:0.420000,angle:1.790000,distense:135.000000,rcs:22.000000
