timestame:1619471226.903000000,objid:0,type:0,xpos:0.000000,ypos:0.000000,xspeed:6.500000,yspeed:0.190000,angle:2.050000,distense:76.000000,rcs:19.000000
timestame:1619471226.903000000,objid:1,type:0,xpos:0.000000,ypos:0.000000,xspeed:5.290000,yspeed:-2.690000,angle:-11.960000,distense:48.600000,rcs:13.000000
timestame:1619471226.903000000,objid:9,type:0,xpos:0.000000,ypos:0.000000,xspeed:5.410000,yspeed:0.190000,angle:2.420000,distense:65.600000,rcs:40.000000
