timestame:1619469951.337000000,objid:0,type:0,xpos:0.000000,ypos:0.000000,xspeed:1.870000,yspeed:2.780000,angle:3.610000,distense:54.600000,rcs:31.000000
timestame:1619469951.337000000,objid:4,type:0,xpos:0.000000,ypos:0.000000,xspeed:1.080000,yspeed:-4.010000,angle:-2.300000,distense:55.000000,rcs:31.000000
timestame:1619469951.337000000,objid:15,type:0,xpos:0.000000,ypos:0.000000,xspeed:-3.180000,yspeed:7.760000,angle:11.830000,distense:38.600000,rcs:12.000000
