timestame:1619471224.495000000,objid:1,type:0,xpos:0.000000,ypos:0.000000,xspeed:6.030000,yspeed:-0.370000,angle:-5.090000,distense:35.400000,rcs:20.000000
timestame:1619471224.495000000,objid:6,type:0,xpos:0.000000,ypos:0.000000,xspeed:4.700000,yspeed:0.420000,angle:2.740000,distense:70.600000,rcs:9.000000
timestame:1619471224.495000000,objid:9,type:0,xpos:0.000000,ypos:0.000000,xspeed:4.850000,yspeed:0.110000,angle:2.590000,distense:52.200000,rcs:38.000000
