timestame:1619470966.295000000,objid:0,type:0,xpos:0.000000,ypos:0.000000,xspeed:4.320000,yspeed:0.110000,angle:5.650000,distense:62.400000,rcs:34.000000
timestame:1619470966.295000000,objid:1,type:0,xpos:0.000000,ypos:0.000000,xspeed:13.250000,yspeed:-0.300000,angle:0.760000,distense:153.200000,rcs:12.000000
timestame:1619470966.295000000,objid:6,type:0,xpos:0.000000,ypos:0.000000,xspeed:11.160000,yspeed:0.410000,angle:1.980000,distense:129.000000,rcs:22.000000
timestame:1619470966.295000000,objid:7,type:0,xpos:0.000000,ypos:0.000000,xspeed:7.470000,yspeed:1.460000,angle:21.830000,distense:20.400000,rcs:18.000000
