timestame:1619470913.922000000,objid:0,type:0,xpos:0.000000,ypos:0.000000,xspeed:5.200000,yspeed:3.070000,angle:-16.570000,distense:34.600000,rcs:28.000000
timestame:1619470913.922000000,objid:3,type:0,xpos:0.000000,ypos:0.000000,xspeed:-14.860000,yspeed:0.000000,angle:-5.020000,distense:38.800000,rcs:19.000000
timestame:1619470913.922000000,objid:7,type:0,xpos:0.000000,ypos:0.000000,xspeed:4.580000,yspeed:2.950000,angle:-16.040000,distense:46.800000,rcs:6.000000
timestame:1619470913.922000000,objid:10,type:0,xpos:0.000000,ypos:0.000000,xspeed:5.440000,yspeed:3.100000,angle:-17.270000,distense:40.800000,rcs:6.000000
