timestame:1619471093.297000000,objid:1,type:0,xpos:0.000000,ypos:0.000000,xspeed:12.630000,yspeed:-0.260000,angle:2.890000,distense:87.600000,rcs:15.000000
timestame:1619471093.297000000,objid:2,type:0,xpos:0.000000,ypos:0.000000,xspeed:7.120000,yspeed:0.240000,angle:2.200000,distense:65.400000,rcs:36.000000
timestame:1619471093.297000000,objid:5,type:0,xpos:0.000000,ypos:0.000000,xspeed:13.000000,yspeed:0.170000,angle:1.520000,distense:138.400000,rcs:6.000000
