timestame:1619471154.750000000,objid:0,type:0,xpos:0.000000,ypos:0.000000,xspeed:-1.600000,yspeed:-3.830000,angle:-9.040000,distense:60.200000,rcs:6.000000
timestame:1619471154.750000000,objid:1,type:0,xpos:0.000000,ypos:0.000000,xspeed:-6.910000,yspeed:-5.440000,angle:0.630000,distense:66.600000,rcs:6.000000
timestame:1619471154.750000000,objid:3,type:0,xpos:0.000000,ypos:0.000000,xspeed:12.230000,yspeed:0.000000,angle:-11.370000,distense:83.800000,rcs:9.000000
timestame:1619471154.750000000,objid:8,type:0,xpos:0.000000,ypos:0.000000,xspeed:6.740000,yspeed:3.140000,angle:-15.740000,distense:21.800000,rcs:22.000000
