timestame:1619471123.933000000,objid:0,type:0,xpos:0.000000,ypos:0.000000,xspeed:-2.200000,yspeed:5.540000,angle:12.910000,distense:40.800000,rcs:24.000000
timestame:1619471123.933000000,objid:1,type:0,xpos:0.000000,ypos:0.000000,xspeed:-4.890000,yspeed:4.810000,angle:9.490000,distense:41.000000,rcs:27.000000
