timestame:1619470534.973000000,objid:0,type:0,xpos:0.000000,ypos:0.000000,xspeed:5.580000,yspeed:0.800000,angle:16.340000,distense:26.800000,rcs:28.000000
timestame:1619470534.973000000,objid:1,type:0,xpos:0.000000,ypos:0.000000,xspeed:-13.860000,yspeed:-14.720000,angle:-0.550000,distense:29.800000,rcs:6.000000
