timestame:1619470949.908000000,objid:2,type:0,xpos:0.000000,ypos:0.000000,xspeed:21.260000,yspeed:0.000000,angle:1.600000,distense:32.600000,rcs:24.000000
timestame:1619470949.908000000,objid:3,type:0,xpos:0.000000,ypos:0.000000,xspeed:1.820000,yspeed:0.230000,angle:1.330000,distense:42.400000,rcs:9.000000
