timestame:1619470464.256000000,objid:0,type:0,xpos:0.000000,ypos:0.000000,xspeed:-13.720000,yspeed:-0.600000,angle:-16.030000,distense:48.600000,rcs:21.000000
timestame:1619470464.256000000,objid:2,type:0,xpos:0.000000,ypos:0.000000,xspeed:5.900000,yspeed:0.000000,angle:2.990000,distense:200.600000,rcs:13.000000
