timestame:1619470476.844000000,objid:0,type:0,xpos:0.000000,ypos:0.000000,xspeed:-8.750000,yspeed:0.000000,angle:-5.260000,distense:119.000000,rcs:21.000000
timestame:1619470476.844000000,objid:1,type:0,xpos:0.000000,ypos:0.000000,xspeed:-11.310000,yspeed:-0.300000,angle:-6.000000,distense:115.600000,rcs:19.000000
timestame:1619470476.844000000,objid:2,type:0,xpos:0.000000,ypos:0.000000,xspeed:1.110000,yspeed:-0.130000,angle:13.750000,distense:74.000000,rcs:6.000000
