timestame:1619469558.362000000,objid:1,type:0,xpos:0.000000,ypos:0.000000,xspeed:5.910000,yspeed:-9.300000,angle:18.020000,distense:43.000000,rcs:6.000000
timestame:1619469558.362000000,objid:9,type:0,xpos:0.000000,ypos:0.000000,xspeed:-1.810000,yspeed:8.380000,angle:-16.330000,distense:41.600000,rcs:6.000000
timestame:1619469558.362000000,objid:10,type:0,xpos:0.000000,ypos:0.000000,xspeed:1.580000,yspeed:-5.370000,angle:-7.500000,distense:53.400000,rcs:9.000000
timestame:1619469558.362000000,objid:13,type:0,xpos:0.000000,ypos:0.000000,xspeed:1.380000,yspeed:-4.950000,angle:-12.370000,distense:54.600000,rcs:9.000000
