timestame:1619471260.245000000,objid:2,type:0,xpos:0.000000,ypos:0.000000,xspeed:12.340000,yspeed:0.370000,angle:4.600000,distense:77.600000,rcs:35.000000
timestame:1619471260.245000000,objid:6,type:0,xpos:0.000000,ypos:0.000000,xspeed:12.410000,yspeed:-0.010000,angle:4.400000,distense:89.800000,rcs:23.000000
timestame:1619471260.245000000,objid:10,type:0,xpos:0.000000,ypos:0.000000,xspeed:12.340000,yspeed:0.600000,angle:5.370000,distense:65.600000,rcs:32.000000
