timestame:1619470702.314000000,objid:0,type:0,xpos:0.000000,ypos:0.000000,xspeed:4.530000,yspeed:2.460000,angle:20.530000,distense:29.200000,rcs:20.000000
timestame:1619470702.314000000,objid:1,type:0,xpos:0.000000,ypos:0.000000,xspeed:10.090000,yspeed:-0.060000,angle:3.170000,distense:120.200000,rcs:13.000000
timestame:1619470702.314000000,objid:2,type:0,xpos:0.000000,ypos:0.000000,xspeed:-8.800000,yspeed:-0.060000,angle:-13.150000,distense:85.800000,rcs:16.000000
