timestame:1619471376.717000000,objid:0,type:0,xpos:0.000000,ypos:0.000000,xspeed:11.120000,yspeed:-0.490000,angle:2.410000,distense:216.000000,rcs:6.000000
timestame:1619471376.717000000,objid:1,type:0,xpos:0.000000,ypos:0.000000,xspeed:10.470000,yspeed:0.310000,angle:2.260000,distense:208.600000,rcs:16.000000
