timestame:1619469761.322000000,objid:1,type:0,xpos:0.000000,ypos:0.000000,xspeed:1.290000,yspeed:5.810000,angle:-0.320000,distense:47.000000,rcs:6.000000
timestame:1619469761.322000000,objid:3,type:0,xpos:0.000000,ypos:0.000000,xspeed:4.800000,yspeed:-0.200000,angle:-17.990000,distense:17.200000,rcs:20.000000
