timestame:1619470148.192000000,objid:0,type:0,xpos:0.000000,ypos:0.000000,xspeed:1.620000,yspeed:2.610000,angle:-11.150000,distense:41.400000,rcs:15.000000
timestame:1619470148.192000000,objid:1,type:0,xpos:0.000000,ypos:0.000000,xspeed:2.410000,yspeed:1.050000,angle:22.870000,distense:27.600000,rcs:20.000000
timestame:1619470148.192000000,objid:3,type:0,xpos:0.000000,ypos:0.000000,xspeed:-1.650000,yspeed:-0.020000,angle:-10.430000,distense:72.000000,rcs:15.000000
timestame:1619470148.192000000,objid:4,type:0,xpos:0.000000,ypos:0.000000,xspeed:4.650000,yspeed:2.820000,angle:-17.820000,distense:36.800000,rcs:6.000000
