timestame:1619469978.507000000,objid:2,type:0,xpos:0.000000,ypos:0.000000,xspeed:-2.040000,yspeed:-1.390000,angle:-18.000000,distense:29.800000,rcs:9.000000
timestame:1619469978.507000000,objid:6,type:0,xpos:0.000000,ypos:0.000000,xspeed:-2.680000,yspeed:-3.140000,angle:-18.000000,distense:32.200000,rcs:6.000000
timestame:1619469978.507000000,objid:18,type:0,xpos:0.000000,ypos:0.000000,xspeed:1.640000,yspeed:-4.400000,angle:-16.650000,distense:60.000000,rcs:13.000000
