timestame:1619469633.944000000,objid:1,type:0,xpos:0.000000,ypos:0.000000,xspeed:5.600000,yspeed:2.980000,angle:20.460000,distense:22.000000,rcs:27.000000
timestame:1619469633.944000000,objid:3,type:0,xpos:0.000000,ypos:0.000000,xspeed:-6.870000,yspeed:2.570000,angle:-5.150000,distense:55.600000,rcs:28.000000
timestame:1619469633.944000000,objid:4,type:0,xpos:0.000000,ypos:0.000000,xspeed:2.350000,yspeed:4.130000,angle:-14.450000,distense:23.800000,rcs:12.000000
