timestame:1619471084.031000000,objid:4,type:0,xpos:0.000000,ypos:0.000000,xspeed:4.120000,yspeed:0.190000,angle:1.590000,distense:36.200000,rcs:37.000000
timestame:1619471084.031000000,objid:10,type:0,xpos:0.000000,ypos:0.000000,xspeed:5.930000,yspeed:0.360000,angle:2.040000,distense:53.400000,rcs:6.000000
timestame:1619471084.031000000,objid:11,type:0,xpos:0.000000,ypos:0.000000,xspeed:1.200000,yspeed:-0.140000,angle:1.920000,distense:15.200000,rcs:43.000000
