timestame:1619470228.714000000,objid:1,type:0,xpos:0.000000,ypos:0.000000,xspeed:1.430000,yspeed:-1.230000,angle:-7.080000,distense:42.800000,rcs:32.000000
timestame:1619470228.714000000,objid:2,type:0,xpos:0.000000,ypos:0.000000,xspeed:-1.350000,yspeed:-3.400000,angle:-13.880000,distense:41.600000,rcs:30.000000
timestame:1619470228.714000000,objid:8,type:0,xpos:0.000000,ypos:0.000000,xspeed:-1.750000,yspeed:-2.590000,angle:-18.000000,distense:39.800000,rcs:22.000000
timestame:1619470228.714000000,objid:11,type:0,xpos:0.000000,ypos:0.000000,xspeed:-10.940000,yspeed:-6.470000,angle:-4.430000,distense:177.600000,rcs:9.000000
