timestame:1619471088.873000000,objid:0,type:0,xpos:0.000000,ypos:0.000000,xspeed:9.450000,yspeed:0.440000,angle:1.880000,distense:81.000000,rcs:24.000000
timestame:1619471088.873000000,objid:1,type:0,xpos:0.000000,ypos:0.000000,xspeed:8.880000,yspeed:0.810000,angle:8.390000,distense:33.400000,rcs:22.000000
timestame:1619471088.873000000,objid:2,type:0,xpos:0.000000,ypos:0.000000,xspeed:5.010000,yspeed:-0.640000,angle:1.860000,distense:35.200000,rcs:39.000000
timestame:1619471088.873000000,objid:4,type:0,xpos:0.000000,ypos:0.000000,xspeed:-22.270000,yspeed:-0.800000,angle:-10.450000,distense:72.800000,rcs:22.000000
