timestame:1619471410.312000000,objid:2,type:0,xpos:0.000000,ypos:0.000000,xspeed:-3.710000,yspeed:-2.820000,angle:-17.380000,distense:41.000000,rcs:31.000000
timestame:1619471410.312000000,objid:4,type:0,xpos:0.000000,ypos:0.000000,xspeed:-1.790000,yspeed:0.640000,angle:-0.070000,distense:42.400000,rcs:31.000000
timestame:1619471410.312000000,objid:7,type:0,xpos:0.000000,ypos:0.000000,xspeed:-2.320000,yspeed:-3.100000,angle:-18.000000,distense:37.800000,rcs:31.000000
timestame:1619471410.312000000,objid:12,type:0,xpos:0.000000,ypos:0.000000,xspeed:-9.550000,yspeed:-0.500000,angle:-4.290000,distense:184.200000,rcs:13.000000
