timestame:1619469919.306000000,objid:1,type:0,xpos:0.000000,ypos:0.000000,xspeed:5.710000,yspeed:-0.080000,angle:1.280000,distense:125.600000,rcs:16.000000
timestame:1619469919.306000000,objid:8,type:0,xpos:0.000000,ypos:0.000000,xspeed:5.770000,yspeed:0.050000,angle:1.470000,distense:118.800000,rcs:27.000000
