timestame:1619470118.503000000,objid:1,type:0,xpos:0.000000,ypos:0.000000,xspeed:1.440000,yspeed:-0.270000,angle:11.520000,distense:34.400000,rcs:16.000000
timestame:1619470118.503000000,objid:3,type:0,xpos:0.000000,ypos:0.000000,xspeed:-9.130000,yspeed:-1.850000,angle:8.390000,distense:29.000000,rcs:15.000000
timestame:1619470118.503000000,objid:4,type:0,xpos:0.000000,ypos:0.000000,xspeed:-12.820000,yspeed:0.000000,angle:-11.940000,distense:13.200000,rcs:9.000000
timestame:1619470118.503000000,objid:10,type:0,xpos:0.000000,ypos:0.000000,xspeed:2.190000,yspeed:5.560000,angle:-1.470000,distense:49.400000,rcs:6.000000
