timestame:1619470227.966000000,objid:8,type:0,xpos:0.000000,ypos:0.000000,xspeed:-1.730000,yspeed:-2.570000,angle:-15.130000,distense:40.400000,rcs:19.000000
timestame:1619470227.966000000,objid:11,type:0,xpos:0.000000,ypos:0.000000,xspeed:-8.260000,yspeed:6.630000,angle:-1.950000,distense:186.000000,rcs:12.000000
