timestame:1619470172.129000000,objid:0,type:0,xpos:0.000000,ypos:0.000000,xspeed:9.260000,yspeed:0.200000,angle:2.060000,distense:81.400000,rcs:20.000000
timestame:1619470172.129000000,objid:1,type:0,xpos:0.000000,ypos:0.000000,xspeed:9.970000,yspeed:0.410000,angle:2.550000,distense:51.600000,rcs:37.000000
timestame:1619470172.129000000,objid:3,type:0,xpos:0.000000,ypos:0.000000,xspeed:11.290000,yspeed:-0.070000,angle:3.350000,distense:121.800000,rcs:13.000000
timestame:1619470172.129000000,objid:4,type:0,xpos:0.000000,ypos:0.000000,xspeed:4.670000,yspeed:1.550000,angle:20.380000,distense:31.400000,rcs:16.000000
