timestame:1619471410.435000000,objid:2,type:0,xpos:0.000000,ypos:0.000000,xspeed:-3.800000,yspeed:-2.800000,angle:-18.000000,distense:40.600000,rcs:36.000000
timestame:1619471410.435000000,objid:4,type:0,xpos:0.000000,ypos:0.000000,xspeed:-1.700000,yspeed:0.340000,angle:-0.410000,distense:42.400000,rcs:34.000000
timestame:1619471410.435000000,objid:7,type:0,xpos:0.000000,ypos:0.000000,xspeed:-2.320000,yspeed:-3.100000,angle:-18.000000,distense:37.600000,rcs:31.000000
timestame:1619471410.435000000,objid:12,type:0,xpos:0.000000,ypos:0.000000,xspeed:-9.500000,yspeed:-0.570000,angle:-4.380000,distense:183.000000,rcs:12.000000
