timestame:1619469571.997000000,objid:1,type:0,xpos:0.000000,ypos:0.000000,xspeed:-6.370000,yspeed:-3.450000,angle:-18.000000,distense:33.400000,rcs:16.000000
timestame:1619469571.997000000,objid:3,type:0,xpos:0.000000,ypos:0.000000,xspeed:-9.120000,yspeed:0.850000,angle:-5.470000,distense:150.600000,rcs:12.000000
timestame:1619469571.997000000,objid:5,type:0,xpos:0.000000,ypos:0.000000,xspeed:-9.390000,yspeed:-1.340000,angle:-6.100000,distense:147.000000,rcs:12.000000
timestame:1619469571.997000000,objid:8,type:0,xpos:0.000000,ypos:0.000000,xspeed:-1.950000,yspeed:-1.740000,angle:-18.000000,distense:37.800000,rcs:6.000000
