timestame:1619470595.034000000,objid:1,type:0,xpos:0.000000,ypos:0.000000,xspeed:10.600000,yspeed:4.170000,angle:-15.920000,distense:27.200000,rcs:26.000000
timestame:1619470595.034000000,objid:5,type:0,xpos:0.000000,ypos:0.000000,xspeed:6.900000,yspeed:2.810000,angle:-16.920000,distense:38.000000,rcs:34.000000
timestame:1619470595.034000000,objid:6,type:0,xpos:0.000000,ypos:0.000000,xspeed:5.740000,yspeed:2.880000,angle:21.950000,distense:36.000000,rcs:26.000000
