timestame:1619470072.713000000,objid:3,type:0,xpos:0.000000,ypos:0.000000,xspeed:-1.470000,yspeed:2.360000,angle:16.300000,distense:48.200000,rcs:34.000000
timestame:1619470072.713000000,objid:4,type:0,xpos:0.000000,ypos:0.000000,xspeed:-1.510000,yspeed:2.380000,angle:20.900000,distense:43.400000,rcs:26.000000
timestame:1619470072.713000000,objid:8,type:0,xpos:0.000000,ypos:0.000000,xspeed:2.190000,yspeed:2.670000,angle:-10.460000,distense:39.600000,rcs:18.000000
