timestame:1619471498.732000000,objid:0,type:0,xpos:0.000000,ypos:0.000000,xspeed:7.640000,yspeed:0.040000,angle:1.760000,distense:87.000000,rcs:33.000000
timestame:1619471498.732000000,objid:3,type:0,xpos:0.000000,ypos:0.000000,xspeed:7.530000,yspeed:0.020000,angle:3.450000,distense:116.400000,rcs:13.000000
timestame:1619471498.732000000,objid:5,type:0,xpos:0.000000,ypos:0.000000,xspeed:6.490000,yspeed:-0.060000,angle:1.390000,distense:92.400000,rcs:19.000000
timestame:1619471498.732000000,objid:10,type:0,xpos:0.000000,ypos:0.000000,xspeed:6.980000,yspeed:0.410000,angle:5.760000,distense:76.200000,rcs:18.000000
