timestame:1619470138.316000000,objid:0,type:0,xpos:0.000000,ypos:0.000000,xspeed:-7.230000,yspeed:-1.120000,angle:11.700000,distense:35.000000,rcs:20.000000
timestame:1619470138.316000000,objid:7,type:0,xpos:0.000000,ypos:0.000000,xspeed:-2.290000,yspeed:-0.340000,angle:-10.440000,distense:74.400000,rcs:6.000000
