timestame:1619470920.368000000,objid:2,type:0,xpos:0.000000,ypos:0.000000,xspeed:1.000000,yspeed:-0.390000,angle:11.750000,distense:12.800000,rcs:32.000000
timestame:1619470920.368000000,objid:3,type:0,xpos:0.000000,ypos:0.000000,xspeed:-13.440000,yspeed:-0.710000,angle:-4.170000,distense:169.200000,rcs:12.000000
