timestame:1619470689.860000000,objid:0,type:0,xpos:0.000000,ypos:0.000000,xspeed:-5.020000,yspeed:-0.270000,angle:-18.000000,distense:30.200000,rcs:6.000000
timestame:1619470689.860000000,objid:1,type:0,xpos:0.000000,ypos:0.000000,xspeed:2.070000,yspeed:0.030000,angle:8.750000,distense:27.400000,rcs:27.000000
timestame:1619470689.860000000,objid:3,type:0,xpos:0.000000,ypos:0.000000,xspeed:13.690000,yspeed:0.000000,angle:-18.000000,distense:45.200000,rcs:19.000000
timestame:1619470689.860000000,objid:4,type:0,xpos:0.000000,ypos:0.000000,xspeed:-31.550000,yspeed:-2.460000,angle:-18.000000,distense:22.200000,rcs:9.000000
