timestame:1619471163.552000000,objid:0,type:0,xpos:0.000000,ypos:0.000000,xspeed:-3.310000,yspeed:4.060000,angle:-4.450000,distense:172.400000,rcs:15.000000
timestame:1619471163.552000000,objid:3,type:0,xpos:0.000000,ypos:0.000000,xspeed:4.060000,yspeed:4.130000,angle:-13.330000,distense:39.600000,rcs:18.000000
timestame:1619471163.552000000,objid:5,type:0,xpos:0.000000,ypos:0.000000,xspeed:2.690000,yspeed:5.750000,angle:-4.990000,distense:47.400000,rcs:6.000000
timestame:1619471163.552000000,objid:8,type:0,xpos:0.000000,ypos:0.000000,xspeed:3.720000,yspeed:3.970000,angle:-11.100000,distense:42.200000,rcs:16.000000
