timestame:1619469577.882000000,objid:1,type:0,xpos:0.000000,ypos:0.000000,xspeed:-5.870000,yspeed:-1.860000,angle:-7.240000,distense:120.200000,rcs:12.000000
timestame:1619469577.882000000,objid:3,type:0,xpos:0.000000,ypos:0.000000,xspeed:-6.480000,yspeed:-0.270000,angle:-8.260000,distense:109.800000,rcs:15.000000
timestame:1619469577.882000000,objid:5,type:0,xpos:0.000000,ypos:0.000000,xspeed:-6.610000,yspeed:-0.240000,angle:-8.430000,distense:106.400000,rcs:13.000000
