timestame:1619470222.437000000,objid:8,type:0,xpos:0.000000,ypos:0.000000,xspeed:-2.300000,yspeed:8.410000,angle:-13.860000,distense:43.200000,rcs:13.000000
timestame:1619470222.437000000,objid:11,type:0,xpos:0.000000,ypos:0.000000,xspeed:-1.980000,yspeed:6.520000,angle:-11.260000,distense:42.400000,rcs:12.000000
