timestame:1619471187.754000000,objid:3,type:0,xpos:0.000000,ypos:0.000000,xspeed:1.050000,yspeed:1.160000,angle:-12.030000,distense:57.600000,rcs:24.000000
timestame:1619471187.754000000,objid:6,type:0,xpos:0.000000,ypos:0.000000,xspeed:-2.090000,yspeed:-3.790000,angle:3.240000,distense:63.600000,rcs:20.000000
timestame:1619471187.754000000,objid:10,type:0,xpos:0.000000,ypos:0.000000,xspeed:1.550000,yspeed:-4.620000,angle:14.060000,distense:46.400000,rcs:16.000000
timestame:1619471187.754000000,objid:12,type:0,xpos:0.000000,ypos:0.000000,xspeed:1.580000,yspeed:0.110000,angle:-8.110000,distense:58.600000,rcs:23.000000
