timestame:1619470936.832000000,objid:6,type:0,xpos:0.000000,ypos:0.000000,xspeed:16.310000,yspeed:0.000000,angle:-9.530000,distense:95.400000,rcs:19.000000
timestame:1619470936.832000000,objid:7,type:0,xpos:0.000000,ypos:0.000000,xspeed:-1.050000,yspeed:-0.020000,angle:-11.360000,distense:79.600000,rcs:22.000000
