timestame:1619470439.164000000,objid:1,type:0,xpos:0.000000,ypos:0.000000,xspeed:14.040000,yspeed:0.680000,angle:2.590000,distense:45.200000,rcs:37.000000
timestame:1619470439.164000000,objid:2,type:0,xpos:0.000000,ypos:0.000000,xspeed:3.840000,yspeed:-0.060000,angle:10.510000,distense:72.200000,rcs:12.000000
