timestame:1619471362.900000000,objid:2,type:0,xpos:0.000000,ypos:0.000000,xspeed:6.360000,yspeed:-0.110000,angle:4.590000,distense:89.400000,rcs:20.000000
timestame:1619471362.900000000,objid:4,type:0,xpos:0.000000,ypos:0.000000,xspeed:6.250000,yspeed:0.180000,angle:5.440000,distense:83.200000,rcs:15.000000
timestame:1619471362.900000000,objid:7,type:0,xpos:0.000000,ypos:0.000000,xspeed:9.910000,yspeed:0.050000,angle:1.550000,distense:104.800000,rcs:25.000000
