timestame:1619470802.484000000,objid:2,type:0,xpos:0.000000,ypos:0.000000,xspeed:-6.630000,yspeed:-3.320000,angle:-18.000000,distense:23.000000,rcs:9.000000
timestame:1619470802.484000000,objid:3,type:0,xpos:0.000000,ypos:0.000000,xspeed:-1.720000,yspeed:-1.620000,angle:-18.000000,distense:38.200000,rcs:15.000000
timestame:1619470802.484000000,objid:4,type:0,xpos:0.000000,ypos:0.000000,xspeed:-1.770000,yspeed:-3.210000,angle:-18.000000,distense:41.800000,rcs:22.000000
timestame:1619470802.484000000,objid:15,type:0,xpos:0.000000,ypos:0.000000,xspeed:-1.440000,yspeed:-1.150000,angle:-18.000000,distense:35.800000,rcs:9.000000
