timestame:1619471182.129000000,objid:8,type:0,xpos:0.000000,ypos:0.000000,xspeed:5.340000,yspeed:1.610000,angle:-10.050000,distense:42.000000,rcs:12.000000
timestame:1619471182.129000000,objid:10,type:0,xpos:0.000000,ypos:0.000000,xspeed:-6.480000,yspeed:1.320000,angle:-7.070000,distense:118.400000,rcs:9.000000
timestame:1619471182.129000000,objid:13,type:0,xpos:0.000000,ypos:0.000000,xspeed:-3.850000,yspeed:-0.230000,angle:-10.400000,distense:88.800000,rcs:13.000000
timestame:1619471182.129000000,objid:16,type:0,xpos:0.000000,ypos:0.000000,xspeed:2.460000,yspeed:3.650000,angle:-6.950000,distense:43.400000,rcs:15.000000
