timestame:1619469855.855000000,objid:4,type:0,xpos:0.000000,ypos:0.000000,xspeed:-9.140000,yspeed:3.900000,angle:2.270000,distense:43.600000,rcs:6.000000
timestame:1619469855.855000000,objid:5,type:0,xpos:0.000000,ypos:0.000000,xspeed:-1.650000,yspeed:-3.160000,angle:-7.310000,distense:61.400000,rcs:6.000000
timestame:1619469855.855000000,objid:10,type:0,xpos:0.000000,ypos:0.000000,xspeed:-10.930000,yspeed:-0.060000,angle:-4.980000,distense:131.000000,rcs:13.000000
