timestame:1619471258.887000000,objid:2,type:0,xpos:0.000000,ypos:0.000000,xspeed:12.190000,yspeed:0.630000,angle:5.690000,distense:60.400000,rcs:31.000000
timestame:1619471258.887000000,objid:3,type:0,xpos:0.000000,ypos:0.000000,xspeed:-14.860000,yspeed:-0.460000,angle:-18.000000,distense:47.000000,rcs:13.000000
timestame:1619471258.887000000,objid:6,type:0,xpos:0.000000,ypos:0.000000,xspeed:12.260000,yspeed:0.190000,angle:5.590000,distense:72.600000,rcs:22.000000
timestame:1619471258.887000000,objid:10,type:0,xpos:0.000000,ypos:0.000000,xspeed:12.310000,yspeed:0.520000,angle:6.120000,distense:48.600000,rcs:26.000000
