timestame:1619469995.714000000,objid:8,type:0,xpos:0.000000,ypos:0.000000,xspeed:1.120000,yspeed:2.990000,angle:-1.410000,distense:44.200000,rcs:6.000000
timestame:1619469995.714000000,objid:11,type:0,xpos:0.000000,ypos:0.000000,xspeed:1.730000,yspeed:1.610000,angle:-18.000000,distense:36.200000,rcs:21.000000
timestame:1619469995.714000000,objid:15,type:0,xpos:0.000000,ypos:0.000000,xspeed:-1.130000,yspeed:-1.670000,angle:-18.000000,distense:35.800000,rcs:34.000000
timestame:1619469995.714000000,objid:24,type:0,xpos:0.000000,ypos:0.000000,xspeed:1.910000,yspeed:3.250000,angle:-8.270000,distense:40.600000,rcs:6.000000
