timestame:1619469856.604000000,objid:0,type:0,xpos:0.000000,ypos:0.000000,xspeed:-1.860000,yspeed:-0.810000,angle:-6.190000,distense:43.800000,rcs:38.000000
timestame:1619469856.604000000,objid:3,type:0,xpos:0.000000,ypos:0.000000,xspeed:-1.100000,yspeed:-2.860000,angle:-14.360000,distense:43.000000,rcs:6.000000
timestame:1619469856.604000000,objid:5,type:0,xpos:0.000000,ypos:0.000000,xspeed:-1.630000,yspeed:-1.650000,angle:-7.840000,distense:60.400000,rcs:9.000000
timestame:1619469856.604000000,objid:10,type:0,xpos:0.000000,ypos:0.000000,xspeed:-10.710000,yspeed:-0.030000,angle:-5.250000,distense:123.800000,rcs:16.000000
