timestame:1619470992.463000000,objid:3,type:0,xpos:0.000000,ypos:0.000000,xspeed:5.420000,yspeed:-0.140000,angle:6.340000,distense:115.000000,rcs:9.000000
timestame:1619470992.463000000,objid:4,type:0,xpos:0.000000,ypos:0.000000,xspeed:-13.400000,yspeed:-0.290000,angle:-18.000000,distense:25.800000,rcs:6.000000
