timestame:1619471086.154000000,objid:0,type:0,xpos:0.000000,ypos:0.000000,xspeed:8.310000,yspeed:0.330000,angle:1.450000,distense:54.800000,rcs:29.000000
timestame:1619471086.154000000,objid:4,type:0,xpos:0.000000,ypos:0.000000,xspeed:-24.490000,yspeed:-1.670000,angle:-4.760000,distense:134.000000,rcs:12.000000
timestame:1619471086.154000000,objid:11,type:0,xpos:0.000000,ypos:0.000000,xspeed:2.340000,yspeed:0.120000,angle:2.540000,distense:20.800000,rcs:38.000000
