timestame:1619471452.418000000,objid:3,type:0,xpos:0.000000,ypos:0.000000,xspeed:-2.110000,yspeed:-0.170000,angle:-6.680000,distense:100.200000,rcs:16.000000
timestame:1619471452.418000000,objid:11,type:0,xpos:0.000000,ypos:0.000000,xspeed:-1.330000,yspeed:0.300000,angle:-7.400000,distense:93.200000,rcs:9.000000
timestame:1619471452.418000000,objid:13,type:0,xpos:0.000000,ypos:0.000000,xspeed:-3.990000,yspeed:-0.120000,angle:-17.390000,distense:32.800000,rcs:16.000000
