timestame:1619469881.600000000,objid:0,type:0,xpos:0.000000,ypos:0.000000,xspeed:-6.180000,yspeed:-1.510000,angle:-18.000000,distense:27.000000,rcs:16.000000
timestame:1619469881.600000000,objid:2,type:0,xpos:0.000000,ypos:0.000000,xspeed:-2.180000,yspeed:-1.550000,angle:-18.000000,distense:34.400000,rcs:20.000000
timestame:1619469881.600000000,objid:6,type:0,xpos:0.000000,ypos:0.000000,xspeed:-5.140000,yspeed:-2.030000,angle:-18.000000,distense:26.600000,rcs:6.000000
timestame:1619469881.600000000,objid:9,type:0,xpos:0.000000,ypos:0.000000,xspeed:-5.010000,yspeed:-2.000000,angle:-18.000000,distense:30.000000,rcs:25.000000
