timestame:1619470286.092000000,objid:2,type:0,xpos:0.000000,ypos:0.000000,xspeed:-13.250000,yspeed:-0.230000,angle:-7.490000,distense:115.800000,rcs:20.000000
timestame:1619470286.092000000,objid:5,type:0,xpos:0.000000,ypos:0.000000,xspeed:-5.490000,yspeed:-0.260000,angle:-16.990000,distense:47.200000,rcs:22.000000
timestame:1619470286.092000000,objid:7,type:0,xpos:0.000000,ypos:0.000000,xspeed:-5.220000,yspeed:-0.510000,angle:-18.000000,distense:42.200000,rcs:36.000000
timestame:1619470286.092000000,objid:11,type:0,xpos:0.000000,ypos:0.000000,xspeed:-5.290000,yspeed:-0.320000,angle:-18.000000,distense:36.000000,rcs:19.000000
