timestame:1619471166.408000000,objid:0,type:0,xpos:0.000000,ypos:0.000000,xspeed:-10.920000,yspeed:-0.080000,angle:-4.060000,distense:142.000000,rcs:9.000000
timestame:1619471166.408000000,objid:2,type:0,xpos:0.000000,ypos:0.000000,xspeed:-9.580000,yspeed:0.020000,angle:-3.570000,distense:147.200000,rcs:6.000000
timestame:1619471166.408000000,objid:3,type:0,xpos:0.000000,ypos:0.000000,xspeed:2.090000,yspeed:5.550000,angle:0.330000,distense:53.200000,rcs:6.000000
