timestame:1619470570.690000000,objid:1,type:0,xpos:0.000000,ypos:0.000000,xspeed:3.440000,yspeed:3.300000,angle:-10.510000,distense:42.400000,rcs:9.000000
timestame:1619470570.690000000,objid:3,type:0,xpos:0.000000,ypos:0.000000,xspeed:15.450000,yspeed:0.260000,angle:1.110000,distense:208.200000,rcs:15.000000
