timestame:1619470562.882000000,objid:1,type:0,xpos:0.000000,ypos:0.000000,xspeed:6.560000,yspeed:-0.520000,angle:3.500000,distense:201.200000,rcs:18.000000
timestame:1619470562.882000000,objid:3,type:0,xpos:0.000000,ypos:0.000000,xspeed:10.320000,yspeed:0.180000,angle:1.690000,distense:92.800000,rcs:39.000000
timestame:1619470562.882000000,objid:5,type:0,xpos:0.000000,ypos:0.000000,xspeed:6.580000,yspeed:-3.920000,angle:2.330000,distense:212.200000,rcs:9.000000
