timestame:1619471448.202000000,objid:3,type:0,xpos:0.000000,ypos:0.000000,xspeed:-3.430000,yspeed:-0.010000,angle:-5.760000,distense:109.000000,rcs:12.000000
timestame:1619471448.202000000,objid:11,type:0,xpos:0.000000,ypos:0.000000,xspeed:-2.970000,yspeed:-0.840000,angle:-8.260000,distense:99.400000,rcs:16.000000
timestame:1619471448.202000000,objid:13,type:0,xpos:0.000000,ypos:0.000000,xspeed:-3.080000,yspeed:0.030000,angle:16.050000,distense:48.800000,rcs:9.000000
