timestame:1619471229.067000000,objid:0,type:0,xpos:0.000000,ypos:0.000000,xspeed:6.350000,yspeed:0.400000,angle:2.320000,distense:89.000000,rcs:13.000000
timestame:1619471229.067000000,objid:1,type:0,xpos:0.000000,ypos:0.000000,xspeed:3.900000,yspeed:-4.590000,angle:-18.000000,distense:58.800000,rcs:15.000000
timestame:1619471229.067000000,objid:9,type:0,xpos:0.000000,ypos:0.000000,xspeed:6.230000,yspeed:0.140000,angle:2.130000,distense:79.800000,rcs:37.000000
