timestame:1619470943.017000000,objid:1,type:0,xpos:0.000000,ypos:0.000000,xspeed:-5.430000,yspeed:1.090000,angle:-14.580000,distense:51.400000,rcs:21.000000
timestame:1619470943.017000000,objid:5,type:0,xpos:0.000000,ypos:0.000000,xspeed:-6.430000,yspeed:-0.750000,angle:-18.000000,distense:54.400000,rcs:19.000000
timestame:1619470943.017000000,objid:7,type:0,xpos:0.000000,ypos:0.000000,xspeed:-6.730000,yspeed:-0.410000,angle:-18.000000,distense:50.400000,rcs:20.000000
