timestame:1619471022.498000000,objid:0,type:0,xpos:0.000000,ypos:0.000000,xspeed:-1.780000,yspeed:-3.140000,angle:-8.240000,distense:37.200000,rcs:28.000000
timestame:1619471022.498000000,objid:6,type:0,xpos:0.000000,ypos:0.000000,xspeed:-1.980000,yspeed:-4.970000,angle:-18.000000,distense:35.200000,rcs:27.000000
timestame:1619471022.498000000,objid:7,type:0,xpos:0.000000,ypos:0.000000,xspeed:3.960000,yspeed:6.550000,angle:-7.520000,distense:49.800000,rcs:6.000000
timestame:1619471022.498000000,objid:10,type:0,xpos:0.000000,ypos:0.000000,xspeed:6.140000,yspeed:-2.240000,angle:-18.000000,distense:55.000000,rcs:18.000000
