timestame:1619470154.458000000,objid:3,type:0,xpos:0.000000,ypos:0.000000,xspeed:-4.940000,yspeed:-0.300000,angle:-18.000000,distense:45.000000,rcs:19.000000
timestame:1619470154.458000000,objid:5,type:0,xpos:0.000000,ypos:0.000000,xspeed:4.020000,yspeed:2.870000,angle:-16.130000,distense:34.000000,rcs:9.000000
timestame:1619470154.458000000,objid:7,type:0,xpos:0.000000,ypos:0.000000,xspeed:-15.060000,yspeed:-0.790000,angle:-7.710000,distense:114.800000,rcs:13.000000
timestame:1619470154.458000000,objid:13,type:0,xpos:0.000000,ypos:0.000000,xspeed:-14.970000,yspeed:-0.470000,angle:-7.270000,distense:119.600000,rcs:13.000000
