timestame:1619469772.960000000,objid:1,type:0,xpos:0.000000,ypos:0.000000,xspeed:3.670000,yspeed:1.560000,angle:-16.640000,distense:28.000000,rcs:18.000000
timestame:1619469772.960000000,objid:3,type:0,xpos:0.000000,ypos:0.000000,xspeed:4.060000,yspeed:1.300000,angle:20.920000,distense:39.800000,rcs:9.000000
timestame:1619469772.960000000,objid:7,type:0,xpos:0.000000,ypos:0.000000,xspeed:3.850000,yspeed:2.000000,angle:-15.200000,distense:38.200000,rcs:27.000000
