timestame:1619471295.842000000,objid:0,type:0,xpos:0.000000,ypos:0.000000,xspeed:1.270000,yspeed:4.470000,angle:-4.060000,distense:44.200000,rcs:6.000000
timestame:1619471295.842000000,objid:3,type:0,xpos:0.000000,ypos:0.000000,xspeed:2.110000,yspeed:5.010000,angle:-6.460000,distense:41.600000,rcs:9.000000
timestame:1619471295.842000000,objid:6,type:0,xpos:0.000000,ypos:0.000000,xspeed:2.810000,yspeed:3.360000,angle:-11.750000,distense:38.600000,rcs:18.000000
timestame:1619471295.842000000,objid:8,type:0,xpos:0.000000,ypos:0.000000,xspeed:-2.580000,yspeed:6.890000,angle:14.920000,distense:42.200000,rcs:16.000000
