timestame:1619469646.412000000,objid:2,type:0,xpos:0.000000,ypos:0.000000,xspeed:12.790000,yspeed:0.860000,angle:5.260000,distense:83.600000,rcs:25.000000
timestame:1619469646.412000000,objid:13,type:0,xpos:0.000000,ypos:0.000000,xspeed:15.160000,yspeed:0.670000,angle:2.350000,distense:141.800000,rcs:36.000000
timestame:1619469646.412000000,objid:14,type:0,xpos:0.000000,ypos:0.000000,xspeed:12.890000,yspeed:0.420000,angle:5.010000,distense:80.800000,rcs:29.000000
