timestame:1619470111.810000000,objid:2,type:0,xpos:0.000000,ypos:0.000000,xspeed:6.700000,yspeed:1.030000,angle:17.730000,distense:28.000000,rcs:26.000000
timestame:1619470111.810000000,objid:5,type:0,xpos:0.000000,ypos:0.000000,xspeed:3.310000,yspeed:3.680000,angle:-7.840000,distense:45.600000,rcs:6.000000
timestame:1619470111.810000000,objid:7,type:0,xpos:0.000000,ypos:0.000000,xspeed:6.360000,yspeed:1.010000,angle:-17.400000,distense:26.000000,rcs:36.000000
