timestame:1619470072.775000000,objid:3,type:0,xpos:0.000000,ypos:0.000000,xspeed:-1.440000,yspeed:2.340000,angle:16.440000,distense:48.200000,rcs:34.000000
timestame:1619470072.775000000,objid:4,type:0,xpos:0.000000,ypos:0.000000,xspeed:-1.560000,yspeed:2.410000,angle:21.230000,distense:43.200000,rcs:13.000000
timestame:1619470072.775000000,objid:8,type:0,xpos:0.000000,ypos:0.000000,xspeed:2.140000,yspeed:2.690000,angle:-10.250000,distense:39.800000,rcs:9.000000
