timestame:1619470424.264000000,objid:0,type:0,xpos:0.000000,ypos:0.000000,xspeed:-1.320000,yspeed:3.250000,angle:19.560000,distense:38.600000,rcs:6.000000
timestame:1619470424.264000000,objid:2,type:0,xpos:0.000000,ypos:0.000000,xspeed:1.160000,yspeed:-0.270000,angle:-13.080000,distense:27.000000,rcs:13.000000
timestame:1619470424.264000000,objid:4,type:0,xpos:0.000000,ypos:0.000000,xspeed:-5.360000,yspeed:3.770000,angle:-10.330000,distense:40.800000,rcs:6.000000
timestame:1619470424.264000000,objid:8,type:0,xpos:0.000000,ypos:0.000000,xspeed:3.450000,yspeed:3.730000,angle:-11.740000,distense:40.600000,rcs:6.000000
