timestame:1619469789.367000000,objid:1,type:0,xpos:0.000000,ypos:0.000000,xspeed:-16.220000,yspeed:-0.570000,angle:-17.510000,distense:55.000000,rcs:29.000000
timestame:1619469789.367000000,objid:4,type:0,xpos:0.000000,ypos:0.000000,xspeed:-16.690000,yspeed:-0.650000,angle:-18.000000,distense:46.000000,rcs:19.000000
