timestame:1619470032.206000000,objid:1,type:0,xpos:0.000000,ypos:0.000000,xspeed:6.970000,yspeed:0.360000,angle:2.530000,distense:49.400000,rcs:30.000000
timestame:1619470032.206000000,objid:4,type:0,xpos:0.000000,ypos:0.000000,xspeed:11.760000,yspeed:0.230000,angle:1.930000,distense:81.600000,rcs:23.000000
timestame:1619470032.206000000,objid:7,type:0,xpos:0.000000,ypos:0.000000,xspeed:1.410000,yspeed:-0.630000,angle:6.970000,distense:22.200000,rcs:27.000000
