timestame:1619471233.290000000,objid:0,type:0,xpos:0.000000,ypos:0.000000,xspeed:7.500000,yspeed:0.030000,angle:1.610000,distense:119.600000,rcs:9.000000
timestame:1619471233.290000000,objid:9,type:0,xpos:0.000000,ypos:0.000000,xspeed:7.060000,yspeed:0.030000,angle:1.550000,distense:110.000000,rcs:34.000000
