timestame:1619471219.599000000,objid:6,type:0,xpos:0.000000,ypos:0.000000,xspeed:3.190000,yspeed:0.720000,angle:2.870000,distense:48.000000,rcs:20.000000
timestame:1619471219.599000000,objid:9,type:0,xpos:0.000000,ypos:0.000000,xspeed:3.490000,yspeed:0.270000,angle:2.860000,distense:29.400000,rcs:43.000000
timestame:1619471219.599000000,objid:10,type:0,xpos:0.000000,ypos:0.000000,xspeed:3.450000,yspeed:0.260000,angle:0.560000,distense:38.600000,rcs:19.000000
