timestame:1619469573.969000000,objid:3,type:0,xpos:0.000000,ypos:0.000000,xspeed:-8.030000,yspeed:0.000000,angle:-6.300000,distense:135.200000,rcs:12.000000
timestame:1619469573.969000000,objid:4,type:0,xpos:0.000000,ypos:0.000000,xspeed:-7.240000,yspeed:5.150000,angle:-3.380000,distense:142.200000,rcs:9.000000
timestame:1619469573.969000000,objid:5,type:0,xpos:0.000000,ypos:0.000000,xspeed:-7.500000,yspeed:0.520000,angle:-6.150000,distense:132.000000,rcs:12.000000
timestame:1619469573.969000000,objid:8,type:0,xpos:0.000000,ypos:0.000000,xspeed:-2.940000,yspeed:-1.360000,angle:-18.000000,distense:33.200000,rcs:9.000000
