timestame:1619471004.688000000,objid:1,type:0,xpos:0.000000,ypos:0.000000,xspeed:-12.870000,yspeed:-0.800000,angle:-7.450000,distense:121.800000,rcs:12.000000
timestame:1619471004.688000000,objid:7,type:0,xpos:0.000000,ypos:0.000000,xspeed:17.770000,yspeed:0.000000,angle:7.910000,distense:177.200000,rcs:12.000000
