timestame:1619469538.067000000,objid:4,type:0,xpos:0.000000,ypos:0.000000,xspeed:17.070000,yspeed:0.290000,angle:1.670000,distense:131.600000,rcs:18.000000
timestame:1619469538.067000000,objid:7,type:0,xpos:0.000000,ypos:0.000000,xspeed:17.040000,yspeed:0.210000,angle:1.320000,distense:139.000000,rcs:12.000000
