timestame:1619469789.058000000,objid:1,type:0,xpos:0.000000,ypos:0.000000,xspeed:-16.300000,yspeed:-0.530000,angle:-15.650000,distense:60.400000,rcs:28.000000
timestame:1619469789.058000000,objid:4,type:0,xpos:0.000000,ypos:0.000000,xspeed:-16.710000,yspeed:-0.680000,angle:-18.000000,distense:51.400000,rcs:27.000000
