timestame:1619470768.088000000,objid:0,type:0,xpos:0.000000,ypos:0.000000,xspeed:-11.890000,yspeed:-1.950000,angle:-5.110000,distense:175.000000,rcs:13.000000
timestame:1619470768.088000000,objid:1,type:0,xpos:0.000000,ypos:0.000000,xspeed:10.790000,yspeed:1.130000,angle:2.590000,distense:65.000000,rcs:27.000000
