timestame:1619471078.767000000,objid:1,type:0,xpos:0.000000,ypos:0.000000,xspeed:-7.180000,yspeed:-0.530000,angle:-18.000000,distense:46.800000,rcs:27.000000
timestame:1619471078.767000000,objid:3,type:0,xpos:0.000000,ypos:0.000000,xspeed:-9.460000,yspeed:-0.330000,angle:-14.260000,distense:51.000000,rcs:13.000000
timestame:1619471078.767000000,objid:5,type:0,xpos:0.000000,ypos:0.000000,xspeed:-10.310000,yspeed:-0.550000,angle:-18.000000,distense:29.400000,rcs:9.000000
timestame:1619471078.767000000,objid:6,type:0,xpos:0.000000,ypos:0.000000,xspeed:-5.540000,yspeed:-0.350000,angle:-18.000000,distense:43.800000,rcs:25.000000
