timestame:1619470485.229000000,objid:1,type:0,xpos:0.000000,ypos:0.000000,xspeed:-3.220000,yspeed:-0.120000,angle:-8.790000,distense:80.600000,rcs:9.000000
timestame:1619470485.229000000,objid:2,type:0,xpos:0.000000,ypos:0.000000,xspeed:2.110000,yspeed:-6.810000,angle:3.810000,distense:63.400000,rcs:22.000000
timestame:1619470485.229000000,objid:5,type:0,xpos:0.000000,ypos:0.000000,xspeed:-1.030000,yspeed:-3.420000,angle:-13.800000,distense:60.800000,rcs:6.000000
