timestame:1619471404.344000000,objid:0,type:0,xpos:0.000000,ypos:0.000000,xspeed:1.630000,yspeed:6.530000,angle:9.620000,distense:43.600000,rcs:32.000000
timestame:1619471404.344000000,objid:1,type:0,xpos:0.000000,ypos:0.000000,xspeed:1.010000,yspeed:-3.570000,angle:13.050000,distense:47.000000,rcs:31.000000
timestame:1619471404.344000000,objid:4,type:0,xpos:0.000000,ypos:0.000000,xspeed:-2.190000,yspeed:9.080000,angle:19.790000,distense:40.200000,rcs:6.000000
timestame:1619471404.344000000,objid:12,type:0,xpos:0.000000,ypos:0.000000,xspeed:-19.250000,yspeed:-2.510000,angle:12.500000,distense:23.000000,rcs:9.000000
