timestame:1619471209.367000000,objid:0,type:0,xpos:0.000000,ypos:0.000000,xspeed:-8.200000,yspeed:-4.500000,angle:-16.830000,distense:58.200000,rcs:22.000000
timestame:1619471209.367000000,objid:2,type:0,xpos:0.000000,ypos:0.000000,xspeed:-3.100000,yspeed:-4.320000,angle:-18.000000,distense:39.000000,rcs:21.000000
timestame:1619471209.367000000,objid:5,type:0,xpos:0.000000,ypos:0.000000,xspeed:-5.910000,yspeed:-0.420000,angle:-18.000000,distense:54.800000,rcs:21.000000
timestame:1619471209.367000000,objid:11,type:0,xpos:0.000000,ypos:0.000000,xspeed:-5.980000,yspeed:-0.230000,angle:-18.000000,distense:42.600000,rcs:28.000000
