timestame:1619471372.181000000,objid:1,type:0,xpos:0.000000,ypos:0.000000,xspeed:9.020000,yspeed:0.060000,angle:2.360000,distense:161.400000,rcs:19.000000
timestame:1619471372.181000000,objid:7,type:0,xpos:0.000000,ypos:0.000000,xspeed:10.260000,yspeed:0.210000,angle:1.510000,distense:207.800000,rcs:9.000000
