timestame:1619471085.717000000,objid:0,type:0,xpos:0.000000,ypos:0.000000,xspeed:8.430000,yspeed:0.360000,angle:1.410000,distense:51.400000,rcs:30.000000
timestame:1619471085.717000000,objid:11,type:0,xpos:0.000000,ypos:0.000000,xspeed:2.080000,yspeed:-0.050000,angle:1.970000,distense:19.400000,rcs:44.000000
