timestame:1619471319.832000000,objid:1,type:0,xpos:0.000000,ypos:0.000000,xspeed:-6.980000,yspeed:-0.630000,angle:-6.300000,distense:102.800000,rcs:20.000000
timestame:1619471319.832000000,objid:2,type:0,xpos:0.000000,ypos:0.000000,xspeed:1.290000,yspeed:-6.240000,angle:22.220000,distense:46.000000,rcs:21.000000
timestame:1619471319.832000000,objid:3,type:0,xpos:0.000000,ypos:0.000000,xspeed:-14.980000,yspeed:1.180000,angle:-3.010000,distense:187.200000,rcs:6.000000
timestame:1619471319.832000000,objid:4,type:0,xpos:0.000000,ypos:0.000000,xspeed:-15.700000,yspeed:-2.220000,angle:-2.590000,distense:193.600000,rcs:9.000000
