timestame:1619470007.372000000,objid:2,type:0,xpos:0.000000,ypos:0.000000,xspeed:-1.220000,yspeed:-2.850000,angle:-18.000000,distense:34.200000,rcs:24.000000
timestame:1619470007.372000000,objid:9,type:0,xpos:0.000000,ypos:0.000000,xspeed:-2.070000,yspeed:-2.860000,angle:-18.000000,distense:34.200000,rcs:12.000000
timestame:1619470007.372000000,objid:11,type:0,xpos:0.000000,ypos:0.000000,xspeed:-2.870000,yspeed:-2.280000,angle:-18.000000,distense:31.600000,rcs:9.000000
