timestame:1619469784.782000000,objid:2,type:0,xpos:0.000000,ypos:0.000000,xspeed:17.070000,yspeed:-0.090000,angle:0.920000,distense:174.200000,rcs:12.000000
timestame:1619469784.782000000,objid:4,type:0,xpos:0.000000,ypos:0.000000,xspeed:-17.550000,yspeed:-0.320000,angle:-7.170000,distense:120.000000,rcs:13.000000
timestame:1619469784.782000000,objid:10,type:0,xpos:0.000000,ypos:0.000000,xspeed:16.730000,yspeed:0.250000,angle:1.270000,distense:161.000000,rcs:27.000000
