timestame:1619471517.490000000,objid:3,type:0,xpos:0.000000,ypos:0.000000,xspeed:29.220000,yspeed:-0.240000,angle:0.290000,distense:178.000000,rcs:9.000000
timestame:1619471517.490000000,objid:7,type:0,xpos:0.000000,ypos:0.000000,xspeed:16.100000,yspeed:0.250000,angle:1.570000,distense:173.000000,rcs:9.000000
timestame:1619471517.490000000,objid:10,type:0,xpos:0.000000,ypos:0.000000,xspeed:16.010000,yspeed:0.100000,angle:1.360000,distense:162.400000,rcs:31.000000
