timestame:1619470464.133000000,objid:0,type:0,xpos:0.000000,ypos:0.000000,xspeed:-13.770000,yspeed:-0.640000,angle:-15.550000,distense:50.200000,rcs:19.000000
timestame:1619470464.133000000,objid:2,type:0,xpos:0.000000,ypos:0.000000,xspeed:5.920000,yspeed:0.030000,angle:3.030000,distense:200.000000,rcs:6.000000
