timestame:1619470276.626000000,objid:1,type:0,xpos:0.000000,ypos:0.000000,xspeed:-10.290000,yspeed:0.160000,angle:-5.100000,distense:97.000000,rcs:18.000000
timestame:1619470276.626000000,objid:2,type:0,xpos:0.000000,ypos:0.000000,xspeed:-1.690000,yspeed:0.170000,angle:-6.910000,distense:90.200000,rcs:9.000000
timestame:1619470276.626000000,objid:11,type:0,xpos:0.000000,ypos:0.000000,xspeed:-1.740000,yspeed:-0.130000,angle:-9.340000,distense:75.600000,rcs:20.000000
timestame:1619470276.626000000,objid:22,type:0,xpos:0.000000,ypos:0.000000,xspeed:-1.470000,yspeed:-0.100000,angle:-8.090000,distense:83.200000,rcs:18.000000
