timestame:1619469873.275000000,objid:0,type:0,xpos:0.000000,ypos:0.000000,xspeed:-3.050000,yspeed:-0.390000,angle:-18.000000,distense:26.600000,rcs:6.000000
timestame:1619469873.275000000,objid:8,type:0,xpos:0.000000,ypos:0.000000,xspeed:-3.300000,yspeed:-0.500000,angle:-18.000000,distense:24.600000,rcs:6.000000
timestame:1619469873.275000000,objid:11,type:0,xpos:0.000000,ypos:0.000000,xspeed:4.600000,yspeed:-5.480000,angle:-9.120000,distense:49.000000,rcs:12.000000
timestame:1619469873.275000000,objid:13,type:0,xpos:0.000000,ypos:0.000000,xspeed:-2.330000,yspeed:-0.620000,angle:-18.000000,distense:29.800000,rcs:6.000000
