timestame:1619470288.944000000,objid:2,type:0,xpos:0.000000,ypos:0.000000,xspeed:-12.180000,yspeed:-0.230000,angle:-10.770000,distense:82.800000,rcs:29.000000
timestame:1619470288.944000000,objid:5,type:0,xpos:0.000000,ypos:0.000000,xspeed:-5.720000,yspeed:-0.440000,angle:-18.000000,distense:32.600000,rcs:20.000000
timestame:1619470288.944000000,objid:7,type:0,xpos:0.000000,ypos:0.000000,xspeed:-5.870000,yspeed:-0.560000,angle:-18.000000,distense:28.200000,rcs:13.000000
timestame:1619470288.944000000,objid:11,type:0,xpos:0.000000,ypos:0.000000,xspeed:-5.740000,yspeed:-0.320000,angle:-18.000000,distense:22.800000,rcs:6.000000
