timestame:1619470793.246000000,objid:4,type:0,xpos:0.000000,ypos:0.000000,xspeed:1.280000,yspeed:-9.070000,angle:-0.190000,distense:50.400000,rcs:27.000000
timestame:1619470793.246000000,objid:6,type:0,xpos:0.000000,ypos:0.000000,xspeed:11.390000,yspeed:-4.230000,angle:10.030000,distense:58.600000,rcs:6.000000
timestame:1619470793.246000000,objid:7,type:0,xpos:0.000000,ypos:0.000000,xspeed:2.640000,yspeed:2.510000,angle:14.270000,distense:52.400000,rcs:9.000000
