timestame:1619470703.560000000,objid:0,type:0,xpos:0.000000,ypos:0.000000,xspeed:4.010000,yspeed:2.630000,angle:-17.860000,distense:34.600000,rcs:16.000000
timestame:1619470703.560000000,objid:1,type:0,xpos:0.000000,ypos:0.000000,xspeed:10.710000,yspeed:-0.040000,angle:2.810000,distense:134.400000,rcs:15.000000
timestame:1619470703.560000000,objid:2,type:0,xpos:0.000000,ypos:0.000000,xspeed:-8.300000,yspeed:-0.310000,angle:-15.370000,distense:76.200000,rcs:9.000000
