timestame:1619469685.760000000,objid:2,type:0,xpos:0.000000,ypos:0.000000,xspeed:-1.620000,yspeed:5.500000,angle:-18.000000,distense:46.800000,rcs:16.000000
timestame:1619469685.760000000,objid:4,type:0,xpos:0.000000,ypos:0.000000,xspeed:-1.970000,yspeed:8.210000,angle:-11.110000,distense:47.400000,rcs:21.000000
timestame:1619469685.760000000,objid:5,type:0,xpos:0.000000,ypos:0.000000,xspeed:1.280000,yspeed:-4.800000,angle:12.010000,distense:48.800000,rcs:26.000000
timestame:1619469685.760000000,objid:6,type:0,xpos:0.000000,ypos:0.000000,xspeed:-4.540000,yspeed:6.780000,angle:-14.960000,distense:44.400000,rcs:18.000000
