timestame:1619470570.197000000,objid:1,type:0,xpos:0.000000,ypos:0.000000,xspeed:3.740000,yspeed:3.090000,angle:-11.930000,distense:40.400000,rcs:13.000000
timestame:1619470570.197000000,objid:3,type:0,xpos:0.000000,ypos:0.000000,xspeed:15.400000,yspeed:0.200000,angle:1.070000,distense:200.800000,rcs:27.000000
timestame:1619470570.197000000,objid:5,type:0,xpos:0.000000,ypos:0.000000,xspeed:-1.900000,yspeed:1.620000,angle:-1.840000,distense:41.800000,rcs:9.000000
