timestame:1619470033.072000000,objid:1,type:0,xpos:0.000000,ypos:0.000000,xspeed:7.790000,yspeed:0.320000,angle:2.420000,distense:57.600000,rcs:37.000000
timestame:1619470033.072000000,objid:3,type:0,xpos:0.000000,ypos:0.000000,xspeed:9.520000,yspeed:0.200000,angle:0.670000,distense:21.800000,rcs:38.000000
timestame:1619470033.072000000,objid:4,type:0,xpos:0.000000,ypos:0.000000,xspeed:12.420000,yspeed:0.210000,angle:1.770000,distense:93.600000,rcs:16.000000
timestame:1619470033.072000000,objid:7,type:0,xpos:0.000000,ypos:0.000000,xspeed:1.270000,yspeed:-0.100000,angle:7.600000,distense:23.200000,rcs:27.000000
