timestame:1619470052.465000000,objid:0,type:0,xpos:0.000000,ypos:0.000000,xspeed:7.540000,yspeed:-0.240000,angle:2.730000,distense:124.200000,rcs:9.000000
timestame:1619470052.465000000,objid:5,type:0,xpos:0.000000,ypos:0.000000,xspeed:7.640000,yspeed:0.100000,angle:3.480000,distense:114.800000,rcs:24.000000
