timestame:1619470008.178000000,objid:1,type:0,xpos:0.000000,ypos:0.000000,xspeed:-20.920000,yspeed:10.020000,angle:1.260000,distense:31.400000,rcs:6.000000
timestame:1619470008.178000000,objid:2,type:0,xpos:0.000000,ypos:0.000000,xspeed:-1.080000,yspeed:-1.460000,angle:-18.000000,distense:33.800000,rcs:21.000000
timestame:1619470008.178000000,objid:9,type:0,xpos:0.000000,ypos:0.000000,xspeed:-2.070000,yspeed:-2.500000,angle:-18.000000,distense:33.600000,rcs:12.000000
timestame:1619470008.178000000,objid:11,type:0,xpos:0.000000,ypos:0.000000,xspeed:-2.500000,yspeed:-1.550000,angle:-18.000000,distense:30.600000,rcs:12.000000
