timestame:1619471209.556000000,objid:0,type:0,xpos:0.000000,ypos:0.000000,xspeed:-7.030000,yspeed:-2.910000,angle:-17.110000,distense:57.600000,rcs:18.000000
timestame:1619471209.556000000,objid:2,type:0,xpos:0.000000,ypos:0.000000,xspeed:-6.880000,yspeed:-3.140000,angle:-18.000000,distense:37.400000,rcs:16.000000
timestame:1619471209.556000000,objid:5,type:0,xpos:0.000000,ypos:0.000000,xspeed:-5.990000,yspeed:-0.330000,angle:-18.000000,distense:53.600000,rcs:26.000000
timestame:1619471209.556000000,objid:11,type:0,xpos:0.000000,ypos:0.000000,xspeed:-6.240000,yspeed:-0.170000,angle:-18.000000,distense:41.200000,rcs:12.000000
