timestame:1619470767.036000000,objid:0,type:0,xpos:0.000000,ypos:0.000000,xspeed:-11.700000,yspeed:-3.890000,angle:-4.480000,distense:187.800000,rcs:20.000000
timestame:1619470767.036000000,objid:9,type:0,xpos:0.000000,ypos:0.000000,xspeed:7.110000,yspeed:0.270000,angle:2.500000,distense:52.400000,rcs:28.000000
