timestame:1619470944.508000000,objid:1,type:0,xpos:0.000000,ypos:0.000000,xspeed:-6.780000,yspeed:0.210000,angle:-18.000000,distense:40.400000,rcs:20.000000
timestame:1619470944.508000000,objid:5,type:0,xpos:0.000000,ypos:0.000000,xspeed:-6.120000,yspeed:-0.380000,angle:-18.000000,distense:46.200000,rcs:12.000000
timestame:1619470944.508000000,objid:7,type:0,xpos:0.000000,ypos:0.000000,xspeed:-5.610000,yspeed:-0.710000,angle:-18.000000,distense:43.800000,rcs:13.000000
