timestame:1619469531.660000000,objid:1,type:0,xpos:0.000000,ypos:0.000000,xspeed:1.750000,yspeed:-4.750000,angle:-18.000000,distense:77.200000,rcs:9.000000
timestame:1619469531.660000000,objid:4,type:0,xpos:0.000000,ypos:0.000000,xspeed:15.590000,yspeed:2.790000,angle:2.560000,distense:23.800000,rcs:36.000000
timestame:1619469531.660000000,objid:7,type:0,xpos:0.000000,ypos:0.000000,xspeed:17.610000,yspeed:0.040000,angle:1.320000,distense:31.800000,rcs:37.000000
