timestame:1619469754.543000000,objid:2,type:0,xpos:0.000000,ypos:0.000000,xspeed:-12.820000,yspeed:0.000000,angle:-7.450000,distense:16.200000,rcs:22.000000
timestame:1619469754.543000000,objid:3,type:0,xpos:0.000000,ypos:0.000000,xspeed:6.980000,yspeed:-0.530000,angle:-16.570000,distense:22.400000,rcs:33.000000
timestame:1619469754.543000000,objid:4,type:0,xpos:0.000000,ypos:0.000000,xspeed:-13.240000,yspeed:-0.670000,angle:6.130000,distense:11.600000,rcs:6.000000
timestame:1619469754.543000000,objid:5,type:0,xpos:0.000000,ypos:0.000000,xspeed:7.050000,yspeed:5.420000,angle:22.250000,distense:25.000000,rcs:25.000000
