timestame:1619469921.544000000,objid:1,type:0,xpos:0.000000,ypos:0.000000,xspeed:5.970000,yspeed:0.140000,angle:1.360000,distense:138.800000,rcs:9.000000
timestame:1619469921.544000000,objid:8,type:0,xpos:0.000000,ypos:0.000000,xspeed:5.780000,yspeed:0.140000,angle:1.540000,distense:131.800000,rcs:20.000000
