timestame:1619470534.286000000,objid:0,type:0,xpos:0.000000,ypos:0.000000,xspeed:5.880000,yspeed:0.710000,angle:17.480000,distense:23.400000,rcs:21.000000
timestame:1619470534.286000000,objid:1,type:0,xpos:0.000000,ypos:0.000000,xspeed:-2.610000,yspeed:-4.640000,angle:-1.960000,distense:17.600000,rcs:6.000000
timestame:1619470534.286000000,objid:2,type:0,xpos:0.000000,ypos:0.000000,xspeed:-6.490000,yspeed:-0.870000,angle:-8.140000,distense:112.600000,rcs:9.000000
timestame:1619470534.286000000,objid:4,type:0,xpos:0.000000,ypos:0.000000,xspeed:2.670000,yspeed:-2.860000,angle:-17.520000,distense:23.800000,rcs:21.000000
