timestame:1619471027.089000000,objid:0,type:0,xpos:0.000000,ypos:0.000000,xspeed:-2.950000,yspeed:-3.230000,angle:-18.000000,distense:31.400000,rcs:6.000000
timestame:1619471027.089000000,objid:2,type:0,xpos:0.000000,ypos:0.000000,xspeed:5.710000,yspeed:-0.830000,angle:21.860000,distense:19.200000,rcs:13.000000
timestame:1619471027.089000000,objid:3,type:0,xpos:0.000000,ypos:0.000000,xspeed:-3.510000,yspeed:-2.330000,angle:-18.000000,distense:28.800000,rcs:6.000000
timestame:1619471027.089000000,objid:8,type:0,xpos:0.000000,ypos:0.000000,xspeed:-1.890000,yspeed:5.550000,angle:-12.140000,distense:40.600000,rcs:6.000000
