timestame:1619469579.882000000,objid:1,type:0,xpos:0.000000,ypos:0.000000,xspeed:-6.030000,yspeed:-0.550000,angle:-8.240000,distense:108.200000,rcs:12.000000
timestame:1619469579.882000000,objid:3,type:0,xpos:0.000000,ypos:0.000000,xspeed:-6.190000,yspeed:-0.150000,angle:-9.320000,distense:98.000000,rcs:16.000000
timestame:1619469579.882000000,objid:5,type:0,xpos:0.000000,ypos:0.000000,xspeed:-6.170000,yspeed:-0.130000,angle:-9.620000,distense:94.800000,rcs:22.000000
