timestame:1619469892.133000000,objid:2,type:0,xpos:0.000000,ypos:0.000000,xspeed:-4.380000,yspeed:-0.230000,angle:-17.080000,distense:47.000000,rcs:25.000000
timestame:1619469892.133000000,objid:5,type:0,xpos:0.000000,ypos:0.000000,xspeed:-2.960000,yspeed:-0.220000,angle:-18.000000,distense:51.800000,rcs:21.000000
timestame:1619469892.133000000,objid:11,type:0,xpos:0.000000,ypos:0.000000,xspeed:3.630000,yspeed:-3.240000,angle:10.760000,distense:30.800000,rcs:16.000000
timestame:1619469892.133000000,objid:16,type:0,xpos:0.000000,ypos:0.000000,xspeed:-3.820000,yspeed:-0.350000,angle:-13.340000,distense:59.400000,rcs:27.000000
