timestame:1619470181.387000000,objid:1,type:0,xpos:0.000000,ypos:0.000000,xspeed:13.040000,yspeed:0.040000,angle:1.440000,distense:161.800000,rcs:20.000000
timestame:1619470181.387000000,objid:4,type:0,xpos:0.000000,ypos:0.000000,xspeed:14.330000,yspeed:0.270000,angle:1.310000,distense:203.200000,rcs:6.000000
timestame:1619470181.387000000,objid:8,type:0,xpos:0.000000,ypos:0.000000,xspeed:9.100000,yspeed:0.340000,angle:4.050000,distense:103.200000,rcs:13.000000
timestame:1619470181.387000000,objid:11,type:0,xpos:0.000000,ypos:0.000000,xspeed:8.680000,yspeed:0.580000,angle:5.400000,distense:92.800000,rcs:33.000000
