timestame:1619471551.864000000,objid:7,type:0,xpos:0.000000,ypos:0.000000,xspeed:-2.040000,yspeed:-3.640000,angle:-13.170000,distense:63.000000,rcs:9.000000
timestame:1619471551.864000000,objid:13,type:0,xpos:0.000000,ypos:0.000000,xspeed:3.700000,yspeed:0.890000,angle:21.250000,distense:26.200000,rcs:27.000000
timestame:1619471551.864000000,objid:14,type:0,xpos:0.000000,ypos:0.000000,xspeed:2.290000,yspeed:-6.520000,angle:-9.420000,distense:59.400000,rcs:9.000000
timestame:1619471551.864000000,objid:15,type:0,xpos:0.000000,ypos:0.000000,xspeed:-1.620000,yspeed:-2.750000,angle:-18.000000,distense:35.000000,rcs:30.000000
