timestame:1619470060.183000000,objid:0,type:0,xpos:0.000000,ypos:0.000000,xspeed:-11.700000,yspeed:-0.060000,angle:-5.610000,distense:78.600000,rcs:19.000000
timestame:1619470060.183000000,objid:1,type:0,xpos:0.000000,ypos:0.000000,xspeed:-22.340000,yspeed:7.580000,angle:-3.880000,distense:168.600000,rcs:12.000000
timestame:1619470060.183000000,objid:5,type:0,xpos:0.000000,ypos:0.000000,xspeed:9.580000,yspeed:0.530000,angle:2.900000,distense:187.600000,rcs:15.000000
