timestame:1619470168.165000000,objid:0,type:0,xpos:0.000000,ypos:0.000000,xspeed:6.250000,yspeed:0.230000,angle:2.110000,distense:45.200000,rcs:37.000000
timestame:1619470168.165000000,objid:3,type:0,xpos:0.000000,ypos:0.000000,xspeed:7.920000,yspeed:0.390000,angle:5.740000,distense:77.600000,rcs:29.000000
