timestame:1619470181.572000000,objid:1,type:0,xpos:0.000000,ypos:0.000000,xspeed:13.120000,yspeed:0.050000,angle:1.440000,distense:164.200000,rcs:16.000000
timestame:1619470181.572000000,objid:8,type:0,xpos:0.000000,ypos:0.000000,xspeed:8.980000,yspeed:0.290000,angle:3.960000,distense:104.600000,rcs:9.000000
timestame:1619470181.572000000,objid:11,type:0,xpos:0.000000,ypos:0.000000,xspeed:8.560000,yspeed:0.450000,angle:5.210000,distense:94.200000,rcs:32.000000
