timestame:1619471499.229000000,objid:0,type:0,xpos:0.000000,ypos:0.000000,xspeed:7.830000,yspeed:0.090000,angle:1.780000,distense:91.000000,rcs:30.000000
timestame:1619471499.229000000,objid:3,type:0,xpos:0.000000,ypos:0.000000,xspeed:7.690000,yspeed:0.020000,angle:3.340000,distense:120.400000,rcs:15.000000
timestame:1619471499.229000000,objid:10,type:0,xpos:0.000000,ypos:0.000000,xspeed:7.100000,yspeed:0.350000,angle:5.550000,distense:79.800000,rcs:23.000000
