timestame:1619469535.517000000,objid:4,type:0,xpos:0.000000,ypos:0.000000,xspeed:16.480000,yspeed:0.610000,angle:2.310000,distense:87.200000,rcs:28.000000
timestame:1619469535.517000000,objid:7,type:0,xpos:0.000000,ypos:0.000000,xspeed:16.470000,yspeed:0.430000,angle:1.730000,distense:94.800000,rcs:18.000000
