timestame:1619470073.268000000,objid:3,type:0,xpos:0.000000,ypos:0.000000,xspeed:-1.310000,yspeed:2.270000,angle:17.700000,distense:48.000000,rcs:34.000000
timestame:1619470073.268000000,objid:4,type:0,xpos:0.000000,ypos:0.000000,xspeed:-1.560000,yspeed:2.380000,angle:-17.990000,distense:43.000000,rcs:22.000000
timestame:1619470073.268000000,objid:8,type:0,xpos:0.000000,ypos:0.000000,xspeed:1.900000,yspeed:2.950000,angle:-8.550000,distense:41.200000,rcs:12.000000
