timestame:1619469530.917000000,objid:1,type:0,xpos:0.000000,ypos:0.000000,xspeed:1.990000,yspeed:-4.320000,angle:-18.000000,distense:74.400000,rcs:9.000000
timestame:1619469530.917000000,objid:3,type:0,xpos:0.000000,ypos:0.000000,xspeed:-1.140000,yspeed:-1.750000,angle:-1.290000,distense:11.600000,rcs:34.000000
timestame:1619469530.917000000,objid:7,type:0,xpos:0.000000,ypos:0.000000,xspeed:16.600000,yspeed:0.000000,angle:1.430000,distense:19.200000,rcs:47.000000
