timestame:1619469623.295000000,objid:1,type:0,xpos:0.000000,ypos:0.000000,xspeed:-4.030000,yspeed:-0.020000,angle:-16.650000,distense:57.400000,rcs:27.000000
timestame:1619469623.295000000,objid:2,type:0,xpos:0.000000,ypos:0.000000,xspeed:-3.720000,yspeed:-0.100000,angle:-13.940000,distense:70.400000,rcs:22.000000
timestame:1619469623.295000000,objid:4,type:0,xpos:0.000000,ypos:0.000000,xspeed:-14.380000,yspeed:-0.340000,angle:-10.410000,distense:65.200000,rcs:26.000000
