timestame:1619470201.234000000,objid:0,type:0,xpos:0.000000,ypos:0.000000,xspeed:1.050000,yspeed:-3.230000,angle:6.040000,distense:140.400000,rcs:23.000000
timestame:1619470201.234000000,objid:2,type:0,xpos:0.000000,ypos:0.000000,xspeed:3.770000,yspeed:5.380000,angle:5.020000,distense:156.200000,rcs:12.000000
