timestame:1619470534.542000000,objid:0,type:0,xpos:0.000000,ypos:0.000000,xspeed:5.860000,yspeed:0.450000,angle:16.400000,distense:24.600000,rcs:27.000000
timestame:1619470534.542000000,objid:1,type:0,xpos:0.000000,ypos:0.000000,xspeed:-1.660000,yspeed:-9.570000,angle:14.710000,distense:23.200000,rcs:13.000000
timestame:1619470534.542000000,objid:2,type:0,xpos:0.000000,ypos:0.000000,xspeed:-6.440000,yspeed:-0.990000,angle:-8.430000,distense:111.200000,rcs:9.000000
timestame:1619470534.542000000,objid:4,type:0,xpos:0.000000,ypos:0.000000,xspeed:2.410000,yspeed:-4.620000,angle:19.610000,distense:23.800000,rcs:13.000000
