timestame:1619471227.277000000,objid:0,type:0,xpos:0.000000,ypos:0.000000,xspeed:5.760000,yspeed:0.440000,angle:2.180000,distense:77.800000,rcs:19.000000
timestame:1619471227.277000000,objid:1,type:0,xpos:0.000000,ypos:0.000000,xspeed:5.030000,yspeed:-2.980000,angle:-13.290000,distense:50.400000,rcs:22.000000
timestame:1619471227.277000000,objid:9,type:0,xpos:0.000000,ypos:0.000000,xspeed:5.550000,yspeed:0.040000,angle:2.130000,distense:67.800000,rcs:32.000000
