timestame:1619470880.328000000,objid:3,type:0,xpos:0.000000,ypos:0.000000,xspeed:-1.670000,yspeed:-3.110000,angle:-18.000000,distense:34.600000,rcs:22.000000
timestame:1619470880.328000000,objid:4,type:0,xpos:0.000000,ypos:0.000000,xspeed:-24.530000,yspeed:-9.610000,angle:-18.000000,distense:20.800000,rcs:21.000000
timestame:1619470880.328000000,objid:9,type:0,xpos:0.000000,ypos:0.000000,xspeed:1.030000,yspeed:-0.070000,angle:-2.280000,distense:25.200000,rcs:15.000000
timestame:1619470880.328000000,objid:23,type:0,xpos:0.000000,ypos:0.000000,xspeed:-2.710000,yspeed:-4.090000,angle:-18.000000,distense:50.000000,rcs:9.000000
