timestame:1619469930.895000000,objid:0,type:0,xpos:0.000000,ypos:0.000000,xspeed:-1.840000,yspeed:0.980000,angle:-18.000000,distense:40.200000,rcs:6.000000
timestame:1619469930.895000000,objid:1,type:0,xpos:0.000000,ypos:0.000000,xspeed:8.050000,yspeed:0.270000,angle:1.500000,distense:205.800000,rcs:12.000000
timestame:1619469930.895000000,objid:8,type:0,xpos:0.000000,ypos:0.000000,xspeed:8.020000,yspeed:0.220000,angle:1.250000,distense:199.000000,rcs:29.000000
