timestame:1619471147.172000000,objid:1,type:0,xpos:0.000000,ypos:0.000000,xspeed:-1.420000,yspeed:6.200000,angle:21.720000,distense:40.000000,rcs:6.000000
timestame:1619471147.172000000,objid:5,type:0,xpos:0.000000,ypos:0.000000,xspeed:-1.210000,yspeed:6.480000,angle:-0.170000,distense:41.600000,rcs:20.000000
timestame:1619471147.172000000,objid:9,type:0,xpos:0.000000,ypos:0.000000,xspeed:-1.530000,yspeed:5.800000,angle:-4.550000,distense:42.600000,rcs:19.000000
