timestame:1619470243.215000000,objid:3,type:0,xpos:0.000000,ypos:0.000000,xspeed:-1.660000,yspeed:-2.870000,angle:-18.000000,distense:43.000000,rcs:9.000000
timestame:1619470243.215000000,objid:5,type:0,xpos:0.000000,ypos:0.000000,xspeed:-3.260000,yspeed:-1.500000,angle:-18.000000,distense:28.200000,rcs:6.000000
timestame:1619470243.215000000,objid:7,type:0,xpos:0.000000,ypos:0.000000,xspeed:-2.550000,yspeed:-1.720000,angle:-18.000000,distense:30.400000,rcs:9.000000
timestame:1619470243.215000000,objid:11,type:0,xpos:0.000000,ypos:0.000000,xspeed:-3.010000,yspeed:-0.220000,angle:-6.350000,distense:104.800000,rcs:21.000000
