timestame:1619469618.322000000,objid:1,type:0,xpos:0.000000,ypos:0.000000,xspeed:-1.480000,yspeed:0.280000,angle:-12.600000,distense:75.000000,rcs:16.000000
timestame:1619469618.322000000,objid:4,type:0,xpos:0.000000,ypos:0.000000,xspeed:-18.390000,yspeed:3.110000,angle:-4.150000,distense:138.400000,rcs:13.000000
