timestame:1619469994.715000000,objid:6,type:0,xpos:0.000000,ypos:0.000000,xspeed:-5.790000,yspeed:3.130000,angle:22.160000,distense:50.800000,rcs:9.000000
timestame:1619469994.715000000,objid:8,type:0,xpos:0.000000,ypos:0.000000,xspeed:1.130000,yspeed:3.270000,angle:-3.320000,distense:41.800000,rcs:6.000000
timestame:1619469994.715000000,objid:15,type:0,xpos:0.000000,ypos:0.000000,xspeed:-1.330000,yspeed:-2.390000,angle:-16.650000,distense:36.400000,rcs:38.000000
timestame:1619469994.715000000,objid:24,type:0,xpos:0.000000,ypos:0.000000,xspeed:2.540000,yspeed:2.640000,angle:-12.270000,distense:37.400000,rcs:15.000000
