timestame:1619470111.379000000,objid:2,type:0,xpos:0.000000,ypos:0.000000,xspeed:6.100000,yspeed:0.400000,angle:18.700000,distense:24.800000,rcs:21.000000
timestame:1619470111.379000000,objid:5,type:0,xpos:0.000000,ypos:0.000000,xspeed:3.330000,yspeed:3.590000,angle:-8.700000,distense:43.400000,rcs:6.000000
timestame:1619470111.379000000,objid:6,type:0,xpos:0.000000,ypos:0.000000,xspeed:-7.150000,yspeed:-0.950000,angle:19.100000,distense:20.200000,rcs:6.000000
timestame:1619470111.379000000,objid:7,type:0,xpos:0.000000,ypos:0.000000,xspeed:6.470000,yspeed:-0.480000,angle:-16.880000,distense:23.400000,rcs:35.000000
