timestame:1619470463.575000000,objid:0,type:0,xpos:0.000000,ypos:0.000000,xspeed:-14.050000,yspeed:-0.620000,angle:-13.090000,distense:57.600000,rcs:18.000000
timestame:1619470463.575000000,objid:2,type:0,xpos:0.000000,ypos:0.000000,xspeed:6.050000,yspeed:0.050000,angle:3.090000,distense:196.600000,rcs:12.000000
