timestame:1619470059.438000000,objid:0,type:0,xpos:0.000000,ypos:0.000000,xspeed:-12.470000,yspeed:0.140000,angle:-4.930000,distense:86.000000,rcs:22.000000
timestame:1619470059.438000000,objid:3,type:0,xpos:0.000000,ypos:0.000000,xspeed:-17.220000,yspeed:2.260000,angle:-3.810000,distense:179.800000,rcs:13.000000
timestame:1619470059.438000000,objid:5,type:0,xpos:0.000000,ypos:0.000000,xspeed:9.430000,yspeed:0.390000,angle:2.780000,distense:180.400000,rcs:26.000000
