timestame:1619469878.191000000,objid:3,type:0,xpos:0.000000,ypos:0.000000,xspeed:-4.580000,yspeed:-0.440000,angle:-18.000000,distense:29.400000,rcs:13.000000
timestame:1619469878.191000000,objid:10,type:0,xpos:0.000000,ypos:0.000000,xspeed:4.990000,yspeed:-3.420000,angle:-3.110000,distense:43.400000,rcs:30.000000
timestame:1619469878.191000000,objid:11,type:0,xpos:0.000000,ypos:0.000000,xspeed:-5.500000,yspeed:-4.220000,angle:-12.110000,distense:70.600000,rcs:9.000000
