timestame:1619469790.480000000,objid:1,type:0,xpos:0.000000,ypos:0.000000,xspeed:-16.300000,yspeed:-0.740000,angle:-18.000000,distense:39.000000,rcs:25.000000
timestame:1619469790.480000000,objid:3,type:0,xpos:0.000000,ypos:0.000000,xspeed:7.430000,yspeed:-0.860000,angle:-18.000000,distense:38.200000,rcs:19.000000
