timestame:1619471220.157000000,objid:0,type:0,xpos:0.000000,ypos:0.000000,xspeed:5.350000,yspeed:2.050000,angle:0.770000,distense:54.000000,rcs:15.000000
timestame:1619471220.157000000,objid:6,type:0,xpos:0.000000,ypos:0.000000,xspeed:3.530000,yspeed:0.470000,angle:2.680000,distense:50.600000,rcs:19.000000
timestame:1619471220.157000000,objid:9,type:0,xpos:0.000000,ypos:0.000000,xspeed:3.700000,yspeed:0.150000,angle:2.540000,distense:32.000000,rcs:43.000000
timestame:1619471220.157000000,objid:10,type:0,xpos:0.000000,ypos:0.000000,xspeed:3.600000,yspeed:0.380000,angle:1.140000,distense:41.000000,rcs:13.000000
