timestame:1619469787.824000000,objid:1,type:0,xpos:0.000000,ypos:0.000000,xspeed:-16.010000,yspeed:-0.090000,angle:-10.890000,distense:79.600000,rcs:27.000000
timestame:1619469787.824000000,objid:4,type:0,xpos:0.000000,ypos:0.000000,xspeed:-16.770000,yspeed:-0.610000,angle:-13.700000,distense:70.200000,rcs:24.000000
timestame:1619469787.824000000,objid:10,type:0,xpos:0.000000,ypos:0.000000,xspeed:17.110000,yspeed:0.310000,angle:1.190000,distense:213.600000,rcs:26.000000
