timestame:1619471137.122000000,objid:4,type:0,xpos:0.000000,ypos:0.000000,xspeed:3.330000,yspeed:-1.570000,angle:9.170000,distense:43.800000,rcs:12.000000
timestame:1619471137.122000000,objid:8,type:0,xpos:0.000000,ypos:0.000000,xspeed:1.050000,yspeed:-0.510000,angle:21.430000,distense:50.800000,rcs:6.000000
