timestame:1619470464.010000000,objid:0,type:0,xpos:0.000000,ypos:0.000000,xspeed:-13.800000,yspeed:-0.660000,angle:-15.030000,distense:51.800000,rcs:22.000000
timestame:1619470464.010000000,objid:2,type:0,xpos:0.000000,ypos:0.000000,xspeed:5.980000,yspeed:0.000000,angle:3.010000,distense:199.400000,rcs:9.000000
