timestame:1619471061.566000000,objid:0,type:0,xpos:0.000000,ypos:0.000000,xspeed:-8.410000,yspeed:2.780000,angle:-4.720000,distense:134.000000,rcs:9.000000
timestame:1619471061.566000000,objid:8,type:0,xpos:0.000000,ypos:0.000000,xspeed:-1.170000,yspeed:3.000000,angle:-3.890000,distense:36.200000,rcs:25.000000
timestame:1619471061.566000000,objid:9,type:0,xpos:0.000000,ypos:0.000000,xspeed:-2.100000,yspeed:-0.140000,angle:-9.410000,distense:77.000000,rcs:6.000000
