timestame:1619470214.512000000,objid:2,type:0,xpos:0.000000,ypos:0.000000,xspeed:-2.130000,yspeed:8.110000,angle:7.940000,distense:38.600000,rcs:9.000000
timestame:1619470214.512000000,objid:7,type:0,xpos:0.000000,ypos:0.000000,xspeed:-3.180000,yspeed:7.730000,angle:-15.790000,distense:47.000000,rcs:6.000000
timestame:1619470214.512000000,objid:9,type:0,xpos:0.000000,ypos:0.000000,xspeed:-1.440000,yspeed:10.910000,angle:13.960000,distense:39.200000,rcs:37.000000
