timestame:1619470201.422000000,objid:0,type:0,xpos:0.000000,ypos:0.000000,xspeed:1.160000,yspeed:-3.310000,angle:5.770000,distense:140.600000,rcs:22.000000
timestame:1619470201.422000000,objid:2,type:0,xpos:0.000000,ypos:0.000000,xspeed:2.690000,yspeed:5.760000,angle:5.500000,distense:156.600000,rcs:12.000000
