timestame:1619470615.687000000,objid:0,type:0,xpos:0.000000,ypos:0.000000,xspeed:2.060000,yspeed:-10.020000,angle:-18.000000,distense:64.200000,rcs:6.000000
timestame:1619470615.687000000,objid:7,type:0,xpos:0.000000,ypos:0.000000,xspeed:-16.600000,yspeed:-0.260000,angle:-7.530000,distense:121.600000,rcs:6.000000
timestame:1619470615.687000000,objid:10,type:0,xpos:0.000000,ypos:0.000000,xspeed:-1.050000,yspeed:5.280000,angle:13.930000,distense:40.600000,rcs:15.000000
