timestame:1619470611.478000000,objid:0,type:0,xpos:0.000000,ypos:0.000000,xspeed:-30.290000,yspeed:1.940000,angle:-3.440000,distense:192.400000,rcs:9.000000
timestame:1619470611.478000000,objid:2,type:0,xpos:0.000000,ypos:0.000000,xspeed:-1.530000,yspeed:8.140000,angle:-18.000000,distense:49.600000,rcs:15.000000
timestame:1619470611.478000000,objid:3,type:0,xpos:0.000000,ypos:0.000000,xspeed:1.570000,yspeed:4.380000,angle:-11.070000,distense:34.600000,rcs:16.000000
timestame:1619470611.478000000,objid:4,type:0,xpos:0.000000,ypos:0.000000,xspeed:4.750000,yspeed:1.820000,angle:-17.200000,distense:33.400000,rcs:19.000000
