timestame:1619471004.010000000,objid:1,type:0,xpos:0.000000,ypos:0.000000,xspeed:-13.270000,yspeed:-0.800000,angle:-6.710000,distense:130.400000,rcs:15.000000
timestame:1619471004.010000000,objid:4,type:0,xpos:0.000000,ypos:0.000000,xspeed:1.340000,yspeed:0.220000,angle:0.680000,distense:17.600000,rcs:19.000000
