timestame:1619470128.375000000,objid:2,type:0,xpos:0.000000,ypos:0.000000,xspeed:13.690000,yspeed:0.000000,angle:13.130000,distense:29.600000,rcs:13.000000
timestame:1619470128.375000000,objid:6,type:0,xpos:0.000000,ypos:0.000000,xspeed:-23.900000,yspeed:0.000000,angle:22.280000,distense:18.800000,rcs:16.000000
timestame:1619470128.375000000,objid:7,type:0,xpos:0.000000,ypos:0.000000,xspeed:-10.160000,yspeed:0.940000,angle:-4.290000,distense:126.200000,rcs:13.000000
timestame:1619470128.375000000,objid:9,type:0,xpos:0.000000,ypos:0.000000,xspeed:5.600000,yspeed:1.760000,angle:-16.150000,distense:20.800000,rcs:22.000000
