timestame:1619471219.104000000,objid:6,type:0,xpos:0.000000,ypos:0.000000,xspeed:2.930000,yspeed:0.570000,angle:2.240000,distense:46.000000,rcs:12.000000
timestame:1619471219.104000000,objid:9,type:0,xpos:0.000000,ypos:0.000000,xspeed:3.210000,yspeed:0.230000,angle:2.620000,distense:27.200000,rcs:41.000000
timestame:1619471219.104000000,objid:10,type:0,xpos:0.000000,ypos:0.000000,xspeed:3.140000,yspeed:0.200000,angle:0.290000,distense:36.400000,rcs:20.000000
