timestame:1619470641.132000000,objid:2,type:0,xpos:0.000000,ypos:0.000000,xspeed:-6.810000,yspeed:-0.090000,angle:-4.620000,distense:180.800000,rcs:9.000000
timestame:1619470641.132000000,objid:8,type:0,xpos:0.000000,ypos:0.000000,xspeed:-3.490000,yspeed:11.060000,angle:-3.430000,distense:40.800000,rcs:20.000000
timestame:1619470641.132000000,objid:14,type:0,xpos:0.000000,ypos:0.000000,xspeed:-1.280000,yspeed:-9.770000,angle:7.370000,distense:166.000000,rcs:9.000000
