timestame:1619470121.305000000,objid:4,type:0,xpos:0.000000,ypos:0.000000,xspeed:4.540000,yspeed:0.700000,angle:-13.530000,distense:17.800000,rcs:29.000000
timestame:1619470121.305000000,objid:5,type:0,xpos:0.000000,ypos:0.000000,xspeed:-1.980000,yspeed:-0.200000,angle:16.540000,distense:22.400000,rcs:6.000000
timestame:1619470121.305000000,objid:6,type:0,xpos:0.000000,ypos:0.000000,xspeed:7.430000,yspeed:-1.130000,angle:20.770000,distense:20.800000,rcs:26.000000
timestame:1619470121.305000000,objid:8,type:0,xpos:0.000000,ypos:0.000000,xspeed:4.440000,yspeed:1.280000,angle:-16.850000,distense:23.800000,rcs:34.000000
