timestame:1619471320.757000000,objid:0,type:0,xpos:0.000000,ypos:0.000000,xspeed:1.180000,yspeed:-9.830000,angle:16.210000,distense:48.400000,rcs:27.000000
timestame:1619471320.757000000,objid:1,type:0,xpos:0.000000,ypos:0.000000,xspeed:-7.160000,yspeed:-0.510000,angle:-6.920000,distense:96.400000,rcs:20.000000
timestame:1619471320.757000000,objid:3,type:0,xpos:0.000000,ypos:0.000000,xspeed:-13.990000,yspeed:-0.300000,angle:-3.570000,distense:174.600000,rcs:12.000000
