timestame:1619470225.853000000,objid:7,type:0,xpos:0.000000,ypos:0.000000,xspeed:1.230000,yspeed:-0.120000,angle:-10.770000,distense:50.800000,rcs:9.000000
timestame:1619470225.853000000,objid:8,type:0,xpos:0.000000,ypos:0.000000,xspeed:-3.870000,yspeed:-5.780000,angle:-7.970000,distense:42.200000,rcs:32.000000
timestame:1619470225.853000000,objid:11,type:0,xpos:0.000000,ypos:0.000000,xspeed:-2.330000,yspeed:7.240000,angle:-15.360000,distense:39.000000,rcs:6.000000
timestame:1619470225.853000000,objid:14,type:0,xpos:0.000000,ypos:0.000000,xspeed:-1.450000,yspeed:8.480000,angle:-11.200000,distense:40.800000,rcs:6.000000
