timestame:1619470562.821000000,objid:1,type:0,xpos:0.000000,ypos:0.000000,xspeed:6.560000,yspeed:-0.520000,angle:3.520000,distense:200.800000,rcs:18.000000
timestame:1619470562.821000000,objid:3,type:0,xpos:0.000000,ypos:0.000000,xspeed:10.270000,yspeed:0.190000,angle:1.700000,distense:92.000000,rcs:37.000000
timestame:1619470562.821000000,objid:5,type:0,xpos:0.000000,ypos:0.000000,xspeed:6.580000,yspeed:-3.920000,angle:2.400000,distense:211.800000,rcs:9.000000
