timestame:1619470597.277000000,objid:1,type:0,xpos:0.000000,ypos:0.000000,xspeed:5.170000,yspeed:3.420000,angle:-13.440000,distense:39.200000,rcs:12.000000
timestame:1619470597.277000000,objid:5,type:0,xpos:0.000000,ypos:0.000000,xspeed:4.400000,yspeed:4.400000,angle:-9.420000,distense:49.800000,rcs:6.000000
