timestame:1619470289.006000000,objid:2,type:0,xpos:0.000000,ypos:0.000000,xspeed:-12.140000,yspeed:-0.180000,angle:-10.780000,distense:82.000000,rcs:27.000000
timestame:1619470289.006000000,objid:5,type:0,xpos:0.000000,ypos:0.000000,xspeed:-5.780000,yspeed:-0.480000,angle:-18.000000,distense:32.200000,rcs:22.000000
timestame:1619470289.006000000,objid:7,type:0,xpos:0.000000,ypos:0.000000,xspeed:-5.860000,yspeed:-0.530000,angle:-18.000000,distense:27.800000,rcs:15.000000
timestame:1619470289.006000000,objid:11,type:0,xpos:0.000000,ypos:0.000000,xspeed:-5.740000,yspeed:-0.320000,angle:-18.000000,distense:22.600000,rcs:6.000000
