timestame:1619471462.613000000,objid:1,type:0,xpos:0.000000,ypos:0.000000,xspeed:-6.080000,yspeed:-0.750000,angle:-5.830000,distense:114.600000,rcs:16.000000
timestame:1619471462.613000000,objid:3,type:0,xpos:0.000000,ypos:0.000000,xspeed:-7.220000,yspeed:-1.320000,angle:-5.450000,distense:180.200000,rcs:9.000000
