timestame:1619471307.525000000,objid:0,type:0,xpos:0.000000,ypos:0.000000,xspeed:3.590000,yspeed:0.480000,angle:18.260000,distense:27.000000,rcs:20.000000
timestame:1619471307.525000000,objid:2,type:0,xpos:0.000000,ypos:0.000000,xspeed:4.450000,yspeed:1.500000,angle:-17.360000,distense:25.600000,rcs:22.000000
