timestame:1619471061.073000000,objid:1,type:0,xpos:0.000000,ypos:0.000000,xspeed:-3.600000,yspeed:-2.690000,angle:-18.000000,distense:28.200000,rcs:6.000000
timestame:1619471061.073000000,objid:8,type:0,xpos:0.000000,ypos:0.000000,xspeed:-1.310000,yspeed:2.990000,angle:-6.370000,distense:36.800000,rcs:18.000000
timestame:1619471061.073000000,objid:9,type:0,xpos:0.000000,ypos:0.000000,xspeed:-2.290000,yspeed:-0.130000,angle:-9.220000,distense:77.800000,rcs:13.000000
timestame:1619471061.073000000,objid:10,type:0,xpos:0.000000,ypos:0.000000,xspeed:-2.220000,yspeed:-0.350000,angle:-18.000000,distense:25.600000,rcs:6.000000
