timestame:1619469911.064000000,objid:1,type:0,xpos:0.000000,ypos:0.000000,xspeed:4.160000,yspeed:-0.010000,angle:1.900000,distense:79.800000,rcs:22.000000
timestame:1619469911.064000000,objid:2,type:0,xpos:0.000000,ypos:0.000000,xspeed:10.390000,yspeed:0.070000,angle:2.850000,distense:142.200000,rcs:15.000000
timestame:1619469911.064000000,objid:8,type:0,xpos:0.000000,ypos:0.000000,xspeed:4.240000,yspeed:0.150000,angle:2.400000,distense:73.400000,rcs:32.000000
