timestame:1619469872.905000000,objid:0,type:0,xpos:0.000000,ypos:0.000000,xspeed:-2.890000,yspeed:-0.520000,angle:-18.000000,distense:27.800000,rcs:9.000000
timestame:1619469872.905000000,objid:3,type:0,xpos:0.000000,ypos:0.000000,xspeed:-2.590000,yspeed:-12.050000,angle:-16.290000,distense:45.800000,rcs:18.000000
timestame:1619469872.905000000,objid:8,type:0,xpos:0.000000,ypos:0.000000,xspeed:-3.400000,yspeed:-0.640000,angle:-18.000000,distense:25.400000,rcs:6.000000
timestame:1619469872.905000000,objid:13,type:0,xpos:0.000000,ypos:0.000000,xspeed:-2.060000,yspeed:-0.540000,angle:-18.000000,distense:30.600000,rcs:6.000000
