timestame:1619471004.195000000,objid:1,type:0,xpos:0.000000,ypos:0.000000,xspeed:-13.190000,yspeed:-0.710000,angle:-6.800000,distense:128.000000,rcs:15.000000
timestame:1619471004.195000000,objid:4,type:0,xpos:0.000000,ypos:0.000000,xspeed:1.270000,yspeed:0.260000,angle:0.950000,distense:17.800000,rcs:12.000000
