timestame:1619469753.790000000,objid:1,type:0,xpos:0.000000,ypos:0.000000,xspeed:4.870000,yspeed:3.490000,angle:-15.420000,distense:42.200000,rcs:6.000000
timestame:1619469753.790000000,objid:2,type:0,xpos:0.000000,ypos:0.000000,xspeed:24.840000,yspeed:5.630000,angle:22.650000,distense:25.200000,rcs:20.000000
