timestame:1619469771.965000000,objid:1,type:0,xpos:0.000000,ypos:0.000000,xspeed:3.760000,yspeed:1.120000,angle:-17.270000,distense:24.000000,rcs:20.000000
timestame:1619469771.965000000,objid:3,type:0,xpos:0.000000,ypos:0.000000,xspeed:3.910000,yspeed:1.250000,angle:21.340000,distense:35.600000,rcs:30.000000
timestame:1619469771.965000000,objid:4,type:0,xpos:0.000000,ypos:0.000000,xspeed:2.140000,yspeed:3.670000,angle:-4.960000,distense:47.600000,rcs:6.000000
timestame:1619469771.965000000,objid:7,type:0,xpos:0.000000,ypos:0.000000,xspeed:4.000000,yspeed:1.480000,angle:-16.180000,distense:34.000000,rcs:29.000000
