timestame:1619470089.552000000,objid:8,type:0,xpos:0.000000,ypos:0.000000,xspeed:-1.230000,yspeed:-2.980000,angle:-18.000000,distense:37.000000,rcs:28.000000
timestame:1619470089.552000000,objid:10,type:0,xpos:0.000000,ypos:0.000000,xspeed:-3.110000,yspeed:-4.280000,angle:-18.000000,distense:34.400000,rcs:13.000000
timestame:1619470089.552000000,objid:11,type:0,xpos:0.000000,ypos:0.000000,xspeed:1.740000,yspeed:-7.960000,angle:-13.560000,distense:54.600000,rcs:12.000000
timestame:1619470089.552000000,objid:16,type:0,xpos:0.000000,ypos:0.000000,xspeed:4.480000,yspeed:0.670000,angle:-3.880000,distense:48.400000,rcs:21.000000
