timestame:1619470287.016000000,objid:2,type:0,xpos:0.000000,ypos:0.000000,xspeed:-12.730000,yspeed:-0.160000,angle:-8.250000,distense:105.200000,rcs:13.000000
timestame:1619470287.016000000,objid:5,type:0,xpos:0.000000,ypos:0.000000,xspeed:-5.610000,yspeed:-0.480000,angle:-18.000000,distense:42.400000,rcs:29.000000
timestame:1619470287.016000000,objid:7,type:0,xpos:0.000000,ypos:0.000000,xspeed:-5.250000,yspeed:-0.460000,angle:-18.000000,distense:38.000000,rcs:27.000000
timestame:1619470287.016000000,objid:11,type:0,xpos:0.000000,ypos:0.000000,xspeed:-5.430000,yspeed:-0.320000,angle:-18.000000,distense:31.600000,rcs:9.000000
