timestame:1619471312.313000000,objid:2,type:0,xpos:0.000000,ypos:0.000000,xspeed:2.380000,yspeed:3.540000,angle:-10.560000,distense:43.600000,rcs:9.000000
timestame:1619471312.313000000,objid:3,type:0,xpos:0.000000,ypos:0.000000,xspeed:3.480000,yspeed:2.630000,angle:-14.530000,distense:37.800000,rcs:22.000000
timestame:1619471312.313000000,objid:4,type:0,xpos:0.000000,ypos:0.000000,xspeed:-1.010000,yspeed:5.010000,angle:0.690000,distense:37.600000,rcs:26.000000
