timestame:1619471003.209000000,objid:0,type:0,xpos:0.000000,ypos:0.000000,xspeed:-2.520000,yspeed:-8.570000,angle:-8.950000,distense:47.400000,rcs:22.000000
timestame:1619471003.209000000,objid:1,type:0,xpos:0.000000,ypos:0.000000,xspeed:-13.410000,yspeed:-0.630000,angle:-5.870000,distense:140.400000,rcs:20.000000
timestame:1619471003.209000000,objid:3,type:0,xpos:0.000000,ypos:0.000000,xspeed:1.130000,yspeed:-2.680000,angle:-16.330000,distense:46.400000,rcs:19.000000
timestame:1619471003.209000000,objid:4,type:0,xpos:0.000000,ypos:0.000000,xspeed:1.710000,yspeed:0.200000,angle:0.140000,distense:17.000000,rcs:22.000000
