timestame:1619470978.845000000,objid:0,type:0,xpos:0.000000,ypos:0.000000,xspeed:7.180000,yspeed:-0.250000,angle:2.310000,distense:141.000000,rcs:30.000000
timestame:1619470978.845000000,objid:1,type:0,xpos:0.000000,ypos:0.000000,xspeed:-17.340000,yspeed:-2.260000,angle:-3.540000,distense:161.200000,rcs:18.000000
timestame:1619470978.845000000,objid:2,type:0,xpos:0.000000,ypos:0.000000,xspeed:-16.270000,yspeed:-1.210000,angle:-4.210000,distense:159.400000,rcs:20.000000
timestame:1619470978.845000000,objid:5,type:0,xpos:0.000000,ypos:0.000000,xspeed:-18.940000,yspeed:0.110000,angle:-12.330000,distense:70.600000,rcs:6.000000
