timestame:1619471451.799000000,objid:3,type:0,xpos:0.000000,ypos:0.000000,xspeed:-2.260000,yspeed:-0.100000,angle:-6.470000,distense:101.200000,rcs:9.000000
timestame:1619471451.799000000,objid:11,type:0,xpos:0.000000,ypos:0.000000,xspeed:-1.580000,yspeed:0.440000,angle:-7.310000,distense:93.600000,rcs:15.000000
timestame:1619471451.799000000,objid:13,type:0,xpos:0.000000,ypos:0.000000,xspeed:-3.790000,yspeed:-0.190000,angle:21.820000,distense:35.200000,rcs:13.000000
