timestame:1619469774.083000000,objid:1,type:0,xpos:0.000000,ypos:0.000000,xspeed:3.780000,yspeed:2.220000,angle:-14.850000,distense:33.400000,rcs:6.000000
timestame:1619469774.083000000,objid:3,type:0,xpos:0.000000,ypos:0.000000,xspeed:5.810000,yspeed:-8.430000,angle:17.130000,distense:17.400000,rcs:16.000000
timestame:1619469774.083000000,objid:7,type:0,xpos:0.000000,ypos:0.000000,xspeed:3.110000,yspeed:3.340000,angle:-10.380000,distense:43.000000,rcs:6.000000
