timestame:1619470484.794000000,objid:1,type:0,xpos:0.000000,ypos:0.000000,xspeed:-3.260000,yspeed:-0.130000,angle:-8.620000,distense:81.800000,rcs:19.000000
timestame:1619470484.794000000,objid:2,type:0,xpos:0.000000,ypos:0.000000,xspeed:2.080000,yspeed:-5.980000,angle:7.090000,distense:62.800000,rcs:16.000000
timestame:1619470484.794000000,objid:5,type:0,xpos:0.000000,ypos:0.000000,xspeed:-3.120000,yspeed:-5.590000,angle:-13.360000,distense:60.200000,rcs:12.000000
