timestame:1619470002.414000000,objid:2,type:0,xpos:0.000000,ypos:0.000000,xspeed:-1.750000,yspeed:0.000000,angle:-18.000000,distense:36.600000,rcs:20.000000
timestame:1619470002.414000000,objid:6,type:0,xpos:0.000000,ypos:0.000000,xspeed:1.610000,yspeed:-0.660000,angle:-18.000000,distense:40.000000,rcs:19.000000
timestame:1619470002.414000000,objid:11,type:0,xpos:0.000000,ypos:0.000000,xspeed:-1.500000,yspeed:-0.350000,angle:-18.000000,distense:28.800000,rcs:6.000000
timestame:1619470002.414000000,objid:19,type:0,xpos:0.000000,ypos:0.000000,xspeed:1.380000,yspeed:-0.190000,angle:11.220000,distense:13.800000,rcs:27.000000
