timestame:1619470839.813000000,objid:2,type:0,xpos:0.000000,ypos:0.000000,xspeed:3.860000,yspeed:2.290000,angle:-16.420000,distense:40.600000,rcs:6.000000
timestame:1619470839.813000000,objid:3,type:0,xpos:0.000000,ypos:0.000000,xspeed:2.870000,yspeed:2.080000,angle:-13.330000,distense:38.400000,rcs:16.000000
timestame:1619470839.813000000,objid:7,type:0,xpos:0.000000,ypos:0.000000,xspeed:13.190000,yspeed:0.340000,angle:2.380000,distense:201.000000,rcs:26.000000
