timestame:1619469924.637000000,objid:1,type:0,xpos:0.000000,ypos:0.000000,xspeed:6.270000,yspeed:0.250000,angle:1.530000,distense:158.200000,rcs:18.000000
timestame:1619469924.637000000,objid:8,type:0,xpos:0.000000,ypos:0.000000,xspeed:6.280000,yspeed:0.060000,angle:1.320000,distense:151.400000,rcs:12.000000
