timestame:1619469948.419000000,objid:3,type:0,xpos:0.000000,ypos:0.000000,xspeed:1.060000,yspeed:0.070000,angle:0.910000,distense:18.400000,rcs:29.000000
timestame:1619469948.419000000,objid:4,type:0,xpos:0.000000,ypos:0.000000,xspeed:1.770000,yspeed:5.250000,angle:11.480000,distense:52.600000,rcs:27.000000
timestame:1619469948.419000000,objid:5,type:0,xpos:0.000000,ypos:0.000000,xspeed:3.350000,yspeed:-6.390000,angle:17.080000,distense:46.400000,rcs:18.000000
timestame:1619469948.419000000,objid:8,type:0,xpos:0.000000,ypos:0.000000,xspeed:-1.860000,yspeed:7.900000,angle:-18.000000,distense:48.000000,rcs:19.000000
