timestame:1619470950.530000000,objid:2,type:0,xpos:0.000000,ypos:0.000000,xspeed:22.920000,yspeed:-0.640000,angle:1.580000,distense:46.000000,rcs:6.000000
timestame:1619470950.530000000,objid:3,type:0,xpos:0.000000,ypos:0.000000,xspeed:1.560000,yspeed:0.120000,angle:1.280000,distense:43.200000,rcs:6.000000
