timestame:1619470473.672000000,objid:1,type:0,xpos:0.000000,ypos:0.000000,xspeed:-11.470000,yspeed:-0.450000,angle:-4.300000,distense:151.600000,rcs:15.000000
timestame:1619470473.672000000,objid:2,type:0,xpos:0.000000,ypos:0.000000,xspeed:2.100000,yspeed:-2.590000,angle:13.570000,distense:71.200000,rcs:6.000000
