timestame:1619470226.662000000,objid:8,type:0,xpos:0.000000,ypos:0.000000,xspeed:-1.420000,yspeed:-2.750000,angle:-10.010000,distense:42.400000,rcs:26.000000
timestame:1619470226.662000000,objid:9,type:0,xpos:0.000000,ypos:0.000000,xspeed:3.610000,yspeed:-1.630000,angle:20.980000,distense:48.400000,rcs:6.000000
timestame:1619470226.662000000,objid:14,type:0,xpos:0.000000,ypos:0.000000,xspeed:-1.770000,yspeed:7.900000,angle:-2.780000,distense:42.800000,rcs:9.000000
