timestame:1619471260.368000000,objid:2,type:0,xpos:0.000000,ypos:0.000000,xspeed:12.350000,yspeed:0.370000,angle:4.540000,distense:79.000000,rcs:32.000000
timestame:1619471260.368000000,objid:6,type:0,xpos:0.000000,ypos:0.000000,xspeed:12.420000,yspeed:-0.050000,angle:4.270000,distense:91.200000,rcs:21.000000
timestame:1619471260.368000000,objid:10,type:0,xpos:0.000000,ypos:0.000000,xspeed:12.360000,yspeed:0.690000,angle:5.450000,distense:67.200000,rcs:25.000000
