timestame:1619470916.909000000,objid:0,type:0,xpos:0.000000,ypos:0.000000,xspeed:2.200000,yspeed:4.860000,angle:-3.170000,distense:47.200000,rcs:6.000000
timestame:1619470916.909000000,objid:3,type:0,xpos:0.000000,ypos:0.000000,xspeed:1.010000,yspeed:1.640000,angle:-3.310000,distense:44.000000,rcs:12.000000
