timestame:1619469485.622000000,objid:1,type:0,xpos:0.000000,ypos:0.000000,xspeed:-3.260000,yspeed:-1.140000,angle:-13.570000,distense:70.400000,rcs:18.000000
timestame:1619469485.622000000,objid:3,type:0,xpos:0.000000,ypos:0.000000,xspeed:1.810000,yspeed:0.160000,angle:11.370000,distense:18.800000,rcs:35.000000
timestame:1619469485.622000000,objid:7,type:0,xpos:0.000000,ypos:0.000000,xspeed:-2.440000,yspeed:-0.100000,angle:-11.080000,distense:84.600000,rcs:23.000000
timestame:1619469485.622000000,objid:11,type:0,xpos:0.000000,ypos:0.000000,xspeed:-1.160000,yspeed:-0.210000,angle:-9.070000,distense:80.400000,rcs:6.000000
