timestame:1619470983.646000000,objid:0,type:0,xpos:0.000000,ypos:0.000000,xspeed:8.360000,yspeed:0.270000,angle:2.340000,distense:180.600000,rcs:22.000000
timestame:1619470983.646000000,objid:1,type:0,xpos:0.000000,ypos:0.000000,xspeed:-15.440000,yspeed:-0.230000,angle:-7.410000,distense:88.000000,rcs:25.000000
timestame:1619470983.646000000,objid:2,type:0,xpos:0.000000,ypos:0.000000,xspeed:15.850000,yspeed:-1.010000,angle:1.910000,distense:191.800000,rcs:13.000000
timestame:1619470983.646000000,objid:3,type:0,xpos:0.000000,ypos:0.000000,xspeed:3.760000,yspeed:-2.660000,angle:11.810000,distense:70.000000,rcs:15.000000
