timestame:1619469713.944000000,objid:3,type:0,xpos:0.000000,ypos:0.000000,xspeed:13.420000,yspeed:-1.190000,angle:1.190000,distense:143.400000,rcs:6.000000
timestame:1619469713.944000000,objid:6,type:0,xpos:0.000000,ypos:0.000000,xspeed:-1.600000,yspeed:7.000000,angle:12.260000,distense:36.600000,rcs:9.000000
