timestame:1619470683.097000000,objid:0,type:0,xpos:0.000000,ypos:0.000000,xspeed:-3.620000,yspeed:0.000000,angle:-16.310000,distense:59.400000,rcs:20.000000
timestame:1619470683.097000000,objid:2,type:0,xpos:0.000000,ypos:0.000000,xspeed:-1.860000,yspeed:-0.260000,angle:-12.680000,distense:72.200000,rcs:19.000000
timestame:1619470683.097000000,objid:5,type:0,xpos:0.000000,ypos:0.000000,xspeed:3.710000,yspeed:-2.860000,angle:20.350000,distense:21.600000,rcs:12.000000
timestame:1619470683.097000000,objid:7,type:0,xpos:0.000000,ypos:0.000000,xspeed:-6.790000,yspeed:0.160000,angle:-13.240000,distense:68.400000,rcs:19.000000
