timestame:1619470047.993000000,objid:0,type:0,xpos:0.000000,ypos:0.000000,xspeed:6.720000,yspeed:0.320000,angle:4.480000,distense:91.200000,rcs:9.000000
timestame:1619470047.993000000,objid:3,type:0,xpos:0.000000,ypos:0.000000,xspeed:14.900000,yspeed:0.270000,angle:1.250000,distense:220.600000,rcs:9.000000
timestame:1619470047.993000000,objid:5,type:0,xpos:0.000000,ypos:0.000000,xspeed:6.820000,yspeed:0.180000,angle:4.690000,distense:81.600000,rcs:22.000000
