timestame:1619470990.226000000,objid:3,type:0,xpos:0.000000,ypos:0.000000,xspeed:5.240000,yspeed:-0.230000,angle:7.160000,distense:103.000000,rcs:6.000000
timestame:1619470990.226000000,objid:4,type:0,xpos:0.000000,ypos:0.000000,xspeed:-13.480000,yspeed:-0.510000,angle:-15.220000,distense:53.000000,rcs:16.000000
