timestame:1619470012.148000000,objid:0,type:0,xpos:0.000000,ypos:0.000000,xspeed:-1.880000,yspeed:-1.570000,angle:-18.000000,distense:34.400000,rcs:27.000000
timestame:1619470012.148000000,objid:1,type:0,xpos:0.000000,ypos:0.000000,xspeed:-1.690000,yspeed:2.850000,angle:-8.910000,distense:46.800000,rcs:13.000000
timestame:1619470012.148000000,objid:2,type:0,xpos:0.000000,ypos:0.000000,xspeed:-9.460000,yspeed:3.890000,angle:-7.040000,distense:40.800000,rcs:9.000000
timestame:1619470012.148000000,objid:10,type:0,xpos:0.000000,ypos:0.000000,xspeed:-2.050000,yspeed:1.290000,angle:-8.290000,distense:48.000000,rcs:9.000000
