timestame:1619470939.986000000,objid:1,type:0,xpos:0.000000,ypos:0.000000,xspeed:-2.620000,yspeed:0.780000,angle:-12.950000,distense:69.000000,rcs:22.000000
timestame:1619470939.986000000,objid:5,type:0,xpos:0.000000,ypos:0.000000,xspeed:-4.670000,yspeed:0.000000,angle:-13.630000,distense:71.800000,rcs:20.000000
timestame:1619470939.986000000,objid:10,type:0,xpos:0.000000,ypos:0.000000,xspeed:-3.820000,yspeed:0.280000,angle:-10.400000,distense:69.400000,rcs:20.000000
