timestame:1619470062.346000000,objid:1,type:0,xpos:0.000000,ypos:0.000000,xspeed:-20.630000,yspeed:-0.990000,angle:-6.460000,distense:124.600000,rcs:9.000000
timestame:1619470062.346000000,objid:3,type:0,xpos:0.000000,ypos:0.000000,xspeed:-19.300000,yspeed:-2.720000,angle:-8.180000,distense:117.800000,rcs:16.000000
timestame:1619470062.346000000,objid:4,type:0,xpos:0.000000,ypos:0.000000,xspeed:-5.850000,yspeed:0.240000,angle:-7.100000,distense:65.600000,rcs:27.000000
timestame:1619470062.346000000,objid:5,type:0,xpos:0.000000,ypos:0.000000,xspeed:10.340000,yspeed:0.360000,angle:2.730000,distense:210.400000,rcs:16.000000
