timestame:1619469556.128000000,objid:2,type:0,xpos:0.000000,ypos:0.000000,xspeed:-1.180000,yspeed:4.740000,angle:-16.700000,distense:38.600000,rcs:22.000000
timestame:1619469556.128000000,objid:4,type:0,xpos:0.000000,ypos:0.000000,xspeed:-1.740000,yspeed:5.720000,angle:-3.800000,distense:42.200000,rcs:19.000000
timestame:1619469556.128000000,objid:5,type:0,xpos:0.000000,ypos:0.000000,xspeed:-2.640000,yspeed:7.350000,angle:1.170000,distense:41.600000,rcs:34.000000
timestame:1619469556.128000000,objid:10,type:0,xpos:0.000000,ypos:0.000000,xspeed:1.620000,yspeed:-4.700000,angle:6.300000,distense:50.000000,rcs:21.000000
