timestame:1619470642.739000000,objid:2,type:0,xpos:0.000000,ypos:0.000000,xspeed:-6.550000,yspeed:0.260000,angle:-4.600000,distense:170.200000,rcs:12.000000
timestame:1619470642.739000000,objid:5,type:0,xpos:0.000000,ypos:0.000000,xspeed:-1.570000,yspeed:5.640000,angle:-8.990000,distense:44.600000,rcs:12.000000
timestame:1619470642.739000000,objid:6,type:0,xpos:0.000000,ypos:0.000000,xspeed:2.060000,yspeed:-13.260000,angle:18.910000,distense:46.200000,rcs:24.000000
timestame:1619470642.739000000,objid:13,type:0,xpos:0.000000,ypos:0.000000,xspeed:-2.410000,yspeed:9.050000,angle:-2.110000,distense:42.400000,rcs:24.000000
