timestame:1619470072.837000000,objid:3,type:0,xpos:0.000000,ypos:0.000000,xspeed:-1.370000,yspeed:2.340000,angle:16.590000,distense:48.200000,rcs:29.000000
timestame:1619470072.837000000,objid:4,type:0,xpos:0.000000,ypos:0.000000,xspeed:-1.610000,yspeed:2.470000,angle:21.620000,distense:43.200000,rcs:19.000000
timestame:1619470072.837000000,objid:8,type:0,xpos:0.000000,ypos:0.000000,xspeed:2.090000,yspeed:2.710000,angle:-10.030000,distense:39.800000,rcs:16.000000
