timestame:1619469884.332000000,objid:1,type:0,xpos:0.000000,ypos:0.000000,xspeed:1.510000,yspeed:-0.040000,angle:3.370000,distense:13.600000,rcs:43.000000
timestame:1619469884.332000000,objid:5,type:0,xpos:0.000000,ypos:0.000000,xspeed:-1.830000,yspeed:-0.110000,angle:-13.590000,distense:72.000000,rcs:20.000000
timestame:1619469884.332000000,objid:13,type:0,xpos:0.000000,ypos:0.000000,xspeed:-1.560000,yspeed:-0.440000,angle:-9.780000,distense:75.600000,rcs:25.000000
timestame:1619469884.332000000,objid:16,type:0,xpos:0.000000,ypos:0.000000,xspeed:-1.410000,yspeed:-1.080000,angle:-8.450000,distense:86.600000,rcs:20.000000
