timestame:1619470276.749000000,objid:1,type:0,xpos:0.000000,ypos:0.000000,xspeed:-10.290000,yspeed:0.200000,angle:-5.090000,distense:95.800000,rcs:13.000000
timestame:1619470276.749000000,objid:2,type:0,xpos:0.000000,ypos:0.000000,xspeed:-1.760000,yspeed:0.310000,angle:-6.740000,distense:89.800000,rcs:6.000000
timestame:1619470276.749000000,objid:11,type:0,xpos:0.000000,ypos:0.000000,xspeed:-1.800000,yspeed:-0.140000,angle:-9.400000,distense:75.400000,rcs:24.000000
timestame:1619470276.749000000,objid:22,type:0,xpos:0.000000,ypos:0.000000,xspeed:-1.500000,yspeed:-0.100000,angle:-8.120000,distense:83.000000,rcs:15.000000
