timestame:1619470943.822000000,objid:1,type:0,xpos:0.000000,ypos:0.000000,xspeed:-6.050000,yspeed:0.660000,angle:-16.390000,distense:45.800000,rcs:20.000000
timestame:1619470943.822000000,objid:5,type:0,xpos:0.000000,ypos:0.000000,xspeed:-6.110000,yspeed:-0.540000,angle:-18.000000,distense:50.400000,rcs:15.000000
timestame:1619470943.822000000,objid:7,type:0,xpos:0.000000,ypos:0.000000,xspeed:-5.820000,yspeed:-0.390000,angle:-18.000000,distense:46.800000,rcs:19.000000
