timestame:1619470607.949000000,objid:1,type:0,xpos:0.000000,ypos:0.000000,xspeed:-2.030000,yspeed:-1.090000,angle:-12.890000,distense:50.400000,rcs:6.000000
timestame:1619470607.949000000,objid:2,type:0,xpos:0.000000,ypos:0.000000,xspeed:6.530000,yspeed:-1.260000,angle:-17.380000,distense:17.800000,rcs:16.000000
