timestame:1619470128.252000000,objid:5,type:0,xpos:0.000000,ypos:0.000000,xspeed:-6.780000,yspeed:-0.390000,angle:16.630000,distense:22.800000,rcs:16.000000
timestame:1619470128.252000000,objid:6,type:0,xpos:0.000000,ypos:0.000000,xspeed:-23.900000,yspeed:0.000000,angle:19.390000,distense:21.400000,rcs:16.000000
timestame:1619470128.252000000,objid:7,type:0,xpos:0.000000,ypos:0.000000,xspeed:-10.160000,yspeed:0.940000,angle:-4.300000,distense:127.400000,rcs:13.000000
timestame:1619470128.252000000,objid:9,type:0,xpos:0.000000,ypos:0.000000,xspeed:6.390000,yspeed:2.780000,angle:-15.610000,distense:20.600000,rcs:12.000000
