timestame:1619470979.465000000,objid:0,type:0,xpos:0.000000,ypos:0.000000,xspeed:7.310000,yspeed:-0.140000,angle:2.300000,distense:145.600000,rcs:20.000000
timestame:1619470979.465000000,objid:1,type:0,xpos:0.000000,ypos:0.000000,xspeed:-17.030000,yspeed:-1.310000,angle:-4.110000,distense:150.800000,rcs:18.000000
timestame:1619470979.465000000,objid:2,type:0,xpos:0.000000,ypos:0.000000,xspeed:-16.010000,yspeed:-1.180000,angle:-4.720000,distense:150.200000,rcs:19.000000
