timestame:1619470031.205000000,objid:1,type:0,xpos:0.000000,ypos:0.000000,xspeed:6.140000,yspeed:0.390000,angle:2.570000,distense:41.400000,rcs:37.000000
timestame:1619470031.205000000,objid:4,type:0,xpos:0.000000,ypos:0.000000,xspeed:10.720000,yspeed:0.010000,angle:1.930000,distense:69.200000,rcs:22.000000
timestame:1619470031.205000000,objid:7,type:0,xpos:0.000000,ypos:0.000000,xspeed:1.430000,yspeed:-1.980000,angle:7.270000,distense:20.800000,rcs:22.000000
