timestame:1619469697.398000000,objid:1,type:0,xpos:0.000000,ypos:0.000000,xspeed:-2.640000,yspeed:10.520000,angle:-14.560000,distense:46.400000,rcs:31.000000
timestame:1619469697.398000000,objid:2,type:0,xpos:0.000000,ypos:0.000000,xspeed:-1.710000,yspeed:-2.850000,angle:-16.590000,distense:43.800000,rcs:13.000000
timestame:1619469697.398000000,objid:3,type:0,xpos:0.000000,ypos:0.000000,xspeed:-1.010000,yspeed:-2.090000,angle:-2.420000,distense:45.000000,rcs:9.000000
timestame:1619469697.398000000,objid:10,type:0,xpos:0.000000,ypos:0.000000,xspeed:-2.390000,yspeed:7.710000,angle:-8.240000,distense:43.400000,rcs:6.000000
