timestame:1619469947.552000000,objid:3,type:0,xpos:0.000000,ypos:0.000000,xspeed:1.490000,yspeed:0.140000,angle:0.990000,distense:18.200000,rcs:30.000000
timestame:1619469947.552000000,objid:4,type:0,xpos:0.000000,ypos:0.000000,xspeed:-1.820000,yspeed:-12.200000,angle:7.550000,distense:48.400000,rcs:12.000000
timestame:1619469947.552000000,objid:6,type:0,xpos:0.000000,ypos:0.000000,xspeed:-2.010000,yspeed:6.600000,angle:20.030000,distense:52.800000,rcs:26.000000
