timestame:1619470734.437000000,objid:1,type:0,xpos:0.000000,ypos:0.000000,xspeed:12.120000,yspeed:0.050000,angle:2.280000,distense:80.200000,rcs:15.000000
timestame:1619470734.437000000,objid:6,type:0,xpos:0.000000,ypos:0.000000,xspeed:12.360000,yspeed:0.510000,angle:2.460000,distense:69.800000,rcs:36.000000
