timestame:1619470167.052000000,objid:0,type:0,xpos:0.000000,ypos:0.000000,xspeed:5.390000,yspeed:0.160000,angle:2.100000,distense:37.000000,rcs:30.000000
timestame:1619470167.052000000,objid:3,type:0,xpos:0.000000,ypos:0.000000,xspeed:7.170000,yspeed:0.390000,angle:6.200000,distense:67.600000,rcs:26.000000
