timestame:1619470061.792000000,objid:1,type:0,xpos:0.000000,ypos:0.000000,xspeed:-20.940000,yspeed:-0.940000,angle:-5.690000,distense:135.400000,rcs:6.000000
timestame:1619470061.792000000,objid:2,type:0,xpos:0.000000,ypos:0.000000,xspeed:-8.870000,yspeed:-1.700000,angle:-7.120000,distense:71.000000,rcs:6.000000
timestame:1619470061.792000000,objid:4,type:0,xpos:0.000000,ypos:0.000000,xspeed:-5.490000,yspeed:-0.550000,angle:-7.100000,distense:68.800000,rcs:26.000000
timestame:1619470061.792000000,objid:5,type:0,xpos:0.000000,ypos:0.000000,xspeed:10.040000,yspeed:0.410000,angle:2.800000,distense:204.200000,rcs:18.000000
