timestame:1619470041.557000000,objid:1,type:0,xpos:0.000000,ypos:0.000000,xspeed:12.320000,yspeed:0.000000,angle:1.190000,distense:152.600000,rcs:9.000000
timestame:1619470041.557000000,objid:3,type:0,xpos:0.000000,ypos:0.000000,xspeed:13.460000,yspeed:0.120000,angle:1.570000,distense:126.600000,rcs:20.000000
timestame:1619470041.557000000,objid:4,type:0,xpos:0.000000,ypos:0.000000,xspeed:12.360000,yspeed:-1.650000,angle:4.500000,distense:53.400000,rcs:22.000000
timestame:1619470041.557000000,objid:5,type:0,xpos:0.000000,ypos:0.000000,xspeed:4.250000,yspeed:0.210000,angle:6.750000,distense:40.000000,rcs:32.000000
