timestame:1619469951.214000000,objid:4,type:0,xpos:0.000000,ypos:0.000000,xspeed:1.170000,yspeed:-3.970000,angle:-1.730000,distense:55.000000,rcs:33.000000
timestame:1619469951.214000000,objid:9,type:0,xpos:0.000000,ypos:0.000000,xspeed:1.290000,yspeed:-3.870000,angle:-12.430000,distense:47.400000,rcs:25.000000
timestame:1619469951.214000000,objid:15,type:0,xpos:0.000000,ypos:0.000000,xspeed:-3.180000,yspeed:7.760000,angle:10.370000,distense:38.800000,rcs:12.000000
