timestame:1619470839.751000000,objid:2,type:0,xpos:0.000000,ypos:0.000000,xspeed:3.860000,yspeed:2.290000,angle:-16.460000,distense:40.200000,rcs:6.000000
timestame:1619470839.751000000,objid:3,type:0,xpos:0.000000,ypos:0.000000,xspeed:2.850000,yspeed:2.010000,angle:-13.500000,distense:38.000000,rcs:13.000000
timestame:1619470839.751000000,objid:7,type:0,xpos:0.000000,ypos:0.000000,xspeed:13.170000,yspeed:0.350000,angle:2.390000,distense:200.200000,rcs:21.000000
