timestame:1619470963.434000000,objid:0,type:0,xpos:0.000000,ypos:0.000000,xspeed:3.630000,yspeed:0.060000,angle:6.490000,distense:49.400000,rcs:33.000000
timestame:1619470963.434000000,objid:6,type:0,xpos:0.000000,ypos:0.000000,xspeed:10.170000,yspeed:0.520000,angle:1.990000,distense:96.600000,rcs:31.000000
timestame:1619470963.434000000,objid:12,type:0,xpos:0.000000,ypos:0.000000,xspeed:3.160000,yspeed:0.020000,angle:5.180000,distense:59.200000,rcs:29.000000
