timestame:1619469931.455000000,objid:0,type:0,xpos:0.000000,ypos:0.000000,xspeed:-1.390000,yspeed:2.410000,angle:-18.000000,distense:39.000000,rcs:9.000000
timestame:1619469931.455000000,objid:1,type:0,xpos:0.000000,ypos:0.000000,xspeed:8.130000,yspeed:0.260000,angle:1.500000,distense:210.400000,rcs:9.000000
timestame:1619469931.455000000,objid:8,type:0,xpos:0.000000,ypos:0.000000,xspeed:8.130000,yspeed:0.310000,angle:1.340000,distense:203.600000,rcs:26.000000
