timestame:1619471056.966000000,objid:10,type:0,xpos:0.000000,ypos:0.000000,xspeed:-2.120000,yspeed:-1.830000,angle:-18.000000,distense:32.400000,rcs:24.000000
timestame:1619471056.966000000,objid:13,type:0,xpos:0.000000,ypos:0.000000,xspeed:1.140000,yspeed:-7.870000,angle:-11.100000,distense:63.200000,rcs:9.000000
timestame:1619471056.966000000,objid:14,type:0,xpos:0.000000,ypos:0.000000,xspeed:-1.900000,yspeed:-2.870000,angle:-18.000000,distense:35.200000,rcs:16.000000
