timestame:1619470945.625000000,objid:1,type:0,xpos:0.000000,ypos:0.000000,xspeed:-7.540000,yspeed:-0.100000,angle:-18.000000,distense:32.000000,rcs:6.000000
timestame:1619470945.625000000,objid:5,type:0,xpos:0.000000,ypos:0.000000,xspeed:-6.490000,yspeed:-0.470000,angle:-18.000000,distense:39.800000,rcs:12.000000
timestame:1619470945.625000000,objid:7,type:0,xpos:0.000000,ypos:0.000000,xspeed:-6.170000,yspeed:-0.460000,angle:-18.000000,distense:37.600000,rcs:9.000000
