timestame:1619470702.006000000,objid:0,type:0,xpos:0.000000,ypos:0.000000,xspeed:4.750000,yspeed:2.440000,angle:19.950000,distense:27.800000,rcs:30.000000
timestame:1619470702.006000000,objid:1,type:0,xpos:0.000000,ypos:0.000000,xspeed:9.970000,yspeed:-0.060000,angle:3.280000,distense:117.000000,rcs:12.000000
timestame:1619470702.006000000,objid:2,type:0,xpos:0.000000,ypos:0.000000,xspeed:-8.860000,yspeed:0.000000,angle:-12.700000,distense:88.200000,rcs:6.000000
