timestame:1619470570.072000000,objid:1,type:0,xpos:0.000000,ypos:0.000000,xspeed:3.720000,yspeed:3.100000,angle:-12.110000,distense:39.600000,rcs:19.000000
timestame:1619470570.072000000,objid:3,type:0,xpos:0.000000,ypos:0.000000,xspeed:15.430000,yspeed:0.160000,angle:1.030000,distense:198.000000,rcs:27.000000
timestame:1619470570.072000000,objid:5,type:0,xpos:0.000000,ypos:0.000000,xspeed:-2.610000,yspeed:2.770000,angle:-1.540000,distense:41.800000,rcs:6.000000
