timestame:1619470057.429000000,objid:0,type:0,xpos:0.000000,ypos:0.000000,xspeed:-11.980000,yspeed:1.320000,angle:-3.910000,distense:112.000000,rcs:12.000000
timestame:1619470057.429000000,objid:5,type:0,xpos:0.000000,ypos:0.000000,xspeed:9.360000,yspeed:0.210000,angle:2.700000,distense:161.000000,rcs:24.000000
