timestame:1619470220.402000000,objid:6,type:0,xpos:0.000000,ypos:0.000000,xspeed:-5.250000,yspeed:0.000000,angle:-18.000000,distense:51.800000,rcs:6.000000
timestame:1619470220.402000000,objid:7,type:0,xpos:0.000000,ypos:0.000000,xspeed:-2.010000,yspeed:8.190000,angle:22.910000,distense:41.000000,rcs:15.000000
timestame:1619470220.402000000,objid:8,type:0,xpos:0.000000,ypos:0.000000,xspeed:20.390000,yspeed:0.000000,angle:17.610000,distense:55.800000,rcs:6.000000
