timestame:1619471532.768000000,objid:4,type:0,xpos:0.000000,ypos:0.000000,xspeed:-13.400000,yspeed:-0.600000,angle:-3.000000,distense:184.800000,rcs:9.000000
timestame:1619471532.768000000,objid:6,type:0,xpos:0.000000,ypos:0.000000,xspeed:2.720000,yspeed:3.010000,angle:10.950000,distense:44.600000,rcs:27.000000
timestame:1619471532.768000000,objid:7,type:0,xpos:0.000000,ypos:0.000000,xspeed:2.610000,yspeed:-4.320000,angle:10.960000,distense:53.800000,rcs:9.000000
timestame:1619471532.768000000,objid:10,type:0,xpos:0.000000,ypos:0.000000,xspeed:-12.570000,yspeed:-4.650000,angle:-3.720000,distense:192.600000,rcs:9.000000
