timestame:1619471035.096000000,objid:0,type:0,xpos:0.000000,ypos:0.000000,xspeed:-2.160000,yspeed:-1.680000,angle:-18.000000,distense:37.000000,rcs:12.000000
timestame:1619471035.096000000,objid:3,type:0,xpos:0.000000,ypos:0.000000,xspeed:2.370000,yspeed:-8.180000,angle:-12.780000,distense:47.800000,rcs:19.000000
timestame:1619471035.096000000,objid:6,type:0,xpos:0.000000,ypos:0.000000,xspeed:2.690000,yspeed:3.920000,angle:-6.190000,distense:44.600000,rcs:6.000000
timestame:1619471035.096000000,objid:8,type:0,xpos:0.000000,ypos:0.000000,xspeed:-2.060000,yspeed:-0.570000,angle:-18.000000,distense:34.000000,rcs:6.000000
