timestame:1619469697.521000000,objid:1,type:0,xpos:0.000000,ypos:0.000000,xspeed:-2.640000,yspeed:10.520000,angle:-13.000000,distense:46.600000,rcs:31.000000
timestame:1619469697.521000000,objid:2,type:0,xpos:0.000000,ypos:0.000000,xspeed:-1.840000,yspeed:-2.860000,angle:-17.180000,distense:43.600000,rcs:28.000000
timestame:1619469697.521000000,objid:10,type:0,xpos:0.000000,ypos:0.000000,xspeed:-2.390000,yspeed:7.710000,angle:-7.010000,distense:43.600000,rcs:6.000000
