timestame:1619471038.570000000,objid:1,type:0,xpos:0.000000,ypos:0.000000,xspeed:-3.400000,yspeed:-4.940000,angle:9.170000,distense:43.600000,rcs:37.000000
timestame:1619471038.570000000,objid:2,type:0,xpos:0.000000,ypos:0.000000,xspeed:-1.990000,yspeed:-2.160000,angle:-18.000000,distense:39.800000,rcs:23.000000
timestame:1619471038.570000000,objid:3,type:0,xpos:0.000000,ypos:0.000000,xspeed:1.160000,yspeed:-3.330000,angle:14.670000,distense:48.000000,rcs:25.000000
