timestame:1619471446.274000000,objid:3,type:0,xpos:0.000000,ypos:0.000000,xspeed:-3.890000,yspeed:-0.560000,angle:-5.880000,distense:115.000000,rcs:20.000000
timestame:1619471446.274000000,objid:11,type:0,xpos:0.000000,ypos:0.000000,xspeed:-3.440000,yspeed:-0.280000,angle:-6.570000,distense:104.200000,rcs:20.000000
timestame:1619471446.274000000,objid:13,type:0,xpos:0.000000,ypos:0.000000,xspeed:-2.470000,yspeed:-0.050000,angle:14.030000,distense:55.000000,rcs:12.000000
