timestame:1619470290.313000000,objid:2,type:0,xpos:0.000000,ypos:0.000000,xspeed:-11.960000,yspeed:-0.380000,angle:-13.870000,distense:67.000000,rcs:29.000000
timestame:1619470290.313000000,objid:5,type:0,xpos:0.000000,ypos:0.000000,xspeed:-6.330000,yspeed:-0.340000,angle:-18.000000,distense:24.800000,rcs:6.000000
timestame:1619470290.313000000,objid:7,type:0,xpos:0.000000,ypos:0.000000,xspeed:-5.490000,yspeed:-0.150000,angle:-18.000000,distense:22.400000,rcs:6.000000
