timestame:1619471423.172000000,objid:1,type:0,xpos:0.000000,ypos:0.000000,xspeed:-5.020000,yspeed:-0.890000,angle:-7.820000,distense:109.600000,rcs:13.000000
timestame:1619471423.172000000,objid:5,type:0,xpos:0.000000,ypos:0.000000,xspeed:-2.340000,yspeed:0.000000,angle:-17.430000,distense:46.600000,rcs:21.000000
timestame:1619471423.172000000,objid:9,type:0,xpos:0.000000,ypos:0.000000,xspeed:-5.800000,yspeed:0.040000,angle:-5.080000,distense:125.000000,rcs:20.000000
timestame:1619471423.172000000,objid:12,type:0,xpos:0.000000,ypos:0.000000,xspeed:-4.750000,yspeed:-0.120000,angle:-9.060000,distense:100.600000,rcs:19.000000
