timestame:1619471265.566000000,objid:0,type:0,xpos:0.000000,ypos:0.000000,xspeed:12.680000,yspeed:1.100000,angle:2.930000,distense:171.000000,rcs:13.000000
timestame:1619471265.566000000,objid:2,type:0,xpos:0.000000,ypos:0.000000,xspeed:13.060000,yspeed:0.130000,angle:2.550000,distense:146.800000,rcs:21.000000
timestame:1619471265.566000000,objid:6,type:0,xpos:0.000000,ypos:0.000000,xspeed:13.100000,yspeed:0.020000,angle:2.320000,distense:159.000000,rcs:9.000000
timestame:1619471265.566000000,objid:10,type:0,xpos:0.000000,ypos:0.000000,xspeed:13.060000,yspeed:-0.050000,angle:2.500000,distense:134.400000,rcs:18.000000
