timestame:1619470367.514000000,objid:0,type:0,xpos:0.000000,ypos:0.000000,xspeed:2.590000,yspeed:4.580000,angle:11.190000,distense:51.800000,rcs:15.000000
timestame:1619470367.514000000,objid:4,type:0,xpos:0.000000,ypos:0.000000,xspeed:-2.110000,yspeed:-4.180000,angle:-18.000000,distense:41.400000,rcs:6.000000
timestame:1619470367.514000000,objid:6,type:0,xpos:0.000000,ypos:0.000000,xspeed:-4.870000,yspeed:-1.270000,angle:-17.440000,distense:40.600000,rcs:31.000000
timestame:1619470367.514000000,objid:20,type:0,xpos:0.000000,ypos:0.000000,xspeed:-1.100000,yspeed:3.480000,angle:19.390000,distense:34.800000,rcs:6.000000
