timestame:1619470477.523000000,objid:0,type:0,xpos:0.000000,ypos:0.000000,xspeed:-8.030000,yspeed:-0.580000,angle:-5.700000,distense:113.800000,rcs:20.000000
timestame:1619470477.523000000,objid:2,type:0,xpos:0.000000,ypos:0.000000,xspeed:1.320000,yspeed:-0.300000,angle:13.180000,distense:75.000000,rcs:12.000000
