timestame:1619469578.437000000,objid:1,type:0,xpos:0.000000,ypos:0.000000,xspeed:-5.670000,yspeed:-1.210000,angle:-7.510000,distense:117.200000,rcs:6.000000
timestame:1619469578.437000000,objid:3,type:0,xpos:0.000000,ypos:0.000000,xspeed:-6.460000,yspeed:-0.270000,angle:-8.600000,distense:106.400000,rcs:16.000000
timestame:1619469578.437000000,objid:5,type:0,xpos:0.000000,ypos:0.000000,xspeed:-6.420000,yspeed:-0.310000,angle:-8.850000,distense:103.200000,rcs:15.000000
