timestame:1619469773.771000000,objid:1,type:0,xpos:0.000000,ypos:0.000000,xspeed:3.830000,yspeed:2.170000,angle:-15.200000,distense:32.200000,rcs:15.000000
timestame:1619469773.771000000,objid:7,type:0,xpos:0.000000,ypos:0.000000,xspeed:3.170000,yspeed:3.250000,angle:-11.150000,distense:41.800000,rcs:13.000000
