timestame:1619469772.396000000,objid:1,type:0,xpos:0.000000,ypos:0.000000,xspeed:3.620000,yspeed:1.250000,angle:-17.160000,distense:25.600000,rcs:16.000000
timestame:1619469772.396000000,objid:3,type:0,xpos:0.000000,ypos:0.000000,xspeed:4.020000,yspeed:1.230000,angle:21.010000,distense:37.400000,rcs:12.000000
timestame:1619469772.396000000,objid:7,type:0,xpos:0.000000,ypos:0.000000,xspeed:4.030000,yspeed:1.460000,angle:-16.480000,distense:35.800000,rcs:23.000000
