timestame:1619470940.357000000,objid:1,type:0,xpos:0.000000,ypos:0.000000,xspeed:-3.870000,yspeed:0.370000,angle:-13.610000,distense:66.600000,rcs:24.000000
timestame:1619470940.357000000,objid:5,type:0,xpos:0.000000,ypos:0.000000,xspeed:-4.670000,yspeed:0.000000,angle:-14.010000,distense:69.800000,rcs:20.000000
timestame:1619470940.357000000,objid:10,type:0,xpos:0.000000,ypos:0.000000,xspeed:-3.880000,yspeed:0.160000,angle:-10.740000,distense:67.600000,rcs:13.000000
