timestame:1619470104.924000000,objid:1,type:0,xpos:0.000000,ypos:0.000000,xspeed:8.910000,yspeed:2.580000,angle:-16.950000,distense:24.400000,rcs:20.000000
timestame:1619470104.924000000,objid:6,type:0,xpos:0.000000,ypos:0.000000,xspeed:-2.640000,yspeed:-0.140000,angle:16.230000,distense:25.200000,rcs:9.000000
timestame:1619470104.924000000,objid:9,type:0,xpos:0.000000,ypos:0.000000,xspeed:3.780000,yspeed:1.790000,angle:-17.930000,distense:23.200000,rcs:26.000000
timestame:1619470104.924000000,objid:11,type:0,xpos:0.000000,ypos:0.000000,xspeed:1.910000,yspeed:0.560000,angle:13.910000,distense:21.200000,rcs:6.000000
