timestame:1619469685.194000000,objid:1,type:0,xpos:0.000000,ypos:0.000000,xspeed:-2.860000,yspeed:3.940000,angle:-13.110000,distense:49.200000,rcs:12.000000
timestame:1619469685.194000000,objid:2,type:0,xpos:0.000000,ypos:0.000000,xspeed:-1.750000,yspeed:5.660000,angle:-18.000000,distense:48.400000,rcs:13.000000
timestame:1619469685.194000000,objid:4,type:0,xpos:0.000000,ypos:0.000000,xspeed:-2.150000,yspeed:7.520000,angle:-16.510000,distense:49.400000,rcs:16.000000
