timestame:1619469815.543000000,objid:1,type:0,xpos:0.000000,ypos:0.000000,xspeed:1.340000,yspeed:4.330000,angle:-5.460000,distense:52.400000,rcs:22.000000
timestame:1619469815.543000000,objid:4,type:0,xpos:0.000000,ypos:0.000000,xspeed:-10.310000,yspeed:-4.810000,angle:-4.360000,distense:182.800000,rcs:9.000000
timestame:1619469815.543000000,objid:6,type:0,xpos:0.000000,ypos:0.000000,xspeed:5.530000,yspeed:0.000000,angle:20.220000,distense:24.000000,rcs:27.000000
