timestame:1619470016.482000000,objid:1,type:0,xpos:0.000000,ypos:0.000000,xspeed:-1.010000,yspeed:-2.470000,angle:8.310000,distense:37.800000,rcs:9.000000
timestame:1619470016.482000000,objid:5,type:0,xpos:0.000000,ypos:0.000000,xspeed:-1.360000,yspeed:-2.110000,angle:-18.000000,distense:35.200000,rcs:22.000000
timestame:1619470016.482000000,objid:7,type:0,xpos:0.000000,ypos:0.000000,xspeed:-2.340000,yspeed:0.000000,angle:-18.000000,distense:30.400000,rcs:24.000000
timestame:1619470016.482000000,objid:14,type:0,xpos:0.000000,ypos:0.000000,xspeed:-1.790000,yspeed:-1.650000,angle:-18.000000,distense:32.600000,rcs:23.000000
