timestame:1619471363.952000000,objid:1,type:0,xpos:0.000000,ypos:0.000000,xspeed:7.860000,yspeed:0.000000,angle:4.190000,distense:94.200000,rcs:20.000000
timestame:1619471363.952000000,objid:2,type:0,xpos:0.000000,ypos:0.000000,xspeed:6.760000,yspeed:-0.190000,angle:4.040000,distense:97.000000,rcs:15.000000
timestame:1619471363.952000000,objid:4,type:0,xpos:0.000000,ypos:0.000000,xspeed:6.530000,yspeed:0.030000,angle:4.880000,distense:90.400000,rcs:20.000000
timestame:1619471363.952000000,objid:7,type:0,xpos:0.000000,ypos:0.000000,xspeed:10.520000,yspeed:0.040000,angle:1.430000,distense:116.400000,rcs:20.000000
