timestame:1619470222.067000000,objid:8,type:0,xpos:0.000000,ypos:0.000000,xspeed:-2.480000,yspeed:11.680000,angle:-16.740000,distense:44.800000,rcs:13.000000
timestame:1619470222.067000000,objid:11,type:0,xpos:0.000000,ypos:0.000000,xspeed:-1.800000,yspeed:6.590000,angle:-13.990000,distense:43.800000,rcs:12.000000
