timestame:1619469877.076000000,objid:3,type:0,xpos:0.000000,ypos:0.000000,xspeed:-6.550000,yspeed:-0.080000,angle:-18.000000,distense:33.000000,rcs:6.000000
timestame:1619469877.076000000,objid:6,type:0,xpos:0.000000,ypos:0.000000,xspeed:-2.220000,yspeed:-0.640000,angle:-18.000000,distense:37.000000,rcs:13.000000
timestame:1619469877.076000000,objid:10,type:0,xpos:0.000000,ypos:0.000000,xspeed:14.670000,yspeed:8.430000,angle:-9.740000,distense:46.000000,rcs:6.000000
