timestame:1619469708.418000000,objid:1,type:0,xpos:0.000000,ypos:0.000000,xspeed:10.390000,yspeed:0.340000,angle:-18.000000,distense:42.400000,rcs:27.000000
timestame:1619469708.418000000,objid:3,type:0,xpos:0.000000,ypos:0.000000,xspeed:11.620000,yspeed:-4.410000,angle:7.790000,distense:74.800000,rcs:12.000000
timestame:1619469708.418000000,objid:5,type:0,xpos:0.000000,ypos:0.000000,xspeed:-2.220000,yspeed:-2.880000,angle:-18.000000,distense:36.400000,rcs:13.000000
timestame:1619469708.418000000,objid:6,type:0,xpos:0.000000,ypos:0.000000,xspeed:-3.610000,yspeed:-1.400000,angle:-18.000000,distense:30.800000,rcs:9.000000
