timestame:1619471558.454000000,objid:7,type:0,xpos:0.000000,ypos:0.000000,xspeed:-2.500000,yspeed:-1.520000,angle:-18.000000,distense:32.600000,rcs:13.000000
timestame:1619471558.454000000,objid:12,type:0,xpos:0.000000,ypos:0.000000,xspeed:2.740000,yspeed:1.990000,angle:-15.120000,distense:34.800000,rcs:24.000000
