timestame:1619470963.182000000,objid:0,type:0,xpos:0.000000,ypos:0.000000,xspeed:3.620000,yspeed:0.120000,angle:6.700000,distense:48.600000,rcs:33.000000
timestame:1619470963.182000000,objid:6,type:0,xpos:0.000000,ypos:0.000000,xspeed:10.050000,yspeed:0.500000,angle:1.940000,distense:93.800000,rcs:28.000000
timestame:1619470963.182000000,objid:9,type:0,xpos:0.000000,ypos:0.000000,xspeed:9.700000,yspeed:0.190000,angle:2.250000,distense:112.000000,rcs:9.000000
timestame:1619470963.182000000,objid:12,type:0,xpos:0.000000,ypos:0.000000,xspeed:3.160000,yspeed:0.020000,angle:5.240000,distense:58.400000,rcs:29.000000
