timestame:1619469713.697000000,objid:3,type:0,xpos:0.000000,ypos:0.000000,xspeed:13.210000,yspeed:-1.240000,angle:1.280000,distense:139.800000,rcs:9.000000
timestame:1619469713.697000000,objid:6,type:0,xpos:0.000000,ypos:0.000000,xspeed:-1.570000,yspeed:6.930000,angle:9.390000,distense:36.800000,rcs:30.000000
