timestame:1619470119.439000000,objid:3,type:0,xpos:0.000000,ypos:0.000000,xspeed:-9.200000,yspeed:2.140000,angle:21.780000,distense:21.000000,rcs:6.000000
timestame:1619470119.439000000,objid:4,type:0,xpos:0.000000,ypos:0.000000,xspeed:-3.730000,yspeed:1.580000,angle:4.650000,distense:11.400000,rcs:12.000000
timestame:1619470119.439000000,objid:5,type:0,xpos:0.000000,ypos:0.000000,xspeed:-5.230000,yspeed:-0.450000,angle:15.650000,distense:24.400000,rcs:16.000000
timestame:1619470119.439000000,objid:8,type:0,xpos:0.000000,ypos:0.000000,xspeed:5.050000,yspeed:1.670000,angle:-14.240000,distense:15.800000,rcs:12.000000
