timestame:1619471371.065000000,objid:1,type:0,xpos:0.000000,ypos:0.000000,xspeed:8.700000,yspeed:-0.170000,angle:2.300000,distense:151.200000,rcs:9.000000
timestame:1619471371.065000000,objid:7,type:0,xpos:0.000000,ypos:0.000000,xspeed:10.660000,yspeed:0.200000,angle:1.510000,distense:197.200000,rcs:16.000000
