timestame:1619471376.465000000,objid:0,type:0,xpos:0.000000,ypos:0.000000,xspeed:10.510000,yspeed:0.210000,angle:2.580000,distense:213.000000,rcs:13.000000
timestame:1619471376.465000000,objid:1,type:0,xpos:0.000000,ypos:0.000000,xspeed:10.370000,yspeed:0.280000,angle:2.250000,distense:205.800000,rcs:24.000000
