timestame:1619470745.482000000,objid:0,type:0,xpos:0.000000,ypos:0.000000,xspeed:-2.890000,yspeed:-0.420000,angle:-8.790000,distense:83.200000,rcs:20.000000
timestame:1619470745.482000000,objid:6,type:0,xpos:0.000000,ypos:0.000000,xspeed:12.530000,yspeed:0.430000,angle:1.360000,distense:205.800000,rcs:12.000000
