timestame:1619471003.887000000,objid:1,type:0,xpos:0.000000,ypos:0.000000,xspeed:-13.290000,yspeed:-0.790000,angle:-6.580000,distense:131.800000,rcs:16.000000
timestame:1619471003.887000000,objid:4,type:0,xpos:0.000000,ypos:0.000000,xspeed:1.340000,yspeed:0.200000,angle:0.500000,distense:17.400000,rcs:21.000000
