timestame:1619470048.312000000,objid:0,type:0,xpos:0.000000,ypos:0.000000,xspeed:6.710000,yspeed:0.210000,angle:4.290000,distense:93.200000,rcs:13.000000
timestame:1619470048.312000000,objid:5,type:0,xpos:0.000000,ypos:0.000000,xspeed:6.790000,yspeed:0.020000,angle:4.390000,distense:83.600000,rcs:32.000000
