timestame:1619471375.533000000,objid:0,type:0,xpos:0.000000,ypos:0.000000,xspeed:12.760000,yspeed:4.740000,angle:2.510000,distense:203.000000,rcs:12.000000
timestame:1619471375.533000000,objid:1,type:0,xpos:0.000000,ypos:0.000000,xspeed:10.010000,yspeed:0.250000,angle:2.280000,distense:195.400000,rcs:9.000000
