timestame:1619469932.580000000,objid:1,type:0,xpos:0.000000,ypos:0.000000,xspeed:8.290000,yspeed:0.360000,angle:1.620000,distense:220.200000,rcs:12.000000
timestame:1619469932.580000000,objid:8,type:0,xpos:0.000000,ypos:0.000000,xspeed:8.410000,yspeed:0.500000,angle:1.550000,distense:213.600000,rcs:25.000000
