timestame:1619469910.012000000,objid:1,type:0,xpos:0.000000,ypos:0.000000,xspeed:4.140000,yspeed:-0.040000,angle:2.020000,distense:75.600000,rcs:21.000000
timestame:1619469910.012000000,objid:2,type:0,xpos:0.000000,ypos:0.000000,xspeed:9.770000,yspeed:0.060000,angle:3.080000,distense:130.800000,rcs:15.000000
timestame:1619469910.012000000,objid:8,type:0,xpos:0.000000,ypos:0.000000,xspeed:4.150000,yspeed:0.190000,angle:2.460000,distense:69.000000,rcs:30.000000
timestame:1619469910.012000000,objid:10,type:0,xpos:0.000000,ypos:0.000000,xspeed:2.100000,yspeed:3.610000,angle:-4.320000,distense:43.600000,rcs:6.000000
