timestame:1619470479.014000000,objid:0,type:0,xpos:0.000000,ypos:0.000000,xspeed:-7.540000,yspeed:-0.420000,angle:-6.620000,distense:102.600000,rcs:24.000000
timestame:1619470479.014000000,objid:2,type:0,xpos:0.000000,ypos:0.000000,xspeed:1.650000,yspeed:-0.350000,angle:12.240000,distense:77.600000,rcs:6.000000
