timestame:1619471320.695000000,objid:0,type:0,xpos:0.000000,ypos:0.000000,xspeed:1.430000,yspeed:-9.360000,angle:17.100000,distense:48.800000,rcs:26.000000
timestame:1619471320.695000000,objid:1,type:0,xpos:0.000000,ypos:0.000000,xspeed:-7.130000,yspeed:-0.570000,angle:-6.930000,distense:96.800000,rcs:22.000000
timestame:1619471320.695000000,objid:3,type:0,xpos:0.000000,ypos:0.000000,xspeed:-14.200000,yspeed:0.250000,angle:-3.380000,distense:175.200000,rcs:15.000000
