timestame:1619469712.203000000,objid:1,type:0,xpos:0.000000,ypos:0.000000,xspeed:-3.690000,yspeed:-1.460000,angle:-18.000000,distense:30.400000,rcs:6.000000
timestame:1619469712.203000000,objid:3,type:0,xpos:0.000000,ypos:0.000000,xspeed:12.180000,yspeed:-1.530000,angle:2.170000,distense:119.000000,rcs:21.000000
timestame:1619469712.203000000,objid:4,type:0,xpos:0.000000,ypos:0.000000,xspeed:-5.360000,yspeed:-2.450000,angle:-18.000000,distense:28.000000,rcs:9.000000
timestame:1619469712.203000000,objid:6,type:0,xpos:0.000000,ypos:0.000000,xspeed:-1.460000,yspeed:6.260000,angle:-7.120000,distense:39.000000,rcs:21.000000
