timestame:1619471259.442000000,objid:2,type:0,xpos:0.000000,ypos:0.000000,xspeed:12.260000,yspeed:0.590000,angle:5.350000,distense:67.200000,rcs:39.000000
timestame:1619471259.442000000,objid:3,type:0,xpos:0.000000,ypos:0.000000,xspeed:-14.910000,yspeed:-0.710000,angle:-18.000000,distense:39.800000,rcs:20.000000
timestame:1619471259.442000000,objid:6,type:0,xpos:0.000000,ypos:0.000000,xspeed:12.340000,yspeed:0.100000,angle:5.060000,distense:79.400000,rcs:12.000000
timestame:1619471259.442000000,objid:10,type:0,xpos:0.000000,ypos:0.000000,xspeed:12.260000,yspeed:0.600000,angle:5.850000,distense:55.200000,rcs:20.000000
