timestame:1619469891.077000000,objid:2,type:0,xpos:0.000000,ypos:0.000000,xspeed:-4.160000,yspeed:-0.100000,angle:-14.970000,distense:51.600000,rcs:27.000000
timestame:1619469891.077000000,objid:5,type:0,xpos:0.000000,ypos:0.000000,xspeed:-3.030000,yspeed:0.020000,angle:-18.000000,distense:54.600000,rcs:20.000000
timestame:1619469891.077000000,objid:10,type:0,xpos:0.000000,ypos:0.000000,xspeed:-12.390000,yspeed:-0.450000,angle:-4.180000,distense:156.600000,rcs:12.000000
timestame:1619469891.077000000,objid:16,type:0,xpos:0.000000,ypos:0.000000,xspeed:-3.910000,yspeed:-0.060000,angle:-11.880000,distense:63.000000,rcs:22.000000
