timestame:1619470608.821000000,objid:0,type:0,xpos:0.000000,ypos:0.000000,xspeed:18.590000,yspeed:-1.370000,angle:12.660000,distense:30.400000,rcs:15.000000
timestame:1619470608.821000000,objid:2,type:0,xpos:0.000000,ypos:0.000000,xspeed:7.540000,yspeed:-0.290000,angle:18.790000,distense:24.400000,rcs:6.000000
