timestame:1619470873.062000000,objid:1,type:0,xpos:0.000000,ypos:0.000000,xspeed:-9.680000,yspeed:-2.110000,angle:-5.570000,distense:129.800000,rcs:9.000000
timestame:1619470873.062000000,objid:4,type:0,xpos:0.000000,ypos:0.000000,xspeed:3.520000,yspeed:-0.120000,angle:0.490000,distense:18.600000,rcs:33.000000
timestame:1619470873.062000000,objid:9,type:0,xpos:0.000000,ypos:0.000000,xspeed:2.330000,yspeed:0.000000,angle:-1.860000,distense:28.200000,rcs:12.000000
