timestame:1619469697.152000000,objid:2,type:0,xpos:0.000000,ypos:0.000000,xspeed:-1.420000,yspeed:-2.150000,angle:-14.640000,distense:44.200000,rcs:22.000000
timestame:1619469697.152000000,objid:3,type:0,xpos:0.000000,ypos:0.000000,xspeed:-1.160000,yspeed:-2.430000,angle:-2.060000,distense:45.000000,rcs:9.000000
timestame:1619469697.152000000,objid:10,type:0,xpos:0.000000,ypos:0.000000,xspeed:-2.390000,yspeed:7.710000,angle:-11.350000,distense:42.800000,rcs:6.000000
