timestame:1619470443.570000000,objid:1,type:0,xpos:0.000000,ypos:0.000000,xspeed:16.810000,yspeed:0.260000,angle:1.760000,distense:118.000000,rcs:18.000000
timestame:1619470443.570000000,objid:2,type:0,xpos:0.000000,ypos:0.000000,xspeed:3.960000,yspeed:-0.140000,angle:8.230000,distense:89.000000,rcs:13.000000
