timestame:1619471083.291000000,objid:4,type:0,xpos:0.000000,ypos:0.000000,xspeed:3.580000,yspeed:0.300000,angle:1.720000,distense:32.400000,rcs:26.000000
timestame:1619471083.291000000,objid:10,type:0,xpos:0.000000,ypos:0.000000,xspeed:5.910000,yspeed:0.490000,angle:2.070000,distense:49.000000,rcs:6.000000
timestame:1619471083.291000000,objid:11,type:0,xpos:0.000000,ypos:0.000000,xspeed:1.020000,yspeed:0.050000,angle:3.340000,distense:14.000000,rcs:46.000000
