timestame:1619471164.973000000,objid:0,type:0,xpos:0.000000,ypos:0.000000,xspeed:-10.360000,yspeed:2.170000,angle:-3.030000,distense:157.800000,rcs:15.000000
timestame:1619471164.973000000,objid:2,type:0,xpos:0.000000,ypos:0.000000,xspeed:-11.580000,yspeed:1.180000,angle:-4.090000,distense:160.800000,rcs:9.000000
timestame:1619471164.973000000,objid:3,type:0,xpos:0.000000,ypos:0.000000,xspeed:2.710000,yspeed:5.070000,angle:-5.950000,distense:46.200000,rcs:9.000000
