timestame:1619470649.622000000,objid:4,type:0,xpos:0.000000,ypos:0.000000,xspeed:-2.260000,yspeed:-2.520000,angle:-18.000000,distense:38.200000,rcs:23.000000
timestame:1619470649.622000000,objid:8,type:0,xpos:0.000000,ypos:0.000000,xspeed:-1.460000,yspeed:-5.320000,angle:-14.290000,distense:41.400000,rcs:25.000000
timestame:1619470649.622000000,objid:9,type:0,xpos:0.000000,ypos:0.000000,xspeed:-1.720000,yspeed:-3.410000,angle:-18.000000,distense:40.000000,rcs:22.000000
timestame:1619470649.622000000,objid:13,type:0,xpos:0.000000,ypos:0.000000,xspeed:-4.080000,yspeed:0.000000,angle:-13.540000,distense:57.000000,rcs:12.000000
