timestame:1619470593.306000000,objid:0,type:0,xpos:0.000000,ypos:0.000000,xspeed:-14.660000,yspeed:-0.600000,angle:-18.000000,distense:30.000000,rcs:9.000000
timestame:1619470593.306000000,objid:5,type:0,xpos:0.000000,ypos:0.000000,xspeed:8.340000,yspeed:2.060000,angle:-16.540000,distense:25.600000,rcs:29.000000
timestame:1619470593.306000000,objid:6,type:0,xpos:0.000000,ypos:0.000000,xspeed:6.730000,yspeed:2.620000,angle:20.550000,distense:25.600000,rcs:27.000000
