timestame:1619470087.548000000,objid:0,type:0,xpos:0.000000,ypos:0.000000,xspeed:4.070000,yspeed:0.000000,angle:-2.850000,distense:55.000000,rcs:9.000000
timestame:1619470087.548000000,objid:5,type:0,xpos:0.000000,ypos:0.000000,xspeed:1.230000,yspeed:-9.440000,angle:-18.000000,distense:63.800000,rcs:12.000000
timestame:1619470087.548000000,objid:6,type:0,xpos:0.000000,ypos:0.000000,xspeed:1.660000,yspeed:-5.230000,angle:5.760000,distense:50.000000,rcs:6.000000
timestame:1619470087.548000000,objid:11,type:0,xpos:0.000000,ypos:0.000000,xspeed:2.580000,yspeed:-6.910000,angle:3.060000,distense:50.400000,rcs:12.000000
