timestame:1619471305.604000000,objid:0,type:0,xpos:0.000000,ypos:0.000000,xspeed:5.220000,yspeed:-1.760000,angle:19.430000,distense:20.600000,rcs:6.000000
timestame:1619471305.604000000,objid:1,type:0,xpos:0.000000,ypos:0.000000,xspeed:-7.580000,yspeed:0.000000,angle:-18.000000,distense:37.600000,rcs:6.000000
