timestame:1619470880.451000000,objid:3,type:0,xpos:0.000000,ypos:0.000000,xspeed:-1.740000,yspeed:-3.120000,angle:-18.000000,distense:34.400000,rcs:28.000000
timestame:1619470880.451000000,objid:4,type:0,xpos:0.000000,ypos:0.000000,xspeed:-21.270000,yspeed:-5.730000,angle:-18.000000,distense:19.800000,rcs:18.000000
timestame:1619470880.451000000,objid:23,type:0,xpos:0.000000,ypos:0.000000,xspeed:-2.710000,yspeed:-4.090000,angle:-18.000000,distense:49.800000,rcs:9.000000
