timestame:1619470027.998000000,objid:1,type:0,xpos:0.000000,ypos:0.000000,xspeed:4.820000,yspeed:0.410000,angle:1.080000,distense:22.000000,rcs:28.000000
timestame:1619470027.998000000,objid:2,type:0,xpos:0.000000,ypos:0.000000,xspeed:6.110000,yspeed:0.280000,angle:2.390000,distense:37.600000,rcs:36.000000
