timestame:1619470802.797000000,objid:2,type:0,xpos:0.000000,ypos:0.000000,xspeed:-6.170000,yspeed:-2.830000,angle:-18.000000,distense:22.000000,rcs:6.000000
timestame:1619470802.797000000,objid:3,type:0,xpos:0.000000,ypos:0.000000,xspeed:-2.130000,yspeed:-1.710000,angle:-18.000000,distense:37.400000,rcs:12.000000
timestame:1619470802.797000000,objid:4,type:0,xpos:0.000000,ypos:0.000000,xspeed:-1.640000,yspeed:-2.920000,angle:-18.000000,distense:41.800000,rcs:28.000000
timestame:1619470802.797000000,objid:15,type:0,xpos:0.000000,ypos:0.000000,xspeed:-1.590000,yspeed:-1.260000,angle:-18.000000,distense:35.600000,rcs:6.000000
