timestame:1619471265.813000000,objid:0,type:0,xpos:0.000000,ypos:0.000000,xspeed:12.810000,yspeed:0.590000,angle:2.760000,distense:174.200000,rcs:12.000000
timestame:1619471265.813000000,objid:2,type:0,xpos:0.000000,ypos:0.000000,xspeed:13.120000,yspeed:0.130000,angle:2.510000,distense:150.200000,rcs:22.000000
timestame:1619471265.813000000,objid:6,type:0,xpos:0.000000,ypos:0.000000,xspeed:13.090000,yspeed:0.090000,angle:2.350000,distense:162.200000,rcs:6.000000
timestame:1619471265.813000000,objid:10,type:0,xpos:0.000000,ypos:0.000000,xspeed:13.080000,yspeed:-0.080000,angle:2.410000,distense:137.600000,rcs:9.000000
