timestame:1619470243.338000000,objid:3,type:0,xpos:0.000000,ypos:0.000000,xspeed:-1.660000,yspeed:-2.870000,angle:-18.000000,distense:43.200000,rcs:9.000000
timestame:1619470243.338000000,objid:5,type:0,xpos:0.000000,ypos:0.000000,xspeed:-3.070000,yspeed:-1.310000,angle:-18.000000,distense:28.000000,rcs:6.000000
timestame:1619470243.338000000,objid:7,type:0,xpos:0.000000,ypos:0.000000,xspeed:-2.600000,yspeed:-1.730000,angle:-18.000000,distense:30.200000,rcs:12.000000
timestame:1619470243.338000000,objid:11,type:0,xpos:0.000000,ypos:0.000000,xspeed:-2.960000,yspeed:-0.200000,angle:-6.340000,distense:104.600000,rcs:23.000000
