timestame:1619469879.115000000,objid:2,type:0,xpos:0.000000,ypos:0.000000,xspeed:-4.010000,yspeed:6.660000,angle:-13.690000,distense:37.600000,rcs:30.000000
timestame:1619469879.115000000,objid:3,type:0,xpos:0.000000,ypos:0.000000,xspeed:-4.000000,yspeed:-0.110000,angle:-18.000000,distense:26.600000,rcs:6.000000
timestame:1619469879.115000000,objid:6,type:0,xpos:0.000000,ypos:0.000000,xspeed:-3.880000,yspeed:-2.370000,angle:-18.000000,distense:35.200000,rcs:24.000000
