timestame:1619470154.889000000,objid:3,type:0,xpos:0.000000,ypos:0.000000,xspeed:-5.160000,yspeed:-0.570000,angle:-18.000000,distense:42.800000,rcs:9.000000
timestame:1619470154.889000000,objid:5,type:0,xpos:0.000000,ypos:0.000000,xspeed:3.880000,yspeed:3.050000,angle:-14.950000,distense:36.000000,rcs:9.000000
timestame:1619470154.889000000,objid:7,type:0,xpos:0.000000,ypos:0.000000,xspeed:-15.110000,yspeed:-0.750000,angle:-8.280000,distense:108.600000,rcs:15.000000
timestame:1619470154.889000000,objid:13,type:0,xpos:0.000000,ypos:0.000000,xspeed:-15.030000,yspeed:-0.430000,angle:-7.730000,distense:113.200000,rcs:15.000000
