timestame:1619470745.419000000,objid:0,type:0,xpos:0.000000,ypos:0.000000,xspeed:-2.950000,yspeed:-0.430000,angle:-8.770000,distense:83.200000,rcs:19.000000
timestame:1619470745.419000000,objid:6,type:0,xpos:0.000000,ypos:0.000000,xspeed:12.560000,yspeed:0.410000,angle:1.350000,distense:205.000000,rcs:24.000000
