timestame:1619469759.080000000,objid:2,type:0,xpos:0.000000,ypos:0.000000,xspeed:4.660000,yspeed:3.300000,angle:-15.500000,distense:37.200000,rcs:15.000000
timestame:1619469759.080000000,objid:3,type:0,xpos:0.000000,ypos:0.000000,xspeed:5.240000,yspeed:2.470000,angle:-17.290000,distense:48.600000,rcs:6.000000
timestame:1619469759.080000000,objid:7,type:0,xpos:0.000000,ypos:0.000000,xspeed:8.590000,yspeed:5.080000,angle:-9.770000,distense:50.000000,rcs:6.000000
