timestame:1619469576.825000000,objid:3,type:0,xpos:0.000000,ypos:0.000000,xspeed:-7.140000,yspeed:-0.110000,angle:-7.560000,distense:115.600000,rcs:19.000000
timestame:1619469576.825000000,objid:5,type:0,xpos:0.000000,ypos:0.000000,xspeed:-6.770000,yspeed:-0.230000,angle:-7.800000,distense:113.200000,rcs:15.000000
