timestame:1619470499.234000000,objid:2,type:0,xpos:0.000000,ypos:0.000000,xspeed:-1.530000,yspeed:-2.020000,angle:-18.000000,distense:39.000000,rcs:22.000000
timestame:1619470499.234000000,objid:4,type:0,xpos:0.000000,ypos:0.000000,xspeed:1.500000,yspeed:-9.140000,angle:14.710000,distense:44.200000,rcs:28.000000
timestame:1619470499.234000000,objid:7,type:0,xpos:0.000000,ypos:0.000000,xspeed:-1.720000,yspeed:-1.990000,angle:-18.000000,distense:45.600000,rcs:15.000000
