timestame:1619471092.800000000,objid:1,type:0,xpos:0.000000,ypos:0.000000,xspeed:12.300000,yspeed:-0.210000,angle:3.280000,distense:81.000000,rcs:16.000000
timestame:1619471092.800000000,objid:2,type:0,xpos:0.000000,ypos:0.000000,xspeed:6.930000,yspeed:0.270000,angle:2.280000,distense:61.600000,rcs:46.000000
timestame:1619471092.800000000,objid:5,type:0,xpos:0.000000,ypos:0.000000,xspeed:12.690000,yspeed:0.000000,angle:1.410000,distense:131.600000,rcs:6.000000
