timestame:1619470834.498000000,objid:1,type:0,xpos:0.000000,ypos:0.000000,xspeed:10.390000,yspeed:0.120000,angle:2.500000,distense:140.200000,rcs:13.000000
timestame:1619470834.498000000,objid:5,type:0,xpos:0.000000,ypos:0.000000,xspeed:2.330000,yspeed:0.410000,angle:-18.000000,distense:41.000000,rcs:9.000000
timestame:1619470834.498000000,objid:6,type:0,xpos:0.000000,ypos:0.000000,xspeed:14.330000,yspeed:0.140000,angle:1.140000,distense:183.800000,rcs:15.000000
timestame:1619470834.498000000,objid:8,type:0,xpos:0.000000,ypos:0.000000,xspeed:29.710000,yspeed:0.000000,angle:3.210000,distense:140.200000,rcs:19.000000
