timestame:1619470989.918000000,objid:3,type:0,xpos:0.000000,ypos:0.000000,xspeed:5.230000,yspeed:-0.170000,angle:7.390000,distense:101.400000,rcs:6.000000
timestame:1619470989.918000000,objid:4,type:0,xpos:0.000000,ypos:0.000000,xspeed:-13.410000,yspeed:-0.560000,angle:-14.050000,distense:57.000000,rcs:22.000000
