timestame:1619469752.738000000,objid:1,type:0,xpos:0.000000,ypos:0.000000,xspeed:5.310000,yspeed:2.660000,angle:22.190000,distense:36.000000,rcs:15.000000
timestame:1619469752.738000000,objid:2,type:0,xpos:0.000000,ypos:0.000000,xspeed:30.850000,yspeed:-19.580000,angle:-16.800000,distense:60.200000,rcs:6.000000
