timestame:1619470567.717000000,objid:1,type:0,xpos:0.000000,ypos:0.000000,xspeed:4.210000,yspeed:2.930000,angle:-15.440000,distense:28.600000,rcs:15.000000
timestame:1619470567.717000000,objid:3,type:0,xpos:0.000000,ypos:0.000000,xspeed:15.030000,yspeed:0.050000,angle:1.070000,distense:161.400000,rcs:27.000000
timestame:1619470567.717000000,objid:8,type:0,xpos:0.000000,ypos:0.000000,xspeed:4.150000,yspeed:4.690000,angle:-10.350000,distense:43.000000,rcs:13.000000
