timestame:1619471005.563000000,objid:5,type:0,xpos:0.000000,ypos:0.000000,xspeed:9.030000,yspeed:0.000000,angle:-7.160000,distense:125.000000,rcs:16.000000
timestame:1619471005.563000000,objid:6,type:0,xpos:0.000000,ypos:0.000000,xspeed:1.490000,yspeed:2.000000,angle:-6.690000,distense:119.400000,rcs:15.000000
