timestame:1619471083.229000000,objid:4,type:0,xpos:0.000000,ypos:0.000000,xspeed:3.530000,yspeed:0.280000,angle:1.660000,distense:32.200000,rcs:20.000000
timestame:1619471083.229000000,objid:10,type:0,xpos:0.000000,ypos:0.000000,xspeed:5.940000,yspeed:0.470000,angle:2.020000,distense:48.800000,rcs:6.000000
timestame:1619471083.229000000,objid:11,type:0,xpos:0.000000,ypos:0.000000,xspeed:1.040000,yspeed:0.060000,angle:3.340000,distense:14.000000,rcs:46.000000
