timestame:1619469622.552000000,objid:1,type:0,xpos:0.000000,ypos:0.000000,xspeed:-3.720000,yspeed:0.070000,angle:-15.590000,distense:60.600000,rcs:16.000000
timestame:1619469622.552000000,objid:2,type:0,xpos:0.000000,ypos:0.000000,xspeed:-3.820000,yspeed:-0.220000,angle:-13.530000,distense:72.800000,rcs:24.000000
timestame:1619469622.552000000,objid:4,type:0,xpos:0.000000,ypos:0.000000,xspeed:-14.960000,yspeed:-0.200000,angle:-8.760000,distense:74.400000,rcs:6.000000
