timestame:1619471447.946000000,objid:3,type:0,xpos:0.000000,ypos:0.000000,xspeed:-3.440000,yspeed:-0.110000,angle:-5.830000,distense:109.800000,rcs:15.000000
timestame:1619471447.946000000,objid:11,type:0,xpos:0.000000,ypos:0.000000,xspeed:-3.020000,yspeed:-0.670000,angle:-7.900000,distense:100.000000,rcs:12.000000
timestame:1619471447.946000000,objid:13,type:0,xpos:0.000000,ypos:0.000000,xspeed:-3.030000,yspeed:0.000000,angle:15.730000,distense:49.600000,rcs:15.000000
