timestame:1619471077.155000000,objid:1,type:0,xpos:0.000000,ypos:0.000000,xspeed:-7.570000,yspeed:3.150000,angle:-16.540000,distense:57.000000,rcs:16.000000
timestame:1619471077.155000000,objid:3,type:0,xpos:0.000000,ypos:0.000000,xspeed:-9.270000,yspeed:-0.280000,angle:-10.620000,distense:66.000000,rcs:22.000000
timestame:1619471077.155000000,objid:5,type:0,xpos:0.000000,ypos:0.000000,xspeed:-9.960000,yspeed:-0.360000,angle:-17.440000,distense:44.800000,rcs:15.000000
timestame:1619471077.155000000,objid:6,type:0,xpos:0.000000,ypos:0.000000,xspeed:-5.620000,yspeed:-0.450000,angle:-18.000000,distense:52.000000,rcs:25.000000
