timestame:1619470214.388000000,objid:1,type:0,xpos:0.000000,ypos:0.000000,xspeed:-2.310000,yspeed:10.280000,angle:7.400000,distense:38.800000,rcs:6.000000
timestame:1619470214.388000000,objid:2,type:0,xpos:0.000000,ypos:0.000000,xspeed:-2.130000,yspeed:8.110000,angle:6.460000,distense:38.800000,rcs:9.000000
timestame:1619470214.388000000,objid:7,type:0,xpos:0.000000,ypos:0.000000,xspeed:-3.430000,yspeed:8.490000,angle:-16.410000,distense:47.400000,rcs:16.000000
timestame:1619470214.388000000,objid:9,type:0,xpos:0.000000,ypos:0.000000,xspeed:-1.440000,yspeed:11.460000,angle:12.600000,distense:39.000000,rcs:38.000000
