timestame:1619471449.752000000,objid:3,type:0,xpos:0.000000,ypos:0.000000,xspeed:-2.990000,yspeed:-0.010000,angle:-6.010000,distense:105.000000,rcs:13.000000
timestame:1619471449.752000000,objid:11,type:0,xpos:0.000000,ypos:0.000000,xspeed:-2.530000,yspeed:-0.220000,angle:-8.260000,distense:96.000000,rcs:13.000000
timestame:1619471449.752000000,objid:13,type:0,xpos:0.000000,ypos:0.000000,xspeed:-3.510000,yspeed:0.120000,angle:18.590000,distense:43.000000,rcs:12.000000
