timestame:1619470617.740000000,objid:0,type:0,xpos:0.000000,ypos:0.000000,xspeed:-27.980000,yspeed:0.000000,angle:-9.480000,distense:96.200000,rcs:19.000000
timestame:1619470617.740000000,objid:2,type:0,xpos:0.000000,ypos:0.000000,xspeed:-11.100000,yspeed:2.820000,angle:-8.420000,distense:105.400000,rcs:16.000000
