timestame:1619470373.223000000,objid:2,type:0,xpos:0.000000,ypos:0.000000,xspeed:-1.260000,yspeed:1.420000,angle:-3.610000,distense:40.400000,rcs:12.000000
timestame:1619470373.223000000,objid:6,type:0,xpos:0.000000,ypos:0.000000,xspeed:-1.690000,yspeed:0.110000,angle:-18.000000,distense:32.400000,rcs:6.000000
timestame:1619470373.223000000,objid:10,type:0,xpos:0.000000,ypos:0.000000,xspeed:-5.760000,yspeed:-1.710000,angle:-18.000000,distense:31.800000,rcs:15.000000
timestame:1619470373.223000000,objid:14,type:0,xpos:0.000000,ypos:0.000000,xspeed:-2.330000,yspeed:-0.350000,angle:-18.000000,distense:30.000000,rcs:13.000000
