timestame:1619470227.843000000,objid:2,type:0,xpos:0.000000,ypos:0.000000,xspeed:-1.350000,yspeed:-2.830000,angle:-9.230000,distense:42.000000,rcs:37.000000
timestame:1619470227.843000000,objid:4,type:0,xpos:0.000000,ypos:0.000000,xspeed:7.920000,yspeed:-0.710000,angle:7.880000,distense:174.200000,rcs:9.000000
timestame:1619470227.843000000,objid:8,type:0,xpos:0.000000,ypos:0.000000,xspeed:-1.800000,yspeed:-2.730000,angle:-14.960000,distense:40.600000,rcs:12.000000
timestame:1619470227.843000000,objid:11,type:0,xpos:0.000000,ypos:0.000000,xspeed:-8.260000,yspeed:6.630000,angle:-2.180000,distense:187.000000,rcs:12.000000
