timestame:1619471445.713000000,objid:3,type:0,xpos:0.000000,ypos:0.000000,xspeed:-4.450000,yspeed:-0.950000,angle:-5.930000,distense:116.400000,rcs:13.000000
timestame:1619471445.713000000,objid:11,type:0,xpos:0.000000,ypos:0.000000,xspeed:-3.600000,yspeed:-0.150000,angle:-6.240000,distense:105.800000,rcs:9.000000
timestame:1619471445.713000000,objid:13,type:0,xpos:0.000000,ypos:0.000000,xspeed:-2.150000,yspeed:-0.100000,angle:13.510000,distense:56.800000,rcs:16.000000
