timestame:1619470737.226000000,objid:1,type:0,xpos:0.000000,ypos:0.000000,xspeed:11.870000,yspeed:-0.130000,angle:1.260000,distense:113.000000,rcs:9.000000
timestame:1619470737.226000000,objid:6,type:0,xpos:0.000000,ypos:0.000000,xspeed:12.080000,yspeed:0.080000,angle:1.550000,distense:102.600000,rcs:40.000000
