timestame:1619471250.841000000,objid:1,type:0,xpos:0.000000,ypos:0.000000,xspeed:1.000000,yspeed:2.750000,angle:-1.060000,distense:73.800000,rcs:13.000000
timestame:1619471250.841000000,objid:3,type:0,xpos:0.000000,ypos:0.000000,xspeed:-13.970000,yspeed:1.490000,angle:-4.390000,distense:169.600000,rcs:9.000000
