timestame:1619470840.680000000,objid:3,type:0,xpos:0.000000,ypos:0.000000,xspeed:2.720000,yspeed:2.500000,angle:-11.420000,distense:41.600000,rcs:9.000000
timestame:1619470840.680000000,objid:7,type:0,xpos:0.000000,ypos:0.000000,xspeed:13.390000,yspeed:0.450000,angle:2.420000,distense:213.400000,rcs:33.000000
