timestame:1619469951.275000000,objid:0,type:0,xpos:0.000000,ypos:0.000000,xspeed:1.340000,yspeed:1.720000,angle:3.190000,distense:54.200000,rcs:29.000000
timestame:1619469951.275000000,objid:4,type:0,xpos:0.000000,ypos:0.000000,xspeed:1.150000,yspeed:-4.000000,angle:-2.040000,distense:55.000000,rcs:27.000000
timestame:1619469951.275000000,objid:15,type:0,xpos:0.000000,ypos:0.000000,xspeed:-3.180000,yspeed:7.760000,angle:11.100000,distense:38.600000,rcs:12.000000
