timestame:1619470772.935000000,objid:0,type:0,xpos:0.000000,ypos:0.000000,xspeed:-9.580000,yspeed:-0.110000,angle:-6.680000,distense:126.600000,rcs:20.000000
timestame:1619470772.935000000,objid:1,type:0,xpos:0.000000,ypos:0.000000,xspeed:13.880000,yspeed:0.130000,angle:1.490000,distense:129.400000,rcs:18.000000
timestame:1619470772.935000000,objid:2,type:0,xpos:0.000000,ypos:0.000000,xspeed:16.890000,yspeed:0.000000,angle:1.760000,distense:133.000000,rcs:19.000000
