timestame:1619470002.037000000,objid:6,type:0,xpos:0.000000,ypos:0.000000,xspeed:1.690000,yspeed:-0.790000,angle:-18.000000,distense:39.400000,rcs:30.000000
timestame:1619470002.037000000,objid:11,type:0,xpos:0.000000,ypos:0.000000,xspeed:-1.640000,yspeed:-0.400000,angle:-18.000000,distense:29.000000,rcs:6.000000
timestame:1619470002.037000000,objid:19,type:0,xpos:0.000000,ypos:0.000000,xspeed:1.250000,yspeed:-0.300000,angle:11.800000,distense:13.000000,rcs:24.000000
