timestame:1619470483.988000000,objid:1,type:0,xpos:0.000000,ypos:0.000000,xspeed:-3.960000,yspeed:-0.280000,angle:-8.610000,distense:83.400000,rcs:24.000000
timestame:1619470483.988000000,objid:5,type:0,xpos:0.000000,ypos:0.000000,xspeed:-2.210000,yspeed:-0.060000,angle:-7.160000,distense:62.200000,rcs:6.000000
