timestame:1619469537.821000000,objid:4,type:0,xpos:0.000000,ypos:0.000000,xspeed:17.000000,yspeed:0.300000,angle:1.700000,distense:127.400000,rcs:19.000000
timestame:1619469537.821000000,objid:7,type:0,xpos:0.000000,ypos:0.000000,xspeed:17.070000,yspeed:0.190000,angle:1.320000,distense:135.000000,rcs:13.000000
