timestame:1619471137.183000000,objid:4,type:0,xpos:0.000000,ypos:0.000000,xspeed:3.330000,yspeed:-1.570000,angle:9.010000,distense:44.000000,rcs:12.000000
timestame:1619471137.183000000,objid:5,type:0,xpos:0.000000,ypos:0.000000,xspeed:-1.280000,yspeed:-0.190000,angle:-0.310000,distense:37.400000,rcs:40.000000
timestame:1619471137.183000000,objid:8,type:0,xpos:0.000000,ypos:0.000000,xspeed:1.050000,yspeed:-0.510000,angle:21.380000,distense:50.800000,rcs:6.000000
