timestame:1619470014.436000000,objid:0,type:0,xpos:0.000000,ypos:0.000000,xspeed:-2.110000,yspeed:-1.680000,angle:-18.000000,distense:31.800000,rcs:12.000000
timestame:1619470014.436000000,objid:1,type:0,xpos:0.000000,ypos:0.000000,xspeed:-1.220000,yspeed:-3.120000,angle:14.640000,distense:40.800000,rcs:31.000000
timestame:1619470014.436000000,objid:5,type:0,xpos:0.000000,ypos:0.000000,xspeed:-1.060000,yspeed:-1.370000,angle:-13.590000,distense:36.600000,rcs:26.000000
timestame:1619470014.436000000,objid:8,type:0,xpos:0.000000,ypos:0.000000,xspeed:-3.600000,yspeed:0.780000,angle:-0.430000,distense:56.600000,rcs:6.000000
