timestame:1619471226.102000000,objid:0,type:0,xpos:0.000000,ypos:0.000000,xspeed:5.530000,yspeed:0.000000,angle:2.000000,distense:70.800000,rcs:12.000000
timestame:1619471226.102000000,objid:1,type:0,xpos:0.000000,ypos:0.000000,xspeed:5.640000,yspeed:-1.780000,angle:-8.890000,distense:44.600000,rcs:22.000000
timestame:1619471226.102000000,objid:6,type:0,xpos:0.000000,ypos:0.000000,xspeed:5.120000,yspeed:0.300000,angle:2.610000,distense:79.400000,rcs:6.000000
timestame:1619471226.102000000,objid:9,type:0,xpos:0.000000,ypos:0.000000,xspeed:5.240000,yspeed:0.060000,angle:2.300000,distense:61.000000,rcs:40.000000
