timestame:1619471320.448000000,objid:0,type:0,xpos:0.000000,ypos:0.000000,xspeed:1.360000,yspeed:-9.850000,angle:19.580000,distense:49.000000,rcs:21.000000
timestame:1619471320.448000000,objid:1,type:0,xpos:0.000000,ypos:0.000000,xspeed:-7.170000,yspeed:-0.500000,angle:-6.680000,distense:98.400000,rcs:15.000000
timestame:1619471320.448000000,objid:3,type:0,xpos:0.000000,ypos:0.000000,xspeed:-14.820000,yspeed:-0.300000,angle:-3.470000,distense:178.200000,rcs:6.000000
timestame:1619471320.448000000,objid:4,type:0,xpos:0.000000,ypos:0.000000,xspeed:-16.470000,yspeed:-3.460000,angle:-3.390000,distense:183.800000,rcs:6.000000
