timestame:1619471364.887000000,objid:1,type:0,xpos:0.000000,ypos:0.000000,xspeed:5.580000,yspeed:-0.430000,angle:3.850000,distense:99.200000,rcs:22.000000
timestame:1619471364.887000000,objid:2,type:0,xpos:0.000000,ypos:0.000000,xspeed:7.150000,yspeed:-0.220000,angle:3.600000,distense:104.200000,rcs:9.000000
timestame:1619471364.887000000,objid:4,type:0,xpos:0.000000,ypos:0.000000,xspeed:6.670000,yspeed:0.110000,angle:4.680000,distense:97.000000,rcs:6.000000
timestame:1619471364.887000000,objid:7,type:0,xpos:0.000000,ypos:0.000000,xspeed:11.110000,yspeed:0.350000,angle:1.720000,distense:127.800000,rcs:13.000000
