timestame:1619469558.174000000,objid:1,type:0,xpos:0.000000,ypos:0.000000,xspeed:1.720000,yspeed:-7.210000,angle:22.020000,distense:41.800000,rcs:12.000000
timestame:1619469558.174000000,objid:5,type:0,xpos:0.000000,ypos:0.000000,xspeed:-1.800000,yspeed:6.990000,angle:21.690000,distense:41.000000,rcs:6.000000
timestame:1619469558.174000000,objid:9,type:0,xpos:0.000000,ypos:0.000000,xspeed:-1.540000,yspeed:8.560000,angle:21.850000,distense:41.400000,rcs:15.000000
timestame:1619469558.174000000,objid:10,type:0,xpos:0.000000,ypos:0.000000,xspeed:1.580000,yspeed:-5.370000,angle:-6.170000,distense:52.800000,rcs:9.000000
