timestame:1619469927.491000000,objid:1,type:0,xpos:0.000000,ypos:0.000000,xspeed:6.820000,yspeed:0.200000,angle:1.510000,distense:178.000000,rcs:9.000000
timestame:1619469927.491000000,objid:8,type:0,xpos:0.000000,ypos:0.000000,xspeed:6.950000,yspeed:0.110000,angle:1.280000,distense:171.400000,rcs:12.000000
