timestame:1619469946.807000000,objid:3,type:0,xpos:0.000000,ypos:0.000000,xspeed:1.890000,yspeed:0.280000,angle:1.040000,distense:17.600000,rcs:16.000000
timestame:1619469946.807000000,objid:5,type:0,xpos:0.000000,ypos:0.000000,xspeed:-6.740000,yspeed:-12.260000,angle:-18.000000,distense:56.000000,rcs:6.000000
