timestame:1619471236.714000000,objid:0,type:0,xpos:0.000000,ypos:0.000000,xspeed:8.170000,yspeed:-0.030000,angle:1.230000,distense:148.000000,rcs:6.000000
timestame:1619471236.714000000,objid:9,type:0,xpos:0.000000,ypos:0.000000,xspeed:8.200000,yspeed:-0.030000,angle:1.280000,distense:138.200000,rcs:13.000000
