timestame:1619470552.831000000,objid:0,type:0,xpos:0.000000,ypos:0.000000,xspeed:8.000000,yspeed:1.000000,angle:20.580000,distense:19.000000,rcs:16.000000
timestame:1619470552.831000000,objid:1,type:0,xpos:0.000000,ypos:0.000000,xspeed:2.340000,yspeed:-0.430000,angle:5.350000,distense:150.400000,rcs:15.000000
timestame:1619470552.831000000,objid:5,type:0,xpos:0.000000,ypos:0.000000,xspeed:1.310000,yspeed:4.450000,angle:6.510000,distense:158.800000,rcs:6.000000
timestame:1619470552.831000000,objid:9,type:0,xpos:0.000000,ypos:0.000000,xspeed:3.010000,yspeed:-1.350000,angle:3.960000,distense:166.800000,rcs:6.000000
