timestame:1619469915.337000000,objid:1,type:0,xpos:0.000000,ypos:0.000000,xspeed:5.310000,yspeed:0.060000,angle:1.580000,distense:102.600000,rcs:24.000000
timestame:1619469915.337000000,objid:2,type:0,xpos:0.000000,ypos:0.000000,xspeed:13.230000,yspeed:0.390000,angle:2.530000,distense:199.000000,rcs:20.000000
timestame:1619469915.337000000,objid:8,type:0,xpos:0.000000,ypos:0.000000,xspeed:5.260000,yspeed:-0.130000,angle:1.510000,distense:95.600000,rcs:27.000000
