timestame:1619470074.944000000,objid:3,type:0,xpos:0.000000,ypos:0.000000,xspeed:-1.350000,yspeed:2.330000,angle:22.840000,distense:47.600000,rcs:19.000000
timestame:1619470074.944000000,objid:4,type:0,xpos:0.000000,ypos:0.000000,xspeed:-1.080000,yspeed:1.770000,angle:-14.210000,distense:42.800000,rcs:24.000000
timestame:1619470074.944000000,objid:8,type:0,xpos:0.000000,ypos:0.000000,xspeed:1.320000,yspeed:3.130000,angle:-3.650000,distense:45.400000,rcs:6.000000
