timestame:1619470795.840000000,objid:3,type:0,xpos:0.000000,ypos:0.000000,xspeed:2.590000,yspeed:1.270000,angle:11.890000,distense:47.000000,rcs:26.000000
timestame:1619470795.840000000,objid:5,type:0,xpos:0.000000,ypos:0.000000,xspeed:2.550000,yspeed:-11.700000,angle:-18.000000,distense:63.400000,rcs:6.000000
timestame:1619470795.840000000,objid:12,type:0,xpos:0.000000,ypos:0.000000,xspeed:1.810000,yspeed:-11.680000,angle:-18.000000,distense:59.600000,rcs:15.000000
