timestame:1619471311.378000000,objid:0,type:0,xpos:0.000000,ypos:0.000000,xspeed:3.130000,yspeed:1.420000,angle:20.470000,distense:40.600000,rcs:9.000000
timestame:1619471311.378000000,objid:2,type:0,xpos:0.000000,ypos:0.000000,xspeed:3.290000,yspeed:2.510000,angle:-15.290000,distense:40.400000,rcs:15.000000
timestame:1619471311.378000000,objid:3,type:0,xpos:0.000000,ypos:0.000000,xspeed:3.550000,yspeed:1.900000,angle:-16.870000,distense:33.400000,rcs:25.000000
timestame:1619471311.378000000,objid:4,type:0,xpos:0.000000,ypos:0.000000,xspeed:-1.200000,yspeed:5.470000,angle:-5.680000,distense:38.400000,rcs:16.000000
