timestame:1619471296.338000000,objid:0,type:0,xpos:0.000000,ypos:0.000000,xspeed:1.270000,yspeed:4.470000,angle:-2.390000,distense:46.000000,rcs:6.000000
timestame:1619471296.338000000,objid:2,type:0,xpos:0.000000,ypos:0.000000,xspeed:-3.230000,yspeed:8.890000,angle:-17.440000,distense:42.600000,rcs:13.000000
timestame:1619471296.338000000,objid:6,type:0,xpos:0.000000,ypos:0.000000,xspeed:2.630000,yspeed:3.690000,angle:-9.670000,distense:40.600000,rcs:13.000000
timestame:1619471296.338000000,objid:8,type:0,xpos:0.000000,ypos:0.000000,xspeed:-2.130000,yspeed:7.720000,angle:20.460000,distense:42.800000,rcs:6.000000
