timestame:1619471296.027000000,objid:0,type:0,xpos:0.000000,ypos:0.000000,xspeed:1.270000,yspeed:4.470000,angle:-3.420000,distense:45.000000,rcs:6.000000
timestame:1619471296.027000000,objid:3,type:0,xpos:0.000000,ypos:0.000000,xspeed:1.500000,yspeed:4.710000,angle:-5.540000,distense:41.800000,rcs:6.000000
timestame:1619471296.027000000,objid:6,type:0,xpos:0.000000,ypos:0.000000,xspeed:2.630000,yspeed:3.690000,angle:-10.450000,distense:39.400000,rcs:13.000000
timestame:1619471296.027000000,objid:8,type:0,xpos:0.000000,ypos:0.000000,xspeed:-2.400000,yspeed:7.740000,angle:17.390000,distense:42.400000,rcs:12.000000
