timestame:1619470634.173000000,objid:1,type:0,xpos:0.000000,ypos:0.000000,xspeed:-3.200000,yspeed:2.400000,angle:-18.000000,distense:34.000000,rcs:6.000000
timestame:1619470634.173000000,objid:2,type:0,xpos:0.000000,ypos:0.000000,xspeed:-2.850000,yspeed:0.260000,angle:-8.440000,distense:82.200000,rcs:19.000000
