timestame:1619470162.272000000,objid:0,type:0,xpos:0.000000,ypos:0.000000,xspeed:-15.360000,yspeed:-1.200000,angle:-18.000000,distense:25.600000,rcs:6.000000
timestame:1619470162.272000000,objid:3,type:0,xpos:0.000000,ypos:0.000000,xspeed:4.300000,yspeed:0.650000,angle:8.590000,distense:34.400000,rcs:37.000000
