timestame:1619470692.537000000,objid:1,type:0,xpos:0.000000,ypos:0.000000,xspeed:3.960000,yspeed:0.040000,angle:6.550000,distense:38.600000,rcs:26.000000
timestame:1619470692.537000000,objid:2,type:0,xpos:0.000000,ypos:0.000000,xspeed:-3.130000,yspeed:-0.470000,angle:-18.000000,distense:35.400000,rcs:6.000000
timestame:1619470692.537000000,objid:3,type:0,xpos:0.000000,ypos:0.000000,xspeed:-8.860000,yspeed:-0.790000,angle:-18.000000,distense:25.600000,rcs:6.000000
