timestame:1619471092.738000000,objid:1,type:0,xpos:0.000000,ypos:0.000000,xspeed:12.240000,yspeed:-0.200000,angle:3.330000,distense:80.200000,rcs:20.000000
timestame:1619471092.738000000,objid:2,type:0,xpos:0.000000,ypos:0.000000,xspeed:6.900000,yspeed:0.280000,angle:2.300000,distense:61.200000,rcs:40.000000
timestame:1619471092.738000000,objid:5,type:0,xpos:0.000000,ypos:0.000000,xspeed:12.690000,yspeed:0.000000,angle:1.420000,distense:130.800000,rcs:6.000000
