timestame:1619470876.480000000,objid:4,type:0,xpos:0.000000,ypos:0.000000,xspeed:2.830000,yspeed:0.320000,angle:2.150000,distense:28.600000,rcs:12.000000
timestame:1619470876.480000000,objid:9,type:0,xpos:0.000000,ypos:0.000000,xspeed:1.110000,yspeed:0.360000,angle:4.270000,distense:20.600000,rcs:26.000000
timestame:1619470876.480000000,objid:10,type:0,xpos:0.000000,ypos:0.000000,xspeed:1.620000,yspeed:0.950000,angle:2.190000,distense:39.200000,rcs:6.000000
timestame:1619470876.480000000,objid:14,type:0,xpos:0.000000,ypos:0.000000,xspeed:-6.970000,yspeed:-0.110000,angle:-6.820000,distense:103.200000,rcs:9.000000
