timestame:1619470596.843000000,objid:1,type:0,xpos:0.000000,ypos:0.000000,xspeed:5.440000,yspeed:3.270000,angle:-14.400000,distense:37.000000,rcs:26.000000
timestame:1619470596.843000000,objid:3,type:0,xpos:0.000000,ypos:0.000000,xspeed:-3.470000,yspeed:1.330000,angle:7.280000,distense:174.200000,rcs:6.000000
timestame:1619470596.843000000,objid:5,type:0,xpos:0.000000,ypos:0.000000,xspeed:4.680000,yspeed:4.250000,angle:-10.660000,distense:47.400000,rcs:6.000000
