timestame:1619470441.834000000,objid:1,type:0,xpos:0.000000,ypos:0.000000,xspeed:15.570000,yspeed:0.580000,angle:2.320000,distense:87.400000,rcs:28.000000
timestame:1619470441.834000000,objid:2,type:0,xpos:0.000000,ypos:0.000000,xspeed:3.840000,yspeed:0.000000,angle:9.260000,distense:82.000000,rcs:16.000000
