timestame:1619469715.617000000,objid:1,type:0,xpos:0.000000,ypos:0.000000,xspeed:-2.130000,yspeed:8.060000,angle:-6.970000,distense:38.800000,rcs:6.000000
timestame:1619469715.617000000,objid:3,type:0,xpos:0.000000,ypos:0.000000,xspeed:14.540000,yspeed:-0.900000,angle:0.670000,distense:169.000000,rcs:12.000000
