timestame:1619469624.240000000,objid:1,type:0,xpos:0.000000,ypos:0.000000,xspeed:-4.310000,yspeed:-0.300000,angle:-18.000000,distense:53.200000,rcs:26.000000
timestame:1619469624.240000000,objid:2,type:0,xpos:0.000000,ypos:0.000000,xspeed:-3.900000,yspeed:-0.270000,angle:-15.190000,distense:66.600000,rcs:13.000000
timestame:1619469624.240000000,objid:4,type:0,xpos:0.000000,ypos:0.000000,xspeed:-13.530000,yspeed:-0.510000,angle:-13.400000,distense:53.800000,rcs:20.000000
