timestame:1619470465.865000000,objid:0,type:0,xpos:0.000000,ypos:0.000000,xspeed:-13.440000,yspeed:-0.890000,angle:-18.000000,distense:29.600000,rcs:6.000000
timestame:1619470465.865000000,objid:1,type:0,xpos:0.000000,ypos:0.000000,xspeed:-11.850000,yspeed:-1.070000,angle:-18.000000,distense:32.400000,rcs:16.000000
timestame:1619470465.865000000,objid:2,type:0,xpos:0.000000,ypos:0.000000,xspeed:5.810000,yspeed:0.240000,angle:3.120000,distense:209.800000,rcs:6.000000
