timestame:1619470472.492000000,objid:0,type:0,xpos:0.000000,ypos:0.000000,xspeed:-1.430000,yspeed:2.740000,angle:20.390000,distense:66.800000,rcs:6.000000
timestame:1619470472.492000000,objid:1,type:0,xpos:0.000000,ypos:0.000000,xspeed:-12.150000,yspeed:0.070000,angle:-3.740000,distense:165.000000,rcs:16.000000
