timestame:1619471499.475000000,objid:0,type:0,xpos:0.000000,ypos:0.000000,xspeed:7.940000,yspeed:0.160000,angle:1.830000,distense:93.600000,rcs:23.000000
timestame:1619471499.475000000,objid:3,type:0,xpos:0.000000,ypos:0.000000,xspeed:7.800000,yspeed:0.040000,angle:3.300000,distense:123.000000,rcs:20.000000
timestame:1619471499.475000000,objid:10,type:0,xpos:0.000000,ypos:0.000000,xspeed:7.160000,yspeed:0.310000,angle:5.420000,distense:82.000000,rcs:16.000000
