timestame:1619470964.492000000,objid:0,type:0,xpos:0.000000,ypos:0.000000,xspeed:3.960000,yspeed:0.080000,angle:6.120000,distense:54.200000,rcs:31.000000
timestame:1619470964.492000000,objid:1,type:0,xpos:0.000000,ypos:0.000000,xspeed:14.970000,yspeed:1.790000,angle:1.070000,distense:130.200000,rcs:15.000000
timestame:1619470964.492000000,objid:6,type:0,xpos:0.000000,ypos:0.000000,xspeed:10.580000,yspeed:0.480000,angle:2.010000,distense:108.400000,rcs:24.000000
timestame:1619470964.492000000,objid:12,type:0,xpos:0.000000,ypos:0.000000,xspeed:3.080000,yspeed:0.060000,angle:5.020000,distense:62.400000,rcs:26.000000
