timestame:1619470687.566000000,objid:0,type:0,xpos:0.000000,ypos:0.000000,xspeed:-4.800000,yspeed:-0.320000,angle:-18.000000,distense:39.600000,rcs:21.000000
timestame:1619470687.566000000,objid:1,type:0,xpos:0.000000,ypos:0.000000,xspeed:1.040000,yspeed:0.130000,angle:10.800000,distense:22.000000,rcs:21.000000
timestame:1619470687.566000000,objid:2,type:0,xpos:0.000000,ypos:0.000000,xspeed:-9.600000,yspeed:-1.690000,angle:-18.000000,distense:45.000000,rcs:18.000000
timestame:1619470687.566000000,objid:10,type:0,xpos:0.000000,ypos:0.000000,xspeed:5.740000,yspeed:1.940000,angle:20.300000,distense:37.000000,rcs:9.000000
