timestame:1619469762.630000000,objid:3,type:0,xpos:0.000000,ypos:0.000000,xspeed:5.030000,yspeed:0.820000,angle:19.270000,distense:23.800000,rcs:19.000000
timestame:1619469762.630000000,objid:5,type:0,xpos:0.000000,ypos:0.000000,xspeed:-18.210000,yspeed:-0.260000,angle:-14.840000,distense:66.600000,rcs:19.000000
timestame:1619469762.630000000,objid:6,type:0,xpos:0.000000,ypos:0.000000,xspeed:2.930000,yspeed:1.450000,angle:-14.800000,distense:19.000000,rcs:12.000000
