timestame:1619469570.313000000,objid:2,type:0,xpos:0.000000,ypos:0.000000,xspeed:-2.740000,yspeed:-4.560000,angle:-18.000000,distense:33.400000,rcs:20.000000
timestame:1619469570.313000000,objid:11,type:0,xpos:0.000000,ypos:0.000000,xspeed:-3.210000,yspeed:-3.800000,angle:-18.000000,distense:30.600000,rcs:16.000000
timestame:1619469570.313000000,objid:13,type:0,xpos:0.000000,ypos:0.000000,xspeed:-8.090000,yspeed:-0.770000,angle:-5.030000,distense:163.000000,rcs:13.000000
timestame:1619469570.313000000,objid:17,type:0,xpos:0.000000,ypos:0.000000,xspeed:-6.580000,yspeed:-6.140000,angle:-18.000000,distense:35.800000,rcs:6.000000
