timestame:1619469911.187000000,objid:1,type:0,xpos:0.000000,ypos:0.000000,xspeed:4.170000,yspeed:-0.050000,angle:1.840000,distense:80.400000,rcs:20.000000
timestame:1619469911.187000000,objid:2,type:0,xpos:0.000000,ypos:0.000000,xspeed:10.420000,yspeed:0.090000,angle:2.850000,distense:143.600000,rcs:13.000000
timestame:1619469911.187000000,objid:8,type:0,xpos:0.000000,ypos:0.000000,xspeed:4.220000,yspeed:0.190000,angle:2.460000,distense:73.800000,rcs:33.000000
