timestame:1619469823.282000000,objid:2,type:0,xpos:0.000000,ypos:0.000000,xspeed:-1.740000,yspeed:-4.270000,angle:-14.510000,distense:41.200000,rcs:13.000000
timestame:1619469823.282000000,objid:11,type:0,xpos:0.000000,ypos:0.000000,xspeed:-4.080000,yspeed:0.180000,angle:-6.010000,distense:134.400000,rcs:13.000000
