timestame:1619470223.182000000,objid:6,type:0,xpos:0.000000,ypos:0.000000,xspeed:22.980000,yspeed:11.970000,angle:17.820000,distense:64.400000,rcs:15.000000
timestame:1619470223.182000000,objid:8,type:0,xpos:0.000000,ypos:0.000000,xspeed:-2.070000,yspeed:7.760000,angle:-6.430000,distense:40.800000,rcs:6.000000
timestame:1619470223.182000000,objid:11,type:0,xpos:0.000000,ypos:0.000000,xspeed:-2.130000,yspeed:7.050000,angle:-3.390000,distense:40.000000,rcs:20.000000
