timestame:1619470488.902000000,objid:1,type:0,xpos:0.000000,ypos:0.000000,xspeed:-7.390000,yspeed:0.420000,angle:-18.000000,distense:38.400000,rcs:9.000000
timestame:1619470488.902000000,objid:4,type:0,xpos:0.000000,ypos:0.000000,xspeed:-4.690000,yspeed:0.990000,angle:-17.350000,distense:44.600000,rcs:21.000000
timestame:1619470488.902000000,objid:5,type:0,xpos:0.000000,ypos:0.000000,xspeed:-4.600000,yspeed:-3.100000,angle:-18.000000,distense:30.200000,rcs:9.000000
timestame:1619470488.902000000,objid:6,type:0,xpos:0.000000,ypos:0.000000,xspeed:-2.770000,yspeed:-4.110000,angle:-18.000000,distense:35.600000,rcs:22.000000
