timestame:1619470190.112000000,objid:2,type:0,xpos:0.000000,ypos:0.000000,xspeed:-5.820000,yspeed:3.410000,angle:-2.650000,distense:50.800000,rcs:32.000000
timestame:1619470190.112000000,objid:7,type:0,xpos:0.000000,ypos:0.000000,xspeed:3.640000,yspeed:0.500000,angle:6.110000,distense:138.200000,rcs:16.000000
