timestame:1619470138.995000000,objid:0,type:0,xpos:0.000000,ypos:0.000000,xspeed:-6.660000,yspeed:-0.040000,angle:13.990000,distense:31.200000,rcs:24.000000
timestame:1619470138.995000000,objid:7,type:0,xpos:0.000000,ypos:0.000000,xspeed:-2.150000,yspeed:-0.200000,angle:-10.540000,distense:73.200000,rcs:6.000000
