timestame:1619469535.768000000,objid:4,type:0,xpos:0.000000,ypos:0.000000,xspeed:16.530000,yspeed:0.440000,angle:2.070000,distense:92.200000,rcs:19.000000
timestame:1619469535.768000000,objid:7,type:0,xpos:0.000000,ypos:0.000000,xspeed:16.300000,yspeed:0.410000,angle:1.700000,distense:99.400000,rcs:15.000000
