timestame:1619470611.416000000,objid:0,type:0,xpos:0.000000,ypos:0.000000,xspeed:-30.290000,yspeed:1.940000,angle:-3.440000,distense:194.200000,rcs:9.000000
timestame:1619470611.416000000,objid:2,type:0,xpos:0.000000,ypos:0.000000,xspeed:-1.740000,yspeed:7.530000,angle:-18.000000,distense:49.800000,rcs:13.000000
timestame:1619470611.416000000,objid:3,type:0,xpos:0.000000,ypos:0.000000,xspeed:1.360000,yspeed:4.520000,angle:-11.060000,distense:34.200000,rcs:15.000000
timestame:1619470611.416000000,objid:4,type:0,xpos:0.000000,ypos:0.000000,xspeed:4.750000,yspeed:1.820000,angle:-17.180000,distense:33.000000,rcs:19.000000
