timestame:1619471263.470000000,objid:2,type:0,xpos:0.000000,ypos:0.000000,xspeed:12.810000,yspeed:0.070000,angle:2.980000,distense:119.200000,rcs:27.000000
timestame:1619471263.470000000,objid:6,type:0,xpos:0.000000,ypos:0.000000,xspeed:12.790000,yspeed:-0.090000,angle:2.750000,distense:131.200000,rcs:9.000000
timestame:1619471263.470000000,objid:10,type:0,xpos:0.000000,ypos:0.000000,xspeed:12.730000,yspeed:0.070000,angle:3.330000,distense:106.800000,rcs:25.000000
