timestame:1619471262.911000000,objid:2,type:0,xpos:0.000000,ypos:0.000000,xspeed:12.740000,yspeed:0.070000,angle:3.170000,distense:111.400000,rcs:24.000000
timestame:1619471262.911000000,objid:6,type:0,xpos:0.000000,ypos:0.000000,xspeed:12.670000,yspeed:-0.080000,angle:2.970000,distense:123.400000,rcs:13.000000
timestame:1619471262.911000000,objid:10,type:0,xpos:0.000000,ypos:0.000000,xspeed:12.680000,yspeed:0.140000,angle:3.640000,distense:99.200000,rcs:16.000000
