timestame:1619470500.725000000,objid:2,type:0,xpos:0.000000,ypos:0.000000,xspeed:-1.430000,yspeed:-1.080000,angle:-18.000000,distense:37.600000,rcs:28.000000
timestame:1619470500.725000000,objid:3,type:0,xpos:0.000000,ypos:0.000000,xspeed:-1.500000,yspeed:-3.580000,angle:-2.650000,distense:40.400000,rcs:39.000000
timestame:1619470500.725000000,objid:6,type:0,xpos:0.000000,ypos:0.000000,xspeed:-2.470000,yspeed:-1.070000,angle:-18.000000,distense:34.400000,rcs:16.000000
timestame:1619470500.725000000,objid:7,type:0,xpos:0.000000,ypos:0.000000,xspeed:-1.770000,yspeed:-2.440000,angle:-18.000000,distense:44.600000,rcs:13.000000
