timestame:1619469554.517000000,objid:2,type:0,xpos:0.000000,ypos:0.000000,xspeed:-1.610000,yspeed:3.780000,angle:-18.000000,distense:43.400000,rcs:12.000000
timestame:1619469554.517000000,objid:3,type:0,xpos:0.000000,ypos:0.000000,xspeed:-1.690000,yspeed:4.430000,angle:-18.000000,distense:48.000000,rcs:15.000000
timestame:1619469554.517000000,objid:4,type:0,xpos:0.000000,ypos:0.000000,xspeed:-4.330000,yspeed:4.290000,angle:-15.730000,distense:46.400000,rcs:20.000000
