timestame:1619469585.933000000,objid:1,type:0,xpos:0.000000,ypos:0.000000,xspeed:-1.370000,yspeed:0.980000,angle:-10.720000,distense:86.000000,rcs:21.000000
timestame:1619469585.933000000,objid:2,type:0,xpos:0.000000,ypos:0.000000,xspeed:-1.140000,yspeed:-0.490000,angle:-12.320000,distense:82.000000,rcs:9.000000
