timestame:1619470964.554000000,objid:0,type:0,xpos:0.000000,ypos:0.000000,xspeed:3.980000,yspeed:0.100000,angle:6.140000,distense:54.400000,rcs:33.000000
timestame:1619470964.554000000,objid:1,type:0,xpos:0.000000,ypos:0.000000,xspeed:10.970000,yspeed:2.450000,angle:1.160000,distense:130.200000,rcs:9.000000
timestame:1619470964.554000000,objid:6,type:0,xpos:0.000000,ypos:0.000000,xspeed:10.590000,yspeed:0.490000,angle:2.020000,distense:109.200000,rcs:31.000000
timestame:1619470964.554000000,objid:12,type:0,xpos:0.000000,ypos:0.000000,xspeed:3.080000,yspeed:0.060000,angle:5.010000,distense:62.400000,rcs:26.000000
