timestame:1619470146.568000000,objid:0,type:0,xpos:0.000000,ypos:0.000000,xspeed:2.770000,yspeed:2.020000,angle:-16.620000,distense:38.000000,rcs:6.000000
timestame:1619470146.568000000,objid:1,type:0,xpos:0.000000,ypos:0.000000,xspeed:3.520000,yspeed:1.850000,angle:-17.800000,distense:24.400000,rcs:20.000000
timestame:1619470146.568000000,objid:2,type:0,xpos:0.000000,ypos:0.000000,xspeed:3.090000,yspeed:1.830000,angle:21.500000,distense:34.000000,rcs:6.000000
timestame:1619470146.568000000,objid:3,type:0,xpos:0.000000,ypos:0.000000,xspeed:-1.440000,yspeed:-0.430000,angle:-10.150000,distense:74.400000,rcs:12.000000
