timestame:1619470562.324000000,objid:1,type:0,xpos:0.000000,ypos:0.000000,xspeed:6.200000,yspeed:-0.440000,angle:3.740000,distense:196.800000,rcs:18.000000
timestame:1619470562.324000000,objid:2,type:0,xpos:0.000000,ypos:0.000000,xspeed:6.520000,yspeed:-4.330000,angle:2.420000,distense:213.200000,rcs:6.000000
timestame:1619470562.324000000,objid:3,type:0,xpos:0.000000,ypos:0.000000,xspeed:9.930000,yspeed:0.230000,angle:1.800000,distense:86.000000,rcs:31.000000
