timestame:1619469918.006000000,objid:1,type:0,xpos:0.000000,ypos:0.000000,xspeed:5.740000,yspeed:0.160000,angle:1.600000,distense:118.000000,rcs:13.000000
timestame:1619469918.006000000,objid:8,type:0,xpos:0.000000,ypos:0.000000,xspeed:5.780000,yspeed:0.040000,angle:1.520000,distense:111.200000,rcs:24.000000
