timestame:1619470690.975000000,objid:0,type:0,xpos:0.000000,ypos:0.000000,xspeed:-4.940000,yspeed:-0.210000,angle:-18.000000,distense:26.400000,rcs:6.000000
timestame:1619470690.975000000,objid:1,type:0,xpos:0.000000,ypos:0.000000,xspeed:2.690000,yspeed:0.030000,angle:7.950000,distense:31.000000,rcs:27.000000
timestame:1619470690.975000000,objid:3,type:0,xpos:0.000000,ypos:0.000000,xspeed:-8.690000,yspeed:4.340000,angle:-18.000000,distense:35.800000,rcs:13.000000
timestame:1619470690.975000000,objid:8,type:0,xpos:0.000000,ypos:0.000000,xspeed:-6.180000,yspeed:-0.520000,angle:-18.000000,distense:28.200000,rcs:6.000000
