timestame:1619470439.912000000,objid:1,type:0,xpos:0.000000,ypos:0.000000,xspeed:14.680000,yspeed:0.620000,angle:2.450000,distense:56.800000,rcs:32.000000
timestame:1619470439.912000000,objid:2,type:0,xpos:0.000000,ypos:0.000000,xspeed:3.850000,yspeed:-0.090000,angle:10.050000,distense:74.800000,rcs:20.000000
