timestame:1619470966.604000000,objid:0,type:0,xpos:0.000000,ypos:0.000000,xspeed:4.380000,yspeed:0.070000,angle:5.480000,distense:63.800000,rcs:35.000000
timestame:1619470966.604000000,objid:1,type:0,xpos:0.000000,ypos:0.000000,xspeed:13.340000,yspeed:-0.240000,angle:0.740000,distense:157.400000,rcs:16.000000
timestame:1619470966.604000000,objid:6,type:0,xpos:0.000000,ypos:0.000000,xspeed:11.280000,yspeed:0.440000,angle:2.010000,distense:132.600000,rcs:15.000000
timestame:1619470966.604000000,objid:7,type:0,xpos:0.000000,ypos:0.000000,xspeed:6.600000,yspeed:1.140000,angle:20.920000,distense:21.800000,rcs:22.000000
