timestame:1619470225.545000000,objid:7,type:0,xpos:0.000000,ypos:0.000000,xspeed:1.240000,yspeed:0.470000,angle:-9.980000,distense:50.600000,rcs:16.000000
timestame:1619470225.545000000,objid:8,type:0,xpos:0.000000,ypos:0.000000,xspeed:-3.400000,yspeed:-1.800000,angle:-4.970000,distense:43.200000,rcs:39.000000
timestame:1619470225.545000000,objid:9,type:0,xpos:0.000000,ypos:0.000000,xspeed:-2.060000,yspeed:6.410000,angle:21.020000,distense:38.200000,rcs:6.000000
timestame:1619470225.545000000,objid:11,type:0,xpos:0.000000,ypos:0.000000,xspeed:-1.760000,yspeed:6.030000,angle:21.620000,distense:38.800000,rcs:18.000000
