timestame:1619470058.675000000,objid:0,type:0,xpos:0.000000,ypos:0.000000,xspeed:-13.070000,yspeed:0.650000,angle:-4.200000,distense:95.200000,rcs:22.000000
timestame:1619470058.675000000,objid:5,type:0,xpos:0.000000,ypos:0.000000,xspeed:9.370000,yspeed:0.300000,angle:2.730000,distense:172.800000,rcs:27.000000
