timestame:1619470028.737000000,objid:1,type:0,xpos:0.000000,ypos:0.000000,xspeed:4.920000,yspeed:0.290000,angle:1.200000,distense:25.800000,rcs:28.000000
timestame:1619470028.737000000,objid:2,type:0,xpos:0.000000,ypos:0.000000,xspeed:6.340000,yspeed:0.250000,angle:2.310000,distense:42.400000,rcs:35.000000
