timestame:1619471376.778000000,objid:0,type:0,xpos:0.000000,ypos:0.000000,xspeed:11.120000,yspeed:-0.490000,angle:2.400000,distense:216.600000,rcs:6.000000
timestame:1619471376.778000000,objid:1,type:0,xpos:0.000000,ypos:0.000000,xspeed:10.460000,yspeed:0.320000,angle:2.270000,distense:209.200000,rcs:20.000000
