timestame:1619471311.255000000,objid:0,type:0,xpos:0.000000,ypos:0.000000,xspeed:3.130000,yspeed:1.420000,angle:20.430000,distense:40.200000,rcs:9.000000
timestame:1619471311.255000000,objid:2,type:0,xpos:0.000000,ypos:0.000000,xspeed:3.430000,yspeed:2.370000,angle:-15.850000,distense:40.000000,rcs:9.000000
timestame:1619471311.255000000,objid:3,type:0,xpos:0.000000,ypos:0.000000,xspeed:3.560000,yspeed:1.840000,angle:-17.070000,distense:32.800000,rcs:15.000000
timestame:1619471311.255000000,objid:4,type:0,xpos:0.000000,ypos:0.000000,xspeed:-1.240000,yspeed:5.500000,angle:-6.570000,distense:38.600000,rcs:22.000000
