timestame:1619471225.114000000,objid:1,type:0,xpos:0.000000,ypos:0.000000,xspeed:5.870000,yspeed:-0.830000,angle:-6.100000,distense:38.800000,rcs:15.000000
timestame:1619471225.114000000,objid:6,type:0,xpos:0.000000,ypos:0.000000,xspeed:4.910000,yspeed:0.250000,angle:2.520000,distense:73.800000,rcs:6.000000
timestame:1619471225.114000000,objid:9,type:0,xpos:0.000000,ypos:0.000000,xspeed:5.030000,yspeed:0.100000,angle:2.490000,distense:55.400000,rcs:46.000000
