timestame:1619470105.852000000,objid:1,type:0,xpos:0.000000,ypos:0.000000,xspeed:6.610000,yspeed:-0.170000,angle:19.950000,distense:29.600000,rcs:28.000000
timestame:1619470105.852000000,objid:9,type:0,xpos:0.000000,ypos:0.000000,xspeed:3.900000,yspeed:2.450000,angle:-15.820000,distense:27.600000,rcs:34.000000
