timestame:1619470570.444000000,objid:1,type:0,xpos:0.000000,ypos:0.000000,xspeed:3.600000,yspeed:3.170000,angle:-11.290000,distense:41.400000,rcs:9.000000
timestame:1619470570.444000000,objid:3,type:0,xpos:0.000000,ypos:0.000000,xspeed:15.410000,yspeed:0.240000,angle:1.090000,distense:204.400000,rcs:26.000000
timestame:1619470570.444000000,objid:5,type:0,xpos:0.000000,ypos:0.000000,xspeed:-1.430000,yspeed:-0.230000,angle:-2.840000,distense:41.200000,rcs:12.000000
