timestame:1619470292.482000000,objid:1,type:0,xpos:0.000000,ypos:0.000000,xspeed:1.460000,yspeed:5.560000,angle:8.440000,distense:12.400000,rcs:9.000000
timestame:1619470292.482000000,objid:2,type:0,xpos:0.000000,ypos:0.000000,xspeed:-12.400000,yspeed:-0.640000,angle:-18.000000,distense:42.000000,rcs:26.000000
