timestame:1619470222.252000000,objid:8,type:0,xpos:0.000000,ypos:0.000000,xspeed:-1.930000,yspeed:9.940000,angle:-14.950000,distense:44.200000,rcs:9.000000
timestame:1619470222.252000000,objid:11,type:0,xpos:0.000000,ypos:0.000000,xspeed:-2.170000,yspeed:6.710000,angle:-12.550000,distense:42.800000,rcs:16.000000
