timestame:1619470439.788000000,objid:1,type:0,xpos:0.000000,ypos:0.000000,xspeed:14.600000,yspeed:0.610000,angle:2.450000,distense:54.800000,rcs:27.000000
timestame:1619470439.788000000,objid:2,type:0,xpos:0.000000,ypos:0.000000,xspeed:3.810000,yspeed:-0.070000,angle:10.160000,distense:74.400000,rcs:21.000000
