timestame:1619470835.244000000,objid:0,type:0,xpos:0.000000,ypos:0.000000,xspeed:20.390000,yspeed:7.700000,angle:21.090000,distense:32.800000,rcs:19.000000
timestame:1619470835.244000000,objid:1,type:0,xpos:0.000000,ypos:0.000000,xspeed:10.690000,yspeed:0.170000,angle:2.440000,distense:148.400000,rcs:12.000000
timestame:1619470835.244000000,objid:6,type:0,xpos:0.000000,ypos:0.000000,xspeed:14.500000,yspeed:0.150000,angle:1.130000,distense:194.400000,rcs:20.000000
timestame:1619470835.244000000,objid:7,type:0,xpos:0.000000,ypos:0.000000,xspeed:11.540000,yspeed:0.780000,angle:2.790000,distense:141.600000,rcs:22.000000
