timestame:1619471423.541000000,objid:1,type:0,xpos:0.000000,ypos:0.000000,xspeed:-4.810000,yspeed:-0.900000,angle:-8.100000,distense:108.200000,rcs:13.000000
timestame:1619471423.541000000,objid:5,type:0,xpos:0.000000,ypos:0.000000,xspeed:-7.250000,yspeed:4.160000,angle:-14.240000,distense:44.400000,rcs:27.000000
timestame:1619471423.541000000,objid:9,type:0,xpos:0.000000,ypos:0.000000,xspeed:-5.740000,yspeed:0.090000,angle:-5.090000,distense:123.000000,rcs:21.000000
timestame:1619471423.541000000,objid:12,type:0,xpos:0.000000,ypos:0.000000,xspeed:-4.720000,yspeed:-0.030000,angle:-9.110000,distense:99.000000,rcs:15.000000
