timestame:1619469788.874000000,objid:1,type:0,xpos:0.000000,ypos:0.000000,xspeed:-16.160000,yspeed:-0.510000,angle:-14.750000,distense:63.600000,rcs:19.000000
timestame:1619469788.874000000,objid:4,type:0,xpos:0.000000,ypos:0.000000,xspeed:-16.680000,yspeed:-0.710000,angle:-18.000000,distense:54.200000,rcs:24.000000
