timestame:1619470119.624000000,objid:3,type:0,xpos:0.000000,ypos:0.000000,xspeed:-9.200000,yspeed:2.140000,angle:-16.350000,distense:19.600000,rcs:6.000000
timestame:1619470119.624000000,objid:4,type:0,xpos:0.000000,ypos:0.000000,xspeed:-3.250000,yspeed:1.020000,angle:4.990000,distense:11.400000,rcs:13.000000
timestame:1619470119.624000000,objid:5,type:0,xpos:0.000000,ypos:0.000000,xspeed:-3.570000,yspeed:-0.560000,angle:15.310000,distense:24.600000,rcs:12.000000
timestame:1619470119.624000000,objid:8,type:0,xpos:0.000000,ypos:0.000000,xspeed:4.450000,yspeed:1.080000,angle:-15.080000,distense:16.200000,rcs:27.000000
