timestame:1619470992.087000000,objid:3,type:0,xpos:0.000000,ypos:0.000000,xspeed:5.380000,yspeed:-0.170000,angle:6.440000,distense:112.800000,rcs:9.000000
timestame:1619470992.087000000,objid:4,type:0,xpos:0.000000,ypos:0.000000,xspeed:-13.720000,yspeed:-0.600000,angle:-18.000000,distense:29.600000,rcs:12.000000
