timestame:1619471372.367000000,objid:1,type:0,xpos:0.000000,ypos:0.000000,xspeed:9.080000,yspeed:0.130000,angle:2.400000,distense:163.200000,rcs:16.000000
timestame:1619471372.367000000,objid:7,type:0,xpos:0.000000,ypos:0.000000,xspeed:10.200000,yspeed:0.200000,angle:1.490000,distense:209.600000,rcs:20.000000
