timestame:1619470027.875000000,objid:1,type:0,xpos:0.000000,ypos:0.000000,xspeed:4.840000,yspeed:0.270000,angle:0.630000,distense:21.600000,rcs:26.000000
timestame:1619470027.875000000,objid:2,type:0,xpos:0.000000,ypos:0.000000,xspeed:6.070000,yspeed:0.290000,angle:2.410000,distense:36.800000,rcs:38.000000
