timestame:1619470057.871000000,objid:0,type:0,xpos:0.000000,ypos:0.000000,xspeed:-12.660000,yspeed:1.170000,angle:-3.870000,distense:105.600000,rcs:18.000000
timestame:1619470057.871000000,objid:5,type:0,xpos:0.000000,ypos:0.000000,xspeed:9.440000,yspeed:0.280000,angle:2.730000,distense:165.600000,rcs:23.000000
