timestame:1619471446.459000000,objid:3,type:0,xpos:0.000000,ypos:0.000000,xspeed:-3.760000,yspeed:-0.370000,angle:-5.770000,distense:114.400000,rcs:20.000000
timestame:1619471446.459000000,objid:11,type:0,xpos:0.000000,ypos:0.000000,xspeed:-3.420000,yspeed:-0.280000,angle:-6.630000,distense:103.600000,rcs:18.000000
timestame:1619471446.459000000,objid:13,type:0,xpos:0.000000,ypos:0.000000,xspeed:-2.520000,yspeed:-0.090000,angle:14.070000,distense:54.600000,rcs:13.000000
