timestame:1619470118.872000000,objid:1,type:0,xpos:0.000000,ypos:0.000000,xspeed:1.060000,yspeed:-0.030000,angle:11.640000,distense:34.600000,rcs:16.000000
timestame:1619470118.872000000,objid:3,type:0,xpos:0.000000,ypos:0.000000,xspeed:-10.240000,yspeed:3.290000,angle:15.820000,distense:24.800000,rcs:18.000000
timestame:1619470118.872000000,objid:4,type:0,xpos:0.000000,ypos:0.000000,xspeed:-10.360000,yspeed:3.300000,angle:4.010000,distense:10.000000,rcs:9.000000
