timestame:1619470136.753000000,objid:7,type:0,xpos:0.000000,ypos:0.000000,xspeed:-4.190000,yspeed:-0.230000,angle:-9.840000,distense:75.600000,rcs:12.000000
timestame:1619470136.753000000,objid:8,type:0,xpos:0.000000,ypos:0.000000,xspeed:2.980000,yspeed:3.830000,angle:-7.010000,distense:43.200000,rcs:12.000000
