timestame:1619471135.513000000,objid:5,type:0,xpos:0.000000,ypos:0.000000,xspeed:16.890000,yspeed:0.000000,angle:18.510000,distense:48.200000,rcs:26.000000
timestame:1619471135.513000000,objid:7,type:0,xpos:0.000000,ypos:0.000000,xspeed:-21.570000,yspeed:-13.770000,angle:10.440000,distense:29.600000,rcs:9.000000
