timestame:1619470568.641000000,objid:1,type:0,xpos:0.000000,ypos:0.000000,xspeed:4.190000,yspeed:2.600000,angle:-14.900000,distense:33.200000,rcs:22.000000
timestame:1619470568.641000000,objid:3,type:0,xpos:0.000000,ypos:0.000000,xspeed:15.410000,yspeed:0.130000,angle:1.080000,distense:176.800000,rcs:18.000000
timestame:1619470568.641000000,objid:8,type:0,xpos:0.000000,ypos:0.000000,xspeed:3.330000,yspeed:4.080000,angle:-8.130000,distense:47.000000,rcs:6.000000
