timestame:1619470838.209000000,objid:2,type:0,xpos:0.000000,ypos:0.000000,xspeed:4.220000,yspeed:2.140000,angle:22.680000,distense:33.600000,rcs:19.000000
timestame:1619470838.209000000,objid:3,type:0,xpos:0.000000,ypos:0.000000,xspeed:2.370000,yspeed:1.530000,angle:-14.590000,distense:32.000000,rcs:19.000000
timestame:1619470838.209000000,objid:4,type:0,xpos:0.000000,ypos:0.000000,xspeed:1.890000,yspeed:5.980000,angle:-5.000000,distense:44.400000,rcs:6.000000
timestame:1619470838.209000000,objid:7,type:0,xpos:0.000000,ypos:0.000000,xspeed:12.910000,yspeed:0.470000,angle:2.590000,distense:179.400000,rcs:24.000000
