timestame:1619470139.180000000,objid:0,type:0,xpos:0.000000,ypos:0.000000,xspeed:-6.890000,yspeed:-0.120000,angle:14.510000,distense:29.800000,rcs:24.000000
timestame:1619470139.180000000,objid:7,type:0,xpos:0.000000,ypos:0.000000,xspeed:-2.150000,yspeed:-0.200000,angle:-10.620000,distense:72.800000,rcs:6.000000
