timestame:1619469714.314000000,objid:3,type:0,xpos:0.000000,ypos:0.000000,xspeed:13.710000,yspeed:-1.070000,angle:1.070000,distense:149.600000,rcs:12.000000
timestame:1619469714.314000000,objid:6,type:0,xpos:0.000000,ypos:0.000000,xspeed:-1.590000,yspeed:7.090000,angle:17.170000,distense:36.800000,rcs:9.000000
