timestame:1619471211.225000000,objid:3,type:0,xpos:0.000000,ypos:0.000000,xspeed:-6.070000,yspeed:-0.020000,angle:-18.000000,distense:28.200000,rcs:6.000000
timestame:1619471211.225000000,objid:4,type:0,xpos:0.000000,ypos:0.000000,xspeed:-9.930000,yspeed:-0.460000,angle:-18.000000,distense:45.800000,rcs:22.000000
timestame:1619471211.225000000,objid:5,type:0,xpos:0.000000,ypos:0.000000,xspeed:-6.400000,yspeed:-0.550000,angle:-18.000000,distense:43.800000,rcs:16.000000
