timestame:1619470477.215000000,objid:0,type:0,xpos:0.000000,ypos:0.000000,xspeed:-8.480000,yspeed:-0.460000,angle:-5.490000,distense:116.000000,rcs:20.000000
timestame:1619470477.215000000,objid:2,type:0,xpos:0.000000,ypos:0.000000,xspeed:1.230000,yspeed:-0.250000,angle:13.420000,distense:74.600000,rcs:9.000000
