timestame:1619469821.989000000,objid:1,type:0,xpos:0.000000,ypos:0.000000,xspeed:1.290000,yspeed:-7.070000,angle:-18.000000,distense:66.000000,rcs:6.000000
timestame:1619469821.989000000,objid:2,type:0,xpos:0.000000,ypos:0.000000,xspeed:-1.620000,yspeed:-4.000000,angle:-6.770000,distense:42.200000,rcs:34.000000
timestame:1619469821.989000000,objid:4,type:0,xpos:0.000000,ypos:0.000000,xspeed:-1.840000,yspeed:9.860000,angle:-10.420000,distense:42.400000,rcs:6.000000
timestame:1619469821.989000000,objid:11,type:0,xpos:0.000000,ypos:0.000000,xspeed:-4.830000,yspeed:0.310000,angle:-5.900000,distense:138.800000,rcs:12.000000
