timestame:1619471498.978000000,objid:0,type:0,xpos:0.000000,ypos:0.000000,xspeed:7.750000,yspeed:0.100000,angle:1.810000,distense:89.000000,rcs:26.000000
timestame:1619471498.978000000,objid:3,type:0,xpos:0.000000,ypos:0.000000,xspeed:7.550000,yspeed:0.010000,angle:3.390000,distense:118.400000,rcs:20.000000
timestame:1619471498.978000000,objid:10,type:0,xpos:0.000000,ypos:0.000000,xspeed:7.030000,yspeed:0.400000,angle:5.680000,distense:78.000000,rcs:24.000000
