timestame:1619469691.505000000,objid:2,type:0,xpos:0.000000,ypos:0.000000,xspeed:1.500000,yspeed:-7.540000,angle:-9.700000,distense:60.600000,rcs:25.000000
timestame:1619469691.505000000,objid:3,type:0,xpos:0.000000,ypos:0.000000,xspeed:1.650000,yspeed:-2.020000,angle:-15.050000,distense:48.200000,rcs:22.000000
timestame:1619469691.505000000,objid:4,type:0,xpos:0.000000,ypos:0.000000,xspeed:1.430000,yspeed:-5.820000,angle:18.140000,distense:46.000000,rcs:33.000000
timestame:1619469691.505000000,objid:13,type:0,xpos:0.000000,ypos:0.000000,xspeed:-1.760000,yspeed:6.840000,angle:14.040000,distense:34.600000,rcs:9.000000
