timestame:1619471060.883000000,objid:1,type:0,xpos:0.000000,ypos:0.000000,xspeed:-3.560000,yspeed:-2.530000,angle:-18.000000,distense:28.200000,rcs:6.000000
timestame:1619471060.883000000,objid:8,type:0,xpos:0.000000,ypos:0.000000,xspeed:-1.370000,yspeed:3.010000,angle:-7.140000,distense:37.000000,rcs:16.000000
timestame:1619471060.883000000,objid:9,type:0,xpos:0.000000,ypos:0.000000,xspeed:-2.300000,yspeed:-0.090000,angle:-9.100000,distense:78.200000,rcs:15.000000
timestame:1619471060.883000000,objid:10,type:0,xpos:0.000000,ypos:0.000000,xspeed:-2.160000,yspeed:-0.330000,angle:-18.000000,distense:25.800000,rcs:6.000000
