timestame:1619469696.905000000,objid:2,type:0,xpos:0.000000,ypos:0.000000,xspeed:-1.360000,yspeed:-1.120000,angle:-13.180000,distense:44.400000,rcs:26.000000
timestame:1619469696.905000000,objid:3,type:0,xpos:0.000000,ypos:0.000000,xspeed:-1.330000,yspeed:-3.000000,angle:-1.990000,distense:45.200000,rcs:15.000000
timestame:1619469696.905000000,objid:7,type:0,xpos:0.000000,ypos:0.000000,xspeed:-1.110000,yspeed:7.110000,angle:20.710000,distense:43.000000,rcs:12.000000
timestame:1619469696.905000000,objid:10,type:0,xpos:0.000000,ypos:0.000000,xspeed:-2.160000,yspeed:6.790000,angle:-14.450000,distense:42.400000,rcs:15.000000
