timestame:1619469700.131000000,objid:2,type:0,xpos:0.000000,ypos:0.000000,xspeed:-2.130000,yspeed:-2.100000,angle:-18.000000,distense:40.400000,rcs:13.000000
timestame:1619469700.131000000,objid:5,type:0,xpos:0.000000,ypos:0.000000,xspeed:-4.010000,yspeed:-2.320000,angle:-18.000000,distense:37.000000,rcs:12.000000
timestame:1619469700.131000000,objid:6,type:0,xpos:0.000000,ypos:0.000000,xspeed:4.610000,yspeed:-5.870000,angle:-12.340000,distense:79.600000,rcs:6.000000
timestame:1619469700.131000000,objid:8,type:0,xpos:0.000000,ypos:0.000000,xspeed:2.810000,yspeed:5.730000,angle:-2.140000,distense:47.600000,rcs:6.000000
