timestame:1619470744.605000000,objid:0,type:0,xpos:0.000000,ypos:0.000000,xspeed:-3.870000,yspeed:-0.430000,angle:-8.320000,distense:85.000000,rcs:15.000000
timestame:1619470744.605000000,objid:1,type:0,xpos:0.000000,ypos:0.000000,xspeed:-2.240000,yspeed:2.510000,angle:13.930000,distense:43.800000,rcs:34.000000
timestame:1619470744.605000000,objid:5,type:0,xpos:0.000000,ypos:0.000000,xspeed:-1.190000,yspeed:8.660000,angle:-5.640000,distense:42.200000,rcs:9.000000
timestame:1619470744.605000000,objid:6,type:0,xpos:0.000000,ypos:0.000000,xspeed:12.540000,yspeed:0.360000,angle:1.280000,distense:194.400000,rcs:31.000000
