timestame:1619470223.306000000,objid:8,type:0,xpos:0.000000,ypos:0.000000,xspeed:-2.070000,yspeed:7.760000,angle:-5.160000,distense:40.400000,rcs:6.000000
timestame:1619470223.306000000,objid:11,type:0,xpos:0.000000,ypos:0.000000,xspeed:-2.180000,yspeed:6.970000,angle:-2.370000,distense:39.600000,rcs:19.000000
