timestame:1619469926.067000000,objid:1,type:0,xpos:0.000000,ypos:0.000000,xspeed:6.670000,yspeed:0.250000,angle:1.530000,distense:168.000000,rcs:16.000000
timestame:1619469926.067000000,objid:8,type:0,xpos:0.000000,ypos:0.000000,xspeed:6.670000,yspeed:0.020000,angle:1.230000,distense:161.000000,rcs:24.000000
