timestame:1619470376.267000000,objid:1,type:0,xpos:0.000000,ypos:0.000000,xspeed:-2.070000,yspeed:-2.970000,angle:-18.000000,distense:36.200000,rcs:12.000000
timestame:1619470376.267000000,objid:5,type:0,xpos:0.000000,ypos:0.000000,xspeed:-4.550000,yspeed:-3.480000,angle:-18.000000,distense:36.400000,rcs:26.000000
timestame:1619470376.267000000,objid:18,type:0,xpos:0.000000,ypos:0.000000,xspeed:-6.170000,yspeed:-0.330000,angle:-8.270000,distense:84.800000,rcs:13.000000
