timestame:1619471068.580000000,objid:0,type:0,xpos:0.000000,ypos:0.000000,xspeed:-5.690000,yspeed:-0.330000,angle:-7.580000,distense:92.000000,rcs:9.000000
timestame:1619471068.580000000,objid:3,type:0,xpos:0.000000,ypos:0.000000,xspeed:-6.860000,yspeed:-0.160000,angle:-4.920000,distense:134.800000,rcs:6.000000
timestame:1619471068.580000000,objid:5,type:0,xpos:0.000000,ypos:0.000000,xspeed:-11.120000,yspeed:-0.460000,angle:-6.930000,distense:125.600000,rcs:20.000000
timestame:1619471068.580000000,objid:9,type:0,xpos:0.000000,ypos:0.000000,xspeed:-2.830000,yspeed:-0.250000,angle:-12.740000,distense:62.800000,rcs:18.000000
