timestame:1619469923.897000000,objid:1,type:0,xpos:0.000000,ypos:0.000000,xspeed:6.060000,yspeed:0.120000,angle:1.410000,distense:153.000000,rcs:15.000000
timestame:1619469923.897000000,objid:8,type:0,xpos:0.000000,ypos:0.000000,xspeed:6.100000,yspeed:0.050000,angle:1.340000,distense:146.200000,rcs:24.000000
