timestame:1619470562.078000000,objid:0,type:0,xpos:0.000000,ypos:0.000000,xspeed:5.570000,yspeed:-0.440000,angle:2.440000,distense:202.800000,rcs:9.000000
timestame:1619470562.078000000,objid:1,type:0,xpos:0.000000,ypos:0.000000,xspeed:6.030000,yspeed:-0.360000,angle:3.880000,distense:195.000000,rcs:20.000000
timestame:1619470562.078000000,objid:2,type:0,xpos:0.000000,ypos:0.000000,xspeed:9.540000,yspeed:-0.520000,angle:2.920000,distense:212.400000,rcs:12.000000
timestame:1619470562.078000000,objid:3,type:0,xpos:0.000000,ypos:0.000000,xspeed:9.790000,yspeed:0.210000,angle:1.800000,distense:83.200000,rcs:34.000000
