timestame:1619470169.657000000,objid:0,type:0,xpos:0.000000,ypos:0.000000,xspeed:7.190000,yspeed:0.380000,angle:2.430000,distense:56.600000,rcs:25.000000
timestame:1619470169.657000000,objid:1,type:0,xpos:0.000000,ypos:0.000000,xspeed:10.230000,yspeed:0.800000,angle:2.760000,distense:26.600000,rcs:36.000000
timestame:1619470169.657000000,objid:3,type:0,xpos:0.000000,ypos:0.000000,xspeed:9.060000,yspeed:0.070000,angle:4.590000,distense:92.000000,rcs:25.000000
timestame:1619470169.657000000,objid:5,type:0,xpos:0.000000,ypos:0.000000,xspeed:20.930000,yspeed:0.790000,angle:14.870000,distense:29.200000,rcs:9.000000
