timestame:1619471260.615000000,objid:2,type:0,xpos:0.000000,ypos:0.000000,xspeed:12.400000,yspeed:0.370000,angle:4.440000,distense:82.200000,rcs:32.000000
timestame:1619471260.615000000,objid:6,type:0,xpos:0.000000,ypos:0.000000,xspeed:12.470000,yspeed:-0.110000,angle:4.050000,distense:94.400000,rcs:15.000000
timestame:1619471260.615000000,objid:10,type:0,xpos:0.000000,ypos:0.000000,xspeed:12.340000,yspeed:0.570000,angle:5.180000,distense:70.000000,rcs:26.000000
