timestame:1619471210.545000000,objid:0,type:0,xpos:0.000000,ypos:0.000000,xspeed:-8.040000,yspeed:-1.140000,angle:-18.000000,distense:49.400000,rcs:22.000000
timestame:1619471210.545000000,objid:2,type:0,xpos:0.000000,ypos:0.000000,xspeed:-5.890000,yspeed:-1.440000,angle:-18.000000,distense:33.400000,rcs:6.000000
timestame:1619471210.545000000,objid:3,type:0,xpos:0.000000,ypos:0.000000,xspeed:-6.570000,yspeed:0.060000,angle:-18.000000,distense:31.000000,rcs:12.000000
timestame:1619471210.545000000,objid:5,type:0,xpos:0.000000,ypos:0.000000,xspeed:-6.100000,yspeed:-0.460000,angle:-18.000000,distense:47.800000,rcs:15.000000
