timestame:1619470789.780000000,objid:0,type:0,xpos:0.000000,ypos:0.000000,xspeed:1.440000,yspeed:-0.030000,angle:1.090000,distense:16.600000,rcs:32.000000
timestame:1619470789.780000000,objid:1,type:0,xpos:0.000000,ypos:0.000000,xspeed:-3.670000,yspeed:-1.260000,angle:-18.000000,distense:24.000000,rcs:6.000000
