timestame:1619469577.137000000,objid:1,type:0,xpos:0.000000,ypos:0.000000,xspeed:-8.980000,yspeed:-6.600000,angle:-6.670000,distense:123.800000,rcs:13.000000
timestame:1619469577.137000000,objid:3,type:0,xpos:0.000000,ypos:0.000000,xspeed:-6.740000,yspeed:-0.140000,angle:-7.720000,distense:114.000000,rcs:22.000000
timestame:1619469577.137000000,objid:5,type:0,xpos:0.000000,ypos:0.000000,xspeed:-6.720000,yspeed:-0.230000,angle:-8.010000,distense:110.800000,rcs:15.000000
