timestame:1619470060.743000000,objid:0,type:0,xpos:0.000000,ypos:0.000000,xspeed:-11.250000,yspeed:-0.060000,angle:-6.050000,distense:73.200000,rcs:20.000000
timestame:1619470060.743000000,objid:1,type:0,xpos:0.000000,ypos:0.000000,xspeed:-20.630000,yspeed:1.700000,angle:-4.310000,distense:157.800000,rcs:9.000000
timestame:1619470060.743000000,objid:2,type:0,xpos:0.000000,ypos:0.000000,xspeed:-8.160000,yspeed:0.000000,angle:-5.380000,distense:80.000000,rcs:20.000000
timestame:1619470060.743000000,objid:5,type:0,xpos:0.000000,ypos:0.000000,xspeed:9.720000,yspeed:0.540000,angle:2.910000,distense:193.000000,rcs:25.000000
