timestame:1619470946.495000000,objid:1,type:0,xpos:0.000000,ypos:0.000000,xspeed:-7.740000,yspeed:-0.380000,angle:-18.000000,distense:26.000000,rcs:6.000000
timestame:1619470946.495000000,objid:5,type:0,xpos:0.000000,ypos:0.000000,xspeed:-6.620000,yspeed:-0.490000,angle:-18.000000,distense:34.800000,rcs:6.000000
timestame:1619470946.495000000,objid:7,type:0,xpos:0.000000,ypos:0.000000,xspeed:-6.270000,yspeed:-0.270000,angle:-18.000000,distense:32.600000,rcs:6.000000
