timestame:1619470027.506000000,objid:1,type:0,xpos:0.000000,ypos:0.000000,xspeed:4.430000,yspeed:0.850000,angle:1.480000,distense:19.400000,rcs:30.000000
timestame:1619470027.506000000,objid:2,type:0,xpos:0.000000,ypos:0.000000,xspeed:5.990000,yspeed:0.320000,angle:2.450000,distense:34.400000,rcs:34.000000
