timestame:1619471319.768000000,objid:1,type:0,xpos:0.000000,ypos:0.000000,xspeed:-7.130000,yspeed:-0.610000,angle:-6.250000,distense:103.200000,rcs:21.000000
timestame:1619471319.768000000,objid:2,type:0,xpos:0.000000,ypos:0.000000,xspeed:1.610000,yspeed:-7.230000,angle:22.430000,distense:46.000000,rcs:21.000000
timestame:1619471319.768000000,objid:3,type:0,xpos:0.000000,ypos:0.000000,xspeed:-14.980000,yspeed:1.180000,angle:-3.020000,distense:188.000000,rcs:6.000000
timestame:1619471319.768000000,objid:4,type:0,xpos:0.000000,ypos:0.000000,xspeed:-15.700000,yspeed:-2.220000,angle:-2.540000,distense:194.600000,rcs:9.000000
