timestame:1619470466.362000000,objid:0,type:0,xpos:0.000000,ypos:0.000000,xspeed:-13.270000,yspeed:-0.790000,angle:-18.000000,distense:24.600000,rcs:13.000000
timestame:1619470466.362000000,objid:1,type:0,xpos:0.000000,ypos:0.000000,xspeed:-13.180000,yspeed:-1.720000,angle:-18.000000,distense:26.800000,rcs:6.000000
timestame:1619470466.362000000,objid:2,type:0,xpos:0.000000,ypos:0.000000,xspeed:5.780000,yspeed:0.350000,angle:3.210000,distense:212.600000,rcs:6.000000
