timestame:1619470158.250000000,objid:0,type:0,xpos:0.000000,ypos:0.000000,xspeed:-15.280000,yspeed:-0.610000,angle:-13.740000,distense:75.600000,rcs:34.000000
timestame:1619470158.250000000,objid:1,type:0,xpos:0.000000,ypos:0.000000,xspeed:-15.560000,yspeed:-0.610000,angle:-14.750000,distense:64.200000,rcs:23.000000
timestame:1619470158.250000000,objid:4,type:0,xpos:0.000000,ypos:0.000000,xspeed:1.410000,yspeed:0.400000,angle:7.930000,distense:24.200000,rcs:20.000000
timestame:1619470158.250000000,objid:7,type:0,xpos:0.000000,ypos:0.000000,xspeed:-15.170000,yspeed:-0.580000,angle:-16.780000,distense:58.800000,rcs:19.000000
