timestame:1619470106.222000000,objid:1,type:0,xpos:0.000000,ypos:0.000000,xspeed:6.660000,yspeed:0.650000,angle:19.420000,distense:32.400000,rcs:6.000000
timestame:1619470106.222000000,objid:3,type:0,xpos:0.000000,ypos:0.000000,xspeed:10.260000,yspeed:2.740000,angle:22.030000,distense:42.200000,rcs:21.000000
timestame:1619470106.222000000,objid:6,type:0,xpos:0.000000,ypos:0.000000,xspeed:26.280000,yspeed:7.540000,angle:21.960000,distense:28.600000,rcs:13.000000
timestame:1619470106.222000000,objid:9,type:0,xpos:0.000000,ypos:0.000000,xspeed:4.110000,yspeed:2.210000,angle:-16.220000,distense:29.600000,rcs:28.000000
