timestame:1619469527.132000000,objid:0,type:0,xpos:0.000000,ypos:0.000000,xspeed:1.590000,yspeed:-0.470000,angle:-18.000000,distense:67.200000,rcs:13.000000
timestame:1619469527.132000000,objid:2,type:0,xpos:0.000000,ypos:0.000000,xspeed:2.530000,yspeed:-3.480000,angle:-18.000000,distense:60.200000,rcs:24.000000
timestame:1619469527.132000000,objid:3,type:0,xpos:0.000000,ypos:0.000000,xspeed:-2.190000,yspeed:0.450000,angle:-18.000000,distense:59.200000,rcs:6.000000
timestame:1619469527.132000000,objid:11,type:0,xpos:0.000000,ypos:0.000000,xspeed:1.510000,yspeed:-4.950000,angle:-18.000000,distense:70.800000,rcs:12.000000
