timestame:1619470165.995000000,objid:0,type:0,xpos:0.000000,ypos:0.000000,xspeed:4.040000,yspeed:-0.350000,angle:1.860000,distense:30.400000,rcs:43.000000
timestame:1619470165.995000000,objid:3,type:0,xpos:0.000000,ypos:0.000000,xspeed:6.560000,yspeed:0.560000,angle:6.910000,distense:59.000000,rcs:36.000000
