timestame:1619469930.401000000,objid:0,type:0,xpos:0.000000,ypos:0.000000,xspeed:-4.300000,yspeed:2.600000,angle:-18.000000,distense:40.600000,rcs:6.000000
timestame:1619469930.401000000,objid:1,type:0,xpos:0.000000,ypos:0.000000,xspeed:7.910000,yspeed:0.250000,angle:1.490000,distense:201.800000,rcs:16.000000
timestame:1619469930.401000000,objid:8,type:0,xpos:0.000000,ypos:0.000000,xspeed:7.820000,yspeed:0.140000,angle:1.180000,distense:195.000000,rcs:26.000000
