timestame:1619470616.739000000,objid:0,type:0,xpos:0.000000,ypos:0.000000,xspeed:2.150000,yspeed:-10.170000,angle:-18.000000,distense:71.600000,rcs:6.000000
timestame:1619470616.739000000,objid:10,type:0,xpos:0.000000,ypos:0.000000,xspeed:-1.240000,yspeed:5.600000,angle:22.680000,distense:41.200000,rcs:6.000000
