timestame:1619471264.949000000,objid:0,type:0,xpos:0.000000,ypos:0.000000,xspeed:11.560000,yspeed:6.190000,angle:3.490000,distense:162.200000,rcs:12.000000
timestame:1619471264.949000000,objid:2,type:0,xpos:0.000000,ypos:0.000000,xspeed:13.040000,yspeed:0.090000,angle:2.640000,distense:138.200000,rcs:23.000000
timestame:1619471264.949000000,objid:6,type:0,xpos:0.000000,ypos:0.000000,xspeed:12.980000,yspeed:-0.070000,angle:2.380000,distense:150.200000,rcs:6.000000
timestame:1619471264.949000000,objid:10,type:0,xpos:0.000000,ypos:0.000000,xspeed:12.910000,yspeed:-0.090000,angle:2.650000,distense:125.600000,rcs:9.000000
