timestame:1619471432.359000000,objid:0,type:0,xpos:0.000000,ypos:0.000000,xspeed:-2.490000,yspeed:10.430000,angle:-18.000000,distense:53.600000,rcs:6.000000
timestame:1619471432.359000000,objid:2,type:0,xpos:0.000000,ypos:0.000000,xspeed:1.310000,yspeed:-5.470000,angle:8.140000,distense:42.000000,rcs:20.000000
timestame:1619471432.359000000,objid:6,type:0,xpos:0.000000,ypos:0.000000,xspeed:-10.670000,yspeed:3.020000,angle:-6.830000,distense:89.800000,rcs:25.000000
timestame:1619471432.359000000,objid:15,type:0,xpos:0.000000,ypos:0.000000,xspeed:-3.160000,yspeed:-0.170000,angle:-6.700000,distense:94.600000,rcs:26.000000
