timestame:1619469531.225000000,objid:1,type:0,xpos:0.000000,ypos:0.000000,xspeed:1.750000,yspeed:-4.570000,angle:-18.000000,distense:75.400000,rcs:6.000000
timestame:1619469531.225000000,objid:3,type:0,xpos:0.000000,ypos:0.000000,xspeed:-1.140000,yspeed:-1.750000,angle:-3.980000,distense:11.200000,rcs:34.000000
timestame:1619469531.225000000,objid:7,type:0,xpos:0.000000,ypos:0.000000,xspeed:14.840000,yspeed:0.940000,angle:2.040000,distense:23.400000,rcs:41.000000
