timestame:1619470872.444000000,objid:1,type:0,xpos:0.000000,ypos:0.000000,xspeed:-8.750000,yspeed:-2.980000,angle:-5.000000,distense:136.000000,rcs:9.000000
timestame:1619470872.444000000,objid:4,type:0,xpos:0.000000,ypos:0.000000,xspeed:3.880000,yspeed:-0.350000,angle:0.120000,distense:17.000000,rcs:37.000000
