timestame:1619470736.610000000,objid:0,type:0,xpos:0.000000,ypos:0.000000,xspeed:-19.230000,yspeed:-6.290000,angle:-5.020000,distense:171.800000,rcs:6.000000
timestame:1619470736.610000000,objid:1,type:0,xpos:0.000000,ypos:0.000000,xspeed:12.060000,yspeed:-0.120000,angle:1.380000,distense:106.200000,rcs:9.000000
timestame:1619470736.610000000,objid:6,type:0,xpos:0.000000,ypos:0.000000,xspeed:12.040000,yspeed:0.130000,angle:1.690000,distense:95.200000,rcs:32.000000
