timestame:1619471422.677000000,objid:1,type:0,xpos:0.000000,ypos:0.000000,xspeed:-5.590000,yspeed:-1.330000,angle:-7.600000,distense:111.800000,rcs:12.000000
timestame:1619471422.677000000,objid:3,type:0,xpos:0.000000,ypos:0.000000,xspeed:-3.550000,yspeed:-3.250000,angle:-18.000000,distense:40.800000,rcs:6.000000
timestame:1619471422.677000000,objid:9,type:0,xpos:0.000000,ypos:0.000000,xspeed:-5.920000,yspeed:0.160000,angle:-4.850000,distense:127.800000,rcs:16.000000
timestame:1619471422.677000000,objid:12,type:0,xpos:0.000000,ypos:0.000000,xspeed:-4.970000,yspeed:-0.180000,angle:-8.910000,distense:102.800000,rcs:24.000000
