timestame:1619470447.415000000,objid:0,type:0,xpos:0.000000,ypos:0.000000,xspeed:24.250000,yspeed:-1.540000,angle:1.470000,distense:191.400000,rcs:12.000000
timestame:1619470447.415000000,objid:1,type:0,xpos:0.000000,ypos:0.000000,xspeed:-4.960000,yspeed:0.000000,angle:5.190000,distense:178.400000,rcs:12.000000
timestame:1619470447.415000000,objid:2,type:0,xpos:0.000000,ypos:0.000000,xspeed:4.440000,yspeed:-0.220000,angle:6.550000,distense:106.200000,rcs:12.000000
