timestame:1619470963.803000000,objid:0,type:0,xpos:0.000000,ypos:0.000000,xspeed:3.730000,yspeed:0.190000,angle:6.600000,distense:51.000000,rcs:33.000000
timestame:1619470963.803000000,objid:6,type:0,xpos:0.000000,ypos:0.000000,xspeed:10.270000,yspeed:0.500000,angle:1.980000,distense:100.400000,rcs:31.000000
timestame:1619470963.803000000,objid:12,type:0,xpos:0.000000,ypos:0.000000,xspeed:3.040000,yspeed:0.030000,angle:5.130000,distense:60.000000,rcs:27.000000
