timestame:1619471135.452000000,objid:5,type:0,xpos:0.000000,ypos:0.000000,xspeed:16.890000,yspeed:0.000000,angle:19.310000,distense:46.200000,rcs:26.000000
timestame:1619471135.452000000,objid:7,type:0,xpos:0.000000,ypos:0.000000,xspeed:-17.700000,yspeed:-20.480000,angle:11.180000,distense:33.000000,rcs:39.000000
