timestame:1619471212.720000000,objid:2,type:0,xpos:0.000000,ypos:0.000000,xspeed:6.330000,yspeed:3.250000,angle:21.620000,distense:29.400000,rcs:18.000000
timestame:1619471212.720000000,objid:3,type:0,xpos:0.000000,ypos:0.000000,xspeed:5.180000,yspeed:2.470000,angle:-16.650000,distense:26.000000,rcs:29.000000
timestame:1619471212.720000000,objid:4,type:0,xpos:0.000000,ypos:0.000000,xspeed:-7.650000,yspeed:-0.300000,angle:-18.000000,distense:36.400000,rcs:15.000000
timestame:1619471212.720000000,objid:5,type:0,xpos:0.000000,ypos:0.000000,xspeed:-6.910000,yspeed:-0.550000,angle:-18.000000,distense:34.600000,rcs:9.000000
