timestame:1619470019.772000000,objid:5,type:0,xpos:0.000000,ypos:0.000000,xspeed:-3.790000,yspeed:12.990000,angle:-13.190000,distense:50.200000,rcs:6.000000
timestame:1619470019.772000000,objid:11,type:0,xpos:0.000000,ypos:0.000000,xspeed:-1.220000,yspeed:-2.910000,angle:-18.000000,distense:37.000000,rcs:26.000000
timestame:1619470019.772000000,objid:13,type:0,xpos:0.000000,ypos:0.000000,xspeed:-2.040000,yspeed:5.870000,angle:-10.900000,distense:43.200000,rcs:6.000000
timestame:1619470019.772000000,objid:15,type:0,xpos:0.000000,ypos:0.000000,xspeed:-1.790000,yspeed:-2.460000,angle:-18.000000,distense:35.000000,rcs:18.000000
