timestame:1619470939.429000000,objid:1,type:0,xpos:0.000000,ypos:0.000000,xspeed:-1.610000,yspeed:1.700000,angle:-12.520000,distense:71.200000,rcs:19.000000
timestame:1619470939.429000000,objid:10,type:0,xpos:0.000000,ypos:0.000000,xspeed:-3.320000,yspeed:0.110000,angle:-10.280000,distense:72.000000,rcs:20.000000
