timestame:1619471255.233000000,objid:0,type:0,xpos:0.000000,ypos:0.000000,xspeed:13.340000,yspeed:5.820000,angle:18.640000,distense:21.000000,rcs:23.000000
timestame:1619471255.233000000,objid:1,type:0,xpos:0.000000,ypos:0.000000,xspeed:4.520000,yspeed:2.540000,angle:6.480000,distense:92.200000,rcs:6.000000
timestame:1619471255.233000000,objid:3,type:0,xpos:0.000000,ypos:0.000000,xspeed:-15.800000,yspeed:-0.430000,angle:-8.930000,distense:98.400000,rcs:13.000000
timestame:1619471255.233000000,objid:4,type:0,xpos:0.000000,ypos:0.000000,xspeed:10.880000,yspeed:-0.840000,angle:9.240000,distense:19.000000,rcs:28.000000
