timestame:1619469656.892000000,objid:1,type:0,xpos:0.000000,ypos:0.000000,xspeed:2.530000,yspeed:3.640000,angle:-5.910000,distense:43.200000,rcs:6.000000
timestame:1619469656.892000000,objid:7,type:0,xpos:0.000000,ypos:0.000000,xspeed:24.050000,yspeed:0.410000,angle:1.030000,distense:183.200000,rcs:9.000000
timestame:1619469656.892000000,objid:8,type:0,xpos:0.000000,ypos:0.000000,xspeed:3.100000,yspeed:2.460000,angle:-13.640000,distense:37.800000,rcs:9.000000
