timestame:1619470772.182000000,objid:0,type:0,xpos:0.000000,ypos:0.000000,xspeed:-10.060000,yspeed:-0.170000,angle:-6.410000,distense:132.600000,rcs:16.000000
timestame:1619470772.182000000,objid:1,type:0,xpos:0.000000,ypos:0.000000,xspeed:13.720000,yspeed:0.090000,angle:1.530000,distense:119.000000,rcs:20.000000
timestame:1619470772.182000000,objid:3,type:0,xpos:0.000000,ypos:0.000000,xspeed:-8.130000,yspeed:0.630000,angle:-18.000000,distense:50.800000,rcs:6.000000
