timestame:1619469657.202000000,objid:1,type:0,xpos:0.000000,ypos:0.000000,xspeed:2.530000,yspeed:3.640000,angle:-5.330000,distense:44.400000,rcs:6.000000
timestame:1619469657.202000000,objid:7,type:0,xpos:0.000000,ypos:0.000000,xspeed:24.300000,yspeed:0.350000,angle:0.970000,distense:191.000000,rcs:12.000000
timestame:1619469657.202000000,objid:8,type:0,xpos:0.000000,ypos:0.000000,xspeed:2.710000,yspeed:2.900000,angle:-11.880000,distense:38.600000,rcs:13.000000
