timestame:1619470966.917000000,objid:0,type:0,xpos:0.000000,ypos:0.000000,xspeed:4.560000,yspeed:0.040000,angle:5.300000,distense:65.400000,rcs:30.000000
timestame:1619470966.917000000,objid:1,type:0,xpos:0.000000,ypos:0.000000,xspeed:13.600000,yspeed:0.110000,angle:0.930000,distense:161.800000,rcs:13.000000
timestame:1619470966.917000000,objid:6,type:0,xpos:0.000000,ypos:0.000000,xspeed:11.410000,yspeed:0.420000,angle:1.990000,distense:136.400000,rcs:19.000000
timestame:1619470966.917000000,objid:7,type:0,xpos:0.000000,ypos:0.000000,xspeed:6.650000,yspeed:1.750000,angle:21.160000,distense:24.000000,rcs:25.000000
