timestame:1619470840.311000000,objid:3,type:0,xpos:0.000000,ypos:0.000000,xspeed:2.750000,yspeed:2.400000,angle:-12.030000,distense:40.400000,rcs:9.000000
timestame:1619470840.311000000,objid:7,type:0,xpos:0.000000,ypos:0.000000,xspeed:13.300000,yspeed:0.390000,angle:2.390000,distense:208.400000,rcs:25.000000
