timestame:1619470793.122000000,objid:4,type:0,xpos:0.000000,ypos:0.000000,xspeed:1.280000,yspeed:-9.070000,angle:1.040000,distense:50.200000,rcs:27.000000
timestame:1619470793.122000000,objid:6,type:0,xpos:0.000000,ypos:0.000000,xspeed:8.030000,yspeed:-3.400000,angle:11.030000,distense:56.600000,rcs:6.000000
timestame:1619470793.122000000,objid:7,type:0,xpos:0.000000,ypos:0.000000,xspeed:2.450000,yspeed:1.450000,angle:13.340000,distense:51.800000,rcs:9.000000
timestame:1619470793.122000000,objid:9,type:0,xpos:0.000000,ypos:0.000000,xspeed:2.660000,yspeed:-11.920000,angle:6.870000,distense:50.400000,rcs:20.000000
