timestame:1619471451.430000000,objid:3,type:0,xpos:0.000000,ypos:0.000000,xspeed:-2.170000,yspeed:-0.090000,angle:-6.370000,distense:102.200000,rcs:13.000000
timestame:1619471451.430000000,objid:11,type:0,xpos:0.000000,ypos:0.000000,xspeed:-1.800000,yspeed:0.460000,angle:-7.370000,distense:93.800000,rcs:9.000000
timestame:1619471451.430000000,objid:13,type:0,xpos:0.000000,ypos:0.000000,xspeed:-3.860000,yspeed:-0.120000,angle:21.330000,distense:36.600000,rcs:13.000000
