timestame:1619471371.873000000,objid:1,type:0,xpos:0.000000,ypos:0.000000,xspeed:8.880000,yspeed:0.020000,angle:2.360000,distense:158.400000,rcs:18.000000
timestame:1619471371.873000000,objid:7,type:0,xpos:0.000000,ypos:0.000000,xspeed:10.370000,yspeed:0.200000,angle:1.490000,distense:205.000000,rcs:13.000000
