timestame:1619469483.821000000,objid:3,type:0,xpos:0.000000,ypos:0.000000,xspeed:3.120000,yspeed:0.240000,angle:11.900000,distense:16.800000,rcs:12.000000
timestame:1619469483.821000000,objid:7,type:0,xpos:0.000000,ypos:0.000000,xspeed:-2.010000,yspeed:0.030000,angle:-10.320000,distense:89.200000,rcs:20.000000
timestame:1619469483.821000000,objid:9,type:0,xpos:0.000000,ypos:0.000000,xspeed:2.430000,yspeed:0.850000,angle:-7.470000,distense:104.600000,rcs:6.000000
timestame:1619469483.821000000,objid:10,type:0,xpos:0.000000,ypos:0.000000,xspeed:-2.350000,yspeed:-0.930000,angle:-11.870000,distense:79.200000,rcs:19.000000
