timestame:1619469979.067000000,objid:0,type:0,xpos:0.000000,ypos:0.000000,xspeed:-1.070000,yspeed:-2.740000,angle:-16.250000,distense:37.400000,rcs:28.000000
timestame:1619469979.067000000,objid:1,type:0,xpos:0.000000,ypos:0.000000,xspeed:-2.810000,yspeed:-9.530000,angle:0.320000,distense:40.400000,rcs:18.000000
timestame:1619469979.067000000,objid:18,type:0,xpos:0.000000,ypos:0.000000,xspeed:1.540000,yspeed:-7.490000,angle:-18.000000,distense:62.400000,rcs:9.000000
