timestame:1619470836.172000000,objid:1,type:0,xpos:0.000000,ypos:0.000000,xspeed:11.140000,yspeed:0.080000,angle:2.250000,distense:158.400000,rcs:20.000000
timestame:1619470836.172000000,objid:3,type:0,xpos:0.000000,ypos:0.000000,xspeed:3.310000,yspeed:2.530000,angle:-16.200000,distense:26.600000,rcs:24.000000
timestame:1619470836.172000000,objid:6,type:0,xpos:0.000000,ypos:0.000000,xspeed:14.780000,yspeed:0.260000,angle:1.200000,distense:207.200000,rcs:9.000000
timestame:1619470836.172000000,objid:7,type:0,xpos:0.000000,ypos:0.000000,xspeed:11.510000,yspeed:0.390000,angle:2.650000,distense:151.200000,rcs:25.000000
