timestame:1619470444.562000000,objid:1,type:0,xpos:0.000000,ypos:0.000000,xspeed:17.310000,yspeed:0.210000,angle:1.570000,distense:136.400000,rcs:12.000000
timestame:1619470444.562000000,objid:2,type:0,xpos:0.000000,ypos:0.000000,xspeed:4.210000,yspeed:-0.020000,angle:7.950000,distense:93.400000,rcs:22.000000
