timestame:1619469539.120000000,objid:4,type:0,xpos:0.000000,ypos:0.000000,xspeed:17.370000,yspeed:0.220000,angle:1.500000,distense:150.600000,rcs:22.000000
timestame:1619469539.120000000,objid:7,type:0,xpos:0.000000,ypos:0.000000,xspeed:17.200000,yspeed:0.130000,angle:1.170000,distense:157.800000,rcs:6.000000
