timestame:1619470733.262000000,objid:1,type:0,xpos:0.000000,ypos:0.000000,xspeed:12.260000,yspeed:0.510000,angle:3.130000,distense:66.000000,rcs:12.000000
timestame:1619470733.262000000,objid:6,type:0,xpos:0.000000,ypos:0.000000,xspeed:12.440000,yspeed:0.600000,angle:2.570000,distense:55.000000,rcs:44.000000
