timestame:1619470757.415000000,objid:1,type:0,xpos:0.000000,ypos:0.000000,xspeed:-1.030000,yspeed:-3.600000,angle:-9.760000,distense:39.800000,rcs:41.000000
timestame:1619470757.415000000,objid:2,type:0,xpos:0.000000,ypos:0.000000,xspeed:-2.520000,yspeed:-1.180000,angle:-18.000000,distense:30.200000,rcs:9.000000
timestame:1619470757.415000000,objid:10,type:0,xpos:0.000000,ypos:0.000000,xspeed:-3.210000,yspeed:-0.630000,angle:-18.000000,distense:26.200000,rcs:6.000000
timestame:1619470757.415000000,objid:11,type:0,xpos:0.000000,ypos:0.000000,xspeed:-2.630000,yspeed:0.030000,angle:-18.000000,distense:24.400000,rcs:6.000000
