timestame:1619469714.067000000,objid:3,type:0,xpos:0.000000,ypos:0.000000,xspeed:13.520000,yspeed:-1.090000,angle:1.180000,distense:146.000000,rcs:20.000000
timestame:1619469714.067000000,objid:6,type:0,xpos:0.000000,ypos:0.000000,xspeed:-1.590000,yspeed:7.050000,angle:14.360000,distense:36.800000,rcs:13.000000
