timestame:1619470437.359000000,objid:1,type:0,xpos:0.000000,ypos:0.000000,xspeed:12.930000,yspeed:-2.690000,angle:1.900000,distense:19.800000,rcs:26.000000
timestame:1619470437.359000000,objid:2,type:0,xpos:0.000000,ypos:0.000000,xspeed:3.900000,yspeed:0.020000,angle:11.650000,distense:65.400000,rcs:24.000000
