timestame:1619469658.137000000,objid:7,type:0,xpos:0.000000,ypos:0.000000,xspeed:24.840000,yspeed:0.470000,angle:1.050000,distense:214.200000,rcs:6.000000
timestame:1619469658.137000000,objid:8,type:0,xpos:0.000000,ypos:0.000000,xspeed:1.980000,yspeed:3.270000,angle:-8.250000,distense:41.000000,rcs:6.000000
