timestame:1619471364.013000000,objid:1,type:0,xpos:0.000000,ypos:0.000000,xspeed:13.210000,yspeed:2.450000,angle:4.260000,distense:95.600000,rcs:24.000000
timestame:1619471364.013000000,objid:2,type:0,xpos:0.000000,ypos:0.000000,xspeed:6.760000,yspeed:-0.190000,angle:4.020000,distense:97.400000,rcs:15.000000
timestame:1619471364.013000000,objid:4,type:0,xpos:0.000000,ypos:0.000000,xspeed:6.530000,yspeed:0.030000,angle:4.860000,distense:90.800000,rcs:20.000000
timestame:1619471364.013000000,objid:7,type:0,xpos:0.000000,ypos:0.000000,xspeed:10.580000,yspeed:0.070000,angle:1.450000,distense:117.200000,rcs:13.000000
