timestame:1619469758.333000000,objid:1,type:0,xpos:0.000000,ypos:0.000000,xspeed:3.570000,yspeed:5.270000,angle:-11.760000,distense:55.200000,rcs:6.000000
timestame:1619469758.333000000,objid:2,type:0,xpos:0.000000,ypos:0.000000,xspeed:5.080000,yspeed:2.700000,angle:22.920000,distense:33.000000,rcs:13.000000
timestame:1619469758.333000000,objid:3,type:0,xpos:0.000000,ypos:0.000000,xspeed:5.130000,yspeed:2.660000,angle:-17.030000,distense:44.000000,rcs:13.000000
timestame:1619469758.333000000,objid:6,type:0,xpos:0.000000,ypos:0.000000,xspeed:1.340000,yspeed:5.860000,angle:16.740000,distense:30.400000,rcs:6.000000
