timestame:1619469576.393000000,objid:3,type:0,xpos:0.000000,ypos:0.000000,xspeed:-7.180000,yspeed:-0.060000,angle:-7.270000,distense:119.000000,rcs:15.000000
timestame:1619469576.393000000,objid:5,type:0,xpos:0.000000,ypos:0.000000,xspeed:-6.930000,yspeed:-0.190000,angle:-7.510000,distense:116.000000,rcs:21.000000
timestame:1619469576.393000000,objid:6,type:0,xpos:0.000000,ypos:0.000000,xspeed:-3.600000,yspeed:0.150000,angle:-6.730000,distense:133.400000,rcs:6.000000
