timestame:1619469579.497000000,objid:1,type:0,xpos:0.000000,ypos:0.000000,xspeed:-6.370000,yspeed:-0.510000,angle:-7.980000,distense:109.800000,rcs:13.000000
timestame:1619469579.497000000,objid:3,type:0,xpos:0.000000,ypos:0.000000,xspeed:-6.240000,yspeed:-0.110000,angle:-9.040000,distense:100.000000,rcs:19.000000
timestame:1619469579.497000000,objid:5,type:0,xpos:0.000000,ypos:0.000000,xspeed:-6.190000,yspeed:-0.260000,angle:-9.540000,distense:97.000000,rcs:19.000000
