timestame:1619469538.683000000,objid:0,type:0,xpos:0.000000,ypos:0.000000,xspeed:-1.350000,yspeed:-2.490000,angle:-0.990000,distense:141.000000,rcs:22.000000
timestame:1619469538.683000000,objid:4,type:0,xpos:0.000000,ypos:0.000000,xspeed:17.130000,yspeed:0.270000,angle:1.600000,distense:141.800000,rcs:20.000000
timestame:1619469538.683000000,objid:7,type:0,xpos:0.000000,ypos:0.000000,xspeed:17.120000,yspeed:0.200000,angle:1.270000,distense:149.400000,rcs:9.000000
