timestame:1619470129.368000000,objid:7,type:0,xpos:0.000000,ypos:0.000000,xspeed:-9.530000,yspeed:-0.050000,angle:-5.270000,distense:117.200000,rcs:9.000000
timestame:1619470129.368000000,objid:8,type:0,xpos:0.000000,ypos:0.000000,xspeed:-5.520000,yspeed:0.740000,angle:16.810000,distense:23.800000,rcs:15.000000
timestame:1619470129.368000000,objid:9,type:0,xpos:0.000000,ypos:0.000000,xspeed:5.740000,yspeed:1.490000,angle:22.180000,distense:26.800000,rcs:21.000000
