timestame:1619470051.040000000,objid:0,type:0,xpos:0.000000,ypos:0.000000,xspeed:7.160000,yspeed:-0.020000,angle:3.380000,distense:113.000000,rcs:12.000000
timestame:1619470051.040000000,objid:5,type:0,xpos:0.000000,ypos:0.000000,xspeed:7.120000,yspeed:0.060000,angle:3.770000,distense:103.200000,rcs:27.000000
