timestame:1619470683.409000000,objid:0,type:0,xpos:0.000000,ypos:0.000000,xspeed:-3.800000,yspeed:-0.120000,angle:-16.950000,distense:58.200000,rcs:23.000000
timestame:1619470683.409000000,objid:2,type:0,xpos:0.000000,ypos:0.000000,xspeed:-1.820000,yspeed:-0.320000,angle:-12.910000,distense:71.800000,rcs:16.000000
timestame:1619470683.409000000,objid:5,type:0,xpos:0.000000,ypos:0.000000,xspeed:3.670000,yspeed:-0.930000,angle:18.720000,distense:22.400000,rcs:13.000000
timestame:1619470683.409000000,objid:7,type:0,xpos:0.000000,ypos:0.000000,xspeed:-6.920000,yspeed:0.140000,angle:-13.660000,distense:66.200000,rcs:24.000000
