timestame:1619470137.754000000,objid:0,type:0,xpos:0.000000,ypos:0.000000,xspeed:-6.300000,yspeed:3.680000,angle:11.820000,distense:39.600000,rcs:15.000000
timestame:1619470137.754000000,objid:7,type:0,xpos:0.000000,ypos:0.000000,xspeed:-3.100000,yspeed:-0.290000,angle:-10.290000,distense:74.400000,rcs:20.000000
timestame:1619470137.754000000,objid:8,type:0,xpos:0.000000,ypos:0.000000,xspeed:2.890000,yspeed:3.960000,angle:-4.830000,distense:47.600000,rcs:6.000000
