timestame:1619470563.317000000,objid:1,type:0,xpos:0.000000,ypos:0.000000,xspeed:6.750000,yspeed:-0.500000,angle:3.400000,distense:204.400000,rcs:6.000000
timestame:1619470563.317000000,objid:2,type:0,xpos:0.000000,ypos:0.000000,xspeed:-12.020000,yspeed:-5.120000,angle:-14.160000,distense:15.600000,rcs:15.000000
timestame:1619470563.317000000,objid:3,type:0,xpos:0.000000,ypos:0.000000,xspeed:10.620000,yspeed:0.160000,angle:1.610000,distense:97.600000,rcs:29.000000
timestame:1619470563.317000000,objid:5,type:0,xpos:0.000000,ypos:0.000000,xspeed:7.600000,yspeed:-4.840000,angle:1.720000,distense:215.600000,rcs:6.000000
