timestame:1619469524.324000000,objid:2,type:0,xpos:0.000000,ypos:0.000000,xspeed:3.240000,yspeed:-1.660000,angle:-10.280000,distense:50.800000,rcs:36.000000
timestame:1619469524.324000000,objid:4,type:0,xpos:0.000000,ypos:0.000000,xspeed:2.270000,yspeed:-7.070000,angle:-18.000000,distense:77.800000,rcs:6.000000
timestame:1619469524.324000000,objid:7,type:0,xpos:0.000000,ypos:0.000000,xspeed:4.540000,yspeed:-0.990000,angle:-6.230000,distense:51.400000,rcs:16.000000
timestame:1619469524.324000000,objid:11,type:0,xpos:0.000000,ypos:0.000000,xspeed:2.900000,yspeed:-4.000000,angle:-18.000000,distense:62.000000,rcs:21.000000
