timestame:1619470665.789000000,objid:0,type:0,xpos:0.000000,ypos:0.000000,xspeed:-1.150000,yspeed:0.230000,angle:-9.540000,distense:92.400000,rcs:15.000000
timestame:1619470665.789000000,objid:3,type:0,xpos:0.000000,ypos:0.000000,xspeed:-1.510000,yspeed:-0.130000,angle:-8.290000,distense:103.200000,rcs:9.000000
