timestame:1619470462.765000000,objid:0,type:0,xpos:0.000000,ypos:0.000000,xspeed:-14.630000,yspeed:-0.690000,angle:-10.870000,distense:67.400000,rcs:18.000000
timestame:1619470462.765000000,objid:2,type:0,xpos:0.000000,ypos:0.000000,xspeed:6.100000,yspeed:0.130000,angle:3.220000,distense:192.000000,rcs:15.000000
