timestame:1619471368.253000000,objid:1,type:0,xpos:0.000000,ypos:0.000000,xspeed:7.840000,yspeed:0.100000,angle:3.110000,distense:126.400000,rcs:16.000000
timestame:1619471368.253000000,objid:7,type:0,xpos:0.000000,ypos:0.000000,xspeed:11.560000,yspeed:0.150000,angle:1.470000,distense:167.600000,rcs:18.000000
