timestame:1619470000.614000000,objid:6,type:0,xpos:0.000000,ypos:0.000000,xspeed:3.620000,yspeed:-1.840000,angle:-18.000000,distense:38.000000,rcs:19.000000
timestame:1619470000.614000000,objid:11,type:0,xpos:0.000000,ypos:0.000000,xspeed:-1.690000,yspeed:-0.500000,angle:-18.000000,distense:30.400000,rcs:6.000000
timestame:1619470000.614000000,objid:14,type:0,xpos:0.000000,ypos:0.000000,xspeed:-6.690000,yspeed:-2.240000,angle:-18.000000,distense:49.400000,rcs:6.000000
timestame:1619470000.614000000,objid:15,type:0,xpos:0.000000,ypos:0.000000,xspeed:-1.680000,yspeed:-1.620000,angle:-18.000000,distense:33.600000,rcs:9.000000
