timestame:1619469712.886000000,objid:1,type:0,xpos:0.000000,ypos:0.000000,xspeed:-4.180000,yspeed:-1.750000,angle:-18.000000,distense:28.600000,rcs:6.000000
timestame:1619469712.886000000,objid:3,type:0,xpos:0.000000,ypos:0.000000,xspeed:12.630000,yspeed:-1.360000,angle:1.720000,distense:128.600000,rcs:15.000000
timestame:1619469712.886000000,objid:4,type:0,xpos:0.000000,ypos:0.000000,xspeed:-5.050000,yspeed:-2.270000,angle:-18.000000,distense:27.400000,rcs:6.000000
timestame:1619469712.886000000,objid:6,type:0,xpos:0.000000,ypos:0.000000,xspeed:-1.410000,yspeed:6.440000,angle:-0.030000,distense:37.800000,rcs:27.000000
