timestame:1619469536.821000000,objid:4,type:0,xpos:0.000000,ypos:0.000000,xspeed:16.710000,yspeed:0.390000,angle:1.880000,distense:109.600000,rcs:25.000000
timestame:1619469536.821000000,objid:7,type:0,xpos:0.000000,ypos:0.000000,xspeed:16.700000,yspeed:0.300000,angle:1.510000,distense:117.000000,rcs:13.000000
