timestame:1619470104.554000000,objid:6,type:0,xpos:0.000000,ypos:0.000000,xspeed:-2.810000,yspeed:-0.060000,angle:15.910000,distense:26.000000,rcs:12.000000
timestame:1619470104.554000000,objid:9,type:0,xpos:0.000000,ypos:0.000000,xspeed:4.330000,yspeed:1.050000,angle:21.510000,distense:22.000000,rcs:22.000000
timestame:1619470104.554000000,objid:11,type:0,xpos:0.000000,ypos:0.000000,xspeed:1.840000,yspeed:0.730000,angle:14.420000,distense:20.400000,rcs:15.000000
