timestame:1619470154.828000000,objid:3,type:0,xpos:0.000000,ypos:0.000000,xspeed:-5.110000,yspeed:-0.490000,angle:-18.000000,distense:43.200000,rcs:9.000000
timestame:1619470154.828000000,objid:5,type:0,xpos:0.000000,ypos:0.000000,xspeed:3.920000,yspeed:3.040000,angle:-15.130000,distense:35.800000,rcs:12.000000
timestame:1619470154.828000000,objid:7,type:0,xpos:0.000000,ypos:0.000000,xspeed:-15.110000,yspeed:-0.750000,angle:-8.190000,distense:109.400000,rcs:15.000000
timestame:1619470154.828000000,objid:13,type:0,xpos:0.000000,ypos:0.000000,xspeed:-14.990000,yspeed:-0.500000,angle:-7.730000,distense:114.200000,rcs:13.000000
