timestame:1619469622.485000000,objid:1,type:0,xpos:0.000000,ypos:0.000000,xspeed:-3.690000,yspeed:0.090000,angle:-15.500000,distense:60.800000,rcs:22.000000
timestame:1619469622.485000000,objid:2,type:0,xpos:0.000000,ypos:0.000000,xspeed:-3.820000,yspeed:-0.250000,angle:-13.510000,distense:73.200000,rcs:21.000000
timestame:1619469622.485000000,objid:4,type:0,xpos:0.000000,ypos:0.000000,xspeed:-15.020000,yspeed:-0.130000,angle:-8.560000,distense:75.200000,rcs:18.000000
