timestame:1619471062.753000000,objid:0,type:0,xpos:0.000000,ypos:0.000000,xspeed:-7.310000,yspeed:0.730000,angle:-4.740000,distense:125.800000,rcs:13.000000
timestame:1619471062.753000000,objid:8,type:0,xpos:0.000000,ypos:0.000000,xspeed:-1.220000,yspeed:3.190000,angle:2.260000,distense:34.800000,rcs:23.000000
timestame:1619471062.753000000,objid:9,type:0,xpos:0.000000,ypos:0.000000,xspeed:-1.650000,yspeed:-0.170000,angle:-9.770000,distense:76.000000,rcs:15.000000
