timestame:1619470082.893000000,objid:4,type:0,xpos:0.000000,ypos:0.000000,xspeed:2.190000,yspeed:-9.250000,angle:-11.440000,distense:54.000000,rcs:13.000000
timestame:1619470082.893000000,objid:5,type:0,xpos:0.000000,ypos:0.000000,xspeed:2.280000,yspeed:-8.260000,angle:-7.860000,distense:52.800000,rcs:18.000000
timestame:1619470082.893000000,objid:7,type:0,xpos:0.000000,ypos:0.000000,xspeed:1.080000,yspeed:-5.610000,angle:-10.630000,distense:46.400000,rcs:22.000000
