timestame:1619469698.445000000,objid:2,type:0,xpos:0.000000,ypos:0.000000,xspeed:-2.350000,yspeed:-3.180000,angle:-18.000000,distense:42.000000,rcs:22.000000
timestame:1619469698.445000000,objid:5,type:0,xpos:0.000000,ypos:0.000000,xspeed:-8.970000,yspeed:-8.690000,angle:-18.000000,distense:40.000000,rcs:9.000000
timestame:1619469698.445000000,objid:8,type:0,xpos:0.000000,ypos:0.000000,xspeed:-1.750000,yspeed:0.000000,angle:-15.580000,distense:43.600000,rcs:29.000000
timestame:1619469698.445000000,objid:13,type:0,xpos:0.000000,ypos:0.000000,xspeed:-15.140000,yspeed:0.400000,angle:-15.320000,distense:37.000000,rcs:28.000000
