timestame:1619469996.525000000,objid:9,type:0,xpos:0.000000,ypos:0.000000,xspeed:1.850000,yspeed:-18.760000,angle:21.360000,distense:44.400000,rcs:25.000000
timestame:1619469996.525000000,objid:11,type:0,xpos:0.000000,ypos:0.000000,xspeed:-1.590000,yspeed:-1.190000,angle:-18.000000,distense:34.200000,rcs:16.000000
timestame:1619469996.525000000,objid:15,type:0,xpos:0.000000,ypos:0.000000,xspeed:-1.580000,yspeed:-2.680000,angle:-18.000000,distense:35.400000,rcs:29.000000
timestame:1619469996.525000000,objid:24,type:0,xpos:0.000000,ypos:0.000000,xspeed:1.570000,yspeed:3.590000,angle:-5.050000,distense:43.200000,rcs:6.000000
