timestame:1619470073.515000000,objid:3,type:0,xpos:0.000000,ypos:0.000000,xspeed:-1.220000,yspeed:2.230000,angle:18.480000,distense:48.000000,rcs:30.000000
timestame:1619470073.515000000,objid:4,type:0,xpos:0.000000,ypos:0.000000,xspeed:-1.500000,yspeed:2.280000,angle:-17.150000,distense:42.800000,rcs:22.000000
timestame:1619470073.515000000,objid:8,type:0,xpos:0.000000,ypos:0.000000,xspeed:1.560000,yspeed:3.140000,angle:-7.080000,distense:41.800000,rcs:9.000000
