timestame:1619471156.357000000,objid:0,type:0,xpos:0.000000,ypos:0.000000,xspeed:1.260000,yspeed:-1.370000,angle:-12.750000,distense:44.600000,rcs:25.000000
timestame:1619471156.357000000,objid:8,type:0,xpos:0.000000,ypos:0.000000,xspeed:5.540000,yspeed:2.550000,angle:-17.090000,distense:30.400000,rcs:30.000000
timestame:1619471156.357000000,objid:14,type:0,xpos:0.000000,ypos:0.000000,xspeed:-1.740000,yspeed:-3.290000,angle:-18.000000,distense:41.200000,rcs:16.000000
timestame:1619471156.357000000,objid:17,type:0,xpos:0.000000,ypos:0.000000,xspeed:11.200000,yspeed:-2.650000,angle:0.290000,distense:70.800000,rcs:6.000000
