timestame:1619470758.732000000,objid:0,type:0,xpos:0.000000,ypos:0.000000,xspeed:-6.940000,yspeed:-12.510000,angle:-11.570000,distense:37.400000,rcs:25.000000
timestame:1619470758.732000000,objid:1,type:0,xpos:0.000000,ypos:0.000000,xspeed:-1.470000,yspeed:-3.160000,angle:-15.760000,distense:38.200000,rcs:30.000000
timestame:1619470758.732000000,objid:5,type:0,xpos:0.000000,ypos:0.000000,xspeed:-1.020000,yspeed:-9.180000,angle:-2.030000,distense:40.000000,rcs:35.000000
