timestame:1619469953.142000000,objid:4,type:0,xpos:0.000000,ypos:0.000000,xspeed:1.180000,yspeed:-4.910000,angle:-11.770000,distense:58.400000,rcs:15.000000
timestame:1619469953.142000000,objid:8,type:0,xpos:0.000000,ypos:0.000000,xspeed:-1.960000,yspeed:1.480000,angle:18.990000,distense:44.600000,rcs:30.000000
timestame:1619469953.142000000,objid:13,type:0,xpos:0.000000,ypos:0.000000,xspeed:-6.630000,yspeed:2.620000,angle:-5.160000,distense:41.000000,rcs:6.000000
timestame:1619469953.142000000,objid:14,type:0,xpos:0.000000,ypos:0.000000,xspeed:-3.870000,yspeed:8.780000,angle:-10.520000,distense:40.600000,rcs:20.000000
