timestame:1619469556.436000000,objid:4,type:0,xpos:0.000000,ypos:0.000000,xspeed:-1.770000,yspeed:6.190000,angle:-0.600000,distense:41.600000,rcs:26.000000
timestame:1619469556.436000000,objid:5,type:0,xpos:0.000000,ypos:0.000000,xspeed:-2.640000,yspeed:7.690000,angle:4.560000,distense:41.000000,rcs:24.000000
timestame:1619469556.436000000,objid:10,type:0,xpos:0.000000,ypos:0.000000,xspeed:1.340000,yspeed:-4.540000,angle:4.790000,distense:50.000000,rcs:21.000000
