timestame:1619470462.827000000,objid:0,type:0,xpos:0.000000,ypos:0.000000,xspeed:-14.600000,yspeed:-0.610000,angle:-10.900000,distense:66.600000,rcs:13.000000
timestame:1619470462.827000000,objid:2,type:0,xpos:0.000000,ypos:0.000000,xspeed:6.080000,yspeed:0.140000,angle:3.220000,distense:192.200000,rcs:13.000000
