timestame:1619470930.224000000,objid:3,type:0,xpos:0.000000,ypos:0.000000,xspeed:-2.240000,yspeed:-0.150000,angle:1.560000,distense:19.000000,rcs:30.000000
timestame:1619470930.224000000,objid:7,type:0,xpos:0.000000,ypos:0.000000,xspeed:-1.560000,yspeed:0.540000,angle:-9.810000,distense:90.200000,rcs:13.000000
