timestame:1619470798.567000000,objid:3,type:0,xpos:0.000000,ypos:0.000000,xspeed:1.330000,yspeed:-11.790000,angle:-18.000000,distense:68.200000,rcs:6.000000
timestame:1619470798.567000000,objid:7,type:0,xpos:0.000000,ypos:0.000000,xspeed:-1.170000,yspeed:0.000000,angle:19.150000,distense:44.800000,rcs:30.000000
timestame:1619470798.567000000,objid:12,type:0,xpos:0.000000,ypos:0.000000,xspeed:-7.090000,yspeed:-14.350000,angle:0.430000,distense:66.800000,rcs:6.000000
timestame:1619470798.567000000,objid:15,type:0,xpos:0.000000,ypos:0.000000,xspeed:-1.240000,yspeed:-2.150000,angle:-18.000000,distense:37.600000,rcs:39.000000
