timestame:1619471365.635000000,objid:1,type:0,xpos:0.000000,ypos:0.000000,xspeed:6.770000,yspeed:-0.790000,angle:3.170000,distense:104.800000,rcs:22.000000
timestame:1619471365.635000000,objid:2,type:0,xpos:0.000000,ypos:0.000000,xspeed:7.500000,yspeed:-0.140000,angle:3.420000,distense:110.200000,rcs:12.000000
timestame:1619471365.635000000,objid:7,type:0,xpos:0.000000,ypos:0.000000,xspeed:11.380000,yspeed:0.460000,angle:1.830000,distense:136.600000,rcs:12.000000
