timestame:1619470926.132000000,objid:3,type:0,xpos:0.000000,ypos:0.000000,xspeed:-9.440000,yspeed:-0.540000,angle:-7.920000,distense:111.600000,rcs:19.000000
timestame:1619470926.132000000,objid:4,type:0,xpos:0.000000,ypos:0.000000,xspeed:3.360000,yspeed:11.190000,angle:18.080000,distense:14.000000,rcs:12.000000
