timestame:1619471091.495000000,objid:1,type:0,xpos:0.000000,ypos:0.000000,xspeed:11.170000,yspeed:0.240000,angle:4.900000,distense:63.400000,rcs:16.000000
timestame:1619471091.495000000,objid:2,type:0,xpos:0.000000,ypos:0.000000,xspeed:6.380000,yspeed:0.320000,angle:2.310000,distense:51.800000,rcs:44.000000
timestame:1619471091.495000000,objid:4,type:0,xpos:0.000000,ypos:0.000000,xspeed:-22.350000,yspeed:-1.250000,angle:-18.000000,distense:22.000000,rcs:6.000000
timestame:1619471091.495000000,objid:5,type:0,xpos:0.000000,ypos:0.000000,xspeed:11.990000,yspeed:0.970000,angle:2.120000,distense:114.200000,rcs:18.000000
