timestame:1619471223.812000000,objid:0,type:0,xpos:0.000000,ypos:0.000000,xspeed:2.260000,yspeed:0.360000,angle:2.020000,distense:60.600000,rcs:6.000000
timestame:1619471223.812000000,objid:1,type:0,xpos:0.000000,ypos:0.000000,xspeed:6.000000,yspeed:-0.090000,angle:-4.900000,distense:31.200000,rcs:32.000000
timestame:1619471223.812000000,objid:6,type:0,xpos:0.000000,ypos:0.000000,xspeed:4.520000,yspeed:0.280000,angle:2.450000,distense:67.200000,rcs:9.000000
timestame:1619471223.812000000,objid:9,type:0,xpos:0.000000,ypos:0.000000,xspeed:4.600000,yspeed:0.220000,angle:2.920000,distense:48.600000,rcs:51.000000
