timestame:1619470030.342000000,objid:1,type:0,xpos:0.000000,ypos:0.000000,xspeed:5.270000,yspeed:0.550000,angle:2.760000,distense:34.600000,rcs:40.000000
timestame:1619470030.342000000,objid:4,type:0,xpos:0.000000,ypos:0.000000,xspeed:9.270000,yspeed:-0.150000,angle:2.180000,distense:59.000000,rcs:32.000000
timestame:1619470030.342000000,objid:5,type:0,xpos:0.000000,ypos:0.000000,xspeed:2.320000,yspeed:-0.360000,angle:-18.000000,distense:56.000000,rcs:9.000000
