timestame:1619470124.716000000,objid:1,type:0,xpos:0.000000,ypos:0.000000,xspeed:4.250000,yspeed:3.890000,angle:-16.320000,distense:39.200000,rcs:12.000000
timestame:1619470124.716000000,objid:3,type:0,xpos:0.000000,ypos:0.000000,xspeed:-5.720000,yspeed:-2.670000,angle:11.200000,distense:39.400000,rcs:12.000000
timestame:1619470124.716000000,objid:4,type:0,xpos:0.000000,ypos:0.000000,xspeed:3.990000,yspeed:1.270000,angle:22.610000,distense:30.800000,rcs:28.000000
timestame:1619470124.716000000,objid:6,type:0,xpos:0.000000,ypos:0.000000,xspeed:4.140000,yspeed:3.020000,angle:-14.720000,distense:37.000000,rcs:25.000000
