timestame:1619470983.215000000,objid:0,type:0,xpos:0.000000,ypos:0.000000,xspeed:8.290000,yspeed:0.250000,angle:2.330000,distense:177.000000,rcs:30.000000
timestame:1619470983.215000000,objid:1,type:0,xpos:0.000000,ypos:0.000000,xspeed:-15.560000,yspeed:-0.220000,angle:-6.860000,distense:94.200000,rcs:24.000000
timestame:1619470983.215000000,objid:3,type:0,xpos:0.000000,ypos:0.000000,xspeed:3.560000,yspeed:-2.860000,angle:12.790000,distense:68.200000,rcs:9.000000
