timestame:1619470437.483000000,objid:1,type:0,xpos:0.000000,ypos:0.000000,xspeed:12.400000,yspeed:-2.290000,angle:1.020000,distense:21.200000,rcs:22.000000
timestame:1619470437.483000000,objid:2,type:0,xpos:0.000000,ypos:0.000000,xspeed:3.810000,yspeed:0.010000,angle:11.580000,distense:65.800000,rcs:18.000000
