timestame:1619471433.482000000,objid:1,type:0,xpos:0.000000,ypos:0.000000,xspeed:4.450000,yspeed:-0.980000,angle:1.660000,distense:45.000000,rcs:25.000000
timestame:1619471433.482000000,objid:2,type:0,xpos:0.000000,ypos:0.000000,xspeed:2.810000,yspeed:-3.910000,angle:2.340000,distense:45.000000,rcs:6.000000
timestame:1619471433.482000000,objid:5,type:0,xpos:0.000000,ypos:0.000000,xspeed:-1.140000,yspeed:-6.450000,angle:-4.630000,distense:39.400000,rcs:32.000000
timestame:1619471433.482000000,objid:14,type:0,xpos:0.000000,ypos:0.000000,xspeed:-2.050000,yspeed:12.070000,angle:-4.000000,distense:49.000000,rcs:9.000000
