timestame:1619470738.899000000,objid:0,type:0,xpos:0.000000,ypos:0.000000,xspeed:-16.370000,yspeed:-0.740000,angle:-5.290000,distense:133.000000,rcs:18.000000
timestame:1619470738.899000000,objid:1,type:0,xpos:0.000000,ypos:0.000000,xspeed:12.020000,yspeed:-0.080000,angle:1.040000,distense:133.400000,rcs:9.000000
timestame:1619470738.899000000,objid:3,type:0,xpos:0.000000,ypos:0.000000,xspeed:2.700000,yspeed:-3.010000,angle:-16.100000,distense:47.600000,rcs:15.000000
timestame:1619470738.899000000,objid:6,type:0,xpos:0.000000,ypos:0.000000,xspeed:12.220000,yspeed:0.170000,angle:1.450000,distense:123.200000,rcs:28.000000
