timestame:1619470648.252000000,objid:0,type:0,xpos:0.000000,ypos:0.000000,xspeed:-1.010000,yspeed:-4.250000,angle:7.100000,distense:41.000000,rcs:25.000000
timestame:1619470648.252000000,objid:2,type:0,xpos:0.000000,ypos:0.000000,xspeed:-5.540000,yspeed:-0.080000,angle:-6.200000,distense:139.200000,rcs:13.000000
timestame:1619470648.252000000,objid:4,type:0,xpos:0.000000,ypos:0.000000,xspeed:-1.560000,yspeed:-2.720000,angle:-18.000000,distense:40.600000,rcs:28.000000
timestame:1619470648.252000000,objid:9,type:0,xpos:0.000000,ypos:0.000000,xspeed:-1.630000,yspeed:-3.090000,angle:-12.640000,distense:41.000000,rcs:25.000000
