timestame:1619470801.925000000,objid:2,type:0,xpos:0.000000,ypos:0.000000,xspeed:-7.430000,yspeed:-4.070000,angle:-18.000000,distense:25.200000,rcs:9.000000
timestame:1619470801.925000000,objid:3,type:0,xpos:0.000000,ypos:0.000000,xspeed:-1.540000,yspeed:-1.880000,angle:-18.000000,distense:39.000000,rcs:16.000000
timestame:1619470801.925000000,objid:4,type:0,xpos:0.000000,ypos:0.000000,xspeed:-1.770000,yspeed:-3.520000,angle:-17.350000,distense:42.400000,rcs:27.000000
timestame:1619470801.925000000,objid:15,type:0,xpos:0.000000,ypos:0.000000,xspeed:-1.520000,yspeed:-1.350000,angle:-18.000000,distense:36.200000,rcs:6.000000
