timestame:1619469874.414000000,objid:0,type:0,xpos:0.000000,ypos:0.000000,xspeed:-2.780000,yspeed:-0.240000,angle:-18.000000,distense:24.600000,rcs:6.000000
timestame:1619469874.414000000,objid:6,type:0,xpos:0.000000,ypos:0.000000,xspeed:11.530000,yspeed:-4.930000,angle:17.400000,distense:52.800000,rcs:12.000000
timestame:1619469874.414000000,objid:13,type:0,xpos:0.000000,ypos:0.000000,xspeed:2.170000,yspeed:2.540000,angle:-11.830000,distense:43.400000,rcs:19.000000
