timestame:1619470771.118000000,objid:0,type:0,xpos:0.000000,ypos:0.000000,xspeed:-10.840000,yspeed:-0.220000,angle:-5.950000,distense:142.400000,rcs:13.000000
timestame:1619470771.118000000,objid:1,type:0,xpos:0.000000,ypos:0.000000,xspeed:12.720000,yspeed:0.200000,angle:1.840000,distense:102.800000,rcs:26.000000
timestame:1619470771.118000000,objid:2,type:0,xpos:0.000000,ypos:0.000000,xspeed:-10.720000,yspeed:1.160000,angle:-6.080000,distense:139.200000,rcs:13.000000
