timestame:1619470442.019000000,objid:1,type:0,xpos:0.000000,ypos:0.000000,xspeed:15.660000,yspeed:0.550000,angle:2.270000,distense:90.400000,rcs:13.000000
timestame:1619470442.019000000,objid:2,type:0,xpos:0.000000,ypos:0.000000,xspeed:3.910000,yspeed:-0.050000,angle:9.110000,distense:82.800000,rcs:22.000000
