timestame:1619471532.891000000,objid:4,type:0,xpos:0.000000,ypos:0.000000,xspeed:-13.400000,yspeed:-0.600000,angle:-3.050000,distense:183.200000,rcs:9.000000
timestame:1619471532.891000000,objid:6,type:0,xpos:0.000000,ypos:0.000000,xspeed:2.670000,yspeed:3.440000,angle:11.800000,distense:45.000000,rcs:26.000000
timestame:1619471532.891000000,objid:7,type:0,xpos:0.000000,ypos:0.000000,xspeed:2.610000,yspeed:-4.320000,angle:10.360000,distense:54.000000,rcs:9.000000
timestame:1619471532.891000000,objid:10,type:0,xpos:0.000000,ypos:0.000000,xspeed:-12.570000,yspeed:-4.650000,angle:-3.910000,distense:191.200000,rcs:9.000000
