timestame:1619471438.944000000,objid:6,type:0,xpos:0.000000,ypos:0.000000,xspeed:5.890000,yspeed:0.650000,angle:-6.900000,distense:90.800000,rcs:9.000000
timestame:1619471438.944000000,objid:8,type:0,xpos:0.000000,ypos:0.000000,xspeed:-3.440000,yspeed:-1.920000,angle:-18.000000,distense:30.200000,rcs:6.000000
