timestame:1619470031.652000000,objid:1,type:0,xpos:0.000000,ypos:0.000000,xspeed:6.470000,yspeed:0.340000,angle:2.480000,distense:44.800000,rcs:32.000000
timestame:1619470031.652000000,objid:4,type:0,xpos:0.000000,ypos:0.000000,xspeed:11.240000,yspeed:0.190000,angle:1.980000,distense:74.600000,rcs:21.000000
timestame:1619470031.652000000,objid:7,type:0,xpos:0.000000,ypos:0.000000,xspeed:1.780000,yspeed:-1.540000,angle:6.020000,distense:21.800000,rcs:27.000000
