timestame:1619469618.067000000,objid:4,type:0,xpos:0.000000,ypos:0.000000,xspeed:-18.560000,yspeed:2.940000,angle:-4.360000,distense:142.800000,rcs:12.000000
timestame:1619469618.067000000,objid:6,type:0,xpos:0.000000,ypos:0.000000,xspeed:-2.040000,yspeed:0.000000,angle:-11.940000,distense:78.800000,rcs:23.000000
