timestame:1619469555.574000000,objid:2,type:0,xpos:0.000000,ypos:0.000000,xspeed:-1.400000,yspeed:4.880000,angle:-18.000000,distense:39.600000,rcs:24.000000
timestame:1619469555.574000000,objid:3,type:0,xpos:0.000000,ypos:0.000000,xspeed:-1.740000,yspeed:5.970000,angle:-12.280000,distense:44.200000,rcs:12.000000
timestame:1619469555.574000000,objid:4,type:0,xpos:0.000000,ypos:0.000000,xspeed:-2.280000,yspeed:6.390000,angle:-7.120000,distense:42.800000,rcs:19.000000
timestame:1619469555.574000000,objid:10,type:0,xpos:0.000000,ypos:0.000000,xspeed:2.980000,yspeed:-8.100000,angle:8.880000,distense:49.400000,rcs:30.000000
