timestame:1619469616.944000000,objid:1,type:0,xpos:0.000000,ypos:0.000000,xspeed:-1.130000,yspeed:0.780000,angle:-12.320000,distense:77.000000,rcs:18.000000
timestame:1619469616.944000000,objid:2,type:0,xpos:0.000000,ypos:0.000000,xspeed:17.190000,yspeed:0.000000,angle:-10.140000,distense:87.800000,rcs:19.000000
