timestame:1619469856.224000000,objid:5,type:0,xpos:0.000000,ypos:0.000000,xspeed:-1.510000,yspeed:-1.510000,angle:-7.090000,distense:61.000000,rcs:6.000000
timestame:1619469856.224000000,objid:10,type:0,xpos:0.000000,ypos:0.000000,xspeed:-10.750000,yspeed:-0.060000,angle:-5.130000,distense:127.600000,rcs:19.000000
