timestame:1619470461.714000000,objid:0,type:0,xpos:0.000000,ypos:0.000000,xspeed:-15.700000,yspeed:-0.990000,angle:-8.800000,distense:81.600000,rcs:15.000000
timestame:1619470461.714000000,objid:2,type:0,xpos:0.000000,ypos:0.000000,xspeed:5.920000,yspeed:0.000000,angle:3.180000,distense:185.200000,rcs:16.000000
