timestame:1619469576.455000000,objid:3,type:0,xpos:0.000000,ypos:0.000000,xspeed:-7.180000,yspeed:-0.060000,angle:-7.330000,distense:118.200000,rcs:15.000000
timestame:1619469576.455000000,objid:5,type:0,xpos:0.000000,ypos:0.000000,xspeed:-6.830000,yspeed:-0.200000,angle:-7.570000,distense:115.400000,rcs:18.000000
