timestame:1619470236.821000000,objid:3,type:0,xpos:0.000000,ypos:0.000000,xspeed:-1.460000,yspeed:-3.630000,angle:-17.870000,distense:41.400000,rcs:33.000000
timestame:1619470236.821000000,objid:9,type:0,xpos:0.000000,ypos:0.000000,xspeed:-1.250000,yspeed:-2.450000,angle:-18.000000,distense:38.600000,rcs:26.000000
timestame:1619470236.821000000,objid:11,type:0,xpos:0.000000,ypos:0.000000,xspeed:-5.120000,yspeed:0.050000,angle:-4.920000,distense:126.800000,rcs:18.000000
timestame:1619470236.821000000,objid:14,type:0,xpos:0.000000,ypos:0.000000,xspeed:-1.270000,yspeed:-0.740000,angle:-18.000000,distense:35.200000,rcs:9.000000
