timestame:1619470989.355000000,objid:3,type:0,xpos:0.000000,ypos:0.000000,xspeed:5.160000,yspeed:0.020000,angle:7.880000,distense:98.200000,rcs:6.000000
timestame:1619470989.355000000,objid:4,type:0,xpos:0.000000,ypos:0.000000,xspeed:-13.460000,yspeed:-0.470000,angle:-11.900000,distense:64.600000,rcs:13.000000
