timestame:1619471230.687000000,objid:0,type:0,xpos:0.000000,ypos:0.000000,xspeed:6.430000,yspeed:0.080000,angle:2.040000,distense:99.400000,rcs:13.000000
timestame:1619471230.687000000,objid:1,type:0,xpos:0.000000,ypos:0.000000,xspeed:2.980000,yspeed:-5.310000,angle:-18.000000,distense:66.200000,rcs:6.000000
timestame:1619471230.687000000,objid:9,type:0,xpos:0.000000,ypos:0.000000,xspeed:6.710000,yspeed:0.110000,angle:1.980000,distense:91.200000,rcs:37.000000
