timestame:1619470128.684000000,objid:2,type:0,xpos:0.000000,ypos:0.000000,xspeed:10.480000,yspeed:8.260000,angle:16.620000,distense:33.000000,rcs:12.000000
timestame:1619470128.684000000,objid:6,type:0,xpos:0.000000,ypos:0.000000,xspeed:-23.900000,yspeed:0.000000,angle:-6.150000,distense:12.400000,rcs:16.000000
timestame:1619470128.684000000,objid:7,type:0,xpos:0.000000,ypos:0.000000,xspeed:-9.900000,yspeed:0.670000,angle:-4.470000,distense:123.400000,rcs:13.000000
timestame:1619470128.684000000,objid:9,type:0,xpos:0.000000,ypos:0.000000,xspeed:5.520000,yspeed:0.880000,angle:-17.880000,distense:22.400000,rcs:18.000000
