timestame:1619471182.500000000,objid:8,type:0,xpos:0.000000,ypos:0.000000,xspeed:4.410000,yspeed:2.370000,angle:-9.020000,distense:43.400000,rcs:9.000000
timestame:1619471182.500000000,objid:10,type:0,xpos:0.000000,ypos:0.000000,xspeed:-6.090000,yspeed:1.110000,angle:-7.070000,distense:116.600000,rcs:15.000000
timestame:1619471182.500000000,objid:13,type:0,xpos:0.000000,ypos:0.000000,xspeed:-3.690000,yspeed:-0.060000,angle:-10.320000,distense:87.800000,rcs:21.000000
timestame:1619471182.500000000,objid:16,type:0,xpos:0.000000,ypos:0.000000,xspeed:1.850000,yspeed:3.950000,angle:-4.750000,distense:44.200000,rcs:15.000000
