timestame:1619469924.884000000,objid:1,type:0,xpos:0.000000,ypos:0.000000,xspeed:6.360000,yspeed:0.230000,angle:1.520000,distense:160.000000,rcs:15.000000
timestame:1619469924.884000000,objid:8,type:0,xpos:0.000000,ypos:0.000000,xspeed:6.300000,yspeed:0.000000,angle:1.250000,distense:152.800000,rcs:22.000000
