timestame:1619469572.429000000,objid:1,type:0,xpos:0.000000,ypos:0.000000,xspeed:-6.260000,yspeed:-2.990000,angle:-18.000000,distense:32.000000,rcs:9.000000
timestame:1619469572.429000000,objid:3,type:0,xpos:0.000000,ypos:0.000000,xspeed:-8.510000,yspeed:0.580000,angle:-5.560000,distense:147.400000,rcs:12.000000
timestame:1619469572.429000000,objid:5,type:0,xpos:0.000000,ypos:0.000000,xspeed:-9.020000,yspeed:-0.840000,angle:-6.280000,distense:143.400000,rcs:6.000000
timestame:1619469572.429000000,objid:8,type:0,xpos:0.000000,ypos:0.000000,xspeed:-2.540000,yspeed:-1.850000,angle:-18.000000,distense:36.400000,rcs:12.000000
