timestame:1619469535.707000000,objid:4,type:0,xpos:0.000000,ypos:0.000000,xspeed:16.470000,yspeed:0.480000,angle:2.130000,distense:91.200000,rcs:13.000000
timestame:1619469535.707000000,objid:7,type:0,xpos:0.000000,ypos:0.000000,xspeed:16.370000,yspeed:0.410000,angle:1.700000,distense:98.600000,rcs:19.000000
