timestame:1619469754.604000000,objid:2,type:0,xpos:0.000000,ypos:0.000000,xspeed:-14.300000,yspeed:-3.040000,angle:-6.170000,distense:15.200000,rcs:18.000000
timestame:1619469754.604000000,objid:3,type:0,xpos:0.000000,ypos:0.000000,xspeed:7.260000,yspeed:-3.020000,angle:22.210000,distense:22.800000,rcs:29.000000
timestame:1619469754.604000000,objid:4,type:0,xpos:0.000000,ypos:0.000000,xspeed:-13.240000,yspeed:-0.670000,angle:9.000000,distense:11.000000,rcs:6.000000
timestame:1619469754.604000000,objid:5,type:0,xpos:0.000000,ypos:0.000000,xspeed:7.050000,yspeed:5.420000,angle:22.570000,distense:25.600000,rcs:25.000000
