timestame:1619469621.367000000,objid:1,type:0,xpos:0.000000,ypos:0.000000,xspeed:-2.900000,yspeed:0.050000,angle:-14.420000,distense:66.000000,rcs:20.000000
timestame:1619469621.367000000,objid:2,type:0,xpos:0.000000,ypos:0.000000,xspeed:-3.550000,yspeed:-0.860000,angle:-12.920000,distense:77.800000,rcs:23.000000
timestame:1619469621.367000000,objid:4,type:0,xpos:0.000000,ypos:0.000000,xspeed:-15.590000,yspeed:0.130000,angle:-6.780000,distense:91.400000,rcs:9.000000
