timestame:1619470190.173000000,objid:2,type:0,xpos:0.000000,ypos:0.000000,xspeed:-5.830000,yspeed:3.440000,angle:-2.180000,distense:50.000000,rcs:33.000000
timestame:1619470190.173000000,objid:7,type:0,xpos:0.000000,ypos:0.000000,xspeed:3.580000,yspeed:0.550000,angle:6.170000,distense:138.600000,rcs:15.000000
