timestame:1619471261.673000000,objid:2,type:0,xpos:0.000000,ypos:0.000000,xspeed:12.560000,yspeed:0.150000,angle:3.710000,distense:95.800000,rcs:36.000000
timestame:1619471261.673000000,objid:6,type:0,xpos:0.000000,ypos:0.000000,xspeed:12.610000,yspeed:-0.180000,angle:3.380000,distense:108.200000,rcs:12.000000
timestame:1619471261.673000000,objid:10,type:0,xpos:0.000000,ypos:0.000000,xspeed:12.480000,yspeed:0.410000,angle:4.530000,distense:83.600000,rcs:30.000000
