timestame:1619469773.464000000,objid:1,type:0,xpos:0.000000,ypos:0.000000,xspeed:3.760000,yspeed:1.980000,angle:-15.640000,distense:30.600000,rcs:15.000000
timestame:1619469773.464000000,objid:3,type:0,xpos:0.000000,ypos:0.000000,xspeed:4.000000,yspeed:1.320000,angle:20.860000,distense:42.000000,rcs:12.000000
timestame:1619469773.464000000,objid:7,type:0,xpos:0.000000,ypos:0.000000,xspeed:3.520000,yspeed:2.710000,angle:-13.020000,distense:40.600000,rcs:19.000000
