timestame:1619470608.509000000,objid:0,type:0,xpos:0.000000,ypos:0.000000,xspeed:19.910000,yspeed:-2.400000,angle:15.780000,distense:25.600000,rcs:22.000000
timestame:1619470608.509000000,objid:1,type:0,xpos:0.000000,ypos:0.000000,xspeed:1.200000,yspeed:-1.710000,angle:-14.720000,distense:51.200000,rcs:6.000000
timestame:1619470608.509000000,objid:2,type:0,xpos:0.000000,ypos:0.000000,xspeed:7.370000,yspeed:1.100000,angle:22.000000,distense:22.400000,rcs:20.000000
