timestame:1619470083.268000000,objid:4,type:0,xpos:0.000000,ypos:0.000000,xspeed:2.170000,yspeed:-9.050000,angle:-14.320000,distense:55.400000,rcs:15.000000
timestame:1619470083.268000000,objid:5,type:0,xpos:0.000000,ypos:0.000000,xspeed:2.400000,yspeed:-8.660000,angle:-11.260000,distense:54.400000,rcs:18.000000
