timestame:1619469691.434000000,objid:2,type:0,xpos:0.000000,ypos:0.000000,xspeed:1.500000,yspeed:-7.520000,angle:-9.260000,distense:60.400000,rcs:20.000000
timestame:1619469691.434000000,objid:3,type:0,xpos:0.000000,ypos:0.000000,xspeed:1.690000,yspeed:-1.780000,angle:-14.710000,distense:48.200000,rcs:9.000000
timestame:1619469691.434000000,objid:4,type:0,xpos:0.000000,ypos:0.000000,xspeed:1.440000,yspeed:-5.840000,angle:18.560000,distense:46.000000,rcs:30.000000
timestame:1619469691.434000000,objid:13,type:0,xpos:0.000000,ypos:0.000000,xspeed:-1.760000,yspeed:6.800000,angle:13.240000,distense:34.600000,rcs:6.000000
