timestame:1619470038.944000000,objid:0,type:0,xpos:0.000000,ypos:0.000000,xspeed:1.940000,yspeed:0.600000,angle:10.610000,distense:31.000000,rcs:6.000000
timestame:1619470038.944000000,objid:1,type:0,xpos:0.000000,ypos:0.000000,xspeed:10.890000,yspeed:0.020000,angle:1.510000,distense:119.200000,rcs:9.000000
timestame:1619470038.944000000,objid:3,type:0,xpos:0.000000,ypos:0.000000,xspeed:12.530000,yspeed:0.340000,angle:2.230000,distense:90.400000,rcs:28.000000
timestame:1619470038.944000000,objid:5,type:0,xpos:0.000000,ypos:0.000000,xspeed:3.710000,yspeed:0.380000,angle:9.110000,distense:28.800000,rcs:33.000000
