timestame:1619469815.225000000,objid:1,type:0,xpos:0.000000,ypos:0.000000,xspeed:2.260000,yspeed:5.070000,angle:-6.470000,distense:51.800000,rcs:18.000000
timestame:1619469815.225000000,objid:3,type:0,xpos:0.000000,ypos:0.000000,xspeed:-2.070000,yspeed:-2.740000,angle:-1.920000,distense:50.000000,rcs:16.000000
timestame:1619469815.225000000,objid:4,type:0,xpos:0.000000,ypos:0.000000,xspeed:-11.460000,yspeed:-2.570000,angle:-3.710000,distense:185.400000,rcs:9.000000
