timestame:1619471251.895000000,objid:1,type:0,xpos:0.000000,ypos:0.000000,xspeed:2.010000,yspeed:2.820000,angle:1.290000,distense:76.600000,rcs:9.000000
timestame:1619471251.895000000,objid:3,type:0,xpos:0.000000,ypos:0.000000,xspeed:-17.470000,yspeed:-1.050000,angle:-5.680000,distense:150.000000,rcs:6.000000
