timestame:1619469763.132000000,objid:1,type:0,xpos:0.000000,ypos:0.000000,xspeed:-20.980000,yspeed:0.000000,angle:-3.620000,distense:157.800000,rcs:6.000000
timestame:1619469763.132000000,objid:3,type:0,xpos:0.000000,ypos:0.000000,xspeed:4.900000,yspeed:0.970000,angle:18.900000,distense:26.000000,rcs:30.000000
timestame:1619469763.132000000,objid:5,type:0,xpos:0.000000,ypos:0.000000,xspeed:-17.990000,yspeed:-0.250000,angle:-17.030000,distense:58.400000,rcs:22.000000
timestame:1619469763.132000000,objid:6,type:0,xpos:0.000000,ypos:0.000000,xspeed:2.240000,yspeed:-0.040000,angle:-17.370000,distense:19.200000,rcs:18.000000
