timestame:1619470294.647000000,objid:0,type:0,xpos:0.000000,ypos:0.000000,xspeed:1.900000,yspeed:0.090000,angle:5.370000,distense:22.600000,rcs:25.000000
timestame:1619470294.647000000,objid:1,type:0,xpos:0.000000,ypos:0.000000,xspeed:-1.100000,yspeed:-0.050000,angle:5.260000,distense:9.400000,rcs:30.000000
timestame:1619470294.647000000,objid:5,type:0,xpos:0.000000,ypos:0.000000,xspeed:2.830000,yspeed:0.610000,angle:2.960000,distense:20.600000,rcs:28.000000
