timestame:1619469539.058000000,objid:4,type:0,xpos:0.000000,ypos:0.000000,xspeed:17.350000,yspeed:0.230000,angle:1.510000,distense:149.600000,rcs:23.000000
timestame:1619469539.058000000,objid:7,type:0,xpos:0.000000,ypos:0.000000,xspeed:17.250000,yspeed:0.180000,angle:1.210000,distense:156.800000,rcs:6.000000
