timestame:1619471461.992000000,objid:1,type:0,xpos:0.000000,ypos:0.000000,xspeed:-6.240000,yspeed:-0.990000,angle:-5.650000,distense:118.000000,rcs:13.000000
timestame:1619471461.992000000,objid:3,type:0,xpos:0.000000,ypos:0.000000,xspeed:-7.480000,yspeed:-1.590000,angle:-5.260000,distense:184.200000,rcs:9.000000
