timestame:1619470458.482000000,objid:0,type:0,xpos:0.000000,ypos:0.000000,xspeed:-19.110000,yspeed:4.560000,angle:-4.440000,distense:133.200000,rcs:9.000000
timestame:1619470458.482000000,objid:2,type:0,xpos:0.000000,ypos:0.000000,xspeed:5.790000,yspeed:-0.090000,angle:3.530000,distense:166.200000,rcs:6.000000
