timestame:1619470460.970000000,objid:0,type:0,xpos:0.000000,ypos:0.000000,xspeed:-16.520000,yspeed:-1.560000,angle:-7.860000,distense:91.800000,rcs:19.000000
timestame:1619470460.970000000,objid:2,type:0,xpos:0.000000,ypos:0.000000,xspeed:5.860000,yspeed:0.010000,angle:3.260000,distense:180.800000,rcs:9.000000
