timestame:1619470286.647000000,objid:2,type:0,xpos:0.000000,ypos:0.000000,xspeed:-12.850000,yspeed:-0.250000,angle:-8.000000,distense:109.400000,rcs:20.000000
timestame:1619470286.647000000,objid:5,type:0,xpos:0.000000,ypos:0.000000,xspeed:-5.600000,yspeed:-0.400000,angle:-18.000000,distense:44.200000,rcs:25.000000
timestame:1619470286.647000000,objid:7,type:0,xpos:0.000000,ypos:0.000000,xspeed:-5.070000,yspeed:-0.360000,angle:-18.000000,distense:39.800000,rcs:24.000000
timestame:1619470286.647000000,objid:11,type:0,xpos:0.000000,ypos:0.000000,xspeed:-5.350000,yspeed:-0.300000,angle:-18.000000,distense:33.400000,rcs:19.000000
