timestame:1619470016.979000000,objid:0,type:0,xpos:0.000000,ypos:0.000000,xspeed:-4.470000,yspeed:-1.100000,angle:-18.000000,distense:27.800000,rcs:16.000000
timestame:1619470016.979000000,objid:4,type:0,xpos:0.000000,ypos:0.000000,xspeed:-3.720000,yspeed:-6.100000,angle:4.540000,distense:44.800000,rcs:6.000000
timestame:1619470016.979000000,objid:7,type:0,xpos:0.000000,ypos:0.000000,xspeed:1.410000,yspeed:1.470000,angle:-18.000000,distense:31.200000,rcs:20.000000
timestame:1619470016.979000000,objid:14,type:0,xpos:0.000000,ypos:0.000000,xspeed:-1.770000,yspeed:-1.530000,angle:-18.000000,distense:32.200000,rcs:9.000000
