timestame:1619471313.429000000,objid:1,type:0,xpos:0.000000,ypos:0.000000,xspeed:-12.360000,yspeed:-2.360000,angle:-3.570000,distense:175.800000,rcs:16.000000
timestame:1619471313.429000000,objid:2,type:0,xpos:0.000000,ypos:0.000000,xspeed:1.820000,yspeed:4.050000,angle:-6.070000,distense:47.200000,rcs:6.000000
timestame:1619471313.429000000,objid:3,type:0,xpos:0.000000,ypos:0.000000,xspeed:2.850000,yspeed:3.890000,angle:-9.300000,distense:42.600000,rcs:9.000000
timestame:1619471313.429000000,objid:4,type:0,xpos:0.000000,ypos:0.000000,xspeed:-1.180000,yspeed:5.220000,angle:9.750000,distense:36.600000,rcs:9.000000
