timestame:1619470135.705000000,objid:3,type:0,xpos:0.000000,ypos:0.000000,xspeed:-3.660000,yspeed:-0.930000,angle:-18.000000,distense:23.800000,rcs:6.000000
timestame:1619470135.705000000,objid:6,type:0,xpos:0.000000,ypos:0.000000,xspeed:1.550000,yspeed:3.590000,angle:-1.820000,distense:47.600000,rcs:6.000000
timestame:1619470135.705000000,objid:7,type:0,xpos:0.000000,ypos:0.000000,xspeed:-4.950000,yspeed:-0.190000,angle:-9.240000,distense:79.000000,rcs:18.000000
timestame:1619470135.705000000,objid:8,type:0,xpos:0.000000,ypos:0.000000,xspeed:3.630000,yspeed:3.140000,angle:-11.040000,distense:38.400000,rcs:24.000000
