timestame:1619471307.217000000,objid:0,type:0,xpos:0.000000,ypos:0.000000,xspeed:3.650000,yspeed:0.590000,angle:18.900000,distense:26.000000,rcs:18.000000
timestame:1619471307.217000000,objid:1,type:0,xpos:0.000000,ypos:0.000000,xspeed:-7.040000,yspeed:2.220000,angle:-18.000000,distense:26.200000,rcs:9.000000
timestame:1619471307.217000000,objid:2,type:0,xpos:0.000000,ypos:0.000000,xspeed:4.880000,yspeed:1.260000,angle:-17.800000,distense:24.600000,rcs:21.000000
