timestame:1619470484.358000000,objid:1,type:0,xpos:0.000000,ypos:0.000000,xspeed:-3.530000,yspeed:-0.190000,angle:-8.580000,distense:82.800000,rcs:23.000000
timestame:1619470484.358000000,objid:2,type:0,xpos:0.000000,ypos:0.000000,xspeed:1.580000,yspeed:-5.250000,angle:9.860000,distense:62.000000,rcs:18.000000
timestame:1619470484.358000000,objid:3,type:0,xpos:0.000000,ypos:0.000000,xspeed:1.030000,yspeed:-3.010000,angle:12.510000,distense:45.400000,rcs:9.000000
timestame:1619470484.358000000,objid:5,type:0,xpos:0.000000,ypos:0.000000,xspeed:-4.190000,yspeed:-5.500000,angle:-10.790000,distense:60.400000,rcs:9.000000
