timestame:1619470079.852000000,objid:0,type:0,xpos:0.000000,ypos:0.000000,xspeed:1.670000,yspeed:-5.440000,angle:17.710000,distense:49.800000,rcs:20.000000
timestame:1619470079.852000000,objid:1,type:0,xpos:0.000000,ypos:0.000000,xspeed:-4.010000,yspeed:-1.540000,angle:-10.610000,distense:45.600000,rcs:13.000000
timestame:1619470079.852000000,objid:4,type:0,xpos:0.000000,ypos:0.000000,xspeed:-6.260000,yspeed:5.720000,angle:3.960000,distense:48.400000,rcs:13.000000
