timestame:1619469606.781000000,objid:3,type:0,xpos:0.000000,ypos:0.000000,xspeed:-3.830000,yspeed:0.510000,angle:-10.070000,distense:91.000000,rcs:16.000000
timestame:1619469606.781000000,objid:4,type:0,xpos:0.000000,ypos:0.000000,xspeed:-1.990000,yspeed:4.500000,angle:-11.180000,distense:78.600000,rcs:21.000000
