timestame:1619470565.555000000,objid:0,type:0,xpos:0.000000,ypos:0.000000,xspeed:6.710000,yspeed:2.440000,angle:20.820000,distense:29.800000,rcs:28.000000
timestame:1619470565.555000000,objid:2,type:0,xpos:0.000000,ypos:0.000000,xspeed:-13.120000,yspeed:0.000000,angle:-16.620000,distense:22.400000,rcs:27.000000
timestame:1619470565.555000000,objid:3,type:0,xpos:0.000000,ypos:0.000000,xspeed:12.470000,yspeed:0.180000,angle:1.430000,distense:126.800000,rcs:26.000000
