timestame:1619470953.067000000,objid:0,type:0,xpos:0.000000,ypos:0.000000,xspeed:5.090000,yspeed:0.060000,angle:1.040000,distense:36.800000,rcs:41.000000
timestame:1619470953.067000000,objid:2,type:0,xpos:0.000000,ypos:0.000000,xspeed:2.330000,yspeed:0.000000,angle:9.190000,distense:18.800000,rcs:36.000000
timestame:1619470953.067000000,objid:5,type:0,xpos:0.000000,ypos:0.000000,xspeed:-4.080000,yspeed:0.000000,angle:16.270000,distense:27.200000,rcs:12.000000
timestame:1619470953.067000000,objid:10,type:0,xpos:0.000000,ypos:0.000000,xspeed:4.240000,yspeed:-0.130000,angle:2.060000,distense:21.800000,rcs:24.000000
