timestame:1619470643.482000000,objid:2,type:0,xpos:0.000000,ypos:0.000000,xspeed:-6.530000,yspeed:0.000000,angle:-4.930000,distense:165.600000,rcs:9.000000
timestame:1619470643.482000000,objid:6,type:0,xpos:0.000000,ypos:0.000000,xspeed:3.940000,yspeed:-11.150000,angle:8.770000,distense:47.600000,rcs:34.000000
timestame:1619470643.482000000,objid:8,type:0,xpos:0.000000,ypos:0.000000,xspeed:-9.700000,yspeed:7.430000,angle:11.850000,distense:88.200000,rcs:9.000000
timestame:1619470643.482000000,objid:13,type:0,xpos:0.000000,ypos:0.000000,xspeed:-1.910000,yspeed:7.720000,angle:4.520000,distense:41.400000,rcs:22.000000
