timestame:1619470649.869000000,objid:4,type:0,xpos:0.000000,ypos:0.000000,xspeed:-2.150000,yspeed:-2.430000,angle:-18.000000,distense:38.200000,rcs:22.000000
timestame:1619470649.869000000,objid:8,type:0,xpos:0.000000,ypos:0.000000,xspeed:-1.540000,yspeed:-4.670000,angle:-15.510000,distense:41.200000,rcs:26.000000
timestame:1619470649.869000000,objid:9,type:0,xpos:0.000000,ypos:0.000000,xspeed:-1.930000,yspeed:-3.360000,angle:-18.000000,distense:39.600000,rcs:25.000000
timestame:1619470649.869000000,objid:13,type:0,xpos:0.000000,ypos:0.000000,xspeed:-5.270000,yspeed:-5.530000,angle:-15.370000,distense:56.000000,rcs:6.000000
