timestame:1619470735.926000000,objid:1,type:0,xpos:0.000000,ypos:0.000000,xspeed:12.120000,yspeed:-0.240000,angle:1.420000,distense:97.600000,rcs:12.000000
timestame:1619470735.926000000,objid:6,type:0,xpos:0.000000,ypos:0.000000,xspeed:12.070000,yspeed:0.160000,angle:1.840000,distense:86.600000,rcs:39.000000
