timestame:1619470135.829000000,objid:3,type:0,xpos:0.000000,ypos:0.000000,xspeed:-3.660000,yspeed:-0.930000,angle:-18.000000,distense:23.600000,rcs:6.000000
timestame:1619470135.829000000,objid:6,type:0,xpos:0.000000,ypos:0.000000,xspeed:1.550000,yspeed:3.590000,angle:-1.560000,distense:48.000000,rcs:6.000000
timestame:1619470135.829000000,objid:7,type:0,xpos:0.000000,ypos:0.000000,xspeed:-4.870000,yspeed:-0.160000,angle:-9.260000,distense:78.600000,rcs:15.000000
timestame:1619470135.829000000,objid:8,type:0,xpos:0.000000,ypos:0.000000,xspeed:3.510000,yspeed:3.230000,angle:-10.540000,distense:39.000000,rcs:15.000000
