timestame:1619471266.065000000,objid:0,type:0,xpos:0.000000,ypos:0.000000,xspeed:13.040000,yspeed:0.520000,angle:2.720000,distense:177.400000,rcs:12.000000
timestame:1619471266.065000000,objid:2,type:0,xpos:0.000000,ypos:0.000000,xspeed:13.160000,yspeed:0.100000,angle:2.440000,distense:153.400000,rcs:20.000000
timestame:1619471266.065000000,objid:6,type:0,xpos:0.000000,ypos:0.000000,xspeed:13.160000,yspeed:0.000000,angle:2.230000,distense:165.400000,rcs:9.000000
timestame:1619471266.065000000,objid:10,type:0,xpos:0.000000,ypos:0.000000,xspeed:13.220000,yspeed:0.000000,angle:2.420000,distense:141.000000,rcs:25.000000
