timestame:1619470193.382000000,objid:0,type:0,xpos:0.000000,ypos:0.000000,xspeed:-4.170000,yspeed:7.200000,angle:-16.840000,distense:41.200000,rcs:20.000000
timestame:1619470193.382000000,objid:1,type:0,xpos:0.000000,ypos:0.000000,xspeed:1.800000,yspeed:1.310000,angle:6.270000,distense:139.600000,rcs:19.000000
timestame:1619470193.382000000,objid:2,type:0,xpos:0.000000,ypos:0.000000,xspeed:-4.640000,yspeed:5.730000,angle:-15.430000,distense:39.200000,rcs:9.000000
timestame:1619470193.382000000,objid:6,type:0,xpos:0.000000,ypos:0.000000,xspeed:2.290000,yspeed:-8.190000,angle:-16.920000,distense:42.400000,rcs:16.000000
