timestame:1619471370.622000000,objid:1,type:0,xpos:0.000000,ypos:0.000000,xspeed:8.550000,yspeed:-0.020000,angle:2.540000,distense:146.800000,rcs:16.000000
timestame:1619471370.622000000,objid:7,type:0,xpos:0.000000,ypos:0.000000,xspeed:10.900000,yspeed:0.210000,angle:1.510000,distense:192.600000,rcs:6.000000
