timestame:1619470982.164000000,objid:0,type:0,xpos:0.000000,ypos:0.000000,xspeed:7.980000,yspeed:0.180000,angle:2.310000,distense:167.600000,rcs:32.000000
timestame:1619470982.164000000,objid:1,type:0,xpos:0.000000,ypos:0.000000,xspeed:-15.390000,yspeed:-0.270000,angle:-5.730000,distense:111.200000,rcs:23.000000
timestame:1619470982.164000000,objid:3,type:0,xpos:0.000000,ypos:0.000000,xspeed:3.190000,yspeed:-3.040000,angle:16.130000,distense:64.800000,rcs:16.000000
timestame:1619470982.164000000,objid:5,type:0,xpos:0.000000,ypos:0.000000,xspeed:-17.160000,yspeed:-9.150000,angle:-5.670000,distense:159.200000,rcs:6.000000
