timestame:1619469539.988000000,objid:4,type:0,xpos:0.000000,ypos:0.000000,xspeed:17.590000,yspeed:0.120000,angle:1.330000,distense:165.800000,rcs:24.000000
timestame:1619469539.988000000,objid:7,type:0,xpos:0.000000,ypos:0.000000,xspeed:17.500000,yspeed:0.090000,angle:1.080000,distense:172.800000,rcs:6.000000
