timestame:1619470594.850000000,objid:1,type:0,xpos:0.000000,ypos:0.000000,xspeed:6.400000,yspeed:0.000000,angle:-15.420000,distense:24.000000,rcs:23.000000
timestame:1619470594.850000000,objid:5,type:0,xpos:0.000000,ypos:0.000000,xspeed:7.280000,yspeed:2.730000,angle:-17.330000,distense:36.800000,rcs:38.000000
timestame:1619470594.850000000,objid:6,type:0,xpos:0.000000,ypos:0.000000,xspeed:5.950000,yspeed:2.530000,angle:20.940000,distense:34.800000,rcs:25.000000
