timestame:1619469823.529000000,objid:2,type:0,xpos:0.000000,ypos:0.000000,xspeed:-1.780000,yspeed:-4.060000,angle:-15.690000,distense:40.800000,rcs:25.000000
timestame:1619469823.529000000,objid:11,type:0,xpos:0.000000,ypos:0.000000,xspeed:-3.960000,yspeed:0.110000,angle:-6.090000,distense:133.600000,rcs:16.000000
