timestame:1619470237.688000000,objid:3,type:0,xpos:0.000000,ypos:0.000000,xspeed:-1.950000,yspeed:-3.630000,angle:-18.000000,distense:40.200000,rcs:15.000000
timestame:1619470237.688000000,objid:5,type:0,xpos:0.000000,ypos:0.000000,xspeed:-1.030000,yspeed:-3.500000,angle:-11.390000,distense:38.000000,rcs:39.000000
timestame:1619470237.688000000,objid:11,type:0,xpos:0.000000,ypos:0.000000,xspeed:-4.730000,yspeed:0.160000,angle:-4.880000,distense:123.000000,rcs:12.000000
timestame:1619470237.688000000,objid:14,type:0,xpos:0.000000,ypos:0.000000,xspeed:2.930000,yspeed:2.190000,angle:-18.000000,distense:37.200000,rcs:22.000000
