timestame:1619469692.130000000,objid:2,type:0,xpos:0.000000,ypos:0.000000,xspeed:1.470000,yspeed:-7.680000,angle:-14.310000,distense:62.600000,rcs:21.000000
timestame:1619469692.130000000,objid:4,type:0,xpos:0.000000,ypos:0.000000,xspeed:1.190000,yspeed:-5.350000,angle:14.230000,distense:45.600000,rcs:33.000000
timestame:1619469692.130000000,objid:13,type:0,xpos:0.000000,ypos:0.000000,xspeed:-1.620000,yspeed:6.760000,angle:21.250000,distense:35.200000,rcs:6.000000
