timestame:1619470491.085000000,objid:0,type:0,xpos:0.000000,ypos:0.000000,xspeed:1.410000,yspeed:-5.220000,angle:17.120000,distense:45.200000,rcs:27.000000
timestame:1619470491.085000000,objid:2,type:0,xpos:0.000000,ypos:0.000000,xspeed:1.860000,yspeed:-6.050000,angle:-15.660000,distense:57.800000,rcs:6.000000
timestame:1619470491.085000000,objid:8,type:0,xpos:0.000000,ypos:0.000000,xspeed:1.990000,yspeed:7.500000,angle:-10.890000,distense:52.000000,rcs:6.000000
