timestame:1619471209.864000000,objid:0,type:0,xpos:0.000000,ypos:0.000000,xspeed:-8.820000,yspeed:-1.710000,angle:-18.000000,distense:54.200000,rcs:18.000000
timestame:1619471209.864000000,objid:2,type:0,xpos:0.000000,ypos:0.000000,xspeed:-3.980000,yspeed:-1.430000,angle:-18.000000,distense:37.400000,rcs:19.000000
timestame:1619471209.864000000,objid:5,type:0,xpos:0.000000,ypos:0.000000,xspeed:-6.090000,yspeed:-0.530000,angle:-18.000000,distense:51.800000,rcs:18.000000
timestame:1619471209.864000000,objid:11,type:0,xpos:0.000000,ypos:0.000000,xspeed:-6.330000,yspeed:-0.190000,angle:-18.000000,distense:39.400000,rcs:18.000000
