timestame:1619471368.129000000,objid:1,type:0,xpos:0.000000,ypos:0.000000,xspeed:7.840000,yspeed:0.090000,angle:3.130000,distense:125.400000,rcs:24.000000
timestame:1619471368.129000000,objid:7,type:0,xpos:0.000000,ypos:0.000000,xspeed:11.630000,yspeed:0.170000,angle:1.490000,distense:166.400000,rcs:23.000000
