timestame:1619470441.896000000,objid:1,type:0,xpos:0.000000,ypos:0.000000,xspeed:15.620000,yspeed:0.560000,angle:2.300000,distense:88.400000,rcs:23.000000
timestame:1619470441.896000000,objid:2,type:0,xpos:0.000000,ypos:0.000000,xspeed:3.850000,yspeed:-0.040000,angle:9.180000,distense:82.200000,rcs:13.000000
