timestame:1619470660.340000000,objid:0,type:0,xpos:0.000000,ypos:0.000000,xspeed:-1.630000,yspeed:-1.860000,angle:-9.290000,distense:100.400000,rcs:12.000000
timestame:1619470660.340000000,objid:1,type:0,xpos:0.000000,ypos:0.000000,xspeed:-15.160000,yspeed:0.000000,angle:-7.440000,distense:34.200000,rcs:16.000000
timestame:1619470660.340000000,objid:2,type:0,xpos:0.000000,ypos:0.000000,xspeed:3.940000,yspeed:2.890000,angle:-15.350000,distense:40.000000,rcs:12.000000
timestame:1619470660.340000000,objid:3,type:0,xpos:0.000000,ypos:0.000000,xspeed:-2.170000,yspeed:0.000000,angle:-7.270000,distense:110.800000,rcs:13.000000
