timestame:1619470609.809000000,objid:0,type:0,xpos:0.000000,ypos:0.000000,xspeed:6.690000,yspeed:3.480000,angle:-17.840000,distense:26.200000,rcs:6.000000
timestame:1619470609.809000000,objid:2,type:0,xpos:0.000000,ypos:0.000000,xspeed:7.110000,yspeed:1.280000,angle:17.860000,distense:31.600000,rcs:13.000000
