timestame:1619470377.070000000,objid:1,type:0,xpos:0.000000,ypos:0.000000,xspeed:-2.240000,yspeed:-2.260000,angle:-18.000000,distense:34.800000,rcs:19.000000
timestame:1619470377.070000000,objid:5,type:0,xpos:0.000000,ypos:0.000000,xspeed:-2.820000,yspeed:-2.420000,angle:-18.000000,distense:35.800000,rcs:16.000000
timestame:1619470377.070000000,objid:8,type:0,xpos:0.000000,ypos:0.000000,xspeed:1.270000,yspeed:-5.840000,angle:-8.210000,distense:66.400000,rcs:13.000000
timestame:1619470377.070000000,objid:18,type:0,xpos:0.000000,ypos:0.000000,xspeed:-5.330000,yspeed:-0.430000,angle:-8.960000,distense:81.400000,rcs:13.000000
