timestame:1619471083.168000000,objid:4,type:0,xpos:0.000000,ypos:0.000000,xspeed:3.460000,yspeed:0.150000,angle:1.330000,distense:31.800000,rcs:38.000000
timestame:1619471083.168000000,objid:10,type:0,xpos:0.000000,ypos:0.000000,xspeed:5.940000,yspeed:0.470000,angle:2.000000,distense:48.400000,rcs:6.000000
