timestame:1619470871.766000000,objid:1,type:0,xpos:0.000000,ypos:0.000000,xspeed:-8.490000,yspeed:1.780000,angle:-3.350000,distense:141.400000,rcs:9.000000
timestame:1619470871.766000000,objid:3,type:0,xpos:0.000000,ypos:0.000000,xspeed:1.400000,yspeed:-7.360000,angle:-8.820000,distense:51.000000,rcs:6.000000
timestame:1619470871.766000000,objid:4,type:0,xpos:0.000000,ypos:0.000000,xspeed:3.970000,yspeed:0.440000,angle:2.480000,distense:14.600000,rcs:35.000000
