timestame:1619470962.874000000,objid:0,type:0,xpos:0.000000,ypos:0.000000,xspeed:3.540000,yspeed:0.300000,angle:7.150000,distense:47.400000,rcs:29.000000
timestame:1619470962.874000000,objid:6,type:0,xpos:0.000000,ypos:0.000000,xspeed:9.980000,yspeed:0.460000,angle:1.860000,distense:90.800000,rcs:32.000000
timestame:1619470962.874000000,objid:9,type:0,xpos:0.000000,ypos:0.000000,xspeed:9.700000,yspeed:0.190000,angle:2.270000,distense:109.000000,rcs:9.000000
timestame:1619470962.874000000,objid:12,type:0,xpos:0.000000,ypos:0.000000,xspeed:3.110000,yspeed:0.020000,angle:5.320000,distense:57.400000,rcs:22.000000
