timestame:1619469645.545000000,objid:2,type:0,xpos:0.000000,ypos:0.000000,xspeed:12.650000,yspeed:1.010000,angle:5.620000,distense:72.000000,rcs:15.000000
timestame:1619469645.545000000,objid:6,type:0,xpos:0.000000,ypos:0.000000,xspeed:12.210000,yspeed:0.560000,angle:5.010000,distense:81.200000,rcs:16.000000
timestame:1619469645.545000000,objid:13,type:0,xpos:0.000000,ypos:0.000000,xspeed:15.140000,yspeed:0.520000,angle:2.200000,distense:128.200000,rcs:35.000000
timestame:1619469645.545000000,objid:14,type:0,xpos:0.000000,ypos:0.000000,xspeed:12.800000,yspeed:0.430000,angle:5.560000,distense:69.000000,rcs:28.000000
