timestame:1619470331.903000000,objid:0,type:0,xpos:0.000000,ypos:0.000000,xspeed:16.480000,yspeed:-0.320000,angle:0.240000,distense:209.600000,rcs:13.000000
timestame:1619470331.903000000,objid:2,type:0,xpos:0.000000,ypos:0.000000,xspeed:9.990000,yspeed:0.410000,angle:1.230000,distense:221.400000,rcs:6.000000
timestame:1619470331.903000000,objid:4,type:0,xpos:0.000000,ypos:0.000000,xspeed:-1.290000,yspeed:0.830000,angle:15.870000,distense:65.800000,rcs:6.000000
