timestame:1619470774.295000000,objid:0,type:0,xpos:0.000000,ypos:0.000000,xspeed:-9.290000,yspeed:-0.160000,angle:-7.520000,distense:114.200000,rcs:18.000000
timestame:1619470774.295000000,objid:2,type:0,xpos:0.000000,ypos:0.000000,xspeed:17.690000,yspeed:0.740000,angle:1.560000,distense:157.800000,rcs:16.000000
