timestame:1619470462.703000000,objid:0,type:0,xpos:0.000000,ypos:0.000000,xspeed:-14.710000,yspeed:-0.680000,angle:-10.710000,distense:68.200000,rcs:19.000000
timestame:1619470462.703000000,objid:2,type:0,xpos:0.000000,ypos:0.000000,xspeed:6.100000,yspeed:0.130000,angle:3.220000,distense:191.600000,rcs:9.000000
