timestame:1619470980.658000000,objid:0,type:0,xpos:0.000000,ypos:0.000000,xspeed:7.630000,yspeed:0.030000,angle:2.290000,distense:155.200000,rcs:25.000000
timestame:1619470980.658000000,objid:1,type:0,xpos:0.000000,ypos:0.000000,xspeed:-14.550000,yspeed:-0.590000,angle:-4.710000,distense:134.800000,rcs:13.000000
timestame:1619470980.658000000,objid:3,type:0,xpos:0.000000,ypos:0.000000,xspeed:3.440000,yspeed:-2.470000,angle:21.610000,distense:62.000000,rcs:12.000000
timestame:1619470980.658000000,objid:4,type:0,xpos:0.000000,ypos:0.000000,xspeed:-19.960000,yspeed:-1.120000,angle:-18.000000,distense:38.000000,rcs:20.000000
