timestame:1619469913.545000000,objid:0,type:0,xpos:0.000000,ypos:0.000000,xspeed:-6.420000,yspeed:1.550000,angle:-18.000000,distense:35.000000,rcs:6.000000
timestame:1619469913.545000000,objid:1,type:0,xpos:0.000000,ypos:0.000000,xspeed:4.850000,yspeed:0.070000,angle:1.720000,distense:92.600000,rcs:20.000000
timestame:1619469913.545000000,objid:2,type:0,xpos:0.000000,ypos:0.000000,xspeed:12.110000,yspeed:0.200000,angle:2.560000,distense:174.000000,rcs:20.000000
timestame:1619469913.545000000,objid:8,type:0,xpos:0.000000,ypos:0.000000,xspeed:4.810000,yspeed:0.030000,angle:2.020000,distense:85.800000,rcs:25.000000
