timestame:1619469928.977000000,objid:1,type:0,xpos:0.000000,ypos:0.000000,xspeed:7.380000,yspeed:0.130000,angle:1.400000,distense:189.600000,rcs:15.000000
timestame:1619469928.977000000,objid:8,type:0,xpos:0.000000,ypos:0.000000,xspeed:7.490000,yspeed:-0.050000,angle:1.080000,distense:183.200000,rcs:20.000000
