timestame:1619470279.160000000,objid:1,type:0,xpos:0.000000,ypos:0.000000,xspeed:-10.030000,yspeed:-0.080000,angle:-7.100000,distense:71.800000,rcs:15.000000
timestame:1619470279.160000000,objid:3,type:0,xpos:0.000000,ypos:0.000000,xspeed:-3.430000,yspeed:-0.370000,angle:-9.660000,distense:73.400000,rcs:18.000000
timestame:1619470279.160000000,objid:11,type:0,xpos:0.000000,ypos:0.000000,xspeed:-3.030000,yspeed:-0.250000,angle:-11.330000,distense:67.200000,rcs:22.000000
