timestame:1619469485.312000000,objid:1,type:0,xpos:0.000000,ypos:0.000000,xspeed:-3.900000,yspeed:-1.720000,angle:-13.350000,distense:71.000000,rcs:20.000000
timestame:1619469485.312000000,objid:3,type:0,xpos:0.000000,ypos:0.000000,xspeed:1.840000,yspeed:0.200000,angle:11.690000,distense:18.400000,rcs:29.000000
timestame:1619469485.312000000,objid:7,type:0,xpos:0.000000,ypos:0.000000,xspeed:-2.400000,yspeed:-0.090000,angle:-10.940000,distense:85.400000,rcs:15.000000
timestame:1619469485.312000000,objid:11,type:0,xpos:0.000000,ypos:0.000000,xspeed:-1.160000,yspeed:-0.210000,angle:-8.990000,distense:80.800000,rcs:6.000000
