timestame:1619470483.306000000,objid:1,type:0,xpos:0.000000,ypos:0.000000,xspeed:-3.940000,yspeed:-0.260000,angle:-8.150000,distense:86.200000,rcs:18.000000
timestame:1619470483.306000000,objid:3,type:0,xpos:0.000000,ypos:0.000000,xspeed:2.470000,yspeed:-3.710000,angle:16.010000,distense:46.200000,rcs:24.000000
timestame:1619470483.306000000,objid:8,type:0,xpos:0.000000,ypos:0.000000,xspeed:-13.990000,yspeed:-14.350000,angle:4.890000,distense:32.200000,rcs:32.000000
