timestame:1619471076.468000000,objid:0,type:0,xpos:0.000000,ypos:0.000000,xspeed:-9.660000,yspeed:-0.420000,angle:-18.000000,distense:29.600000,rcs:9.000000
timestame:1619471076.468000000,objid:3,type:0,xpos:0.000000,ypos:0.000000,xspeed:-8.850000,yspeed:-0.100000,angle:-9.220000,distense:72.600000,rcs:23.000000
timestame:1619471076.468000000,objid:5,type:0,xpos:0.000000,ypos:0.000000,xspeed:-9.910000,yspeed:-0.230000,angle:-14.780000,distense:51.000000,rcs:22.000000
timestame:1619471076.468000000,objid:6,type:0,xpos:0.000000,ypos:0.000000,xspeed:-5.310000,yspeed:-0.540000,angle:-18.000000,distense:56.000000,rcs:23.000000
