timestame:1619469704.755000000,objid:1,type:0,xpos:0.000000,ypos:0.000000,xspeed:-1.510000,yspeed:-3.260000,angle:-18.000000,distense:41.200000,rcs:24.000000
timestame:1619469704.755000000,objid:14,type:0,xpos:0.000000,ypos:0.000000,xspeed:-2.780000,yspeed:-2.410000,angle:-18.000000,distense:39.400000,rcs:20.000000
