timestame:1619471084.473000000,objid:4,type:0,xpos:0.000000,ypos:0.000000,xspeed:4.450000,yspeed:0.140000,angle:1.500000,distense:38.800000,rcs:37.000000
timestame:1619471084.473000000,objid:10,type:0,xpos:0.000000,ypos:0.000000,xspeed:5.900000,yspeed:0.480000,angle:2.360000,distense:55.800000,rcs:6.000000
timestame:1619471084.473000000,objid:11,type:0,xpos:0.000000,ypos:0.000000,xspeed:1.330000,yspeed:0.020000,angle:2.570000,distense:16.000000,rcs:44.000000
