timestame:1619470963.742000000,objid:0,type:0,xpos:0.000000,ypos:0.000000,xspeed:3.730000,yspeed:0.200000,angle:6.640000,distense:50.800000,rcs:36.000000
timestame:1619470963.742000000,objid:6,type:0,xpos:0.000000,ypos:0.000000,xspeed:10.210000,yspeed:0.510000,angle:2.000000,distense:99.600000,rcs:36.000000
timestame:1619470963.742000000,objid:12,type:0,xpos:0.000000,ypos:0.000000,xspeed:3.050000,yspeed:0.030000,angle:5.140000,distense:59.800000,rcs:28.000000
