timestame:1619470482.998000000,objid:1,type:0,xpos:0.000000,ypos:0.000000,xspeed:-3.990000,yspeed:-0.190000,angle:-7.920000,distense:87.200000,rcs:23.000000
timestame:1619470482.998000000,objid:3,type:0,xpos:0.000000,ypos:0.000000,xspeed:3.300000,yspeed:-4.800000,angle:17.140000,distense:46.000000,rcs:34.000000
timestame:1619470482.998000000,objid:8,type:0,xpos:0.000000,ypos:0.000000,xspeed:-13.990000,yspeed:-14.350000,angle:10.990000,distense:37.000000,rcs:32.000000
