timestame:1619470287.639000000,objid:2,type:0,xpos:0.000000,ypos:0.000000,xspeed:-12.490000,yspeed:-0.120000,angle:-8.880000,distense:97.400000,rcs:13.000000
timestame:1619470287.639000000,objid:5,type:0,xpos:0.000000,ypos:0.000000,xspeed:-5.570000,yspeed:-0.520000,angle:-18.000000,distense:39.200000,rcs:25.000000
timestame:1619470287.639000000,objid:7,type:0,xpos:0.000000,ypos:0.000000,xspeed:-5.310000,yspeed:-0.310000,angle:-18.000000,distense:34.600000,rcs:21.000000
timestame:1619470287.639000000,objid:11,type:0,xpos:0.000000,ypos:0.000000,xspeed:-5.430000,yspeed:-0.470000,angle:-18.000000,distense:28.800000,rcs:6.000000
