timestame:1619470060.435000000,objid:0,type:0,xpos:0.000000,ypos:0.000000,xspeed:-11.460000,yspeed:-0.070000,angle:-5.810000,distense:76.200000,rcs:22.000000
timestame:1619470060.435000000,objid:1,type:0,xpos:0.000000,ypos:0.000000,xspeed:-21.640000,yspeed:6.350000,angle:-3.620000,distense:163.600000,rcs:6.000000
timestame:1619470060.435000000,objid:5,type:0,xpos:0.000000,ypos:0.000000,xspeed:9.620000,yspeed:0.560000,angle:2.930000,distense:190.000000,rcs:22.000000
