timestame:1619471166.655000000,objid:0,type:0,xpos:0.000000,ypos:0.000000,xspeed:-10.820000,yspeed:-0.160000,angle:-4.210000,distense:139.600000,rcs:12.000000
timestame:1619471166.655000000,objid:2,type:0,xpos:0.000000,ypos:0.000000,xspeed:-9.860000,yspeed:-0.600000,angle:-3.900000,distense:144.600000,rcs:12.000000
