timestame:1619471140.586000000,objid:0,type:0,xpos:0.000000,ypos:0.000000,xspeed:-4.710000,yspeed:-2.260000,angle:-18.000000,distense:33.600000,rcs:29.000000
timestame:1619471140.586000000,objid:3,type:0,xpos:0.000000,ypos:0.000000,xspeed:-3.180000,yspeed:-2.930000,angle:-18.000000,distense:32.600000,rcs:6.000000
timestame:1619471140.586000000,objid:7,type:0,xpos:0.000000,ypos:0.000000,xspeed:-4.820000,yspeed:-5.110000,angle:-14.780000,distense:35.200000,rcs:35.000000
