timestame:1619470029.907000000,objid:1,type:0,xpos:0.000000,ypos:0.000000,xspeed:5.130000,yspeed:0.520000,angle:2.520000,distense:32.200000,rcs:38.000000
timestame:1619470029.907000000,objid:2,type:0,xpos:0.000000,ypos:0.000000,xspeed:7.030000,yspeed:0.310000,angle:2.390000,distense:51.800000,rcs:31.000000
timestame:1619470029.907000000,objid:5,type:0,xpos:0.000000,ypos:0.000000,xspeed:4.860000,yspeed:-1.360000,angle:-18.000000,distense:55.400000,rcs:9.000000
