timestame:1619470571.183000000,objid:1,type:0,xpos:0.000000,ypos:0.000000,xspeed:3.330000,yspeed:3.330000,angle:-9.610000,distense:44.400000,rcs:6.000000
timestame:1619470571.183000000,objid:3,type:0,xpos:0.000000,ypos:0.000000,xspeed:15.370000,yspeed:0.230000,angle:1.080000,distense:215.400000,rcs:16.000000
