timestame:1619470835.305000000,objid:0,type:0,xpos:0.000000,ypos:0.000000,xspeed:19.510000,yspeed:7.110000,angle:20.970000,distense:33.400000,rcs:20.000000
timestame:1619470835.305000000,objid:1,type:0,xpos:0.000000,ypos:0.000000,xspeed:10.750000,yspeed:0.170000,angle:2.430000,distense:149.200000,rcs:9.000000
timestame:1619470835.305000000,objid:6,type:0,xpos:0.000000,ypos:0.000000,xspeed:14.500000,yspeed:0.150000,angle:1.130000,distense:195.200000,rcs:20.000000
timestame:1619470835.305000000,objid:7,type:0,xpos:0.000000,ypos:0.000000,xspeed:11.270000,yspeed:0.910000,angle:2.830000,distense:142.000000,rcs:23.000000
