timestame:1619471194.074000000,objid:2,type:0,xpos:0.000000,ypos:0.000000,xspeed:-2.110000,yspeed:-2.390000,angle:-18.000000,distense:38.000000,rcs:16.000000
timestame:1619471194.074000000,objid:11,type:0,xpos:0.000000,ypos:0.000000,xspeed:1.810000,yspeed:2.010000,angle:-18.000000,distense:40.800000,rcs:30.000000
timestame:1619471194.074000000,objid:15,type:0,xpos:0.000000,ypos:0.000000,xspeed:-2.710000,yspeed:-2.370000,angle:-18.000000,distense:37.400000,rcs:15.000000
timestame:1619471194.074000000,objid:17,type:0,xpos:0.000000,ypos:0.000000,xspeed:7.730000,yspeed:0.390000,angle:3.940000,distense:95.600000,rcs:32.000000
