timestame:1619469584.499000000,objid:1,type:0,xpos:0.000000,ypos:0.000000,xspeed:-5.030000,yspeed:-0.210000,angle:-10.600000,distense:86.200000,rcs:19.000000
timestame:1619469584.499000000,objid:5,type:0,xpos:0.000000,ypos:0.000000,xspeed:1.220000,yspeed:6.020000,angle:-5.420000,distense:103.200000,rcs:6.000000
