timestame:1619470101.273000000,objid:0,type:0,xpos:0.000000,ypos:0.000000,xspeed:-3.040000,yspeed:2.940000,angle:-10.160000,distense:39.400000,rcs:12.000000
timestame:1619470101.273000000,objid:5,type:0,xpos:0.000000,ypos:0.000000,xspeed:4.250000,yspeed:3.030000,angle:-16.470000,distense:39.800000,rcs:9.000000
timestame:1619470101.273000000,objid:9,type:0,xpos:0.000000,ypos:0.000000,xspeed:2.010000,yspeed:-9.940000,angle:2.490000,distense:49.600000,rcs:16.000000
timestame:1619470101.273000000,objid:11,type:0,xpos:0.000000,ypos:0.000000,xspeed:4.140000,yspeed:0.930000,angle:11.770000,distense:14.400000,rcs:26.000000
