timestame:1619470147.575000000,objid:0,type:0,xpos:0.000000,ypos:0.000000,xspeed:1.940000,yspeed:2.630000,angle:-12.680000,distense:40.200000,rcs:23.000000
timestame:1619470147.575000000,objid:1,type:0,xpos:0.000000,ypos:0.000000,xspeed:2.360000,yspeed:1.000000,angle:22.840000,distense:25.800000,rcs:20.000000
timestame:1619470147.575000000,objid:2,type:0,xpos:0.000000,ypos:0.000000,xspeed:3.110000,yspeed:2.110000,angle:22.850000,distense:37.800000,rcs:6.000000
timestame:1619470147.575000000,objid:3,type:0,xpos:0.000000,ypos:0.000000,xspeed:-1.210000,yspeed:-0.020000,angle:-10.170000,distense:73.400000,rcs:20.000000
