timestame:1619471166.088000000,objid:0,type:0,xpos:0.000000,ypos:0.000000,xspeed:-10.950000,yspeed:0.320000,angle:-3.700000,distense:145.200000,rcs:12.000000
timestame:1619471166.088000000,objid:2,type:0,xpos:0.000000,ypos:0.000000,xspeed:-9.690000,yspeed:-0.420000,angle:-3.600000,distense:150.000000,rcs:13.000000
timestame:1619471166.088000000,objid:3,type:0,xpos:0.000000,ypos:0.000000,xspeed:2.090000,yspeed:5.550000,angle:-0.600000,distense:51.600000,rcs:6.000000
