timestame:1619469759.703000000,objid:1,type:0,xpos:0.000000,ypos:0.000000,xspeed:1.790000,yspeed:1.870000,angle:-9.780000,distense:39.600000,rcs:20.000000
timestame:1619469759.703000000,objid:2,type:0,xpos:0.000000,ypos:0.000000,xspeed:4.660000,yspeed:3.370000,angle:-14.540000,distense:40.600000,rcs:18.000000
