timestame:1619471530.852000000,objid:3,type:0,xpos:0.000000,ypos:0.000000,xspeed:-18.030000,yspeed:-5.340000,angle:11.760000,distense:29.800000,rcs:18.000000
timestame:1619471530.852000000,objid:5,type:0,xpos:0.000000,ypos:0.000000,xspeed:-38.170000,yspeed:0.000000,angle:-5.330000,distense:33.400000,rcs:27.000000
