timestame:1619470794.234000000,objid:4,type:0,xpos:0.000000,ypos:0.000000,xspeed:2.140000,yspeed:-8.540000,angle:-8.660000,distense:53.800000,rcs:21.000000
timestame:1619470794.234000000,objid:6,type:0,xpos:0.000000,ypos:0.000000,xspeed:22.720000,yspeed:0.000000,angle:-11.260000,distense:57.400000,rcs:23.000000
timestame:1619470794.234000000,objid:9,type:0,xpos:0.000000,ypos:0.000000,xspeed:1.180000,yspeed:-9.080000,angle:-4.050000,distense:51.200000,rcs:6.000000
