timestame:1619471306.777000000,objid:0,type:0,xpos:0.000000,ypos:0.000000,xspeed:2.870000,yspeed:0.890000,angle:20.790000,distense:23.400000,rcs:23.000000
timestame:1619471306.777000000,objid:1,type:0,xpos:0.000000,ypos:0.000000,xspeed:-7.040000,yspeed:2.220000,angle:-18.000000,distense:29.600000,rcs:9.000000
timestame:1619471306.777000000,objid:2,type:0,xpos:0.000000,ypos:0.000000,xspeed:4.700000,yspeed:0.270000,angle:-17.230000,distense:22.000000,rcs:13.000000
