timestame:1619470377.440000000,objid:1,type:0,xpos:0.000000,ypos:0.000000,xspeed:-2.450000,yspeed:-2.240000,angle:-18.000000,distense:34.000000,rcs:13.000000
timestame:1619470377.440000000,objid:5,type:0,xpos:0.000000,ypos:0.000000,xspeed:-2.890000,yspeed:-2.270000,angle:-18.000000,distense:35.000000,rcs:18.000000
timestame:1619470377.440000000,objid:8,type:0,xpos:0.000000,ypos:0.000000,xspeed:1.370000,yspeed:-5.900000,angle:-9.980000,distense:67.400000,rcs:13.000000
timestame:1619470377.440000000,objid:18,type:0,xpos:0.000000,ypos:0.000000,xspeed:-4.980000,yspeed:-0.290000,angle:-9.010000,distense:80.000000,rcs:15.000000
