timestame:1619471459.442000000,objid:0,type:0,xpos:0.000000,ypos:0.000000,xspeed:-9.940000,yspeed:-0.510000,angle:-5.250000,distense:132.400000,rcs:16.000000
timestame:1619471459.442000000,objid:3,type:0,xpos:0.000000,ypos:0.000000,xspeed:-11.780000,yspeed:-3.230000,angle:-3.470000,distense:203.200000,rcs:6.000000
