timestame:1619470510.117000000,objid:2,type:0,xpos:0.000000,ypos:0.000000,xspeed:-2.030000,yspeed:7.870000,angle:18.890000,distense:38.600000,rcs:18.000000
timestame:1619470510.117000000,objid:6,type:0,xpos:0.000000,ypos:0.000000,xspeed:-2.220000,yspeed:8.780000,angle:15.990000,distense:38.800000,rcs:13.000000
timestame:1619470510.117000000,objid:8,type:0,xpos:0.000000,ypos:0.000000,xspeed:-5.110000,yspeed:-1.440000,angle:8.740000,distense:76.000000,rcs:12.000000
