timestame:1619470932.626000000,objid:0,type:0,xpos:0.000000,ypos:0.000000,xspeed:-1.120000,yspeed:-1.090000,angle:-3.660000,distense:14.400000,rcs:23.000000
timestame:1619470932.626000000,objid:7,type:0,xpos:0.000000,ypos:0.000000,xspeed:-2.820000,yspeed:-0.150000,angle:-11.100000,distense:83.000000,rcs:12.000000
