timestame:1619470978.284000000,objid:0,type:0,xpos:0.000000,ypos:0.000000,xspeed:7.040000,yspeed:-0.250000,angle:2.440000,distense:137.000000,rcs:19.000000
timestame:1619470978.284000000,objid:2,type:0,xpos:0.000000,ypos:0.000000,xspeed:-16.720000,yspeed:-1.490000,angle:-3.880000,distense:167.800000,rcs:15.000000
timestame:1619470978.284000000,objid:3,type:0,xpos:0.000000,ypos:0.000000,xspeed:7.010000,yspeed:0.150000,angle:2.300000,distense:146.600000,rcs:9.000000
timestame:1619470978.284000000,objid:5,type:0,xpos:0.000000,ypos:0.000000,xspeed:-18.890000,yspeed:-0.010000,angle:-10.960000,distense:80.600000,rcs:9.000000
