timestame:1619470217.175000000,objid:6,type:0,xpos:0.000000,ypos:0.000000,xspeed:-1.710000,yspeed:0.230000,angle:-18.000000,distense:48.200000,rcs:9.000000
timestame:1619470217.175000000,objid:8,type:0,xpos:0.000000,ypos:0.000000,xspeed:-1.180000,yspeed:10.120000,angle:13.150000,distense:40.000000,rcs:25.000000
timestame:1619470217.175000000,objid:14,type:0,xpos:0.000000,ypos:0.000000,xspeed:-3.460000,yspeed:7.150000,angle:-12.830000,distense:45.800000,rcs:18.000000
