timestame:1619469631.633000000,objid:2,type:0,xpos:0.000000,ypos:0.000000,xspeed:-6.260000,yspeed:-0.430000,angle:-18.000000,distense:29.800000,rcs:6.000000
timestame:1619469631.633000000,objid:6,type:0,xpos:0.000000,ypos:0.000000,xspeed:-9.880000,yspeed:-0.180000,angle:-6.850000,distense:70.400000,rcs:20.000000
timestame:1619469631.633000000,objid:7,type:0,xpos:0.000000,ypos:0.000000,xspeed:-6.890000,yspeed:-0.490000,angle:-18.000000,distense:33.000000,rcs:9.000000
