timestame:1619471499.783000000,objid:0,type:0,xpos:0.000000,ypos:0.000000,xspeed:7.950000,yspeed:0.170000,angle:1.840000,distense:96.000000,rcs:34.000000
timestame:1619471499.783000000,objid:3,type:0,xpos:0.000000,ypos:0.000000,xspeed:7.910000,yspeed:0.070000,angle:3.270000,distense:125.600000,rcs:15.000000
timestame:1619471499.783000000,objid:10,type:0,xpos:0.000000,ypos:0.000000,xspeed:7.230000,yspeed:0.270000,angle:5.280000,distense:84.400000,rcs:22.000000
