timestame:1619470447.606000000,objid:0,type:0,xpos:0.000000,ypos:0.000000,xspeed:18.300000,yspeed:-2.150000,angle:1.310000,distense:193.400000,rcs:9.000000
timestame:1619470447.606000000,objid:1,type:0,xpos:0.000000,ypos:0.000000,xspeed:-2.070000,yspeed:-0.670000,angle:5.160000,distense:178.200000,rcs:9.000000
timestame:1619470447.606000000,objid:2,type:0,xpos:0.000000,ypos:0.000000,xspeed:4.530000,yspeed:-0.190000,angle:6.500000,distense:107.200000,rcs:16.000000
