timestame:1619471369.684000000,objid:1,type:0,xpos:0.000000,ypos:0.000000,xspeed:8.270000,yspeed:-0.100000,angle:2.630000,distense:138.800000,rcs:12.000000
timestame:1619471369.684000000,objid:7,type:0,xpos:0.000000,ypos:0.000000,xspeed:11.030000,yspeed:0.290000,angle:1.590000,distense:183.000000,rcs:21.000000
