timestame:1619470016.415000000,objid:1,type:0,xpos:0.000000,ypos:0.000000,xspeed:-1.010000,yspeed:-2.470000,angle:8.520000,distense:37.800000,rcs:9.000000
timestame:1619470016.415000000,objid:5,type:0,xpos:0.000000,ypos:0.000000,xspeed:-1.360000,yspeed:-2.110000,angle:-18.000000,distense:35.200000,rcs:22.000000
timestame:1619470016.415000000,objid:14,type:0,xpos:0.000000,ypos:0.000000,xspeed:-1.720000,yspeed:-1.600000,angle:-18.000000,distense:32.800000,rcs:26.000000
