timestame:1619471211.477000000,objid:4,type:0,xpos:0.000000,ypos:0.000000,xspeed:-8.020000,yspeed:-0.170000,angle:-18.000000,distense:44.800000,rcs:12.000000
timestame:1619471211.477000000,objid:5,type:0,xpos:0.000000,ypos:0.000000,xspeed:-6.350000,yspeed:-0.570000,angle:-18.000000,distense:42.400000,rcs:12.000000
timestame:1619471211.477000000,objid:6,type:0,xpos:0.000000,ypos:0.000000,xspeed:24.470000,yspeed:0.000000,angle:-13.230000,distense:19.800000,rcs:20.000000
