timestame:1619471533.014000000,objid:2,type:0,xpos:0.000000,ypos:0.000000,xspeed:-12.820000,yspeed:0.000000,angle:-2.820000,distense:177.400000,rcs:12.000000
timestame:1619471533.014000000,objid:4,type:0,xpos:0.000000,ypos:0.000000,xspeed:-13.400000,yspeed:-0.600000,angle:-3.100000,distense:181.600000,rcs:9.000000
timestame:1619471533.014000000,objid:6,type:0,xpos:0.000000,ypos:0.000000,xspeed:2.510000,yspeed:3.270000,angle:12.090000,distense:45.200000,rcs:33.000000
timestame:1619471533.014000000,objid:10,type:0,xpos:0.000000,ypos:0.000000,xspeed:-12.570000,yspeed:-4.650000,angle:-4.110000,distense:189.800000,rcs:9.000000
