timestame:1619470480.895000000,objid:1,type:0,xpos:0.000000,ypos:0.000000,xspeed:-4.450000,yspeed:0.340000,angle:-6.730000,distense:95.600000,rcs:24.000000
timestame:1619470480.895000000,objid:2,type:0,xpos:0.000000,ypos:0.000000,xspeed:1.680000,yspeed:-0.370000,angle:11.200000,distense:80.600000,rcs:6.000000
timestame:1619470480.895000000,objid:6,type:0,xpos:0.000000,ypos:0.000000,xspeed:-2.780000,yspeed:1.780000,angle:-6.190000,distense:102.000000,rcs:12.000000
