timestame:1619470593.240000000,objid:0,type:0,xpos:0.000000,ypos:0.000000,xspeed:-14.610000,yspeed:-0.520000,angle:-18.000000,distense:30.800000,rcs:6.000000
timestame:1619470593.240000000,objid:5,type:0,xpos:0.000000,ypos:0.000000,xspeed:8.510000,yspeed:1.770000,angle:-16.760000,distense:25.000000,rcs:27.000000
timestame:1619470593.240000000,objid:6,type:0,xpos:0.000000,ypos:0.000000,xspeed:6.590000,yspeed:2.300000,angle:20.280000,distense:25.000000,rcs:25.000000
