timestame:1619469624.614000000,objid:1,type:0,xpos:0.000000,ypos:0.000000,xspeed:-4.430000,yspeed:-0.250000,angle:-18.000000,distense:51.600000,rcs:15.000000
timestame:1619469624.614000000,objid:2,type:0,xpos:0.000000,ypos:0.000000,xspeed:-4.110000,yspeed:-0.200000,angle:-15.570000,distense:64.800000,rcs:15.000000
timestame:1619469624.614000000,objid:4,type:0,xpos:0.000000,ypos:0.000000,xspeed:-13.350000,yspeed:-0.490000,angle:-14.770000,distense:49.400000,rcs:24.000000
