timestame:1619469761.132000000,objid:1,type:0,xpos:0.000000,ypos:0.000000,xspeed:1.290000,yspeed:5.810000,angle:-1.120000,distense:46.200000,rcs:6.000000
timestame:1619469761.132000000,objid:2,type:0,xpos:0.000000,ypos:0.000000,xspeed:39.760000,yspeed:-4.160000,angle:-4.940000,distense:47.200000,rcs:6.000000
timestame:1619469761.132000000,objid:3,type:0,xpos:0.000000,ypos:0.000000,xspeed:4.570000,yspeed:-0.220000,angle:-16.710000,distense:16.200000,rcs:27.000000
