timestame:1619471410.122000000,objid:2,type:0,xpos:0.000000,ypos:0.000000,xspeed:-4.950000,yspeed:-2.600000,angle:-16.530000,distense:41.000000,rcs:38.000000
timestame:1619471410.122000000,objid:4,type:0,xpos:0.000000,ypos:0.000000,xspeed:-1.840000,yspeed:0.860000,angle:0.050000,distense:42.600000,rcs:32.000000
timestame:1619471410.122000000,objid:7,type:0,xpos:0.000000,ypos:0.000000,xspeed:-2.350000,yspeed:-3.190000,angle:-18.000000,distense:38.000000,rcs:20.000000
timestame:1619471410.122000000,objid:12,type:0,xpos:0.000000,ypos:0.000000,xspeed:-9.580000,yspeed:-0.350000,angle:-4.160000,distense:185.800000,rcs:12.000000
