timestame:1619469754.481000000,objid:3,type:0,xpos:0.000000,ypos:0.000000,xspeed:7.870000,yspeed:0.050000,angle:-16.090000,distense:22.400000,rcs:29.000000
timestame:1619469754.481000000,objid:4,type:0,xpos:0.000000,ypos:0.000000,xspeed:-13.240000,yspeed:-0.670000,angle:3.520000,distense:12.200000,rcs:6.000000
timestame:1619469754.481000000,objid:5,type:0,xpos:0.000000,ypos:0.000000,xspeed:7.050000,yspeed:5.420000,angle:21.920000,distense:24.600000,rcs:25.000000
