timestame:1619470700.082000000,objid:1,type:0,xpos:0.000000,ypos:0.000000,xspeed:8.800000,yspeed:0.220000,angle:4.190000,distense:96.600000,rcs:15.000000
timestame:1619470700.082000000,objid:2,type:0,xpos:0.000000,ypos:0.000000,xspeed:-8.470000,yspeed:3.440000,angle:-9.620000,distense:104.800000,rcs:15.000000
