timestame:1619469786.955000000,objid:1,type:0,xpos:0.000000,ypos:0.000000,xspeed:-15.770000,yspeed:0.700000,angle:-8.640000,distense:93.800000,rcs:12.000000
timestame:1619469786.955000000,objid:2,type:0,xpos:0.000000,ypos:0.000000,xspeed:16.820000,yspeed:0.150000,angle:0.970000,distense:210.200000,rcs:9.000000
timestame:1619469786.955000000,objid:4,type:0,xpos:0.000000,ypos:0.000000,xspeed:-17.000000,yspeed:-0.390000,angle:-10.740000,distense:84.400000,rcs:20.000000
timestame:1619469786.955000000,objid:10,type:0,xpos:0.000000,ypos:0.000000,xspeed:17.010000,yspeed:0.200000,angle:1.130000,distense:198.000000,rcs:29.000000
