timestame:1619469697.829000000,objid:1,type:0,xpos:0.000000,ypos:0.000000,xspeed:-2.640000,yspeed:10.520000,angle:-9.190000,distense:47.600000,rcs:31.000000
timestame:1619469697.829000000,objid:2,type:0,xpos:0.000000,ypos:0.000000,xspeed:-2.260000,yspeed:-3.330000,angle:-18.000000,distense:42.800000,rcs:24.000000
timestame:1619469697.829000000,objid:5,type:0,xpos:0.000000,ypos:0.000000,xspeed:-6.110000,yspeed:-4.000000,angle:-15.140000,distense:44.000000,rcs:30.000000
timestame:1619469697.829000000,objid:7,type:0,xpos:0.000000,ypos:0.000000,xspeed:4.450000,yspeed:8.340000,angle:8.380000,distense:109.800000,rcs:6.000000
