timestame:1619470146.067000000,objid:0,type:0,xpos:0.000000,ypos:0.000000,xspeed:3.220000,yspeed:1.970000,angle:-17.670000,distense:37.000000,rcs:6.000000
timestame:1619470146.067000000,objid:1,type:0,xpos:0.000000,ypos:0.000000,xspeed:6.150000,yspeed:2.540000,angle:22.000000,distense:23.600000,rcs:24.000000
timestame:1619470146.067000000,objid:2,type:0,xpos:0.000000,ypos:0.000000,xspeed:4.900000,yspeed:2.250000,angle:20.600000,distense:33.800000,rcs:16.000000
timestame:1619470146.067000000,objid:3,type:0,xpos:0.000000,ypos:0.000000,xspeed:-2.130000,yspeed:-0.330000,angle:-9.960000,distense:74.800000,rcs:18.000000
