timestame:1619469562.129000000,objid:2,type:0,xpos:0.000000,ypos:0.000000,xspeed:1.540000,yspeed:-3.210000,angle:22.920000,distense:45.000000,rcs:20.000000
timestame:1619469562.129000000,objid:3,type:0,xpos:0.000000,ypos:0.000000,xspeed:2.380000,yspeed:-1.580000,angle:6.720000,distense:44.000000,rcs:32.000000
timestame:1619469562.129000000,objid:9,type:0,xpos:0.000000,ypos:0.000000,xspeed:-3.370000,yspeed:0.090000,angle:8.790000,distense:104.400000,rcs:9.000000
