timestame:1619469624.367000000,objid:1,type:0,xpos:0.000000,ypos:0.000000,xspeed:-4.300000,yspeed:-0.390000,angle:-18.000000,distense:52.800000,rcs:16.000000
timestame:1619469624.367000000,objid:2,type:0,xpos:0.000000,ypos:0.000000,xspeed:-3.950000,yspeed:-0.230000,angle:-15.280000,distense:66.000000,rcs:27.000000
timestame:1619469624.367000000,objid:4,type:0,xpos:0.000000,ypos:0.000000,xspeed:-13.460000,yspeed:-0.480000,angle:-13.790000,distense:52.400000,rcs:16.000000
