timestame:1619469815.913000000,objid:1,type:0,xpos:0.000000,ypos:0.000000,xspeed:1.070000,yspeed:3.930000,angle:-4.560000,distense:53.200000,rcs:19.000000
timestame:1619469815.913000000,objid:3,type:0,xpos:0.000000,ypos:0.000000,xspeed:2.300000,yspeed:-2.810000,angle:-5.130000,distense:51.000000,rcs:18.000000
timestame:1619469815.913000000,objid:4,type:0,xpos:0.000000,ypos:0.000000,xspeed:-9.390000,yspeed:-4.600000,angle:-4.960000,distense:179.600000,rcs:13.000000
timestame:1619469815.913000000,objid:6,type:0,xpos:0.000000,ypos:0.000000,xspeed:4.330000,yspeed:3.830000,angle:21.870000,distense:25.800000,rcs:20.000000
