timestame:1619469789.432000000,objid:1,type:0,xpos:0.000000,ypos:0.000000,xspeed:-16.240000,yspeed:-0.590000,angle:-17.900000,distense:54.200000,rcs:26.000000
timestame:1619469789.432000000,objid:4,type:0,xpos:0.000000,ypos:0.000000,xspeed:-16.690000,yspeed:-0.650000,angle:-18.000000,distense:45.000000,rcs:19.000000
