timestame:1619469713.384000000,objid:3,type:0,xpos:0.000000,ypos:0.000000,xspeed:12.990000,yspeed:-1.240000,angle:1.490000,distense:135.400000,rcs:6.000000
timestame:1619469713.384000000,objid:6,type:0,xpos:0.000000,ypos:0.000000,xspeed:-1.560000,yspeed:6.820000,angle:5.840000,distense:37.000000,rcs:30.000000
