timestame:1619470033.257000000,objid:1,type:0,xpos:0.000000,ypos:0.000000,xspeed:7.930000,yspeed:0.330000,angle:2.420000,distense:59.200000,rcs:36.000000
timestame:1619470033.257000000,objid:3,type:0,xpos:0.000000,ypos:0.000000,xspeed:9.620000,yspeed:0.260000,angle:0.770000,distense:23.600000,rcs:36.000000
timestame:1619470033.257000000,objid:4,type:0,xpos:0.000000,ypos:0.000000,xspeed:12.480000,yspeed:0.120000,angle:1.650000,distense:96.000000,rcs:13.000000
timestame:1619470033.257000000,objid:7,type:0,xpos:0.000000,ypos:0.000000,xspeed:1.280000,yspeed:-0.100000,angle:7.460000,distense:23.400000,rcs:24.000000
