timestame:1619470141.344000000,objid:1,type:0,xpos:0.000000,ypos:0.000000,xspeed:1.230000,yspeed:1.320000,angle:17.250000,distense:27.000000,rcs:12.000000
timestame:1619470141.344000000,objid:2,type:0,xpos:0.000000,ypos:0.000000,xspeed:9.250000,yspeed:17.350000,angle:-6.630000,distense:21.600000,rcs:6.000000
timestame:1619470141.344000000,objid:3,type:0,xpos:0.000000,ypos:0.000000,xspeed:7.850000,yspeed:10.420000,angle:-18.000000,distense:40.000000,rcs:6.000000
