timestame:1619469485.745000000,objid:1,type:0,xpos:0.000000,ypos:0.000000,xspeed:-3.040000,yspeed:-1.270000,angle:-13.790000,distense:70.200000,rcs:21.000000
timestame:1619469485.745000000,objid:3,type:0,xpos:0.000000,ypos:0.000000,xspeed:1.790000,yspeed:0.130000,angle:11.200000,distense:19.000000,rcs:30.000000
timestame:1619469485.745000000,objid:7,type:0,xpos:0.000000,ypos:0.000000,xspeed:-2.420000,yspeed:-0.110000,angle:-11.130000,distense:84.400000,rcs:20.000000
timestame:1619469485.745000000,objid:11,type:0,xpos:0.000000,ypos:0.000000,xspeed:-1.160000,yspeed:-0.210000,angle:-9.110000,distense:80.200000,rcs:6.000000
