timestame:1619471371.626000000,objid:1,type:0,xpos:0.000000,ypos:0.000000,xspeed:8.780000,yspeed:-0.030000,angle:2.360000,distense:156.000000,rcs:13.000000
timestame:1619471371.626000000,objid:7,type:0,xpos:0.000000,ypos:0.000000,xspeed:10.470000,yspeed:0.180000,angle:1.480000,distense:202.600000,rcs:15.000000
