timestame:1619471518.553000000,objid:7,type:0,xpos:0.000000,ypos:0.000000,xspeed:16.280000,yspeed:0.180000,angle:1.440000,distense:189.800000,rcs:12.000000
timestame:1619471518.553000000,objid:10,type:0,xpos:0.000000,ypos:0.000000,xspeed:16.200000,yspeed:0.150000,angle:1.320000,distense:179.200000,rcs:26.000000
