timestame:1619470914.295000000,objid:0,type:0,xpos:0.000000,ypos:0.000000,xspeed:4.940000,yspeed:3.320000,angle:-15.290000,distense:36.600000,rcs:16.000000
timestame:1619470914.295000000,objid:3,type:0,xpos:0.000000,ypos:0.000000,xspeed:-3.630000,yspeed:0.240000,angle:-3.900000,distense:38.800000,rcs:9.000000
timestame:1619470914.295000000,objid:7,type:0,xpos:0.000000,ypos:0.000000,xspeed:4.580000,yspeed:2.950000,angle:-15.730000,distense:48.800000,rcs:6.000000
timestame:1619470914.295000000,objid:10,type:0,xpos:0.000000,ypos:0.000000,xspeed:5.580000,yspeed:3.340000,angle:-16.700000,distense:43.400000,rcs:6.000000
