timestame:1619469912.927000000,objid:0,type:0,xpos:0.000000,ypos:0.000000,xspeed:-6.090000,yspeed:0.690000,angle:-18.000000,distense:39.400000,rcs:12.000000
timestame:1619469912.927000000,objid:1,type:0,xpos:0.000000,ypos:0.000000,xspeed:4.680000,yspeed:0.070000,angle:1.770000,distense:89.200000,rcs:12.000000
timestame:1619469912.927000000,objid:2,type:0,xpos:0.000000,ypos:0.000000,xspeed:11.690000,yspeed:0.220000,angle:2.670000,distense:165.200000,rcs:19.000000
timestame:1619469912.927000000,objid:8,type:0,xpos:0.000000,ypos:0.000000,xspeed:4.660000,yspeed:0.080000,angle:2.150000,distense:82.400000,rcs:30.000000
