timestame:1619470733.695000000,objid:1,type:0,xpos:0.000000,ypos:0.000000,xspeed:12.180000,yspeed:0.560000,angle:3.170000,distense:71.000000,rcs:6.000000
timestame:1619470733.695000000,objid:6,type:0,xpos:0.000000,ypos:0.000000,xspeed:12.360000,yspeed:0.580000,angle:2.560000,distense:60.000000,rcs:43.000000
