timestame:1619470479.155000000,objid:0,type:0,xpos:0.000000,ypos:0.000000,xspeed:-7.540000,yspeed:-0.400000,angle:-6.680000,distense:101.600000,rcs:26.000000
timestame:1619470479.155000000,objid:2,type:0,xpos:0.000000,ypos:0.000000,xspeed:1.650000,yspeed:-0.350000,angle:12.180000,distense:77.800000,rcs:6.000000
timestame:1619470479.155000000,objid:4,type:0,xpos:0.000000,ypos:0.000000,xspeed:1.270000,yspeed:-3.650000,angle:-14.040000,distense:46.600000,rcs:16.000000
