timestame:1619470028.676000000,objid:1,type:0,xpos:0.000000,ypos:0.000000,xspeed:4.920000,yspeed:0.280000,angle:1.140000,distense:25.400000,rcs:33.000000
timestame:1619470028.676000000,objid:2,type:0,xpos:0.000000,ypos:0.000000,xspeed:6.330000,yspeed:0.260000,angle:2.330000,distense:42.000000,rcs:37.000000
