timestame:1619470644.099000000,objid:2,type:0,xpos:0.000000,ypos:0.000000,xspeed:-6.450000,yspeed:-0.080000,angle:-5.130000,distense:162.000000,rcs:19.000000
timestame:1619470644.099000000,objid:5,type:0,xpos:0.000000,ypos:0.000000,xspeed:7.110000,yspeed:0.650000,angle:20.450000,distense:50.000000,rcs:6.000000
timestame:1619470644.099000000,objid:6,type:0,xpos:0.000000,ypos:0.000000,xspeed:3.620000,yspeed:-10.750000,angle:1.150000,distense:49.000000,rcs:32.000000
timestame:1619470644.099000000,objid:8,type:0,xpos:0.000000,ypos:0.000000,xspeed:-1.810000,yspeed:-5.060000,angle:9.900000,distense:87.400000,rcs:12.000000
