timestame:1619470737.164000000,objid:1,type:0,xpos:0.000000,ypos:0.000000,xspeed:11.900000,yspeed:-0.100000,angle:1.300000,distense:112.400000,rcs:9.000000
timestame:1619470737.164000000,objid:6,type:0,xpos:0.000000,ypos:0.000000,xspeed:12.070000,yspeed:0.070000,angle:1.550000,distense:101.800000,rcs:37.000000
