timestame:1619470256.358000000,objid:3,type:0,xpos:0.000000,ypos:0.000000,xspeed:-2.320000,yspeed:-2.540000,angle:-3.030000,distense:39.200000,rcs:9.000000
timestame:1619470256.358000000,objid:4,type:0,xpos:0.000000,ypos:0.000000,xspeed:3.900000,yspeed:3.100000,angle:-11.380000,distense:39.400000,rcs:15.000000
timestame:1619470256.358000000,objid:8,type:0,xpos:0.000000,ypos:0.000000,xspeed:1.310000,yspeed:2.830000,angle:-7.870000,distense:46.200000,rcs:6.000000
