timestame:1619470792.805000000,objid:5,type:0,xpos:0.000000,ypos:0.000000,xspeed:5.030000,yspeed:-3.430000,angle:-18.000000,distense:52.200000,rcs:6.000000
timestame:1619470792.805000000,objid:6,type:0,xpos:0.000000,ypos:0.000000,xspeed:4.070000,yspeed:-0.460000,angle:12.340000,distense:54.200000,rcs:9.000000
timestame:1619470792.805000000,objid:7,type:0,xpos:0.000000,ypos:0.000000,xspeed:2.170000,yspeed:-0.570000,angle:12.250000,distense:50.400000,rcs:28.000000
