timestame:1619470444.129000000,objid:1,type:0,xpos:0.000000,ypos:0.000000,xspeed:17.070000,yspeed:0.280000,angle:1.700000,distense:127.600000,rcs:12.000000
timestame:1619470444.129000000,objid:2,type:0,xpos:0.000000,ypos:0.000000,xspeed:4.070000,yspeed:-0.040000,angle:8.120000,distense:91.200000,rcs:20.000000
