timestame:1619471371.934000000,objid:1,type:0,xpos:0.000000,ypos:0.000000,xspeed:8.930000,yspeed:0.010000,angle:2.340000,distense:159.000000,rcs:20.000000
timestame:1619471371.934000000,objid:7,type:0,xpos:0.000000,ypos:0.000000,xspeed:10.340000,yspeed:0.170000,angle:1.470000,distense:205.600000,rcs:15.000000
