timestame:1619469922.530000000,objid:1,type:0,xpos:0.000000,ypos:0.000000,xspeed:5.950000,yspeed:0.280000,angle:1.530000,distense:145.000000,rcs:12.000000
timestame:1619469922.530000000,objid:8,type:0,xpos:0.000000,ypos:0.000000,xspeed:5.860000,yspeed:0.040000,angle:1.380000,distense:137.800000,rcs:22.000000
