timestame:1619470952.509000000,objid:0,type:0,xpos:0.000000,ypos:0.000000,xspeed:5.130000,yspeed:-0.190000,angle:0.660000,distense:34.200000,rcs:38.000000
timestame:1619470952.509000000,objid:10,type:0,xpos:0.000000,ypos:0.000000,xspeed:3.690000,yspeed:-0.190000,angle:2.490000,distense:19.000000,rcs:35.000000
