timestame:1619470708.277000000,objid:1,type:0,xpos:0.000000,ypos:0.000000,xspeed:12.430000,yspeed:0.220000,angle:2.190000,distense:192.800000,rcs:12.000000
timestame:1619470708.277000000,objid:2,type:0,xpos:0.000000,ypos:0.000000,xspeed:3.330000,yspeed:1.310000,angle:-14.870000,distense:19.800000,rcs:12.000000
timestame:1619470708.277000000,objid:3,type:0,xpos:0.000000,ypos:0.000000,xspeed:22.600000,yspeed:11.540000,angle:21.080000,distense:31.200000,rcs:26.000000
timestame:1619470708.277000000,objid:7,type:0,xpos:0.000000,ypos:0.000000,xspeed:12.790000,yspeed:15.560000,angle:-9.340000,distense:17.400000,rcs:6.000000
