timestame:1619470883.383000000,objid:3,type:0,xpos:0.000000,ypos:0.000000,xspeed:-1.730000,yspeed:-2.520000,angle:-18.000000,distense:33.800000,rcs:6.000000
timestame:1619470883.383000000,objid:4,type:0,xpos:0.000000,ypos:0.000000,xspeed:1.180000,yspeed:-4.680000,angle:21.430000,distense:46.200000,rcs:22.000000
timestame:1619470883.383000000,objid:7,type:0,xpos:0.000000,ypos:0.000000,xspeed:-1.840000,yspeed:-1.890000,angle:-18.000000,distense:33.200000,rcs:13.000000
timestame:1619470883.383000000,objid:18,type:0,xpos:0.000000,ypos:0.000000,xspeed:-1.220000,yspeed:-2.690000,angle:-18.000000,distense:35.200000,rcs:20.000000
