timestame:1619469953.450000000,objid:4,type:0,xpos:0.000000,ypos:0.000000,xspeed:1.100000,yspeed:-4.940000,angle:-13.190000,distense:59.000000,rcs:26.000000
timestame:1619469953.450000000,objid:8,type:0,xpos:0.000000,ypos:0.000000,xspeed:-1.240000,yspeed:-1.970000,angle:17.740000,distense:44.200000,rcs:25.000000
timestame:1619469953.450000000,objid:13,type:0,xpos:0.000000,ypos:0.000000,xspeed:-6.630000,yspeed:2.620000,angle:-2.580000,distense:40.000000,rcs:6.000000
timestame:1619469953.450000000,objid:14,type:0,xpos:0.000000,ypos:0.000000,xspeed:-3.850000,yspeed:8.970000,angle:-6.680000,distense:39.000000,rcs:20.000000
