timestame:1619470019.957000000,objid:5,type:0,xpos:0.000000,ypos:0.000000,xspeed:3.040000,yspeed:-2.570000,angle:-14.280000,distense:52.200000,rcs:9.000000
timestame:1619470019.957000000,objid:11,type:0,xpos:0.000000,ypos:0.000000,xspeed:-1.410000,yspeed:-2.790000,angle:-18.000000,distense:36.600000,rcs:24.000000
timestame:1619470019.957000000,objid:13,type:0,xpos:0.000000,ypos:0.000000,xspeed:-1.990000,yspeed:5.860000,angle:-9.510000,distense:43.400000,rcs:9.000000
timestame:1619470019.957000000,objid:15,type:0,xpos:0.000000,ypos:0.000000,xspeed:-2.060000,yspeed:-2.410000,angle:-18.000000,distense:34.400000,rcs:19.000000
