timestame:1619469632.129000000,objid:2,type:0,xpos:0.000000,ypos:0.000000,xspeed:-6.210000,yspeed:-0.380000,angle:-18.000000,distense:27.800000,rcs:6.000000
timestame:1619469632.129000000,objid:6,type:0,xpos:0.000000,ypos:0.000000,xspeed:-9.500000,yspeed:-0.100000,angle:-7.160000,distense:66.600000,rcs:16.000000
timestame:1619469632.129000000,objid:7,type:0,xpos:0.000000,ypos:0.000000,xspeed:-6.940000,yspeed:-0.670000,angle:-18.000000,distense:30.600000,rcs:6.000000
