timestame:1619471228.201000000,objid:0,type:0,xpos:0.000000,ypos:0.000000,xspeed:5.520000,yspeed:0.240000,angle:2.150000,distense:83.000000,rcs:9.000000
timestame:1619471228.201000000,objid:1,type:0,xpos:0.000000,ypos:0.000000,xspeed:4.460000,yspeed:-3.850000,angle:-17.330000,distense:55.000000,rcs:9.000000
timestame:1619471228.201000000,objid:9,type:0,xpos:0.000000,ypos:0.000000,xspeed:5.970000,yspeed:0.200000,angle:2.260000,distense:74.200000,rcs:39.000000
