timestame:1619469537.067000000,objid:4,type:0,xpos:0.000000,ypos:0.000000,xspeed:16.820000,yspeed:0.350000,angle:1.820000,distense:113.800000,rcs:16.000000
timestame:1619469537.067000000,objid:7,type:0,xpos:0.000000,ypos:0.000000,xspeed:16.830000,yspeed:0.320000,angle:1.520000,distense:121.200000,rcs:15.000000
