timestame:1619470985.627000000,objid:0,type:0,xpos:0.000000,ypos:0.000000,xspeed:8.800000,yspeed:0.220000,angle:2.220000,distense:198.600000,rcs:30.000000
timestame:1619470985.627000000,objid:1,type:0,xpos:0.000000,ypos:0.000000,xspeed:-15.580000,yspeed:-0.400000,angle:-12.370000,distense:57.800000,rcs:20.000000
timestame:1619470985.627000000,objid:3,type:0,xpos:0.000000,ypos:0.000000,xspeed:4.340000,yspeed:-1.540000,angle:8.950000,distense:78.600000,rcs:6.000000
timestame:1619470985.627000000,objid:4,type:0,xpos:0.000000,ypos:0.000000,xspeed:-13.700000,yspeed:-2.260000,angle:-6.160000,distense:114.000000,rcs:12.000000
