timestame:1619469921.914000000,objid:1,type:0,xpos:0.000000,ypos:0.000000,xspeed:6.020000,yspeed:0.210000,angle:1.420000,distense:141.200000,rcs:20.000000
timestame:1619469921.914000000,objid:8,type:0,xpos:0.000000,ypos:0.000000,xspeed:5.750000,yspeed:0.070000,angle:1.450000,distense:133.800000,rcs:15.000000
