timestame:1619469559.780000000,objid:2,type:0,xpos:0.000000,ypos:0.000000,xspeed:-1.050000,yspeed:4.320000,angle:9.640000,distense:34.000000,rcs:9.000000
timestame:1619469559.780000000,objid:13,type:0,xpos:0.000000,ypos:0.000000,xspeed:1.970000,yspeed:-9.210000,angle:-18.000000,distense:62.200000,rcs:6.000000
timestame:1619469559.780000000,objid:14,type:0,xpos:0.000000,ypos:0.000000,xspeed:-2.370000,yspeed:10.270000,angle:-1.000000,distense:50.000000,rcs:6.000000
