timestame:1619470982.225000000,objid:0,type:0,xpos:0.000000,ypos:0.000000,xspeed:8.000000,yspeed:0.180000,angle:2.310000,distense:168.200000,rcs:26.000000
timestame:1619470982.225000000,objid:1,type:0,xpos:0.000000,ypos:0.000000,xspeed:-15.430000,yspeed:-0.270000,angle:-5.790000,distense:110.200000,rcs:25.000000
timestame:1619470982.225000000,objid:3,type:0,xpos:0.000000,ypos:0.000000,xspeed:3.150000,yspeed:-2.980000,angle:16.020000,distense:65.000000,rcs:6.000000
timestame:1619470982.225000000,objid:5,type:0,xpos:0.000000,ypos:0.000000,xspeed:-17.160000,yspeed:-9.150000,angle:-5.910000,distense:158.400000,rcs:6.000000
