timestame:1619470111.317000000,objid:2,type:0,xpos:0.000000,ypos:0.000000,xspeed:5.130000,yspeed:-0.630000,angle:18.570000,distense:24.000000,rcs:19.000000
timestame:1619470111.317000000,objid:5,type:0,xpos:0.000000,ypos:0.000000,xspeed:3.330000,yspeed:3.590000,angle:-8.800000,distense:43.200000,rcs:6.000000
timestame:1619470111.317000000,objid:6,type:0,xpos:0.000000,ypos:0.000000,xspeed:-7.150000,yspeed:-0.950000,angle:18.850000,distense:20.600000,rcs:6.000000
timestame:1619470111.317000000,objid:7,type:0,xpos:0.000000,ypos:0.000000,xspeed:6.890000,yspeed:-0.540000,angle:-16.650000,distense:23.200000,rcs:34.000000
