timestame:1619469924.389000000,objid:1,type:0,xpos:0.000000,ypos:0.000000,xspeed:6.200000,yspeed:0.170000,angle:1.450000,distense:156.600000,rcs:12.000000
timestame:1619469924.389000000,objid:8,type:0,xpos:0.000000,ypos:0.000000,xspeed:6.250000,yspeed:0.020000,angle:1.290000,distense:149.800000,rcs:25.000000
