timestame:1619470613.083000000,objid:2,type:0,xpos:0.000000,ypos:0.000000,xspeed:-1.740000,yspeed:7.650000,angle:-8.070000,distense:43.400000,rcs:13.000000
timestame:1619470613.083000000,objid:3,type:0,xpos:0.000000,ypos:0.000000,xspeed:1.700000,yspeed:3.860000,angle:-5.980000,distense:40.600000,rcs:6.000000
timestame:1619470613.083000000,objid:4,type:0,xpos:0.000000,ypos:0.000000,xspeed:3.500000,yspeed:3.970000,angle:-11.160000,distense:41.000000,rcs:6.000000
