timestame:1619471446.021000000,objid:3,type:0,xpos:0.000000,ypos:0.000000,xspeed:-4.290000,yspeed:-0.760000,angle:-5.960000,distense:115.400000,rcs:19.000000
timestame:1619471446.021000000,objid:11,type:0,xpos:0.000000,ypos:0.000000,xspeed:-3.500000,yspeed:-0.250000,angle:-6.450000,distense:105.000000,rcs:20.000000
timestame:1619471446.021000000,objid:13,type:0,xpos:0.000000,ypos:0.000000,xspeed:-2.310000,yspeed:-0.040000,angle:13.830000,distense:56.000000,rcs:13.000000
