timestame:1619470706.787000000,objid:0,type:0,xpos:0.000000,ypos:0.000000,xspeed:3.760000,yspeed:1.870000,angle:-18.000000,distense:70.600000,rcs:9.000000
timestame:1619470706.787000000,objid:1,type:0,xpos:0.000000,ypos:0.000000,xspeed:11.930000,yspeed:0.010000,angle:2.200000,distense:173.600000,rcs:6.000000
timestame:1619470706.787000000,objid:2,type:0,xpos:0.000000,ypos:0.000000,xspeed:2.090000,yspeed:-4.540000,angle:-14.850000,distense:14.200000,rcs:9.000000
timestame:1619470706.787000000,objid:4,type:0,xpos:0.000000,ypos:0.000000,xspeed:-13.120000,yspeed:0.000000,angle:22.310000,distense:12.000000,rcs:12.000000
