timestame:1619470777.222000000,objid:0,type:0,xpos:0.000000,ypos:0.000000,xspeed:19.980000,yspeed:1.410000,angle:1.540000,distense:215.200000,rcs:9.000000
timestame:1619470777.222000000,objid:1,type:0,xpos:0.000000,ypos:0.000000,xspeed:-7.420000,yspeed:-0.860000,angle:-9.970000,distense:96.800000,rcs:13.000000
timestame:1619470777.222000000,objid:3,type:0,xpos:0.000000,ypos:0.000000,xspeed:4.590000,yspeed:-2.860000,angle:-12.250000,distense:49.600000,rcs:19.000000
timestame:1619470777.222000000,objid:4,type:0,xpos:0.000000,ypos:0.000000,xspeed:1.510000,yspeed:0.930000,angle:-4.390000,distense:51.000000,rcs:6.000000
