timestame:1619471089.323000000,objid:0,type:0,xpos:0.000000,ypos:0.000000,xspeed:9.910000,yspeed:0.430000,angle:1.870000,distense:85.800000,rcs:21.000000
timestame:1619471089.323000000,objid:1,type:0,xpos:0.000000,ypos:0.000000,xspeed:9.300000,yspeed:0.730000,angle:7.760000,distense:37.800000,rcs:27.000000
timestame:1619471089.323000000,objid:2,type:0,xpos:0.000000,ypos:0.000000,xspeed:4.780000,yspeed:0.310000,angle:2.310000,distense:37.200000,rcs:43.000000
timestame:1619471089.323000000,objid:4,type:0,xpos:0.000000,ypos:0.000000,xspeed:-22.030000,yspeed:-0.900000,angle:-12.390000,distense:64.200000,rcs:19.000000
