timestame:1619471451.307000000,objid:3,type:0,xpos:0.000000,ypos:0.000000,xspeed:-2.220000,yspeed:-0.140000,angle:-6.410000,distense:102.400000,rcs:13.000000
timestame:1619471451.307000000,objid:11,type:0,xpos:0.000000,ypos:0.000000,xspeed:-1.840000,yspeed:0.300000,angle:-7.610000,distense:94.000000,rcs:13.000000
timestame:1619471451.307000000,objid:13,type:0,xpos:0.000000,ypos:0.000000,xspeed:-3.780000,yspeed:-0.170000,angle:20.910000,distense:37.000000,rcs:15.000000
