timestame:1619469998.076000000,objid:0,type:0,xpos:0.000000,ypos:0.000000,xspeed:-1.230000,yspeed:-14.590000,angle:12.590000,distense:41.400000,rcs:27.000000
timestame:1619469998.076000000,objid:10,type:0,xpos:0.000000,ypos:0.000000,xspeed:-1.040000,yspeed:-3.220000,angle:-18.000000,distense:37.400000,rcs:20.000000
timestame:1619469998.076000000,objid:11,type:0,xpos:0.000000,ypos:0.000000,xspeed:-1.120000,yspeed:-0.510000,angle:-18.000000,distense:33.400000,rcs:19.000000
timestame:1619469998.076000000,objid:15,type:0,xpos:0.000000,ypos:0.000000,xspeed:-1.170000,yspeed:-1.870000,angle:-18.000000,distense:35.400000,rcs:23.000000
