timestame:1619470031.020000000,objid:1,type:0,xpos:0.000000,ypos:0.000000,xspeed:6.000000,yspeed:0.440000,angle:2.680000,distense:40.000000,rcs:36.000000
timestame:1619470031.020000000,objid:4,type:0,xpos:0.000000,ypos:0.000000,xspeed:10.430000,yspeed:-0.030000,angle:1.970000,distense:67.000000,rcs:26.000000
timestame:1619470031.020000000,objid:7,type:0,xpos:0.000000,ypos:0.000000,xspeed:1.100000,yspeed:-2.050000,angle:8.340000,distense:20.200000,rcs:12.000000
