timestame:1619470645.282000000,objid:2,type:0,xpos:0.000000,ypos:0.000000,xspeed:-6.270000,yspeed:-0.160000,angle:-5.510000,distense:154.800000,rcs:15.000000
timestame:1619470645.282000000,objid:8,type:0,xpos:0.000000,ypos:0.000000,xspeed:-2.010000,yspeed:-3.700000,angle:7.660000,distense:84.400000,rcs:15.000000
timestame:1619470645.282000000,objid:9,type:0,xpos:0.000000,ypos:0.000000,xspeed:-1.510000,yspeed:10.770000,angle:-9.900000,distense:43.800000,rcs:6.000000
