timestame:1619470123.541000000,objid:4,type:0,xpos:0.000000,ypos:0.000000,xspeed:3.600000,yspeed:0.660000,angle:-17.830000,distense:25.200000,rcs:26.000000
timestame:1619470123.541000000,objid:6,type:0,xpos:0.000000,ypos:0.000000,xspeed:4.760000,yspeed:2.200000,angle:22.790000,distense:31.400000,rcs:32.000000
