timestame:1619469926.442000000,objid:1,type:0,xpos:0.000000,ypos:0.000000,xspeed:6.670000,yspeed:0.190000,angle:1.490000,distense:170.800000,rcs:6.000000
timestame:1619469926.442000000,objid:8,type:0,xpos:0.000000,ypos:0.000000,xspeed:6.770000,yspeed:0.100000,angle:1.290000,distense:164.000000,rcs:25.000000
