timestame:1619470974.995000000,objid:0,type:0,xpos:0.000000,ypos:0.000000,xspeed:6.540000,yspeed:0.070000,angle:3.540000,distense:113.600000,rcs:21.000000
timestame:1619470974.995000000,objid:3,type:0,xpos:0.000000,ypos:0.000000,xspeed:7.100000,yspeed:-0.240000,angle:2.260000,distense:123.400000,rcs:13.000000
timestame:1619470974.995000000,objid:5,type:0,xpos:0.000000,ypos:0.000000,xspeed:-12.460000,yspeed:4.480000,angle:-6.140000,distense:143.800000,rcs:12.000000
timestame:1619470974.995000000,objid:9,type:0,xpos:0.000000,ypos:0.000000,xspeed:1.970000,yspeed:3.560000,angle:-7.170000,distense:43.000000,rcs:12.000000
