timestame:1619470122.174000000,objid:1,type:0,xpos:0.000000,ypos:0.000000,xspeed:8.610000,yspeed:1.960000,angle:18.420000,distense:32.400000,rcs:22.000000
timestame:1619470122.174000000,objid:4,type:0,xpos:0.000000,ypos:0.000000,xspeed:3.360000,yspeed:0.630000,angle:-15.500000,distense:20.400000,rcs:28.000000
timestame:1619470122.174000000,objid:6,type:0,xpos:0.000000,ypos:0.000000,xspeed:5.510000,yspeed:1.050000,angle:20.350000,distense:24.800000,rcs:34.000000
timestame:1619470122.174000000,objid:8,type:0,xpos:0.000000,ypos:0.000000,xspeed:3.960000,yspeed:1.590000,angle:-16.510000,distense:27.000000,rcs:20.000000
