timestame:1619470714.339000000,objid:0,type:0,xpos:0.000000,ypos:0.000000,xspeed:1.920000,yspeed:4.320000,angle:-4.850000,distense:48.600000,rcs:6.000000
timestame:1619470714.339000000,objid:2,type:0,xpos:0.000000,ypos:0.000000,xspeed:3.330000,yspeed:1.830000,angle:21.020000,distense:42.000000,rcs:6.000000
timestame:1619470714.339000000,objid:3,type:0,xpos:0.000000,ypos:0.000000,xspeed:4.880000,yspeed:2.550000,angle:-15.090000,distense:37.000000,rcs:13.000000
timestame:1619470714.339000000,objid:9,type:0,xpos:0.000000,ypos:0.000000,xspeed:-15.160000,yspeed:0.000000,angle:0.430000,distense:27.600000,rcs:12.000000
