timestame:1619470171.262000000,objid:0,type:0,xpos:0.000000,ypos:0.000000,xspeed:8.500000,yspeed:0.310000,angle:2.310000,distense:72.000000,rcs:24.000000
timestame:1619470171.262000000,objid:1,type:0,xpos:0.000000,ypos:0.000000,xspeed:10.050000,yspeed:0.530000,angle:2.750000,distense:42.800000,rcs:33.000000
timestame:1619470171.262000000,objid:3,type:0,xpos:0.000000,ypos:0.000000,xspeed:10.520000,yspeed:0.020000,angle:3.810000,distense:110.400000,rcs:24.000000
timestame:1619470171.262000000,objid:4,type:0,xpos:0.000000,ypos:0.000000,xspeed:4.780000,yspeed:0.970000,angle:19.630000,distense:27.000000,rcs:19.000000
