timestame:1619470746.787000000,objid:0,type:0,xpos:0.000000,ypos:0.000000,xspeed:-2.060000,yspeed:-0.620000,angle:-9.570000,distense:81.600000,rcs:6.000000
timestame:1619470746.787000000,objid:6,type:0,xpos:0.000000,ypos:0.000000,xspeed:12.530000,yspeed:0.490000,angle:1.470000,distense:222.400000,rcs:13.000000
