timestame:1619470221.634000000,objid:8,type:0,xpos:0.000000,ypos:0.000000,xspeed:-4.670000,yspeed:0.000000,angle:-18.000000,distense:47.200000,rcs:9.000000
timestame:1619470221.634000000,objid:11,type:0,xpos:0.000000,ypos:0.000000,xspeed:-2.300000,yspeed:6.340000,angle:-17.360000,distense:45.000000,rcs:20.000000
