timestame:1619469623.993000000,objid:1,type:0,xpos:0.000000,ypos:0.000000,xspeed:-4.240000,yspeed:-0.170000,angle:-18.000000,distense:54.200000,rcs:21.000000
timestame:1619469623.993000000,objid:2,type:0,xpos:0.000000,ypos:0.000000,xspeed:-3.880000,yspeed:-0.290000,angle:-14.960000,distense:67.600000,rcs:24.000000
timestame:1619469623.993000000,objid:4,type:0,xpos:0.000000,ypos:0.000000,xspeed:-13.700000,yspeed:-0.430000,angle:-12.460000,distense:56.600000,rcs:23.000000
