timestame:1619470660.031000000,objid:0,type:0,xpos:0.000000,ypos:0.000000,xspeed:-2.360000,yspeed:-2.600000,angle:-9.070000,distense:100.600000,rcs:12.000000
timestame:1619470660.031000000,objid:2,type:0,xpos:0.000000,ypos:0.000000,xspeed:4.220000,yspeed:2.700000,angle:-16.330000,distense:38.800000,rcs:12.000000
timestame:1619470660.031000000,objid:3,type:0,xpos:0.000000,ypos:0.000000,xspeed:-1.670000,yspeed:0.530000,angle:-7.050000,distense:111.800000,rcs:12.000000
