timestame:1619469702.072000000,objid:1,type:0,xpos:0.000000,ypos:0.000000,xspeed:-2.290000,yspeed:-5.830000,angle:-13.190000,distense:42.000000,rcs:33.000000
timestame:1619469702.072000000,objid:2,type:0,xpos:0.000000,ypos:0.000000,xspeed:-2.700000,yspeed:-1.150000,angle:-18.000000,distense:36.200000,rcs:16.000000
timestame:1619469702.072000000,objid:5,type:0,xpos:0.000000,ypos:0.000000,xspeed:-3.160000,yspeed:-0.990000,angle:-18.000000,distense:33.200000,rcs:9.000000
timestame:1619469702.072000000,objid:10,type:0,xpos:0.000000,ypos:0.000000,xspeed:-1.760000,yspeed:-3.950000,angle:-17.900000,distense:41.400000,rcs:29.000000
