timestame:1619470331.718000000,objid:0,type:0,xpos:0.000000,ypos:0.000000,xspeed:16.480000,yspeed:-0.300000,angle:0.270000,distense:206.600000,rcs:23.000000
timestame:1619470331.718000000,objid:2,type:0,xpos:0.000000,ypos:0.000000,xspeed:9.990000,yspeed:0.410000,angle:1.220000,distense:219.600000,rcs:6.000000
timestame:1619470331.718000000,objid:4,type:0,xpos:0.000000,ypos:0.000000,xspeed:-1.080000,yspeed:0.650000,angle:15.390000,distense:66.200000,rcs:6.000000
