timestame:1619470701.379000000,objid:0,type:0,xpos:0.000000,ypos:0.000000,xspeed:5.450000,yspeed:1.270000,angle:18.480000,distense:25.000000,rcs:20.000000
timestame:1619470701.379000000,objid:1,type:0,xpos:0.000000,ypos:0.000000,xspeed:9.580000,yspeed:0.130000,angle:3.690000,distense:110.400000,rcs:9.000000
timestame:1619470701.379000000,objid:2,type:0,xpos:0.000000,ypos:0.000000,xspeed:-8.960000,yspeed:0.300000,angle:-11.760000,distense:93.200000,rcs:13.000000
