timestame:1619470475.782000000,objid:1,type:0,xpos:0.000000,ypos:0.000000,xspeed:-11.480000,yspeed:-0.250000,angle:-5.270000,distense:127.400000,rcs:15.000000
timestame:1619470475.782000000,objid:2,type:0,xpos:0.000000,ypos:0.000000,xspeed:1.120000,yspeed:-0.310000,angle:13.820000,distense:72.800000,rcs:12.000000
