timestame:1619470937.821000000,objid:7,type:0,xpos:0.000000,ypos:0.000000,xspeed:-1.630000,yspeed:-0.200000,angle:-12.100000,distense:77.400000,rcs:16.000000
timestame:1619470937.821000000,objid:10,type:0,xpos:0.000000,ypos:0.000000,xspeed:-2.390000,yspeed:-1.410000,angle:-10.160000,distense:77.600000,rcs:15.000000
