timestame:1619471088.190000000,objid:0,type:0,xpos:0.000000,ypos:0.000000,xspeed:8.860000,yspeed:0.420000,angle:1.800000,distense:73.200000,rcs:26.000000
timestame:1619471088.190000000,objid:1,type:0,xpos:0.000000,ypos:0.000000,xspeed:8.170000,yspeed:0.470000,angle:8.940000,distense:26.200000,rcs:26.000000
timestame:1619471088.190000000,objid:4,type:0,xpos:0.000000,ypos:0.000000,xspeed:-22.630000,yspeed:-0.940000,angle:-8.390000,distense:88.200000,rcs:20.000000
timestame:1619471088.190000000,objid:11,type:0,xpos:0.000000,ypos:0.000000,xspeed:3.820000,yspeed:-0.080000,angle:1.750000,distense:30.200000,rcs:37.000000
