timestame:1619469878.930000000,objid:3,type:0,xpos:0.000000,ypos:0.000000,xspeed:-3.940000,yspeed:-0.010000,angle:-18.000000,distense:27.200000,rcs:6.000000
timestame:1619469878.930000000,objid:6,type:0,xpos:0.000000,ypos:0.000000,xspeed:-3.750000,yspeed:-3.060000,angle:-18.000000,distense:35.800000,rcs:20.000000
timestame:1619469878.930000000,objid:10,type:0,xpos:0.000000,ypos:0.000000,xspeed:2.780000,yspeed:-3.670000,angle:-6.840000,distense:45.200000,rcs:24.000000
