timestame:1619470154.335000000,objid:3,type:0,xpos:0.000000,ypos:0.000000,xspeed:-4.860000,yspeed:-0.300000,angle:-18.000000,distense:45.600000,rcs:18.000000
timestame:1619470154.335000000,objid:5,type:0,xpos:0.000000,ypos:0.000000,xspeed:4.120000,yspeed:2.790000,angle:-16.570000,distense:33.600000,rcs:9.000000
timestame:1619470154.335000000,objid:7,type:0,xpos:0.000000,ypos:0.000000,xspeed:-15.040000,yspeed:-0.870000,angle:-7.630000,distense:116.800000,rcs:15.000000
timestame:1619470154.335000000,objid:13,type:0,xpos:0.000000,ypos:0.000000,xspeed:-14.970000,yspeed:-0.500000,angle:-7.160000,distense:121.400000,rcs:9.000000
