timestame:1619469841.382000000,objid:4,type:0,xpos:0.000000,ypos:0.000000,xspeed:16.890000,yspeed:0.000000,angle:10.780000,distense:47.800000,rcs:23.000000
timestame:1619469841.382000000,objid:15,type:0,xpos:0.000000,ypos:0.000000,xspeed:2.520000,yspeed:0.410000,angle:15.570000,distense:26.000000,rcs:6.000000
timestame:1619469841.382000000,objid:16,type:0,xpos:0.000000,ypos:0.000000,xspeed:1.980000,yspeed:0.380000,angle:12.650000,distense:14.800000,rcs:32.000000
timestame:1619469841.382000000,objid:20,type:0,xpos:0.000000,ypos:0.000000,xspeed:-1.790000,yspeed:0.290000,angle:-9.690000,distense:90.000000,rcs:20.000000
