timestame:1619471003.825000000,objid:1,type:0,xpos:0.000000,ypos:0.000000,xspeed:-13.260000,yspeed:-0.840000,angle:-6.560000,distense:132.600000,rcs:12.000000
timestame:1619471003.825000000,objid:4,type:0,xpos:0.000000,ypos:0.000000,xspeed:1.340000,yspeed:0.180000,angle:0.390000,distense:17.400000,rcs:20.000000
