timestame:1619470027.567000000,objid:1,type:0,xpos:0.000000,ypos:0.000000,xspeed:4.470000,yspeed:0.830000,angle:1.570000,distense:19.600000,rcs:29.000000
timestame:1619470027.567000000,objid:2,type:0,xpos:0.000000,ypos:0.000000,xspeed:5.980000,yspeed:0.310000,angle:2.440000,distense:34.800000,rcs:37.000000
