timestame:1619469855.359000000,objid:0,type:0,xpos:0.000000,ypos:0.000000,xspeed:3.520000,yspeed:-4.000000,angle:-1.700000,distense:53.000000,rcs:6.000000
timestame:1619469855.359000000,objid:4,type:0,xpos:0.000000,ypos:0.000000,xspeed:-9.280000,yspeed:2.190000,angle:-4.290000,distense:45.800000,rcs:31.000000
timestame:1619469855.359000000,objid:8,type:0,xpos:0.000000,ypos:0.000000,xspeed:17.190000,yspeed:0.000000,angle:-4.390000,distense:73.600000,rcs:16.000000
timestame:1619469855.359000000,objid:10,type:0,xpos:0.000000,ypos:0.000000,xspeed:-11.190000,yspeed:-0.230000,angle:-4.930000,distense:136.600000,rcs:20.000000
