timestame:1619469976.086000000,objid:2,type:0,xpos:0.000000,ypos:0.000000,xspeed:-1.390000,yspeed:-1.040000,angle:-18.000000,distense:32.400000,rcs:19.000000
timestame:1619469976.086000000,objid:4,type:0,xpos:0.000000,ypos:0.000000,xspeed:3.650000,yspeed:-3.010000,angle:6.720000,distense:44.600000,rcs:9.000000
timestame:1619469976.086000000,objid:6,type:0,xpos:0.000000,ypos:0.000000,xspeed:-1.520000,yspeed:-2.190000,angle:-18.000000,distense:34.800000,rcs:24.000000
timestame:1619469976.086000000,objid:7,type:0,xpos:0.000000,ypos:0.000000,xspeed:-3.790000,yspeed:-4.490000,angle:-18.000000,distense:35.200000,rcs:6.000000
