timestame:1619470775.480000000,objid:0,type:0,xpos:0.000000,ypos:0.000000,xspeed:26.420000,yspeed:3.480000,angle:0.910000,distense:182.400000,rcs:13.000000
timestame:1619470775.480000000,objid:1,type:0,xpos:0.000000,ypos:0.000000,xspeed:-7.220000,yspeed:-1.140000,angle:-8.040000,distense:109.400000,rcs:21.000000
