timestame:1619469712.078000000,objid:1,type:0,xpos:0.000000,ypos:0.000000,xspeed:-3.550000,yspeed:-1.390000,angle:-18.000000,distense:30.800000,rcs:12.000000
timestame:1619469712.078000000,objid:3,type:0,xpos:0.000000,ypos:0.000000,xspeed:12.110000,yspeed:-1.560000,angle:2.260000,distense:117.400000,rcs:15.000000
timestame:1619469712.078000000,objid:4,type:0,xpos:0.000000,ypos:0.000000,xspeed:-5.360000,yspeed:-2.450000,angle:-18.000000,distense:28.200000,rcs:9.000000
timestame:1619469712.078000000,objid:6,type:0,xpos:0.000000,ypos:0.000000,xspeed:-1.430000,yspeed:6.130000,angle:-8.380000,distense:39.200000,rcs:24.000000
