timestame:1619470026.445000000,objid:0,type:0,xpos:0.000000,ypos:0.000000,xspeed:6.070000,yspeed:-3.660000,angle:-0.130000,distense:36.800000,rcs:6.000000
timestame:1619470026.445000000,objid:2,type:0,xpos:0.000000,ypos:0.000000,xspeed:6.040000,yspeed:0.410000,angle:2.310000,distense:28.000000,rcs:34.000000
