timestame:1619469922.160000000,objid:1,type:0,xpos:0.000000,ypos:0.000000,xspeed:5.990000,yspeed:0.250000,angle:1.470000,distense:142.400000,rcs:20.000000
timestame:1619469922.160000000,objid:8,type:0,xpos:0.000000,ypos:0.000000,xspeed:5.780000,yspeed:0.000000,angle:1.370000,distense:135.200000,rcs:24.000000
