timestame:1619470966.419000000,objid:0,type:0,xpos:0.000000,ypos:0.000000,xspeed:4.340000,yspeed:0.010000,angle:5.440000,distense:62.800000,rcs:37.000000
timestame:1619470966.419000000,objid:1,type:0,xpos:0.000000,ypos:0.000000,xspeed:13.370000,yspeed:-0.350000,angle:0.710000,distense:155.000000,rcs:12.000000
timestame:1619470966.419000000,objid:6,type:0,xpos:0.000000,ypos:0.000000,xspeed:11.190000,yspeed:0.420000,angle:2.000000,distense:130.400000,rcs:23.000000
timestame:1619470966.419000000,objid:7,type:0,xpos:0.000000,ypos:0.000000,xspeed:7.180000,yspeed:1.450000,angle:21.550000,distense:21.000000,rcs:26.000000
