timestame:1619469853.502000000,objid:0,type:0,xpos:0.000000,ypos:0.000000,xspeed:4.650000,yspeed:-4.050000,angle:6.490000,distense:47.600000,rcs:30.000000
timestame:1619469853.502000000,objid:10,type:0,xpos:0.000000,ypos:0.000000,xspeed:-11.820000,yspeed:0.040000,angle:-4.060000,distense:156.200000,rcs:12.000000
timestame:1619469853.502000000,objid:18,type:0,xpos:0.000000,ypos:0.000000,xspeed:1.660000,yspeed:0.400000,angle:-9.030000,distense:91.400000,rcs:13.000000
