timestame:1619470289.318000000,objid:2,type:0,xpos:0.000000,ypos:0.000000,xspeed:-11.920000,yspeed:-0.130000,angle:-11.270000,distense:78.200000,rcs:20.000000
timestame:1619470289.318000000,objid:5,type:0,xpos:0.000000,ypos:0.000000,xspeed:-5.910000,yspeed:-0.360000,angle:-18.000000,distense:30.200000,rcs:26.000000
timestame:1619470289.318000000,objid:7,type:0,xpos:0.000000,ypos:0.000000,xspeed:-5.610000,yspeed:-0.360000,angle:-18.000000,distense:26.600000,rcs:13.000000
