timestame:1619470990.543000000,objid:3,type:0,xpos:0.000000,ypos:0.000000,xspeed:5.230000,yspeed:-0.170000,angle:7.090000,distense:104.400000,rcs:9.000000
timestame:1619470990.543000000,objid:4,type:0,xpos:0.000000,ypos:0.000000,xspeed:-13.490000,yspeed:-0.460000,angle:-16.520000,distense:49.200000,rcs:12.000000
