timestame:1619470070.345000000,objid:0,type:0,xpos:0.000000,ypos:0.000000,xspeed:3.590000,yspeed:6.350000,angle:-4.930000,distense:46.600000,rcs:6.000000
timestame:1619470070.345000000,objid:3,type:0,xpos:0.000000,ypos:0.000000,xspeed:-1.740000,yspeed:2.650000,angle:8.860000,distense:50.200000,rcs:35.000000
timestame:1619470070.345000000,objid:4,type:0,xpos:0.000000,ypos:0.000000,xspeed:-1.740000,yspeed:2.650000,angle:12.270000,distense:45.000000,rcs:27.000000
timestame:1619470070.345000000,objid:8,type:0,xpos:0.000000,ypos:0.000000,xspeed:3.160000,yspeed:1.760000,angle:-16.300000,distense:32.600000,rcs:20.000000
