timestame:1619470110.885000000,objid:2,type:0,xpos:0.000000,ypos:0.000000,xspeed:5.130000,yspeed:-2.420000,angle:22.510000,distense:22.200000,rcs:20.000000
timestame:1619470110.885000000,objid:4,type:0,xpos:0.000000,ypos:0.000000,xspeed:23.000000,yspeed:-1.410000,angle:18.080000,distense:28.200000,rcs:13.000000
timestame:1619470110.885000000,objid:5,type:0,xpos:0.000000,ypos:0.000000,xspeed:3.170000,yspeed:3.700000,angle:-9.290000,distense:40.800000,rcs:6.000000
timestame:1619470110.885000000,objid:6,type:0,xpos:0.000000,ypos:0.000000,xspeed:-7.270000,yspeed:-0.690000,angle:17.760000,distense:23.800000,rcs:6.000000
