timestame:1619471519.788000000,objid:7,type:0,xpos:0.000000,ypos:0.000000,xspeed:16.680000,yspeed:0.260000,angle:1.440000,distense:211.400000,rcs:15.000000
timestame:1619471519.788000000,objid:10,type:0,xpos:0.000000,ypos:0.000000,xspeed:16.610000,yspeed:0.340000,angle:1.420000,distense:200.800000,rcs:22.000000
