timestame:1619471270.210000000,objid:2,type:0,xpos:0.000000,ypos:0.000000,xspeed:13.970000,yspeed:0.260000,angle:2.020000,distense:211.000000,rcs:12.000000
timestame:1619471270.210000000,objid:10,type:0,xpos:0.000000,ypos:0.000000,xspeed:14.010000,yspeed:0.040000,angle:1.800000,distense:198.600000,rcs:25.000000
