timestame:1619470533.233000000,objid:1,type:0,xpos:0.000000,ypos:0.000000,xspeed:-9.490000,yspeed:0.550000,angle:-7.630000,distense:105.800000,rcs:12.000000
timestame:1619470533.233000000,objid:2,type:0,xpos:0.000000,ypos:0.000000,xspeed:-9.800000,yspeed:-4.180000,angle:-7.310000,distense:119.000000,rcs:12.000000
timestame:1619470533.233000000,objid:3,type:0,xpos:0.000000,ypos:0.000000,xspeed:-4.590000,yspeed:-2.910000,angle:-7.530000,distense:110.400000,rcs:12.000000
