timestame:1619471166.346000000,objid:0,type:0,xpos:0.000000,ypos:0.000000,xspeed:-10.950000,yspeed:-0.030000,angle:-4.000000,distense:142.600000,rcs:12.000000
timestame:1619471166.346000000,objid:2,type:0,xpos:0.000000,ypos:0.000000,xspeed:-9.720000,yspeed:-0.550000,angle:-3.740000,distense:147.600000,rcs:12.000000
timestame:1619471166.346000000,objid:3,type:0,xpos:0.000000,ypos:0.000000,xspeed:2.090000,yspeed:5.550000,angle:0.150000,distense:52.800000,rcs:6.000000
