timestame:1619470596.597000000,objid:1,type:0,xpos:0.000000,ypos:0.000000,xspeed:5.750000,yspeed:3.090000,angle:-15.210000,distense:35.800000,rcs:20.000000
timestame:1619470596.597000000,objid:3,type:0,xpos:0.000000,ypos:0.000000,xspeed:-3.470000,yspeed:1.330000,angle:7.150000,distense:175.000000,rcs:6.000000
timestame:1619470596.597000000,objid:5,type:0,xpos:0.000000,ypos:0.000000,xspeed:4.680000,yspeed:4.280000,angle:-10.990000,distense:46.000000,rcs:12.000000
