timestame:1619470375.520000000,objid:1,type:0,xpos:0.000000,ypos:0.000000,xspeed:-1.820000,yspeed:-3.350000,angle:-18.000000,distense:37.200000,rcs:22.000000
timestame:1619470375.520000000,objid:8,type:0,xpos:0.000000,ypos:0.000000,xspeed:1.250000,yspeed:-4.590000,angle:0.030000,distense:63.800000,rcs:16.000000
timestame:1619470375.520000000,objid:18,type:0,xpos:0.000000,ypos:0.000000,xspeed:-7.180000,yspeed:-0.040000,angle:-7.600000,distense:88.200000,rcs:15.000000
