timestame:1619470445.809000000,objid:1,type:0,xpos:0.000000,ypos:0.000000,xspeed:17.590000,yspeed:0.280000,angle:1.540000,distense:157.800000,rcs:6.000000
timestame:1619470445.809000000,objid:2,type:0,xpos:0.000000,ypos:0.000000,xspeed:4.490000,yspeed:-0.100000,angle:7.320000,distense:99.200000,rcs:21.000000
