timestame:1619470682.850000000,objid:0,type:0,xpos:0.000000,ypos:0.000000,xspeed:-3.500000,yspeed:0.110000,angle:-15.840000,distense:60.400000,rcs:25.000000
timestame:1619470682.850000000,objid:2,type:0,xpos:0.000000,ypos:0.000000,xspeed:-1.980000,yspeed:-0.260000,angle:-12.590000,distense:72.400000,rcs:19.000000
timestame:1619470682.850000000,objid:4,type:0,xpos:0.000000,ypos:0.000000,xspeed:-9.260000,yspeed:-2.380000,angle:-18.000000,distense:56.400000,rcs:13.000000
timestame:1619470682.850000000,objid:7,type:0,xpos:0.000000,ypos:0.000000,xspeed:-6.620000,yspeed:0.130000,angle:-12.940000,distense:70.200000,rcs:20.000000
