timestame:1619470060.060000000,objid:0,type:0,xpos:0.000000,ypos:0.000000,xspeed:-11.920000,yspeed:0.020000,angle:-5.430000,distense:79.600000,rcs:24.000000
timestame:1619470060.060000000,objid:1,type:0,xpos:0.000000,ypos:0.000000,xspeed:-21.500000,yspeed:12.460000,angle:-3.790000,distense:171.600000,rcs:9.000000
timestame:1619470060.060000000,objid:5,type:0,xpos:0.000000,ypos:0.000000,xspeed:9.580000,yspeed:0.530000,angle:2.900000,distense:186.400000,rcs:15.000000
