timestame:1619469572.552000000,objid:1,type:0,xpos:0.000000,ypos:0.000000,xspeed:-6.260000,yspeed:-2.990000,angle:-18.000000,distense:31.800000,rcs:9.000000
timestame:1619469572.552000000,objid:3,type:0,xpos:0.000000,ypos:0.000000,xspeed:-8.510000,yspeed:0.580000,angle:-5.570000,distense:146.400000,rcs:12.000000
timestame:1619469572.552000000,objid:5,type:0,xpos:0.000000,ypos:0.000000,xspeed:-8.970000,yspeed:-0.230000,angle:-6.160000,distense:142.400000,rcs:12.000000
timestame:1619469572.552000000,objid:8,type:0,xpos:0.000000,ypos:0.000000,xspeed:-2.500000,yspeed:-1.770000,angle:-18.000000,distense:36.200000,rcs:9.000000
