timestame:1619469582.755000000,objid:1,type:0,xpos:0.000000,ypos:0.000000,xspeed:-4.630000,yspeed:-0.200000,angle:-9.390000,distense:95.200000,rcs:13.000000
timestame:1619469582.755000000,objid:2,type:0,xpos:0.000000,ypos:0.000000,xspeed:-6.070000,yspeed:-0.560000,angle:-11.030000,distense:83.800000,rcs:23.000000
