timestame:1619471308.277000000,objid:0,type:0,xpos:0.000000,ypos:0.000000,xspeed:3.550000,yspeed:0.950000,angle:18.560000,distense:29.600000,rcs:30.000000
timestame:1619471308.277000000,objid:1,type:0,xpos:0.000000,ypos:0.000000,xspeed:4.830000,yspeed:3.060000,angle:21.870000,distense:32.800000,rcs:24.000000
timestame:1619471308.277000000,objid:2,type:0,xpos:0.000000,ypos:0.000000,xspeed:4.180000,yspeed:1.180000,angle:22.530000,distense:28.400000,rcs:16.000000
timestame:1619471308.277000000,objid:3,type:0,xpos:0.000000,ypos:0.000000,xspeed:3.780000,yspeed:0.000000,angle:22.260000,distense:21.000000,rcs:19.000000
