timestame:1619470841.863000000,objid:0,type:0,xpos:0.000000,ypos:0.000000,xspeed:1.000000,yspeed:2.900000,angle:-3.470000,distense:43.400000,rcs:6.000000
timestame:1619470841.863000000,objid:3,type:0,xpos:0.000000,ypos:0.000000,xspeed:2.430000,yspeed:2.750000,angle:-9.260000,distense:45.600000,rcs:6.000000
