timestame:1619471376.088000000,objid:0,type:0,xpos:0.000000,ypos:0.000000,xspeed:10.650000,yspeed:2.680000,angle:2.860000,distense:208.800000,rcs:12.000000
timestame:1619471376.088000000,objid:1,type:0,xpos:0.000000,ypos:0.000000,xspeed:10.170000,yspeed:0.180000,angle:2.190000,distense:201.200000,rcs:9.000000
