timestame:1619470482.320000000,objid:1,type:0,xpos:0.000000,ypos:0.000000,xspeed:-4.310000,yspeed:-0.150000,angle:-7.630000,distense:89.400000,rcs:25.000000
timestame:1619470482.320000000,objid:2,type:0,xpos:0.000000,ypos:0.000000,xspeed:1.700000,yspeed:-0.130000,angle:10.940000,distense:83.000000,rcs:6.000000
timestame:1619470482.320000000,objid:6,type:0,xpos:0.000000,ypos:0.000000,xspeed:-3.630000,yspeed:0.720000,angle:-6.630000,distense:95.400000,rcs:13.000000
