timestame:1619471264.024000000,objid:2,type:0,xpos:0.000000,ypos:0.000000,xspeed:12.870000,yspeed:0.080000,angle:2.840000,distense:126.200000,rcs:28.000000
timestame:1619471264.024000000,objid:6,type:0,xpos:0.000000,ypos:0.000000,xspeed:12.870000,yspeed:-0.060000,angle:2.620000,distense:138.400000,rcs:15.000000
timestame:1619471264.024000000,objid:10,type:0,xpos:0.000000,ypos:0.000000,xspeed:12.820000,yspeed:-0.030000,angle:3.020000,distense:113.800000,rcs:28.000000
