timestame:1619470742.560000000,objid:0,type:0,xpos:0.000000,ypos:0.000000,xspeed:-1.500000,yspeed:6.460000,angle:10.710000,distense:37.600000,rcs:21.000000
timestame:1619470742.560000000,objid:6,type:0,xpos:0.000000,ypos:0.000000,xspeed:12.470000,yspeed:0.050000,angle:1.060000,distense:168.800000,rcs:26.000000
timestame:1619470742.560000000,objid:7,type:0,xpos:0.000000,ypos:0.000000,xspeed:4.340000,yspeed:-4.910000,angle:22.250000,distense:52.200000,rcs:6.000000
timestame:1619470742.560000000,objid:8,type:0,xpos:0.000000,ypos:0.000000,xspeed:-8.910000,yspeed:-0.100000,angle:-7.220000,distense:93.400000,rcs:20.000000
