timestame:1619470201.546000000,objid:0,type:0,xpos:0.000000,ypos:0.000000,xspeed:1.090000,yspeed:-3.310000,angle:5.610000,distense:140.800000,rcs:25.000000
timestame:1619470201.546000000,objid:2,type:0,xpos:0.000000,ypos:0.000000,xspeed:1.900000,yspeed:1.070000,angle:5.100000,distense:156.600000,rcs:12.000000
