timestame:1619470570.629000000,objid:1,type:0,xpos:0.000000,ypos:0.000000,xspeed:3.410000,yspeed:3.260000,angle:-10.630000,distense:42.000000,rcs:12.000000
timestame:1619470570.629000000,objid:3,type:0,xpos:0.000000,ypos:0.000000,xspeed:15.430000,yspeed:0.280000,angle:1.130000,distense:207.200000,rcs:18.000000
