timestame:1619471377.153000000,objid:0,type:0,xpos:0.000000,ypos:0.000000,xspeed:11.120000,yspeed:-0.490000,angle:2.310000,distense:220.600000,rcs:6.000000
timestame:1619471377.153000000,objid:1,type:0,xpos:0.000000,ypos:0.000000,xspeed:10.580000,yspeed:0.370000,angle:2.300000,distense:213.200000,rcs:26.000000
