timestame:1619470463.637000000,objid:0,type:0,xpos:0.000000,ypos:0.000000,xspeed:-13.940000,yspeed:-0.620000,angle:-13.480000,distense:56.200000,rcs:20.000000
timestame:1619470463.637000000,objid:2,type:0,xpos:0.000000,ypos:0.000000,xspeed:6.070000,yspeed:0.020000,angle:3.050000,distense:197.400000,rcs:13.000000
