timestame:1619470189.495000000,objid:1,type:0,xpos:0.000000,ypos:0.000000,xspeed:1.240000,yspeed:2.830000,angle:-6.610000,distense:43.600000,rcs:6.000000
timestame:1619470189.495000000,objid:2,type:0,xpos:0.000000,ypos:0.000000,xspeed:-6.380000,yspeed:3.270000,angle:-4.820000,distense:53.800000,rcs:35.000000
timestame:1619470189.495000000,objid:7,type:0,xpos:0.000000,ypos:0.000000,xspeed:3.840000,yspeed:0.150000,angle:5.830000,distense:136.200000,rcs:16.000000
timestame:1619470189.495000000,objid:11,type:0,xpos:0.000000,ypos:0.000000,xspeed:4.600000,yspeed:0.200000,angle:4.300000,distense:134.800000,rcs:20.000000
