timestame:1619469684.262000000,objid:2,type:0,xpos:0.000000,ypos:0.000000,xspeed:-1.580000,yspeed:5.580000,angle:-18.000000,distense:52.000000,rcs:12.000000
timestame:1619469684.262000000,objid:4,type:0,xpos:0.000000,ypos:0.000000,xspeed:-2.630000,yspeed:6.830000,angle:-18.000000,distense:53.400000,rcs:13.000000
