timestame:1619471462.238000000,objid:1,type:0,xpos:0.000000,ypos:0.000000,xspeed:-6.200000,yspeed:-0.870000,angle:-5.710000,distense:116.600000,rcs:18.000000
timestame:1619471462.238000000,objid:3,type:0,xpos:0.000000,ypos:0.000000,xspeed:-7.360000,yspeed:-1.340000,angle:-5.250000,distense:182.600000,rcs:9.000000
