timestame:1619471520.158000000,objid:7,type:0,xpos:0.000000,ypos:0.000000,xspeed:16.710000,yspeed:0.240000,angle:1.400000,distense:217.600000,rcs:25.000000
timestame:1619471520.158000000,objid:10,type:0,xpos:0.000000,ypos:0.000000,xspeed:16.600000,yspeed:0.360000,angle:1.430000,distense:206.800000,rcs:20.000000
