timestame:1619469578.313000000,objid:1,type:0,xpos:0.000000,ypos:0.000000,xspeed:-5.650000,yspeed:-1.170000,angle:-7.380000,distense:118.000000,rcs:12.000000
timestame:1619469578.313000000,objid:3,type:0,xpos:0.000000,ypos:0.000000,xspeed:-6.460000,yspeed:-0.270000,angle:-8.520000,distense:107.200000,rcs:16.000000
timestame:1619469578.313000000,objid:5,type:0,xpos:0.000000,ypos:0.000000,xspeed:-6.500000,yspeed:-0.220000,angle:-8.670000,distense:103.800000,rcs:20.000000
