timestame:1619470102.567000000,objid:3,type:0,xpos:0.000000,ypos:0.000000,xspeed:2.250000,yspeed:-12.260000,angle:-15.970000,distense:55.600000,rcs:16.000000
timestame:1619470102.567000000,objid:7,type:0,xpos:0.000000,ypos:0.000000,xspeed:-4.080000,yspeed:0.000000,angle:10.460000,distense:35.400000,rcs:19.000000
timestame:1619470102.567000000,objid:9,type:0,xpos:0.000000,ypos:0.000000,xspeed:2.490000,yspeed:-12.260000,angle:-15.460000,distense:55.200000,rcs:6.000000
timestame:1619470102.567000000,objid:11,type:0,xpos:0.000000,ypos:0.000000,xspeed:2.990000,yspeed:0.790000,angle:12.650000,distense:17.800000,rcs:20.000000
