timestame:1619470031.590000000,objid:1,type:0,xpos:0.000000,ypos:0.000000,xspeed:6.430000,yspeed:0.350000,angle:2.510000,distense:44.200000,rcs:36.000000
timestame:1619470031.590000000,objid:4,type:0,xpos:0.000000,ypos:0.000000,xspeed:11.170000,yspeed:0.210000,angle:2.020000,distense:73.800000,rcs:26.000000
timestame:1619470031.590000000,objid:7,type:0,xpos:0.000000,ypos:0.000000,xspeed:1.690000,yspeed:-1.710000,angle:5.900000,distense:21.600000,rcs:15.000000
