timestame:1619470616.985000000,objid:0,type:0,xpos:0.000000,ypos:0.000000,xspeed:2.150000,yspeed:-10.170000,angle:-18.000000,distense:73.400000,rcs:6.000000
timestame:1619470616.985000000,objid:1,type:0,xpos:0.000000,ypos:0.000000,xspeed:-21.960000,yspeed:-1.810000,angle:-7.700000,distense:110.400000,rcs:16.000000
timestame:1619470616.985000000,objid:10,type:0,xpos:0.000000,ypos:0.000000,xspeed:-1.240000,yspeed:5.600000,angle:-16.410000,distense:41.400000,rcs:6.000000
