timestame:1619469485.497000000,objid:1,type:0,xpos:0.000000,ypos:0.000000,xspeed:-3.060000,yspeed:-1.410000,angle:-13.470000,distense:70.800000,rcs:27.000000
timestame:1619469485.497000000,objid:3,type:0,xpos:0.000000,ypos:0.000000,xspeed:1.820000,yspeed:0.170000,angle:11.490000,distense:18.600000,rcs:36.000000
timestame:1619469485.497000000,objid:7,type:0,xpos:0.000000,ypos:0.000000,xspeed:-2.330000,yspeed:-0.140000,angle:-11.060000,distense:85.000000,rcs:9.000000
timestame:1619469485.497000000,objid:11,type:0,xpos:0.000000,ypos:0.000000,xspeed:-1.160000,yspeed:-0.210000,angle:-9.040000,distense:80.600000,rcs:6.000000
