timestame:1619469755.102000000,objid:2,type:0,xpos:0.000000,ypos:0.000000,xspeed:-7.900000,yspeed:0.140000,angle:1.060000,distense:13.200000,rcs:9.000000
timestame:1619469755.102000000,objid:3,type:0,xpos:0.000000,ypos:0.000000,xspeed:6.600000,yspeed:1.100000,angle:22.740000,distense:25.800000,rcs:35.000000
timestame:1619469755.102000000,objid:5,type:0,xpos:0.000000,ypos:0.000000,xspeed:6.070000,yspeed:0.630000,angle:19.330000,distense:27.800000,rcs:30.000000
timestame:1619469755.102000000,objid:6,type:0,xpos:0.000000,ypos:0.000000,xspeed:-4.630000,yspeed:-19.610000,angle:-8.580000,distense:16.600000,rcs:9.000000
