timestame:1619470030.030000000,objid:1,type:0,xpos:0.000000,ypos:0.000000,xspeed:5.130000,yspeed:0.500000,angle:2.520000,distense:32.800000,rcs:25.000000
timestame:1619470030.030000000,objid:2,type:0,xpos:0.000000,ypos:0.000000,xspeed:7.030000,yspeed:0.310000,angle:2.400000,distense:52.600000,rcs:31.000000
timestame:1619470030.030000000,objid:4,type:0,xpos:0.000000,ypos:0.000000,xspeed:-5.020000,yspeed:-1.530000,angle:2.340000,distense:53.600000,rcs:33.000000
timestame:1619470030.030000000,objid:5,type:0,xpos:0.000000,ypos:0.000000,xspeed:4.860000,yspeed:-1.360000,angle:-18.000000,distense:56.000000,rcs:9.000000
