timestame:1619471096.148000000,objid:0,type:0,xpos:0.000000,ypos:0.000000,xspeed:-36.720000,yspeed:0.000000,angle:-11.060000,distense:67.400000,rcs:13.000000
timestame:1619471096.148000000,objid:2,type:0,xpos:0.000000,ypos:0.000000,xspeed:7.960000,yspeed:-0.120000,angle:1.340000,distense:88.600000,rcs:30.000000
