timestame:1619471447.823000000,objid:3,type:0,xpos:0.000000,ypos:0.000000,xspeed:-3.440000,yspeed:-0.140000,angle:-5.830000,distense:110.400000,rcs:18.000000
timestame:1619471447.823000000,objid:11,type:0,xpos:0.000000,ypos:0.000000,xspeed:-3.080000,yspeed:-0.600000,angle:-7.740000,distense:100.200000,rcs:16.000000
timestame:1619471447.823000000,objid:13,type:0,xpos:0.000000,ypos:0.000000,xspeed:-3.000000,yspeed:0.010000,angle:15.610000,distense:50.000000,rcs:13.000000
