timestame:1619470228.406000000,objid:1,type:0,xpos:0.000000,ypos:0.000000,xspeed:1.680000,yspeed:-1.690000,angle:-6.730000,distense:42.400000,rcs:40.000000
timestame:1619470228.406000000,objid:2,type:0,xpos:0.000000,ypos:0.000000,xspeed:-1.170000,yspeed:-3.840000,angle:-12.870000,distense:42.000000,rcs:31.000000
timestame:1619470228.406000000,objid:8,type:0,xpos:0.000000,ypos:0.000000,xspeed:-1.730000,yspeed:-2.650000,angle:-17.040000,distense:40.200000,rcs:22.000000
timestame:1619470228.406000000,objid:11,type:0,xpos:0.000000,ypos:0.000000,xspeed:-11.360000,yspeed:-7.270000,angle:-3.880000,distense:180.600000,rcs:12.000000
