timestame:1619470660.525000000,objid:0,type:0,xpos:0.000000,ypos:0.000000,xspeed:-2.650000,yspeed:-1.020000,angle:-9.300000,distense:99.600000,rcs:9.000000
timestame:1619470660.525000000,objid:1,type:0,xpos:0.000000,ypos:0.000000,xspeed:-15.160000,yspeed:0.000000,angle:-4.750000,distense:32.000000,rcs:16.000000
timestame:1619470660.525000000,objid:2,type:0,xpos:0.000000,ypos:0.000000,xspeed:3.770000,yspeed:3.120000,angle:-14.460000,distense:40.600000,rcs:6.000000
timestame:1619470660.525000000,objid:3,type:0,xpos:0.000000,ypos:0.000000,xspeed:-2.360000,yspeed:-0.230000,angle:-7.420000,distense:110.400000,rcs:13.000000
