timestame:1619470117.006000000,objid:4,type:0,xpos:0.000000,ypos:0.000000,xspeed:1.570000,yspeed:7.930000,angle:-0.400000,distense:52.200000,rcs:6.000000
timestame:1619470117.006000000,objid:5,type:0,xpos:0.000000,ypos:0.000000,xspeed:-8.240000,yspeed:-0.590000,angle:14.250000,distense:29.800000,rcs:27.000000
timestame:1619470117.006000000,objid:10,type:0,xpos:0.000000,ypos:0.000000,xspeed:2.920000,yspeed:4.900000,angle:-8.720000,distense:42.200000,rcs:13.000000
