timestame:1619470986.190000000,objid:0,type:0,xpos:0.000000,ypos:0.000000,xspeed:8.830000,yspeed:0.250000,angle:2.230000,distense:203.400000,rcs:20.000000
timestame:1619470986.190000000,objid:1,type:0,xpos:0.000000,ypos:0.000000,xspeed:-15.570000,yspeed:-0.560000,angle:-15.110000,distense:49.800000,rcs:22.000000
timestame:1619470986.190000000,objid:3,type:0,xpos:0.000000,ypos:0.000000,xspeed:4.520000,yspeed:-1.140000,angle:8.710000,distense:81.400000,rcs:12.000000
timestame:1619470986.190000000,objid:4,type:0,xpos:0.000000,ypos:0.000000,xspeed:-13.450000,yspeed:-1.580000,angle:-6.800000,distense:107.000000,rcs:19.000000
