timestame:1619471164.419000000,objid:0,type:0,xpos:0.000000,ypos:0.000000,xspeed:-9.390000,yspeed:2.870000,angle:-3.200000,distense:164.000000,rcs:15.000000
timestame:1619471164.419000000,objid:3,type:0,xpos:0.000000,ypos:0.000000,xspeed:3.170000,yspeed:5.090000,angle:-8.220000,distense:44.000000,rcs:6.000000
timestame:1619471164.419000000,objid:8,type:0,xpos:0.000000,ypos:0.000000,xspeed:2.930000,yspeed:4.560000,angle:-6.860000,distense:46.000000,rcs:6.000000
