timestame:1619470141.779000000,objid:0,type:0,xpos:0.000000,ypos:0.000000,xspeed:5.830000,yspeed:4.770000,angle:-14.690000,distense:21.000000,rcs:22.000000
timestame:1619470141.779000000,objid:1,type:0,xpos:0.000000,ypos:0.000000,xspeed:1.590000,yspeed:0.170000,angle:15.600000,distense:28.000000,rcs:22.000000
timestame:1619470141.779000000,objid:2,type:0,xpos:0.000000,ypos:0.000000,xspeed:9.250000,yspeed:17.350000,angle:1.670000,distense:30.200000,rcs:6.000000
timestame:1619470141.779000000,objid:3,type:0,xpos:0.000000,ypos:0.000000,xspeed:8.380000,yspeed:7.700000,angle:-12.410000,distense:43.200000,rcs:6.000000
