timestame:1619470278.297000000,objid:1,type:0,xpos:0.000000,ypos:0.000000,xspeed:-10.260000,yspeed:0.010000,angle:-6.200000,distense:80.000000,rcs:12.000000
timestame:1619470278.297000000,objid:2,type:0,xpos:0.000000,ypos:0.000000,xspeed:-2.300000,yspeed:0.040000,angle:-7.320000,distense:85.600000,rcs:9.000000
timestame:1619470278.297000000,objid:3,type:0,xpos:0.000000,ypos:0.000000,xspeed:-2.380000,yspeed:0.270000,angle:-8.820000,distense:76.600000,rcs:16.000000
timestame:1619470278.297000000,objid:11,type:0,xpos:0.000000,ypos:0.000000,xspeed:-2.690000,yspeed:-0.370000,angle:-10.800000,distense:70.200000,rcs:12.000000
