timestame:1619470458.112000000,objid:0,type:0,xpos:0.000000,ypos:0.000000,xspeed:-18.930000,yspeed:2.550000,angle:-5.040000,distense:141.600000,rcs:9.000000
timestame:1619470458.112000000,objid:2,type:0,xpos:0.000000,ypos:0.000000,xspeed:5.630000,yspeed:-0.110000,angle:3.600000,distense:163.600000,rcs:16.000000
