timestame:1619470165.256000000,objid:3,type:0,xpos:0.000000,ypos:0.000000,xspeed:6.270000,yspeed:0.340000,angle:6.840000,distense:53.800000,rcs:27.000000
timestame:1619470165.256000000,objid:6,type:0,xpos:0.000000,ypos:0.000000,xspeed:2.180000,yspeed:0.200000,angle:1.660000,distense:25.000000,rcs:35.000000
