timestame:1619470142.031000000,objid:0,type:0,xpos:0.000000,ypos:0.000000,xspeed:4.840000,yspeed:-0.980000,angle:22.110000,distense:21.400000,rcs:21.000000
timestame:1619470142.031000000,objid:1,type:0,xpos:0.000000,ypos:0.000000,xspeed:1.690000,yspeed:-0.040000,angle:14.990000,distense:28.400000,rcs:12.000000
