timestame:1619469535.082000000,objid:4,type:0,xpos:0.000000,ypos:0.000000,xspeed:16.420000,yspeed:0.610000,angle:2.330000,distense:80.200000,rcs:32.000000
timestame:1619469535.082000000,objid:7,type:0,xpos:0.000000,ypos:0.000000,xspeed:16.530000,yspeed:0.510000,angle:1.830000,distense:88.000000,rcs:19.000000
