timestame:1619470189.434000000,objid:1,type:0,xpos:0.000000,ypos:0.000000,xspeed:1.240000,yspeed:2.830000,angle:-6.740000,distense:43.400000,rcs:6.000000
timestame:1619470189.434000000,objid:2,type:0,xpos:0.000000,ypos:0.000000,xspeed:-6.700000,yspeed:3.340000,angle:-4.970000,distense:54.000000,rcs:32.000000
timestame:1619470189.434000000,objid:7,type:0,xpos:0.000000,ypos:0.000000,xspeed:3.860000,yspeed:0.100000,angle:5.800000,distense:136.000000,rcs:15.000000
timestame:1619470189.434000000,objid:11,type:0,xpos:0.000000,ypos:0.000000,xspeed:4.600000,yspeed:0.200000,angle:4.300000,distense:134.600000,rcs:20.000000
