timestame:1619469916.019000000,objid:1,type:0,xpos:0.000000,ypos:0.000000,xspeed:5.450000,yspeed:0.140000,angle:1.650000,distense:106.400000,rcs:20.000000
timestame:1619469916.019000000,objid:2,type:0,xpos:0.000000,ypos:0.000000,xspeed:13.590000,yspeed:0.300000,angle:2.410000,distense:208.400000,rcs:25.000000
timestame:1619469916.019000000,objid:8,type:0,xpos:0.000000,ypos:0.000000,xspeed:5.350000,yspeed:0.040000,angle:1.650000,distense:99.400000,rcs:29.000000
