timestame:1619469915.464000000,objid:1,type:0,xpos:0.000000,ypos:0.000000,xspeed:5.340000,yspeed:0.070000,angle:1.590000,distense:103.400000,rcs:22.000000
timestame:1619469915.464000000,objid:2,type:0,xpos:0.000000,ypos:0.000000,xspeed:13.310000,yspeed:0.390000,angle:2.520000,distense:200.600000,rcs:25.000000
timestame:1619469915.464000000,objid:8,type:0,xpos:0.000000,ypos:0.000000,xspeed:5.300000,yspeed:-0.020000,angle:1.640000,distense:96.400000,rcs:26.000000
