timestame:1619470980.283000000,objid:0,type:0,xpos:0.000000,ypos:0.000000,xspeed:7.550000,yspeed:-0.020000,angle:2.290000,distense:152.400000,rcs:21.000000
timestame:1619470980.283000000,objid:1,type:0,xpos:0.000000,ypos:0.000000,xspeed:-14.270000,yspeed:-0.430000,angle:-4.370000,distense:140.200000,rcs:18.000000
timestame:1619470980.283000000,objid:3,type:0,xpos:0.000000,ypos:0.000000,xspeed:3.320000,yspeed:-0.670000,angle:-17.840000,distense:61.200000,rcs:9.000000
timestame:1619470980.283000000,objid:4,type:0,xpos:0.000000,ypos:0.000000,xspeed:-21.350000,yspeed:-0.700000,angle:-18.000000,distense:43.600000,rcs:21.000000
