timestame:1619470365.525000000,objid:0,type:0,xpos:0.000000,ypos:0.000000,xspeed:2.260000,yspeed:5.410000,angle:1.610000,distense:45.800000,rcs:38.000000
timestame:1619470365.525000000,objid:3,type:0,xpos:0.000000,ypos:0.000000,xspeed:2.250000,yspeed:0.040000,angle:-8.170000,distense:44.200000,rcs:39.000000
timestame:1619470365.525000000,objid:5,type:0,xpos:0.000000,ypos:0.000000,xspeed:1.660000,yspeed:1.910000,angle:5.530000,distense:52.200000,rcs:13.000000
