timestame:1619469526.882000000,objid:0,type:0,xpos:0.000000,ypos:0.000000,xspeed:2.790000,yspeed:-10.660000,angle:-18.000000,distense:67.400000,rcs:15.000000
timestame:1619469526.882000000,objid:2,type:0,xpos:0.000000,ypos:0.000000,xspeed:2.740000,yspeed:-3.330000,angle:-17.490000,distense:59.600000,rcs:26.000000
timestame:1619469526.882000000,objid:3,type:0,xpos:0.000000,ypos:0.000000,xspeed:-2.190000,yspeed:0.450000,angle:-18.000000,distense:59.800000,rcs:6.000000
timestame:1619469526.882000000,objid:11,type:0,xpos:0.000000,ypos:0.000000,xspeed:1.590000,yspeed:-4.860000,angle:-18.000000,distense:70.000000,rcs:12.000000
