timestame:1619471259.626000000,objid:2,type:0,xpos:0.000000,ypos:0.000000,xspeed:12.280000,yspeed:0.450000,angle:5.020000,distense:70.000000,rcs:35.000000
timestame:1619471259.626000000,objid:3,type:0,xpos:0.000000,ypos:0.000000,xspeed:-14.780000,yspeed:-0.640000,angle:-18.000000,distense:37.000000,rcs:15.000000
timestame:1619471259.626000000,objid:6,type:0,xpos:0.000000,ypos:0.000000,xspeed:12.350000,yspeed:0.210000,angle:5.040000,distense:82.400000,rcs:12.000000
timestame:1619471259.626000000,objid:10,type:0,xpos:0.000000,ypos:0.000000,xspeed:12.260000,yspeed:0.570000,angle:5.650000,distense:58.000000,rcs:33.000000
