timestame:1619470944.755000000,objid:1,type:0,xpos:0.000000,ypos:0.000000,xspeed:-7.030000,yspeed:0.050000,angle:-18.000000,distense:38.400000,rcs:15.000000
timestame:1619470944.755000000,objid:5,type:0,xpos:0.000000,ypos:0.000000,xspeed:-6.250000,yspeed:-0.320000,angle:-18.000000,distense:44.800000,rcs:18.000000
timestame:1619470944.755000000,objid:7,type:0,xpos:0.000000,ypos:0.000000,xspeed:-5.600000,yspeed:-0.660000,angle:-18.000000,distense:42.600000,rcs:13.000000
