timestame:1619471221.466000000,objid:0,type:0,xpos:0.000000,ypos:0.000000,xspeed:1.090000,yspeed:0.320000,angle:1.370000,distense:54.400000,rcs:9.000000
timestame:1619471221.466000000,objid:6,type:0,xpos:0.000000,ypos:0.000000,xspeed:3.830000,yspeed:0.180000,angle:2.290000,distense:56.000000,rcs:16.000000
timestame:1619471221.466000000,objid:9,type:0,xpos:0.000000,ypos:0.000000,xspeed:3.880000,yspeed:0.180000,angle:2.650000,distense:37.200000,rcs:42.000000
timestame:1619471221.466000000,objid:10,type:0,xpos:0.000000,ypos:0.000000,xspeed:3.780000,yspeed:0.220000,angle:1.400000,distense:46.200000,rcs:19.000000
