timestame:1619470027.382000000,objid:1,type:0,xpos:0.000000,ypos:0.000000,xspeed:4.100000,yspeed:1.050000,angle:1.620000,distense:18.600000,rcs:29.000000
timestame:1619470027.382000000,objid:2,type:0,xpos:0.000000,ypos:0.000000,xspeed:5.900000,yspeed:0.530000,angle:2.850000,distense:33.600000,rcs:27.000000
