timestame:1619470609.932000000,objid:0,type:0,xpos:0.000000,ypos:0.000000,xspeed:6.690000,yspeed:3.480000,angle:-17.690000,distense:27.200000,rcs:6.000000
timestame:1619470609.932000000,objid:2,type:0,xpos:0.000000,ypos:0.000000,xspeed:7.110000,yspeed:1.280000,angle:17.650000,distense:32.400000,rcs:13.000000
