timestame:1619471225.050000000,objid:1,type:0,xpos:0.000000,ypos:0.000000,xspeed:5.880000,yspeed:-0.750000,angle:-5.910000,distense:38.400000,rcs:16.000000
timestame:1619471225.050000000,objid:6,type:0,xpos:0.000000,ypos:0.000000,xspeed:4.870000,yspeed:0.260000,angle:2.540000,distense:73.400000,rcs:9.000000
timestame:1619471225.050000000,objid:9,type:0,xpos:0.000000,ypos:0.000000,xspeed:5.000000,yspeed:0.110000,angle:2.530000,distense:55.000000,rcs:36.000000
