timestame:1619471252.326000000,objid:1,type:0,xpos:0.000000,ypos:0.000000,xspeed:2.380000,yspeed:3.170000,angle:2.580000,distense:78.000000,rcs:12.000000
timestame:1619471252.326000000,objid:3,type:0,xpos:0.000000,ypos:0.000000,xspeed:-17.220000,yspeed:-0.720000,angle:-5.920000,distense:143.000000,rcs:13.000000
