timestame:1619469622.798000000,objid:1,type:0,xpos:0.000000,ypos:0.000000,xspeed:-3.850000,yspeed:0.010000,angle:-15.990000,distense:59.400000,rcs:24.000000
timestame:1619469622.798000000,objid:2,type:0,xpos:0.000000,ypos:0.000000,xspeed:-3.890000,yspeed:-0.140000,angle:-13.660000,distense:71.800000,rcs:21.000000
timestame:1619469622.798000000,objid:4,type:0,xpos:0.000000,ypos:0.000000,xspeed:-14.750000,yspeed:-0.250000,angle:-9.270000,distense:71.200000,rcs:20.000000
