timestame:1619469853.810000000,objid:0,type:0,xpos:0.000000,ypos:0.000000,xspeed:4.240000,yspeed:-3.510000,angle:5.460000,distense:48.600000,rcs:30.000000
timestame:1619469853.810000000,objid:10,type:0,xpos:0.000000,ypos:0.000000,xspeed:-11.600000,yspeed:-0.080000,angle:-4.210000,distense:153.000000,rcs:9.000000
