timestame:1619470053.576000000,objid:0,type:0,xpos:0.000000,ypos:0.000000,xspeed:7.730000,yspeed:-0.110000,angle:2.620000,distense:132.800000,rcs:6.000000
timestame:1619470053.576000000,objid:5,type:0,xpos:0.000000,ypos:0.000000,xspeed:8.230000,yspeed:0.030000,angle:3.150000,distense:124.600000,rcs:26.000000
