timestame:1619470974.564000000,objid:0,type:0,xpos:0.000000,ypos:0.000000,xspeed:6.390000,yspeed:0.080000,angle:3.630000,distense:110.600000,rcs:25.000000
timestame:1619470974.564000000,objid:3,type:0,xpos:0.000000,ypos:0.000000,xspeed:7.260000,yspeed:-0.390000,angle:2.230000,distense:120.600000,rcs:13.000000
timestame:1619470974.564000000,objid:9,type:0,xpos:0.000000,ypos:0.000000,xspeed:2.160000,yspeed:3.340000,angle:-8.790000,distense:41.600000,rcs:15.000000
