timestame:1619471365.759000000,objid:1,type:0,xpos:0.000000,ypos:0.000000,xspeed:6.900000,yspeed:-0.630000,angle:3.210000,distense:105.800000,rcs:15.000000
timestame:1619471365.759000000,objid:2,type:0,xpos:0.000000,ypos:0.000000,xspeed:7.490000,yspeed:-0.120000,angle:3.410000,distense:111.200000,rcs:16.000000
timestame:1619471365.759000000,objid:7,type:0,xpos:0.000000,ypos:0.000000,xspeed:11.410000,yspeed:0.450000,angle:1.820000,distense:138.000000,rcs:22.000000
