timestame:1619471518.863000000,objid:7,type:0,xpos:0.000000,ypos:0.000000,xspeed:16.470000,yspeed:0.210000,angle:1.450000,distense:196.200000,rcs:16.000000
timestame:1619471518.863000000,objid:10,type:0,xpos:0.000000,ypos:0.000000,xspeed:16.400000,yspeed:0.230000,angle:1.360000,distense:185.400000,rcs:27.000000
