timestame:1619470167.733000000,objid:0,type:0,xpos:0.000000,ypos:0.000000,xspeed:5.910000,yspeed:0.220000,angle:2.150000,distense:41.600000,rcs:34.000000
timestame:1619470167.733000000,objid:3,type:0,xpos:0.000000,ypos:0.000000,xspeed:7.650000,yspeed:0.430000,angle:5.990000,distense:73.400000,rcs:31.000000
