timestame:1619471264.887000000,objid:0,type:0,xpos:0.000000,ypos:0.000000,xspeed:11.690000,yspeed:6.630000,angle:3.430000,distense:161.600000,rcs:9.000000
timestame:1619471264.887000000,objid:2,type:0,xpos:0.000000,ypos:0.000000,xspeed:13.000000,yspeed:0.090000,angle:2.650000,distense:137.400000,rcs:25.000000
timestame:1619471264.887000000,objid:6,type:0,xpos:0.000000,ypos:0.000000,xspeed:12.960000,yspeed:-0.060000,angle:2.410000,distense:149.400000,rcs:6.000000
timestame:1619471264.887000000,objid:10,type:0,xpos:0.000000,ypos:0.000000,xspeed:12.920000,yspeed:-0.040000,angle:2.720000,distense:124.800000,rcs:18.000000
