timestame:1619470009.847000000,objid:2,type:0,xpos:0.000000,ypos:0.000000,xspeed:-1.890000,yspeed:-1.490000,angle:-18.000000,distense:31.400000,rcs:20.000000
timestame:1619470009.847000000,objid:15,type:0,xpos:0.000000,ypos:0.000000,xspeed:-1.220000,yspeed:-5.030000,angle:21.240000,distense:42.600000,rcs:26.000000
timestame:1619470009.847000000,objid:19,type:0,xpos:0.000000,ypos:0.000000,xspeed:3.230000,yspeed:-7.860000,angle:-17.370000,distense:46.600000,rcs:20.000000
