timestame:1619470744.297000000,objid:0,type:0,xpos:0.000000,ypos:0.000000,xspeed:-5.240000,yspeed:-0.850000,angle:-8.270000,distense:85.600000,rcs:24.000000
timestame:1619470744.297000000,objid:5,type:0,xpos:0.000000,ypos:0.000000,xspeed:-1.190000,yspeed:8.660000,angle:-8.890000,distense:41.000000,rcs:9.000000
timestame:1619470744.297000000,objid:6,type:0,xpos:0.000000,ypos:0.000000,xspeed:12.420000,yspeed:0.240000,angle:1.170000,distense:190.600000,rcs:32.000000
