timestame:1619469890.892000000,objid:2,type:0,xpos:0.000000,ypos:0.000000,xspeed:-4.120000,yspeed:-0.180000,angle:-14.870000,distense:52.600000,rcs:18.000000
timestame:1619469890.892000000,objid:5,type:0,xpos:0.000000,ypos:0.000000,xspeed:-2.990000,yspeed:0.020000,angle:-18.000000,distense:55.200000,rcs:20.000000
timestame:1619469890.892000000,objid:10,type:0,xpos:0.000000,ypos:0.000000,xspeed:-12.390000,yspeed:-0.450000,angle:-4.090000,distense:158.800000,rcs:12.000000
timestame:1619469890.892000000,objid:16,type:0,xpos:0.000000,ypos:0.000000,xspeed:-3.760000,yspeed:-0.070000,angle:-11.700000,distense:64.000000,rcs:24.000000
