timestame:1619470798.197000000,objid:1,type:0,xpos:0.000000,ypos:0.000000,xspeed:4.740000,yspeed:4.970000,angle:-18.000000,distense:40.200000,rcs:42.000000
timestame:1619470798.197000000,objid:3,type:0,xpos:0.000000,ypos:0.000000,xspeed:1.600000,yspeed:-11.690000,angle:-18.000000,distense:66.200000,rcs:9.000000
timestame:1619470798.197000000,objid:12,type:0,xpos:0.000000,ypos:0.000000,xspeed:2.320000,yspeed:-10.830000,angle:-18.000000,distense:77.000000,rcs:6.000000
timestame:1619470798.197000000,objid:15,type:0,xpos:0.000000,ypos:0.000000,xspeed:-1.460000,yspeed:-2.390000,angle:-18.000000,distense:37.600000,rcs:27.000000
