timestame:1619471082.490000000,objid:4,type:0,xpos:0.000000,ypos:0.000000,xspeed:2.970000,yspeed:-0.030000,angle:0.830000,distense:28.600000,rcs:31.000000
timestame:1619471082.490000000,objid:6,type:0,xpos:0.000000,ypos:0.000000,xspeed:-6.970000,yspeed:-0.310000,angle:-18.000000,distense:23.400000,rcs:6.000000
timestame:1619471082.490000000,objid:10,type:0,xpos:0.000000,ypos:0.000000,xspeed:5.930000,yspeed:0.480000,angle:1.720000,distense:44.000000,rcs:6.000000
