timestame:1619470767.347000000,objid:0,type:0,xpos:0.000000,ypos:0.000000,xspeed:-11.630000,yspeed:-2.950000,angle:-4.640000,distense:184.400000,rcs:15.000000
timestame:1619470767.347000000,objid:9,type:0,xpos:0.000000,ypos:0.000000,xspeed:7.280000,yspeed:0.220000,angle:2.380000,distense:54.800000,rcs:27.000000
