timestame:1619469876.643000000,objid:6,type:0,xpos:0.000000,ypos:0.000000,xspeed:-1.630000,yspeed:-0.330000,angle:-18.000000,distense:38.600000,rcs:12.000000
timestame:1619469876.643000000,objid:10,type:0,xpos:0.000000,ypos:0.000000,xspeed:13.120000,yspeed:9.610000,angle:-17.210000,distense:39.800000,rcs:9.000000
timestame:1619469876.643000000,objid:13,type:0,xpos:0.000000,ypos:0.000000,xspeed:-1.390000,yspeed:-0.850000,angle:-15.890000,distense:40.200000,rcs:6.000000
