timestame:1619471449.690000000,objid:3,type:0,xpos:0.000000,ypos:0.000000,xspeed:-3.000000,yspeed:-0.030000,angle:-6.020000,distense:105.200000,rcs:18.000000
timestame:1619471449.690000000,objid:11,type:0,xpos:0.000000,ypos:0.000000,xspeed:-2.560000,yspeed:-0.250000,angle:-8.290000,distense:96.000000,rcs:9.000000
timestame:1619471449.690000000,objid:13,type:0,xpos:0.000000,ypos:0.000000,xspeed:-3.520000,yspeed:0.070000,angle:18.410000,distense:43.200000,rcs:9.000000
