timestame:1619470983.338000000,objid:0,type:0,xpos:0.000000,ypos:0.000000,xspeed:8.310000,yspeed:0.280000,angle:2.350000,distense:178.000000,rcs:32.000000
timestame:1619470983.338000000,objid:1,type:0,xpos:0.000000,ypos:0.000000,xspeed:-15.480000,yspeed:-0.220000,angle:-6.990000,distense:92.400000,rcs:20.000000
timestame:1619470983.338000000,objid:3,type:0,xpos:0.000000,ypos:0.000000,xspeed:3.620000,yspeed:-2.860000,angle:12.420000,distense:68.800000,rcs:6.000000
