timestame:1619470647.445000000,objid:2,type:0,xpos:0.000000,ypos:0.000000,xspeed:-5.570000,yspeed:-0.130000,angle:-6.030000,distense:143.400000,rcs:19.000000
timestame:1619470647.445000000,objid:4,type:0,xpos:0.000000,ypos:0.000000,xspeed:-1.410000,yspeed:-3.570000,angle:-17.020000,distense:41.800000,rcs:39.000000
timestame:1619470647.445000000,objid:7,type:0,xpos:0.000000,ypos:0.000000,xspeed:1.080000,yspeed:-6.220000,angle:17.150000,distense:45.000000,rcs:12.000000
timestame:1619470647.445000000,objid:9,type:0,xpos:0.000000,ypos:0.000000,xspeed:-1.070000,yspeed:-2.290000,angle:-8.140000,distense:42.400000,rcs:26.000000
