timestame:1619470553.078000000,objid:0,type:0,xpos:0.000000,ypos:0.000000,xspeed:8.450000,yspeed:1.440000,angle:19.730000,distense:21.400000,rcs:9.000000
timestame:1619470553.078000000,objid:1,type:0,xpos:0.000000,ypos:0.000000,xspeed:2.460000,yspeed:-0.430000,angle:5.280000,distense:151.200000,rcs:9.000000
timestame:1619470553.078000000,objid:2,type:0,xpos:0.000000,ypos:0.000000,xspeed:-13.340000,yspeed:-0.730000,angle:-9.220000,distense:11.400000,rcs:9.000000
timestame:1619470553.078000000,objid:9,type:0,xpos:0.000000,ypos:0.000000,xspeed:3.160000,yspeed:-1.410000,angle:3.790000,distense:167.800000,rcs:12.000000
