timestame:1619470534.224000000,objid:0,type:0,xpos:0.000000,ypos:0.000000,xspeed:5.720000,yspeed:0.440000,angle:17.350000,distense:22.800000,rcs:26.000000
timestame:1619470534.224000000,objid:1,type:0,xpos:0.000000,ypos:0.000000,xspeed:-13.700000,yspeed:0.000000,angle:-8.990000,distense:14.600000,rcs:21.000000
timestame:1619470534.224000000,objid:2,type:0,xpos:0.000000,ypos:0.000000,xspeed:-6.540000,yspeed:-1.230000,angle:-8.270000,distense:113.000000,rcs:12.000000
timestame:1619470534.224000000,objid:4,type:0,xpos:0.000000,ypos:0.000000,xspeed:4.810000,yspeed:-3.800000,angle:-17.940000,distense:24.200000,rcs:16.000000
