timestame:1619470930.285000000,objid:3,type:0,xpos:0.000000,ypos:0.000000,xspeed:-2.240000,yspeed:-0.150000,angle:1.540000,distense:18.800000,rcs:30.000000
timestame:1619470930.285000000,objid:7,type:0,xpos:0.000000,ypos:0.000000,xspeed:-2.360000,yspeed:0.200000,angle:-9.980000,distense:89.600000,rcs:12.000000
