timestame:1619470700.390000000,objid:1,type:0,xpos:0.000000,ypos:0.000000,xspeed:8.950000,yspeed:0.220000,angle:4.100000,distense:99.600000,rcs:9.000000
timestame:1619470700.390000000,objid:2,type:0,xpos:0.000000,ypos:0.000000,xspeed:-8.960000,yspeed:1.920000,angle:-10.160000,distense:102.000000,rcs:18.000000
