timestame:1619471461.490000000,objid:1,type:0,xpos:0.000000,ypos:0.000000,xspeed:-6.270000,yspeed:-1.290000,angle:-5.430000,distense:121.400000,rcs:9.000000
timestame:1619471461.490000000,objid:3,type:0,xpos:0.000000,ypos:0.000000,xspeed:-7.750000,yspeed:-2.120000,angle:-5.150000,distense:187.800000,rcs:9.000000
