timestame:1619470594.727000000,objid:5,type:0,xpos:0.000000,ypos:0.000000,xspeed:7.490000,yspeed:2.550000,angle:-17.770000,distense:36.000000,rcs:38.000000
timestame:1619470594.727000000,objid:6,type:0,xpos:0.000000,ypos:0.000000,xspeed:5.940000,yspeed:2.450000,angle:20.730000,distense:34.000000,rcs:33.000000
