timestame:1619471163.676000000,objid:0,type:0,xpos:0.000000,ypos:0.000000,xspeed:-6.450000,yspeed:8.690000,angle:-3.990000,distense:171.000000,rcs:12.000000
timestame:1619471163.676000000,objid:3,type:0,xpos:0.000000,ypos:0.000000,xspeed:4.040000,yspeed:4.250000,angle:-12.840000,distense:40.400000,rcs:22.000000
timestame:1619471163.676000000,objid:5,type:0,xpos:0.000000,ypos:0.000000,xspeed:2.520000,yspeed:5.610000,angle:-4.530000,distense:47.800000,rcs:9.000000
timestame:1619471163.676000000,objid:8,type:0,xpos:0.000000,ypos:0.000000,xspeed:3.550000,yspeed:4.060000,angle:-10.480000,distense:42.600000,rcs:9.000000
