timestame:1619470445.495000000,objid:1,type:0,xpos:0.000000,ypos:0.000000,xspeed:17.590000,yspeed:0.280000,angle:1.560000,distense:152.600000,rcs:6.000000
timestame:1619470445.495000000,objid:2,type:0,xpos:0.000000,ypos:0.000000,xspeed:4.460000,yspeed:-0.140000,angle:7.390000,distense:97.800000,rcs:16.000000
