timestame:1619471220.347000000,objid:0,type:0,xpos:0.000000,ypos:0.000000,xspeed:3.120000,yspeed:6.190000,angle:2.460000,distense:54.000000,rcs:6.000000
timestame:1619471220.347000000,objid:6,type:0,xpos:0.000000,ypos:0.000000,xspeed:3.580000,yspeed:0.400000,angle:2.600000,distense:51.400000,rcs:15.000000
timestame:1619471220.347000000,objid:9,type:0,xpos:0.000000,ypos:0.000000,xspeed:3.760000,yspeed:0.170000,angle:2.610000,distense:32.800000,rcs:38.000000
timestame:1619471220.347000000,objid:10,type:0,xpos:0.000000,ypos:0.000000,xspeed:3.630000,yspeed:0.420000,angle:1.300000,distense:41.800000,rcs:18.000000
