timestame:1619470988.614000000,objid:2,type:0,xpos:0.000000,ypos:0.000000,xspeed:-13.760000,yspeed:-0.990000,angle:-18.000000,distense:23.000000,rcs:9.000000
timestame:1619470988.614000000,objid:3,type:0,xpos:0.000000,ypos:0.000000,xspeed:5.100000,yspeed:0.000000,angle:8.160000,distense:94.400000,rcs:9.000000
timestame:1619470988.614000000,objid:4,type:0,xpos:0.000000,ypos:0.000000,xspeed:-13.460000,yspeed:-0.520000,angle:-10.190000,distense:74.200000,rcs:12.000000
timestame:1619470988.614000000,objid:7,type:0,xpos:0.000000,ypos:0.000000,xspeed:-14.720000,yspeed:-0.850000,angle:-18.000000,distense:23.000000,rcs:13.000000
