timestame:1619469950.904000000,objid:4,type:0,xpos:0.000000,ypos:0.000000,xspeed:1.230000,yspeed:-4.140000,angle:-0.750000,distense:54.600000,rcs:33.000000
timestame:1619469950.904000000,objid:9,type:0,xpos:0.000000,ypos:0.000000,xspeed:1.440000,yspeed:-5.890000,angle:-11.720000,distense:47.400000,rcs:26.000000
timestame:1619469950.904000000,objid:13,type:0,xpos:0.000000,ypos:0.000000,xspeed:-1.570000,yspeed:6.620000,angle:2.770000,distense:40.600000,rcs:9.000000
timestame:1619469950.904000000,objid:15,type:0,xpos:0.000000,ypos:0.000000,xspeed:-3.180000,yspeed:7.760000,angle:6.790000,distense:39.400000,rcs:12.000000
