timestame:1619470123.108000000,objid:1,type:0,xpos:0.000000,ypos:0.000000,xspeed:7.960000,yspeed:4.550000,angle:21.150000,distense:40.200000,rcs:20.000000
timestame:1619470123.108000000,objid:4,type:0,xpos:0.000000,ypos:0.000000,xspeed:3.340000,yspeed:0.780000,angle:-16.570000,distense:23.600000,rcs:37.000000
timestame:1619470123.108000000,objid:6,type:0,xpos:0.000000,ypos:0.000000,xspeed:5.100000,yspeed:1.940000,angle:21.840000,distense:29.600000,rcs:32.000000
timestame:1619470123.108000000,objid:8,type:0,xpos:0.000000,ypos:0.000000,xspeed:3.930000,yspeed:1.660000,angle:-16.710000,distense:31.000000,rcs:6.000000
