timestame:1619470738.037000000,objid:0,type:0,xpos:0.000000,ypos:0.000000,xspeed:-16.120000,yspeed:-1.060000,angle:-4.560000,distense:147.800000,rcs:6.000000
timestame:1619470738.037000000,objid:1,type:0,xpos:0.000000,ypos:0.000000,xspeed:11.880000,yspeed:-0.090000,angle:1.170000,distense:122.400000,rcs:12.000000
timestame:1619470738.037000000,objid:6,type:0,xpos:0.000000,ypos:0.000000,xspeed:12.140000,yspeed:0.060000,angle:1.420000,distense:112.200000,rcs:36.000000
