timestame:1619470070.222000000,objid:0,type:0,xpos:0.000000,ypos:0.000000,xspeed:3.590000,yspeed:6.350000,angle:-5.390000,distense:45.800000,rcs:6.000000
timestame:1619470070.222000000,objid:3,type:0,xpos:0.000000,ypos:0.000000,xspeed:-1.620000,yspeed:2.710000,angle:8.540000,distense:50.400000,rcs:37.000000
timestame:1619470070.222000000,objid:4,type:0,xpos:0.000000,ypos:0.000000,xspeed:-1.800000,yspeed:2.700000,angle:11.930000,distense:45.000000,rcs:20.000000
timestame:1619470070.222000000,objid:8,type:0,xpos:0.000000,ypos:0.000000,xspeed:3.160000,yspeed:1.750000,angle:-16.390000,distense:32.000000,rcs:22.000000
