timestame:1619470123.418000000,objid:4,type:0,xpos:0.000000,ypos:0.000000,xspeed:3.600000,yspeed:0.660000,angle:-17.610000,distense:24.800000,rcs:26.000000
timestame:1619470123.418000000,objid:6,type:0,xpos:0.000000,ypos:0.000000,xspeed:4.960000,yspeed:2.110000,angle:22.360000,distense:31.000000,rcs:30.000000
timestame:1619470123.418000000,objid:8,type:0,xpos:0.000000,ypos:0.000000,xspeed:3.930000,yspeed:1.660000,angle:-16.760000,distense:32.200000,rcs:6.000000
