timestame:1619469925.257000000,objid:1,type:0,xpos:0.000000,ypos:0.000000,xspeed:6.450000,yspeed:0.150000,angle:1.440000,distense:162.400000,rcs:19.000000
timestame:1619469925.257000000,objid:8,type:0,xpos:0.000000,ypos:0.000000,xspeed:6.400000,yspeed:0.080000,angle:1.310000,distense:155.400000,rcs:27.000000
