timestame:1619470644.780000000,objid:2,type:0,xpos:0.000000,ypos:0.000000,xspeed:-6.310000,yspeed:-0.180000,angle:-5.390000,distense:157.600000,rcs:15.000000
timestame:1619470644.780000000,objid:5,type:0,xpos:0.000000,ypos:0.000000,xspeed:5.150000,yspeed:0.960000,angle:19.680000,distense:53.400000,rcs:6.000000
timestame:1619470644.780000000,objid:8,type:0,xpos:0.000000,ypos:0.000000,xspeed:-1.780000,yspeed:-3.510000,angle:8.800000,distense:85.800000,rcs:19.000000
timestame:1619470644.780000000,objid:9,type:0,xpos:0.000000,ypos:0.000000,xspeed:1.570000,yspeed:2.160000,angle:-17.440000,distense:42.200000,rcs:15.000000
