timestame:1619469758.145000000,objid:1,type:0,xpos:0.000000,ypos:0.000000,xspeed:3.520000,yspeed:5.300000,angle:-12.230000,distense:54.200000,rcs:9.000000
timestame:1619469758.145000000,objid:2,type:0,xpos:0.000000,ypos:0.000000,xspeed:5.090000,yspeed:2.880000,angle:-17.900000,distense:32.000000,rcs:19.000000
timestame:1619469758.145000000,objid:3,type:0,xpos:0.000000,ypos:0.000000,xspeed:5.100000,yspeed:2.650000,angle:-17.120000,distense:43.000000,rcs:21.000000
timestame:1619469758.145000000,objid:6,type:0,xpos:0.000000,ypos:0.000000,xspeed:1.340000,yspeed:5.860000,angle:16.040000,distense:29.400000,rcs:6.000000
