timestame:1619470636.532000000,objid:3,type:0,xpos:0.000000,ypos:0.000000,xspeed:1.670000,yspeed:-14.060000,angle:7.890000,distense:48.800000,rcs:9.000000
timestame:1619470636.532000000,objid:6,type:0,xpos:0.000000,ypos:0.000000,xspeed:5.230000,yspeed:-4.800000,angle:9.250000,distense:50.000000,rcs:22.000000
