timestame:1619469531.410000000,objid:1,type:0,xpos:0.000000,ypos:0.000000,xspeed:1.790000,yspeed:-4.580000,angle:-18.000000,distense:76.200000,rcs:15.000000
timestame:1619469531.410000000,objid:3,type:0,xpos:0.000000,ypos:0.000000,xspeed:-1.140000,yspeed:-1.750000,angle:-5.660000,distense:11.000000,rcs:34.000000
timestame:1619469531.410000000,objid:4,type:0,xpos:0.000000,ypos:0.000000,xspeed:16.340000,yspeed:2.990000,angle:1.400000,distense:20.200000,rcs:42.000000
timestame:1619469531.410000000,objid:7,type:0,xpos:0.000000,ypos:0.000000,xspeed:16.750000,yspeed:0.350000,angle:1.690000,distense:27.000000,rcs:39.000000
