timestame:1619471253.563000000,objid:1,type:0,xpos:0.000000,ypos:0.000000,xspeed:3.130000,yspeed:2.800000,angle:4.490000,distense:82.800000,rcs:12.000000
timestame:1619471253.563000000,objid:3,type:0,xpos:0.000000,ypos:0.000000,xspeed:-16.560000,yspeed:-0.300000,angle:-6.700000,distense:123.800000,rcs:9.000000
