timestame:1619471098.933000000,objid:0,type:0,xpos:0.000000,ypos:0.000000,xspeed:-10.490000,yspeed:3.430000,angle:-18.000000,distense:37.000000,rcs:24.000000
timestame:1619471098.933000000,objid:2,type:0,xpos:0.000000,ypos:0.000000,xspeed:9.430000,yspeed:0.040000,angle:1.180000,distense:115.400000,rcs:24.000000
timestame:1619471098.933000000,objid:3,type:0,xpos:0.000000,ypos:0.000000,xspeed:-17.840000,yspeed:-1.180000,angle:-18.000000,distense:33.200000,rcs:25.000000
