timestame:1619471078.828000000,objid:1,type:0,xpos:0.000000,ypos:0.000000,xspeed:-7.390000,yspeed:-0.570000,angle:-18.000000,distense:46.200000,rcs:31.000000
timestame:1619471078.828000000,objid:3,type:0,xpos:0.000000,ypos:0.000000,xspeed:-9.540000,yspeed:-0.350000,angle:-14.520000,distense:50.200000,rcs:28.000000
timestame:1619471078.828000000,objid:5,type:0,xpos:0.000000,ypos:0.000000,xspeed:-10.330000,yspeed:-0.510000,angle:-18.000000,distense:29.000000,rcs:13.000000
timestame:1619471078.828000000,objid:6,type:0,xpos:0.000000,ypos:0.000000,xspeed:-5.540000,yspeed:-0.350000,angle:-18.000000,distense:43.600000,rcs:25.000000
