timestame:1619471243.271000000,objid:0,type:0,xpos:0.000000,ypos:0.000000,xspeed:-3.390000,yspeed:2.890000,angle:-18.000000,distense:74.600000,rcs:6.000000
timestame:1619471243.271000000,objid:9,type:0,xpos:0.000000,ypos:0.000000,xspeed:10.050000,yspeed:0.180000,angle:1.260000,distense:203.200000,rcs:12.000000
