timestame:1619471461.367000000,objid:1,type:0,xpos:0.000000,ypos:0.000000,xspeed:-6.080000,yspeed:-1.530000,angle:-5.470000,distense:122.200000,rcs:16.000000
timestame:1619471461.367000000,objid:3,type:0,xpos:0.000000,ypos:0.000000,xspeed:-7.790000,yspeed:-2.030000,angle:-5.010000,distense:188.600000,rcs:9.000000
