timestame:1619470227.285000000,objid:8,type:0,xpos:0.000000,ypos:0.000000,xspeed:-1.760000,yspeed:-2.410000,angle:-11.960000,distense:41.200000,rcs:27.000000
timestame:1619470227.285000000,objid:11,type:0,xpos:0.000000,ypos:0.000000,xspeed:-10.830000,yspeed:0.360000,angle:-3.370000,distense:191.800000,rcs:6.000000
