timestame:1619470498.862000000,objid:2,type:0,xpos:0.000000,ypos:0.000000,xspeed:-1.470000,yspeed:-2.180000,angle:-18.000000,distense:39.400000,rcs:27.000000
timestame:1619470498.862000000,objid:7,type:0,xpos:0.000000,ypos:0.000000,xspeed:-1.560000,yspeed:-1.630000,angle:-17.250000,distense:46.000000,rcs:6.000000
