timestame:1619471369.874000000,objid:1,type:0,xpos:0.000000,ypos:0.000000,xspeed:8.260000,yspeed:-0.080000,angle:2.620000,distense:140.200000,rcs:9.000000
timestame:1619471369.874000000,objid:7,type:0,xpos:0.000000,ypos:0.000000,xspeed:11.000000,yspeed:0.250000,angle:1.560000,distense:185.000000,rcs:20.000000
