timestame:1619470363.533000000,objid:1,type:0,xpos:0.000000,ypos:0.000000,xspeed:3.420000,yspeed:18.390000,angle:21.850000,distense:41.400000,rcs:15.000000
timestame:1619470363.533000000,objid:2,type:0,xpos:0.000000,ypos:0.000000,xspeed:-5.360000,yspeed:2.100000,angle:17.710000,distense:45.400000,rcs:6.000000
timestame:1619470363.533000000,objid:5,type:0,xpos:0.000000,ypos:0.000000,xspeed:-5.790000,yspeed:10.510000,angle:-15.330000,distense:43.400000,rcs:19.000000
timestame:1619470363.533000000,objid:11,type:0,xpos:0.000000,ypos:0.000000,xspeed:-2.060000,yspeed:5.560000,angle:19.330000,distense:39.400000,rcs:13.000000
