timestame:1619470166.554000000,objid:0,type:0,xpos:0.000000,ypos:0.000000,xspeed:5.000000,yspeed:0.270000,angle:2.280000,distense:34.000000,rcs:33.000000
timestame:1619470166.554000000,objid:3,type:0,xpos:0.000000,ypos:0.000000,xspeed:6.940000,yspeed:0.440000,angle:6.460000,distense:63.800000,rcs:31.000000
