timestame:1619470161.589000000,objid:0,type:0,xpos:0.000000,ypos:0.000000,xspeed:-15.370000,yspeed:-1.270000,angle:-18.000000,distense:31.200000,rcs:9.000000
timestame:1619470161.589000000,objid:2,type:0,xpos:0.000000,ypos:0.000000,xspeed:2.540000,yspeed:0.440000,angle:9.860000,distense:28.000000,rcs:25.000000
timestame:1619470161.589000000,objid:3,type:0,xpos:0.000000,ypos:0.000000,xspeed:3.960000,yspeed:-0.090000,angle:7.960000,distense:31.200000,rcs:32.000000
timestame:1619470161.589000000,objid:5,type:0,xpos:0.000000,ypos:0.000000,xspeed:-8.860000,yspeed:-1.990000,angle:-18.000000,distense:29.200000,rcs:6.000000
