timestame:1619471321.632000000,objid:1,type:0,xpos:0.000000,ypos:0.000000,xspeed:-6.620000,yspeed:-0.650000,angle:-7.800000,distense:91.200000,rcs:12.000000
timestame:1619471321.632000000,objid:3,type:0,xpos:0.000000,ypos:0.000000,xspeed:-12.840000,yspeed:-0.170000,angle:-3.810000,distense:163.800000,rcs:15.000000
timestame:1619471321.632000000,objid:4,type:0,xpos:0.000000,ypos:0.000000,xspeed:-1.750000,yspeed:-6.690000,angle:3.770000,distense:41.400000,rcs:33.000000
