timestame:1619470907.533000000,objid:3,type:0,xpos:0.000000,ypos:0.000000,xspeed:-1.340000,yspeed:1.830000,angle:16.820000,distense:40.800000,rcs:6.000000
timestame:1619470907.533000000,objid:7,type:0,xpos:0.000000,ypos:0.000000,xspeed:-3.580000,yspeed:-2.130000,angle:-18.000000,distense:31.400000,rcs:6.000000
timestame:1619470907.533000000,objid:12,type:0,xpos:0.000000,ypos:0.000000,xspeed:-2.210000,yspeed:-1.020000,angle:-18.000000,distense:30.400000,rcs:6.000000
timestame:1619470907.533000000,objid:16,type:0,xpos:0.000000,ypos:0.000000,xspeed:-2.770000,yspeed:-0.860000,angle:-18.000000,distense:33.600000,rcs:20.000000
