timestame:1619471368.437000000,objid:1,type:0,xpos:0.000000,ypos:0.000000,xspeed:7.890000,yspeed:0.090000,angle:3.070000,distense:127.800000,rcs:22.000000
timestame:1619471368.437000000,objid:7,type:0,xpos:0.000000,ypos:0.000000,xspeed:11.560000,yspeed:0.180000,angle:1.490000,distense:169.800000,rcs:16.000000
