timestame:1619470445.122000000,objid:1,type:0,xpos:0.000000,ypos:0.000000,xspeed:17.420000,yspeed:0.280000,angle:1.590000,distense:146.000000,rcs:13.000000
timestame:1619470445.122000000,objid:2,type:0,xpos:0.000000,ypos:0.000000,xspeed:4.380000,yspeed:-0.110000,angle:7.600000,distense:96.000000,rcs:20.000000
