timestame:1619470768.152000000,objid:0,type:0,xpos:0.000000,ypos:0.000000,xspeed:-12.000000,yspeed:-1.510000,angle:-4.990000,distense:174.200000,rcs:12.000000
timestame:1619470768.152000000,objid:1,type:0,xpos:0.000000,ypos:0.000000,xspeed:10.650000,yspeed:0.830000,angle:2.510000,distense:65.600000,rcs:32.000000
