timestame:1619471500.282000000,objid:0,type:0,xpos:0.000000,ypos:0.000000,xspeed:7.920000,yspeed:0.120000,angle:1.750000,distense:99.800000,rcs:26.000000
timestame:1619471500.282000000,objid:3,type:0,xpos:0.000000,ypos:0.000000,xspeed:8.110000,yspeed:0.000000,angle:3.100000,distense:129.800000,rcs:9.000000
timestame:1619471500.282000000,objid:4,type:0,xpos:0.000000,ypos:0.000000,xspeed:-10.490000,yspeed:0.000000,angle:1.590000,distense:105.400000,rcs:9.000000
timestame:1619471500.282000000,objid:10,type:0,xpos:0.000000,ypos:0.000000,xspeed:7.390000,yspeed:0.230000,angle:5.070000,distense:88.200000,rcs:23.000000
