timestame:1619470079.667000000,objid:0,type:0,xpos:0.000000,ypos:0.000000,xspeed:1.900000,yspeed:-3.570000,angle:19.690000,distense:50.200000,rcs:25.000000
timestame:1619470079.667000000,objid:1,type:0,xpos:0.000000,ypos:0.000000,xspeed:-1.750000,yspeed:0.000000,angle:-10.850000,distense:46.800000,rcs:13.000000
timestame:1619470079.667000000,objid:4,type:0,xpos:0.000000,ypos:0.000000,xspeed:-6.260000,yspeed:5.720000,angle:2.170000,distense:48.400000,rcs:13.000000
