timestame:1619469760.633000000,objid:1,type:0,xpos:0.000000,ypos:0.000000,xspeed:1.730000,yspeed:5.590000,angle:-3.960000,distense:44.200000,rcs:13.000000
timestame:1619469760.633000000,objid:2,type:0,xpos:0.000000,ypos:0.000000,xspeed:39.760000,yspeed:-4.160000,angle:-13.070000,distense:21.600000,rcs:6.000000
