timestame:1619471166.964000000,objid:0,type:0,xpos:0.000000,ypos:0.000000,xspeed:-10.520000,yspeed:-0.220000,angle:-4.360000,distense:136.800000,rcs:15.000000
timestame:1619471166.964000000,objid:2,type:0,xpos:0.000000,ypos:0.000000,xspeed:-9.720000,yspeed:-0.420000,angle:-3.960000,distense:141.800000,rcs:9.000000
