timestame:1619470609.501000000,objid:0,type:0,xpos:0.000000,ypos:0.000000,xspeed:3.520000,yspeed:-2.580000,angle:21.590000,distense:22.600000,rcs:19.000000
timestame:1619470609.501000000,objid:2,type:0,xpos:0.000000,ypos:0.000000,xspeed:7.400000,yspeed:1.320000,angle:18.420000,distense:29.400000,rcs:6.000000
