timestame:1619469912.122000000,objid:1,type:0,xpos:0.000000,ypos:0.000000,xspeed:4.520000,yspeed:-0.060000,angle:1.670000,distense:85.200000,rcs:18.000000
timestame:1619469912.122000000,objid:2,type:0,xpos:0.000000,ypos:0.000000,xspeed:11.110000,yspeed:0.150000,angle:2.720000,distense:155.200000,rcs:15.000000
timestame:1619469912.122000000,objid:8,type:0,xpos:0.000000,ypos:0.000000,xspeed:4.380000,yspeed:0.050000,angle:2.180000,distense:78.200000,rcs:34.000000
