timestame:1619469554.953000000,objid:2,type:0,xpos:0.000000,ypos:0.000000,xspeed:-1.520000,yspeed:4.390000,angle:-18.000000,distense:41.600000,rcs:22.000000
timestame:1619469554.953000000,objid:3,type:0,xpos:0.000000,ypos:0.000000,xspeed:-1.570000,yspeed:5.680000,angle:-16.520000,distense:46.400000,rcs:20.000000
timestame:1619469554.953000000,objid:4,type:0,xpos:0.000000,ypos:0.000000,xspeed:-3.390000,yspeed:7.820000,angle:-11.270000,distense:44.000000,rcs:28.000000
