timestame:1619470044.031000000,objid:0,type:0,xpos:0.000000,ypos:0.000000,xspeed:4.740000,yspeed:0.780000,angle:5.780000,distense:64.200000,rcs:15.000000
timestame:1619470044.031000000,objid:1,type:0,xpos:0.000000,ypos:0.000000,xspeed:13.300000,yspeed:-0.010000,angle:0.980000,distense:186.400000,rcs:6.000000
timestame:1619470044.031000000,objid:3,type:0,xpos:0.000000,ypos:0.000000,xspeed:14.010000,yspeed:0.200000,angle:1.390000,distense:161.400000,rcs:13.000000
timestame:1619470044.031000000,objid:5,type:0,xpos:0.000000,ypos:0.000000,xspeed:5.380000,yspeed:0.600000,angle:6.390000,distense:54.000000,rcs:37.000000
