timestame:1619471209.120000000,objid:0,type:0,xpos:0.000000,ypos:0.000000,xspeed:-7.720000,yspeed:6.410000,angle:-13.870000,distense:59.600000,rcs:13.000000
timestame:1619471209.120000000,objid:3,type:0,xpos:0.000000,ypos:0.000000,xspeed:-11.080000,yspeed:-1.050000,angle:-18.000000,distense:21.400000,rcs:6.000000
timestame:1619471209.120000000,objid:5,type:0,xpos:0.000000,ypos:0.000000,xspeed:-5.980000,yspeed:-0.260000,angle:-18.000000,distense:55.800000,rcs:22.000000
timestame:1619471209.120000000,objid:11,type:0,xpos:0.000000,ypos:0.000000,xspeed:-5.920000,yspeed:-0.210000,angle:-18.000000,distense:44.000000,rcs:6.000000
