timestame:1619470192.083000000,objid:0,type:0,xpos:0.000000,ypos:0.000000,xspeed:-4.710000,yspeed:6.740000,angle:9.570000,distense:43.200000,rcs:25.000000
timestame:1619470192.083000000,objid:1,type:0,xpos:0.000000,ypos:0.000000,xspeed:2.130000,yspeed:1.850000,angle:5.970000,distense:137.400000,rcs:30.000000
timestame:1619470192.083000000,objid:2,type:0,xpos:0.000000,ypos:0.000000,xspeed:-5.210000,yspeed:5.260000,angle:12.280000,distense:41.600000,rcs:25.000000
