timestame:1619471096.087000000,objid:0,type:0,xpos:0.000000,ypos:0.000000,xspeed:-36.720000,yspeed:0.000000,angle:-10.710000,distense:69.600000,rcs:13.000000
timestame:1619471096.087000000,objid:2,type:0,xpos:0.000000,ypos:0.000000,xspeed:7.960000,yspeed:-0.100000,angle:1.380000,distense:88.200000,rcs:41.000000
