timestame:1619471060.821000000,objid:1,type:0,xpos:0.000000,ypos:0.000000,xspeed:-3.500000,yspeed:-2.410000,angle:-18.000000,distense:28.200000,rcs:9.000000
timestame:1619471060.821000000,objid:8,type:0,xpos:0.000000,ypos:0.000000,xspeed:-1.360000,yspeed:3.030000,angle:-7.350000,distense:37.200000,rcs:23.000000
timestame:1619471060.821000000,objid:9,type:0,xpos:0.000000,ypos:0.000000,xspeed:-2.330000,yspeed:-0.090000,angle:-9.090000,distense:78.400000,rcs:20.000000
timestame:1619471060.821000000,objid:10,type:0,xpos:0.000000,ypos:0.000000,xspeed:-2.160000,yspeed:-0.330000,angle:-18.000000,distense:26.000000,rcs:6.000000
