timestame:1619470661.079000000,objid:0,type:0,xpos:0.000000,ypos:0.000000,xspeed:-2.610000,yspeed:-0.830000,angle:-9.630000,distense:98.200000,rcs:15.000000
timestame:1619470661.079000000,objid:2,type:0,xpos:0.000000,ypos:0.000000,xspeed:3.300000,yspeed:3.490000,angle:-12.220000,distense:42.600000,rcs:12.000000
timestame:1619470661.079000000,objid:3,type:0,xpos:0.000000,ypos:0.000000,xspeed:-1.720000,yspeed:-0.330000,angle:-7.580000,distense:110.000000,rcs:15.000000
timestame:1619470661.079000000,objid:8,type:0,xpos:0.000000,ypos:0.000000,xspeed:-5.620000,yspeed:4.090000,angle:-3.820000,distense:38.400000,rcs:6.000000
