timestame:1619470053.391000000,objid:0,type:0,xpos:0.000000,ypos:0.000000,xspeed:7.730000,yspeed:-0.110000,angle:2.660000,distense:131.400000,rcs:6.000000
timestame:1619470053.391000000,objid:5,type:0,xpos:0.000000,ypos:0.000000,xspeed:8.170000,yspeed:0.020000,angle:3.180000,distense:123.000000,rcs:18.000000
