timestame:1619470888.367000000,objid:2,type:0,xpos:0.000000,ypos:0.000000,xspeed:-1.190000,yspeed:-2.740000,angle:-18.000000,distense:35.800000,rcs:23.000000
timestame:1619470888.367000000,objid:3,type:0,xpos:0.000000,ypos:0.000000,xspeed:-2.220000,yspeed:-2.920000,angle:-18.000000,distense:33.400000,rcs:9.000000
timestame:1619470888.367000000,objid:12,type:0,xpos:0.000000,ypos:0.000000,xspeed:-1.470000,yspeed:5.040000,angle:-7.250000,distense:55.800000,rcs:9.000000
timestame:1619470888.367000000,objid:19,type:0,xpos:0.000000,ypos:0.000000,xspeed:-1.310000,yspeed:-3.210000,angle:-18.000000,distense:35.600000,rcs:28.000000
