timestame:1619469854.126000000,objid:0,type:0,xpos:0.000000,ypos:0.000000,xspeed:3.630000,yspeed:-3.800000,angle:3.860000,distense:49.000000,rcs:29.000000
timestame:1619469854.126000000,objid:10,type:0,xpos:0.000000,ypos:0.000000,xspeed:-11.580000,yspeed:0.060000,angle:-4.220000,distense:149.600000,rcs:12.000000
