timestame:1619471312.560000000,objid:2,type:0,xpos:0.000000,ypos:0.000000,xspeed:2.220000,yspeed:3.650000,angle:-9.570000,distense:44.200000,rcs:6.000000
timestame:1619471312.560000000,objid:3,type:0,xpos:0.000000,ypos:0.000000,xspeed:3.360000,yspeed:2.890000,angle:-13.520000,distense:38.800000,rcs:24.000000
timestame:1619471312.560000000,objid:4,type:0,xpos:0.000000,ypos:0.000000,xspeed:-1.030000,yspeed:4.910000,angle:2.290000,distense:37.200000,rcs:24.000000
