timestame:1619470017.227000000,objid:0,type:0,xpos:0.000000,ypos:0.000000,xspeed:-3.900000,yspeed:-0.700000,angle:-18.000000,distense:27.200000,rcs:12.000000
timestame:1619470017.227000000,objid:4,type:0,xpos:0.000000,ypos:0.000000,xspeed:-6.200000,yspeed:-0.900000,angle:5.700000,distense:42.600000,rcs:6.000000
timestame:1619470017.227000000,objid:11,type:0,xpos:0.000000,ypos:0.000000,xspeed:-1.010000,yspeed:-3.840000,angle:-12.480000,distense:37.800000,rcs:42.000000
timestame:1619470017.227000000,objid:14,type:0,xpos:0.000000,ypos:0.000000,xspeed:-1.810000,yspeed:-1.430000,angle:-18.000000,distense:31.800000,rcs:6.000000
