timestame:1619470914.106000000,objid:0,type:0,xpos:0.000000,ypos:0.000000,xspeed:5.050000,yspeed:3.230000,angle:-15.850000,distense:35.600000,rcs:24.000000
timestame:1619470914.106000000,objid:3,type:0,xpos:0.000000,ypos:0.000000,xspeed:-7.000000,yspeed:3.100000,angle:-3.550000,distense:38.800000,rcs:12.000000
timestame:1619470914.106000000,objid:7,type:0,xpos:0.000000,ypos:0.000000,xspeed:4.580000,yspeed:2.950000,angle:-15.880000,distense:47.800000,rcs:6.000000
timestame:1619470914.106000000,objid:10,type:0,xpos:0.000000,ypos:0.000000,xspeed:5.580000,yspeed:3.340000,angle:-16.880000,distense:42.200000,rcs:6.000000
