timestame:1619470049.730000000,objid:0,type:0,xpos:0.000000,ypos:0.000000,xspeed:6.880000,yspeed:0.030000,angle:3.720000,distense:103.200000,rcs:18.000000
timestame:1619470049.730000000,objid:5,type:0,xpos:0.000000,ypos:0.000000,xspeed:6.860000,yspeed:0.100000,angle:4.120000,distense:93.600000,rcs:28.000000
