timestame:1619470831.585000000,objid:1,type:0,xpos:0.000000,ypos:0.000000,xspeed:9.330000,yspeed:0.110000,angle:3.090000,distense:109.400000,rcs:18.000000
timestame:1619470831.585000000,objid:2,type:0,xpos:0.000000,ypos:0.000000,xspeed:7.450000,yspeed:-0.120000,angle:2.830000,distense:112.200000,rcs:13.000000
timestame:1619470831.585000000,objid:3,type:0,xpos:0.000000,ypos:0.000000,xspeed:8.740000,yspeed:0.030000,angle:3.740000,distense:101.400000,rcs:22.000000
timestame:1619470831.585000000,objid:6,type:0,xpos:0.000000,ypos:0.000000,xspeed:11.840000,yspeed:-0.010000,angle:1.310000,distense:140.000000,rcs:24.000000
