timestame:1619470043.292000000,objid:1,type:0,xpos:0.000000,ypos:0.000000,xspeed:13.170000,yspeed:0.080000,angle:1.100000,distense:176.600000,rcs:6.000000
timestame:1619470043.292000000,objid:3,type:0,xpos:0.000000,ypos:0.000000,xspeed:13.820000,yspeed:0.140000,angle:1.400000,distense:151.000000,rcs:16.000000
timestame:1619470043.292000000,objid:4,type:0,xpos:0.000000,ypos:0.000000,xspeed:8.240000,yspeed:0.440000,angle:4.310000,distense:66.600000,rcs:6.000000
timestame:1619470043.292000000,objid:5,type:0,xpos:0.000000,ypos:0.000000,xspeed:5.040000,yspeed:0.370000,angle:6.090000,distense:49.600000,rcs:34.000000
