timestame:1619471259.318000000,objid:2,type:0,xpos:0.000000,ypos:0.000000,xspeed:12.230000,yspeed:0.600000,angle:5.430000,distense:65.600000,rcs:38.000000
timestame:1619471259.318000000,objid:3,type:0,xpos:0.000000,ypos:0.000000,xspeed:-14.870000,yspeed:-0.690000,angle:-18.000000,distense:41.400000,rcs:12.000000
timestame:1619471259.318000000,objid:6,type:0,xpos:0.000000,ypos:0.000000,xspeed:12.360000,yspeed:0.130000,angle:5.190000,distense:77.800000,rcs:15.000000
timestame:1619471259.318000000,objid:10,type:0,xpos:0.000000,ypos:0.000000,xspeed:12.250000,yspeed:0.580000,angle:5.910000,distense:53.600000,rcs:18.000000
