timestame:1619470663.687000000,objid:0,type:0,xpos:0.000000,ypos:0.000000,xspeed:-1.580000,yspeed:0.020000,angle:-9.800000,distense:94.600000,rcs:18.000000
timestame:1619470663.687000000,objid:3,type:0,xpos:0.000000,ypos:0.000000,xspeed:-1.540000,yspeed:-0.120000,angle:-7.950000,distense:106.400000,rcs:12.000000
