timestame:1619470495.449000000,objid:2,type:0,xpos:0.000000,ypos:0.000000,xspeed:-3.370000,yspeed:-10.660000,angle:-1.610000,distense:42.000000,rcs:42.000000
timestame:1619470495.449000000,objid:3,type:0,xpos:0.000000,ypos:0.000000,xspeed:1.070000,yspeed:-2.570000,angle:1.290000,distense:46.800000,rcs:15.000000
timestame:1619470495.449000000,objid:5,type:0,xpos:0.000000,ypos:0.000000,xspeed:16.890000,yspeed:0.000000,angle:-9.180000,distense:49.000000,rcs:12.000000
