timestame:1619471519.912000000,objid:7,type:0,xpos:0.000000,ypos:0.000000,xspeed:16.680000,yspeed:0.270000,angle:1.440000,distense:213.400000,rcs:15.000000
timestame:1619471519.912000000,objid:10,type:0,xpos:0.000000,ypos:0.000000,xspeed:16.610000,yspeed:0.380000,angle:1.440000,distense:202.800000,rcs:28.000000
