timestame:1619470464.380000000,objid:0,type:0,xpos:0.000000,ypos:0.000000,xspeed:-13.650000,yspeed:-0.650000,angle:-16.720000,distense:47.200000,rcs:25.000000
timestame:1619470464.380000000,objid:2,type:0,xpos:0.000000,ypos:0.000000,xspeed:5.860000,yspeed:-0.050000,angle:2.940000,distense:201.200000,rcs:9.000000
