timestame:1619469924.205000000,objid:1,type:0,xpos:0.000000,ypos:0.000000,xspeed:6.160000,yspeed:0.100000,angle:1.380000,distense:155.000000,rcs:18.000000
timestame:1619469924.205000000,objid:8,type:0,xpos:0.000000,ypos:0.000000,xspeed:6.130000,yspeed:0.090000,angle:1.370000,distense:148.000000,rcs:13.000000
