timestame:1619470945.871000000,objid:1,type:0,xpos:0.000000,ypos:0.000000,xspeed:-7.690000,yspeed:-0.240000,angle:-18.000000,distense:30.200000,rcs:6.000000
timestame:1619470945.871000000,objid:5,type:0,xpos:0.000000,ypos:0.000000,xspeed:-6.630000,yspeed:-0.570000,angle:-18.000000,distense:38.400000,rcs:6.000000
timestame:1619470945.871000000,objid:7,type:0,xpos:0.000000,ypos:0.000000,xspeed:-6.230000,yspeed:-0.320000,angle:-18.000000,distense:36.200000,rcs:9.000000
