timestame:1619470919.752000000,objid:2,type:0,xpos:0.000000,ypos:0.000000,xspeed:1.050000,yspeed:-0.700000,angle:13.000000,distense:12.200000,rcs:28.000000
timestame:1619470919.752000000,objid:3,type:0,xpos:0.000000,ypos:0.000000,xspeed:-12.530000,yspeed:0.000000,angle:-3.800000,distense:178.000000,rcs:15.000000
