timestame:1619471254.798000000,objid:0,type:0,xpos:0.000000,ypos:0.000000,xspeed:14.040000,yspeed:11.740000,angle:17.680000,distense:15.000000,rcs:22.000000
timestame:1619471254.798000000,objid:1,type:0,xpos:0.000000,ypos:0.000000,xspeed:4.190000,yspeed:2.710000,angle:6.200000,distense:89.800000,rcs:15.000000
timestame:1619471254.798000000,objid:3,type:0,xpos:0.000000,ypos:0.000000,xspeed:-15.920000,yspeed:-0.430000,angle:-8.290000,distense:104.800000,rcs:16.000000
