timestame:1619469528.989000000,objid:1,type:0,xpos:0.000000,ypos:0.000000,xspeed:1.800000,yspeed:-3.340000,angle:-18.000000,distense:66.400000,rcs:25.000000
timestame:1619469528.989000000,objid:2,type:0,xpos:0.000000,ypos:0.000000,xspeed:2.770000,yspeed:-3.480000,angle:-18.000000,distense:67.600000,rcs:9.000000
timestame:1619469528.989000000,objid:4,type:0,xpos:0.000000,ypos:0.000000,xspeed:2.270000,yspeed:-3.410000,angle:-18.000000,distense:71.400000,rcs:9.000000
timestame:1619469528.989000000,objid:11,type:0,xpos:0.000000,ypos:0.000000,xspeed:1.350000,yspeed:-4.570000,angle:-18.000000,distense:77.200000,rcs:6.000000
