timestame:1619469647.218000000,objid:2,type:0,xpos:0.000000,ypos:0.000000,xspeed:12.800000,yspeed:0.560000,angle:4.720000,distense:93.600000,rcs:27.000000
timestame:1619469647.218000000,objid:13,type:0,xpos:0.000000,ypos:0.000000,xspeed:15.170000,yspeed:0.700000,angle:2.400000,distense:153.800000,rcs:38.000000
timestame:1619469647.218000000,objid:14,type:0,xpos:0.000000,ypos:0.000000,xspeed:12.890000,yspeed:0.400000,angle:4.630000,distense:90.800000,rcs:26.000000
