timestame:1619471409.625000000,objid:1,type:0,xpos:0.000000,ypos:0.000000,xspeed:-1.160000,yspeed:-2.480000,angle:-11.100000,distense:41.000000,rcs:33.000000
timestame:1619471409.625000000,objid:4,type:0,xpos:0.000000,ypos:0.000000,xspeed:-1.500000,yspeed:0.170000,angle:-1.130000,distense:44.000000,rcs:26.000000
timestame:1619471409.625000000,objid:7,type:0,xpos:0.000000,ypos:0.000000,xspeed:-1.960000,yspeed:-3.070000,angle:-16.420000,distense:39.200000,rcs:20.000000
timestame:1619471409.625000000,objid:12,type:0,xpos:0.000000,ypos:0.000000,xspeed:-9.590000,yspeed:-0.880000,angle:-4.190000,distense:191.000000,rcs:13.000000
