timestame:1619470031.405000000,objid:1,type:0,xpos:0.000000,ypos:0.000000,xspeed:6.270000,yspeed:0.270000,angle:2.340000,distense:42.800000,rcs:22.000000
timestame:1619470031.405000000,objid:4,type:0,xpos:0.000000,ypos:0.000000,xspeed:11.070000,yspeed:0.130000,angle:1.970000,distense:71.600000,rcs:28.000000
timestame:1619470031.405000000,objid:7,type:0,xpos:0.000000,ypos:0.000000,xspeed:1.570000,yspeed:-1.710000,angle:6.830000,distense:21.200000,rcs:23.000000
