timestame:1619470214.697000000,objid:7,type:0,xpos:0.000000,ypos:0.000000,xspeed:-2.700000,yspeed:7.380000,angle:-14.480000,distense:46.600000,rcs:20.000000
timestame:1619470214.697000000,objid:9,type:0,xpos:0.000000,ypos:0.000000,xspeed:-1.370000,yspeed:9.890000,angle:15.380000,distense:39.200000,rcs:9.000000
