timestame:1619471455.405000000,objid:0,type:0,xpos:0.000000,ypos:0.000000,xspeed:-14.230000,yspeed:0.110000,angle:-3.290000,distense:172.400000,rcs:13.000000
timestame:1619471455.405000000,objid:13,type:0,xpos:0.000000,ypos:0.000000,xspeed:-4.290000,yspeed:-0.070000,angle:-5.670000,distense:21.200000,rcs:6.000000
