timestame:1619470011.404000000,objid:0,type:0,xpos:0.000000,ypos:0.000000,xspeed:-2.340000,yspeed:-0.180000,angle:-16.590000,distense:35.000000,rcs:27.000000
timestame:1619470011.404000000,objid:2,type:0,xpos:0.000000,ypos:0.000000,xspeed:-2.040000,yspeed:0.000000,angle:-12.930000,distense:43.800000,rcs:27.000000
