timestame:1619470665.666000000,objid:0,type:0,xpos:0.000000,ypos:0.000000,xspeed:-1.170000,yspeed:0.170000,angle:-9.630000,distense:92.600000,rcs:19.000000
timestame:1619470665.666000000,objid:3,type:0,xpos:0.000000,ypos:0.000000,xspeed:-1.560000,yspeed:-0.120000,angle:-8.260000,distense:103.200000,rcs:9.000000
