timestame:1619470111.687000000,objid:2,type:0,xpos:0.000000,ypos:0.000000,xspeed:6.700000,yspeed:1.030000,angle:18.000000,distense:27.200000,rcs:26.000000
timestame:1619470111.687000000,objid:5,type:0,xpos:0.000000,ypos:0.000000,xspeed:3.310000,yspeed:3.680000,angle:-8.040000,distense:45.000000,rcs:6.000000
timestame:1619470111.687000000,objid:7,type:0,xpos:0.000000,ypos:0.000000,xspeed:6.330000,yspeed:1.180000,angle:-16.750000,distense:25.200000,rcs:36.000000
