timestame:1619470142.282000000,objid:0,type:0,xpos:0.000000,ypos:0.000000,xspeed:4.920000,yspeed:0.550000,angle:22.570000,distense:22.800000,rcs:25.000000
timestame:1619470142.282000000,objid:1,type:0,xpos:0.000000,ypos:0.000000,xspeed:1.700000,yspeed:-0.180000,angle:14.440000,distense:28.800000,rcs:9.000000
