timestame:1619469699.006000000,objid:2,type:0,xpos:0.000000,ypos:0.000000,xspeed:-1.980000,yspeed:-2.620000,angle:-18.000000,distense:41.800000,rcs:24.000000
timestame:1619469699.006000000,objid:5,type:0,xpos:0.000000,ypos:0.000000,xspeed:-5.370000,yspeed:-3.940000,angle:-18.000000,distense:39.200000,rcs:13.000000
timestame:1619469699.006000000,objid:8,type:0,xpos:0.000000,ypos:0.000000,xspeed:4.700000,yspeed:8.270000,angle:-8.840000,distense:46.000000,rcs:18.000000
