timestame:1619469775.267000000,objid:1,type:0,xpos:0.000000,ypos:0.000000,xspeed:3.050000,yspeed:3.760000,angle:-9.050000,distense:39.000000,rcs:13.000000
timestame:1619469775.267000000,objid:2,type:0,xpos:0.000000,ypos:0.000000,xspeed:16.020000,yspeed:0.000000,angle:-0.020000,distense:15.200000,rcs:42.000000
timestame:1619469775.267000000,objid:3,type:0,xpos:0.000000,ypos:0.000000,xspeed:3.550000,yspeed:0.880000,angle:20.380000,distense:21.000000,rcs:36.000000
timestame:1619469775.267000000,objid:4,type:0,xpos:0.000000,ypos:0.000000,xspeed:4.140000,yspeed:-0.930000,angle:20.930000,distense:27.600000,rcs:24.000000
