timestame:1619469707.799000000,objid:3,type:0,xpos:0.000000,ypos:0.000000,xspeed:8.440000,yspeed:0.000000,angle:10.910000,distense:67.800000,rcs:9.000000
timestame:1619469707.799000000,objid:5,type:0,xpos:0.000000,ypos:0.000000,xspeed:-1.770000,yspeed:-5.640000,angle:-18.000000,distense:36.800000,rcs:21.000000
timestame:1619469707.799000000,objid:6,type:0,xpos:0.000000,ypos:0.000000,xspeed:-3.370000,yspeed:-1.410000,angle:-18.000000,distense:32.200000,rcs:13.000000
timestame:1619469707.799000000,objid:8,type:0,xpos:0.000000,ypos:0.000000,xspeed:2.530000,yspeed:-4.420000,angle:-15.630000,distense:41.000000,rcs:31.000000
