timestame:1619470965.552000000,objid:0,type:0,xpos:0.000000,ypos:0.000000,xspeed:4.240000,yspeed:0.200000,angle:6.040000,distense:58.800000,rcs:34.000000
timestame:1619470965.552000000,objid:1,type:0,xpos:0.000000,ypos:0.000000,xspeed:12.810000,yspeed:0.240000,angle:1.100000,distense:142.600000,rcs:9.000000
timestame:1619470965.552000000,objid:6,type:0,xpos:0.000000,ypos:0.000000,xspeed:10.790000,yspeed:0.500000,angle:2.070000,distense:119.800000,rcs:27.000000
timestame:1619470965.552000000,objid:12,type:0,xpos:0.000000,ypos:0.000000,xspeed:3.090000,yspeed:-0.040000,angle:4.590000,distense:65.400000,rcs:24.000000
