timestame:1619470940.665000000,objid:1,type:0,xpos:0.000000,ypos:0.000000,xspeed:-4.290000,yspeed:0.140000,angle:-14.120000,distense:64.800000,rcs:16.000000
timestame:1619470940.665000000,objid:5,type:0,xpos:0.000000,ypos:0.000000,xspeed:-4.290000,yspeed:0.170000,angle:-14.240000,distense:68.400000,rcs:18.000000
timestame:1619470940.665000000,objid:10,type:0,xpos:0.000000,ypos:0.000000,xspeed:-4.110000,yspeed:0.160000,angle:-10.960000,distense:66.200000,rcs:13.000000
