timestame:1619470473.487000000,objid:1,type:0,xpos:0.000000,ypos:0.000000,xspeed:-11.080000,yspeed:-0.610000,angle:-4.270000,distense:154.000000,rcs:16.000000
timestame:1619470473.487000000,objid:2,type:0,xpos:0.000000,ypos:0.000000,xspeed:2.830000,yspeed:-3.170000,angle:13.590000,distense:71.400000,rcs:6.000000
