timestame:1619470147.194000000,objid:0,type:0,xpos:0.000000,ypos:0.000000,xspeed:2.120000,yspeed:2.530000,angle:-13.800000,distense:39.400000,rcs:18.000000
timestame:1619470147.194000000,objid:1,type:0,xpos:0.000000,ypos:0.000000,xspeed:2.480000,yspeed:0.940000,angle:22.620000,distense:25.000000,rcs:21.000000
timestame:1619470147.194000000,objid:2,type:0,xpos:0.000000,ypos:0.000000,xspeed:3.030000,yspeed:1.770000,angle:22.020000,distense:36.200000,rcs:6.000000
