timestame:1619469709.107000000,objid:3,type:0,xpos:0.000000,ypos:0.000000,xspeed:10.990000,yspeed:-3.370000,angle:5.760000,distense:82.000000,rcs:13.000000
timestame:1619469709.107000000,objid:4,type:0,xpos:0.000000,ypos:0.000000,xspeed:-2.510000,yspeed:-1.640000,angle:-18.000000,distense:36.800000,rcs:27.000000
timestame:1619469709.107000000,objid:5,type:0,xpos:0.000000,ypos:0.000000,xspeed:-3.910000,yspeed:-2.650000,angle:-18.000000,distense:33.800000,rcs:13.000000
timestame:1619469709.107000000,objid:7,type:0,xpos:0.000000,ypos:0.000000,xspeed:-8.040000,yspeed:-3.280000,angle:-18.000000,distense:34.200000,rcs:26.000000
