timestame:1619470482.936000000,objid:1,type:0,xpos:0.000000,ypos:0.000000,xspeed:-3.930000,yspeed:-0.140000,angle:-7.810000,distense:87.600000,rcs:25.000000
timestame:1619470482.936000000,objid:3,type:0,xpos:0.000000,ypos:0.000000,xspeed:4.860000,yspeed:-5.030000,angle:17.230000,distense:46.600000,rcs:30.000000
timestame:1619470482.936000000,objid:8,type:0,xpos:0.000000,ypos:0.000000,xspeed:-13.990000,yspeed:-14.350000,angle:12.020000,distense:38.000000,rcs:32.000000
