timestame:1619470747.844000000,objid:4,type:0,xpos:0.000000,ypos:0.000000,xspeed:-9.180000,yspeed:-1.170000,angle:-18.000000,distense:40.200000,rcs:13.000000
timestame:1619470747.844000000,objid:5,type:0,xpos:0.000000,ypos:0.000000,xspeed:-20.400000,yspeed:0.000000,angle:-2.510000,distense:46.800000,rcs:12.000000
