timestame:1619471057.225000000,objid:5,type:0,xpos:0.000000,ypos:0.000000,xspeed:34.960000,yspeed:0.000000,angle:-18.000000,distense:40.800000,rcs:30.000000
timestame:1619471057.225000000,objid:10,type:0,xpos:0.000000,ypos:0.000000,xspeed:-2.040000,yspeed:-1.650000,angle:-18.000000,distense:32.000000,rcs:20.000000
timestame:1619471057.225000000,objid:13,type:0,xpos:0.000000,ypos:0.000000,xspeed:1.250000,yspeed:-7.860000,angle:-12.660000,distense:64.000000,rcs:9.000000
timestame:1619471057.225000000,objid:14,type:0,xpos:0.000000,ypos:0.000000,xspeed:-1.900000,yspeed:-2.870000,angle:-18.000000,distense:35.000000,rcs:16.000000
