timestame:1619470288.445000000,objid:2,type:0,xpos:0.000000,ypos:0.000000,xspeed:-12.370000,yspeed:-0.150000,angle:-9.940000,distense:88.200000,rcs:25.000000
timestame:1619470288.445000000,objid:5,type:0,xpos:0.000000,ypos:0.000000,xspeed:-5.760000,yspeed:-0.430000,angle:-18.000000,distense:34.800000,rcs:30.000000
timestame:1619470288.445000000,objid:7,type:0,xpos:0.000000,ypos:0.000000,xspeed:-5.630000,yspeed:-0.530000,angle:-18.000000,distense:30.600000,rcs:21.000000
timestame:1619470288.445000000,objid:11,type:0,xpos:0.000000,ypos:0.000000,xspeed:-5.570000,yspeed:-0.300000,angle:-18.000000,distense:25.000000,rcs:6.000000
