timestame:1619469969.932000000,objid:0,type:0,xpos:0.000000,ypos:0.000000,xspeed:-2.420000,yspeed:-4.610000,angle:-16.580000,distense:35.600000,rcs:18.000000
timestame:1619469969.932000000,objid:14,type:0,xpos:0.000000,ypos:0.000000,xspeed:-2.160000,yspeed:-3.010000,angle:-18.000000,distense:34.800000,rcs:20.000000
timestame:1619469969.932000000,objid:16,type:0,xpos:0.000000,ypos:0.000000,xspeed:-4.290000,yspeed:-8.120000,angle:-18.000000,distense:39.800000,rcs:9.000000
timestame:1619469969.932000000,objid:19,type:0,xpos:0.000000,ypos:0.000000,xspeed:-2.640000,yspeed:-1.440000,angle:-18.000000,distense:28.000000,rcs:9.000000
