timestame:1619471364.448000000,objid:1,type:0,xpos:0.000000,ypos:0.000000,xspeed:1.660000,yspeed:-1.130000,angle:3.980000,distense:95.000000,rcs:25.000000
timestame:1619471364.448000000,objid:2,type:0,xpos:0.000000,ypos:0.000000,xspeed:6.880000,yspeed:-0.270000,angle:3.740000,distense:100.400000,rcs:12.000000
timestame:1619471364.448000000,objid:4,type:0,xpos:0.000000,ypos:0.000000,xspeed:6.590000,yspeed:0.030000,angle:4.710000,distense:93.600000,rcs:23.000000
timestame:1619471364.448000000,objid:7,type:0,xpos:0.000000,ypos:0.000000,xspeed:10.840000,yspeed:0.240000,angle:1.610000,distense:122.200000,rcs:24.000000
