timestame:1619471064.667000000,objid:0,type:0,xpos:0.000000,ypos:0.000000,xspeed:-6.700000,yspeed:0.390000,angle:-5.020000,distense:113.200000,rcs:16.000000
timestame:1619471064.667000000,objid:2,type:0,xpos:0.000000,ypos:0.000000,xspeed:8.080000,yspeed:-20.480000,angle:-18.000000,distense:64.200000,rcs:13.000000
timestame:1619471064.667000000,objid:3,type:0,xpos:0.000000,ypos:0.000000,xspeed:-7.770000,yspeed:-0.660000,angle:-3.940000,distense:161.200000,rcs:9.000000
timestame:1619471064.667000000,objid:9,type:0,xpos:0.000000,ypos:0.000000,xspeed:-1.680000,yspeed:-0.140000,angle:-10.270000,distense:72.800000,rcs:12.000000
