timestame:1619470071.463000000,objid:3,type:0,xpos:0.000000,ypos:0.000000,xspeed:-1.630000,yspeed:2.830000,angle:12.920000,distense:49.000000,rcs:36.000000
timestame:1619470071.463000000,objid:4,type:0,xpos:0.000000,ypos:0.000000,xspeed:-1.580000,yspeed:2.820000,angle:17.000000,distense:44.200000,rcs:29.000000
timestame:1619470071.463000000,objid:8,type:0,xpos:0.000000,ypos:0.000000,xspeed:2.760000,yspeed:2.140000,angle:-14.100000,distense:36.000000,rcs:19.000000
