timestame:1619470472.243000000,objid:0,type:0,xpos:0.000000,ypos:0.000000,xspeed:-3.370000,yspeed:1.880000,angle:19.790000,distense:66.000000,rcs:6.000000
timestame:1619470472.243000000,objid:1,type:0,xpos:0.000000,ypos:0.000000,xspeed:-12.230000,yspeed:2.180000,angle:-3.540000,distense:168.000000,rcs:16.000000
