timestame:1619470609.625000000,objid:0,type:0,xpos:0.000000,ypos:0.000000,xspeed:4.600000,yspeed:4.000000,angle:-17.060000,distense:24.000000,rcs:23.000000
timestame:1619470609.625000000,objid:2,type:0,xpos:0.000000,ypos:0.000000,xspeed:7.110000,yspeed:1.280000,angle:18.180000,distense:30.200000,rcs:13.000000
