timestame:1619471002.901000000,objid:0,type:0,xpos:0.000000,ypos:0.000000,xspeed:-1.170000,yspeed:0.000000,angle:-6.850000,distense:49.600000,rcs:13.000000
timestame:1619471002.901000000,objid:1,type:0,xpos:0.000000,ypos:0.000000,xspeed:-13.340000,yspeed:-0.400000,angle:-5.510000,distense:144.400000,rcs:9.000000
timestame:1619471002.901000000,objid:3,type:0,xpos:0.000000,ypos:0.000000,xspeed:1.670000,yspeed:-2.780000,angle:-15.610000,distense:47.000000,rcs:15.000000
timestame:1619471002.901000000,objid:4,type:0,xpos:0.000000,ypos:0.000000,xspeed:1.930000,yspeed:0.150000,angle:-0.190000,distense:16.800000,rcs:23.000000
