timestame:1619470212.965000000,objid:1,type:0,xpos:0.000000,ypos:0.000000,xspeed:-1.400000,yspeed:8.720000,angle:-13.280000,distense:43.400000,rcs:19.000000
timestame:1619470212.965000000,objid:2,type:0,xpos:0.000000,ypos:0.000000,xspeed:-2.300000,yspeed:8.260000,angle:-9.740000,distense:42.000000,rcs:20.000000
