timestame:1619470449.098000000,objid:0,type:0,xpos:0.000000,ypos:0.000000,xspeed:18.900000,yspeed:1.100000,angle:1.430000,distense:221.800000,rcs:9.000000
timestame:1619470449.098000000,objid:1,type:0,xpos:0.000000,ypos:0.000000,xspeed:-5.540000,yspeed:-2.380000,angle:4.610000,distense:169.800000,rcs:6.000000
timestame:1619470449.098000000,objid:2,type:0,xpos:0.000000,ypos:0.000000,xspeed:4.810000,yspeed:-0.220000,angle:5.880000,distense:114.800000,rcs:18.000000
