timestame:1619470039.447000000,objid:0,type:0,xpos:0.000000,ypos:0.000000,xspeed:1.930000,yspeed:0.670000,angle:10.990000,distense:32.000000,rcs:20.000000
timestame:1619470039.447000000,objid:1,type:0,xpos:0.000000,ypos:0.000000,xspeed:11.230000,yspeed:0.000000,angle:1.420000,distense:125.800000,rcs:12.000000
timestame:1619470039.447000000,objid:3,type:0,xpos:0.000000,ypos:0.000000,xspeed:12.780000,yspeed:0.150000,angle:1.920000,distense:97.800000,rcs:24.000000
timestame:1619470039.447000000,objid:5,type:0,xpos:0.000000,ypos:0.000000,xspeed:3.700000,yspeed:0.040000,angle:7.740000,distense:30.800000,rcs:35.000000
