timestame:1619471140.960000000,objid:0,type:0,xpos:0.000000,ypos:0.000000,xspeed:-2.940000,yspeed:-1.000000,angle:-18.000000,distense:33.400000,rcs:30.000000
timestame:1619471140.960000000,objid:3,type:0,xpos:0.000000,ypos:0.000000,xspeed:-2.950000,yspeed:-2.870000,angle:-18.000000,distense:32.600000,rcs:27.000000
timestame:1619471140.960000000,objid:7,type:0,xpos:0.000000,ypos:0.000000,xspeed:-4.710000,yspeed:-4.440000,angle:-17.310000,distense:34.000000,rcs:30.000000
