timestame:1619471220.285000000,objid:0,type:0,xpos:0.000000,ypos:0.000000,xspeed:1.280000,yspeed:4.120000,angle:1.570000,distense:53.200000,rcs:12.000000
timestame:1619471220.285000000,objid:6,type:0,xpos:0.000000,ypos:0.000000,xspeed:3.540000,yspeed:0.420000,angle:2.630000,distense:51.000000,rcs:20.000000
timestame:1619471220.285000000,objid:9,type:0,xpos:0.000000,ypos:0.000000,xspeed:3.720000,yspeed:0.220000,angle:2.730000,distense:32.400000,rcs:45.000000
timestame:1619471220.285000000,objid:10,type:0,xpos:0.000000,ypos:0.000000,xspeed:3.600000,yspeed:0.380000,angle:1.190000,distense:41.600000,rcs:13.000000
