timestame:1619470749.154000000,objid:4,type:0,xpos:0.000000,ypos:0.000000,xspeed:-6.130000,yspeed:0.950000,angle:-18.000000,distense:33.400000,rcs:6.000000
timestame:1619470749.154000000,objid:7,type:0,xpos:0.000000,ypos:0.000000,xspeed:1.790000,yspeed:9.220000,angle:-10.100000,distense:48.600000,rcs:18.000000
