timestame:1619469623.233000000,objid:1,type:0,xpos:0.000000,ypos:0.000000,xspeed:-4.010000,yspeed:0.020000,angle:-16.490000,distense:57.600000,rcs:30.000000
timestame:1619469623.233000000,objid:2,type:0,xpos:0.000000,ypos:0.000000,xspeed:-3.690000,yspeed:-0.110000,angle:-13.890000,distense:70.600000,rcs:25.000000
timestame:1619469623.233000000,objid:4,type:0,xpos:0.000000,ypos:0.000000,xspeed:-14.420000,yspeed:-0.320000,angle:-10.240000,distense:65.800000,rcs:22.000000
