timestame:1619469891.201000000,objid:2,type:0,xpos:0.000000,ypos:0.000000,xspeed:-4.150000,yspeed:-0.050000,angle:-15.010000,distense:51.200000,rcs:25.000000
timestame:1619469891.201000000,objid:5,type:0,xpos:0.000000,ypos:0.000000,xspeed:-3.010000,yspeed:-0.040000,angle:-18.000000,distense:54.400000,rcs:24.000000
timestame:1619469891.201000000,objid:10,type:0,xpos:0.000000,ypos:0.000000,xspeed:-12.390000,yspeed:-0.450000,angle:-4.230000,distense:155.200000,rcs:12.000000
timestame:1619469891.201000000,objid:16,type:0,xpos:0.000000,ypos:0.000000,xspeed:-3.790000,yspeed:-0.070000,angle:-11.940000,distense:62.800000,rcs:20.000000
