timestame:1619470793.184000000,objid:4,type:0,xpos:0.000000,ypos:0.000000,xspeed:1.280000,yspeed:-9.070000,angle:0.420000,distense:50.200000,rcs:27.000000
timestame:1619470793.184000000,objid:6,type:0,xpos:0.000000,ypos:0.000000,xspeed:8.030000,yspeed:-3.400000,angle:10.730000,distense:57.000000,rcs:6.000000
timestame:1619470793.184000000,objid:7,type:0,xpos:0.000000,ypos:0.000000,xspeed:2.570000,yspeed:2.140000,angle:13.890000,distense:52.200000,rcs:9.000000
timestame:1619470793.184000000,objid:9,type:0,xpos:0.000000,ypos:0.000000,xspeed:4.220000,yspeed:-17.330000,angle:5.130000,distense:50.800000,rcs:20.000000
