timestame:1619471227.462000000,objid:0,type:0,xpos:0.000000,ypos:0.000000,xspeed:5.920000,yspeed:0.160000,angle:2.040000,distense:79.000000,rcs:13.000000
timestame:1619471227.462000000,objid:1,type:0,xpos:0.000000,ypos:0.000000,xspeed:4.930000,yspeed:-3.150000,angle:-14.030000,distense:51.200000,rcs:16.000000
timestame:1619471227.462000000,objid:9,type:0,xpos:0.000000,ypos:0.000000,xspeed:5.640000,yspeed:0.010000,angle:2.060000,distense:69.000000,rcs:37.000000
