timestame:1619470766.420000000,objid:0,type:0,xpos:0.000000,ypos:0.000000,xspeed:-13.020000,yspeed:-8.500000,angle:-3.820000,distense:194.600000,rcs:18.000000
timestame:1619470766.420000000,objid:4,type:0,xpos:0.000000,ypos:0.000000,xspeed:-2.430000,yspeed:-1.250000,angle:-18.000000,distense:29.400000,rcs:9.000000
timestame:1619470766.420000000,objid:9,type:0,xpos:0.000000,ypos:0.000000,xspeed:6.490000,yspeed:0.360000,angle:2.740000,distense:47.000000,rcs:22.000000
