timestame:1619470692.722000000,objid:1,type:0,xpos:0.000000,ypos:0.000000,xspeed:4.160000,yspeed:0.100000,angle:6.500000,distense:40.000000,rcs:27.000000
timestame:1619470692.722000000,objid:2,type:0,xpos:0.000000,ypos:0.000000,xspeed:-3.130000,yspeed:-0.470000,angle:-18.000000,distense:35.000000,rcs:6.000000
timestame:1619470692.722000000,objid:3,type:0,xpos:0.000000,ypos:0.000000,xspeed:-8.860000,yspeed:-0.790000,angle:-18.000000,distense:24.400000,rcs:6.000000
