timestame:1619470445.245000000,objid:1,type:0,xpos:0.000000,ypos:0.000000,xspeed:17.470000,yspeed:0.280000,angle:1.570000,distense:148.200000,rcs:6.000000
timestame:1619470445.245000000,objid:2,type:0,xpos:0.000000,ypos:0.000000,xspeed:4.430000,yspeed:-0.110000,angle:7.530000,distense:96.600000,rcs:21.000000
