timestame:1619469876.396000000,objid:0,type:0,xpos:0.000000,ypos:0.000000,xspeed:-1.450000,yspeed:-5.620000,angle:-1.160000,distense:42.200000,rcs:41.000000
timestame:1619469876.396000000,objid:6,type:0,xpos:0.000000,ypos:0.000000,xspeed:-1.450000,yspeed:-0.030000,angle:-18.000000,distense:39.000000,rcs:12.000000
timestame:1619469876.396000000,objid:13,type:0,xpos:0.000000,ypos:0.000000,xspeed:-1.390000,yspeed:-0.850000,angle:-15.480000,distense:40.400000,rcs:6.000000
timestame:1619469876.396000000,objid:17,type:0,xpos:0.000000,ypos:0.000000,xspeed:1.120000,yspeed:-3.620000,angle:4.760000,distense:67.800000,rcs:9.000000
