timestame:1619471558.577000000,objid:7,type:0,xpos:0.000000,ypos:0.000000,xspeed:-2.570000,yspeed:-1.570000,angle:-18.000000,distense:32.400000,rcs:18.000000
timestame:1619471558.577000000,objid:12,type:0,xpos:0.000000,ypos:0.000000,xspeed:2.750000,yspeed:1.990000,angle:-15.020000,distense:35.200000,rcs:16.000000
timestame:1619471558.577000000,objid:18,type:0,xpos:0.000000,ypos:0.000000,xspeed:-2.630000,yspeed:-14.450000,angle:-2.530000,distense:42.200000,rcs:9.000000
