timestame:1619470192.765000000,objid:0,type:0,xpos:0.000000,ypos:0.000000,xspeed:-4.100000,yspeed:7.030000,angle:17.170000,distense:42.200000,rcs:25.000000
timestame:1619470192.765000000,objid:1,type:0,xpos:0.000000,ypos:0.000000,xspeed:2.050000,yspeed:1.180000,angle:5.890000,distense:138.800000,rcs:20.000000
timestame:1619470192.765000000,objid:2,type:0,xpos:0.000000,ypos:0.000000,xspeed:-4.810000,yspeed:5.570000,angle:19.280000,distense:40.200000,rcs:25.000000
