timestame:1619471085.470000000,objid:0,type:0,xpos:0.000000,ypos:0.000000,xspeed:8.690000,yspeed:0.320000,angle:1.330000,distense:49.600000,rcs:28.000000
timestame:1619471085.470000000,objid:11,type:0,xpos:0.000000,ypos:0.000000,xspeed:1.860000,yspeed:-0.050000,angle:2.040000,distense:18.600000,rcs:47.000000
