timestame:1619470473.049000000,objid:0,type:0,xpos:0.000000,ypos:0.000000,xspeed:-1.430000,yspeed:1.270000,angle:20.670000,distense:66.400000,rcs:6.000000
timestame:1619470473.049000000,objid:1,type:0,xpos:0.000000,ypos:0.000000,xspeed:-11.460000,yspeed:0.510000,angle:-3.740000,distense:159.000000,rcs:12.000000
timestame:1619470473.049000000,objid:2,type:0,xpos:0.000000,ypos:0.000000,xspeed:4.180000,yspeed:-6.120000,angle:14.090000,distense:70.800000,rcs:9.000000
