timestame:1619471449.255000000,objid:3,type:0,xpos:0.000000,ypos:0.000000,xspeed:-3.280000,yspeed:-0.110000,angle:-6.050000,distense:106.000000,rcs:15.000000
timestame:1619471449.255000000,objid:11,type:0,xpos:0.000000,ypos:0.000000,xspeed:-2.720000,yspeed:-0.530000,angle:-8.470000,distense:97.000000,rcs:19.000000
timestame:1619471449.255000000,objid:13,type:0,xpos:0.000000,ypos:0.000000,xspeed:-3.440000,yspeed:0.070000,angle:17.630000,distense:45.000000,rcs:15.000000
