timestame:1619469556.313000000,objid:2,type:0,xpos:0.000000,ypos:0.000000,xspeed:-1.060000,yspeed:4.750000,angle:-15.460000,distense:38.400000,rcs:24.000000
timestame:1619469556.313000000,objid:4,type:0,xpos:0.000000,ypos:0.000000,xspeed:-1.770000,yspeed:6.030000,angle:-1.870000,distense:41.800000,rcs:27.000000
timestame:1619469556.313000000,objid:5,type:0,xpos:0.000000,ypos:0.000000,xspeed:-2.230000,yspeed:7.700000,angle:3.230000,distense:41.400000,rcs:23.000000
timestame:1619469556.313000000,objid:10,type:0,xpos:0.000000,ypos:0.000000,xspeed:1.460000,yspeed:-4.860000,angle:5.200000,distense:50.000000,rcs:23.000000
