timestame:1619470026.635000000,objid:0,type:0,xpos:0.000000,ypos:0.000000,xspeed:6.070000,yspeed:-3.660000,angle:-1.120000,distense:37.800000,rcs:6.000000
timestame:1619470026.635000000,objid:1,type:0,xpos:0.000000,ypos:0.000000,xspeed:3.880000,yspeed:1.510000,angle:-1.300000,distense:15.200000,rcs:20.000000
timestame:1619470026.635000000,objid:2,type:0,xpos:0.000000,ypos:0.000000,xspeed:5.920000,yspeed:0.260000,angle:2.170000,distense:29.000000,rcs:38.000000
