timestame:1619470940.974000000,objid:1,type:0,xpos:0.000000,ypos:0.000000,xspeed:-4.610000,yspeed:-0.010000,angle:-14.670000,distense:63.200000,rcs:20.000000
timestame:1619470940.974000000,objid:5,type:0,xpos:0.000000,ypos:0.000000,xspeed:-5.350000,yspeed:0.840000,angle:-14.330000,distense:66.400000,rcs:22.000000
timestame:1619470940.974000000,objid:10,type:0,xpos:0.000000,ypos:0.000000,xspeed:-4.250000,yspeed:0.280000,angle:-10.960000,distense:64.600000,rcs:20.000000
