timestame:1619469928.665000000,objid:1,type:0,xpos:0.000000,ypos:0.000000,xspeed:7.250000,yspeed:0.140000,angle:1.410000,distense:187.200000,rcs:9.000000
timestame:1619469928.665000000,objid:8,type:0,xpos:0.000000,ypos:0.000000,xspeed:7.380000,yspeed:0.020000,angle:1.160000,distense:180.800000,rcs:15.000000
