timestame:1619470344.063000000,objid:6,type:0,xpos:0.000000,ypos:0.000000,xspeed:-1.820000,yspeed:4.940000,angle:-13.610000,distense:35.000000,rcs:19.000000
timestame:1619470344.063000000,objid:9,type:0,xpos:0.000000,ypos:0.000000,xspeed:-6.710000,yspeed:0.000000,angle:-3.050000,distense:121.800000,rcs:12.000000
