timestame:1619471449.813000000,objid:3,type:0,xpos:0.000000,ypos:0.000000,xspeed:-2.980000,yspeed:-0.010000,angle:-6.020000,distense:104.800000,rcs:18.000000
timestame:1619471449.813000000,objid:11,type:0,xpos:0.000000,ypos:0.000000,xspeed:-2.500000,yspeed:-0.200000,angle:-8.240000,distense:95.800000,rcs:9.000000
timestame:1619471449.813000000,objid:13,type:0,xpos:0.000000,ypos:0.000000,xspeed:-3.520000,yspeed:0.090000,angle:18.640000,distense:42.800000,rcs:15.000000
