timestame:1619471076.653000000,objid:0,type:0,xpos:0.000000,ypos:0.000000,xspeed:-9.720000,yspeed:-0.360000,angle:-18.000000,distense:28.000000,rcs:6.000000
timestame:1619471076.653000000,objid:3,type:0,xpos:0.000000,ypos:0.000000,xspeed:-8.980000,yspeed:-0.230000,angle:-9.700000,distense:70.800000,rcs:25.000000
timestame:1619471076.653000000,objid:5,type:0,xpos:0.000000,ypos:0.000000,xspeed:-9.890000,yspeed:-0.190000,angle:-15.260000,distense:49.400000,rcs:22.000000
timestame:1619471076.653000000,objid:6,type:0,xpos:0.000000,ypos:0.000000,xspeed:-5.340000,yspeed:-0.480000,angle:-18.000000,distense:55.000000,rcs:25.000000
