timestame:1619470124.037000000,objid:1,type:0,xpos:0.000000,ypos:0.000000,xspeed:1.860000,yspeed:2.100000,angle:22.630000,distense:34.400000,rcs:15.000000
timestame:1619470124.037000000,objid:4,type:0,xpos:0.000000,ypos:0.000000,xspeed:3.830000,yspeed:1.100000,angle:-17.950000,distense:27.800000,rcs:26.000000
timestame:1619470124.037000000,objid:6,type:0,xpos:0.000000,ypos:0.000000,xspeed:4.520000,yspeed:2.480000,angle:-17.060000,distense:34.000000,rcs:28.000000
