timestame:1619469945.382000000,objid:1,type:0,xpos:0.000000,ypos:0.000000,xspeed:-1.330000,yspeed:-0.500000,angle:-9.680000,distense:33.200000,rcs:12.000000
timestame:1619469945.382000000,objid:2,type:0,xpos:0.000000,ypos:0.000000,xspeed:-3.540000,yspeed:0.440000,angle:-5.330000,distense:48.600000,rcs:6.000000
timestame:1619469945.382000000,objid:3,type:0,xpos:0.000000,ypos:0.000000,xspeed:2.340000,yspeed:1.580000,angle:0.450000,distense:15.000000,rcs:13.000000
