timestame:1619471237.702000000,objid:0,type:0,xpos:0.000000,ypos:0.000000,xspeed:8.040000,yspeed:0.020000,angle:1.220000,distense:155.400000,rcs:6.000000
timestame:1619471237.702000000,objid:9,type:0,xpos:0.000000,ypos:0.000000,xspeed:8.640000,yspeed:-0.060000,angle:1.150000,distense:147.000000,rcs:19.000000
