timestame:1619470881.563000000,objid:3,type:0,xpos:0.000000,ypos:0.000000,xspeed:-1.460000,yspeed:-2.780000,angle:-18.000000,distense:34.400000,rcs:16.000000
timestame:1619470881.563000000,objid:7,type:0,xpos:0.000000,ypos:0.000000,xspeed:-1.120000,yspeed:-5.150000,angle:-16.800000,distense:35.400000,rcs:29.000000
timestame:1619470881.563000000,objid:23,type:0,xpos:0.000000,ypos:0.000000,xspeed:-1.620000,yspeed:-1.930000,angle:-18.000000,distense:49.000000,rcs:9.000000
