timestame:1619470986.436000000,objid:0,type:0,xpos:0.000000,ypos:0.000000,xspeed:8.840000,yspeed:0.290000,angle:2.250000,distense:205.600000,rcs:28.000000
timestame:1619470986.436000000,objid:1,type:0,xpos:0.000000,ypos:0.000000,xspeed:-15.600000,yspeed:-0.580000,angle:-16.520000,distense:46.200000,rcs:20.000000
timestame:1619470986.436000000,objid:3,type:0,xpos:0.000000,ypos:0.000000,xspeed:4.630000,yspeed:-0.920000,angle:8.710000,distense:82.600000,rcs:13.000000
timestame:1619470986.436000000,objid:4,type:0,xpos:0.000000,ypos:0.000000,xspeed:-13.390000,yspeed:-1.280000,angle:-6.990000,distense:103.800000,rcs:9.000000
