timestame:1619470440.962000000,objid:1,type:0,xpos:0.000000,ypos:0.000000,xspeed:15.000000,yspeed:0.620000,angle:2.430000,distense:73.400000,rcs:24.000000
timestame:1619470440.962000000,objid:2,type:0,xpos:0.000000,ypos:0.000000,xspeed:3.860000,yspeed:0.000000,angle:9.620000,distense:78.800000,rcs:24.000000
