timestame:1619471446.335000000,objid:3,type:0,xpos:0.000000,ypos:0.000000,xspeed:-3.880000,yspeed:-0.520000,angle:-5.870000,distense:114.800000,rcs:20.000000
timestame:1619471446.335000000,objid:11,type:0,xpos:0.000000,ypos:0.000000,xspeed:-3.440000,yspeed:-0.260000,angle:-6.560000,distense:104.000000,rcs:13.000000
timestame:1619471446.335000000,objid:13,type:0,xpos:0.000000,ypos:0.000000,xspeed:-2.490000,yspeed:-0.060000,angle:14.050000,distense:54.800000,rcs:15.000000
