timestame:1619470330.912000000,objid:0,type:0,xpos:0.000000,ypos:0.000000,xspeed:16.440000,yspeed:-0.430000,angle:0.270000,distense:192.800000,rcs:15.000000
timestame:1619470330.912000000,objid:2,type:0,xpos:0.000000,ypos:0.000000,xspeed:10.020000,yspeed:0.390000,angle:1.150000,distense:211.400000,rcs:9.000000
timestame:1619470330.912000000,objid:4,type:0,xpos:0.000000,ypos:0.000000,xspeed:-1.210000,yspeed:0.770000,angle:14.800000,distense:66.800000,rcs:9.000000
