timestame:1619470011.902000000,objid:0,type:0,xpos:0.000000,ypos:0.000000,xspeed:-1.850000,yspeed:-1.420000,angle:-18.000000,distense:34.800000,rcs:27.000000
timestame:1619470011.902000000,objid:2,type:0,xpos:0.000000,ypos:0.000000,xspeed:-5.310000,yspeed:13.220000,angle:-9.450000,distense:43.200000,rcs:26.000000
