timestame:1619469787.016000000,objid:1,type:0,xpos:0.000000,ypos:0.000000,xspeed:-15.760000,yspeed:0.600000,angle:-8.790000,distense:93.000000,rcs:25.000000
timestame:1619469787.016000000,objid:2,type:0,xpos:0.000000,ypos:0.000000,xspeed:16.790000,yspeed:0.170000,angle:0.990000,distense:211.000000,rcs:6.000000
timestame:1619469787.016000000,objid:4,type:0,xpos:0.000000,ypos:0.000000,xspeed:-16.960000,yspeed:-0.410000,angle:-10.910000,distense:83.600000,rcs:24.000000
timestame:1619469787.016000000,objid:10,type:0,xpos:0.000000,ypos:0.000000,xspeed:17.000000,yspeed:0.200000,angle:1.130000,distense:199.000000,rcs:32.000000
