timestame:1619471099.118000000,objid:0,type:0,xpos:0.000000,ypos:0.000000,xspeed:-14.260000,yspeed:0.990000,angle:-18.000000,distense:33.800000,rcs:13.000000
timestame:1619471099.118000000,objid:1,type:0,xpos:0.000000,ypos:0.000000,xspeed:-20.550000,yspeed:-3.940000,angle:-18.000000,distense:30.200000,rcs:15.000000
timestame:1619471099.118000000,objid:2,type:0,xpos:0.000000,ypos:0.000000,xspeed:9.500000,yspeed:0.080000,angle:1.210000,distense:117.200000,rcs:25.000000
timestame:1619471099.118000000,objid:3,type:0,xpos:0.000000,ypos:0.000000,xspeed:-17.840000,yspeed:-1.180000,angle:-18.000000,distense:30.400000,rcs:25.000000
