timestame:1619470343.256000000,objid:2,type:0,xpos:0.000000,ypos:0.000000,xspeed:-1.070000,yspeed:-3.830000,angle:19.700000,distense:42.000000,rcs:22.000000
timestame:1619470343.256000000,objid:6,type:0,xpos:0.000000,ypos:0.000000,xspeed:-2.230000,yspeed:4.990000,angle:-18.000000,distense:37.200000,rcs:20.000000
