timestame:1619470331.035000000,objid:0,type:0,xpos:0.000000,ypos:0.000000,xspeed:16.460000,yspeed:-0.390000,angle:0.290000,distense:194.800000,rcs:22.000000
timestame:1619470331.035000000,objid:2,type:0,xpos:0.000000,ypos:0.000000,xspeed:10.030000,yspeed:0.380000,angle:1.150000,distense:212.600000,rcs:22.000000
timestame:1619470331.035000000,objid:4,type:0,xpos:0.000000,ypos:0.000000,xspeed:-1.220000,yspeed:0.720000,angle:14.860000,distense:66.800000,rcs:12.000000
