timestame:1619471124.737000000,objid:0,type:0,xpos:0.000000,ypos:0.000000,xspeed:-1.720000,yspeed:3.320000,angle:16.370000,distense:40.400000,rcs:21.000000
timestame:1619471124.737000000,objid:1,type:0,xpos:0.000000,ypos:0.000000,xspeed:-4.720000,yspeed:4.840000,angle:15.920000,distense:38.600000,rcs:18.000000
timestame:1619471124.737000000,objid:2,type:0,xpos:0.000000,ypos:0.000000,xspeed:-1.130000,yspeed:6.770000,angle:19.650000,distense:40.000000,rcs:22.000000
