timestame:1619470973.564000000,objid:0,type:0,xpos:0.000000,ypos:0.000000,xspeed:6.190000,yspeed:-0.040000,angle:3.680000,distense:103.600000,rcs:25.000000
timestame:1619470973.564000000,objid:2,type:0,xpos:0.000000,ypos:0.000000,xspeed:1.770000,yspeed:3.870000,angle:-4.880000,distense:45.200000,rcs:15.000000
timestame:1619470973.564000000,objid:3,type:0,xpos:0.000000,ypos:0.000000,xspeed:6.470000,yspeed:-0.430000,angle:2.590000,distense:112.400000,rcs:16.000000
timestame:1619470973.564000000,objid:9,type:0,xpos:0.000000,ypos:0.000000,xspeed:2.960000,yspeed:2.650000,angle:-13.070000,distense:38.600000,rcs:16.000000
