timestame:1619470438.974000000,objid:1,type:0,xpos:0.000000,ypos:0.000000,xspeed:13.920000,yspeed:0.700000,angle:2.610000,distense:41.800000,rcs:38.000000
timestame:1619470438.974000000,objid:2,type:0,xpos:0.000000,ypos:0.000000,xspeed:3.880000,yspeed:0.020000,angle:10.760000,distense:71.400000,rcs:23.000000
