timestame:1619470182.067000000,objid:1,type:0,xpos:0.000000,ypos:0.000000,xspeed:13.300000,yspeed:0.000000,angle:1.340000,distense:171.000000,rcs:24.000000
timestame:1619470182.067000000,objid:3,type:0,xpos:0.000000,ypos:0.000000,xspeed:-14.280000,yspeed:-1.780000,angle:-3.670000,distense:137.000000,rcs:9.000000
timestame:1619470182.067000000,objid:8,type:0,xpos:0.000000,ypos:0.000000,xspeed:8.830000,yspeed:0.470000,angle:4.130000,distense:108.600000,rcs:9.000000
timestame:1619470182.067000000,objid:11,type:0,xpos:0.000000,ypos:0.000000,xspeed:8.160000,yspeed:0.250000,angle:4.890000,distense:97.400000,rcs:38.000000
