timestame:1619470689.983000000,objid:0,type:0,xpos:0.000000,ypos:0.000000,xspeed:-4.990000,yspeed:-0.170000,angle:-18.000000,distense:29.600000,rcs:6.000000
timestame:1619470689.983000000,objid:1,type:0,xpos:0.000000,ypos:0.000000,xspeed:2.150000,yspeed:0.060000,angle:8.720000,distense:27.800000,rcs:28.000000
timestame:1619470689.983000000,objid:3,type:0,xpos:0.000000,ypos:0.000000,xspeed:17.500000,yspeed:0.470000,angle:-18.000000,distense:47.600000,rcs:21.000000
