timestame:1619469775.461000000,objid:1,type:0,xpos:0.000000,ypos:0.000000,xspeed:2.880000,yspeed:3.950000,angle:-8.020000,distense:39.600000,rcs:13.000000
timestame:1619469775.461000000,objid:2,type:0,xpos:0.000000,ypos:0.000000,xspeed:16.060000,yspeed:2.110000,angle:1.150000,distense:18.000000,rcs:45.000000
timestame:1619469775.461000000,objid:3,type:0,xpos:0.000000,ypos:0.000000,xspeed:3.630000,yspeed:0.910000,angle:20.180000,distense:21.800000,rcs:33.000000
timestame:1619469775.461000000,objid:4,type:0,xpos:0.000000,ypos:0.000000,xspeed:3.460000,yspeed:-0.270000,angle:21.090000,distense:27.800000,rcs:16.000000
