timestame:1619471062.005000000,objid:0,type:0,xpos:0.000000,ypos:0.000000,xspeed:-8.180000,yspeed:2.760000,angle:-4.240000,distense:130.400000,rcs:12.000000
timestame:1619471062.005000000,objid:8,type:0,xpos:0.000000,ypos:0.000000,xspeed:-1.170000,yspeed:3.110000,angle:-1.620000,distense:35.800000,rcs:23.000000
timestame:1619471062.005000000,objid:9,type:0,xpos:0.000000,ypos:0.000000,xspeed:-1.850000,yspeed:-0.210000,angle:-9.600000,distense:76.800000,rcs:16.000000
