timestame:1619471312.067000000,objid:2,type:0,xpos:0.000000,ypos:0.000000,xspeed:2.740000,yspeed:3.210000,angle:-12.100000,distense:43.000000,rcs:9.000000
timestame:1619471312.067000000,objid:3,type:0,xpos:0.000000,ypos:0.000000,xspeed:3.560000,yspeed:2.280000,angle:-15.590000,distense:36.600000,rcs:13.000000
timestame:1619471312.067000000,objid:4,type:0,xpos:0.000000,ypos:0.000000,xspeed:-1.080000,yspeed:5.110000,angle:-0.920000,distense:37.600000,rcs:22.000000
