timestame:1619470027.629000000,objid:1,type:0,xpos:0.000000,ypos:0.000000,xspeed:4.610000,yspeed:0.780000,angle:1.570000,distense:20.000000,rcs:31.000000
timestame:1619470027.629000000,objid:2,type:0,xpos:0.000000,ypos:0.000000,xspeed:6.080000,yspeed:0.290000,angle:2.400000,distense:35.200000,rcs:29.000000
