timestame:1619471363.643000000,objid:2,type:0,xpos:0.000000,ypos:0.000000,xspeed:6.740000,yspeed:-0.180000,angle:4.180000,distense:94.800000,rcs:20.000000
timestame:1619471363.643000000,objid:4,type:0,xpos:0.000000,ypos:0.000000,xspeed:6.530000,yspeed:0.030000,angle:4.980000,distense:88.400000,rcs:20.000000
timestame:1619471363.643000000,objid:7,type:0,xpos:0.000000,ypos:0.000000,xspeed:10.360000,yspeed:0.060000,angle:1.480000,distense:113.000000,rcs:9.000000
