timestame:1619471311.944000000,objid:2,type:0,xpos:0.000000,ypos:0.000000,xspeed:2.730000,yspeed:3.180000,angle:-12.520000,distense:42.200000,rcs:6.000000
timestame:1619471311.944000000,objid:3,type:0,xpos:0.000000,ypos:0.000000,xspeed:3.660000,yspeed:2.100000,angle:-16.230000,distense:36.000000,rcs:13.000000
timestame:1619471311.944000000,objid:4,type:0,xpos:0.000000,ypos:0.000000,xspeed:-1.100000,yspeed:5.100000,angle:-2.330000,distense:37.800000,rcs:21.000000
