timestame:1619470707.655000000,objid:1,type:0,xpos:0.000000,ypos:0.000000,xspeed:12.170000,yspeed:0.100000,angle:2.160000,distense:184.200000,rcs:6.000000
timestame:1619470707.655000000,objid:2,type:0,xpos:0.000000,ypos:0.000000,xspeed:3.140000,yspeed:0.820000,angle:-15.240000,distense:17.200000,rcs:25.000000
timestame:1619470707.655000000,objid:8,type:0,xpos:0.000000,ypos:0.000000,xspeed:1.120000,yspeed:-0.150000,angle:18.590000,distense:16.800000,rcs:24.000000
