timestame:1619470769.824000000,objid:0,type:0,xpos:0.000000,ypos:0.000000,xspeed:-11.440000,yspeed:-0.510000,angle:-5.520000,distense:156.000000,rcs:16.000000
timestame:1619470769.824000000,objid:1,type:0,xpos:0.000000,ypos:0.000000,xspeed:11.580000,yspeed:0.310000,angle:2.160000,distense:84.600000,rcs:24.000000
timestame:1619470769.824000000,objid:2,type:0,xpos:0.000000,ypos:0.000000,xspeed:-8.850000,yspeed:-5.970000,angle:-6.820000,distense:154.400000,rcs:16.000000
