timestame:1619469713.759000000,objid:3,type:0,xpos:0.000000,ypos:0.000000,xspeed:13.270000,yspeed:-1.200000,angle:1.280000,distense:140.800000,rcs:13.000000
timestame:1619469713.759000000,objid:6,type:0,xpos:0.000000,ypos:0.000000,xspeed:-1.560000,yspeed:6.960000,angle:10.110000,distense:36.800000,rcs:31.000000
