timestame:1619469554.393000000,objid:2,type:0,xpos:0.000000,ypos:0.000000,xspeed:-1.700000,yspeed:3.850000,angle:-18.000000,distense:43.600000,rcs:23.000000
timestame:1619469554.393000000,objid:3,type:0,xpos:0.000000,ypos:0.000000,xspeed:-1.600000,yspeed:4.100000,angle:-18.000000,distense:48.600000,rcs:12.000000
