timestame:1619470342.640000000,objid:0,type:0,xpos:0.000000,ypos:0.000000,xspeed:-1.040000,yspeed:1.630000,angle:-13.470000,distense:45.200000,rcs:22.000000
timestame:1619470342.640000000,objid:2,type:0,xpos:0.000000,ypos:0.000000,xspeed:-5.770000,yspeed:-4.380000,angle:-18.000000,distense:41.800000,rcs:6.000000
timestame:1619470342.640000000,objid:6,type:0,xpos:0.000000,ypos:0.000000,xspeed:-3.630000,yspeed:5.400000,angle:-18.000000,distense:39.000000,rcs:6.000000
