timestame:1619471093.789000000,objid:1,type:0,xpos:0.000000,ypos:0.000000,xspeed:12.660000,yspeed:-0.190000,angle:2.700000,distense:94.600000,rcs:6.000000
timestame:1619471093.789000000,objid:2,type:0,xpos:0.000000,ypos:0.000000,xspeed:7.290000,yspeed:0.170000,angle:2.060000,distense:69.600000,rcs:45.000000
timestame:1619471093.789000000,objid:5,type:0,xpos:0.000000,ypos:0.000000,xspeed:13.310000,yspeed:0.070000,angle:1.370000,distense:146.000000,rcs:6.000000
