timestame:1619471409.186000000,objid:1,type:0,xpos:0.000000,ypos:0.000000,xspeed:-1.040000,yspeed:-2.810000,angle:-9.830000,distense:41.600000,rcs:29.000000
timestame:1619471409.186000000,objid:4,type:0,xpos:0.000000,ypos:0.000000,xspeed:-2.720000,yspeed:-5.950000,angle:-2.710000,distense:44.000000,rcs:33.000000
timestame:1619471409.186000000,objid:7,type:0,xpos:0.000000,ypos:0.000000,xspeed:-1.840000,yspeed:-3.330000,angle:-14.730000,distense:39.800000,rcs:19.000000
timestame:1619471409.186000000,objid:12,type:0,xpos:0.000000,ypos:0.000000,xspeed:-9.860000,yspeed:-1.740000,angle:-4.240000,distense:194.800000,rcs:9.000000
