timestame:1619471060.637000000,objid:1,type:0,xpos:0.000000,ypos:0.000000,xspeed:-3.500000,yspeed:-2.410000,angle:-18.000000,distense:28.400000,rcs:9.000000
timestame:1619471060.637000000,objid:8,type:0,xpos:0.000000,ypos:0.000000,xspeed:-1.260000,yspeed:2.900000,angle:-8.330000,distense:37.600000,rcs:18.000000
timestame:1619471060.637000000,objid:9,type:0,xpos:0.000000,ypos:0.000000,xspeed:-2.430000,yspeed:0.000000,angle:-8.930000,distense:78.600000,rcs:15.000000
timestame:1619471060.637000000,objid:10,type:0,xpos:0.000000,ypos:0.000000,xspeed:-2.080000,yspeed:-0.310000,angle:-18.000000,distense:26.200000,rcs:6.000000
