timestame:1619471092.923000000,objid:1,type:0,xpos:0.000000,ypos:0.000000,xspeed:12.350000,yspeed:-0.230000,angle:3.160000,distense:82.600000,rcs:12.000000
timestame:1619471092.923000000,objid:2,type:0,xpos:0.000000,ypos:0.000000,xspeed:7.000000,yspeed:0.260000,angle:2.260000,distense:62.600000,rcs:42.000000
timestame:1619471092.923000000,objid:5,type:0,xpos:0.000000,ypos:0.000000,xspeed:12.770000,yspeed:0.190000,angle:1.560000,distense:133.400000,rcs:12.000000
