timestame:1619469946.560000000,objid:2,type:0,xpos:0.000000,ypos:0.000000,xspeed:1.180000,yspeed:-2.580000,angle:-10.130000,distense:49.200000,rcs:20.000000
timestame:1619469946.560000000,objid:3,type:0,xpos:0.000000,ypos:0.000000,xspeed:1.880000,yspeed:0.170000,angle:0.540000,distense:17.000000,rcs:24.000000
timestame:1619469946.560000000,objid:5,type:0,xpos:0.000000,ypos:0.000000,xspeed:-4.380000,yspeed:0.000000,angle:-18.000000,distense:55.800000,rcs:9.000000
