timestame:1619470046.685000000,objid:0,type:0,xpos:0.000000,ypos:0.000000,xspeed:6.600000,yspeed:0.200000,angle:4.490000,distense:82.600000,rcs:15.000000
timestame:1619470046.685000000,objid:3,type:0,xpos:0.000000,ypos:0.000000,xspeed:14.720000,yspeed:0.180000,angle:1.210000,distense:201.600000,rcs:16.000000
timestame:1619470046.685000000,objid:5,type:0,xpos:0.000000,ypos:0.000000,xspeed:6.560000,yspeed:0.370000,angle:5.340000,distense:72.600000,rcs:26.000000
