timestame:1619470732.646000000,objid:0,type:0,xpos:0.000000,ypos:0.000000,xspeed:-13.630000,yspeed:-0.930000,angle:-18.000000,distense:21.400000,rcs:6.000000
timestame:1619470732.646000000,objid:1,type:0,xpos:0.000000,ypos:0.000000,xspeed:12.220000,yspeed:0.650000,angle:3.430000,distense:58.600000,rcs:16.000000
timestame:1619470732.646000000,objid:3,type:0,xpos:0.000000,ypos:0.000000,xspeed:-13.010000,yspeed:-0.560000,angle:-18.000000,distense:20.000000,rcs:6.000000
timestame:1619470732.646000000,objid:6,type:0,xpos:0.000000,ypos:0.000000,xspeed:12.500000,yspeed:0.560000,angle:2.500000,distense:47.600000,rcs:41.000000
