timestame:1619469706.129000000,objid:1,type:0,xpos:0.000000,ypos:0.000000,xspeed:-1.430000,yspeed:-3.170000,angle:-18.000000,distense:41.800000,rcs:12.000000
timestame:1619469706.129000000,objid:6,type:0,xpos:0.000000,ypos:0.000000,xspeed:-1.810000,yspeed:-0.840000,angle:-18.000000,distense:36.200000,rcs:16.000000
timestame:1619469706.129000000,objid:10,type:0,xpos:0.000000,ypos:0.000000,xspeed:-7.380000,yspeed:-7.300000,angle:-12.560000,distense:38.800000,rcs:28.000000
timestame:1619469706.129000000,objid:14,type:0,xpos:0.000000,ypos:0.000000,xspeed:-2.490000,yspeed:-2.330000,angle:-18.000000,distense:37.800000,rcs:21.000000
