timestame:1619469539.618000000,objid:4,type:0,xpos:0.000000,ypos:0.000000,xspeed:17.530000,yspeed:0.180000,angle:1.410000,distense:159.200000,rcs:16.000000
timestame:1619469539.618000000,objid:7,type:0,xpos:0.000000,ypos:0.000000,xspeed:17.300000,yspeed:0.180000,angle:1.180000,distense:166.200000,rcs:9.000000
