timestame:1619469694.543000000,objid:1,type:0,xpos:0.000000,ypos:0.000000,xspeed:-1.550000,yspeed:6.750000,angle:2.380000,distense:41.600000,rcs:28.000000
timestame:1619469694.543000000,objid:3,type:0,xpos:0.000000,ypos:0.000000,xspeed:1.720000,yspeed:3.040000,angle:5.210000,distense:47.600000,rcs:19.000000
timestame:1619469694.543000000,objid:6,type:0,xpos:0.000000,ypos:0.000000,xspeed:1.710000,yspeed:-4.340000,angle:14.310000,distense:47.400000,rcs:6.000000
timestame:1619469694.543000000,objid:8,type:0,xpos:0.000000,ypos:0.000000,xspeed:2.070000,yspeed:-7.960000,angle:-18.000000,distense:74.000000,rcs:9.000000
