timestame:1619470945.564000000,objid:1,type:0,xpos:0.000000,ypos:0.000000,xspeed:-7.580000,yspeed:-0.240000,angle:-18.000000,distense:32.400000,rcs:15.000000
timestame:1619470945.564000000,objid:5,type:0,xpos:0.000000,ypos:0.000000,xspeed:-6.490000,yspeed:-0.470000,angle:-18.000000,distense:40.200000,rcs:12.000000
timestame:1619470945.564000000,objid:7,type:0,xpos:0.000000,ypos:0.000000,xspeed:-6.270000,yspeed:-0.500000,angle:-18.000000,distense:37.800000,rcs:6.000000
