timestame:1619470118.124000000,objid:3,type:0,xpos:0.000000,ypos:0.000000,xspeed:-8.140000,yspeed:-4.230000,angle:7.490000,distense:32.800000,rcs:12.000000
timestame:1619470118.124000000,objid:5,type:0,xpos:0.000000,ypos:0.000000,xspeed:-8.020000,yspeed:-0.660000,angle:18.300000,distense:21.000000,rcs:16.000000
timestame:1619470118.124000000,objid:10,type:0,xpos:0.000000,ypos:0.000000,xspeed:2.240000,yspeed:5.500000,angle:-2.890000,distense:47.600000,rcs:9.000000
