timestame:1619470112.241000000,objid:2,type:0,xpos:0.000000,ypos:0.000000,xspeed:6.740000,yspeed:1.750000,angle:17.910000,distense:31.000000,rcs:6.000000
timestame:1619470112.241000000,objid:3,type:0,xpos:0.000000,ypos:0.000000,xspeed:24.860000,yspeed:1.290000,angle:-17.070000,distense:24.600000,rcs:13.000000
timestame:1619470112.241000000,objid:7,type:0,xpos:0.000000,ypos:0.000000,xspeed:6.400000,yspeed:1.200000,angle:22.550000,distense:28.800000,rcs:30.000000
