timestame:1619470225.104000000,objid:7,type:0,xpos:0.000000,ypos:0.000000,xspeed:1.690000,yspeed:0.530000,angle:-10.080000,distense:50.600000,rcs:13.000000
timestame:1619470225.104000000,objid:9,type:0,xpos:0.000000,ypos:0.000000,xspeed:-2.060000,yspeed:6.410000,angle:16.780000,distense:38.200000,rcs:6.000000
