timestame:1619470017.042000000,objid:0,type:0,xpos:0.000000,ypos:0.000000,xspeed:-4.230000,yspeed:-1.360000,angle:-18.000000,distense:27.600000,rcs:15.000000
timestame:1619470017.042000000,objid:4,type:0,xpos:0.000000,ypos:0.000000,xspeed:-3.760000,yspeed:-5.160000,angle:4.390000,distense:44.400000,rcs:6.000000
timestame:1619470017.042000000,objid:7,type:0,xpos:0.000000,ypos:0.000000,xspeed:1.520000,yspeed:1.710000,angle:-18.000000,distense:31.200000,rcs:13.000000
timestame:1619470017.042000000,objid:14,type:0,xpos:0.000000,ypos:0.000000,xspeed:-1.910000,yspeed:-1.570000,angle:-18.000000,distense:31.800000,rcs:16.000000
