timestame:1619471452.788000000,objid:3,type:0,xpos:0.000000,ypos:0.000000,xspeed:-1.930000,yspeed:-0.180000,angle:-6.740000,distense:100.000000,rcs:16.000000
timestame:1619471452.788000000,objid:11,type:0,xpos:0.000000,ypos:0.000000,xspeed:-1.330000,yspeed:0.380000,angle:-7.250000,distense:92.600000,rcs:9.000000
timestame:1619471452.788000000,objid:13,type:0,xpos:0.000000,ypos:0.000000,xspeed:-3.990000,yspeed:-0.130000,angle:-16.460000,distense:31.400000,rcs:18.000000
