timestame:1619470682.973000000,objid:0,type:0,xpos:0.000000,ypos:0.000000,xspeed:-3.560000,yspeed:0.090000,angle:-16.000000,distense:60.000000,rcs:22.000000
timestame:1619470682.973000000,objid:2,type:0,xpos:0.000000,ypos:0.000000,xspeed:-1.900000,yspeed:-0.270000,angle:-12.640000,distense:72.400000,rcs:20.000000
timestame:1619470682.973000000,objid:7,type:0,xpos:0.000000,ypos:0.000000,xspeed:-6.620000,yspeed:0.130000,angle:-13.080000,distense:69.400000,rcs:20.000000
