timestame:1619469647.772000000,objid:2,type:0,xpos:0.000000,ypos:0.000000,xspeed:12.870000,yspeed:0.370000,angle:4.320000,distense:101.400000,rcs:22.000000
timestame:1619469647.772000000,objid:3,type:0,xpos:0.000000,ypos:0.000000,xspeed:24.680000,yspeed:6.950000,angle:0.850000,distense:25.200000,rcs:34.000000
timestame:1619469647.772000000,objid:13,type:0,xpos:0.000000,ypos:0.000000,xspeed:15.280000,yspeed:0.710000,angle:2.420000,distense:163.000000,rcs:32.000000
timestame:1619469647.772000000,objid:14,type:0,xpos:0.000000,ypos:0.000000,xspeed:12.990000,yspeed:0.370000,angle:4.360000,distense:98.600000,rcs:20.000000
