timestame:1619471447.515000000,objid:3,type:0,xpos:0.000000,ypos:0.000000,xspeed:-3.380000,yspeed:-0.090000,angle:-5.690000,distense:111.600000,rcs:16.000000
timestame:1619471447.515000000,objid:11,type:0,xpos:0.000000,ypos:0.000000,xspeed:-3.070000,yspeed:-0.690000,angle:-7.640000,distense:101.200000,rcs:15.000000
timestame:1619471447.515000000,objid:13,type:0,xpos:0.000000,ypos:0.000000,xspeed:-2.950000,yspeed:0.080000,angle:15.370000,distense:51.200000,rcs:9.000000
