timestame:1619470048.923000000,objid:0,type:0,xpos:0.000000,ypos:0.000000,xspeed:6.740000,yspeed:0.050000,angle:3.930000,distense:97.600000,rcs:15.000000
timestame:1619470048.923000000,objid:5,type:0,xpos:0.000000,ypos:0.000000,xspeed:6.850000,yspeed:0.120000,angle:4.320000,distense:88.200000,rcs:27.000000
