timestame:1619471364.383000000,objid:1,type:0,xpos:0.000000,ypos:0.000000,xspeed:1.660000,yspeed:-1.130000,angle:4.020000,distense:94.800000,rcs:25.000000
timestame:1619471364.383000000,objid:2,type:0,xpos:0.000000,ypos:0.000000,xspeed:6.880000,yspeed:-0.270000,angle:3.760000,distense:100.000000,rcs:12.000000
timestame:1619471364.383000000,objid:4,type:0,xpos:0.000000,ypos:0.000000,xspeed:6.590000,yspeed:0.030000,angle:4.730000,distense:93.200000,rcs:23.000000
timestame:1619471364.383000000,objid:7,type:0,xpos:0.000000,ypos:0.000000,xspeed:10.790000,yspeed:0.230000,angle:1.590000,distense:121.400000,rcs:22.000000
