timestame:1619469929.600000000,objid:1,type:0,xpos:0.000000,ypos:0.000000,xspeed:7.600000,yspeed:0.130000,angle:1.390000,distense:194.600000,rcs:12.000000
timestame:1619469929.600000000,objid:8,type:0,xpos:0.000000,ypos:0.000000,xspeed:7.550000,yspeed:0.010000,angle:1.100000,distense:188.000000,rcs:25.000000
