timestame:1619470985.821000000,objid:0,type:0,xpos:0.000000,ypos:0.000000,xspeed:8.810000,yspeed:0.240000,angle:2.230000,distense:200.200000,rcs:24.000000
timestame:1619470985.821000000,objid:1,type:0,xpos:0.000000,ypos:0.000000,xspeed:-15.640000,yspeed:-0.520000,angle:-13.350000,distense:55.000000,rcs:26.000000
timestame:1619470985.821000000,objid:3,type:0,xpos:0.000000,ypos:0.000000,xspeed:4.440000,yspeed:-1.400000,angle:8.860000,distense:79.600000,rcs:12.000000
timestame:1619470985.821000000,objid:4,type:0,xpos:0.000000,ypos:0.000000,xspeed:-13.510000,yspeed:-2.020000,angle:-6.400000,distense:111.600000,rcs:9.000000
