timestame:1619470734.499000000,objid:1,type:0,xpos:0.000000,ypos:0.000000,xspeed:12.040000,yspeed:0.030000,angle:2.240000,distense:80.800000,rcs:20.000000
timestame:1619470734.499000000,objid:6,type:0,xpos:0.000000,ypos:0.000000,xspeed:12.310000,yspeed:0.520000,angle:2.480000,distense:70.400000,rcs:35.000000
