timestame:1619471306.965000000,objid:0,type:0,xpos:0.000000,ypos:0.000000,xspeed:3.290000,yspeed:0.470000,angle:19.380000,distense:24.400000,rcs:12.000000
timestame:1619471306.965000000,objid:1,type:0,xpos:0.000000,ypos:0.000000,xspeed:-7.040000,yspeed:2.220000,angle:-18.000000,distense:28.400000,rcs:9.000000
timestame:1619471306.965000000,objid:2,type:0,xpos:0.000000,ypos:0.000000,xspeed:4.930000,yspeed:0.410000,angle:-17.940000,distense:23.000000,rcs:16.000000
