timestame:1619470078.233000000,objid:0,type:0,xpos:0.000000,ypos:0.000000,xspeed:-2.190000,yspeed:7.160000,angle:0.970000,distense:52.400000,rcs:6.000000
timestame:1619470078.233000000,objid:2,type:0,xpos:0.000000,ypos:0.000000,xspeed:2.500000,yspeed:4.400000,angle:1.980000,distense:18.000000,rcs:15.000000
timestame:1619470078.233000000,objid:4,type:0,xpos:0.000000,ypos:0.000000,xspeed:-7.320000,yspeed:7.300000,angle:-11.930000,distense:50.800000,rcs:6.000000
