timestame:1619471065.286000000,objid:0,type:0,xpos:0.000000,ypos:0.000000,xspeed:-6.410000,yspeed:0.180000,angle:-5.340000,distense:109.400000,rcs:15.000000
timestame:1619471065.286000000,objid:1,type:0,xpos:0.000000,ypos:0.000000,xspeed:7.700000,yspeed:-8.810000,angle:-18.000000,distense:71.200000,rcs:15.000000
timestame:1619471065.286000000,objid:3,type:0,xpos:0.000000,ypos:0.000000,xspeed:-7.220000,yspeed:-0.220000,angle:-3.910000,distense:157.000000,rcs:13.000000
timestame:1619471065.286000000,objid:9,type:0,xpos:0.000000,ypos:0.000000,xspeed:-1.830000,yspeed:-0.030000,angle:-10.360000,distense:71.400000,rcs:12.000000
