timestame:1619470493.763000000,objid:2,type:0,xpos:0.000000,ypos:0.000000,xspeed:1.190000,yspeed:-5.230000,angle:10.870000,distense:56.400000,rcs:16.000000
timestame:1619470493.763000000,objid:3,type:0,xpos:0.000000,ypos:0.000000,xspeed:1.420000,yspeed:-3.900000,angle:5.750000,distense:45.400000,rcs:30.000000
