timestame:1619471226.038000000,objid:1,type:0,xpos:0.000000,ypos:0.000000,xspeed:5.660000,yspeed:-1.700000,angle:-8.640000,distense:44.200000,rcs:26.000000
timestame:1619471226.038000000,objid:6,type:0,xpos:0.000000,ypos:0.000000,xspeed:5.120000,yspeed:0.300000,angle:2.600000,distense:79.200000,rcs:6.000000
timestame:1619471226.038000000,objid:9,type:0,xpos:0.000000,ypos:0.000000,xspeed:5.250000,yspeed:0.050000,angle:2.290000,distense:60.800000,rcs:29.000000
