timestame:1619470565.801000000,objid:0,type:0,xpos:0.000000,ypos:0.000000,xspeed:6.730000,yspeed:2.210000,angle:20.340000,distense:31.400000,rcs:28.000000
timestame:1619470565.801000000,objid:2,type:0,xpos:0.000000,ypos:0.000000,xspeed:-14.970000,yspeed:-8.090000,angle:-15.500000,distense:18.600000,rcs:28.000000
timestame:1619470565.801000000,objid:3,type:0,xpos:0.000000,ypos:0.000000,xspeed:12.790000,yspeed:0.200000,angle:1.430000,distense:130.400000,rcs:27.000000
