timestame:1619470767.097000000,objid:0,type:0,xpos:0.000000,ypos:0.000000,xspeed:-11.620000,yspeed:-3.670000,angle:-4.510000,distense:187.200000,rcs:20.000000
timestame:1619470767.097000000,objid:9,type:0,xpos:0.000000,ypos:0.000000,xspeed:7.140000,yspeed:0.250000,angle:2.450000,distense:52.800000,rcs:20.000000
