timestame:1619469580.193000000,objid:1,type:0,xpos:0.000000,ypos:0.000000,xspeed:-6.040000,yspeed:-0.490000,angle:-8.400000,distense:106.400000,rcs:13.000000
timestame:1619469580.193000000,objid:5,type:0,xpos:0.000000,ypos:0.000000,xspeed:-6.050000,yspeed:-0.080000,angle:-9.720000,distense:93.200000,rcs:24.000000
