timestame:1619471212.474000000,objid:2,type:0,xpos:0.000000,ypos:0.000000,xspeed:6.800000,yspeed:4.130000,angle:21.330000,distense:27.800000,rcs:22.000000
timestame:1619471212.474000000,objid:3,type:0,xpos:0.000000,ypos:0.000000,xspeed:4.880000,yspeed:4.390000,angle:-15.020000,distense:24.600000,rcs:33.000000
timestame:1619471212.474000000,objid:4,type:0,xpos:0.000000,ypos:0.000000,xspeed:-7.580000,yspeed:-0.080000,angle:-18.000000,distense:38.000000,rcs:13.000000
timestame:1619471212.474000000,objid:5,type:0,xpos:0.000000,ypos:0.000000,xspeed:-6.720000,yspeed:-0.480000,angle:-18.000000,distense:36.000000,rcs:12.000000
