timestame:1619469622.675000000,objid:1,type:0,xpos:0.000000,ypos:0.000000,xspeed:-3.770000,yspeed:0.090000,angle:-15.700000,distense:60.000000,rcs:26.000000
timestame:1619469622.675000000,objid:2,type:0,xpos:0.000000,ypos:0.000000,xspeed:-3.890000,yspeed:-0.150000,angle:-13.570000,distense:72.200000,rcs:27.000000
timestame:1619469622.675000000,objid:4,type:0,xpos:0.000000,ypos:0.000000,xspeed:-14.910000,yspeed:-0.210000,angle:-9.010000,distense:72.600000,rcs:20.000000
