timestame:1619469874.536000000,objid:0,type:0,xpos:0.000000,ypos:0.000000,xspeed:-3.000000,yspeed:-0.410000,angle:-18.000000,distense:24.400000,rcs:6.000000
timestame:1619469874.536000000,objid:6,type:0,xpos:0.000000,ypos:0.000000,xspeed:11.530000,yspeed:-4.930000,angle:16.360000,distense:54.000000,rcs:12.000000
