timestame:1619471001.413000000,objid:0,type:0,xpos:0.000000,ypos:0.000000,xspeed:-17.480000,yspeed:-0.060000,angle:-4.900000,distense:160.000000,rcs:19.000000
timestame:1619471001.413000000,objid:1,type:0,xpos:0.000000,ypos:0.000000,xspeed:-11.240000,yspeed:-3.560000,angle:-4.690000,distense:164.800000,rcs:13.000000
