timestame:1619470365.649000000,objid:0,type:0,xpos:0.000000,ypos:0.000000,xspeed:2.290000,yspeed:5.320000,angle:2.320000,distense:46.000000,rcs:32.000000
timestame:1619470365.649000000,objid:3,type:0,xpos:0.000000,ypos:0.000000,xspeed:3.030000,yspeed:-0.220000,angle:-8.180000,distense:45.000000,rcs:29.000000
timestame:1619470365.649000000,objid:5,type:0,xpos:0.000000,ypos:0.000000,xspeed:2.810000,yspeed:0.430000,angle:5.210000,distense:52.800000,rcs:15.000000
