timestame:1619470052.215000000,objid:0,type:0,xpos:0.000000,ypos:0.000000,xspeed:7.520000,yspeed:-0.270000,angle:2.770000,distense:122.400000,rcs:9.000000
timestame:1619470052.215000000,objid:5,type:0,xpos:0.000000,ypos:0.000000,xspeed:7.510000,yspeed:0.070000,angle:3.490000,distense:112.800000,rcs:26.000000
