timestame:1619470137.564000000,objid:0,type:0,xpos:0.000000,ypos:0.000000,xspeed:-6.020000,yspeed:-5.420000,angle:10.370000,distense:40.600000,rcs:9.000000
timestame:1619470137.564000000,objid:7,type:0,xpos:0.000000,ypos:0.000000,xspeed:-3.320000,yspeed:-0.280000,angle:-10.220000,distense:74.400000,rcs:12.000000
timestame:1619470137.564000000,objid:8,type:0,xpos:0.000000,ypos:0.000000,xspeed:2.890000,yspeed:3.960000,angle:-5.150000,distense:46.800000,rcs:6.000000
