timestame:1619470147.514000000,objid:0,type:0,xpos:0.000000,ypos:0.000000,xspeed:1.970000,yspeed:2.690000,angle:-12.710000,distense:40.200000,rcs:12.000000
timestame:1619470147.514000000,objid:1,type:0,xpos:0.000000,ypos:0.000000,xspeed:2.420000,yspeed:0.910000,angle:22.560000,distense:25.800000,rcs:19.000000
timestame:1619470147.514000000,objid:2,type:0,xpos:0.000000,ypos:0.000000,xspeed:3.110000,yspeed:2.110000,angle:22.780000,distense:37.600000,rcs:6.000000
timestame:1619470147.514000000,objid:3,type:0,xpos:0.000000,ypos:0.000000,xspeed:-1.170000,yspeed:-0.050000,angle:-10.180000,distense:73.600000,rcs:16.000000
