timestame:1619470745.919000000,objid:0,type:0,xpos:0.000000,ypos:0.000000,xspeed:-2.380000,yspeed:-0.370000,angle:-8.880000,distense:82.800000,rcs:15.000000
timestame:1619470745.919000000,objid:6,type:0,xpos:0.000000,ypos:0.000000,xspeed:12.580000,yspeed:0.460000,angle:1.410000,distense:211.200000,rcs:19.000000
