timestame:1619470158.441000000,objid:0,type:0,xpos:0.000000,ypos:0.000000,xspeed:-15.350000,yspeed:-0.620000,angle:-14.380000,distense:72.800000,rcs:30.000000
timestame:1619470158.441000000,objid:1,type:0,xpos:0.000000,ypos:0.000000,xspeed:-15.410000,yspeed:-0.570000,angle:-15.400000,distense:61.800000,rcs:20.000000
timestame:1619470158.441000000,objid:4,type:0,xpos:0.000000,ypos:0.000000,xspeed:1.440000,yspeed:0.300000,angle:7.780000,distense:24.400000,rcs:20.000000
timestame:1619470158.441000000,objid:7,type:0,xpos:0.000000,ypos:0.000000,xspeed:-15.260000,yspeed:-0.520000,angle:-17.620000,distense:56.200000,rcs:9.000000
