timestame:1619470882.130000000,objid:3,type:0,xpos:0.000000,ypos:0.000000,xspeed:-1.430000,yspeed:-2.500000,angle:-18.000000,distense:34.200000,rcs:13.000000
timestame:1619470882.130000000,objid:11,type:0,xpos:0.000000,ypos:0.000000,xspeed:-2.900000,yspeed:-12.660000,angle:10.740000,distense:39.000000,rcs:27.000000
timestame:1619470882.130000000,objid:15,type:0,xpos:0.000000,ypos:0.000000,xspeed:-1.400000,yspeed:-3.940000,angle:10.790000,distense:48.200000,rcs:12.000000
timestame:1619470882.130000000,objid:23,type:0,xpos:0.000000,ypos:0.000000,xspeed:-1.240000,yspeed:-0.520000,angle:-18.000000,distense:48.600000,rcs:9.000000
