timestame:1619469771.842000000,objid:1,type:0,xpos:0.000000,ypos:0.000000,xspeed:3.590000,yspeed:0.590000,angle:-17.880000,distense:23.000000,rcs:25.000000
timestame:1619469771.842000000,objid:3,type:0,xpos:0.000000,ypos:0.000000,xspeed:3.950000,yspeed:1.320000,angle:21.520000,distense:34.800000,rcs:19.000000
timestame:1619469771.842000000,objid:4,type:0,xpos:0.000000,ypos:0.000000,xspeed:2.140000,yspeed:3.670000,angle:-5.330000,distense:46.800000,rcs:6.000000
timestame:1619469771.842000000,objid:7,type:0,xpos:0.000000,ypos:0.000000,xspeed:4.100000,yspeed:1.370000,angle:-16.420000,distense:33.200000,rcs:40.000000
