timestame:1619470980.091000000,objid:0,type:0,xpos:0.000000,ypos:0.000000,xspeed:7.480000,yspeed:-0.110000,angle:2.220000,distense:150.800000,rcs:26.000000
timestame:1619470980.091000000,objid:1,type:0,xpos:0.000000,ypos:0.000000,xspeed:-14.450000,yspeed:-0.260000,angle:-4.200000,distense:142.600000,rcs:20.000000
timestame:1619470980.091000000,objid:3,type:0,xpos:0.000000,ypos:0.000000,xspeed:1.160000,yspeed:0.000000,angle:-17.410000,distense:60.600000,rcs:13.000000
timestame:1619470980.091000000,objid:4,type:0,xpos:0.000000,ypos:0.000000,xspeed:-20.890000,yspeed:0.550000,angle:-18.000000,distense:47.200000,rcs:20.000000
