timestame:1619469948.047000000,objid:3,type:0,xpos:0.000000,ypos:0.000000,xspeed:1.190000,yspeed:0.080000,angle:0.900000,distense:18.200000,rcs:22.000000
timestame:1619469948.047000000,objid:4,type:0,xpos:0.000000,ypos:0.000000,xspeed:-1.820000,yspeed:-12.200000,angle:0.630000,distense:47.000000,rcs:12.000000
timestame:1619469948.047000000,objid:5,type:0,xpos:0.000000,ypos:0.000000,xspeed:4.040000,yspeed:-11.410000,angle:19.060000,distense:45.800000,rcs:6.000000
timestame:1619469948.047000000,objid:8,type:0,xpos:0.000000,ypos:0.000000,xspeed:-1.470000,yspeed:14.260000,angle:-18.000000,distense:49.200000,rcs:6.000000
