timestame:1619470748.777000000,objid:0,type:0,xpos:0.000000,ypos:0.000000,xspeed:1.610000,yspeed:-20.480000,angle:-9.700000,distense:41.600000,rcs:35.000000
timestame:1619470748.777000000,objid:4,type:0,xpos:0.000000,ypos:0.000000,xspeed:-6.400000,yspeed:0.710000,angle:-18.000000,distense:35.200000,rcs:9.000000
timestame:1619470748.777000000,objid:7,type:0,xpos:0.000000,ypos:0.000000,xspeed:-3.430000,yspeed:14.100000,angle:-12.810000,distense:45.800000,rcs:20.000000
