timestame:1619471251.337000000,objid:1,type:0,xpos:0.000000,ypos:0.000000,xspeed:1.780000,yspeed:2.800000,angle:0.010000,distense:75.000000,rcs:18.000000
timestame:1619471251.337000000,objid:3,type:0,xpos:0.000000,ypos:0.000000,xspeed:-17.050000,yspeed:-1.840000,angle:-5.270000,distense:160.600000,rcs:12.000000
