timestame:1619470738.714000000,objid:0,type:0,xpos:0.000000,ypos:0.000000,xspeed:-16.460000,yspeed:-1.240000,angle:-5.370000,distense:135.800000,rcs:12.000000
timestame:1619470738.714000000,objid:1,type:0,xpos:0.000000,ypos:0.000000,xspeed:12.020000,yspeed:-0.150000,angle:1.000000,distense:131.200000,rcs:6.000000
timestame:1619470738.714000000,objid:3,type:0,xpos:0.000000,ypos:0.000000,xspeed:2.410000,yspeed:-5.290000,angle:-15.930000,distense:47.000000,rcs:20.000000
timestame:1619470738.714000000,objid:6,type:0,xpos:0.000000,ypos:0.000000,xspeed:12.160000,yspeed:0.130000,angle:1.430000,distense:121.000000,rcs:33.000000
