timestame:1619469529.737000000,objid:1,type:0,xpos:0.000000,ypos:0.000000,xspeed:1.820000,yspeed:-4.030000,angle:-18.000000,distense:69.400000,rcs:21.000000
timestame:1619469529.737000000,objid:11,type:0,xpos:0.000000,ypos:0.000000,xspeed:1.180000,yspeed:-4.520000,angle:-18.000000,distense:79.600000,rcs:9.000000
