timestame:1619469656.582000000,objid:1,type:0,xpos:0.000000,ypos:0.000000,xspeed:2.700000,yspeed:3.600000,angle:-6.930000,distense:41.800000,rcs:6.000000
timestame:1619469656.582000000,objid:7,type:0,xpos:0.000000,ypos:0.000000,xspeed:23.960000,yspeed:0.450000,angle:1.060000,distense:174.400000,rcs:6.000000
timestame:1619469656.582000000,objid:8,type:0,xpos:0.000000,ypos:0.000000,xspeed:3.220000,yspeed:2.360000,angle:-14.450000,distense:36.400000,rcs:13.000000
timestame:1619469656.582000000,objid:14,type:0,xpos:0.000000,ypos:0.000000,xspeed:14.420000,yspeed:0.210000,angle:2.340000,distense:222.000000,rcs:6.000000
