timestame:1619470223.804000000,objid:7,type:0,xpos:0.000000,ypos:0.000000,xspeed:2.130000,yspeed:2.410000,angle:-10.190000,distense:49.000000,rcs:15.000000
timestame:1619470223.804000000,objid:8,type:0,xpos:0.000000,ypos:0.000000,xspeed:-2.080000,yspeed:7.800000,angle:0.190000,distense:39.200000,rcs:9.000000
timestame:1619470223.804000000,objid:11,type:0,xpos:0.000000,ypos:0.000000,xspeed:-2.030000,yspeed:6.510000,angle:1.410000,distense:38.800000,rcs:16.000000
