timestame:1619470039.005000000,objid:0,type:0,xpos:0.000000,ypos:0.000000,xspeed:1.930000,yspeed:0.460000,angle:10.290000,distense:31.000000,rcs:6.000000
timestame:1619470039.005000000,objid:1,type:0,xpos:0.000000,ypos:0.000000,xspeed:10.950000,yspeed:0.020000,angle:1.510000,distense:120.000000,rcs:23.000000
timestame:1619470039.005000000,objid:3,type:0,xpos:0.000000,ypos:0.000000,xspeed:12.560000,yspeed:0.330000,angle:2.210000,distense:91.200000,rcs:24.000000
timestame:1619470039.005000000,objid:5,type:0,xpos:0.000000,ypos:0.000000,xspeed:3.690000,yspeed:0.290000,angle:8.830000,distense:29.000000,rcs:31.000000
