timestame:1619471314.174000000,objid:0,type:0,xpos:0.000000,ypos:0.000000,xspeed:-15.160000,yspeed:0.000000,angle:-1.740000,distense:169.400000,rcs:9.000000
timestame:1619471314.174000000,objid:1,type:0,xpos:0.000000,ypos:0.000000,xspeed:-15.330000,yspeed:-1.420000,angle:-4.080000,distense:162.800000,rcs:19.000000
timestame:1619471314.174000000,objid:3,type:0,xpos:0.000000,ypos:0.000000,xspeed:2.600000,yspeed:4.400000,angle:-6.040000,distense:46.200000,rcs:6.000000
timestame:1619471314.174000000,objid:4,type:0,xpos:0.000000,ypos:0.000000,xspeed:-1.310000,yspeed:5.340000,angle:16.820000,distense:36.400000,rcs:6.000000
