timestame:1619469921.482000000,objid:1,type:0,xpos:0.000000,ypos:0.000000,xspeed:5.960000,yspeed:0.140000,angle:1.360000,distense:138.400000,rcs:13.000000
timestame:1619469921.482000000,objid:8,type:0,xpos:0.000000,ypos:0.000000,xspeed:5.810000,yspeed:0.140000,angle:1.530000,distense:131.400000,rcs:20.000000
