timestame:1619471036.837000000,objid:2,type:0,xpos:0.000000,ypos:0.000000,xspeed:-1.750000,yspeed:-3.120000,angle:-16.500000,distense:42.200000,rcs:21.000000
timestame:1619471036.837000000,objid:3,type:0,xpos:0.000000,ypos:0.000000,xspeed:1.850000,yspeed:-3.370000,angle:21.580000,distense:48.400000,rcs:25.000000
timestame:1619471036.837000000,objid:7,type:0,xpos:0.000000,ypos:0.000000,xspeed:-1.780000,yspeed:-7.490000,angle:-10.410000,distense:75.800000,rcs:6.000000
