timestame:1619470881.378000000,objid:3,type:0,xpos:0.000000,ypos:0.000000,xspeed:-1.400000,yspeed:-3.110000,angle:-18.000000,distense:34.800000,rcs:26.000000
timestame:1619470881.378000000,objid:4,type:0,xpos:0.000000,ypos:0.000000,xspeed:-23.800000,yspeed:-5.370000,angle:-10.660000,distense:16.000000,rcs:6.000000
timestame:1619470881.378000000,objid:6,type:0,xpos:0.000000,ypos:0.000000,xspeed:-1.440000,yspeed:0.330000,angle:-18.000000,distense:33.400000,rcs:21.000000
timestame:1619470881.378000000,objid:23,type:0,xpos:0.000000,ypos:0.000000,xspeed:-1.760000,yspeed:-1.790000,angle:-18.000000,distense:49.000000,rcs:12.000000
