timestame:1619470045.268000000,objid:0,type:0,xpos:0.000000,ypos:0.000000,xspeed:6.450000,yspeed:-0.220000,angle:4.550000,distense:72.800000,rcs:13.000000
timestame:1619470045.268000000,objid:3,type:0,xpos:0.000000,ypos:0.000000,xspeed:14.280000,yspeed:0.140000,angle:1.260000,distense:179.800000,rcs:16.000000
timestame:1619470045.268000000,objid:5,type:0,xpos:0.000000,ypos:0.000000,xspeed:6.080000,yspeed:0.440000,angle:5.830000,distense:62.600000,rcs:28.000000
