timestame:1619469563.676000000,objid:7,type:0,xpos:0.000000,ypos:0.000000,xspeed:-1.730000,yspeed:-4.300000,angle:22.490000,distense:42.800000,rcs:22.000000
timestame:1619469563.676000000,objid:14,type:0,xpos:0.000000,ypos:0.000000,xspeed:-4.220000,yspeed:-2.210000,angle:-16.630000,distense:44.800000,rcs:24.000000
