timestame:1619470278.852000000,objid:1,type:0,xpos:0.000000,ypos:0.000000,xspeed:-10.110000,yspeed:-0.080000,angle:-6.810000,distense:74.800000,rcs:12.000000
timestame:1619470278.852000000,objid:3,type:0,xpos:0.000000,ypos:0.000000,xspeed:-2.750000,yspeed:0.220000,angle:-8.950000,distense:75.000000,rcs:15.000000
timestame:1619470278.852000000,objid:11,type:0,xpos:0.000000,ypos:0.000000,xspeed:-2.880000,yspeed:-0.360000,angle:-11.230000,distense:68.400000,rcs:27.000000
