timestame:1619471037.275000000,objid:2,type:0,xpos:0.000000,ypos:0.000000,xspeed:-1.780000,yspeed:-2.750000,angle:-18.000000,distense:41.600000,rcs:22.000000
timestame:1619471037.275000000,objid:3,type:0,xpos:0.000000,ypos:0.000000,xspeed:1.710000,yspeed:-3.330000,angle:19.630000,distense:48.400000,rcs:9.000000
timestame:1619471037.275000000,objid:7,type:0,xpos:0.000000,ypos:0.000000,xspeed:-1.720000,yspeed:-7.160000,angle:-12.740000,distense:75.600000,rcs:6.000000
