timestame:1619470704.238000000,objid:0,type:0,xpos:0.000000,ypos:0.000000,xspeed:3.700000,yspeed:3.090000,angle:-15.590000,distense:37.600000,rcs:12.000000
timestame:1619470704.238000000,objid:1,type:0,xpos:0.000000,ypos:0.000000,xspeed:10.970000,yspeed:-0.060000,angle:2.610000,distense:142.000000,rcs:16.000000
timestame:1619470704.238000000,objid:2,type:0,xpos:0.000000,ypos:0.000000,xspeed:-7.860000,yspeed:-0.820000,angle:-17.370000,distense:72.400000,rcs:6.000000
