timestame:1619470048.985000000,objid:0,type:0,xpos:0.000000,ypos:0.000000,xspeed:6.740000,yspeed:0.050000,angle:3.920000,distense:98.000000,rcs:15.000000
timestame:1619470048.985000000,objid:5,type:0,xpos:0.000000,ypos:0.000000,xspeed:6.840000,yspeed:0.170000,angle:4.370000,distense:88.600000,rcs:28.000000
