timestame:1619470560.032000000,objid:0,type:0,xpos:0.000000,ypos:0.000000,xspeed:4.900000,yspeed:-0.400000,angle:2.890000,distense:191.000000,rcs:9.000000
timestame:1619470560.032000000,objid:1,type:0,xpos:0.000000,ypos:0.000000,xspeed:4.870000,yspeed:0.050000,angle:4.650000,distense:181.800000,rcs:20.000000
timestame:1619470560.032000000,objid:2,type:0,xpos:0.000000,ypos:0.000000,xspeed:1.350000,yspeed:4.610000,angle:-3.620000,distense:44.800000,rcs:9.000000
timestame:1619470560.032000000,objid:3,type:0,xpos:0.000000,ypos:0.000000,xspeed:7.770000,yspeed:0.090000,angle:1.860000,distense:61.400000,rcs:42.000000
