timestame:1619471078.456000000,objid:1,type:0,xpos:0.000000,ypos:0.000000,xspeed:-6.760000,yspeed:-0.430000,angle:-18.000000,distense:49.000000,rcs:22.000000
timestame:1619471078.456000000,objid:3,type:0,xpos:0.000000,ypos:0.000000,xspeed:-9.360000,yspeed:-0.240000,angle:-13.210000,distense:53.800000,rcs:26.000000
timestame:1619471078.456000000,objid:5,type:0,xpos:0.000000,ypos:0.000000,xspeed:-10.420000,yspeed:-0.680000,angle:-18.000000,distense:32.000000,rcs:15.000000
timestame:1619471078.456000000,objid:6,type:0,xpos:0.000000,ypos:0.000000,xspeed:-5.550000,yspeed:-0.370000,angle:-18.000000,distense:45.200000,rcs:34.000000
