timestame:1619470290.929000000,objid:2,type:0,xpos:0.000000,ypos:0.000000,xspeed:-12.060000,yspeed:-0.590000,angle:-16.320000,distense:59.400000,rcs:25.000000
timestame:1619470290.929000000,objid:5,type:0,xpos:0.000000,ypos:0.000000,xspeed:-6.280000,yspeed:-0.270000,angle:-18.000000,distense:21.800000,rcs:6.000000
