timestame:1619471235.900000000,objid:0,type:0,xpos:0.000000,ypos:0.000000,xspeed:8.090000,yspeed:0.060000,angle:1.380000,distense:141.000000,rcs:12.000000
timestame:1619471235.900000000,objid:9,type:0,xpos:0.000000,ypos:0.000000,xspeed:7.870000,yspeed:0.100000,angle:1.480000,distense:130.800000,rcs:22.000000
