timestame:1619471372.306000000,objid:1,type:0,xpos:0.000000,ypos:0.000000,xspeed:9.040000,yspeed:0.080000,angle:2.370000,distense:162.400000,rcs:16.000000
timestame:1619471372.306000000,objid:7,type:0,xpos:0.000000,ypos:0.000000,xspeed:10.230000,yspeed:0.180000,angle:1.480000,distense:209.000000,rcs:21.000000
