timestame:1619470496.131000000,objid:2,type:0,xpos:0.000000,ypos:0.000000,xspeed:-1.740000,yspeed:-8.160000,angle:-9.780000,distense:41.400000,rcs:22.000000
timestame:1619470496.131000000,objid:5,type:0,xpos:0.000000,ypos:0.000000,xspeed:10.860000,yspeed:8.600000,angle:-8.100000,distense:57.600000,rcs:6.000000
