timestame:1619470536.659000000,objid:0,type:0,xpos:0.000000,ypos:0.000000,xspeed:5.300000,yspeed:2.260000,angle:19.400000,distense:36.800000,rcs:20.000000
timestame:1619470536.659000000,objid:1,type:0,xpos:0.000000,ypos:0.000000,xspeed:21.440000,yspeed:4.400000,angle:15.410000,distense:41.400000,rcs:13.000000
timestame:1619470536.659000000,objid:2,type:0,xpos:0.000000,ypos:0.000000,xspeed:-3.350000,yspeed:0.980000,angle:-10.410000,distense:90.600000,rcs:22.000000
timestame:1619470536.659000000,objid:7,type:0,xpos:0.000000,ypos:0.000000,xspeed:8.530000,yspeed:3.980000,angle:20.500000,distense:27.400000,rcs:27.000000
