timestame:1619470914.672000000,objid:0,type:0,xpos:0.000000,ypos:0.000000,xspeed:4.400000,yspeed:3.530000,angle:-13.760000,distense:37.800000,rcs:16.000000
timestame:1619470914.672000000,objid:3,type:0,xpos:0.000000,ypos:0.000000,xspeed:1.490000,yspeed:0.270000,angle:-5.760000,distense:40.800000,rcs:6.000000
