timestame:1619471223.317000000,objid:0,type:0,xpos:0.000000,ypos:0.000000,xspeed:2.320000,yspeed:0.320000,angle:1.800000,distense:59.600000,rcs:6.000000
timestame:1619471223.317000000,objid:1,type:0,xpos:0.000000,ypos:0.000000,xspeed:5.830000,yspeed:-0.860000,angle:-6.120000,distense:28.000000,rcs:23.000000
timestame:1619471223.317000000,objid:6,type:0,xpos:0.000000,ypos:0.000000,xspeed:4.340000,yspeed:0.260000,angle:2.390000,distense:64.400000,rcs:9.000000
timestame:1619471223.317000000,objid:9,type:0,xpos:0.000000,ypos:0.000000,xspeed:4.410000,yspeed:0.380000,angle:3.210000,distense:45.800000,rcs:47.000000
