timestame:1619471373.665000000,objid:1,type:0,xpos:0.000000,ypos:0.000000,xspeed:9.500000,yspeed:0.230000,angle:2.380000,distense:176.200000,rcs:21.000000
timestame:1619471373.665000000,objid:7,type:0,xpos:0.000000,ypos:0.000000,xspeed:10.000000,yspeed:0.200000,angle:1.480000,distense:222.400000,rcs:9.000000
