timestame:1619471448.756000000,objid:3,type:0,xpos:0.000000,ypos:0.000000,xspeed:-3.190000,yspeed:0.010000,angle:-5.800000,distense:107.800000,rcs:18.000000
timestame:1619471448.756000000,objid:11,type:0,xpos:0.000000,ypos:0.000000,xspeed:-2.860000,yspeed:-0.650000,angle:-8.370000,distense:98.000000,rcs:20.000000
timestame:1619471448.756000000,objid:13,type:0,xpos:0.000000,ypos:0.000000,xspeed:-3.360000,yspeed:0.090000,angle:17.010000,distense:46.600000,rcs:9.000000
