timestame:1619470729.225000000,objid:0,type:0,xpos:0.000000,ypos:0.000000,xspeed:-12.520000,yspeed:-0.330000,angle:-11.680000,distense:62.400000,rcs:19.000000
timestame:1619470729.225000000,objid:1,type:0,xpos:0.000000,ypos:0.000000,xspeed:12.560000,yspeed:0.650000,angle:4.590000,distense:16.600000,rcs:37.000000
timestame:1619470729.225000000,objid:3,type:0,xpos:0.000000,ypos:0.000000,xspeed:-12.290000,yspeed:-4.980000,angle:-13.710000,distense:59.400000,rcs:25.000000
