timestame:1619469953.821000000,objid:6,type:0,xpos:0.000000,ypos:0.000000,xspeed:1.850000,yspeed:-9.190000,angle:-3.240000,distense:43.200000,rcs:21.000000
timestame:1619469953.821000000,objid:10,type:0,xpos:0.000000,ypos:0.000000,xspeed:-3.040000,yspeed:4.410000,angle:-7.030000,distense:39.200000,rcs:6.000000
timestame:1619469953.821000000,objid:14,type:0,xpos:0.000000,ypos:0.000000,xspeed:-3.650000,yspeed:9.010000,angle:-1.930000,distense:37.600000,rcs:20.000000
