timestame:1619471136.191000000,objid:3,type:0,xpos:0.000000,ypos:0.000000,xspeed:-1.280000,yspeed:-1.670000,angle:15.060000,distense:39.800000,rcs:33.000000
timestame:1619471136.191000000,objid:4,type:0,xpos:0.000000,ypos:0.000000,xspeed:4.310000,yspeed:-2.210000,angle:11.230000,distense:41.000000,rcs:32.000000
