timestame:1619470189.804000000,objid:1,type:0,xpos:0.000000,ypos:0.000000,xspeed:1.240000,yspeed:2.830000,angle:-5.980000,distense:44.400000,rcs:6.000000
timestame:1619470189.804000000,objid:2,type:0,xpos:0.000000,ypos:0.000000,xspeed:-5.700000,yspeed:3.500000,angle:-3.580000,distense:52.600000,rcs:34.000000
timestame:1619470189.804000000,objid:7,type:0,xpos:0.000000,ypos:0.000000,xspeed:3.720000,yspeed:0.390000,angle:6.010000,distense:137.200000,rcs:15.000000
timestame:1619470189.804000000,objid:11,type:0,xpos:0.000000,ypos:0.000000,xspeed:4.600000,yspeed:0.200000,angle:4.280000,distense:136.200000,rcs:20.000000
