timestame:1619469617.445000000,objid:1,type:0,xpos:0.000000,ypos:0.000000,xspeed:-1.080000,yspeed:0.330000,angle:-12.510000,distense:76.600000,rcs:20.000000
timestame:1619469617.445000000,objid:2,type:0,xpos:0.000000,ypos:0.000000,xspeed:14.620000,yspeed:9.590000,angle:-8.080000,distense:93.600000,rcs:6.000000
timestame:1619469617.445000000,objid:4,type:0,xpos:0.000000,ypos:0.000000,xspeed:-16.820000,yspeed:2.540000,angle:-4.710000,distense:154.400000,rcs:19.000000
