timestame:1619469784.100000000,objid:2,type:0,xpos:0.000000,ypos:0.000000,xspeed:16.940000,yspeed:-0.020000,angle:1.070000,distense:162.800000,rcs:13.000000
timestame:1619469784.100000000,objid:4,type:0,xpos:0.000000,ypos:0.000000,xspeed:-17.620000,yspeed:-0.460000,angle:-6.580000,distense:131.400000,rcs:9.000000
timestame:1619469784.100000000,objid:5,type:0,xpos:0.000000,ypos:0.000000,xspeed:1.600000,yspeed:3.520000,angle:-2.320000,distense:46.800000,rcs:6.000000
timestame:1619469784.100000000,objid:10,type:0,xpos:0.000000,ypos:0.000000,xspeed:16.690000,yspeed:0.230000,angle:1.280000,distense:150.000000,rcs:20.000000
