timestame:1619470365.336000000,objid:0,type:0,xpos:0.000000,ypos:0.000000,xspeed:2.990000,yspeed:7.410000,angle:1.600000,distense:45.800000,rcs:33.000000
timestame:1619470365.336000000,objid:1,type:0,xpos:0.000000,ypos:0.000000,xspeed:-1.460000,yspeed:0.000000,angle:-5.210000,distense:61.200000,rcs:26.000000
timestame:1619470365.336000000,objid:3,type:0,xpos:0.000000,ypos:0.000000,xspeed:2.230000,yspeed:2.920000,angle:-7.430000,distense:43.800000,rcs:41.000000
