timestame:1619470145.379000000,objid:0,type:0,xpos:0.000000,ypos:0.000000,xspeed:3.640000,yspeed:1.740000,angle:21.950000,distense:35.000000,rcs:9.000000
timestame:1619470145.379000000,objid:2,type:0,xpos:0.000000,ypos:0.000000,xspeed:5.660000,yspeed:1.680000,angle:19.850000,distense:30.200000,rcs:18.000000
