timestame:1619469715.555000000,objid:1,type:0,xpos:0.000000,ypos:0.000000,xspeed:-2.130000,yspeed:8.060000,angle:-7.670000,distense:38.600000,rcs:6.000000
timestame:1619469715.555000000,objid:3,type:0,xpos:0.000000,ypos:0.000000,xspeed:14.470000,yspeed:-0.890000,angle:0.700000,distense:168.000000,rcs:15.000000
