timestame:1619469658.014000000,objid:7,type:0,xpos:0.000000,ypos:0.000000,xspeed:24.780000,yspeed:0.430000,angle:1.020000,distense:211.000000,rcs:9.000000
timestame:1619469658.014000000,objid:8,type:0,xpos:0.000000,ypos:0.000000,xspeed:2.010000,yspeed:3.300000,angle:-8.520000,distense:40.600000,rcs:9.000000
