timestame:1619469879.983000000,objid:0,type:0,xpos:0.000000,ypos:0.000000,xspeed:-6.610000,yspeed:-7.360000,angle:-18.000000,distense:34.600000,rcs:28.000000
timestame:1619469879.983000000,objid:6,type:0,xpos:0.000000,ypos:0.000000,xspeed:-4.670000,yspeed:-2.570000,angle:-18.000000,distense:32.000000,rcs:13.000000
timestame:1619469879.983000000,objid:11,type:0,xpos:0.000000,ypos:0.000000,xspeed:-1.170000,yspeed:0.000000,angle:-2.380000,distense:52.600000,rcs:9.000000
timestame:1619469879.983000000,objid:15,type:0,xpos:0.000000,ypos:0.000000,xspeed:-1.380000,yspeed:-4.370000,angle:-9.720000,distense:40.600000,rcs:30.000000
