timestame:1619471062.444000000,objid:0,type:0,xpos:0.000000,ypos:0.000000,xspeed:-7.460000,yspeed:1.350000,angle:-4.490000,distense:127.800000,rcs:6.000000
timestame:1619471062.444000000,objid:8,type:0,xpos:0.000000,ypos:0.000000,xspeed:-1.220000,yspeed:3.170000,angle:0.630000,distense:35.200000,rcs:27.000000
timestame:1619471062.444000000,objid:9,type:0,xpos:0.000000,ypos:0.000000,xspeed:-1.590000,yspeed:-0.320000,angle:-9.860000,distense:76.600000,rcs:6.000000
