timestame:1619471518.176000000,objid:7,type:0,xpos:0.000000,ypos:0.000000,xspeed:16.190000,yspeed:0.220000,angle:1.500000,distense:183.800000,rcs:15.000000
timestame:1619471518.176000000,objid:10,type:0,xpos:0.000000,ypos:0.000000,xspeed:16.190000,yspeed:0.130000,angle:1.330000,distense:173.400000,rcs:27.000000
