timestame:1619470776.720000000,objid:0,type:0,xpos:0.000000,ypos:0.000000,xspeed:19.340000,yspeed:1.340000,angle:1.390000,distense:204.000000,rcs:15.000000
timestame:1619470776.720000000,objid:1,type:0,xpos:0.000000,ypos:0.000000,xspeed:-7.220000,yspeed:-1.070000,angle:-9.450000,distense:101.000000,rcs:15.000000
timestame:1619470776.720000000,objid:3,type:0,xpos:0.000000,ypos:0.000000,xspeed:-4.080000,yspeed:0.000000,angle:-9.600000,distense:47.200000,rcs:12.000000
