timestame:1619470780.442000000,objid:2,type:0,xpos:0.000000,ypos:0.000000,xspeed:1.330000,yspeed:-3.250000,angle:1.270000,distense:43.800000,rcs:36.000000
timestame:1619470780.442000000,objid:4,type:0,xpos:0.000000,ypos:0.000000,xspeed:-2.210000,yspeed:-0.310000,angle:-0.450000,distense:44.600000,rcs:6.000000
