timestame:1619470014.252000000,objid:0,type:0,xpos:0.000000,ypos:0.000000,xspeed:-2.040000,yspeed:-1.650000,angle:-18.000000,distense:32.000000,rcs:16.000000
timestame:1619470014.252000000,objid:1,type:0,xpos:0.000000,ypos:0.000000,xspeed:-1.710000,yspeed:-3.970000,angle:14.780000,distense:40.600000,rcs:21.000000
timestame:1619470014.252000000,objid:8,type:0,xpos:0.000000,ypos:0.000000,xspeed:-4.070000,yspeed:2.940000,angle:0.040000,distense:57.000000,rcs:6.000000
