timestame:1619470061.853000000,objid:1,type:0,xpos:0.000000,ypos:0.000000,xspeed:-20.940000,yspeed:-0.940000,angle:-5.770000,distense:134.200000,rcs:6.000000
timestame:1619470061.853000000,objid:2,type:0,xpos:0.000000,ypos:0.000000,xspeed:-8.870000,yspeed:-1.700000,angle:-7.260000,distense:70.400000,rcs:6.000000
timestame:1619470061.853000000,objid:4,type:0,xpos:0.000000,ypos:0.000000,xspeed:-5.310000,yspeed:-0.220000,angle:-7.040000,distense:68.600000,rcs:27.000000
timestame:1619470061.853000000,objid:5,type:0,xpos:0.000000,ypos:0.000000,xspeed:10.100000,yspeed:0.390000,angle:2.770000,distense:205.000000,rcs:26.000000
