timestame:1619470017.165000000,objid:0,type:0,xpos:0.000000,ypos:0.000000,xspeed:-3.520000,yspeed:-0.630000,angle:-18.000000,distense:27.600000,rcs:12.000000
timestame:1619470017.165000000,objid:4,type:0,xpos:0.000000,ypos:0.000000,xspeed:-6.200000,yspeed:-0.900000,angle:5.720000,distense:43.000000,rcs:6.000000
timestame:1619470017.165000000,objid:7,type:0,xpos:0.000000,ypos:0.000000,xspeed:1.070000,yspeed:1.160000,angle:-18.000000,distense:31.000000,rcs:9.000000
timestame:1619470017.165000000,objid:14,type:0,xpos:0.000000,ypos:0.000000,xspeed:-1.810000,yspeed:-1.430000,angle:-18.000000,distense:31.800000,rcs:6.000000
