timestame:1619470289.627000000,objid:2,type:0,xpos:0.000000,ypos:0.000000,xspeed:-12.090000,yspeed:-0.170000,angle:-11.950000,distense:74.400000,rcs:28.000000
timestame:1619470289.627000000,objid:5,type:0,xpos:0.000000,ypos:0.000000,xspeed:-5.930000,yspeed:-0.340000,angle:-18.000000,distense:28.600000,rcs:15.000000
timestame:1619470289.627000000,objid:7,type:0,xpos:0.000000,ypos:0.000000,xspeed:-6.030000,yspeed:-0.620000,angle:-18.000000,distense:25.000000,rcs:9.000000
