timestame:1619469686.704000000,objid:2,type:0,xpos:0.000000,ypos:0.000000,xspeed:-1.910000,yspeed:6.200000,angle:-11.350000,distense:43.000000,rcs:13.000000
timestame:1619469686.704000000,objid:4,type:0,xpos:0.000000,ypos:0.000000,xspeed:-1.860000,yspeed:8.310000,angle:-1.290000,distense:44.800000,rcs:16.000000
timestame:1619469686.704000000,objid:5,type:0,xpos:0.000000,ypos:0.000000,xspeed:2.110000,yspeed:-7.020000,angle:3.130000,distense:50.400000,rcs:9.000000
timestame:1619469686.704000000,objid:6,type:0,xpos:0.000000,ypos:0.000000,xspeed:-2.820000,yspeed:8.090000,angle:-4.800000,distense:41.000000,rcs:20.000000
