timestame:1619470750.512000000,objid:0,type:0,xpos:0.000000,ypos:0.000000,xspeed:-1.160000,yspeed:-3.050000,angle:-16.380000,distense:40.400000,rcs:37.000000
timestame:1619470750.512000000,objid:8,type:0,xpos:0.000000,ypos:0.000000,xspeed:-1.440000,yspeed:-20.480000,angle:-15.100000,distense:45.400000,rcs:22.000000
timestame:1619470750.512000000,objid:10,type:0,xpos:0.000000,ypos:0.000000,xspeed:-5.980000,yspeed:-6.100000,angle:-18.000000,distense:35.400000,rcs:6.000000
