timestame:1619471182.192000000,objid:8,type:0,xpos:0.000000,ypos:0.000000,xspeed:5.210000,yspeed:1.920000,angle:-9.790000,distense:42.400000,rcs:13.000000
timestame:1619471182.192000000,objid:10,type:0,xpos:0.000000,ypos:0.000000,xspeed:-6.480000,yspeed:1.320000,angle:-7.060000,distense:118.000000,rcs:9.000000
timestame:1619471182.192000000,objid:13,type:0,xpos:0.000000,ypos:0.000000,xspeed:-3.800000,yspeed:-0.170000,angle:-10.340000,distense:88.800000,rcs:16.000000
timestame:1619471182.192000000,objid:16,type:0,xpos:0.000000,ypos:0.000000,xspeed:2.300000,yspeed:3.730000,angle:-6.480000,distense:43.400000,rcs:12.000000
