timestame:1619470738.344000000,objid:0,type:0,xpos:0.000000,ypos:0.000000,xspeed:-16.260000,yspeed:-1.310000,angle:-4.990000,distense:141.800000,rcs:6.000000
timestame:1619470738.344000000,objid:1,type:0,xpos:0.000000,ypos:0.000000,xspeed:11.920000,yspeed:-0.120000,angle:1.080000,distense:126.600000,rcs:9.000000
timestame:1619470738.344000000,objid:6,type:0,xpos:0.000000,ypos:0.000000,xspeed:12.150000,yspeed:0.110000,angle:1.430000,distense:116.600000,rcs:28.000000
