timestame:1619470566.911000000,objid:0,type:0,xpos:0.000000,ypos:0.000000,xspeed:6.290000,yspeed:2.160000,angle:20.180000,distense:38.600000,rcs:19.000000
timestame:1619470566.911000000,objid:1,type:0,xpos:0.000000,ypos:0.000000,xspeed:3.420000,yspeed:4.320000,angle:-15.910000,distense:24.400000,rcs:30.000000
timestame:1619470566.911000000,objid:3,type:0,xpos:0.000000,ypos:0.000000,xspeed:14.090000,yspeed:0.080000,angle:1.190000,distense:148.200000,rcs:29.000000
timestame:1619470566.911000000,objid:8,type:0,xpos:0.000000,ypos:0.000000,xspeed:3.980000,yspeed:3.730000,angle:-12.840000,distense:38.200000,rcs:9.000000
