timestame:1619471372.552000000,objid:1,type:0,xpos:0.000000,ypos:0.000000,xspeed:9.190000,yspeed:0.080000,angle:2.330000,distense:165.600000,rcs:27.000000
timestame:1619471372.552000000,objid:7,type:0,xpos:0.000000,ypos:0.000000,xspeed:10.180000,yspeed:0.220000,angle:1.500000,distense:212.000000,rcs:18.000000
