timestame:1619469562.376000000,objid:3,type:0,xpos:0.000000,ypos:0.000000,xspeed:1.550000,yspeed:-2.170000,angle:5.770000,distense:43.800000,rcs:35.000000
timestame:1619469562.376000000,objid:4,type:0,xpos:0.000000,ypos:0.000000,xspeed:3.730000,yspeed:-6.570000,angle:-12.470000,distense:45.400000,rcs:25.000000
timestame:1619469562.376000000,objid:9,type:0,xpos:0.000000,ypos:0.000000,xspeed:-1.400000,yspeed:0.560000,angle:8.910000,distense:104.800000,rcs:9.000000
