timestame:1619469926.689000000,objid:1,type:0,xpos:0.000000,ypos:0.000000,xspeed:6.720000,yspeed:0.170000,angle:1.470000,distense:172.600000,rcs:9.000000
timestame:1619469926.689000000,objid:8,type:0,xpos:0.000000,ypos:0.000000,xspeed:6.820000,yspeed:0.090000,angle:1.280000,distense:165.800000,rcs:24.000000
