timestame:1619469884.019000000,objid:1,type:0,xpos:0.000000,ypos:0.000000,xspeed:1.410000,yspeed:0.170000,angle:4.500000,distense:13.000000,rcs:40.000000
timestame:1619469884.019000000,objid:5,type:0,xpos:0.000000,ypos:0.000000,xspeed:-1.790000,yspeed:-0.150000,angle:-13.510000,distense:72.600000,rcs:23.000000
timestame:1619469884.019000000,objid:13,type:0,xpos:0.000000,ypos:0.000000,xspeed:-1.470000,yspeed:-0.180000,angle:-9.250000,distense:76.000000,rcs:12.000000
timestame:1619469884.019000000,objid:16,type:0,xpos:0.000000,ypos:0.000000,xspeed:-1.120000,yspeed:-0.890000,angle:-8.010000,distense:87.200000,rcs:16.000000
