timestame:1619469922.037000000,objid:1,type:0,xpos:0.000000,ypos:0.000000,xspeed:6.020000,yspeed:0.210000,angle:1.430000,distense:141.800000,rcs:21.000000
timestame:1619469922.037000000,objid:8,type:0,xpos:0.000000,ypos:0.000000,xspeed:5.750000,yspeed:0.040000,angle:1.410000,distense:134.400000,rcs:24.000000
