timestame:1619470215.563000000,objid:2,type:0,xpos:0.000000,ypos:0.000000,xspeed:-4.670000,yspeed:0.000000,angle:-12.220000,distense:43.400000,rcs:6.000000
timestame:1619470215.563000000,objid:7,type:0,xpos:0.000000,ypos:0.000000,xspeed:-2.670000,yspeed:7.240000,angle:-6.910000,distense:43.000000,rcs:20.000000
timestame:1619470215.563000000,objid:11,type:0,xpos:0.000000,ypos:0.000000,xspeed:-1.210000,yspeed:5.420000,angle:-14.760000,distense:40.000000,rcs:13.000000
