timestame:1619471499.660000000,objid:0,type:0,xpos:0.000000,ypos:0.000000,xspeed:7.950000,yspeed:0.130000,angle:1.790000,distense:95.200000,rcs:22.000000
timestame:1619471499.660000000,objid:3,type:0,xpos:0.000000,ypos:0.000000,xspeed:7.870000,yspeed:0.050000,angle:3.270000,distense:124.400000,rcs:25.000000
timestame:1619471499.660000000,objid:10,type:0,xpos:0.000000,ypos:0.000000,xspeed:7.170000,yspeed:0.270000,angle:5.320000,distense:83.400000,rcs:21.000000
