timestame:1619470465.988000000,objid:0,type:0,xpos:0.000000,ypos:0.000000,xspeed:-13.270000,yspeed:-0.790000,angle:-18.000000,distense:28.400000,rcs:13.000000
timestame:1619470465.988000000,objid:1,type:0,xpos:0.000000,ypos:0.000000,xspeed:-11.850000,yspeed:-1.070000,angle:-18.000000,distense:31.200000,rcs:16.000000
timestame:1619470465.988000000,objid:2,type:0,xpos:0.000000,ypos:0.000000,xspeed:5.810000,yspeed:0.270000,angle:3.140000,distense:210.600000,rcs:9.000000
