timestame:1619469657.706000000,objid:7,type:0,xpos:0.000000,ypos:0.000000,xspeed:24.630000,yspeed:0.390000,angle:1.000000,distense:203.400000,rcs:13.000000
timestame:1619469657.706000000,objid:8,type:0,xpos:0.000000,ypos:0.000000,xspeed:2.190000,yspeed:3.210000,angle:-9.630000,distense:39.800000,rcs:6.000000
