timestame:1619470050.043000000,objid:0,type:0,xpos:0.000000,ypos:0.000000,xspeed:6.960000,yspeed:0.100000,angle:3.740000,distense:105.400000,rcs:16.000000
timestame:1619470050.043000000,objid:5,type:0,xpos:0.000000,ypos:0.000000,xspeed:6.910000,yspeed:0.140000,angle:4.090000,distense:95.600000,rcs:28.000000
