timestame:1619469620.005000000,objid:1,type:0,xpos:0.000000,ypos:0.000000,xspeed:-2.200000,yspeed:0.090000,angle:-13.490000,distense:70.800000,rcs:21.000000
timestame:1619469620.005000000,objid:3,type:0,xpos:0.000000,ypos:0.000000,xspeed:-1.840000,yspeed:-0.050000,angle:-11.110000,distense:84.600000,rcs:19.000000
timestame:1619469620.005000000,objid:4,type:0,xpos:0.000000,ypos:0.000000,xspeed:-16.260000,yspeed:0.980000,angle:-4.970000,distense:112.000000,rcs:20.000000
timestame:1619469620.005000000,objid:5,type:0,xpos:0.000000,ypos:0.000000,xspeed:-4.340000,yspeed:8.740000,angle:-13.130000,distense:168.200000,rcs:6.000000
