timestame:1619469579.435000000,objid:1,type:0,xpos:0.000000,ypos:0.000000,xspeed:-6.370000,yspeed:-0.630000,angle:-8.050000,distense:110.200000,rcs:16.000000
timestame:1619469579.435000000,objid:3,type:0,xpos:0.000000,ypos:0.000000,xspeed:-6.240000,yspeed:-0.110000,angle:-9.000000,distense:100.400000,rcs:19.000000
timestame:1619469579.435000000,objid:5,type:0,xpos:0.000000,ypos:0.000000,xspeed:-6.200000,yspeed:-0.280000,angle:-9.530000,distense:97.400000,rcs:16.000000
