timestame:1619469580.821000000,objid:1,type:0,xpos:0.000000,ypos:0.000000,xspeed:-5.830000,yspeed:-0.310000,angle:-8.610000,distense:102.800000,rcs:12.000000
timestame:1619469580.821000000,objid:5,type:0,xpos:0.000000,ypos:0.000000,xspeed:-5.810000,yspeed:-0.160000,angle:-10.280000,distense:89.800000,rcs:20.000000
