timestame:1619471448.882000000,objid:3,type:0,xpos:0.000000,ypos:0.000000,xspeed:-3.240000,yspeed:-0.040000,angle:-5.880000,distense:107.400000,rcs:18.000000
timestame:1619471448.882000000,objid:11,type:0,xpos:0.000000,ypos:0.000000,xspeed:-2.810000,yspeed:-0.630000,angle:-8.410000,distense:97.800000,rcs:21.000000
timestame:1619471448.882000000,objid:13,type:0,xpos:0.000000,ypos:0.000000,xspeed:-3.420000,yspeed:0.000000,angle:17.010000,distense:46.200000,rcs:9.000000
