timestame:1619470484.605000000,objid:1,type:0,xpos:0.000000,ypos:0.000000,xspeed:-3.410000,yspeed:-0.160000,angle:-8.620000,distense:82.200000,rcs:24.000000
timestame:1619470484.605000000,objid:2,type:0,xpos:0.000000,ypos:0.000000,xspeed:1.850000,yspeed:-5.500000,angle:8.460000,distense:62.400000,rcs:21.000000
timestame:1619470484.605000000,objid:5,type:0,xpos:0.000000,ypos:0.000000,xspeed:-3.910000,yspeed:-6.630000,angle:-12.830000,distense:60.200000,rcs:9.000000
