timestame:1619470484.420000000,objid:1,type:0,xpos:0.000000,ypos:0.000000,xspeed:-3.430000,yspeed:-0.170000,angle:-8.560000,distense:82.800000,rcs:24.000000
timestame:1619470484.420000000,objid:2,type:0,xpos:0.000000,ypos:0.000000,xspeed:1.810000,yspeed:-5.860000,angle:9.140000,distense:62.200000,rcs:18.000000
timestame:1619470484.420000000,objid:3,type:0,xpos:0.000000,ypos:0.000000,xspeed:1.030000,yspeed:-3.010000,angle:12.280000,distense:45.400000,rcs:9.000000
timestame:1619470484.420000000,objid:5,type:0,xpos:0.000000,ypos:0.000000,xspeed:-3.910000,yspeed:-6.630000,angle:-11.580000,distense:60.600000,rcs:9.000000
