timestame:1619469953.883000000,objid:6,type:0,xpos:0.000000,ypos:0.000000,xspeed:4.720000,yspeed:-6.050000,angle:-2.900000,distense:44.400000,rcs:12.000000
timestame:1619469953.883000000,objid:10,type:0,xpos:0.000000,ypos:0.000000,xspeed:-3.990000,yspeed:13.090000,angle:-4.910000,distense:38.600000,rcs:6.000000
timestame:1619469953.883000000,objid:14,type:0,xpos:0.000000,ypos:0.000000,xspeed:-3.640000,yspeed:9.060000,angle:-1.000000,distense:37.400000,rcs:20.000000
