timestame:1619471165.410000000,objid:0,type:0,xpos:0.000000,ypos:0.000000,xspeed:-10.300000,yspeed:1.390000,angle:-3.140000,distense:153.400000,rcs:13.000000
timestame:1619471165.410000000,objid:2,type:0,xpos:0.000000,ypos:0.000000,xspeed:-9.860000,yspeed:5.240000,angle:-3.170000,distense:156.800000,rcs:13.000000
timestame:1619471165.410000000,objid:3,type:0,xpos:0.000000,ypos:0.000000,xspeed:2.360000,yspeed:5.350000,angle:-3.620000,distense:48.000000,rcs:6.000000
