timestame:1619470791.506000000,objid:0,type:0,xpos:0.000000,ypos:0.000000,xspeed:1.440000,yspeed:0.150000,angle:1.960000,distense:19.400000,rcs:33.000000
timestame:1619470791.506000000,objid:2,type:0,xpos:0.000000,ypos:0.000000,xspeed:1.370000,yspeed:-7.720000,angle:-17.210000,distense:47.000000,rcs:19.000000
