timestame:1619470746.972000000,objid:0,type:0,xpos:0.000000,ypos:0.000000,xspeed:-2.060000,yspeed:-0.620000,angle:-9.690000,distense:81.200000,rcs:6.000000
timestame:1619470746.972000000,objid:2,type:0,xpos:0.000000,ypos:0.000000,xspeed:1.070000,yspeed:-1.200000,angle:19.320000,distense:48.000000,rcs:19.000000
