timestame:1619470737.041000000,objid:1,type:0,xpos:0.000000,ypos:0.000000,xspeed:11.960000,yspeed:-0.070000,angle:1.360000,distense:111.000000,rcs:9.000000
timestame:1619470737.041000000,objid:2,type:0,xpos:0.000000,ypos:0.000000,xspeed:-1.030000,yspeed:-0.770000,angle:-5.940000,distense:49.600000,rcs:12.000000
timestame:1619470737.041000000,objid:6,type:0,xpos:0.000000,ypos:0.000000,xspeed:12.050000,yspeed:0.070000,angle:1.550000,distense:100.400000,rcs:40.000000
