timestame:1619470831.956000000,objid:0,type:0,xpos:0.000000,ypos:0.000000,xspeed:9.450000,yspeed:-6.010000,angle:3.570000,distense:107.600000,rcs:26.000000
timestame:1619470831.956000000,objid:1,type:0,xpos:0.000000,ypos:0.000000,xspeed:9.420000,yspeed:0.080000,angle:2.980000,distense:112.800000,rcs:13.000000
timestame:1619470831.956000000,objid:3,type:0,xpos:0.000000,ypos:0.000000,xspeed:8.810000,yspeed:0.030000,angle:3.630000,distense:104.600000,rcs:25.000000
timestame:1619470831.956000000,objid:6,type:0,xpos:0.000000,ypos:0.000000,xspeed:12.220000,yspeed:0.020000,angle:1.290000,distense:145.000000,rcs:19.000000
