timestame:1619470375.082000000,objid:1,type:0,xpos:0.000000,ypos:0.000000,xspeed:-1.470000,yspeed:-3.170000,angle:-18.000000,distense:37.800000,rcs:28.000000
timestame:1619470375.082000000,objid:8,type:0,xpos:0.000000,ypos:0.000000,xspeed:1.290000,yspeed:0.110000,angle:2.420000,distense:63.400000,rcs:16.000000
timestame:1619470375.082000000,objid:18,type:0,xpos:0.000000,ypos:0.000000,xspeed:-7.670000,yspeed:-0.180000,angle:-7.450000,distense:90.800000,rcs:13.000000
