timestame:1619469633.322000000,objid:3,type:0,xpos:0.000000,ypos:0.000000,xspeed:-4.110000,yspeed:1.330000,angle:-6.340000,distense:60.800000,rcs:20.000000
timestame:1619469633.322000000,objid:4,type:0,xpos:0.000000,ypos:0.000000,xspeed:6.190000,yspeed:9.900000,angle:21.950000,distense:22.000000,rcs:13.000000
timestame:1619469633.322000000,objid:6,type:0,xpos:0.000000,ypos:0.000000,xspeed:-9.010000,yspeed:0.020000,angle:-8.230000,distense:56.600000,rcs:19.000000
