timestame:1619469785.586000000,objid:1,type:0,xpos:0.000000,ypos:0.000000,xspeed:-16.400000,yspeed:-1.210000,angle:-7.610000,distense:115.200000,rcs:9.000000
timestame:1619469785.586000000,objid:2,type:0,xpos:0.000000,ypos:0.000000,xspeed:16.920000,yspeed:0.040000,angle:0.940000,distense:188.200000,rcs:12.000000
timestame:1619469785.586000000,objid:4,type:0,xpos:0.000000,ypos:0.000000,xspeed:-17.250000,yspeed:-0.260000,angle:-8.150000,distense:106.200000,rcs:15.000000
timestame:1619469785.586000000,objid:10,type:0,xpos:0.000000,ypos:0.000000,xspeed:16.820000,yspeed:0.250000,angle:1.240000,distense:175.400000,rcs:29.000000
