timestame:1619469532.658000000,objid:1,type:0,xpos:0.000000,ypos:0.000000,xspeed:1.620000,yspeed:-5.220000,angle:-18.000000,distense:81.800000,rcs:9.000000
timestame:1619469532.658000000,objid:4,type:0,xpos:0.000000,ypos:0.000000,xspeed:16.210000,yspeed:1.440000,angle:3.250000,distense:40.600000,rcs:42.000000
timestame:1619469532.658000000,objid:7,type:0,xpos:0.000000,ypos:0.000000,xspeed:17.050000,yspeed:0.490000,angle:1.640000,distense:48.800000,rcs:27.000000
