timestame:1619470700.266000000,objid:1,type:0,xpos:0.000000,ypos:0.000000,xspeed:8.890000,yspeed:0.220000,angle:4.130000,distense:98.400000,rcs:16.000000
timestame:1619470700.266000000,objid:2,type:0,xpos:0.000000,ypos:0.000000,xspeed:-8.880000,yspeed:2.380000,angle:-9.960000,distense:103.000000,rcs:16.000000
