timestame:1619469699.883000000,objid:2,type:0,xpos:0.000000,ypos:0.000000,xspeed:-1.980000,yspeed:-2.060000,angle:-18.000000,distense:40.800000,rcs:15.000000
timestame:1619469699.883000000,objid:5,type:0,xpos:0.000000,ypos:0.000000,xspeed:-3.810000,yspeed:-2.250000,angle:-18.000000,distense:37.600000,rcs:9.000000
timestame:1619469699.883000000,objid:6,type:0,xpos:0.000000,ypos:0.000000,xspeed:4.610000,yspeed:-5.870000,angle:-11.510000,distense:78.200000,rcs:6.000000
timestame:1619469699.883000000,objid:8,type:0,xpos:0.000000,ypos:0.000000,xspeed:3.010000,yspeed:5.230000,angle:-4.250000,distense:47.200000,rcs:13.000000
