timestame:1619470119.372000000,objid:3,type:0,xpos:0.000000,ypos:0.000000,xspeed:-9.200000,yspeed:2.140000,angle:20.910000,distense:21.400000,rcs:6.000000
timestame:1619470119.372000000,objid:4,type:0,xpos:0.000000,ypos:0.000000,xspeed:-3.900000,yspeed:1.780000,angle:4.360000,distense:11.400000,rcs:6.000000
timestame:1619470119.372000000,objid:5,type:0,xpos:0.000000,ypos:0.000000,xspeed:-5.500000,yspeed:-2.430000,angle:14.490000,distense:24.600000,rcs:22.000000
timestame:1619470119.372000000,objid:8,type:0,xpos:0.000000,ypos:0.000000,xspeed:5.680000,yspeed:1.560000,angle:-14.610000,distense:15.600000,rcs:16.000000
