timestame:1619470043.225000000,objid:1,type:0,xpos:0.000000,ypos:0.000000,xspeed:13.150000,yspeed:0.080000,angle:1.110000,distense:175.800000,rcs:9.000000
timestame:1619470043.225000000,objid:3,type:0,xpos:0.000000,ypos:0.000000,xspeed:13.790000,yspeed:0.120000,angle:1.380000,distense:150.200000,rcs:15.000000
timestame:1619470043.225000000,objid:4,type:0,xpos:0.000000,ypos:0.000000,xspeed:8.240000,yspeed:0.440000,angle:4.320000,distense:66.200000,rcs:6.000000
timestame:1619470043.225000000,objid:5,type:0,xpos:0.000000,ypos:0.000000,xspeed:5.010000,yspeed:0.340000,angle:6.050000,distense:49.200000,rcs:38.000000
