timestame:1619470027.332000000,objid:1,type:0,xpos:0.000000,ypos:0.000000,xspeed:4.010000,yspeed:0.970000,angle:1.300000,distense:18.200000,rcs:22.000000
timestame:1619470027.332000000,objid:2,type:0,xpos:0.000000,ypos:0.000000,xspeed:5.890000,yspeed:0.510000,angle:2.790000,distense:33.200000,rcs:35.000000
