timestame:1619470007.624000000,objid:2,type:0,xpos:0.000000,ypos:0.000000,xspeed:-1.050000,yspeed:-2.730000,angle:-18.000000,distense:34.200000,rcs:23.000000
timestame:1619470007.624000000,objid:9,type:0,xpos:0.000000,ypos:0.000000,xspeed:-2.300000,yspeed:-2.990000,angle:-18.000000,distense:33.800000,rcs:13.000000
timestame:1619470007.624000000,objid:11,type:0,xpos:0.000000,ypos:0.000000,xspeed:-2.810000,yspeed:-2.140000,angle:-18.000000,distense:31.400000,rcs:15.000000
