timestame:1619470477.955000000,objid:0,type:0,xpos:0.000000,ypos:0.000000,xspeed:-9.170000,yspeed:-0.690000,angle:-6.130000,distense:109.400000,rcs:20.000000
timestame:1619470477.955000000,objid:2,type:0,xpos:0.000000,ypos:0.000000,xspeed:1.430000,yspeed:-0.330000,angle:12.900000,distense:75.800000,rcs:6.000000
timestame:1619470477.955000000,objid:3,type:0,xpos:0.000000,ypos:0.000000,xspeed:-1.770000,yspeed:5.720000,angle:-9.010000,distense:47.600000,rcs:9.000000
