timestame:1619470276.812000000,objid:1,type:0,xpos:0.000000,ypos:0.000000,xspeed:-10.270000,yspeed:0.140000,angle:-5.200000,distense:95.200000,rcs:6.000000
timestame:1619470276.812000000,objid:2,type:0,xpos:0.000000,ypos:0.000000,xspeed:-1.830000,yspeed:0.260000,angle:-6.810000,distense:89.600000,rcs:12.000000
timestame:1619470276.812000000,objid:11,type:0,xpos:0.000000,ypos:0.000000,xspeed:-1.820000,yspeed:-0.160000,angle:-9.470000,distense:75.200000,rcs:21.000000
timestame:1619470276.812000000,objid:22,type:0,xpos:0.000000,ypos:0.000000,xspeed:-1.500000,yspeed:-0.100000,angle:-8.130000,distense:82.800000,rcs:15.000000
