timestame:1619470795.717000000,objid:3,type:0,xpos:0.000000,ypos:0.000000,xspeed:2.590000,yspeed:1.270000,angle:11.780000,distense:46.800000,rcs:26.000000
timestame:1619470795.717000000,objid:5,type:0,xpos:0.000000,ypos:0.000000,xspeed:2.850000,yspeed:-11.270000,angle:-18.000000,distense:62.600000,rcs:15.000000
timestame:1619470795.717000000,objid:12,type:0,xpos:0.000000,ypos:0.000000,xspeed:1.790000,yspeed:-11.410000,angle:-18.000000,distense:58.800000,rcs:25.000000
