timestame:1619470715.201000000,objid:0,type:0,xpos:0.000000,ypos:0.000000,xspeed:22.140000,yspeed:0.000000,angle:-12.550000,distense:48.800000,rcs:15.000000
timestame:1619470715.201000000,objid:3,type:0,xpos:0.000000,ypos:0.000000,xspeed:3.620000,yspeed:3.490000,angle:-11.480000,distense:40.000000,rcs:18.000000
