timestame:1619470028.306000000,objid:1,type:0,xpos:0.000000,ypos:0.000000,xspeed:4.960000,yspeed:0.440000,angle:1.400000,distense:23.800000,rcs:29.000000
timestame:1619470028.306000000,objid:2,type:0,xpos:0.000000,ypos:0.000000,xspeed:6.110000,yspeed:0.250000,angle:2.340000,distense:39.400000,rcs:35.000000
