timestame:1619471098.806000000,objid:0,type:0,xpos:0.000000,ypos:0.000000,xspeed:-12.540000,yspeed:2.900000,angle:-18.000000,distense:38.000000,rcs:20.000000
timestame:1619471098.806000000,objid:2,type:0,xpos:0.000000,ypos:0.000000,xspeed:9.380000,yspeed:0.070000,angle:1.210000,distense:114.200000,rcs:30.000000
timestame:1619471098.806000000,objid:3,type:0,xpos:0.000000,ypos:0.000000,xspeed:-17.840000,yspeed:-1.180000,angle:-18.000000,distense:35.000000,rcs:25.000000
