timestame:1619471305.788000000,objid:0,type:0,xpos:0.000000,ypos:0.000000,xspeed:4.490000,yspeed:1.030000,angle:20.370000,distense:21.200000,rcs:19.000000
timestame:1619471305.788000000,objid:1,type:0,xpos:0.000000,ypos:0.000000,xspeed:-7.510000,yspeed:2.430000,angle:-18.000000,distense:36.200000,rcs:12.000000
