timestame:1619471369.935000000,objid:1,type:0,xpos:0.000000,ypos:0.000000,xspeed:8.260000,yspeed:-0.080000,angle:2.610000,distense:140.800000,rcs:9.000000
timestame:1619471369.935000000,objid:7,type:0,xpos:0.000000,ypos:0.000000,xspeed:10.950000,yspeed:0.300000,angle:1.600000,distense:185.400000,rcs:12.000000
