timestame:1619470750.201000000,objid:0,type:0,xpos:0.000000,ypos:0.000000,xspeed:-1.080000,yspeed:-3.820000,angle:-15.640000,distense:40.800000,rcs:22.000000
timestame:1619470750.201000000,objid:4,type:0,xpos:0.000000,ypos:0.000000,xspeed:-6.040000,yspeed:1.000000,angle:-18.000000,distense:28.000000,rcs:6.000000
timestame:1619470750.201000000,objid:6,type:0,xpos:0.000000,ypos:0.000000,xspeed:-1.090000,yspeed:3.760000,angle:22.380000,distense:35.000000,rcs:18.000000
timestame:1619470750.201000000,objid:10,type:0,xpos:0.000000,ypos:0.000000,xspeed:-5.980000,yspeed:-6.100000,angle:-18.000000,distense:35.200000,rcs:6.000000
