timestame:1619471088.128000000,objid:0,type:0,xpos:0.000000,ypos:0.000000,xspeed:8.810000,yspeed:0.400000,angle:1.770000,distense:72.600000,rcs:27.000000
timestame:1619471088.128000000,objid:1,type:0,xpos:0.000000,ypos:0.000000,xspeed:8.210000,yspeed:0.560000,angle:9.150000,distense:25.800000,rcs:37.000000
timestame:1619471088.128000000,objid:4,type:0,xpos:0.000000,ypos:0.000000,xspeed:-22.670000,yspeed:-0.960000,angle:-8.260000,distense:89.400000,rcs:16.000000
timestame:1619471088.128000000,objid:11,type:0,xpos:0.000000,ypos:0.000000,xspeed:3.790000,yspeed:0.000000,angle:1.970000,distense:29.800000,rcs:43.000000
