timestame:1619470057.804000000,objid:0,type:0,xpos:0.000000,ypos:0.000000,xspeed:-12.170000,yspeed:1.400000,angle:-3.790000,distense:107.600000,rcs:13.000000
timestame:1619470057.804000000,objid:5,type:0,xpos:0.000000,ypos:0.000000,xspeed:9.340000,yspeed:0.240000,angle:2.700000,distense:164.400000,rcs:26.000000
