timestame:1619470057.059000000,objid:0,type:0,xpos:0.000000,ypos:0.000000,xspeed:-15.190000,yspeed:0.680000,angle:-4.040000,distense:115.600000,rcs:13.000000
timestame:1619470057.059000000,objid:5,type:0,xpos:0.000000,ypos:0.000000,xspeed:9.270000,yspeed:0.200000,angle:2.730000,distense:157.400000,rcs:24.000000
