timestame:1619469555.323000000,objid:2,type:0,xpos:0.000000,ypos:0.000000,xspeed:-1.440000,yspeed:4.840000,angle:-18.000000,distense:40.400000,rcs:19.000000
timestame:1619469555.323000000,objid:3,type:0,xpos:0.000000,ypos:0.000000,xspeed:-1.800000,yspeed:5.780000,angle:-14.200000,distense:45.000000,rcs:12.000000
timestame:1619469555.323000000,objid:4,type:0,xpos:0.000000,ypos:0.000000,xspeed:-2.550000,yspeed:7.180000,angle:-8.350000,distense:43.200000,rcs:13.000000
timestame:1619469555.323000000,objid:6,type:0,xpos:0.000000,ypos:0.000000,xspeed:-3.720000,yspeed:-9.480000,angle:-11.600000,distense:46.800000,rcs:9.000000
