timestame:1619470497.620000000,objid:2,type:0,xpos:0.000000,ypos:0.000000,xspeed:-1.190000,yspeed:-3.200000,angle:-16.830000,distense:40.800000,rcs:27.000000
timestame:1619470497.620000000,objid:6,type:0,xpos:0.000000,ypos:0.000000,xspeed:-1.250000,yspeed:3.550000,angle:-7.280000,distense:47.200000,rcs:6.000000
timestame:1619470497.620000000,objid:7,type:0,xpos:0.000000,ypos:0.000000,xspeed:-1.890000,yspeed:-2.370000,angle:-14.720000,distense:47.400000,rcs:6.000000
