timestame:1619470083.022000000,objid:4,type:0,xpos:0.000000,ypos:0.000000,xspeed:2.230000,yspeed:-9.170000,angle:-12.390000,distense:54.600000,rcs:16.000000
timestame:1619470083.022000000,objid:5,type:0,xpos:0.000000,ypos:0.000000,xspeed:2.390000,yspeed:-8.520000,angle:-9.080000,distense:53.400000,rcs:19.000000
timestame:1619470083.022000000,objid:7,type:0,xpos:0.000000,ypos:0.000000,xspeed:1.050000,yspeed:-5.530000,angle:-11.320000,distense:46.200000,rcs:24.000000
