timestame:1619470460.034000000,objid:0,type:0,xpos:0.000000,ypos:0.000000,xspeed:-18.260000,yspeed:-4.430000,angle:-6.880000,distense:106.600000,rcs:12.000000
timestame:1619470460.034000000,objid:2,type:0,xpos:0.000000,ypos:0.000000,xspeed:5.730000,yspeed:-0.120000,angle:3.280000,distense:174.800000,rcs:20.000000
