timestame:1619469755.225000000,objid:2,type:0,xpos:0.000000,ypos:0.000000,xspeed:-7.900000,yspeed:0.140000,angle:4.010000,distense:12.400000,rcs:9.000000
timestame:1619469755.225000000,objid:3,type:0,xpos:0.000000,ypos:0.000000,xspeed:6.430000,yspeed:0.830000,angle:22.100000,distense:26.400000,rcs:35.000000
timestame:1619469755.225000000,objid:5,type:0,xpos:0.000000,ypos:0.000000,xspeed:6.260000,yspeed:0.560000,angle:18.800000,distense:28.800000,rcs:13.000000
timestame:1619469755.225000000,objid:6,type:0,xpos:0.000000,ypos:0.000000,xspeed:-3.450000,yspeed:7.860000,angle:-8.100000,distense:16.800000,rcs:13.000000
