timestame:1619470042.111000000,objid:1,type:0,xpos:0.000000,ypos:0.000000,xspeed:12.680000,yspeed:0.010000,angle:1.150000,distense:160.200000,rcs:12.000000
timestame:1619470042.111000000,objid:3,type:0,xpos:0.000000,ypos:0.000000,xspeed:13.600000,yspeed:0.070000,angle:1.450000,distense:134.200000,rcs:15.000000
timestame:1619470042.111000000,objid:4,type:0,xpos:0.000000,ypos:0.000000,xspeed:8.750000,yspeed:0.350000,angle:4.690000,distense:57.000000,rcs:12.000000
timestame:1619470042.111000000,objid:5,type:0,xpos:0.000000,ypos:0.000000,xspeed:4.470000,yspeed:-0.020000,angle:5.920000,distense:42.800000,rcs:33.000000
