timestame:1619470560.347000000,objid:0,type:0,xpos:0.000000,ypos:0.000000,xspeed:4.920000,yspeed:-0.410000,angle:2.830000,distense:192.400000,rcs:6.000000
timestame:1619470560.347000000,objid:1,type:0,xpos:0.000000,ypos:0.000000,xspeed:5.010000,yspeed:0.020000,angle:4.580000,distense:183.400000,rcs:13.000000
timestame:1619470560.347000000,objid:2,type:0,xpos:0.000000,ypos:0.000000,xspeed:1.350000,yspeed:4.610000,angle:-2.550000,distense:45.800000,rcs:9.000000
timestame:1619470560.347000000,objid:3,type:0,xpos:0.000000,ypos:0.000000,xspeed:8.090000,yspeed:0.070000,angle:1.760000,distense:64.400000,rcs:31.000000
