timestame:1619470771.995000000,objid:0,type:0,xpos:0.000000,ypos:0.000000,xspeed:-10.160000,yspeed:-0.190000,angle:-6.350000,distense:134.200000,rcs:16.000000
timestame:1619470771.995000000,objid:1,type:0,xpos:0.000000,ypos:0.000000,xspeed:13.650000,yspeed:0.090000,angle:1.570000,distense:116.600000,rcs:15.000000
timestame:1619470771.995000000,objid:3,type:0,xpos:0.000000,ypos:0.000000,xspeed:-8.130000,yspeed:0.630000,angle:-18.000000,distense:52.200000,rcs:6.000000
