timestame:1619469978.569000000,objid:0,type:0,xpos:0.000000,ypos:0.000000,xspeed:-1.100000,yspeed:-2.640000,angle:-14.050000,distense:37.600000,rcs:26.000000
timestame:1619469978.569000000,objid:18,type:0,xpos:0.000000,ypos:0.000000,xspeed:1.690000,yspeed:-4.970000,angle:-17.160000,distense:60.200000,rcs:12.000000
