timestame:1619469707.983000000,objid:3,type:0,xpos:0.000000,ypos:0.000000,xspeed:14.410000,yspeed:-1.560000,angle:10.180000,distense:71.000000,rcs:12.000000
timestame:1619469707.983000000,objid:5,type:0,xpos:0.000000,ypos:0.000000,xspeed:-1.310000,yspeed:-5.090000,angle:-18.000000,distense:37.200000,rcs:22.000000
timestame:1619469707.983000000,objid:6,type:0,xpos:0.000000,ypos:0.000000,xspeed:-3.610000,yspeed:-1.400000,angle:-18.000000,distense:31.400000,rcs:9.000000
