timestame:1619471083.045000000,objid:4,type:0,xpos:0.000000,ypos:0.000000,xspeed:3.380000,yspeed:0.110000,angle:1.190000,distense:31.200000,rcs:36.000000
timestame:1619471083.045000000,objid:10,type:0,xpos:0.000000,ypos:0.000000,xspeed:5.940000,yspeed:0.470000,angle:1.960000,distense:47.600000,rcs:6.000000
