timestame:1619470443.012000000,objid:1,type:0,xpos:0.000000,ypos:0.000000,xspeed:16.440000,yspeed:0.380000,angle:1.970000,distense:108.200000,rcs:21.000000
timestame:1619470443.012000000,objid:2,type:0,xpos:0.000000,ypos:0.000000,xspeed:3.800000,yspeed:-0.190000,angle:8.460000,distense:86.400000,rcs:19.000000
