timestame:1619470475.843000000,objid:1,type:0,xpos:0.000000,ypos:0.000000,xspeed:-11.430000,yspeed:-0.210000,angle:-5.250000,distense:126.800000,rcs:15.000000
timestame:1619470475.843000000,objid:2,type:0,xpos:0.000000,ypos:0.000000,xspeed:1.090000,yspeed:-0.140000,angle:14.020000,distense:73.000000,rcs:6.000000
