timestame:1619470974.067000000,objid:0,type:0,xpos:0.000000,ypos:0.000000,xspeed:6.310000,yspeed:0.050000,angle:3.690000,distense:107.000000,rcs:27.000000
timestame:1619470974.067000000,objid:2,type:0,xpos:0.000000,ypos:0.000000,xspeed:1.440000,yspeed:3.830000,angle:-3.190000,distense:46.400000,rcs:6.000000
timestame:1619470974.067000000,objid:3,type:0,xpos:0.000000,ypos:0.000000,xspeed:6.830000,yspeed:-0.640000,angle:2.240000,distense:116.200000,rcs:6.000000
timestame:1619470974.067000000,objid:9,type:0,xpos:0.000000,ypos:0.000000,xspeed:2.470000,yspeed:3.080000,angle:-10.830000,distense:40.000000,rcs:13.000000
