timestame:1619471233.537000000,objid:0,type:0,xpos:0.000000,ypos:0.000000,xspeed:7.640000,yspeed:0.050000,angle:1.600000,distense:121.600000,rcs:12.000000
timestame:1619471233.537000000,objid:9,type:0,xpos:0.000000,ypos:0.000000,xspeed:7.110000,yspeed:0.130000,angle:1.650000,distense:111.800000,rcs:30.000000
