timestame:1619471098.252000000,objid:2,type:0,xpos:0.000000,ypos:0.000000,xspeed:9.070000,yspeed:0.050000,angle:1.230000,distense:108.600000,rcs:27.000000
timestame:1619471098.252000000,objid:3,type:0,xpos:0.000000,ypos:0.000000,xspeed:-17.530000,yspeed:-0.980000,angle:-18.000000,distense:44.000000,rcs:32.000000
