timestame:1619471266.805000000,objid:0,type:0,xpos:0.000000,ypos:0.000000,xspeed:13.390000,yspeed:0.330000,angle:2.570000,distense:187.400000,rcs:6.000000
timestame:1619471266.805000000,objid:2,type:0,xpos:0.000000,ypos:0.000000,xspeed:13.310000,yspeed:0.090000,angle:2.310000,distense:163.200000,rcs:19.000000
timestame:1619471266.805000000,objid:6,type:0,xpos:0.000000,ypos:0.000000,xspeed:13.260000,yspeed:0.120000,angle:2.220000,distense:175.200000,rcs:9.000000
timestame:1619471266.805000000,objid:10,type:0,xpos:0.000000,ypos:0.000000,xspeed:13.320000,yspeed:0.050000,angle:2.320000,distense:150.800000,rcs:19.000000
