timestame:1619471235.406000000,objid:0,type:0,xpos:0.000000,ypos:0.000000,xspeed:7.840000,yspeed:0.000000,angle:1.340000,distense:136.600000,rcs:6.000000
timestame:1619471235.406000000,objid:9,type:0,xpos:0.000000,ypos:0.000000,xspeed:7.730000,yspeed:0.100000,angle:1.500000,distense:126.800000,rcs:21.000000
