timestame:1619471232.542000000,objid:0,type:0,xpos:0.000000,ypos:0.000000,xspeed:6.930000,yspeed:-0.110000,angle:1.570000,distense:112.800000,rcs:6.000000
timestame:1619471232.542000000,objid:9,type:0,xpos:0.000000,ypos:0.000000,xspeed:6.890000,yspeed:-0.030000,angle:1.560000,distense:104.200000,rcs:31.000000
