timestame:1619471082.860000000,objid:4,type:0,xpos:0.000000,ypos:0.000000,xspeed:3.200000,yspeed:0.080000,angle:1.100000,distense:30.200000,rcs:32.000000
timestame:1619471082.860000000,objid:10,type:0,xpos:0.000000,ypos:0.000000,xspeed:5.930000,yspeed:0.600000,angle:2.090000,distense:46.200000,rcs:6.000000
