timestame:1619471168.388000000,objid:0,type:0,xpos:0.000000,ypos:0.000000,xspeed:-9.510000,yspeed:-0.290000,angle:-5.020000,distense:124.400000,rcs:13.000000
timestame:1619471168.388000000,objid:2,type:0,xpos:0.000000,ypos:0.000000,xspeed:2.930000,yspeed:0.310000,angle:3.020000,distense:14.200000,rcs:27.000000
