timestame:1619471233.845000000,objid:0,type:0,xpos:0.000000,ypos:0.000000,xspeed:7.820000,yspeed:0.010000,angle:1.530000,distense:124.200000,rcs:6.000000
timestame:1619471233.845000000,objid:9,type:0,xpos:0.000000,ypos:0.000000,xspeed:7.270000,yspeed:0.030000,angle:1.520000,distense:114.400000,rcs:31.000000
