timestame:1619470739.655000000,objid:0,type:0,xpos:0.000000,ypos:0.000000,xspeed:-15.650000,yspeed:-0.250000,angle:-5.620000,distense:121.400000,rcs:9.000000
timestame:1619470739.655000000,objid:1,type:0,xpos:0.000000,ypos:0.000000,xspeed:11.820000,yspeed:-0.070000,angle:0.960000,distense:142.200000,rcs:6.000000
timestame:1619470739.655000000,objid:4,type:0,xpos:0.000000,ypos:0.000000,xspeed:-6.940000,yspeed:1.350000,angle:-18.000000,distense:43.600000,rcs:6.000000
timestame:1619470739.655000000,objid:6,type:0,xpos:0.000000,ypos:0.000000,xspeed:12.240000,yspeed:0.110000,angle:1.330000,distense:132.800000,rcs:28.000000
