timestame:1619470058.924000000,objid:0,type:0,xpos:0.000000,ypos:0.000000,xspeed:-12.900000,yspeed:0.450000,angle:-4.410000,distense:92.200000,rcs:19.000000
timestame:1619470058.924000000,objid:5,type:0,xpos:0.000000,ypos:0.000000,xspeed:9.410000,yspeed:0.320000,angle:2.740000,distense:175.200000,rcs:29.000000
