timestame:1619470974.687000000,objid:0,type:0,xpos:0.000000,ypos:0.000000,xspeed:6.460000,yspeed:0.100000,angle:3.620000,distense:111.400000,rcs:30.000000
timestame:1619470974.687000000,objid:3,type:0,xpos:0.000000,ypos:0.000000,xspeed:7.250000,yspeed:-0.230000,angle:2.340000,distense:121.400000,rcs:9.000000
timestame:1619470974.687000000,objid:9,type:0,xpos:0.000000,ypos:0.000000,xspeed:2.070000,yspeed:3.410000,angle:-8.280000,distense:42.000000,rcs:13.000000
