timestame:1619469631.821000000,objid:2,type:0,xpos:0.000000,ypos:0.000000,xspeed:-6.320000,yspeed:-0.460000,angle:-18.000000,distense:29.000000,rcs:6.000000
timestame:1619469631.821000000,objid:6,type:0,xpos:0.000000,ypos:0.000000,xspeed:-9.770000,yspeed:-0.200000,angle:-7.040000,distense:69.000000,rcs:15.000000
timestame:1619469631.821000000,objid:7,type:0,xpos:0.000000,ypos:0.000000,xspeed:-6.820000,yspeed:-0.510000,angle:-18.000000,distense:32.200000,rcs:12.000000
