timestame:1619470331.343000000,objid:0,type:0,xpos:0.000000,ypos:0.000000,xspeed:16.480000,yspeed:-0.380000,angle:0.260000,distense:199.800000,rcs:29.000000
timestame:1619470331.343000000,objid:2,type:0,xpos:0.000000,ypos:0.000000,xspeed:10.060000,yspeed:0.430000,angle:1.210000,distense:215.600000,rcs:13.000000
timestame:1619470331.343000000,objid:4,type:0,xpos:0.000000,ypos:0.000000,xspeed:-1.280000,yspeed:0.870000,angle:15.330000,distense:66.400000,rcs:9.000000
