timestame:1619469919.984000000,objid:1,type:0,xpos:0.000000,ypos:0.000000,xspeed:5.750000,yspeed:-0.090000,angle:1.210000,distense:129.400000,rcs:20.000000
timestame:1619469919.984000000,objid:8,type:0,xpos:0.000000,ypos:0.000000,xspeed:5.760000,yspeed:0.130000,angle:1.550000,distense:122.600000,rcs:19.000000
