timestame:1619471234.097000000,objid:0,type:0,xpos:0.000000,ypos:0.000000,xspeed:7.880000,yspeed:-0.080000,angle:1.410000,distense:126.200000,rcs:6.000000
timestame:1619471234.097000000,objid:9,type:0,xpos:0.000000,ypos:0.000000,xspeed:7.300000,yspeed:0.090000,angle:1.560000,distense:116.200000,rcs:31.000000
