timestame:1619470123.295000000,objid:4,type:0,xpos:0.000000,ypos:0.000000,xspeed:3.380000,yspeed:0.850000,angle:-16.760000,distense:24.200000,rcs:29.000000
timestame:1619470123.295000000,objid:6,type:0,xpos:0.000000,ypos:0.000000,xspeed:5.040000,yspeed:2.000000,angle:22.010000,distense:30.400000,rcs:36.000000
timestame:1619470123.295000000,objid:8,type:0,xpos:0.000000,ypos:0.000000,xspeed:3.930000,yspeed:1.660000,angle:-16.740000,distense:31.600000,rcs:6.000000
