timestame:1619469713.636000000,objid:3,type:0,xpos:0.000000,ypos:0.000000,xspeed:13.160000,yspeed:-1.290000,angle:1.280000,distense:139.000000,rcs:9.000000
timestame:1619469713.636000000,objid:6,type:0,xpos:0.000000,ypos:0.000000,xspeed:-1.570000,yspeed:6.920000,angle:8.690000,distense:36.800000,rcs:22.000000
