timestame:1619469773.710000000,objid:1,type:0,xpos:0.000000,ypos:0.000000,xspeed:3.860000,yspeed:2.060000,angle:-15.530000,distense:31.800000,rcs:12.000000
timestame:1619469773.710000000,objid:7,type:0,xpos:0.000000,ypos:0.000000,xspeed:3.230000,yspeed:3.200000,angle:-11.440000,distense:41.600000,rcs:22.000000
