timestame:1619470979.968000000,objid:0,type:0,xpos:0.000000,ypos:0.000000,xspeed:7.450000,yspeed:-0.110000,angle:2.240000,distense:150.000000,rcs:27.000000
timestame:1619470979.968000000,objid:1,type:0,xpos:0.000000,ypos:0.000000,xspeed:-13.890000,yspeed:-0.290000,angle:-4.130000,distense:144.800000,rcs:19.000000
timestame:1619470979.968000000,objid:4,type:0,xpos:0.000000,ypos:0.000000,xspeed:-19.870000,yspeed:0.950000,angle:-18.000000,distense:49.800000,rcs:27.000000
