timestame:1619470219.416000000,objid:2,type:0,xpos:0.000000,ypos:0.000000,xspeed:-2.990000,yspeed:8.720000,angle:9.170000,distense:39.800000,rcs:9.000000
timestame:1619470219.416000000,objid:6,type:0,xpos:0.000000,ypos:0.000000,xspeed:2.900000,yspeed:3.660000,angle:4.350000,distense:44.400000,rcs:13.000000
timestame:1619470219.416000000,objid:13,type:0,xpos:0.000000,ypos:0.000000,xspeed:-1.850000,yspeed:12.350000,angle:-4.100000,distense:50.000000,rcs:6.000000
timestame:1619470219.416000000,objid:14,type:0,xpos:0.000000,ypos:0.000000,xspeed:-2.370000,yspeed:7.760000,angle:10.580000,distense:40.400000,rcs:32.000000
