timestame:1619470043.723000000,objid:0,type:0,xpos:0.000000,ypos:0.000000,xspeed:7.800000,yspeed:1.550000,angle:5.720000,distense:63.800000,rcs:20.000000
timestame:1619470043.723000000,objid:1,type:0,xpos:0.000000,ypos:0.000000,xspeed:13.250000,yspeed:0.020000,angle:1.020000,distense:182.400000,rcs:6.000000
timestame:1619470043.723000000,objid:3,type:0,xpos:0.000000,ypos:0.000000,xspeed:13.980000,yspeed:0.120000,angle:1.340000,distense:157.200000,rcs:18.000000
timestame:1619470043.723000000,objid:5,type:0,xpos:0.000000,ypos:0.000000,xspeed:5.240000,yspeed:0.460000,angle:6.180000,distense:52.200000,rcs:36.000000
