timestame:1619469910.258000000,objid:1,type:0,xpos:0.000000,ypos:0.000000,xspeed:4.100000,yspeed:-0.120000,angle:1.860000,distense:76.600000,rcs:22.000000
timestame:1619469910.258000000,objid:2,type:0,xpos:0.000000,ypos:0.000000,xspeed:9.930000,yspeed:0.100000,angle:3.060000,distense:133.400000,rcs:18.000000
timestame:1619469910.258000000,objid:8,type:0,xpos:0.000000,ypos:0.000000,xspeed:4.120000,yspeed:0.130000,angle:2.370000,distense:69.800000,rcs:28.000000
timestame:1619469910.258000000,objid:10,type:0,xpos:0.000000,ypos:0.000000,xspeed:2.100000,yspeed:3.610000,angle:-3.810000,distense:44.400000,rcs:6.000000
