timestame:1619469566.592000000,objid:1,type:0,xpos:0.000000,ypos:0.000000,xspeed:39.140000,yspeed:-3.940000,angle:2.230000,distense:62.200000,rcs:9.000000
timestame:1619469566.592000000,objid:5,type:0,xpos:0.000000,ypos:0.000000,xspeed:-1.480000,yspeed:-2.780000,angle:-12.810000,distense:49.200000,rcs:15.000000
timestame:1619469566.592000000,objid:6,type:0,xpos:0.000000,ypos:0.000000,xspeed:-10.810000,yspeed:-2.640000,angle:-4.500000,distense:197.000000,rcs:15.000000
timestame:1619469566.592000000,objid:18,type:0,xpos:0.000000,ypos:0.000000,xspeed:5.920000,yspeed:-9.950000,angle:-6.950000,distense:49.600000,rcs:6.000000
