timestame:1619471146.922000000,objid:1,type:0,xpos:0.000000,ypos:0.000000,xspeed:-1.560000,yspeed:6.390000,angle:19.970000,distense:39.600000,rcs:6.000000
timestame:1619471146.922000000,objid:3,type:0,xpos:0.000000,ypos:0.000000,xspeed:-1.130000,yspeed:1.250000,angle:22.430000,distense:41.000000,rcs:18.000000
timestame:1619471146.922000000,objid:9,type:0,xpos:0.000000,ypos:0.000000,xspeed:-1.530000,yspeed:5.580000,angle:-6.720000,distense:43.000000,rcs:22.000000
