timestame:1619470983.708000000,objid:0,type:0,xpos:0.000000,ypos:0.000000,xspeed:8.370000,yspeed:0.270000,angle:2.340000,distense:181.200000,rcs:16.000000
timestame:1619470983.708000000,objid:1,type:0,xpos:0.000000,ypos:0.000000,xspeed:-15.430000,yspeed:-0.230000,angle:-7.500000,distense:87.000000,rcs:24.000000
timestame:1619470983.708000000,objid:2,type:0,xpos:0.000000,ypos:0.000000,xspeed:11.000000,yspeed:1.860000,angle:2.020000,distense:191.600000,rcs:13.000000
timestame:1619470983.708000000,objid:3,type:0,xpos:0.000000,ypos:0.000000,xspeed:3.780000,yspeed:-2.640000,angle:11.670000,distense:70.200000,rcs:12.000000
