timestame:1619469815.415000000,objid:1,type:0,xpos:0.000000,ypos:0.000000,xspeed:1.990000,yspeed:5.300000,angle:-5.570000,distense:52.600000,rcs:12.000000
timestame:1619469815.415000000,objid:4,type:0,xpos:0.000000,ypos:0.000000,xspeed:-10.310000,yspeed:-4.810000,angle:-4.150000,distense:183.800000,rcs:9.000000
