timestame:1619470042.604000000,objid:1,type:0,xpos:0.000000,ypos:0.000000,xspeed:12.930000,yspeed:0.000000,angle:1.100000,distense:166.800000,rcs:9.000000
timestame:1619470042.604000000,objid:3,type:0,xpos:0.000000,ypos:0.000000,xspeed:13.630000,yspeed:0.070000,angle:1.400000,distense:140.800000,rcs:19.000000
timestame:1619470042.604000000,objid:4,type:0,xpos:0.000000,ypos:0.000000,xspeed:8.390000,yspeed:0.330000,angle:4.410000,distense:60.800000,rcs:6.000000
timestame:1619470042.604000000,objid:5,type:0,xpos:0.000000,ypos:0.000000,xspeed:4.700000,yspeed:0.030000,angle:5.750000,distense:45.400000,rcs:36.000000
