timestame:1619470118.625000000,objid:1,type:0,xpos:0.000000,ypos:0.000000,xspeed:1.500000,yspeed:0.000000,angle:11.670000,distense:34.600000,rcs:13.000000
timestame:1619470118.625000000,objid:3,type:0,xpos:0.000000,ypos:0.000000,xspeed:-9.020000,yspeed:0.160000,angle:9.760000,distense:28.000000,rcs:18.000000
timestame:1619470118.625000000,objid:4,type:0,xpos:0.000000,ypos:0.000000,xspeed:-12.820000,yspeed:0.000000,angle:-8.370000,distense:11.800000,rcs:9.000000
timestame:1619470118.625000000,objid:10,type:0,xpos:0.000000,ypos:0.000000,xspeed:2.190000,yspeed:5.560000,angle:-1.070000,distense:50.200000,rcs:6.000000
