timestame:1619469634.005000000,objid:1,type:0,xpos:0.000000,ypos:0.000000,xspeed:3.320000,yspeed:-0.450000,angle:19.710000,distense:21.600000,rcs:30.000000
timestame:1619469634.005000000,objid:3,type:0,xpos:0.000000,ypos:0.000000,xspeed:-6.640000,yspeed:2.740000,angle:-4.890000,distense:55.200000,rcs:20.000000
timestame:1619469634.005000000,objid:4,type:0,xpos:0.000000,ypos:0.000000,xspeed:2.350000,yspeed:4.130000,angle:-14.070000,distense:24.000000,rcs:12.000000
