timestame:1619471447.325000000,objid:3,type:0,xpos:0.000000,ypos:0.000000,xspeed:-3.380000,yspeed:-0.040000,angle:-5.600000,distense:112.200000,rcs:15.000000
timestame:1619471447.325000000,objid:11,type:0,xpos:0.000000,ypos:0.000000,xspeed:-3.150000,yspeed:-0.660000,angle:-7.510000,distense:101.600000,rcs:20.000000
timestame:1619471447.325000000,objid:13,type:0,xpos:0.000000,ypos:0.000000,xspeed:-2.830000,yspeed:0.050000,angle:15.100000,distense:51.800000,rcs:15.000000
