timestame:1619471265.012000000,objid:0,type:0,xpos:0.000000,ypos:0.000000,xspeed:11.790000,yspeed:5.760000,angle:3.540000,distense:163.000000,rcs:12.000000
timestame:1619471265.012000000,objid:2,type:0,xpos:0.000000,ypos:0.000000,xspeed:13.030000,yspeed:0.100000,angle:2.640000,distense:139.000000,rcs:19.000000
timestame:1619471265.012000000,objid:6,type:0,xpos:0.000000,ypos:0.000000,xspeed:13.010000,yspeed:-0.080000,angle:2.360000,distense:151.000000,rcs:12.000000
timestame:1619471265.012000000,objid:10,type:0,xpos:0.000000,ypos:0.000000,xspeed:12.900000,yspeed:-0.100000,angle:2.630000,distense:126.400000,rcs:19.000000
