timestame:1619469484.067000000,objid:3,type:0,xpos:0.000000,ypos:0.000000,xspeed:3.050000,yspeed:0.350000,angle:12.120000,distense:17.400000,rcs:28.000000
timestame:1619469484.067000000,objid:7,type:0,xpos:0.000000,ypos:0.000000,xspeed:-2.010000,yspeed:0.020000,angle:-10.380000,distense:88.600000,rcs:16.000000
timestame:1619469484.067000000,objid:9,type:0,xpos:0.000000,ypos:0.000000,xspeed:2.430000,yspeed:0.850000,angle:-7.320000,distense:105.200000,rcs:6.000000
