timestame:1619470237.195000000,objid:3,type:0,xpos:0.000000,ypos:0.000000,xspeed:-1.630000,yspeed:-3.700000,angle:-18.000000,distense:41.000000,rcs:16.000000
timestame:1619470237.195000000,objid:11,type:0,xpos:0.000000,ypos:0.000000,xspeed:-4.930000,yspeed:0.150000,angle:-4.840000,distense:125.000000,rcs:9.000000
timestame:1619470237.195000000,objid:14,type:0,xpos:0.000000,ypos:0.000000,xspeed:2.610000,yspeed:3.960000,angle:-18.000000,distense:36.000000,rcs:21.000000
