timestame:1619471453.975000000,objid:3,type:0,xpos:0.000000,ypos:0.000000,xspeed:-1.390000,yspeed:-0.130000,angle:-6.840000,distense:99.000000,rcs:6.000000
timestame:1619471453.975000000,objid:13,type:0,xpos:0.000000,ypos:0.000000,xspeed:-3.890000,yspeed:-0.600000,angle:-14.380000,distense:26.800000,rcs:6.000000
