timestame:1619470375.833000000,objid:1,type:0,xpos:0.000000,ypos:0.000000,xspeed:-2.070000,yspeed:-3.230000,angle:-18.000000,distense:36.600000,rcs:15.000000
timestame:1619470375.833000000,objid:5,type:0,xpos:0.000000,ypos:0.000000,xspeed:-5.560000,yspeed:-5.390000,angle:-16.310000,distense:37.400000,rcs:24.000000
timestame:1619470375.833000000,objid:18,type:0,xpos:0.000000,ypos:0.000000,xspeed:-6.740000,yspeed:-0.290000,angle:-7.970000,distense:86.800000,rcs:16.000000
