timestame:1619469697.706000000,objid:1,type:0,xpos:0.000000,ypos:0.000000,xspeed:-2.640000,yspeed:10.520000,angle:-10.700000,distense:47.200000,rcs:31.000000
timestame:1619469697.706000000,objid:2,type:0,xpos:0.000000,ypos:0.000000,xspeed:-2.130000,yspeed:-3.090000,angle:-18.000000,distense:43.200000,rcs:19.000000
timestame:1619469697.706000000,objid:5,type:0,xpos:0.000000,ypos:0.000000,xspeed:-1.170000,yspeed:0.000000,angle:-13.980000,distense:45.200000,rcs:41.000000
timestame:1619469697.706000000,objid:7,type:0,xpos:0.000000,ypos:0.000000,xspeed:2.620000,yspeed:0.000000,angle:7.780000,distense:109.000000,rcs:15.000000
