timestame:1619470838.086000000,objid:2,type:0,xpos:0.000000,ypos:0.000000,xspeed:4.270000,yspeed:2.240000,angle:22.730000,distense:33.200000,rcs:27.000000
timestame:1619470838.086000000,objid:3,type:0,xpos:0.000000,ypos:0.000000,xspeed:2.340000,yspeed:1.550000,angle:-14.610000,distense:31.600000,rcs:6.000000
timestame:1619470838.086000000,objid:4,type:0,xpos:0.000000,ypos:0.000000,xspeed:1.880000,yspeed:5.340000,angle:-6.050000,distense:43.600000,rcs:12.000000
timestame:1619470838.086000000,objid:7,type:0,xpos:0.000000,ypos:0.000000,xspeed:12.850000,yspeed:0.530000,angle:2.650000,distense:177.600000,rcs:25.000000
