timestame:1619470914.543000000,objid:0,type:0,xpos:0.000000,ypos:0.000000,xspeed:4.630000,yspeed:3.390000,angle:-14.500000,distense:37.400000,rcs:24.000000
timestame:1619470914.543000000,objid:3,type:0,xpos:0.000000,ypos:0.000000,xspeed:1.490000,yspeed:0.270000,angle:-5.650000,distense:40.600000,rcs:6.000000
timestame:1619470914.543000000,objid:10,type:0,xpos:0.000000,ypos:0.000000,xspeed:5.580000,yspeed:3.340000,angle:-16.470000,distense:45.000000,rcs:6.000000
