timestame:1619471402.592000000,objid:6,type:0,xpos:0.000000,ypos:0.000000,xspeed:5.480000,yspeed:5.760000,angle:-8.890000,distense:52.200000,rcs:16.000000
timestame:1619471402.592000000,objid:9,type:0,xpos:0.000000,ypos:0.000000,xspeed:-1.460000,yspeed:0.000000,angle:-5.870000,distense:41.600000,rcs:12.000000
