timestame:1619469917.507000000,objid:1,type:0,xpos:0.000000,ypos:0.000000,xspeed:5.560000,yspeed:0.080000,angle:1.510000,distense:114.800000,rcs:19.000000
timestame:1619469917.507000000,objid:8,type:0,xpos:0.000000,ypos:0.000000,xspeed:5.690000,yspeed:0.020000,angle:1.520000,distense:108.400000,rcs:28.000000
