timestame:1619471402.346000000,objid:0,type:0,xpos:0.000000,ypos:0.000000,xspeed:-2.160000,yspeed:4.490000,angle:-14.550000,distense:43.200000,rcs:6.000000
timestame:1619471402.346000000,objid:6,type:0,xpos:0.000000,ypos:0.000000,xspeed:6.430000,yspeed:4.090000,angle:-9.780000,distense:50.400000,rcs:20.000000
timestame:1619471402.346000000,objid:8,type:0,xpos:0.000000,ypos:0.000000,xspeed:-8.610000,yspeed:0.860000,angle:-16.660000,distense:105.400000,rcs:12.000000
