timestame:1619471218.980000000,objid:6,type:0,xpos:0.000000,ypos:0.000000,xspeed:2.860000,yspeed:0.360000,angle:1.770000,distense:45.400000,rcs:9.000000
timestame:1619471218.980000000,objid:9,type:0,xpos:0.000000,ypos:0.000000,xspeed:3.100000,yspeed:0.220000,angle:2.570000,distense:26.600000,rcs:42.000000
timestame:1619471218.980000000,objid:10,type:0,xpos:0.000000,ypos:0.000000,xspeed:3.030000,yspeed:0.200000,angle:0.250000,distense:35.800000,rcs:22.000000
