timestame:1619469576.080000000,objid:2,type:0,xpos:0.000000,ypos:0.000000,xspeed:2.310000,yspeed:-10.380000,angle:-18.000000,distense:58.200000,rcs:6.000000
timestame:1619469576.080000000,objid:3,type:0,xpos:0.000000,ypos:0.000000,xspeed:-7.180000,yspeed:-0.060000,angle:-7.160000,distense:120.800000,rcs:15.000000
timestame:1619469576.080000000,objid:5,type:0,xpos:0.000000,ypos:0.000000,xspeed:-6.990000,yspeed:-0.150000,angle:-7.350000,distense:117.600000,rcs:20.000000
timestame:1619469576.080000000,objid:6,type:0,xpos:0.000000,ypos:0.000000,xspeed:-3.600000,yspeed:0.150000,angle:-6.700000,distense:134.400000,rcs:6.000000
