timestame:1619470944.570000000,objid:1,type:0,xpos:0.000000,ypos:0.000000,xspeed:-6.840000,yspeed:0.150000,angle:-18.000000,distense:39.800000,rcs:13.000000
timestame:1619470944.570000000,objid:5,type:0,xpos:0.000000,ypos:0.000000,xspeed:-6.080000,yspeed:-0.330000,angle:-18.000000,distense:46.000000,rcs:9.000000
timestame:1619470944.570000000,objid:7,type:0,xpos:0.000000,ypos:0.000000,xspeed:-5.600000,yspeed:-0.660000,angle:-18.000000,distense:43.400000,rcs:13.000000
