timestame:1619470330.850000000,objid:0,type:0,xpos:0.000000,ypos:0.000000,xspeed:16.480000,yspeed:-0.450000,angle:0.270000,distense:191.800000,rcs:32.000000
timestame:1619470330.850000000,objid:2,type:0,xpos:0.000000,ypos:0.000000,xspeed:9.990000,yspeed:0.350000,angle:1.120000,distense:210.600000,rcs:16.000000
timestame:1619470330.850000000,objid:4,type:0,xpos:0.000000,ypos:0.000000,xspeed:-1.240000,yspeed:0.760000,angle:14.750000,distense:66.800000,rcs:9.000000
