timestame:1619470702.565000000,objid:0,type:0,xpos:0.000000,ypos:0.000000,xspeed:4.330000,yspeed:2.420000,angle:21.060000,distense:30.400000,rcs:12.000000
timestame:1619470702.565000000,objid:1,type:0,xpos:0.000000,ypos:0.000000,xspeed:10.160000,yspeed:-0.070000,angle:3.070000,distense:123.200000,rcs:12.000000
timestame:1619470702.565000000,objid:2,type:0,xpos:0.000000,ypos:0.000000,xspeed:-8.750000,yspeed:-0.080000,angle:-13.590000,distense:83.200000,rcs:6.000000
