timestame:1619470565.185000000,objid:0,type:0,xpos:0.000000,ypos:0.000000,xspeed:6.340000,yspeed:1.800000,angle:20.290000,distense:26.600000,rcs:27.000000
timestame:1619470565.185000000,objid:1,type:0,xpos:0.000000,ypos:0.000000,xspeed:7.280000,yspeed:-0.670000,angle:2.770000,distense:218.400000,rcs:16.000000
timestame:1619470565.185000000,objid:3,type:0,xpos:0.000000,ypos:0.000000,xspeed:12.170000,yspeed:0.200000,angle:1.480000,distense:121.800000,rcs:26.000000
