timestame:1619469565.354000000,objid:5,type:0,xpos:0.000000,ypos:0.000000,xspeed:-2.830000,yspeed:-2.710000,angle:-9.610000,distense:49.600000,rcs:6.000000
timestame:1619469565.354000000,objid:6,type:0,xpos:0.000000,ypos:0.000000,xspeed:-11.080000,yspeed:0.000000,angle:-3.480000,distense:209.600000,rcs:12.000000
timestame:1619469565.354000000,objid:8,type:0,xpos:0.000000,ypos:0.000000,xspeed:-7.100000,yspeed:0.280000,angle:20.310000,distense:41.400000,rcs:22.000000
