timestame:1619470044.585000000,objid:0,type:0,xpos:0.000000,ypos:0.000000,xspeed:5.400000,yspeed:-0.510000,angle:4.910000,distense:67.400000,rcs:15.000000
timestame:1619470044.585000000,objid:3,type:0,xpos:0.000000,ypos:0.000000,xspeed:14.200000,yspeed:0.210000,angle:1.370000,distense:169.400000,rcs:22.000000
timestame:1619470044.585000000,objid:5,type:0,xpos:0.000000,ypos:0.000000,xspeed:5.760000,yspeed:0.520000,angle:6.140000,distense:57.800000,rcs:33.000000
