timestame:1619471067.895000000,objid:0,type:0,xpos:0.000000,ypos:0.000000,xspeed:-5.650000,yspeed:-0.340000,angle:-7.170000,distense:95.600000,rcs:15.000000
timestame:1619471067.895000000,objid:3,type:0,xpos:0.000000,ypos:0.000000,xspeed:-6.890000,yspeed:-0.200000,angle:-4.750000,distense:139.200000,rcs:12.000000
timestame:1619471067.895000000,objid:5,type:0,xpos:0.000000,ypos:0.000000,xspeed:-11.310000,yspeed:-0.800000,angle:-6.690000,distense:132.600000,rcs:12.000000
timestame:1619471067.895000000,objid:9,type:0,xpos:0.000000,ypos:0.000000,xspeed:-2.400000,yspeed:-0.150000,angle:-11.950000,distense:65.200000,rcs:12.000000
