timestame:1619470639.214000000,objid:2,type:0,xpos:0.000000,ypos:0.000000,xspeed:-8.840000,yspeed:3.270000,angle:-3.950000,distense:192.800000,rcs:9.000000
timestame:1619470639.214000000,objid:5,type:0,xpos:0.000000,ypos:0.000000,xspeed:2.590000,yspeed:2.500000,angle:-5.490000,distense:34.800000,rcs:6.000000
timestame:1619470639.214000000,objid:7,type:0,xpos:0.000000,ypos:0.000000,xspeed:1.650000,yspeed:-10.860000,angle:-18.000000,distense:60.800000,rcs:9.000000
