timestame:1619470505.446000000,objid:1,type:0,xpos:0.000000,ypos:0.000000,xspeed:2.070000,yspeed:0.130000,angle:-6.790000,distense:42.600000,rcs:9.000000
timestame:1619470505.446000000,objid:3,type:0,xpos:0.000000,ypos:0.000000,xspeed:-1.640000,yspeed:-1.680000,angle:-18.000000,distense:35.800000,rcs:24.000000
timestame:1619470505.446000000,objid:4,type:0,xpos:0.000000,ypos:0.000000,xspeed:-2.810000,yspeed:7.710000,angle:-5.270000,distense:43.400000,rcs:22.000000
timestame:1619470505.446000000,objid:8,type:0,xpos:0.000000,ypos:0.000000,xspeed:-4.270000,yspeed:-1.400000,angle:-18.000000,distense:33.800000,rcs:21.000000
