timestame:1619470060.866000000,objid:0,type:0,xpos:0.000000,ypos:0.000000,xspeed:-11.250000,yspeed:-0.060000,angle:-6.160000,distense:71.800000,rcs:20.000000
timestame:1619470060.866000000,objid:1,type:0,xpos:0.000000,ypos:0.000000,xspeed:-20.630000,yspeed:1.700000,angle:-4.300000,distense:155.400000,rcs:9.000000
timestame:1619470060.866000000,objid:2,type:0,xpos:0.000000,ypos:0.000000,xspeed:-7.190000,yspeed:-2.400000,angle:-5.590000,distense:79.200000,rcs:20.000000
timestame:1619470060.866000000,objid:5,type:0,xpos:0.000000,ypos:0.000000,xspeed:9.750000,yspeed:0.540000,angle:2.910000,distense:194.200000,rcs:24.000000
