timestame:1619470437.545000000,objid:1,type:0,xpos:0.000000,ypos:0.000000,xspeed:12.160000,yspeed:0.370000,angle:2.150000,distense:21.800000,rcs:24.000000
timestame:1619470437.545000000,objid:2,type:0,xpos:0.000000,ypos:0.000000,xspeed:3.810000,yspeed:0.010000,angle:11.550000,distense:66.000000,rcs:18.000000
