timestame:1619469829.059000000,objid:7,type:0,xpos:0.000000,ypos:0.000000,xspeed:-3.400000,yspeed:-1.100000,angle:-18.000000,distense:29.400000,rcs:19.000000
timestame:1619469829.059000000,objid:11,type:0,xpos:0.000000,ypos:0.000000,xspeed:-2.820000,yspeed:-0.250000,angle:-7.510000,distense:117.800000,rcs:18.000000
timestame:1619469829.059000000,objid:13,type:0,xpos:0.000000,ypos:0.000000,xspeed:3.810000,yspeed:-0.770000,angle:-5.260000,distense:126.600000,rcs:6.000000
timestame:1619469829.059000000,objid:14,type:0,xpos:0.000000,ypos:0.000000,xspeed:-2.690000,yspeed:-1.540000,angle:-18.000000,distense:32.600000,rcs:20.000000
