timestame:1619470988.984000000,objid:3,type:0,xpos:0.000000,ypos:0.000000,xspeed:5.160000,yspeed:0.020000,angle:8.030000,distense:96.400000,rcs:9.000000
timestame:1619470988.984000000,objid:4,type:0,xpos:0.000000,ypos:0.000000,xspeed:-13.510000,yspeed:-0.490000,angle:-10.990000,distense:69.400000,rcs:9.000000
timestame:1619470988.984000000,objid:7,type:0,xpos:0.000000,ypos:0.000000,xspeed:-15.460000,yspeed:-1.910000,angle:-18.000000,distense:20.200000,rcs:9.000000
