timestame:1619470666.843000000,objid:1,type:0,xpos:0.000000,ypos:0.000000,xspeed:1.000000,yspeed:1.270000,angle:-6.830000,distense:110.600000,rcs:12.000000
timestame:1619470666.843000000,objid:3,type:0,xpos:0.000000,ypos:0.000000,xspeed:-1.180000,yspeed:-0.130000,angle:-8.370000,distense:102.600000,rcs:13.000000
