timestame:1619469564.480000000,objid:1,type:0,xpos:0.000000,ypos:0.000000,xspeed:5.430000,yspeed:-5.440000,angle:15.990000,distense:54.800000,rcs:13.000000
timestame:1619469564.480000000,objid:8,type:0,xpos:0.000000,ypos:0.000000,xspeed:-6.310000,yspeed:3.620000,angle:18.060000,distense:47.400000,rcs:20.000000
