timestame:1619470692.352000000,objid:1,type:0,xpos:0.000000,ypos:0.000000,xspeed:3.780000,yspeed:0.010000,angle:6.660000,distense:37.600000,rcs:27.000000
timestame:1619470692.352000000,objid:2,type:0,xpos:0.000000,ypos:0.000000,xspeed:-2.700000,yspeed:-0.110000,angle:-18.000000,distense:36.200000,rcs:6.000000
timestame:1619470692.352000000,objid:3,type:0,xpos:0.000000,ypos:0.000000,xspeed:-8.860000,yspeed:-0.790000,angle:-18.000000,distense:26.600000,rcs:6.000000
timestame:1619470692.352000000,objid:4,type:0,xpos:0.000000,ypos:0.000000,xspeed:1.210000,yspeed:-4.190000,angle:-18.000000,distense:35.000000,rcs:6.000000
