timestame:1619470739.341000000,objid:0,type:0,xpos:0.000000,ypos:0.000000,xspeed:-16.000000,yspeed:-0.330000,angle:-5.400000,distense:126.600000,rcs:6.000000
timestame:1619470739.341000000,objid:1,type:0,xpos:0.000000,ypos:0.000000,xspeed:11.910000,yspeed:-0.110000,angle:0.960000,distense:138.200000,rcs:6.000000
timestame:1619470739.341000000,objid:6,type:0,xpos:0.000000,ypos:0.000000,xspeed:12.230000,yspeed:0.100000,angle:1.350000,distense:128.400000,rcs:31.000000
