timestame:1619470006.622000000,objid:8,type:0,xpos:0.000000,ypos:0.000000,xspeed:-3.690000,yspeed:-2.030000,angle:-18.000000,distense:31.800000,rcs:12.000000
timestame:1619470006.622000000,objid:9,type:0,xpos:0.000000,ypos:0.000000,xspeed:-2.040000,yspeed:-3.090000,angle:-18.000000,distense:34.800000,rcs:26.000000
timestame:1619470006.622000000,objid:11,type:0,xpos:0.000000,ypos:0.000000,xspeed:-2.940000,yspeed:-2.680000,angle:-18.000000,distense:32.600000,rcs:12.000000
timestame:1619470006.622000000,objid:19,type:0,xpos:0.000000,ypos:0.000000,xspeed:1.120000,yspeed:-0.100000,angle:8.830000,distense:19.400000,rcs:20.000000
