timestame:1619470988.860000000,objid:2,type:0,xpos:0.000000,ypos:0.000000,xspeed:-13.760000,yspeed:-0.990000,angle:-18.000000,distense:20.800000,rcs:9.000000
timestame:1619470988.860000000,objid:3,type:0,xpos:0.000000,ypos:0.000000,xspeed:5.170000,yspeed:0.060000,angle:8.130000,distense:95.800000,rcs:6.000000
timestame:1619470988.860000000,objid:4,type:0,xpos:0.000000,ypos:0.000000,xspeed:-13.470000,yspeed:-0.480000,angle:-10.670000,distense:71.000000,rcs:21.000000
timestame:1619470988.860000000,objid:7,type:0,xpos:0.000000,ypos:0.000000,xspeed:-15.460000,yspeed:-1.910000,angle:-18.000000,distense:21.000000,rcs:9.000000
