timestame:1619470932.811000000,objid:0,type:0,xpos:0.000000,ypos:0.000000,xspeed:-1.090000,yspeed:-1.080000,angle:-4.440000,distense:14.200000,rcs:23.000000
timestame:1619470932.811000000,objid:7,type:0,xpos:0.000000,ypos:0.000000,xspeed:-2.760000,yspeed:-0.160000,angle:-11.170000,distense:82.600000,rcs:16.000000
