timestame:1619469872.659000000,objid:0,type:0,xpos:0.000000,ypos:0.000000,xspeed:-2.780000,yspeed:-0.460000,angle:-18.000000,distense:28.200000,rcs:9.000000
timestame:1619469872.659000000,objid:8,type:0,xpos:0.000000,ypos:0.000000,xspeed:-2.920000,yspeed:-0.350000,angle:-18.000000,distense:26.200000,rcs:6.000000
timestame:1619469872.659000000,objid:13,type:0,xpos:0.000000,ypos:0.000000,xspeed:-1.880000,yspeed:-0.500000,angle:-18.000000,distense:31.200000,rcs:6.000000
