timestame:1619471260.122000000,objid:2,type:0,xpos:0.000000,ypos:0.000000,xspeed:12.330000,yspeed:0.390000,angle:4.680000,distense:76.000000,rcs:33.000000
timestame:1619471260.122000000,objid:3,type:0,xpos:0.000000,ypos:0.000000,xspeed:-14.780000,yspeed:-0.640000,angle:-18.000000,distense:31.000000,rcs:15.000000
timestame:1619471260.122000000,objid:6,type:0,xpos:0.000000,ypos:0.000000,xspeed:12.390000,yspeed:0.050000,angle:4.550000,distense:88.200000,rcs:21.000000
timestame:1619471260.122000000,objid:10,type:0,xpos:0.000000,ypos:0.000000,xspeed:12.350000,yspeed:0.610000,angle:5.440000,distense:64.200000,rcs:30.000000
