timestame:1619469784.038000000,objid:2,type:0,xpos:0.000000,ypos:0.000000,xspeed:16.940000,yspeed:-0.020000,angle:1.070000,distense:161.800000,rcs:16.000000
timestame:1619469784.038000000,objid:4,type:0,xpos:0.000000,ypos:0.000000,xspeed:-17.560000,yspeed:-0.400000,angle:-6.450000,distense:132.600000,rcs:6.000000
timestame:1619469784.038000000,objid:5,type:0,xpos:0.000000,ypos:0.000000,xspeed:1.600000,yspeed:3.520000,angle:-2.450000,distense:46.600000,rcs:6.000000
timestame:1619469784.038000000,objid:10,type:0,xpos:0.000000,ypos:0.000000,xspeed:16.690000,yspeed:0.250000,angle:1.300000,distense:149.000000,rcs:22.000000
