timestame:1619470150.542000000,objid:1,type:0,xpos:0.000000,ypos:0.000000,xspeed:2.410000,yspeed:1.450000,angle:-16.260000,distense:34.400000,rcs:20.000000
timestame:1619470150.542000000,objid:3,type:0,xpos:0.000000,ypos:0.000000,xspeed:-3.450000,yspeed:-0.230000,angle:-12.600000,distense:62.800000,rcs:26.000000
timestame:1619470150.542000000,objid:5,type:0,xpos:0.000000,ypos:0.000000,xspeed:-9.080000,yspeed:-3.470000,angle:15.680000,distense:20.600000,rcs:9.000000
timestame:1619470150.542000000,objid:13,type:0,xpos:0.000000,ypos:0.000000,xspeed:-14.580000,yspeed:-1.690000,angle:-4.140000,distense:177.600000,rcs:12.000000
