timestame:1619470292.605000000,objid:1,type:0,xpos:0.000000,ypos:0.000000,xspeed:1.150000,yspeed:-1.340000,angle:4.520000,distense:12.400000,rcs:13.000000
timestame:1619470292.605000000,objid:2,type:0,xpos:0.000000,ypos:0.000000,xspeed:-12.350000,yspeed:-0.590000,angle:-18.000000,distense:40.000000,rcs:29.000000
