timestame:1619471551.802000000,objid:7,type:0,xpos:0.000000,ypos:0.000000,xspeed:-2.040000,yspeed:-3.640000,angle:-12.960000,distense:63.000000,rcs:9.000000
timestame:1619471551.802000000,objid:13,type:0,xpos:0.000000,ypos:0.000000,xspeed:3.750000,yspeed:0.840000,angle:21.120000,distense:26.000000,rcs:26.000000
timestame:1619471551.802000000,objid:14,type:0,xpos:0.000000,ypos:0.000000,xspeed:2.290000,yspeed:-6.520000,angle:-9.070000,distense:59.200000,rcs:9.000000
timestame:1619471551.802000000,objid:15,type:0,xpos:0.000000,ypos:0.000000,xspeed:-1.610000,yspeed:-2.760000,angle:-18.000000,distense:35.200000,rcs:28.000000
