timestame:1619470111.625000000,objid:2,type:0,xpos:0.000000,ypos:0.000000,xspeed:6.830000,yspeed:0.840000,angle:17.910000,distense:26.800000,rcs:23.000000
timestame:1619470111.625000000,objid:5,type:0,xpos:0.000000,ypos:0.000000,xspeed:3.310000,yspeed:3.680000,angle:-8.130000,distense:44.600000,rcs:6.000000
timestame:1619470111.625000000,objid:6,type:0,xpos:0.000000,ypos:0.000000,xspeed:-7.150000,yspeed:-0.950000,angle:20.170000,distense:18.400000,rcs:6.000000
timestame:1619470111.625000000,objid:7,type:0,xpos:0.000000,ypos:0.000000,xspeed:6.520000,yspeed:0.790000,angle:-17.100000,distense:25.000000,rcs:35.000000
