timestame:1619470442.704000000,objid:1,type:0,xpos:0.000000,ypos:0.000000,xspeed:16.210000,yspeed:0.450000,angle:2.080000,distense:103.000000,rcs:21.000000
timestame:1619470442.704000000,objid:2,type:0,xpos:0.000000,ypos:0.000000,xspeed:3.860000,yspeed:-0.160000,angle:8.630000,distense:85.400000,rcs:16.000000
