timestame:1619471068.518000000,objid:0,type:0,xpos:0.000000,ypos:0.000000,xspeed:-5.690000,yspeed:-0.260000,angle:-7.450000,distense:92.200000,rcs:9.000000
timestame:1619471068.518000000,objid:3,type:0,xpos:0.000000,ypos:0.000000,xspeed:-6.820000,yspeed:-0.240000,angle:-4.990000,distense:135.400000,rcs:9.000000
timestame:1619471068.518000000,objid:5,type:0,xpos:0.000000,ypos:0.000000,xspeed:-11.140000,yspeed:-0.480000,angle:-6.900000,distense:126.200000,rcs:16.000000
timestame:1619471068.518000000,objid:9,type:0,xpos:0.000000,ypos:0.000000,xspeed:-2.800000,yspeed:-0.230000,angle:-12.650000,distense:63.000000,rcs:12.000000
