timestame:1619470946.056000000,objid:1,type:0,xpos:0.000000,ypos:0.000000,xspeed:-7.620000,yspeed:-0.240000,angle:-18.000000,distense:28.800000,rcs:9.000000
timestame:1619470946.056000000,objid:5,type:0,xpos:0.000000,ypos:0.000000,xspeed:-6.570000,yspeed:-0.510000,angle:-18.000000,distense:37.000000,rcs:6.000000
timestame:1619470946.056000000,objid:7,type:0,xpos:0.000000,ypos:0.000000,xspeed:-6.260000,yspeed:-0.290000,angle:-18.000000,distense:34.800000,rcs:6.000000
