timestame:1619469554.205000000,objid:2,type:0,xpos:0.000000,ypos:0.000000,xspeed:-1.840000,yspeed:3.340000,angle:-18.000000,distense:44.200000,rcs:24.000000
timestame:1619469554.205000000,objid:3,type:0,xpos:0.000000,ypos:0.000000,xspeed:-1.640000,yspeed:3.740000,angle:-18.000000,distense:49.200000,rcs:19.000000
