timestame:1619469555.200000000,objid:2,type:0,xpos:0.000000,ypos:0.000000,xspeed:-1.450000,yspeed:4.710000,angle:-18.000000,distense:40.800000,rcs:22.000000
timestame:1619469555.200000000,objid:3,type:0,xpos:0.000000,ypos:0.000000,xspeed:-1.620000,yspeed:5.750000,angle:-14.940000,distense:45.600000,rcs:19.000000
timestame:1619469555.200000000,objid:4,type:0,xpos:0.000000,ypos:0.000000,xspeed:-2.350000,yspeed:7.390000,angle:-9.210000,distense:43.800000,rcs:19.000000
