timestame:1619470171.944000000,objid:0,type:0,xpos:0.000000,ypos:0.000000,xspeed:9.060000,yspeed:0.250000,angle:2.160000,distense:79.400000,rcs:25.000000
timestame:1619470171.944000000,objid:1,type:0,xpos:0.000000,ypos:0.000000,xspeed:9.960000,yspeed:0.440000,angle:2.600000,distense:49.800000,rcs:34.000000
timestame:1619470171.944000000,objid:3,type:0,xpos:0.000000,ypos:0.000000,xspeed:11.150000,yspeed:-0.010000,angle:3.480000,distense:119.400000,rcs:12.000000
timestame:1619470171.944000000,objid:4,type:0,xpos:0.000000,ypos:0.000000,xspeed:4.750000,yspeed:1.490000,angle:20.210000,distense:30.800000,rcs:21.000000
