timestame:1619469577.695000000,objid:1,type:0,xpos:0.000000,ypos:0.000000,xspeed:-6.640000,yspeed:-3.060000,angle:-7.370000,distense:120.800000,rcs:6.000000
timestame:1619469577.695000000,objid:3,type:0,xpos:0.000000,ypos:0.000000,xspeed:-6.520000,yspeed:-0.280000,angle:-8.170000,distense:110.800000,rcs:13.000000
timestame:1619469577.695000000,objid:5,type:0,xpos:0.000000,ypos:0.000000,xspeed:-6.610000,yspeed:-0.230000,angle:-8.310000,distense:107.600000,rcs:18.000000
