timestame:1619470049.360000000,objid:0,type:0,xpos:0.000000,ypos:0.000000,xspeed:6.810000,yspeed:0.060000,angle:3.840000,distense:100.600000,rcs:12.000000
timestame:1619470049.360000000,objid:5,type:0,xpos:0.000000,ypos:0.000000,xspeed:6.820000,yspeed:0.140000,angle:4.250000,distense:91.000000,rcs:29.000000
