timestame:1619471082.367000000,objid:1,type:0,xpos:0.000000,ypos:0.000000,xspeed:-7.560000,yspeed:-0.590000,angle:-18.000000,distense:25.400000,rcs:6.000000
timestame:1619471082.367000000,objid:4,type:0,xpos:0.000000,ypos:0.000000,xspeed:2.860000,yspeed:-0.040000,angle:0.820000,distense:28.000000,rcs:32.000000
timestame:1619471082.367000000,objid:6,type:0,xpos:0.000000,ypos:0.000000,xspeed:-6.970000,yspeed:-0.310000,angle:-18.000000,distense:23.800000,rcs:6.000000
timestame:1619471082.367000000,objid:10,type:0,xpos:0.000000,ypos:0.000000,xspeed:5.900000,yspeed:0.430000,angle:1.590000,distense:43.400000,rcs:6.000000
