timestame:1619471499.906000000,objid:0,type:0,xpos:0.000000,ypos:0.000000,xspeed:7.920000,yspeed:0.150000,angle:1.810000,distense:97.000000,rcs:28.000000
timestame:1619471499.906000000,objid:3,type:0,xpos:0.000000,ypos:0.000000,xspeed:7.950000,yspeed:0.010000,angle:3.180000,distense:126.600000,rcs:9.000000
timestame:1619471499.906000000,objid:10,type:0,xpos:0.000000,ypos:0.000000,xspeed:7.320000,yspeed:0.260000,angle:5.220000,distense:85.400000,rcs:24.000000
