timestame:1619470964.122000000,objid:0,type:0,xpos:0.000000,ypos:0.000000,xspeed:3.880000,yspeed:0.140000,angle:6.380000,distense:52.600000,rcs:31.000000
timestame:1619470964.122000000,objid:6,type:0,xpos:0.000000,ypos:0.000000,xspeed:10.370000,yspeed:0.520000,angle:2.040000,distense:104.400000,rcs:31.000000
timestame:1619470964.122000000,objid:12,type:0,xpos:0.000000,ypos:0.000000,xspeed:2.970000,yspeed:0.020000,angle:5.050000,distense:61.000000,rcs:23.000000
