timestame:1619470389.410000000,objid:8,type:0,xpos:0.000000,ypos:0.000000,xspeed:-6.390000,yspeed:-2.550000,angle:-18.000000,distense:31.800000,rcs:6.000000
timestame:1619470389.410000000,objid:11,type:0,xpos:0.000000,ypos:0.000000,xspeed:-2.080000,yspeed:-2.960000,angle:-18.000000,distense:33.200000,rcs:9.000000
timestame:1619470389.410000000,objid:13,type:0,xpos:0.000000,ypos:0.000000,xspeed:1.140000,yspeed:4.910000,angle:-13.350000,distense:50.400000,rcs:6.000000
timestame:1619470389.410000000,objid:17,type:0,xpos:0.000000,ypos:0.000000,xspeed:-15.310000,yspeed:-0.940000,angle:-6.670000,distense:139.200000,rcs:20.000000
