timestame:1619471220.593000000,objid:0,type:0,xpos:0.000000,ypos:0.000000,xspeed:2.160000,yspeed:2.540000,angle:2.030000,distense:54.200000,rcs:9.000000
timestame:1619471220.593000000,objid:6,type:0,xpos:0.000000,ypos:0.000000,xspeed:3.650000,yspeed:0.320000,angle:2.510000,distense:52.400000,rcs:16.000000
timestame:1619471220.593000000,objid:9,type:0,xpos:0.000000,ypos:0.000000,xspeed:3.720000,yspeed:0.090000,angle:2.390000,distense:33.600000,rcs:38.000000
timestame:1619471220.593000000,objid:10,type:0,xpos:0.000000,ypos:0.000000,xspeed:3.620000,yspeed:0.610000,angle:1.840000,distense:42.600000,rcs:18.000000
