timestame:1619469920.917000000,objid:1,type:0,xpos:0.000000,ypos:0.000000,xspeed:5.810000,yspeed:0.020000,angle:1.240000,distense:135.000000,rcs:12.000000
timestame:1619469920.917000000,objid:8,type:0,xpos:0.000000,ypos:0.000000,xspeed:5.750000,yspeed:0.100000,angle:1.500000,distense:128.200000,rcs:20.000000
