timestame:1619471039.378000000,objid:1,type:0,xpos:0.000000,ypos:0.000000,xspeed:-1.430000,yspeed:-3.410000,angle:5.820000,distense:42.600000,rcs:29.000000
timestame:1619471039.378000000,objid:2,type:0,xpos:0.000000,ypos:0.000000,xspeed:-2.290000,yspeed:-1.820000,angle:-18.000000,distense:38.000000,rcs:23.000000
timestame:1619471039.378000000,objid:6,type:0,xpos:0.000000,ypos:0.000000,xspeed:-1.460000,yspeed:0.000000,angle:-12.680000,distense:41.000000,rcs:33.000000
