timestame:1619471292.184000000,objid:2,type:0,xpos:0.000000,ypos:0.000000,xspeed:6.300000,yspeed:1.750000,angle:19.030000,distense:35.000000,rcs:32.000000
timestame:1619471292.184000000,objid:5,type:0,xpos:0.000000,ypos:0.000000,xspeed:4.020000,yspeed:1.140000,angle:22.810000,distense:26.600000,rcs:6.000000
timestame:1619471292.184000000,objid:9,type:0,xpos:0.000000,ypos:0.000000,xspeed:-3.930000,yspeed:-0.760000,angle:-18.000000,distense:24.000000,rcs:6.000000
timestame:1619471292.184000000,objid:11,type:0,xpos:0.000000,ypos:0.000000,xspeed:-3.140000,yspeed:-0.770000,angle:-18.000000,distense:23.600000,rcs:6.000000
