timestame:1619470485.665000000,objid:1,type:0,xpos:0.000000,ypos:0.000000,xspeed:-2.970000,yspeed:-0.240000,angle:-9.110000,distense:79.600000,rcs:16.000000
timestame:1619470485.665000000,objid:2,type:0,xpos:0.000000,ypos:0.000000,xspeed:2.050000,yspeed:-6.820000,angle:0.830000,distense:64.200000,rcs:19.000000
timestame:1619470485.665000000,objid:4,type:0,xpos:0.000000,ypos:0.000000,xspeed:-1.220000,yspeed:-5.040000,angle:-14.130000,distense:39.800000,rcs:25.000000
