timestame:1619470216.985000000,objid:6,type:0,xpos:0.000000,ypos:0.000000,xspeed:-1.940000,yspeed:0.110000,angle:-18.000000,distense:48.400000,rcs:13.000000
timestame:1619470216.985000000,objid:13,type:0,xpos:0.000000,ypos:0.000000,xspeed:-5.460000,yspeed:-6.970000,angle:-18.000000,distense:49.600000,rcs:12.000000
timestame:1619470216.985000000,objid:14,type:0,xpos:0.000000,ypos:0.000000,xspeed:-4.310000,yspeed:3.620000,angle:-14.770000,distense:46.600000,rcs:18.000000
