timestame:1619470645.344000000,objid:2,type:0,xpos:0.000000,ypos:0.000000,xspeed:-6.260000,yspeed:-0.150000,angle:-5.510000,distense:154.400000,rcs:16.000000
timestame:1619470645.344000000,objid:8,type:0,xpos:0.000000,ypos:0.000000,xspeed:-2.010000,yspeed:-3.700000,angle:7.520000,distense:84.200000,rcs:15.000000
timestame:1619470645.344000000,objid:9,type:0,xpos:0.000000,ypos:0.000000,xspeed:-1.510000,yspeed:10.770000,angle:-9.120000,distense:44.000000,rcs:6.000000
