timestame:1619470363.472000000,objid:1,type:0,xpos:0.000000,ypos:0.000000,xspeed:1.160000,yspeed:0.000000,angle:19.880000,distense:40.400000,rcs:12.000000
timestame:1619470363.472000000,objid:2,type:0,xpos:0.000000,ypos:0.000000,xspeed:-2.980000,yspeed:2.740000,angle:17.300000,distense:46.600000,rcs:9.000000
timestame:1619470363.472000000,objid:5,type:0,xpos:0.000000,ypos:0.000000,xspeed:-5.790000,yspeed:10.510000,angle:-16.280000,distense:43.400000,rcs:19.000000
timestame:1619470363.472000000,objid:11,type:0,xpos:0.000000,ypos:0.000000,xspeed:-1.880000,yspeed:5.900000,angle:19.110000,distense:39.800000,rcs:9.000000
