timestame:1619470964.742000000,objid:0,type:0,xpos:0.000000,ypos:0.000000,xspeed:3.990000,yspeed:0.160000,angle:6.200000,distense:55.200000,rcs:40.000000
timestame:1619470964.742000000,objid:1,type:0,xpos:0.000000,ypos:0.000000,xspeed:12.530000,yspeed:2.300000,angle:1.370000,distense:132.600000,rcs:13.000000
timestame:1619470964.742000000,objid:6,type:0,xpos:0.000000,ypos:0.000000,xspeed:10.620000,yspeed:0.470000,angle:2.000000,distense:111.200000,rcs:29.000000
timestame:1619470964.742000000,objid:12,type:0,xpos:0.000000,ypos:0.000000,xspeed:2.990000,yspeed:-0.070000,angle:4.760000,distense:62.800000,rcs:26.000000
