timestame:1619470644.287000000,objid:2,type:0,xpos:0.000000,ypos:0.000000,xspeed:-6.410000,yspeed:-0.080000,angle:-5.170000,distense:160.800000,rcs:15.000000
timestame:1619470644.287000000,objid:5,type:0,xpos:0.000000,ypos:0.000000,xspeed:7.110000,yspeed:0.650000,angle:20.070000,distense:51.200000,rcs:6.000000
timestame:1619470644.287000000,objid:7,type:0,xpos:0.000000,ypos:0.000000,xspeed:-1.060000,yspeed:5.720000,angle:17.030000,distense:41.000000,rcs:19.000000
timestame:1619470644.287000000,objid:8,type:0,xpos:0.000000,ypos:0.000000,xspeed:-2.090000,yspeed:-4.830000,angle:9.460000,distense:86.800000,rcs:15.000000
