timestame:1619469714.129000000,objid:3,type:0,xpos:0.000000,ypos:0.000000,xspeed:13.560000,yspeed:-1.080000,angle:1.160000,distense:147.000000,rcs:18.000000
timestame:1619469714.129000000,objid:6,type:0,xpos:0.000000,ypos:0.000000,xspeed:-1.590000,yspeed:7.050000,angle:15.040000,distense:36.800000,rcs:13.000000
