timestame:1619470444.624000000,objid:1,type:0,xpos:0.000000,ypos:0.000000,xspeed:17.350000,yspeed:0.210000,angle:1.560000,distense:137.400000,rcs:13.000000
timestame:1619470444.624000000,objid:2,type:0,xpos:0.000000,ypos:0.000000,xspeed:4.230000,yspeed:-0.010000,angle:7.930000,distense:93.800000,rcs:15.000000
