timestame:1619470077.983000000,objid:0,type:0,xpos:0.000000,ypos:0.000000,xspeed:2.910000,yspeed:0.000000,angle:-1.480000,distense:52.000000,rcs:9.000000
timestame:1619470077.983000000,objid:1,type:0,xpos:0.000000,ypos:0.000000,xspeed:-3.900000,yspeed:4.180000,angle:-0.400000,distense:44.200000,rcs:9.000000
