timestame:1619469916.204000000,objid:1,type:0,xpos:0.000000,ypos:0.000000,xspeed:5.470000,yspeed:0.070000,angle:1.570000,distense:107.400000,rcs:13.000000
timestame:1619469916.204000000,objid:2,type:0,xpos:0.000000,ypos:0.000000,xspeed:13.610000,yspeed:0.330000,angle:2.420000,distense:211.000000,rcs:21.000000
timestame:1619469916.204000000,objid:8,type:0,xpos:0.000000,ypos:0.000000,xspeed:5.530000,yspeed:-0.010000,angle:1.580000,distense:100.600000,rcs:27.000000
