timestame:1619470012.272000000,objid:0,type:0,xpos:0.000000,ypos:0.000000,xspeed:-1.840000,yspeed:-1.700000,angle:-18.000000,distense:34.400000,rcs:25.000000
timestame:1619470012.272000000,objid:1,type:0,xpos:0.000000,ypos:0.000000,xspeed:-1.690000,yspeed:2.850000,angle:-8.430000,distense:46.800000,rcs:13.000000
timestame:1619470012.272000000,objid:2,type:0,xpos:0.000000,ypos:0.000000,xspeed:-9.460000,yspeed:3.890000,angle:-5.590000,distense:40.000000,rcs:9.000000
timestame:1619470012.272000000,objid:10,type:0,xpos:0.000000,ypos:0.000000,xspeed:-1.490000,yspeed:0.180000,angle:-8.490000,distense:48.000000,rcs:6.000000
