timestame:1619470045.761000000,objid:0,type:0,xpos:0.000000,ypos:0.000000,xspeed:6.480000,yspeed:-0.040000,angle:4.510000,distense:76.000000,rcs:13.000000
timestame:1619470045.761000000,objid:3,type:0,xpos:0.000000,ypos:0.000000,xspeed:14.500000,yspeed:0.150000,angle:1.250000,distense:187.200000,rcs:16.000000
timestame:1619470045.761000000,objid:5,type:0,xpos:0.000000,ypos:0.000000,xspeed:6.300000,yspeed:0.310000,angle:5.470000,distense:66.000000,rcs:31.000000
