timestame:1619470164.447000000,objid:3,type:0,xpos:0.000000,ypos:0.000000,xspeed:5.790000,yspeed:0.480000,angle:7.510000,distense:48.200000,rcs:27.000000
timestame:1619470164.447000000,objid:6,type:0,xpos:0.000000,ypos:0.000000,xspeed:1.440000,yspeed:0.300000,angle:1.710000,distense:22.200000,rcs:32.000000
