timestame:1619470046.439000000,objid:0,type:0,xpos:0.000000,ypos:0.000000,xspeed:6.740000,yspeed:0.240000,angle:4.590000,distense:80.800000,rcs:12.000000
timestame:1619470046.439000000,objid:3,type:0,xpos:0.000000,ypos:0.000000,xspeed:14.620000,yspeed:0.090000,angle:1.150000,distense:197.000000,rcs:13.000000
timestame:1619470046.439000000,objid:5,type:0,xpos:0.000000,ypos:0.000000,xspeed:6.520000,yspeed:0.390000,angle:5.420000,distense:70.600000,rcs:30.000000
