timestame:1619470288.507000000,objid:2,type:0,xpos:0.000000,ypos:0.000000,xspeed:-12.310000,yspeed:-0.160000,angle:-10.030000,distense:87.400000,rcs:25.000000
timestame:1619470288.507000000,objid:5,type:0,xpos:0.000000,ypos:0.000000,xspeed:-5.700000,yspeed:-0.420000,angle:-18.000000,distense:34.600000,rcs:26.000000
timestame:1619470288.507000000,objid:7,type:0,xpos:0.000000,ypos:0.000000,xspeed:-5.590000,yspeed:-0.480000,angle:-18.000000,distense:30.400000,rcs:16.000000
timestame:1619470288.507000000,objid:11,type:0,xpos:0.000000,ypos:0.000000,xspeed:-5.610000,yspeed:-0.270000,angle:-18.000000,distense:24.800000,rcs:6.000000
