timestame:1619469563.368000000,objid:4,type:0,xpos:0.000000,ypos:0.000000,xspeed:6.840000,yspeed:-9.910000,angle:14.100000,distense:48.400000,rcs:22.000000
timestame:1619469563.368000000,objid:7,type:0,xpos:0.000000,ypos:0.000000,xspeed:-4.610000,yspeed:-1.020000,angle:-15.990000,distense:43.200000,rcs:27.000000
