timestame:1619470939.367000000,objid:1,type:0,xpos:0.000000,ypos:0.000000,xspeed:-1.610000,yspeed:1.700000,angle:-12.580000,distense:71.200000,rcs:19.000000
timestame:1619470939.367000000,objid:10,type:0,xpos:0.000000,ypos:0.000000,xspeed:-3.190000,yspeed:0.130000,angle:-10.210000,distense:72.400000,rcs:12.000000
