timestame:1619471139.473000000,objid:7,type:0,xpos:0.000000,ypos:0.000000,xspeed:2.090000,yspeed:-9.280000,angle:-3.450000,distense:40.600000,rcs:24.000000
timestame:1619471139.473000000,objid:11,type:0,xpos:0.000000,ypos:0.000000,xspeed:16.310000,yspeed:0.000000,angle:-18.000000,distense:54.600000,rcs:9.000000
