timestame:1619470643.359000000,objid:2,type:0,xpos:0.000000,ypos:0.000000,xspeed:-6.510000,yspeed:0.000000,angle:-4.910000,distense:166.400000,rcs:12.000000
timestame:1619470643.359000000,objid:6,type:0,xpos:0.000000,ypos:0.000000,xspeed:3.940000,yspeed:-11.150000,angle:10.460000,distense:47.400000,rcs:34.000000
timestame:1619470643.359000000,objid:13,type:0,xpos:0.000000,ypos:0.000000,xspeed:-1.910000,yspeed:7.720000,angle:3.220000,distense:41.600000,rcs:22.000000
