timestame:1619470128.932000000,objid:2,type:0,xpos:0.000000,ypos:0.000000,xspeed:10.480000,yspeed:8.260000,angle:18.500000,distense:36.000000,rcs:12.000000
timestame:1619470128.932000000,objid:7,type:0,xpos:0.000000,ypos:0.000000,xspeed:-9.780000,yspeed:0.310000,angle:-4.790000,distense:121.400000,rcs:16.000000
timestame:1619470128.932000000,objid:9,type:0,xpos:0.000000,ypos:0.000000,xspeed:5.660000,yspeed:1.040000,angle:22.460000,distense:23.800000,rcs:15.000000
