timestame:1619470363.287000000,objid:5,type:0,xpos:0.000000,ypos:0.000000,xspeed:-5.790000,yspeed:10.510000,angle:21.860000,distense:43.600000,rcs:19.000000
timestame:1619470363.287000000,objid:11,type:0,xpos:0.000000,ypos:0.000000,xspeed:-1.590000,yspeed:5.620000,angle:17.110000,distense:40.000000,rcs:12.000000
