timestame:1619470202.716000000,objid:0,type:0,xpos:0.000000,ypos:0.000000,xspeed:1.560000,yspeed:-2.070000,angle:4.900000,distense:142.600000,rcs:9.000000
timestame:1619470202.716000000,objid:1,type:0,xpos:0.000000,ypos:0.000000,xspeed:3.060000,yspeed:0.260000,angle:6.240000,distense:163.200000,rcs:9.000000
