timestame:1619470222.375000000,objid:8,type:0,xpos:0.000000,ypos:0.000000,xspeed:-2.300000,yspeed:8.410000,angle:-14.460000,distense:43.600000,rcs:13.000000
timestame:1619470222.375000000,objid:11,type:0,xpos:0.000000,ypos:0.000000,xspeed:-1.990000,yspeed:6.690000,angle:-11.540000,distense:42.600000,rcs:12.000000
