timestame:1619470124.901000000,objid:1,type:0,xpos:0.000000,ypos:0.000000,xspeed:4.250000,yspeed:3.890000,angle:-15.870000,distense:40.200000,rcs:12.000000
timestame:1619470124.901000000,objid:3,type:0,xpos:0.000000,ypos:0.000000,xspeed:-6.530000,yspeed:-1.570000,angle:11.820000,distense:37.800000,rcs:9.000000
timestame:1619470124.901000000,objid:4,type:0,xpos:0.000000,ypos:0.000000,xspeed:4.070000,yspeed:1.300000,angle:22.500000,distense:31.800000,rcs:25.000000
timestame:1619470124.901000000,objid:6,type:0,xpos:0.000000,ypos:0.000000,xspeed:4.070000,yspeed:3.070000,angle:-14.300000,distense:37.800000,rcs:25.000000
