timestame:1619469948.855000000,objid:4,type:0,xpos:0.000000,ypos:0.000000,xspeed:2.050000,yspeed:-5.330000,angle:7.760000,distense:53.200000,rcs:22.000000
timestame:1619469948.855000000,objid:6,type:0,xpos:0.000000,ypos:0.000000,xspeed:4.100000,yspeed:-8.390000,angle:8.240000,distense:169.400000,rcs:16.000000
timestame:1619469948.855000000,objid:8,type:0,xpos:0.000000,ypos:0.000000,xspeed:-1.710000,yspeed:6.410000,angle:-17.140000,distense:46.400000,rcs:13.000000
