timestame:1619471422.985000000,objid:1,type:0,xpos:0.000000,ypos:0.000000,xspeed:-5.270000,yspeed:-0.970000,angle:-7.690000,distense:110.400000,rcs:13.000000
timestame:1619471422.985000000,objid:9,type:0,xpos:0.000000,ypos:0.000000,xspeed:-5.850000,yspeed:0.030000,angle:-5.050000,distense:126.200000,rcs:16.000000
timestame:1619471422.985000000,objid:12,type:0,xpos:0.000000,ypos:0.000000,xspeed:-4.870000,yspeed:-0.140000,angle:-9.000000,distense:101.400000,rcs:18.000000
