timestame:1619470276.935000000,objid:1,type:0,xpos:0.000000,ypos:0.000000,xspeed:-10.290000,yspeed:0.180000,angle:-5.210000,distense:94.000000,rcs:15.000000
timestame:1619470276.935000000,objid:2,type:0,xpos:0.000000,ypos:0.000000,xspeed:-1.980000,yspeed:0.190000,angle:-6.930000,distense:89.000000,rcs:16.000000
timestame:1619470276.935000000,objid:11,type:0,xpos:0.000000,ypos:0.000000,xspeed:-1.920000,yspeed:-0.120000,angle:-9.470000,distense:74.800000,rcs:22.000000
timestame:1619470276.935000000,objid:22,type:0,xpos:0.000000,ypos:0.000000,xspeed:-1.500000,yspeed:-0.100000,angle:-8.160000,distense:82.600000,rcs:15.000000
