timestame:1619470913.490000000,objid:0,type:0,xpos:0.000000,ypos:0.000000,xspeed:5.500000,yspeed:2.790000,angle:-17.900000,distense:32.400000,rcs:25.000000
timestame:1619470913.490000000,objid:4,type:0,xpos:0.000000,ypos:0.000000,xspeed:15.340000,yspeed:15.220000,angle:-7.720000,distense:53.400000,rcs:6.000000
timestame:1619470913.490000000,objid:7,type:0,xpos:0.000000,ypos:0.000000,xspeed:4.510000,yspeed:2.660000,angle:-16.840000,distense:44.200000,rcs:6.000000
timestame:1619470913.490000000,objid:10,type:0,xpos:0.000000,ypos:0.000000,xspeed:5.510000,yspeed:2.070000,angle:22.300000,distense:38.200000,rcs:12.000000
