timestame:1619469742.234000000,objid:3,type:0,xpos:0.000000,ypos:0.000000,xspeed:-1.120000,yspeed:9.770000,angle:0.520000,distense:42.200000,rcs:20.000000
timestame:1619469742.234000000,objid:4,type:0,xpos:0.000000,ypos:0.000000,xspeed:-6.850000,yspeed:6.090000,angle:-5.420000,distense:41.400000,rcs:9.000000
