timestame:1619471370.494000000,objid:1,type:0,xpos:0.000000,ypos:0.000000,xspeed:8.480000,yspeed:-0.070000,angle:2.510000,distense:145.600000,rcs:13.000000
timestame:1619471370.494000000,objid:7,type:0,xpos:0.000000,ypos:0.000000,xspeed:10.820000,yspeed:0.220000,angle:1.530000,distense:191.200000,rcs:12.000000
