timestame:1619469920.480000000,objid:1,type:0,xpos:0.000000,ypos:0.000000,xspeed:5.740000,yspeed:-0.090000,angle:1.160000,distense:132.000000,rcs:13.000000
timestame:1619469920.480000000,objid:8,type:0,xpos:0.000000,ypos:0.000000,xspeed:5.780000,yspeed:0.080000,angle:1.480000,distense:125.400000,rcs:22.000000
