timestame:1619469554.332000000,objid:2,type:0,xpos:0.000000,ypos:0.000000,xspeed:-1.800000,yspeed:3.660000,angle:-18.000000,distense:43.800000,rcs:24.000000
timestame:1619469554.332000000,objid:3,type:0,xpos:0.000000,ypos:0.000000,xspeed:-1.600000,yspeed:4.100000,angle:-18.000000,distense:48.800000,rcs:12.000000
