timestame:1619471062.999000000,objid:0,type:0,xpos:0.000000,ypos:0.000000,xspeed:-7.370000,yspeed:0.300000,angle:-5.010000,distense:124.000000,rcs:6.000000
timestame:1619471062.999000000,objid:3,type:0,xpos:0.000000,ypos:0.000000,xspeed:-12.510000,yspeed:-3.780000,angle:-2.640000,distense:173.800000,rcs:9.000000
timestame:1619471062.999000000,objid:8,type:0,xpos:0.000000,ypos:0.000000,xspeed:-1.170000,yspeed:3.220000,angle:3.600000,distense:34.600000,rcs:29.000000
timestame:1619471062.999000000,objid:9,type:0,xpos:0.000000,ypos:0.000000,xspeed:-1.610000,yspeed:-0.140000,angle:-9.790000,distense:75.600000,rcs:22.000000
