timestame:1619471234.035000000,objid:0,type:0,xpos:0.000000,ypos:0.000000,xspeed:7.810000,yspeed:0.000000,angle:1.500000,distense:125.600000,rcs:6.000000
timestame:1619471234.035000000,objid:9,type:0,xpos:0.000000,ypos:0.000000,xspeed:7.320000,yspeed:0.070000,angle:1.550000,distense:115.800000,rcs:27.000000
