timestame:1619469787.639000000,objid:1,type:0,xpos:0.000000,ypos:0.000000,xspeed:-16.050000,yspeed:0.020000,angle:-10.390000,distense:82.400000,rcs:21.000000
timestame:1619469787.639000000,objid:2,type:0,xpos:0.000000,ypos:0.000000,xspeed:16.920000,yspeed:0.290000,angle:1.070000,distense:222.600000,rcs:12.000000
timestame:1619469787.639000000,objid:4,type:0,xpos:0.000000,ypos:0.000000,xspeed:-16.850000,yspeed:-0.500000,angle:-12.890000,distense:73.000000,rcs:22.000000
timestame:1619469787.639000000,objid:10,type:0,xpos:0.000000,ypos:0.000000,xspeed:17.110000,yspeed:0.230000,angle:1.130000,distense:210.400000,rcs:28.000000
