timestame:1619471316.224000000,objid:1,type:0,xpos:0.000000,ypos:0.000000,xspeed:-14.210000,yspeed:-0.520000,angle:-5.030000,distense:134.400000,rcs:16.000000
timestame:1619471316.224000000,objid:2,type:0,xpos:0.000000,ypos:0.000000,xspeed:-1.960000,yspeed:5.580000,angle:-5.680000,distense:38.400000,rcs:6.000000
