timestame:1619470051.533000000,objid:0,type:0,xpos:0.000000,ypos:0.000000,xspeed:7.290000,yspeed:-0.090000,angle:3.180000,distense:116.600000,rcs:13.000000
timestame:1619470051.533000000,objid:5,type:0,xpos:0.000000,ypos:0.000000,xspeed:7.260000,yspeed:0.070000,angle:3.660000,distense:107.000000,rcs:19.000000
