timestame:1619470165.194000000,objid:3,type:0,xpos:0.000000,ypos:0.000000,xspeed:6.250000,yspeed:0.380000,angle:6.930000,distense:53.400000,rcs:28.000000
timestame:1619470165.194000000,objid:6,type:0,xpos:0.000000,ypos:0.000000,xspeed:2.100000,yspeed:0.240000,angle:1.800000,distense:24.800000,rcs:35.000000
