timestame:1619470042.542000000,objid:1,type:0,xpos:0.000000,ypos:0.000000,xspeed:12.930000,yspeed:0.000000,angle:1.100000,distense:166.000000,rcs:9.000000
timestame:1619470042.542000000,objid:3,type:0,xpos:0.000000,ypos:0.000000,xspeed:13.620000,yspeed:0.070000,angle:1.410000,distense:140.000000,rcs:16.000000
timestame:1619470042.542000000,objid:4,type:0,xpos:0.000000,ypos:0.000000,xspeed:8.390000,yspeed:0.330000,angle:4.430000,distense:60.200000,rcs:6.000000
timestame:1619470042.542000000,objid:5,type:0,xpos:0.000000,ypos:0.000000,xspeed:4.650000,yspeed:0.100000,angle:5.940000,distense:45.000000,rcs:36.000000
