timestame:1619470061.915000000,objid:1,type:0,xpos:0.000000,ypos:0.000000,xspeed:-20.800000,yspeed:-1.050000,angle:-5.900000,distense:133.000000,rcs:6.000000
timestame:1619470061.915000000,objid:2,type:0,xpos:0.000000,ypos:0.000000,xspeed:-8.870000,yspeed:-1.700000,angle:-7.400000,distense:69.800000,rcs:6.000000
timestame:1619470061.915000000,objid:4,type:0,xpos:0.000000,ypos:0.000000,xspeed:-5.660000,yspeed:0.100000,angle:-6.980000,distense:68.000000,rcs:32.000000
timestame:1619470061.915000000,objid:5,type:0,xpos:0.000000,ypos:0.000000,xspeed:10.110000,yspeed:0.400000,angle:2.780000,distense:205.600000,rcs:26.000000
