timestame:1619470081.465000000,objid:0,type:0,xpos:0.000000,ypos:0.000000,xspeed:1.160000,yspeed:-5.410000,angle:7.620000,distense:49.200000,rcs:9.000000
timestame:1619470081.465000000,objid:4,type:0,xpos:0.000000,ypos:0.000000,xspeed:2.960000,yspeed:-9.270000,angle:2.740000,distense:50.200000,rcs:27.000000
timestame:1619470081.465000000,objid:7,type:0,xpos:0.000000,ypos:0.000000,xspeed:-3.140000,yspeed:6.800000,angle:-1.380000,distense:50.400000,rcs:6.000000
