timestame:1619471093.358000000,objid:1,type:0,xpos:0.000000,ypos:0.000000,xspeed:12.660000,yspeed:-0.220000,angle:2.900000,distense:88.400000,rcs:12.000000
timestame:1619471093.358000000,objid:2,type:0,xpos:0.000000,ypos:0.000000,xspeed:7.130000,yspeed:0.220000,angle:2.180000,distense:65.800000,rcs:43.000000
timestame:1619471093.358000000,objid:5,type:0,xpos:0.000000,ypos:0.000000,xspeed:13.100000,yspeed:0.090000,angle:1.440000,distense:139.400000,rcs:9.000000
