timestame:1619470124.470000000,objid:1,type:0,xpos:0.000000,ypos:0.000000,xspeed:4.340000,yspeed:3.570000,angle:-17.280000,distense:37.800000,rcs:9.000000
timestame:1619470124.470000000,objid:3,type:0,xpos:0.000000,ypos:0.000000,xspeed:-5.750000,yspeed:2.250000,angle:12.760000,distense:41.000000,rcs:16.000000
timestame:1619470124.470000000,objid:4,type:0,xpos:0.000000,ypos:0.000000,xspeed:3.890000,yspeed:1.220000,angle:22.800000,distense:29.600000,rcs:29.000000
timestame:1619470124.470000000,objid:6,type:0,xpos:0.000000,ypos:0.000000,xspeed:4.240000,yspeed:2.830000,angle:-15.560000,distense:35.800000,rcs:26.000000
