timestame:1619470012.705000000,objid:0,type:0,xpos:0.000000,ypos:0.000000,xspeed:-1.940000,yspeed:-1.890000,angle:-18.000000,distense:33.800000,rcs:12.000000
timestame:1619470012.705000000,objid:2,type:0,xpos:0.000000,ypos:0.000000,xspeed:-10.710000,yspeed:-2.360000,angle:-3.530000,distense:35.200000,rcs:6.000000
timestame:1619470012.705000000,objid:11,type:0,xpos:0.000000,ypos:0.000000,xspeed:-1.460000,yspeed:0.000000,angle:16.800000,distense:41.600000,rcs:28.000000
