timestame:1619470772.494000000,objid:0,type:0,xpos:0.000000,ypos:0.000000,xspeed:-9.860000,yspeed:-0.120000,angle:-6.490000,distense:130.000000,rcs:22.000000
timestame:1619470772.494000000,objid:1,type:0,xpos:0.000000,ypos:0.000000,xspeed:13.880000,yspeed:0.130000,angle:1.530000,distense:123.600000,rcs:18.000000
timestame:1619470772.494000000,objid:3,type:0,xpos:0.000000,ypos:0.000000,xspeed:-8.130000,yspeed:0.630000,angle:-18.000000,distense:48.600000,rcs:6.000000
