timestame:1619470136.814000000,objid:7,type:0,xpos:0.000000,ypos:0.000000,xspeed:-4.130000,yspeed:-0.240000,angle:-9.870000,distense:75.600000,rcs:13.000000
timestame:1619470136.814000000,objid:8,type:0,xpos:0.000000,ypos:0.000000,xspeed:2.950000,yspeed:3.850000,angle:-6.810000,distense:43.400000,rcs:6.000000
