timestame:1619470142.713000000,objid:0,type:0,xpos:0.000000,ypos:0.000000,xspeed:4.620000,yspeed:0.360000,angle:21.240000,distense:24.400000,rcs:25.000000
timestame:1619470142.713000000,objid:1,type:0,xpos:0.000000,ypos:0.000000,xspeed:1.730000,yspeed:-0.210000,angle:13.870000,distense:29.600000,rcs:6.000000
timestame:1619470142.713000000,objid:3,type:0,xpos:0.000000,ypos:0.000000,xspeed:12.350000,yspeed:-7.930000,angle:10.020000,distense:30.000000,rcs:6.000000
timestame:1619470142.713000000,objid:4,type:0,xpos:0.000000,ypos:0.000000,xspeed:-4.380000,yspeed:0.000000,angle:14.900000,distense:25.600000,rcs:12.000000
