timestame:1619471262.357000000,objid:2,type:0,xpos:0.000000,ypos:0.000000,xspeed:12.650000,yspeed:0.100000,angle:3.390000,distense:104.400000,rcs:28.000000
timestame:1619471262.357000000,objid:6,type:0,xpos:0.000000,ypos:0.000000,xspeed:12.650000,yspeed:-0.200000,angle:3.050000,distense:116.600000,rcs:23.000000
timestame:1619471262.357000000,objid:10,type:0,xpos:0.000000,ypos:0.000000,xspeed:12.650000,yspeed:0.110000,angle:3.840000,distense:92.200000,rcs:29.000000
