timestame:1619470458.605000000,objid:0,type:0,xpos:0.000000,ypos:0.000000,xspeed:-19.110000,yspeed:4.560000,angle:-4.280000,distense:130.800000,rcs:9.000000
timestame:1619470458.605000000,objid:2,type:0,xpos:0.000000,ypos:0.000000,xspeed:5.810000,yspeed:-0.120000,angle:3.490000,distense:167.000000,rcs:9.000000
