timestame:1619471316.162000000,objid:1,type:0,xpos:0.000000,ypos:0.000000,xspeed:-14.270000,yspeed:-0.520000,angle:-4.990000,distense:135.000000,rcs:16.000000
timestame:1619471316.162000000,objid:2,type:0,xpos:0.000000,ypos:0.000000,xspeed:-1.960000,yspeed:5.580000,angle:-6.190000,distense:38.200000,rcs:6.000000
