timestame:1619470776.097000000,objid:0,type:0,xpos:0.000000,ypos:0.000000,xspeed:18.790000,yspeed:2.670000,angle:1.440000,distense:192.200000,rcs:13.000000
timestame:1619470776.097000000,objid:1,type:0,xpos:0.000000,ypos:0.000000,xspeed:-7.670000,yspeed:-1.450000,angle:-8.970000,distense:104.800000,rcs:18.000000
