timestame:1619470535.162000000,objid:0,type:0,xpos:0.000000,ypos:0.000000,xspeed:5.590000,yspeed:1.260000,angle:17.070000,distense:28.000000,rcs:30.000000
timestame:1619470535.162000000,objid:1,type:0,xpos:0.000000,ypos:0.000000,xspeed:-13.860000,yspeed:-14.720000,angle:4.750000,distense:34.200000,rcs:6.000000
