timestame:1619471138.666000000,objid:0,type:0,xpos:0.000000,ypos:0.000000,xspeed:-1.070000,yspeed:2.750000,angle:-10.010000,distense:42.200000,rcs:9.000000
timestame:1619471138.666000000,objid:9,type:0,xpos:0.000000,ypos:0.000000,xspeed:4.340000,yspeed:0.890000,angle:7.120000,distense:45.200000,rcs:6.000000
