timestame:1619470439.097000000,objid:1,type:0,xpos:0.000000,ypos:0.000000,xspeed:13.960000,yspeed:0.680000,angle:2.600000,distense:44.200000,rcs:29.000000
timestame:1619470439.097000000,objid:2,type:0,xpos:0.000000,ypos:0.000000,xspeed:3.860000,yspeed:0.010000,angle:10.650000,distense:72.000000,rcs:18.000000
