timestame:1619470702.813000000,objid:0,type:0,xpos:0.000000,ypos:0.000000,xspeed:4.130000,yspeed:2.460000,angle:21.630000,distense:31.400000,rcs:13.000000
timestame:1619470702.813000000,objid:1,type:0,xpos:0.000000,ypos:0.000000,xspeed:10.300000,yspeed:-0.120000,angle:2.950000,distense:126.000000,rcs:6.000000
timestame:1619470702.813000000,objid:2,type:0,xpos:0.000000,ypos:0.000000,xspeed:-8.680000,yspeed:-0.160000,angle:-14.040000,distense:81.400000,rcs:12.000000
