timestame:1619471313.743000000,objid:1,type:0,xpos:0.000000,ypos:0.000000,xspeed:-14.860000,yspeed:-1.170000,angle:-3.610000,distense:170.400000,rcs:15.000000
timestame:1619471313.743000000,objid:2,type:0,xpos:0.000000,ypos:0.000000,xspeed:1.820000,yspeed:4.050000,angle:-5.260000,distense:48.400000,rcs:6.000000
timestame:1619471313.743000000,objid:3,type:0,xpos:0.000000,ypos:0.000000,xspeed:2.720000,yspeed:4.190000,angle:-7.840000,distense:44.000000,rcs:9.000000
timestame:1619471313.743000000,objid:4,type:0,xpos:0.000000,ypos:0.000000,xspeed:-1.280000,yspeed:5.320000,angle:12.590000,distense:36.400000,rcs:9.000000
