timestame:1619469879.053000000,objid:2,type:0,xpos:0.000000,ypos:0.000000,xspeed:-4.480000,yspeed:7.830000,angle:-14.080000,distense:37.800000,rcs:21.000000
timestame:1619469879.053000000,objid:3,type:0,xpos:0.000000,ypos:0.000000,xspeed:-4.000000,yspeed:-0.110000,angle:-18.000000,distense:26.800000,rcs:6.000000
timestame:1619469879.053000000,objid:6,type:0,xpos:0.000000,ypos:0.000000,xspeed:-4.030000,yspeed:-2.390000,angle:-18.000000,distense:35.200000,rcs:22.000000
