timestame:1619470689.922000000,objid:0,type:0,xpos:0.000000,ypos:0.000000,xspeed:-5.020000,yspeed:-0.270000,angle:-18.000000,distense:30.000000,rcs:6.000000
timestame:1619470689.922000000,objid:1,type:0,xpos:0.000000,ypos:0.000000,xspeed:2.110000,yspeed:0.050000,angle:8.740000,distense:27.600000,rcs:29.000000
timestame:1619470689.922000000,objid:3,type:0,xpos:0.000000,ypos:0.000000,xspeed:18.080000,yspeed:-0.070000,angle:-18.000000,distense:46.600000,rcs:20.000000
timestame:1619470689.922000000,objid:4,type:0,xpos:0.000000,ypos:0.000000,xspeed:-31.550000,yspeed:-2.460000,angle:-18.000000,distense:21.400000,rcs:9.000000
