timestame:1619469690.812000000,objid:2,type:0,xpos:0.000000,ypos:0.000000,xspeed:1.490000,yspeed:-7.860000,angle:-5.520000,distense:59.000000,rcs:25.000000
timestame:1619469690.812000000,objid:3,type:0,xpos:0.000000,ypos:0.000000,xspeed:3.950000,yspeed:1.370000,angle:-12.780000,distense:48.600000,rcs:13.000000
timestame:1619469690.812000000,objid:4,type:0,xpos:0.000000,ypos:0.000000,xspeed:2.590000,yspeed:-5.740000,angle:22.660000,distense:47.000000,rcs:20.000000
timestame:1619469690.812000000,objid:13,type:0,xpos:0.000000,ypos:0.000000,xspeed:-1.770000,yspeed:6.820000,angle:6.390000,distense:35.000000,rcs:20.000000
