timestame:1619471063.739000000,objid:0,type:0,xpos:0.000000,ypos:0.000000,xspeed:-7.080000,yspeed:0.770000,angle:-4.640000,distense:118.600000,rcs:15.000000
timestame:1619471063.739000000,objid:3,type:0,xpos:0.000000,ypos:0.000000,xspeed:-8.260000,yspeed:-4.700000,angle:-4.150000,distense:167.800000,rcs:12.000000
timestame:1619471063.739000000,objid:9,type:0,xpos:0.000000,ypos:0.000000,xspeed:-1.610000,yspeed:-0.060000,angle:-9.880000,distense:74.400000,rcs:22.000000
