timestame:1619471093.852000000,objid:1,type:0,xpos:0.000000,ypos:0.000000,xspeed:12.660000,yspeed:-0.190000,angle:2.670000,distense:95.200000,rcs:6.000000
timestame:1619471093.852000000,objid:2,type:0,xpos:0.000000,ypos:0.000000,xspeed:7.340000,yspeed:0.160000,angle:2.040000,distense:70.200000,rcs:39.000000
timestame:1619471093.852000000,objid:5,type:0,xpos:0.000000,ypos:0.000000,xspeed:13.310000,yspeed:0.070000,angle:1.360000,distense:146.800000,rcs:6.000000
