timestame:1619471445.405000000,objid:3,type:0,xpos:0.000000,ypos:0.000000,xspeed:-4.520000,yspeed:-0.890000,angle:-5.660000,distense:118.000000,rcs:15.000000
timestame:1619471445.405000000,objid:10,type:0,xpos:0.000000,ypos:0.000000,xspeed:-2.670000,yspeed:-1.140000,angle:-18.000000,distense:28.200000,rcs:6.000000
timestame:1619471445.405000000,objid:11,type:0,xpos:0.000000,ypos:0.000000,xspeed:-3.670000,yspeed:-0.080000,angle:-6.080000,distense:107.000000,rcs:6.000000
timestame:1619471445.405000000,objid:13,type:0,xpos:0.000000,ypos:0.000000,xspeed:-2.110000,yspeed:-0.120000,angle:13.300000,distense:57.600000,rcs:20.000000
