timestame:1619471559.319000000,objid:3,type:0,xpos:0.000000,ypos:0.000000,xspeed:-1.870000,yspeed:-0.170000,angle:-0.730000,distense:37.800000,rcs:28.000000
timestame:1619471559.319000000,objid:6,type:0,xpos:0.000000,ypos:0.000000,xspeed:12.990000,yspeed:-8.990000,angle:-18.000000,distense:37.400000,rcs:18.000000
timestame:1619471559.319000000,objid:7,type:0,xpos:0.000000,ypos:0.000000,xspeed:-2.700000,yspeed:-1.610000,angle:-18.000000,distense:31.400000,rcs:6.000000
timestame:1619471559.319000000,objid:12,type:0,xpos:0.000000,ypos:0.000000,xspeed:2.530000,yspeed:2.360000,angle:-13.200000,distense:37.600000,rcs:12.000000
