timestame:1619470770.440000000,objid:0,type:0,xpos:0.000000,ypos:0.000000,xspeed:-10.980000,yspeed:-0.350000,angle:-5.730000,distense:149.400000,rcs:16.000000
timestame:1619470770.440000000,objid:1,type:0,xpos:0.000000,ypos:0.000000,xspeed:12.230000,yspeed:0.240000,angle:1.980000,distense:93.600000,rcs:25.000000
timestame:1619470770.440000000,objid:2,type:0,xpos:0.000000,ypos:0.000000,xspeed:-11.000000,yspeed:0.250000,angle:-6.270000,distense:146.400000,rcs:12.000000
