timestame:1619470141.717000000,objid:0,type:0,xpos:0.000000,ypos:0.000000,xspeed:5.970000,yspeed:4.530000,angle:-15.120000,distense:20.600000,rcs:16.000000
timestame:1619470141.717000000,objid:1,type:0,xpos:0.000000,ypos:0.000000,xspeed:1.680000,yspeed:0.200000,angle:15.650000,distense:28.000000,rcs:20.000000
timestame:1619470141.717000000,objid:2,type:0,xpos:0.000000,ypos:0.000000,xspeed:9.250000,yspeed:17.350000,angle:0.910000,distense:29.000000,rcs:6.000000
timestame:1619470141.717000000,objid:3,type:0,xpos:0.000000,ypos:0.000000,xspeed:8.380000,yspeed:7.700000,angle:-13.160000,distense:42.800000,rcs:6.000000
