timestame:1619471369.115000000,objid:1,type:0,xpos:0.000000,ypos:0.000000,xspeed:8.050000,yspeed:-0.050000,angle:2.810000,distense:133.400000,rcs:20.000000
timestame:1619471369.115000000,objid:7,type:0,xpos:0.000000,ypos:0.000000,xspeed:11.310000,yspeed:0.290000,angle:1.590000,distense:176.800000,rcs:12.000000
