timestame:1619471219.845000000,objid:6,type:0,xpos:0.000000,ypos:0.000000,xspeed:3.350000,yspeed:0.770000,angle:3.140000,distense:49.200000,rcs:9.000000
timestame:1619471219.845000000,objid:9,type:0,xpos:0.000000,ypos:0.000000,xspeed:3.630000,yspeed:0.120000,angle:2.460000,distense:30.800000,rcs:36.000000
timestame:1619471219.845000000,objid:10,type:0,xpos:0.000000,ypos:0.000000,xspeed:3.590000,yspeed:0.410000,angle:1.020000,distense:40.000000,rcs:19.000000
