timestame:1619471154.627000000,objid:0,type:0,xpos:0.000000,ypos:0.000000,xspeed:-1.600000,yspeed:-3.830000,angle:-8.580000,distense:60.200000,rcs:6.000000
timestame:1619471154.627000000,objid:1,type:0,xpos:0.000000,ypos:0.000000,xspeed:-6.900000,yspeed:-5.570000,angle:0.980000,distense:67.400000,rcs:9.000000
timestame:1619471154.627000000,objid:3,type:0,xpos:0.000000,ypos:0.000000,xspeed:12.230000,yspeed:0.000000,angle:-11.570000,distense:82.400000,rcs:9.000000
timestame:1619471154.627000000,objid:8,type:0,xpos:0.000000,ypos:0.000000,xspeed:7.000000,yspeed:3.300000,angle:-15.730000,distense:21.000000,rcs:25.000000
