timestame:1619469691.120000000,objid:2,type:0,xpos:0.000000,ypos:0.000000,xspeed:1.440000,yspeed:-7.540000,angle:-7.240000,distense:59.600000,rcs:19.000000
timestame:1619469691.120000000,objid:3,type:0,xpos:0.000000,ypos:0.000000,xspeed:2.720000,yspeed:-3.230000,angle:-14.760000,distense:48.200000,rcs:21.000000
timestame:1619469691.120000000,objid:4,type:0,xpos:0.000000,ypos:0.000000,xspeed:1.650000,yspeed:-5.370000,angle:21.070000,distense:46.400000,rcs:30.000000
timestame:1619469691.120000000,objid:13,type:0,xpos:0.000000,ypos:0.000000,xspeed:-1.750000,yspeed:6.760000,angle:9.650000,distense:34.800000,rcs:22.000000
