timestame:1619471003.764000000,objid:1,type:0,xpos:0.000000,ypos:0.000000,xspeed:-13.240000,yspeed:-0.860000,angle:-6.520000,distense:133.600000,rcs:15.000000
timestame:1619471003.764000000,objid:4,type:0,xpos:0.000000,ypos:0.000000,xspeed:1.390000,yspeed:0.190000,angle:0.380000,distense:17.400000,rcs:22.000000
