timestame:1619470472.118000000,objid:0,type:0,xpos:0.000000,ypos:0.000000,xspeed:-3.370000,yspeed:1.880000,angle:19.490000,distense:66.400000,rcs:6.000000
timestame:1619470472.118000000,objid:1,type:0,xpos:0.000000,ypos:0.000000,xspeed:-12.230000,yspeed:2.180000,angle:-3.600000,distense:169.400000,rcs:16.000000
