timestame:1619470620.158000000,objid:1,type:0,xpos:0.000000,ypos:0.000000,xspeed:-6.700000,yspeed:2.000000,angle:-9.580000,distense:89.200000,rcs:19.000000
timestame:1619470620.158000000,objid:2,type:0,xpos:0.000000,ypos:0.000000,xspeed:-7.860000,yspeed:0.090000,angle:-10.140000,distense:86.600000,rcs:13.000000
