timestame:1619469622.922000000,objid:1,type:0,xpos:0.000000,ypos:0.000000,xspeed:-3.840000,yspeed:0.040000,angle:-16.050000,distense:59.000000,rcs:19.000000
timestame:1619469622.922000000,objid:2,type:0,xpos:0.000000,ypos:0.000000,xspeed:-3.860000,yspeed:-0.150000,angle:-13.760000,distense:71.400000,rcs:34.000000
timestame:1619469622.922000000,objid:4,type:0,xpos:0.000000,ypos:0.000000,xspeed:-14.670000,yspeed:-0.170000,angle:-9.370000,distense:69.600000,rcs:18.000000
