timestame:1619470288.070000000,objid:2,type:0,xpos:0.000000,ypos:0.000000,xspeed:-12.400000,yspeed:-0.180000,angle:-9.480000,distense:92.400000,rcs:27.000000
timestame:1619470288.070000000,objid:5,type:0,xpos:0.000000,ypos:0.000000,xspeed:-5.680000,yspeed:-0.510000,angle:-18.000000,distense:36.800000,rcs:25.000000
timestame:1619470288.070000000,objid:7,type:0,xpos:0.000000,ypos:0.000000,xspeed:-5.480000,yspeed:-0.420000,angle:-18.000000,distense:32.400000,rcs:20.000000
timestame:1619470288.070000000,objid:11,type:0,xpos:0.000000,ypos:0.000000,xspeed:-5.500000,yspeed:-0.370000,angle:-18.000000,distense:26.800000,rcs:12.000000
