timestame:1619470190.543000000,objid:1,type:0,xpos:0.000000,ypos:0.000000,xspeed:3.360000,yspeed:6.160000,angle:5.210000,distense:134.200000,rcs:28.000000
timestame:1619470190.543000000,objid:2,type:0,xpos:0.000000,ypos:0.000000,xspeed:-5.830000,yspeed:3.690000,angle:-0.350000,distense:47.800000,rcs:33.000000
timestame:1619470190.543000000,objid:7,type:0,xpos:0.000000,ypos:0.000000,xspeed:3.510000,yspeed:0.480000,angle:6.130000,distense:139.800000,rcs:12.000000
