timestame:1619469997.765000000,objid:10,type:0,xpos:0.000000,ypos:0.000000,xspeed:-1.020000,yspeed:-3.410000,angle:-18.000000,distense:37.400000,rcs:13.000000
timestame:1619469997.765000000,objid:11,type:0,xpos:0.000000,ypos:0.000000,xspeed:-1.150000,yspeed:-0.770000,angle:-18.000000,distense:33.800000,rcs:20.000000
timestame:1619469997.765000000,objid:15,type:0,xpos:0.000000,ypos:0.000000,xspeed:-1.270000,yspeed:-2.400000,angle:-18.000000,distense:35.600000,rcs:21.000000
