timestame:1619470732.769000000,objid:1,type:0,xpos:0.000000,ypos:0.000000,xspeed:12.280000,yspeed:0.600000,angle:3.330000,distense:60.200000,rcs:18.000000
timestame:1619470732.769000000,objid:6,type:0,xpos:0.000000,ypos:0.000000,xspeed:12.480000,yspeed:0.520000,angle:2.420000,distense:49.000000,rcs:43.000000
