timestame:1619470465.742000000,objid:0,type:0,xpos:0.000000,ypos:0.000000,xspeed:-13.380000,yspeed:-0.820000,angle:-18.000000,distense:31.000000,rcs:6.000000
timestame:1619470465.742000000,objid:1,type:0,xpos:0.000000,ypos:0.000000,xspeed:-10.630000,yspeed:1.380000,angle:-18.000000,distense:34.000000,rcs:19.000000
timestame:1619470465.742000000,objid:2,type:0,xpos:0.000000,ypos:0.000000,xspeed:5.830000,yspeed:0.260000,angle:3.140000,distense:209.200000,rcs:13.000000
