timestame:1619471266.681000000,objid:0,type:0,xpos:0.000000,ypos:0.000000,xspeed:13.340000,yspeed:0.390000,angle:2.620000,distense:185.800000,rcs:6.000000
timestame:1619471266.681000000,objid:2,type:0,xpos:0.000000,ypos:0.000000,xspeed:13.300000,yspeed:0.110000,angle:2.350000,distense:161.600000,rcs:26.000000
timestame:1619471266.681000000,objid:6,type:0,xpos:0.000000,ypos:0.000000,xspeed:13.280000,yspeed:0.110000,angle:2.220000,distense:173.600000,rcs:6.000000
timestame:1619471266.681000000,objid:10,type:0,xpos:0.000000,ypos:0.000000,xspeed:13.290000,yspeed:0.040000,angle:2.340000,distense:149.200000,rcs:20.000000
