timestame:1619469619.882000000,objid:1,type:0,xpos:0.000000,ypos:0.000000,xspeed:-2.140000,yspeed:-0.040000,angle:-13.610000,distense:71.200000,rcs:21.000000
timestame:1619469619.882000000,objid:3,type:0,xpos:0.000000,ypos:0.000000,xspeed:-1.840000,yspeed:-0.050000,angle:-11.080000,distense:84.800000,rcs:19.000000
timestame:1619469619.882000000,objid:4,type:0,xpos:0.000000,ypos:0.000000,xspeed:-16.360000,yspeed:1.160000,angle:-4.800000,distense:113.800000,rcs:15.000000
timestame:1619469619.882000000,objid:5,type:0,xpos:0.000000,ypos:0.000000,xspeed:-10.010000,yspeed:3.270000,angle:-13.540000,distense:168.400000,rcs:9.000000
