timestame:1619469554.707000000,objid:2,type:0,xpos:0.000000,ypos:0.000000,xspeed:-1.520000,yspeed:4.210000,angle:-18.000000,distense:42.400000,rcs:15.000000
timestame:1619469554.707000000,objid:3,type:0,xpos:0.000000,ypos:0.000000,xspeed:-1.670000,yspeed:4.760000,angle:-18.000000,distense:47.200000,rcs:12.000000
timestame:1619469554.707000000,objid:4,type:0,xpos:0.000000,ypos:0.000000,xspeed:-3.630000,yspeed:4.810000,angle:-14.440000,distense:45.400000,rcs:20.000000
