timestame:1619470388.717000000,objid:9,type:0,xpos:0.000000,ypos:0.000000,xspeed:2.950000,yspeed:4.580000,angle:-13.670000,distense:51.400000,rcs:6.000000
timestame:1619470388.717000000,objid:11,type:0,xpos:0.000000,ypos:0.000000,xspeed:-1.840000,yspeed:-3.500000,angle:-18.000000,distense:34.000000,rcs:22.000000
timestame:1619470388.717000000,objid:17,type:0,xpos:0.000000,ypos:0.000000,xspeed:-15.740000,yspeed:-1.050000,angle:-6.050000,distense:149.600000,rcs:13.000000
