timestame:1619470965.306000000,objid:0,type:0,xpos:0.000000,ypos:0.000000,xspeed:4.190000,yspeed:0.210000,angle:6.120000,distense:57.800000,rcs:33.000000
timestame:1619470965.306000000,objid:1,type:0,xpos:0.000000,ypos:0.000000,xspeed:12.820000,yspeed:-0.700000,angle:0.830000,distense:139.600000,rcs:12.000000
timestame:1619470965.306000000,objid:6,type:0,xpos:0.000000,ypos:0.000000,xspeed:10.770000,yspeed:0.480000,angle:2.040000,distense:117.200000,rcs:30.000000
timestame:1619470965.306000000,objid:12,type:0,xpos:0.000000,ypos:0.000000,xspeed:3.040000,yspeed:-0.050000,angle:4.650000,distense:64.600000,rcs:20.000000
