timestame:1619470045.885000000,objid:0,type:0,xpos:0.000000,ypos:0.000000,xspeed:6.570000,yspeed:-0.040000,angle:4.460000,distense:76.800000,rcs:16.000000
timestame:1619470045.885000000,objid:3,type:0,xpos:0.000000,ypos:0.000000,xspeed:14.580000,yspeed:0.130000,angle:1.220000,distense:189.000000,rcs:13.000000
timestame:1619470045.885000000,objid:5,type:0,xpos:0.000000,ypos:0.000000,xspeed:6.340000,yspeed:0.260000,angle:5.340000,distense:66.800000,rcs:30.000000
