timestame:1619471089.002000000,objid:0,type:0,xpos:0.000000,ypos:0.000000,xspeed:9.600000,yspeed:0.430000,angle:1.860000,distense:82.400000,rcs:28.000000
timestame:1619471089.002000000,objid:1,type:0,xpos:0.000000,ypos:0.000000,xspeed:8.940000,yspeed:0.710000,angle:8.090000,distense:34.400000,rcs:22.000000
timestame:1619471089.002000000,objid:2,type:0,xpos:0.000000,ypos:0.000000,xspeed:4.880000,yspeed:-0.280000,angle:1.920000,distense:35.800000,rcs:41.000000
timestame:1619471089.002000000,objid:4,type:0,xpos:0.000000,ypos:0.000000,xspeed:-22.210000,yspeed:-0.880000,angle:-11.030000,distense:70.400000,rcs:15.000000
