timestame:1619470531.306000000,objid:0,type:0,xpos:0.000000,ypos:0.000000,xspeed:-14.180000,yspeed:0.930000,angle:-6.270000,distense:120.600000,rcs:6.000000
timestame:1619470531.306000000,objid:1,type:0,xpos:0.000000,ypos:0.000000,xspeed:-10.490000,yspeed:0.000000,angle:-7.010000,distense:124.000000,rcs:12.000000
