timestame:1619471099.433000000,objid:0,type:0,xpos:0.000000,ypos:0.000000,xspeed:-17.340000,yspeed:-1.250000,angle:-18.000000,distense:27.800000,rcs:15.000000
timestame:1619471099.433000000,objid:1,type:0,xpos:0.000000,ypos:0.000000,xspeed:-18.880000,yspeed:-0.560000,angle:-18.000000,distense:24.800000,rcs:6.000000
timestame:1619471099.433000000,objid:2,type:0,xpos:0.000000,ypos:0.000000,xspeed:9.640000,yspeed:0.070000,angle:1.160000,distense:121.000000,rcs:31.000000
