timestame:1619469635.122000000,objid:2,type:0,xpos:0.000000,ypos:0.000000,xspeed:4.370000,yspeed:0.000000,angle:21.030000,distense:20.200000,rcs:28.000000
timestame:1619469635.122000000,objid:3,type:0,xpos:0.000000,ypos:0.000000,xspeed:-5.910000,yspeed:2.780000,angle:-2.040000,distense:49.200000,rcs:24.000000
timestame:1619469635.122000000,objid:4,type:0,xpos:0.000000,ypos:0.000000,xspeed:3.720000,yspeed:-0.840000,angle:22.030000,distense:27.800000,rcs:32.000000
