timestame:1619471234.595000000,objid:0,type:0,xpos:0.000000,ypos:0.000000,xspeed:7.910000,yspeed:-0.070000,angle:1.360000,distense:130.200000,rcs:6.000000
timestame:1619471234.595000000,objid:9,type:0,xpos:0.000000,ypos:0.000000,xspeed:7.410000,yspeed:0.060000,angle:1.500000,distense:119.800000,rcs:27.000000
