timestame:1619470881.625000000,objid:3,type:0,xpos:0.000000,ypos:0.000000,xspeed:-1.460000,yspeed:-2.920000,angle:-18.000000,distense:34.600000,rcs:25.000000
timestame:1619470881.625000000,objid:6,type:0,xpos:0.000000,ypos:0.000000,xspeed:-1.800000,yspeed:-2.780000,angle:-18.000000,distense:33.400000,rcs:20.000000
timestame:1619470881.625000000,objid:11,type:0,xpos:0.000000,ypos:0.000000,xspeed:-5.350000,yspeed:-8.090000,angle:20.570000,distense:42.000000,rcs:22.000000
timestame:1619470881.625000000,objid:23,type:0,xpos:0.000000,ypos:0.000000,xspeed:-1.620000,yspeed:-1.930000,angle:-18.000000,distense:49.000000,rcs:9.000000
