timestame:1619469909.948000000,objid:1,type:0,xpos:0.000000,ypos:0.000000,xspeed:4.150000,yspeed:-0.060000,angle:2.000000,distense:75.400000,rcs:22.000000
timestame:1619469909.948000000,objid:2,type:0,xpos:0.000000,ypos:0.000000,xspeed:9.720000,yspeed:0.060000,angle:3.100000,distense:130.200000,rcs:9.000000
timestame:1619469909.948000000,objid:8,type:0,xpos:0.000000,ypos:0.000000,xspeed:4.120000,yspeed:0.160000,angle:2.420000,distense:68.600000,rcs:25.000000
timestame:1619469909.948000000,objid:10,type:0,xpos:0.000000,ypos:0.000000,xspeed:2.100000,yspeed:3.610000,angle:-4.450000,distense:43.400000,rcs:6.000000
