timestame:1619470663.563000000,objid:0,type:0,xpos:0.000000,ypos:0.000000,xspeed:-1.570000,yspeed:-0.010000,angle:-9.820000,distense:94.800000,rcs:24.000000
timestame:1619470663.563000000,objid:3,type:0,xpos:0.000000,ypos:0.000000,xspeed:-1.380000,yspeed:-0.140000,angle:-7.930000,distense:107.000000,rcs:9.000000
