timestame:1619470643.975000000,objid:2,type:0,xpos:0.000000,ypos:0.000000,xspeed:-6.470000,yspeed:-0.060000,angle:-5.080000,distense:162.600000,rcs:15.000000
timestame:1619470643.975000000,objid:6,type:0,xpos:0.000000,ypos:0.000000,xspeed:3.620000,yspeed:-10.750000,angle:2.670000,distense:48.600000,rcs:32.000000
timestame:1619470643.975000000,objid:8,type:0,xpos:0.000000,ypos:0.000000,xspeed:-1.810000,yspeed:-5.060000,angle:10.270000,distense:87.600000,rcs:12.000000
