timestame:1619471096.583000000,objid:2,type:0,xpos:0.000000,ypos:0.000000,xspeed:8.190000,yspeed:-0.150000,angle:1.220000,distense:92.400000,rcs:33.000000
timestame:1619471096.583000000,objid:3,type:0,xpos:0.000000,ypos:0.000000,xspeed:-12.550000,yspeed:4.230000,angle:-8.830000,distense:73.200000,rcs:20.000000
