timestame:1619471463.979000000,objid:0,type:0,xpos:0.000000,ypos:0.000000,xspeed:-3.620000,yspeed:-10.660000,angle:-11.920000,distense:83.200000,rcs:18.000000
timestame:1619471463.979000000,objid:1,type:0,xpos:0.000000,ypos:0.000000,xspeed:-4.900000,yspeed:-0.490000,angle:-6.260000,distense:109.200000,rcs:15.000000
timestame:1619471463.979000000,objid:3,type:0,xpos:0.000000,ypos:0.000000,xspeed:-6.860000,yspeed:-0.540000,angle:-5.490000,distense:171.200000,rcs:16.000000
