timestame:1619469683.892000000,objid:2,type:0,xpos:0.000000,ypos:0.000000,xspeed:-4.000000,yspeed:4.400000,angle:-18.000000,distense:52.800000,rcs:15.000000
timestame:1619469683.892000000,objid:4,type:0,xpos:0.000000,ypos:0.000000,xspeed:-7.420000,yspeed:-1.450000,angle:-18.000000,distense:55.200000,rcs:16.000000
