timestame:1619470053.329000000,objid:0,type:0,xpos:0.000000,ypos:0.000000,xspeed:7.730000,yspeed:-0.110000,angle:2.670000,distense:131.000000,rcs:6.000000
timestame:1619470053.329000000,objid:5,type:0,xpos:0.000000,ypos:0.000000,xspeed:8.070000,yspeed:0.050000,angle:3.230000,distense:122.200000,rcs:24.000000
