timestame:1619469646.972000000,objid:2,type:0,xpos:0.000000,ypos:0.000000,xspeed:12.770000,yspeed:0.610000,angle:4.850000,distense:90.400000,rcs:28.000000
timestame:1619469646.972000000,objid:13,type:0,xpos:0.000000,ypos:0.000000,xspeed:15.180000,yspeed:0.720000,angle:2.410000,distense:150.000000,rcs:33.000000
timestame:1619469646.972000000,objid:14,type:0,xpos:0.000000,ypos:0.000000,xspeed:12.900000,yspeed:0.390000,angle:4.720000,distense:87.600000,rcs:30.000000
