timestame:1619470166.429000000,objid:0,type:0,xpos:0.000000,ypos:0.000000,xspeed:4.690000,yspeed:0.180000,angle:2.180000,distense:33.000000,rcs:33.000000
timestame:1619470166.429000000,objid:3,type:0,xpos:0.000000,ypos:0.000000,xspeed:6.870000,yspeed:0.520000,angle:6.630000,distense:62.800000,rcs:34.000000
