timestame:1619469759.393000000,objid:1,type:0,xpos:0.000000,ypos:0.000000,xspeed:4.950000,yspeed:0.000000,angle:-10.520000,distense:39.000000,rcs:22.000000
timestame:1619469759.393000000,objid:2,type:0,xpos:0.000000,ypos:0.000000,xspeed:4.720000,yspeed:3.240000,angle:-15.250000,distense:38.800000,rcs:6.000000
timestame:1619469759.393000000,objid:7,type:0,xpos:0.000000,ypos:0.000000,xspeed:8.590000,yspeed:5.080000,angle:-9.800000,distense:53.000000,rcs:6.000000
