timestame:1619469874.972000000,objid:0,type:0,xpos:0.000000,ypos:0.000000,xspeed:-3.000000,yspeed:-0.410000,angle:-18.000000,distense:23.600000,rcs:6.000000
timestame:1619469874.972000000,objid:17,type:0,xpos:0.000000,ypos:0.000000,xspeed:2.290000,yspeed:-4.410000,angle:8.550000,distense:67.400000,rcs:16.000000
