timestame:1619471401.967000000,objid:0,type:0,xpos:0.000000,ypos:0.000000,xspeed:-2.160000,yspeed:4.490000,angle:-16.320000,distense:44.400000,rcs:6.000000
timestame:1619471401.967000000,objid:5,type:0,xpos:0.000000,ypos:0.000000,xspeed:-2.740000,yspeed:8.060000,angle:-7.570000,distense:42.200000,rcs:19.000000
