timestame:1619469645.237000000,objid:2,type:0,xpos:0.000000,ypos:0.000000,xspeed:12.750000,yspeed:0.820000,angle:5.500000,distense:68.200000,rcs:31.000000
timestame:1619469645.237000000,objid:6,type:0,xpos:0.000000,ypos:0.000000,xspeed:12.210000,yspeed:0.560000,angle:5.120000,distense:77.600000,rcs:16.000000
timestame:1619469645.237000000,objid:13,type:0,xpos:0.000000,ypos:0.000000,xspeed:15.100000,yspeed:0.490000,angle:2.180000,distense:123.400000,rcs:32.000000
timestame:1619469645.237000000,objid:14,type:0,xpos:0.000000,ypos:0.000000,xspeed:12.750000,yspeed:0.450000,angle:5.810000,distense:65.000000,rcs:29.000000
