timestame:1619471263.655000000,objid:2,type:0,xpos:0.000000,ypos:0.000000,xspeed:12.840000,yspeed:0.060000,angle:2.920000,distense:121.600000,rcs:19.000000
timestame:1619471263.655000000,objid:6,type:0,xpos:0.000000,ypos:0.000000,xspeed:12.790000,yspeed:-0.160000,angle:2.620000,distense:133.600000,rcs:6.000000
timestame:1619471263.655000000,objid:10,type:0,xpos:0.000000,ypos:0.000000,xspeed:12.770000,yspeed:0.000000,angle:3.190000,distense:109.200000,rcs:27.000000
