timestame:1619471137.676000000,objid:4,type:0,xpos:0.000000,ypos:0.000000,xspeed:3.360000,yspeed:-1.320000,angle:7.980000,distense:45.400000,rcs:6.000000
timestame:1619471137.676000000,objid:9,type:0,xpos:0.000000,ypos:0.000000,xspeed:4.740000,yspeed:-0.640000,angle:5.790000,distense:40.400000,rcs:30.000000
timestame:1619471137.676000000,objid:10,type:0,xpos:0.000000,ypos:0.000000,xspeed:1.440000,yspeed:-7.970000,angle:7.950000,distense:57.600000,rcs:16.000000
timestame:1619471137.676000000,objid:13,type:0,xpos:0.000000,ypos:0.000000,xspeed:-4.080000,yspeed:0.000000,angle:-18.000000,distense:54.600000,rcs:9.000000
