timestame:1619470613.949000000,objid:0,type:0,xpos:0.000000,ypos:0.000000,xspeed:1.930000,yspeed:-8.610000,angle:-12.600000,distense:54.400000,rcs:12.000000
timestame:1619470613.949000000,objid:2,type:0,xpos:0.000000,ypos:0.000000,xspeed:-1.800000,yspeed:7.390000,angle:0.340000,distense:41.400000,rcs:12.000000
timestame:1619470613.949000000,objid:3,type:0,xpos:0.000000,ypos:0.000000,xspeed:1.560000,yspeed:3.960000,angle:-2.850000,distense:43.600000,rcs:6.000000
timestame:1619470613.949000000,objid:7,type:0,xpos:0.000000,ypos:0.000000,xspeed:-18.680000,yspeed:-0.290000,angle:-5.820000,distense:149.800000,rcs:13.000000
