timestame:1619470977.659000000,objid:0,type:0,xpos:0.000000,ypos:0.000000,xspeed:6.920000,yspeed:-0.280000,angle:2.580000,distense:132.200000,rcs:18.000000
timestame:1619470977.659000000,objid:2,type:0,xpos:0.000000,ypos:0.000000,xspeed:-18.150000,yspeed:-1.770000,angle:-3.430000,distense:178.000000,rcs:12.000000
timestame:1619470977.659000000,objid:3,type:0,xpos:0.000000,ypos:0.000000,xspeed:7.110000,yspeed:0.160000,angle:2.350000,distense:142.200000,rcs:6.000000
timestame:1619470977.659000000,objid:5,type:0,xpos:0.000000,ypos:0.000000,xspeed:-19.110000,yspeed:0.040000,angle:-9.470000,distense:92.600000,rcs:18.000000
