timestame:1619470193.690000000,objid:0,type:0,xpos:0.000000,ypos:0.000000,xspeed:-4.170000,yspeed:7.200000,angle:-13.380000,distense:41.200000,rcs:20.000000
timestame:1619470193.690000000,objid:1,type:0,xpos:0.000000,ypos:0.000000,xspeed:1.760000,yspeed:1.090000,angle:6.200000,distense:140.000000,rcs:30.000000
timestame:1619470193.690000000,objid:2,type:0,xpos:0.000000,ypos:0.000000,xspeed:-4.640000,yspeed:5.730000,angle:-12.260000,distense:38.800000,rcs:9.000000
timestame:1619470193.690000000,objid:4,type:0,xpos:0.000000,ypos:0.000000,xspeed:-3.460000,yspeed:9.150000,angle:5.380000,distense:154.600000,rcs:6.000000
