timestame:1619469691.945000000,objid:2,type:0,xpos:0.000000,ypos:0.000000,xspeed:1.480000,yspeed:-7.620000,angle:-12.650000,distense:61.800000,rcs:20.000000
timestame:1619469691.945000000,objid:4,type:0,xpos:0.000000,ypos:0.000000,xspeed:1.230000,yspeed:-5.620000,angle:15.460000,distense:45.600000,rcs:30.000000
timestame:1619469691.945000000,objid:13,type:0,xpos:0.000000,ypos:0.000000,xspeed:-1.620000,yspeed:6.760000,angle:18.560000,distense:35.000000,rcs:6.000000
