timestame:1619470444.252000000,objid:1,type:0,xpos:0.000000,ypos:0.000000,xspeed:17.160000,yspeed:0.240000,angle:1.650000,distense:129.800000,rcs:18.000000
timestame:1619470444.252000000,objid:2,type:0,xpos:0.000000,ypos:0.000000,xspeed:4.010000,yspeed:-0.010000,angle:8.130000,distense:91.600000,rcs:12.000000
