timestame:1619470648.499000000,objid:2,type:0,xpos:0.000000,ypos:0.000000,xspeed:-5.540000,yspeed:-0.080000,angle:-6.280000,distense:137.400000,rcs:13.000000
timestame:1619470648.499000000,objid:4,type:0,xpos:0.000000,ypos:0.000000,xspeed:-1.600000,yspeed:-2.570000,angle:-18.000000,distense:40.400000,rcs:24.000000
timestame:1619470648.499000000,objid:9,type:0,xpos:0.000000,ypos:0.000000,xspeed:-1.700000,yspeed:-3.550000,angle:-15.000000,distense:40.800000,rcs:21.000000
timestame:1619470648.499000000,objid:15,type:0,xpos:0.000000,ypos:0.000000,xspeed:-2.200000,yspeed:-3.790000,angle:-2.200000,distense:68.000000,rcs:20.000000
