timestame:1619470119.563000000,objid:3,type:0,xpos:0.000000,ypos:0.000000,xspeed:-9.200000,yspeed:2.140000,angle:-17.340000,distense:20.000000,rcs:6.000000
timestame:1619470119.563000000,objid:4,type:0,xpos:0.000000,ypos:0.000000,xspeed:-3.370000,yspeed:1.160000,angle:4.770000,distense:11.400000,rcs:13.000000
timestame:1619470119.563000000,objid:5,type:0,xpos:0.000000,ypos:0.000000,xspeed:-4.420000,yspeed:-0.810000,angle:15.320000,distense:24.400000,rcs:12.000000
timestame:1619470119.563000000,objid:8,type:0,xpos:0.000000,ypos:0.000000,xspeed:4.510000,yspeed:0.680000,angle:-15.460000,distense:15.800000,rcs:28.000000
