timestame:1619470665.297000000,objid:0,type:0,xpos:0.000000,ypos:0.000000,xspeed:-1.160000,yspeed:0.150000,angle:-9.640000,distense:93.200000,rcs:21.000000
timestame:1619470665.297000000,objid:3,type:0,xpos:0.000000,ypos:0.000000,xspeed:-1.650000,yspeed:-0.160000,angle:-8.250000,distense:103.800000,rcs:6.000000
