timestame:1619470593.429000000,objid:0,type:0,xpos:0.000000,ypos:0.000000,xspeed:-14.610000,yspeed:-0.660000,angle:-18.000000,distense:28.600000,rcs:6.000000
timestame:1619470593.429000000,objid:5,type:0,xpos:0.000000,ypos:0.000000,xspeed:8.320000,yspeed:2.840000,angle:-15.870000,distense:26.600000,rcs:30.000000
timestame:1619470593.429000000,objid:6,type:0,xpos:0.000000,ypos:0.000000,xspeed:6.820000,yspeed:2.610000,angle:20.500000,distense:26.400000,rcs:24.000000
