timestame:1619470041.741000000,objid:1,type:0,xpos:0.000000,ypos:0.000000,xspeed:12.490000,yspeed:0.070000,angle:1.240000,distense:155.200000,rcs:9.000000
timestame:1619470041.741000000,objid:3,type:0,xpos:0.000000,ypos:0.000000,xspeed:13.490000,yspeed:0.140000,angle:1.560000,distense:129.200000,rcs:20.000000
timestame:1619470041.741000000,objid:4,type:0,xpos:0.000000,ypos:0.000000,xspeed:10.720000,yspeed:-0.510000,angle:4.480000,distense:54.800000,rcs:18.000000
timestame:1619470041.741000000,objid:5,type:0,xpos:0.000000,ypos:0.000000,xspeed:4.330000,yspeed:0.070000,angle:6.350000,distense:40.800000,rcs:33.000000
