timestame:1619470363.969000000,objid:1,type:0,xpos:0.000000,ypos:0.000000,xspeed:-1.410000,yspeed:8.580000,angle:-14.690000,distense:41.200000,rcs:16.000000
timestame:1619470363.969000000,objid:2,type:0,xpos:0.000000,ypos:0.000000,xspeed:-5.360000,yspeed:2.100000,angle:19.710000,distense:43.600000,rcs:6.000000
timestame:1619470363.969000000,objid:11,type:0,xpos:0.000000,ypos:0.000000,xspeed:-2.170000,yspeed:4.500000,angle:21.390000,distense:38.800000,rcs:6.000000
