timestame:1619470223.434000000,objid:7,type:0,xpos:0.000000,ypos:0.000000,xspeed:9.070000,yspeed:4.900000,angle:-11.470000,distense:49.000000,rcs:12.000000
timestame:1619470223.434000000,objid:8,type:0,xpos:0.000000,ypos:0.000000,xspeed:-2.070000,yspeed:7.760000,angle:-3.870000,distense:40.200000,rcs:6.000000
timestame:1619470223.434000000,objid:11,type:0,xpos:0.000000,ypos:0.000000,xspeed:-2.250000,yspeed:6.970000,angle:-1.160000,distense:39.200000,rcs:9.000000
