timestame:1619471292.493000000,objid:0,type:0,xpos:0.000000,ypos:0.000000,xspeed:2.290000,yspeed:0.590000,angle:22.260000,distense:32.600000,rcs:28.000000
timestame:1619471292.493000000,objid:1,type:0,xpos:0.000000,ypos:0.000000,xspeed:-4.500000,yspeed:12.550000,angle:-18.000000,distense:52.200000,rcs:16.000000
timestame:1619471292.493000000,objid:2,type:0,xpos:0.000000,ypos:0.000000,xspeed:6.310000,yspeed:1.680000,angle:18.690000,distense:37.000000,rcs:9.000000
timestame:1619471292.493000000,objid:5,type:0,xpos:0.000000,ypos:0.000000,xspeed:5.420000,yspeed:-1.100000,angle:20.170000,distense:28.400000,rcs:9.000000
