timestame:1619470610.798000000,objid:3,type:0,xpos:0.000000,ypos:0.000000,xspeed:2.530000,yspeed:7.220000,angle:-13.870000,distense:33.000000,rcs:9.000000
timestame:1619470610.798000000,objid:4,type:0,xpos:0.000000,ypos:0.000000,xspeed:5.940000,yspeed:-1.130000,angle:-16.730000,distense:30.400000,rcs:16.000000
