timestame:1619469487.850000000,objid:1,type:0,xpos:0.000000,ypos:0.000000,xspeed:-3.980000,yspeed:-0.020000,angle:-15.490000,distense:61.800000,rcs:15.000000
timestame:1619469487.850000000,objid:5,type:0,xpos:0.000000,ypos:0.000000,xspeed:-1.110000,yspeed:0.020000,angle:-10.060000,distense:87.600000,rcs:13.000000
timestame:1619469487.850000000,objid:9,type:0,xpos:0.000000,ypos:0.000000,xspeed:-4.840000,yspeed:-0.050000,angle:-11.300000,distense:67.400000,rcs:15.000000
timestame:1619469487.850000000,objid:11,type:0,xpos:0.000000,ypos:0.000000,xspeed:-1.260000,yspeed:-5.080000,angle:-13.980000,distense:76.000000,rcs:24.000000
