timestame:1619470111.872000000,objid:2,type:0,xpos:0.000000,ypos:0.000000,xspeed:6.700000,yspeed:1.030000,angle:17.600000,distense:28.400000,rcs:26.000000
timestame:1619470111.872000000,objid:5,type:0,xpos:0.000000,ypos:0.000000,xspeed:3.310000,yspeed:3.680000,angle:-7.750000,distense:45.800000,rcs:6.000000
timestame:1619470111.872000000,objid:7,type:0,xpos:0.000000,ypos:0.000000,xspeed:6.240000,yspeed:1.100000,angle:-17.380000,distense:26.400000,rcs:31.000000
