timestame:1619470027.752000000,objid:1,type:0,xpos:0.000000,ypos:0.000000,xspeed:4.700000,yspeed:0.410000,angle:0.880000,distense:20.800000,rcs:27.000000
timestame:1619470027.752000000,objid:2,type:0,xpos:0.000000,ypos:0.000000,xspeed:6.060000,yspeed:0.280000,angle:2.390000,distense:36.000000,rcs:39.000000
