timestame:1619470841.298000000,objid:0,type:0,xpos:0.000000,ypos:0.000000,xspeed:1.180000,yspeed:2.530000,angle:-5.450000,distense:42.000000,rcs:13.000000
timestame:1619470841.298000000,objid:3,type:0,xpos:0.000000,ypos:0.000000,xspeed:2.590000,yspeed:2.620000,angle:-10.310000,distense:43.800000,rcs:6.000000
timestame:1619470841.298000000,objid:7,type:0,xpos:0.000000,ypos:0.000000,xspeed:13.200000,yspeed:0.420000,angle:2.390000,distense:221.000000,rcs:9.000000
