timestame:1619471229.379000000,objid:0,type:0,xpos:0.000000,ypos:0.000000,xspeed:6.100000,yspeed:0.460000,angle:2.420000,distense:90.600000,rcs:16.000000
timestame:1619471229.379000000,objid:1,type:0,xpos:0.000000,ypos:0.000000,xspeed:3.800000,yspeed:-4.620000,angle:-18.000000,distense:60.400000,rcs:9.000000
timestame:1619471229.379000000,objid:9,type:0,xpos:0.000000,ypos:0.000000,xspeed:6.330000,yspeed:0.070000,angle:2.000000,distense:81.800000,rcs:39.000000
