timestame:1619469787.263000000,objid:1,type:0,xpos:0.000000,ypos:0.000000,xspeed:-15.750000,yspeed:0.410000,angle:-9.240000,distense:89.200000,rcs:18.000000
timestame:1619469787.263000000,objid:2,type:0,xpos:0.000000,ypos:0.000000,xspeed:16.920000,yspeed:0.290000,angle:1.070000,distense:215.400000,rcs:12.000000
timestame:1619469787.263000000,objid:4,type:0,xpos:0.000000,ypos:0.000000,xspeed:-16.880000,yspeed:-0.430000,angle:-11.540000,distense:79.800000,rcs:25.000000
timestame:1619469787.263000000,objid:10,type:0,xpos:0.000000,ypos:0.000000,xspeed:17.040000,yspeed:0.190000,angle:1.110000,distense:203.200000,rcs:24.000000
