timestame:1619471531.841000000,objid:2,type:0,xpos:0.000000,ypos:0.000000,xspeed:-18.960000,yspeed:-4.020000,angle:10.220000,distense:26.000000,rcs:6.000000
timestame:1619471531.841000000,objid:4,type:0,xpos:0.000000,ypos:0.000000,xspeed:-12.960000,yspeed:1.300000,angle:-2.560000,distense:197.800000,rcs:13.000000
timestame:1619471531.841000000,objid:6,type:0,xpos:0.000000,ypos:0.000000,xspeed:1.170000,yspeed:-2.070000,angle:7.130000,distense:41.200000,rcs:32.000000
