timestame:1619471075.843000000,objid:0,type:0,xpos:0.000000,ypos:0.000000,xspeed:-9.540000,yspeed:-0.540000,angle:-18.000000,distense:35.600000,rcs:13.000000
timestame:1619471075.843000000,objid:3,type:0,xpos:0.000000,ypos:0.000000,xspeed:-8.670000,yspeed:-0.100000,angle:-8.450000,distense:78.600000,rcs:22.000000
timestame:1619471075.843000000,objid:5,type:0,xpos:0.000000,ypos:0.000000,xspeed:-9.500000,yspeed:-0.060000,angle:-12.560000,distense:58.000000,rcs:22.000000
timestame:1619471075.843000000,objid:6,type:0,xpos:0.000000,ypos:0.000000,xspeed:-5.370000,yspeed:-0.730000,angle:-17.090000,distense:59.200000,rcs:24.000000
