timestame:1619470611.355000000,objid:0,type:0,xpos:0.000000,ypos:0.000000,xspeed:-30.290000,yspeed:1.940000,angle:-3.440000,distense:196.000000,rcs:9.000000
timestame:1619470611.355000000,objid:2,type:0,xpos:0.000000,ypos:0.000000,xspeed:-1.820000,yspeed:6.750000,angle:-18.000000,distense:50.200000,rcs:15.000000
timestame:1619470611.355000000,objid:3,type:0,xpos:0.000000,ypos:0.000000,xspeed:1.400000,yspeed:4.470000,angle:-11.470000,distense:34.000000,rcs:9.000000
timestame:1619470611.355000000,objid:4,type:0,xpos:0.000000,ypos:0.000000,xspeed:5.110000,yspeed:1.500000,angle:-17.540000,distense:33.000000,rcs:15.000000
