timestame:1619471367.944000000,objid:1,type:0,xpos:0.000000,ypos:0.000000,xspeed:7.820000,yspeed:0.100000,angle:3.170000,distense:124.000000,rcs:16.000000
timestame:1619471367.944000000,objid:7,type:0,xpos:0.000000,ypos:0.000000,xspeed:11.680000,yspeed:0.150000,angle:1.490000,distense:164.400000,rcs:19.000000
