timestame:1619470876.792000000,objid:4,type:0,xpos:0.000000,ypos:0.000000,xspeed:2.700000,yspeed:0.270000,angle:2.150000,distense:29.400000,rcs:9.000000
timestame:1619470876.792000000,objid:11,type:0,xpos:0.000000,ypos:0.000000,xspeed:-2.010000,yspeed:-1.030000,angle:12.560000,distense:40.000000,rcs:31.000000
timestame:1619470876.792000000,objid:12,type:0,xpos:0.000000,ypos:0.000000,xspeed:1.760000,yspeed:-4.210000,angle:-4.820000,distense:52.000000,rcs:15.000000
timestame:1619470876.792000000,objid:14,type:0,xpos:0.000000,ypos:0.000000,xspeed:-6.150000,yspeed:0.260000,angle:-6.830000,distense:101.200000,rcs:13.000000
