timestame:1619470164.195000000,objid:3,type:0,xpos:0.000000,ypos:0.000000,xspeed:5.650000,yspeed:0.390000,angle:7.460000,distense:46.200000,rcs:25.000000
timestame:1619470164.195000000,objid:6,type:0,xpos:0.000000,ypos:0.000000,xspeed:1.150000,yspeed:0.210000,angle:1.200000,distense:21.200000,rcs:30.000000
