timestame:1619471221.025000000,objid:0,type:0,xpos:0.000000,ypos:0.000000,xspeed:1.320000,yspeed:0.840000,angle:1.600000,distense:54.200000,rcs:15.000000
timestame:1619471221.025000000,objid:6,type:0,xpos:0.000000,ypos:0.000000,xspeed:3.750000,yspeed:0.140000,angle:2.220000,distense:54.000000,rcs:12.000000
timestame:1619471221.025000000,objid:9,type:0,xpos:0.000000,ypos:0.000000,xspeed:3.820000,yspeed:0.270000,angle:2.850000,distense:35.400000,rcs:46.000000
timestame:1619471221.025000000,objid:10,type:0,xpos:0.000000,ypos:0.000000,xspeed:3.630000,yspeed:0.390000,angle:1.610000,distense:44.200000,rcs:12.000000
