timestame:1619471562.530000000,objid:0,type:0,xpos:0.000000,ypos:0.000000,xspeed:-4.400000,yspeed:-2.940000,angle:-18.000000,distense:29.400000,rcs:6.000000
timestame:1619471562.530000000,objid:3,type:0,xpos:0.000000,ypos:0.000000,xspeed:-1.960000,yspeed:-2.990000,angle:-18.000000,distense:33.800000,rcs:20.000000
timestame:1619471562.530000000,objid:5,type:0,xpos:0.000000,ypos:0.000000,xspeed:-3.580000,yspeed:-1.480000,angle:-18.000000,distense:31.200000,rcs:13.000000
timestame:1619471562.530000000,objid:10,type:0,xpos:0.000000,ypos:0.000000,xspeed:2.590000,yspeed:2.910000,angle:-16.880000,distense:61.000000,rcs:19.000000
