timestame:1619471408.382000000,objid:5,type:0,xpos:0.000000,ypos:0.000000,xspeed:-1.350000,yspeed:9.050000,angle:-9.660000,distense:43.400000,rcs:6.000000
timestame:1619471408.382000000,objid:7,type:0,xpos:0.000000,ypos:0.000000,xspeed:-1.480000,yspeed:-3.080000,angle:-10.190000,distense:41.000000,rcs:37.000000
timestame:1619471408.382000000,objid:12,type:0,xpos:0.000000,ypos:0.000000,xspeed:-10.770000,yspeed:1.620000,angle:-3.280000,distense:202.000000,rcs:12.000000
