timestame:1619471454.103000000,objid:3,type:0,xpos:0.000000,ypos:0.000000,xspeed:-1.390000,yspeed:-0.130000,angle:-6.860000,distense:98.800000,rcs:6.000000
timestame:1619471454.103000000,objid:13,type:0,xpos:0.000000,ypos:0.000000,xspeed:-3.990000,yspeed:-0.510000,angle:-13.630000,distense:26.200000,rcs:6.000000
