timestame:1619471372.983000000,objid:1,type:0,xpos:0.000000,ypos:0.000000,xspeed:9.250000,yspeed:0.190000,angle:2.400000,distense:169.600000,rcs:15.000000
timestame:1619471372.983000000,objid:7,type:0,xpos:0.000000,ypos:0.000000,xspeed:10.110000,yspeed:0.210000,angle:1.490000,distense:216.000000,rcs:15.000000
