timestame:1619469537.630000000,objid:4,type:0,xpos:0.000000,ypos:0.000000,xspeed:16.940000,yspeed:0.380000,angle:1.800000,distense:124.200000,rcs:26.000000
timestame:1619469537.630000000,objid:7,type:0,xpos:0.000000,ypos:0.000000,xspeed:17.090000,yspeed:0.210000,angle:1.350000,distense:131.800000,rcs:12.000000
