timestame:1619470840.495000000,objid:3,type:0,xpos:0.000000,ypos:0.000000,xspeed:2.750000,yspeed:2.400000,angle:-11.840000,distense:41.000000,rcs:9.000000
timestame:1619470840.495000000,objid:7,type:0,xpos:0.000000,ypos:0.000000,xspeed:13.290000,yspeed:0.410000,angle:2.390000,distense:210.800000,rcs:33.000000
