timestame:1619470227.659000000,objid:2,type:0,xpos:0.000000,ypos:0.000000,xspeed:-1.390000,yspeed:-2.800000,angle:-8.500000,distense:42.000000,rcs:41.000000
timestame:1619470227.659000000,objid:4,type:0,xpos:0.000000,ypos:0.000000,xspeed:7.920000,yspeed:-0.710000,angle:7.980000,distense:172.800000,rcs:9.000000
timestame:1619470227.659000000,objid:8,type:0,xpos:0.000000,ypos:0.000000,xspeed:-1.850000,yspeed:-2.520000,angle:-13.840000,distense:40.600000,rcs:19.000000
timestame:1619470227.659000000,objid:11,type:0,xpos:0.000000,ypos:0.000000,xspeed:-8.260000,yspeed:6.630000,angle:-2.530000,distense:188.600000,rcs:12.000000
