timestame:1619469753.728000000,objid:1,type:0,xpos:0.000000,ypos:0.000000,xspeed:4.870000,yspeed:3.490000,angle:-15.500000,distense:41.800000,rcs:6.000000
timestame:1619469753.728000000,objid:2,type:0,xpos:0.000000,ypos:0.000000,xspeed:24.840000,yspeed:5.630000,angle:-17.680000,distense:23.800000,rcs:20.000000
