timestame:1619470013.326000000,objid:0,type:0,xpos:0.000000,ypos:0.000000,xspeed:-1.710000,yspeed:-1.580000,angle:-18.000000,distense:33.400000,rcs:12.000000
timestame:1619470013.326000000,objid:9,type:0,xpos:0.000000,ypos:0.000000,xspeed:1.980000,yspeed:-1.870000,angle:-5.840000,distense:51.000000,rcs:12.000000
timestame:1619470013.326000000,objid:11,type:0,xpos:0.000000,ypos:0.000000,xspeed:1.450000,yspeed:-6.730000,angle:9.660000,distense:41.600000,rcs:29.000000
