timestame:1619470876.727000000,objid:4,type:0,xpos:0.000000,ypos:0.000000,xspeed:2.700000,yspeed:0.270000,angle:2.130000,distense:29.200000,rcs:9.000000
timestame:1619470876.727000000,objid:11,type:0,xpos:0.000000,ypos:0.000000,xspeed:-1.390000,yspeed:1.720000,angle:13.070000,distense:40.200000,rcs:34.000000
timestame:1619470876.727000000,objid:12,type:0,xpos:0.000000,ypos:0.000000,xspeed:1.890000,yspeed:-3.540000,angle:-4.230000,distense:51.800000,rcs:16.000000
timestame:1619470876.727000000,objid:14,type:0,xpos:0.000000,ypos:0.000000,xspeed:-6.470000,yspeed:-0.370000,angle:-7.070000,distense:101.400000,rcs:9.000000
