timestame:1619470691.846000000,objid:1,type:0,xpos:0.000000,ypos:0.000000,xspeed:3.440000,yspeed:0.090000,angle:7.240000,distense:35.200000,rcs:31.000000
timestame:1619470691.846000000,objid:2,type:0,xpos:0.000000,ypos:0.000000,xspeed:-2.190000,yspeed:-0.140000,angle:-18.000000,distense:37.800000,rcs:15.000000
timestame:1619470691.846000000,objid:3,type:0,xpos:0.000000,ypos:0.000000,xspeed:-8.530000,yspeed:0.080000,angle:-18.000000,distense:29.600000,rcs:6.000000
timestame:1619470691.846000000,objid:8,type:0,xpos:0.000000,ypos:0.000000,xspeed:-1.070000,yspeed:1.090000,angle:-18.000000,distense:27.200000,rcs:6.000000
