timestame:1619470464.503000000,objid:0,type:0,xpos:0.000000,ypos:0.000000,xspeed:-13.570000,yspeed:-0.650000,angle:-17.360000,distense:45.800000,rcs:25.000000
timestame:1619470464.503000000,objid:2,type:0,xpos:0.000000,ypos:0.000000,xspeed:5.840000,yspeed:-0.020000,angle:2.960000,distense:202.000000,rcs:9.000000
