timestame:1619470329.618000000,objid:0,type:0,xpos:0.000000,ypos:0.000000,xspeed:16.140000,yspeed:-0.330000,angle:0.580000,distense:171.600000,rcs:24.000000
timestame:1619470329.618000000,objid:2,type:0,xpos:0.000000,ypos:0.000000,xspeed:9.550000,yspeed:0.230000,angle:0.970000,distense:198.000000,rcs:16.000000
timestame:1619470329.618000000,objid:3,type:0,xpos:0.000000,ypos:0.000000,xspeed:14.210000,yspeed:0.270000,angle:2.340000,distense:222.800000,rcs:6.000000
timestame:1619470329.618000000,objid:5,type:0,xpos:0.000000,ypos:0.000000,xspeed:9.400000,yspeed:0.280000,angle:1.290000,distense:212.600000,rcs:9.000000
