timestame:1619470227.474000000,objid:4,type:0,xpos:0.000000,ypos:0.000000,xspeed:7.920000,yspeed:-0.710000,angle:8.130000,distense:171.000000,rcs:9.000000
timestame:1619470227.474000000,objid:8,type:0,xpos:0.000000,ypos:0.000000,xspeed:-1.750000,yspeed:-2.470000,angle:-12.730000,distense:41.000000,rcs:22.000000
timestame:1619470227.474000000,objid:11,type:0,xpos:0.000000,ypos:0.000000,xspeed:-8.260000,yspeed:6.630000,angle:-2.980000,distense:190.600000,rcs:12.000000
