timestame:1619470461.525000000,objid:0,type:0,xpos:0.000000,ypos:0.000000,xspeed:-15.930000,yspeed:-1.020000,angle:-8.470000,distense:84.000000,rcs:20.000000
timestame:1619470461.525000000,objid:2,type:0,xpos:0.000000,ypos:0.000000,xspeed:5.910000,yspeed:-0.010000,angle:3.180000,distense:184.000000,rcs:6.000000
