timestame:1619470288.009000000,objid:2,type:0,xpos:0.000000,ypos:0.000000,xspeed:-12.400000,yspeed:-0.180000,angle:-9.400000,distense:93.200000,rcs:27.000000
timestame:1619470288.009000000,objid:5,type:0,xpos:0.000000,ypos:0.000000,xspeed:-5.650000,yspeed:-0.510000,angle:-18.000000,distense:37.200000,rcs:19.000000
timestame:1619470288.009000000,objid:7,type:0,xpos:0.000000,ypos:0.000000,xspeed:-5.400000,yspeed:-0.370000,angle:-18.000000,distense:32.800000,rcs:22.000000
timestame:1619470288.009000000,objid:11,type:0,xpos:0.000000,ypos:0.000000,xspeed:-5.540000,yspeed:-0.420000,angle:-18.000000,distense:27.000000,rcs:12.000000
