timestame:1619470964.932000000,objid:0,type:0,xpos:0.000000,ypos:0.000000,xspeed:4.020000,yspeed:0.220000,angle:6.250000,distense:56.000000,rcs:37.000000
timestame:1619470964.932000000,objid:1,type:0,xpos:0.000000,ypos:0.000000,xspeed:12.170000,yspeed:-0.810000,angle:0.950000,distense:134.800000,rcs:9.000000
timestame:1619470964.932000000,objid:6,type:0,xpos:0.000000,ypos:0.000000,xspeed:10.610000,yspeed:0.480000,angle:2.030000,distense:113.000000,rcs:36.000000
timestame:1619470964.932000000,objid:12,type:0,xpos:0.000000,ypos:0.000000,xspeed:3.010000,yspeed:-0.060000,angle:4.720000,distense:63.400000,rcs:25.000000
