timestame:1619471077.403000000,objid:1,type:0,xpos:0.000000,ypos:0.000000,xspeed:-7.160000,yspeed:0.980000,angle:-17.070000,distense:55.400000,rcs:20.000000
timestame:1619471077.403000000,objid:3,type:0,xpos:0.000000,ypos:0.000000,xspeed:-9.210000,yspeed:-0.030000,angle:-10.570000,distense:63.800000,rcs:20.000000
timestame:1619471077.403000000,objid:5,type:0,xpos:0.000000,ypos:0.000000,xspeed:-9.970000,yspeed:-0.440000,angle:-18.000000,distense:42.600000,rcs:22.000000
timestame:1619471077.403000000,objid:6,type:0,xpos:0.000000,ypos:0.000000,xspeed:-5.760000,yspeed:-0.470000,angle:-18.000000,distense:50.600000,rcs:22.000000
