timestame:1619470053.822000000,objid:0,type:0,xpos:0.000000,ypos:0.000000,xspeed:7.730000,yspeed:-0.110000,angle:2.570000,distense:134.600000,rcs:6.000000
timestame:1619470053.822000000,objid:5,type:0,xpos:0.000000,ypos:0.000000,xspeed:8.310000,yspeed:-0.030000,angle:3.040000,distense:126.600000,rcs:20.000000
