timestame:1619470914.605000000,objid:0,type:0,xpos:0.000000,ypos:0.000000,xspeed:4.540000,yspeed:3.430000,angle:-14.220000,distense:37.600000,rcs:18.000000
timestame:1619470914.605000000,objid:3,type:0,xpos:0.000000,ypos:0.000000,xspeed:1.490000,yspeed:0.270000,angle:-5.700000,distense:40.600000,rcs:6.000000
timestame:1619470914.605000000,objid:10,type:0,xpos:0.000000,ypos:0.000000,xspeed:5.580000,yspeed:3.340000,angle:-16.410000,distense:45.400000,rcs:6.000000
