timestame:1619470226.970000000,objid:8,type:0,xpos:0.000000,ypos:0.000000,xspeed:-1.460000,yspeed:-2.610000,angle:-10.980000,distense:42.000000,rcs:34.000000
timestame:1619470226.970000000,objid:11,type:0,xpos:0.000000,ypos:0.000000,xspeed:-10.490000,yspeed:0.000000,angle:-3.340000,distense:195.200000,rcs:9.000000
