timestame:1619471463.237000000,objid:1,type:0,xpos:0.000000,ypos:0.000000,xspeed:-5.630000,yspeed:-0.710000,angle:-6.160000,distense:112.000000,rcs:20.000000
timestame:1619471463.237000000,objid:3,type:0,xpos:0.000000,ypos:0.000000,xspeed:-7.080000,yspeed:-0.920000,angle:-5.470000,distense:176.200000,rcs:12.000000
