timestame:1619470167.795000000,objid:0,type:0,xpos:0.000000,ypos:0.000000,xspeed:5.940000,yspeed:0.230000,angle:2.170000,distense:42.000000,rcs:32.000000
timestame:1619470167.795000000,objid:3,type:0,xpos:0.000000,ypos:0.000000,xspeed:7.650000,yspeed:0.400000,angle:5.930000,distense:73.800000,rcs:27.000000
