timestame:1619470665.358000000,objid:0,type:0,xpos:0.000000,ypos:0.000000,xspeed:-1.140000,yspeed:0.140000,angle:-9.650000,distense:93.000000,rcs:20.000000
timestame:1619470665.358000000,objid:3,type:0,xpos:0.000000,ypos:0.000000,xspeed:-1.650000,yspeed:-0.160000,angle:-8.260000,distense:103.800000,rcs:6.000000
