timestame:1619471449.067000000,objid:3,type:0,xpos:0.000000,ypos:0.000000,xspeed:-3.230000,yspeed:-0.070000,angle:-5.960000,distense:106.800000,rcs:18.000000
timestame:1619471449.067000000,objid:11,type:0,xpos:0.000000,ypos:0.000000,xspeed:-2.740000,yspeed:-0.530000,angle:-8.370000,distense:97.400000,rcs:18.000000
timestame:1619471449.067000000,objid:13,type:0,xpos:0.000000,ypos:0.000000,xspeed:-3.420000,yspeed:-0.020000,angle:17.180000,distense:45.600000,rcs:15.000000
