timestame:1619471220.778000000,objid:0,type:0,xpos:0.000000,ypos:0.000000,xspeed:1.430000,yspeed:1.410000,angle:1.750000,distense:54.000000,rcs:15.000000
timestame:1619471220.778000000,objid:6,type:0,xpos:0.000000,ypos:0.000000,xspeed:3.690000,yspeed:0.290000,angle:2.480000,distense:53.000000,rcs:15.000000
timestame:1619471220.778000000,objid:9,type:0,xpos:0.000000,ypos:0.000000,xspeed:3.770000,yspeed:0.180000,angle:2.600000,distense:34.400000,rcs:45.000000
timestame:1619471220.778000000,objid:10,type:0,xpos:0.000000,ypos:0.000000,xspeed:3.680000,yspeed:0.480000,angle:1.660000,distense:43.400000,rcs:6.000000
