timestame:1619470707.778000000,objid:1,type:0,xpos:0.000000,ypos:0.000000,xspeed:12.250000,yspeed:0.120000,angle:2.160000,distense:185.800000,rcs:18.000000
timestame:1619470707.778000000,objid:2,type:0,xpos:0.000000,ypos:0.000000,xspeed:3.170000,yspeed:1.180000,angle:-14.680000,distense:17.600000,rcs:22.000000
