timestame:1619469532.033000000,objid:1,type:0,xpos:0.000000,ypos:0.000000,xspeed:1.690000,yspeed:-4.970000,angle:-18.000000,distense:78.800000,rcs:9.000000
timestame:1619469532.033000000,objid:4,type:0,xpos:0.000000,ypos:0.000000,xspeed:16.120000,yspeed:1.710000,angle:2.830000,distense:29.800000,rcs:42.000000
timestame:1619469532.033000000,objid:7,type:0,xpos:0.000000,ypos:0.000000,xspeed:17.490000,yspeed:0.190000,angle:1.310000,distense:38.000000,rcs:34.000000
