timestame:1619469618.383000000,objid:1,type:0,xpos:0.000000,ypos:0.000000,xspeed:-1.560000,yspeed:0.260000,angle:-12.650000,distense:74.800000,rcs:24.000000
timestame:1619469618.383000000,objid:3,type:0,xpos:0.000000,ypos:0.000000,xspeed:-1.040000,yspeed:-0.060000,angle:-10.510000,distense:88.400000,rcs:22.000000
timestame:1619469618.383000000,objid:4,type:0,xpos:0.000000,ypos:0.000000,xspeed:-18.260000,yspeed:2.980000,angle:-4.150000,distense:137.400000,rcs:13.000000
