timestame:1619471447.392000000,objid:3,type:0,xpos:0.000000,ypos:0.000000,xspeed:-3.330000,yspeed:-0.070000,angle:-5.640000,distense:112.000000,rcs:16.000000
timestame:1619471447.392000000,objid:11,type:0,xpos:0.000000,ypos:0.000000,xspeed:-3.120000,yspeed:-0.710000,angle:-7.600000,distense:101.600000,rcs:20.000000
timestame:1619471447.392000000,objid:13,type:0,xpos:0.000000,ypos:0.000000,xspeed:-2.850000,yspeed:0.050000,angle:15.150000,distense:51.600000,rcs:19.000000
