timestame:1619470729.533000000,objid:0,type:0,xpos:0.000000,ypos:0.000000,xspeed:-12.530000,yspeed:-0.350000,angle:-12.560000,distense:58.800000,rcs:27.000000
timestame:1619470729.533000000,objid:1,type:0,xpos:0.000000,ypos:0.000000,xspeed:12.700000,yspeed:0.610000,angle:4.200000,distense:20.400000,rcs:34.000000
timestame:1619470729.533000000,objid:2,type:0,xpos:0.000000,ypos:0.000000,xspeed:11.990000,yspeed:-0.720000,angle:3.350000,distense:14.600000,rcs:37.000000
timestame:1619470729.533000000,objid:3,type:0,xpos:0.000000,ypos:0.000000,xspeed:-13.660000,yspeed:-1.250000,angle:-14.590000,distense:55.000000,rcs:22.000000
