timestame:1619471228.632000000,objid:0,type:0,xpos:0.000000,ypos:0.000000,xspeed:5.870000,yspeed:0.720000,angle:2.550000,distense:85.800000,rcs:6.000000
timestame:1619471228.632000000,objid:1,type:0,xpos:0.000000,ypos:0.000000,xspeed:4.250000,yspeed:-4.170000,angle:-18.000000,distense:57.000000,rcs:12.000000
timestame:1619471228.632000000,objid:9,type:0,xpos:0.000000,ypos:0.000000,xspeed:6.070000,yspeed:0.210000,angle:2.260000,distense:76.800000,rcs:37.000000
