timestame:1619470474.472000000,objid:1,type:0,xpos:0.000000,ypos:0.000000,xspeed:-11.590000,yspeed:-0.450000,angle:-4.730000,distense:142.400000,rcs:21.000000
timestame:1619470474.472000000,objid:2,type:0,xpos:0.000000,ypos:0.000000,xspeed:1.170000,yspeed:-0.650000,angle:14.210000,distense:71.600000,rcs:9.000000
