timestame:1619470116.882000000,objid:5,type:0,xpos:0.000000,ypos:0.000000,xspeed:-8.160000,yspeed:-0.550000,angle:13.940000,distense:30.800000,rcs:20.000000
timestame:1619470116.882000000,objid:10,type:0,xpos:0.000000,ypos:0.000000,xspeed:2.900000,yspeed:4.910000,angle:-9.110000,distense:41.600000,rcs:16.000000
