timestame:1619469947.240000000,objid:3,type:0,xpos:0.000000,ypos:0.000000,xspeed:1.640000,yspeed:0.150000,angle:0.900000,distense:18.000000,rcs:25.000000
timestame:1619469947.240000000,objid:5,type:0,xpos:0.000000,ypos:0.000000,xspeed:-6.740000,yspeed:-12.260000,angle:-18.000000,distense:56.800000,rcs:6.000000
