timestame:1619471363.023000000,objid:2,type:0,xpos:0.000000,ypos:0.000000,xspeed:6.360000,yspeed:-0.110000,angle:4.540000,distense:90.200000,rcs:20.000000
timestame:1619471363.023000000,objid:4,type:0,xpos:0.000000,ypos:0.000000,xspeed:6.270000,yspeed:0.160000,angle:5.370000,distense:84.000000,rcs:25.000000
timestame:1619471363.023000000,objid:7,type:0,xpos:0.000000,ypos:0.000000,xspeed:9.970000,yspeed:0.080000,angle:1.570000,distense:106.000000,rcs:18.000000
