timestame:1619471090.129000000,objid:0,type:0,xpos:0.000000,ypos:0.000000,xspeed:10.500000,yspeed:0.440000,angle:1.910000,distense:95.600000,rcs:16.000000
timestame:1619471090.129000000,objid:1,type:0,xpos:0.000000,ypos:0.000000,xspeed:10.030000,yspeed:0.520000,angle:6.480000,distense:47.400000,rcs:23.000000
timestame:1619471090.129000000,objid:2,type:0,xpos:0.000000,ypos:0.000000,xspeed:5.630000,yspeed:0.180000,angle:2.110000,distense:42.400000,rcs:47.000000
timestame:1619471090.129000000,objid:4,type:0,xpos:0.000000,ypos:0.000000,xspeed:-21.910000,yspeed:-1.060000,angle:-18.000000,distense:47.000000,rcs:9.000000
