timestame:1619470032.517000000,objid:1,type:0,xpos:0.000000,ypos:0.000000,xspeed:7.250000,yspeed:0.360000,angle:2.510000,distense:52.000000,rcs:33.000000
timestame:1619470032.517000000,objid:4,type:0,xpos:0.000000,ypos:0.000000,xspeed:12.000000,yspeed:0.220000,angle:1.870000,distense:85.600000,rcs:19.000000
timestame:1619470032.517000000,objid:7,type:0,xpos:0.000000,ypos:0.000000,xspeed:1.310000,yspeed:-0.490000,angle:6.910000,distense:22.400000,rcs:32.000000
