timestame:1619470535.537000000,objid:0,type:0,xpos:0.000000,ypos:0.000000,xspeed:5.660000,yspeed:1.470000,angle:17.190000,distense:30.600000,rcs:32.000000
timestame:1619470535.537000000,objid:4,type:0,xpos:0.000000,ypos:0.000000,xspeed:1.210000,yspeed:-0.310000,angle:19.610000,distense:24.000000,rcs:28.000000
