timestame:1619470639.709000000,objid:2,type:0,xpos:0.000000,ypos:0.000000,xspeed:-5.910000,yspeed:-1.340000,angle:-4.450000,distense:190.400000,rcs:18.000000
timestame:1619470639.709000000,objid:6,type:0,xpos:0.000000,ypos:0.000000,xspeed:-9.320000,yspeed:1.320000,angle:-18.000000,distense:49.000000,rcs:6.000000
timestame:1619470639.709000000,objid:7,type:0,xpos:0.000000,ypos:0.000000,xspeed:1.790000,yspeed:-11.040000,angle:-18.000000,distense:64.200000,rcs:9.000000
