timestame:1619471559.688000000,objid:3,type:0,xpos:0.000000,ypos:0.000000,xspeed:-2.070000,yspeed:-3.340000,angle:-4.390000,distense:37.000000,rcs:35.000000
timestame:1619471559.688000000,objid:6,type:0,xpos:0.000000,ypos:0.000000,xspeed:13.300000,yspeed:-6.140000,angle:-18.000000,distense:42.600000,rcs:9.000000
timestame:1619471559.688000000,objid:7,type:0,xpos:0.000000,ypos:0.000000,xspeed:-2.600000,yspeed:-1.380000,angle:-18.000000,distense:31.000000,rcs:9.000000
timestame:1619471559.688000000,objid:12,type:0,xpos:0.000000,ypos:0.000000,xspeed:2.570000,yspeed:2.340000,angle:-12.810000,distense:38.800000,rcs:9.000000
