timestame:1619470703.252000000,objid:0,type:0,xpos:0.000000,ypos:0.000000,xspeed:4.150000,yspeed:2.500000,angle:22.290000,distense:33.400000,rcs:13.000000
timestame:1619470703.252000000,objid:1,type:0,xpos:0.000000,ypos:0.000000,xspeed:10.540000,yspeed:-0.100000,angle:2.830000,distense:130.800000,rcs:13.000000
timestame:1619470703.252000000,objid:2,type:0,xpos:0.000000,ypos:0.000000,xspeed:-8.480000,yspeed:-0.360000,angle:-14.960000,distense:78.400000,rcs:6.000000
