timestame:1619470257.036000000,objid:4,type:0,xpos:0.000000,ypos:0.000000,xspeed:3.730000,yspeed:3.280000,angle:-10.050000,distense:42.600000,rcs:6.000000
timestame:1619470257.036000000,objid:8,type:0,xpos:0.000000,ypos:0.000000,xspeed:1.110000,yspeed:3.190000,angle:-5.920000,distense:48.000000,rcs:6.000000
