timestame:1619470331.282000000,objid:0,type:0,xpos:0.000000,ypos:0.000000,xspeed:16.480000,yspeed:-0.380000,angle:0.260000,distense:198.800000,rcs:22.000000
timestame:1619470331.282000000,objid:2,type:0,xpos:0.000000,ypos:0.000000,xspeed:10.060000,yspeed:0.400000,angle:1.180000,distense:215.000000,rcs:16.000000
timestame:1619470331.282000000,objid:4,type:0,xpos:0.000000,ypos:0.000000,xspeed:-1.280000,yspeed:0.870000,angle:15.270000,distense:66.400000,rcs:9.000000
