timestame:1619470766.481000000,objid:0,type:0,xpos:0.000000,ypos:0.000000,xspeed:-12.740000,yspeed:-8.460000,angle:-3.980000,distense:194.000000,rcs:25.000000
timestame:1619470766.481000000,objid:4,type:0,xpos:0.000000,ypos:0.000000,xspeed:-2.430000,yspeed:-1.250000,angle:-18.000000,distense:29.400000,rcs:9.000000
timestame:1619470766.481000000,objid:9,type:0,xpos:0.000000,ypos:0.000000,xspeed:6.540000,yspeed:0.350000,angle:2.710000,distense:47.600000,rcs:30.000000
