timestame:1619469621.178000000,objid:1,type:0,xpos:0.000000,ypos:0.000000,xspeed:-2.780000,yspeed:0.060000,angle:-14.260000,distense:66.800000,rcs:24.000000
timestame:1619469621.178000000,objid:2,type:0,xpos:0.000000,ypos:0.000000,xspeed:-3.350000,yspeed:-0.870000,angle:-12.680000,distense:78.400000,rcs:20.000000
timestame:1619469621.178000000,objid:4,type:0,xpos:0.000000,ypos:0.000000,xspeed:-15.620000,yspeed:0.240000,angle:-6.450000,distense:94.000000,rcs:9.000000
