timestame:1619470796.086000000,objid:3,type:0,xpos:0.000000,ypos:0.000000,xspeed:2.590000,yspeed:1.270000,angle:12.090000,distense:47.800000,rcs:26.000000
timestame:1619470796.086000000,objid:5,type:0,xpos:0.000000,ypos:0.000000,xspeed:2.180000,yspeed:-10.780000,angle:-18.000000,distense:64.400000,rcs:9.000000
timestame:1619470796.086000000,objid:12,type:0,xpos:0.000000,ypos:0.000000,xspeed:2.100000,yspeed:-11.300000,angle:-18.000000,distense:61.200000,rcs:20.000000
