timestame:1619471320.572000000,objid:0,type:0,xpos:0.000000,ypos:0.000000,xspeed:1.260000,yspeed:-9.540000,angle:18.370000,distense:48.800000,rcs:30.000000
timestame:1619471320.572000000,objid:1,type:0,xpos:0.000000,ypos:0.000000,xspeed:-7.090000,yspeed:-0.480000,angle:-6.740000,distense:97.600000,rcs:13.000000
timestame:1619471320.572000000,objid:3,type:0,xpos:0.000000,ypos:0.000000,xspeed:-14.820000,yspeed:-0.300000,angle:-3.510000,distense:176.400000,rcs:6.000000
