timestame:1619470143.022000000,objid:0,type:0,xpos:0.000000,ypos:0.000000,xspeed:4.630000,yspeed:0.190000,angle:19.930000,distense:25.600000,rcs:26.000000
timestame:1619470143.022000000,objid:1,type:0,xpos:0.000000,ypos:0.000000,xspeed:1.730000,yspeed:-0.210000,angle:13.520000,distense:30.000000,rcs:6.000000
timestame:1619470143.022000000,objid:3,type:0,xpos:0.000000,ypos:0.000000,xspeed:12.350000,yspeed:-7.930000,angle:4.900000,distense:33.400000,rcs:6.000000
timestame:1619470143.022000000,objid:4,type:0,xpos:0.000000,ypos:0.000000,xspeed:-3.600000,yspeed:1.030000,angle:15.890000,distense:24.600000,rcs:6.000000
