timestame:1619471036.277000000,objid:2,type:0,xpos:0.000000,ypos:0.000000,xspeed:-1.890000,yspeed:-3.870000,angle:-14.530000,distense:42.600000,rcs:19.000000
timestame:1619471036.277000000,objid:3,type:0,xpos:0.000000,ypos:0.000000,xspeed:1.850000,yspeed:-3.430000,angle:-17.080000,distense:48.200000,rcs:21.000000
timestame:1619471036.277000000,objid:7,type:0,xpos:0.000000,ypos:0.000000,xspeed:-1.660000,yspeed:-8.220000,angle:-7.870000,distense:76.200000,rcs:12.000000
timestame:1619471036.277000000,objid:8,type:0,xpos:0.000000,ypos:0.000000,xspeed:-2.280000,yspeed:-0.670000,angle:-18.000000,distense:32.000000,rcs:6.000000
