timestame:1619470643.297000000,objid:2,type:0,xpos:0.000000,ypos:0.000000,xspeed:-6.500000,yspeed:-0.040000,angle:-4.930000,distense:166.800000,rcs:9.000000
timestame:1619470643.297000000,objid:6,type:0,xpos:0.000000,ypos:0.000000,xspeed:3.940000,yspeed:-11.150000,angle:11.310000,distense:47.200000,rcs:34.000000
timestame:1619470643.297000000,objid:13,type:0,xpos:0.000000,ypos:0.000000,xspeed:-1.910000,yspeed:7.720000,angle:2.580000,distense:41.800000,rcs:22.000000
