timestame:1619469623.106000000,objid:1,type:0,xpos:0.000000,ypos:0.000000,xspeed:-3.940000,yspeed:0.020000,angle:-16.320000,distense:58.200000,rcs:16.000000
timestame:1619469623.106000000,objid:2,type:0,xpos:0.000000,ypos:0.000000,xspeed:-3.780000,yspeed:-0.130000,angle:-13.850000,distense:71.000000,rcs:23.000000
timestame:1619469623.106000000,objid:4,type:0,xpos:0.000000,ypos:0.000000,xspeed:-14.530000,yspeed:-0.260000,angle:-9.870000,distense:67.400000,rcs:19.000000
