timestame:1619470937.386000000,objid:7,type:0,xpos:0.000000,ypos:0.000000,xspeed:-1.570000,yspeed:-0.150000,angle:-11.840000,distense:78.000000,rcs:21.000000
timestame:1619470937.386000000,objid:10,type:0,xpos:0.000000,ypos:0.000000,xspeed:-1.490000,yspeed:-1.720000,angle:-9.660000,distense:79.000000,rcs:19.000000
timestame:1619470937.386000000,objid:12,type:0,xpos:0.000000,ypos:0.000000,xspeed:1.150000,yspeed:0.320000,angle:9.530000,distense:22.400000,rcs:25.000000
