timestame:1619470757.852000000,objid:1,type:0,xpos:0.000000,ypos:0.000000,xspeed:-1.260000,yspeed:-3.520000,angle:-11.910000,distense:39.200000,rcs:38.000000
timestame:1619470757.852000000,objid:2,type:0,xpos:0.000000,ypos:0.000000,xspeed:-2.520000,yspeed:-1.180000,angle:-18.000000,distense:29.400000,rcs:9.000000
timestame:1619470757.852000000,objid:10,type:0,xpos:0.000000,ypos:0.000000,xspeed:-3.060000,yspeed:-0.800000,angle:-18.000000,distense:25.600000,rcs:6.000000
