timestame:1619471167.338000000,objid:0,type:0,xpos:0.000000,ypos:0.000000,xspeed:-9.960000,yspeed:-0.110000,angle:-4.400000,distense:133.400000,rcs:18.000000
timestame:1619471167.338000000,objid:2,type:0,xpos:0.000000,ypos:0.000000,xspeed:-9.720000,yspeed:-0.420000,angle:-4.150000,distense:137.800000,rcs:9.000000
