timestame:1619470944.632000000,objid:1,type:0,xpos:0.000000,ypos:0.000000,xspeed:-6.910000,yspeed:0.110000,angle:-18.000000,distense:39.400000,rcs:18.000000
timestame:1619470944.632000000,objid:5,type:0,xpos:0.000000,ypos:0.000000,xspeed:-6.130000,yspeed:-0.240000,angle:-18.000000,distense:45.600000,rcs:15.000000
timestame:1619470944.632000000,objid:7,type:0,xpos:0.000000,ypos:0.000000,xspeed:-5.600000,yspeed:-0.660000,angle:-18.000000,distense:43.200000,rcs:13.000000
