timestame:1619470464.687000000,objid:0,type:0,xpos:0.000000,ypos:0.000000,xspeed:-13.560000,yspeed:-0.640000,angle:-18.000000,distense:43.600000,rcs:20.000000
timestame:1619470464.687000000,objid:2,type:0,xpos:0.000000,ypos:0.000000,xspeed:5.820000,yspeed:-0.010000,angle:2.950000,distense:203.000000,rcs:13.000000
