timestame:1619471056.535000000,objid:10,type:0,xpos:0.000000,ypos:0.000000,xspeed:-2.750000,yspeed:-2.380000,angle:-18.000000,distense:32.200000,rcs:12.000000
timestame:1619471056.535000000,objid:13,type:0,xpos:0.000000,ypos:0.000000,xspeed:1.210000,yspeed:-8.100000,angle:-8.430000,distense:62.400000,rcs:9.000000
timestame:1619471056.535000000,objid:14,type:0,xpos:0.000000,ypos:0.000000,xspeed:-1.850000,yspeed:-2.870000,angle:-18.000000,distense:35.400000,rcs:15.000000
