timestame:1619469788.565000000,objid:1,type:0,xpos:0.000000,ypos:0.000000,xspeed:-16.290000,yspeed:-0.460000,angle:-13.560000,distense:68.000000,rcs:28.000000
timestame:1619469788.565000000,objid:4,type:0,xpos:0.000000,ypos:0.000000,xspeed:-16.640000,yspeed:-0.710000,angle:-17.070000,distense:59.000000,rcs:26.000000
timestame:1619469788.565000000,objid:10,type:0,xpos:0.000000,ypos:0.000000,xspeed:17.040000,yspeed:0.340000,angle:1.210000,distense:225.800000,rcs:16.000000
