timestame:1619470053.268000000,objid:0,type:0,xpos:0.000000,ypos:0.000000,xspeed:7.730000,yspeed:-0.110000,angle:2.680000,distense:130.600000,rcs:6.000000
timestame:1619470053.268000000,objid:5,type:0,xpos:0.000000,ypos:0.000000,xspeed:8.040000,yspeed:0.070000,angle:3.260000,distense:121.800000,rcs:30.000000
