timestame:1619469556.745000000,objid:2,type:0,xpos:0.000000,ypos:0.000000,xspeed:-1.050000,yspeed:4.880000,angle:-12.370000,distense:37.400000,rcs:31.000000
timestame:1619469556.745000000,objid:4,type:0,xpos:0.000000,ypos:0.000000,xspeed:-1.690000,yspeed:6.480000,angle:2.610000,distense:41.200000,rcs:22.000000
timestame:1619469556.745000000,objid:5,type:0,xpos:0.000000,ypos:0.000000,xspeed:-2.630000,yspeed:8.160000,angle:8.400000,distense:40.400000,rcs:28.000000
timestame:1619469556.745000000,objid:10,type:0,xpos:0.000000,ypos:0.000000,xspeed:1.320000,yspeed:-4.770000,angle:3.000000,distense:50.200000,rcs:32.000000
