timestame:1619470533.418000000,objid:0,type:0,xpos:0.000000,ypos:0.000000,xspeed:5.820000,yspeed:0.000000,angle:20.590000,distense:18.200000,rcs:22.000000
timestame:1619470533.418000000,objid:2,type:0,xpos:0.000000,ypos:0.000000,xspeed:-8.760000,yspeed:-5.870000,angle:-8.020000,distense:117.800000,rcs:12.000000
timestame:1619470533.418000000,objid:3,type:0,xpos:0.000000,ypos:0.000000,xspeed:-3.430000,yspeed:-4.630000,angle:-8.210000,distense:110.400000,rcs:12.000000
