timestame:1619470701.754000000,objid:0,type:0,xpos:0.000000,ypos:0.000000,xspeed:5.120000,yspeed:2.200000,angle:19.220000,distense:26.800000,rcs:26.000000
timestame:1619470701.754000000,objid:1,type:0,xpos:0.000000,ypos:0.000000,xspeed:9.820000,yspeed:-0.020000,angle:3.400000,distense:114.200000,rcs:9.000000
timestame:1619470701.754000000,objid:2,type:0,xpos:0.000000,ypos:0.000000,xspeed:-8.860000,yspeed:0.270000,angle:-12.120000,distense:90.200000,rcs:13.000000
