timestame:1619470595.225000000,objid:1,type:0,xpos:0.000000,ypos:0.000000,xspeed:8.210000,yspeed:2.710000,angle:-16.180000,distense:28.000000,rcs:22.000000
timestame:1619470595.225000000,objid:5,type:0,xpos:0.000000,ypos:0.000000,xspeed:6.670000,yspeed:2.790000,angle:-16.810000,distense:39.000000,rcs:24.000000
timestame:1619470595.225000000,objid:6,type:0,xpos:0.000000,ypos:0.000000,xspeed:5.740000,yspeed:2.690000,angle:21.740000,distense:37.200000,rcs:6.000000
