timestame:1619470975.864000000,objid:0,type:0,xpos:0.000000,ypos:0.000000,xspeed:6.760000,yspeed:0.000000,angle:3.290000,distense:119.600000,rcs:27.000000
timestame:1619470975.864000000,objid:3,type:0,xpos:0.000000,ypos:0.000000,xspeed:7.230000,yspeed:-0.080000,angle:2.280000,distense:129.600000,rcs:6.000000
timestame:1619470975.864000000,objid:5,type:0,xpos:0.000000,ypos:0.000000,xspeed:-19.230000,yspeed:1.710000,angle:-6.410000,distense:126.400000,rcs:9.000000
timestame:1619470975.864000000,objid:9,type:0,xpos:0.000000,ypos:0.000000,xspeed:1.690000,yspeed:3.820000,angle:-4.310000,distense:46.000000,rcs:9.000000
