timestame:1619471125.045000000,objid:0,type:0,xpos:0.000000,ypos:0.000000,xspeed:-1.720000,yspeed:3.320000,angle:17.940000,distense:40.200000,rcs:21.000000
timestame:1619471125.045000000,objid:2,type:0,xpos:0.000000,ypos:0.000000,xspeed:-1.470000,yspeed:5.950000,angle:22.010000,distense:40.000000,rcs:33.000000
