timestame:1619469912.055000000,objid:1,type:0,xpos:0.000000,ypos:0.000000,xspeed:4.460000,yspeed:-0.100000,angle:1.630000,distense:84.800000,rcs:18.000000
timestame:1619469912.055000000,objid:2,type:0,xpos:0.000000,ypos:0.000000,xspeed:11.060000,yspeed:0.080000,angle:2.670000,distense:154.400000,rcs:19.000000
timestame:1619469912.055000000,objid:8,type:0,xpos:0.000000,ypos:0.000000,xspeed:4.380000,yspeed:0.050000,angle:2.190000,distense:78.000000,rcs:34.000000
