timestame:1619470146.006000000,objid:0,type:0,xpos:0.000000,ypos:0.000000,xspeed:3.220000,yspeed:1.970000,angle:-17.720000,distense:36.800000,rcs:6.000000
timestame:1619470146.006000000,objid:1,type:0,xpos:0.000000,ypos:0.000000,xspeed:5.820000,yspeed:2.320000,angle:21.990000,distense:23.000000,rcs:20.000000
timestame:1619470146.006000000,objid:2,type:0,xpos:0.000000,ypos:0.000000,xspeed:4.900000,yspeed:2.250000,angle:20.560000,distense:33.400000,rcs:16.000000
timestame:1619470146.006000000,objid:3,type:0,xpos:0.000000,ypos:0.000000,xspeed:-1.910000,yspeed:1.380000,angle:-9.810000,distense:75.000000,rcs:16.000000
