timestame:1619471162.994000000,objid:3,type:0,xpos:0.000000,ypos:0.000000,xspeed:4.890000,yspeed:3.850000,angle:-15.540000,distense:37.400000,rcs:15.000000
timestame:1619471162.994000000,objid:5,type:0,xpos:0.000000,ypos:0.000000,xspeed:3.380000,yspeed:5.520000,angle:-7.900000,distense:45.000000,rcs:6.000000
timestame:1619471162.994000000,objid:8,type:0,xpos:0.000000,ypos:0.000000,xspeed:4.410000,yspeed:3.550000,angle:-13.650000,distense:40.200000,rcs:21.000000
