timestame:1619470637.089000000,objid:2,type:0,xpos:0.000000,ypos:0.000000,xspeed:1.630000,yspeed:-6.780000,angle:-1.130000,distense:50.800000,rcs:20.000000
timestame:1619470637.089000000,objid:3,type:0,xpos:0.000000,ypos:0.000000,xspeed:4.260000,yspeed:-14.170000,angle:-1.030000,distense:51.000000,rcs:6.000000
timestame:1619470637.089000000,objid:4,type:0,xpos:0.000000,ypos:0.000000,xspeed:-6.160000,yspeed:8.660000,angle:-3.320000,distense:208.600000,rcs:13.000000
timestame:1619470637.089000000,objid:6,type:0,xpos:0.000000,ypos:0.000000,xspeed:3.250000,yspeed:-10.200000,angle:1.920000,distense:50.400000,rcs:32.000000
