timestame:1619470737.785000000,objid:0,type:0,xpos:0.000000,ypos:0.000000,xspeed:-16.700000,yspeed:-5.540000,angle:-4.890000,distense:151.400000,rcs:13.000000
timestame:1619470737.785000000,objid:1,type:0,xpos:0.000000,ypos:0.000000,xspeed:11.960000,yspeed:-0.060000,angle:1.240000,distense:119.600000,rcs:6.000000
timestame:1619470737.785000000,objid:6,type:0,xpos:0.000000,ypos:0.000000,xspeed:12.090000,yspeed:0.070000,angle:1.450000,distense:109.200000,rcs:39.000000
