timestame:1619470565.863000000,objid:0,type:0,xpos:0.000000,ypos:0.000000,xspeed:6.730000,yspeed:2.210000,angle:20.310000,distense:31.800000,rcs:28.000000
timestame:1619470565.863000000,objid:2,type:0,xpos:0.000000,ypos:0.000000,xspeed:-13.770000,yspeed:-6.590000,angle:-15.480000,distense:17.800000,rcs:26.000000
timestame:1619470565.863000000,objid:3,type:0,xpos:0.000000,ypos:0.000000,xspeed:12.880000,yspeed:0.200000,angle:1.420000,distense:131.400000,rcs:28.000000
