timestame:1619470458.174000000,objid:0,type:0,xpos:0.000000,ypos:0.000000,xspeed:-22.520000,yspeed:8.500000,angle:-4.690000,distense:139.600000,rcs:9.000000
timestame:1619470458.174000000,objid:2,type:0,xpos:0.000000,ypos:0.000000,xspeed:5.650000,yspeed:-0.080000,angle:3.610000,distense:164.000000,rcs:19.000000
