timestame:1619470729.472000000,objid:0,type:0,xpos:0.000000,ypos:0.000000,xspeed:-12.530000,yspeed:-0.350000,angle:-12.380000,distense:59.600000,rcs:27.000000
timestame:1619470729.472000000,objid:1,type:0,xpos:0.000000,ypos:0.000000,xspeed:12.600000,yspeed:0.520000,angle:4.150000,distense:19.600000,rcs:34.000000
timestame:1619470729.472000000,objid:2,type:0,xpos:0.000000,ypos:0.000000,xspeed:11.930000,yspeed:0.020000,angle:3.930000,distense:13.800000,rcs:39.000000
timestame:1619470729.472000000,objid:3,type:0,xpos:0.000000,ypos:0.000000,xspeed:-13.870000,yspeed:-1.270000,angle:-14.340000,distense:55.800000,rcs:25.000000
