timestame:1619470871.889000000,objid:1,type:0,xpos:0.000000,ypos:0.000000,xspeed:-6.980000,yspeed:-3.550000,angle:-4.220000,distense:141.200000,rcs:12.000000
timestame:1619470871.889000000,objid:4,type:0,xpos:0.000000,ypos:0.000000,xspeed:4.000000,yspeed:0.330000,angle:2.280000,distense:15.000000,rcs:35.000000
