timestame:1619469482.384000000,objid:0,type:0,xpos:0.000000,ypos:0.000000,xspeed:-1.040000,yspeed:-0.210000,angle:-11.790000,distense:79.400000,rcs:27.000000
timestame:1619469482.384000000,objid:1,type:0,xpos:0.000000,ypos:0.000000,xspeed:-4.340000,yspeed:-2.730000,angle:-11.900000,distense:81.600000,rcs:19.000000
timestame:1619469482.384000000,objid:3,type:0,xpos:0.000000,ypos:0.000000,xspeed:4.180000,yspeed:1.030000,angle:15.200000,distense:13.000000,rcs:19.000000
timestame:1619469482.384000000,objid:7,type:0,xpos:0.000000,ypos:0.000000,xspeed:-1.870000,yspeed:-0.240000,angle:-10.160000,distense:92.400000,rcs:12.000000
