timestame:1619469619.255000000,objid:1,type:0,xpos:0.000000,ypos:0.000000,xspeed:-2.000000,yspeed:0.140000,angle:-13.080000,distense:72.600000,rcs:22.000000
timestame:1619469619.255000000,objid:3,type:0,xpos:0.000000,ypos:0.000000,xspeed:-1.570000,yspeed:-0.130000,angle:-10.960000,distense:86.400000,rcs:21.000000
timestame:1619469619.255000000,objid:4,type:0,xpos:0.000000,ypos:0.000000,xspeed:-17.040000,yspeed:1.500000,angle:-4.560000,distense:122.800000,rcs:18.000000
