timestame:1619470125.086000000,objid:1,type:0,xpos:0.000000,ypos:0.000000,xspeed:4.250000,yspeed:3.890000,angle:-15.440000,distense:41.200000,rcs:12.000000
timestame:1619470125.086000000,objid:3,type:0,xpos:0.000000,ypos:0.000000,xspeed:-7.650000,yspeed:-0.890000,angle:12.750000,distense:35.800000,rcs:6.000000
timestame:1619470125.086000000,objid:4,type:0,xpos:0.000000,ypos:0.000000,xspeed:4.000000,yspeed:1.700000,angle:-17.510000,distense:32.600000,rcs:25.000000
timestame:1619470125.086000000,objid:6,type:0,xpos:0.000000,ypos:0.000000,xspeed:4.070000,yspeed:3.070000,angle:-14.050000,distense:38.800000,rcs:25.000000
