timestame:1619470733.634000000,objid:1,type:0,xpos:0.000000,ypos:0.000000,xspeed:12.210000,yspeed:0.540000,angle:3.150000,distense:70.400000,rcs:12.000000
timestame:1619470733.634000000,objid:6,type:0,xpos:0.000000,ypos:0.000000,xspeed:12.370000,yspeed:0.580000,angle:2.570000,distense:59.400000,rcs:42.000000
