timestame:1619471097.944000000,objid:2,type:0,xpos:0.000000,ypos:0.000000,xspeed:8.910000,yspeed:0.060000,angle:1.280000,distense:105.600000,rcs:28.000000
timestame:1619471097.944000000,objid:3,type:0,xpos:0.000000,ypos:0.000000,xspeed:-17.630000,yspeed:-1.060000,angle:-16.190000,distense:48.800000,rcs:32.000000
