timestame:1619469891.015000000,objid:2,type:0,xpos:0.000000,ypos:0.000000,xspeed:-4.150000,yspeed:-0.130000,angle:-14.940000,distense:52.000000,rcs:27.000000
timestame:1619469891.015000000,objid:5,type:0,xpos:0.000000,ypos:0.000000,xspeed:-3.020000,yspeed:0.010000,angle:-18.000000,distense:54.800000,rcs:25.000000
timestame:1619469891.015000000,objid:10,type:0,xpos:0.000000,ypos:0.000000,xspeed:-12.390000,yspeed:-0.450000,angle:-4.150000,distense:157.400000,rcs:12.000000
timestame:1619469891.015000000,objid:16,type:0,xpos:0.000000,ypos:0.000000,xspeed:-3.860000,yspeed:-0.060000,angle:-11.810000,distense:63.400000,rcs:29.000000
