timestame:1619470182.191000000,objid:1,type:0,xpos:0.000000,ypos:0.000000,xspeed:13.320000,yspeed:0.000000,angle:1.320000,distense:172.600000,rcs:21.000000
timestame:1619470182.191000000,objid:3,type:0,xpos:0.000000,ypos:0.000000,xspeed:-16.030000,yspeed:2.670000,angle:-3.210000,distense:134.400000,rcs:6.000000
timestame:1619470182.191000000,objid:8,type:0,xpos:0.000000,ypos:0.000000,xspeed:8.760000,yspeed:0.510000,angle:4.180000,distense:109.600000,rcs:16.000000
timestame:1619470182.191000000,objid:11,type:0,xpos:0.000000,ypos:0.000000,xspeed:8.050000,yspeed:0.230000,angle:4.850000,distense:98.200000,rcs:32.000000
