timestame:1619469624.675000000,objid:1,type:0,xpos:0.000000,ypos:0.000000,xspeed:-4.430000,yspeed:-0.250000,angle:-18.000000,distense:51.200000,rcs:27.000000
timestame:1619469624.675000000,objid:2,type:0,xpos:0.000000,ypos:0.000000,xspeed:-4.180000,yspeed:-0.170000,angle:-15.630000,distense:64.400000,rcs:21.000000
timestame:1619469624.675000000,objid:4,type:0,xpos:0.000000,ypos:0.000000,xspeed:-13.310000,yspeed:-0.490000,angle:-15.020000,distense:48.800000,rcs:19.000000
