timestame:1619470071.837000000,objid:3,type:0,xpos:0.000000,ypos:0.000000,xspeed:-1.550000,yspeed:2.780000,angle:14.300000,distense:48.800000,rcs:35.000000
timestame:1619470071.837000000,objid:4,type:0,xpos:0.000000,ypos:0.000000,xspeed:-1.540000,yspeed:2.650000,angle:18.330000,distense:44.000000,rcs:22.000000
timestame:1619470071.837000000,objid:8,type:0,xpos:0.000000,ypos:0.000000,xspeed:2.410000,yspeed:2.430000,angle:-12.510000,distense:37.000000,rcs:13.000000
