timestame:1619469916.454000000,objid:1,type:0,xpos:0.000000,ypos:0.000000,xspeed:5.490000,yspeed:-0.020000,angle:1.450000,distense:108.800000,rcs:20.000000
timestame:1619469916.454000000,objid:2,type:0,xpos:0.000000,ypos:0.000000,xspeed:13.630000,yspeed:0.370000,angle:2.430000,distense:214.200000,rcs:19.000000
timestame:1619469916.454000000,objid:8,type:0,xpos:0.000000,ypos:0.000000,xspeed:5.540000,yspeed:0.010000,angle:1.580000,distense:102.000000,rcs:28.000000
