timestame:1619471563.337000000,objid:3,type:0,xpos:0.000000,ypos:0.000000,xspeed:-2.260000,yspeed:-2.500000,angle:-18.000000,distense:32.400000,rcs:20.000000
timestame:1619471563.337000000,objid:5,type:0,xpos:0.000000,ypos:0.000000,xspeed:-2.860000,yspeed:-0.330000,angle:-18.000000,distense:29.600000,rcs:13.000000
timestame:1619471563.337000000,objid:6,type:0,xpos:0.000000,ypos:0.000000,xspeed:7.590000,yspeed:-7.110000,angle:-18.000000,distense:65.400000,rcs:6.000000
timestame:1619471563.337000000,objid:10,type:0,xpos:0.000000,ypos:0.000000,xspeed:2.250000,yspeed:2.990000,angle:-14.410000,distense:61.600000,rcs:22.000000
