timestame:1619469975.778000000,objid:2,type:0,xpos:0.000000,ypos:0.000000,xspeed:-1.560000,yspeed:-1.290000,angle:-18.000000,distense:32.400000,rcs:27.000000
timestame:1619469975.778000000,objid:4,type:0,xpos:0.000000,ypos:0.000000,xspeed:5.160000,yspeed:-6.510000,angle:6.620000,distense:44.400000,rcs:33.000000
timestame:1619469975.778000000,objid:6,type:0,xpos:0.000000,ypos:0.000000,xspeed:-1.430000,yspeed:-2.050000,angle:-18.000000,distense:35.000000,rcs:24.000000
timestame:1619469975.778000000,objid:7,type:0,xpos:0.000000,ypos:0.000000,xspeed:-3.640000,yspeed:-5.340000,angle:-18.000000,distense:36.000000,rcs:28.000000
