timestame:1619470700.944000000,objid:1,type:0,xpos:0.000000,ypos:0.000000,xspeed:9.380000,yspeed:0.210000,angle:3.910000,distense:106.000000,rcs:6.000000
timestame:1619470700.944000000,objid:2,type:0,xpos:0.000000,ypos:0.000000,xspeed:-8.990000,yspeed:0.710000,angle:-11.080000,distense:96.800000,rcs:15.000000
