timestame:1619470140.357000000,objid:0,type:0,xpos:0.000000,ypos:0.000000,xspeed:-6.810000,yspeed:-0.430000,angle:18.840000,distense:21.600000,rcs:6.000000
timestame:1619470140.357000000,objid:2,type:0,xpos:0.000000,ypos:0.000000,xspeed:-23.930000,yspeed:-3.340000,angle:21.130000,distense:14.600000,rcs:6.000000
