timestame:1619470475.720000000,objid:1,type:0,xpos:0.000000,ypos:0.000000,xspeed:-11.650000,yspeed:-0.270000,angle:-5.240000,distense:128.400000,rcs:12.000000
timestame:1619470475.720000000,objid:2,type:0,xpos:0.000000,ypos:0.000000,xspeed:1.100000,yspeed:-0.360000,angle:13.810000,distense:72.800000,rcs:12.000000
