timestame:1619471085.162000000,objid:0,type:0,xpos:0.000000,ypos:0.000000,xspeed:8.830000,yspeed:0.560000,angle:1.390000,distense:47.200000,rcs:36.000000
timestame:1619471085.162000000,objid:11,type:0,xpos:0.000000,ypos:0.000000,xspeed:1.590000,yspeed:0.040000,angle:2.660000,distense:17.600000,rcs:6.000000
