timestame:1619469695.360000000,objid:1,type:0,xpos:0.000000,ypos:0.000000,xspeed:-1.490000,yspeed:6.770000,angle:10.520000,distense:41.000000,rcs:30.000000
timestame:1619469695.360000000,objid:7,type:0,xpos:0.000000,ypos:0.000000,xspeed:-1.450000,yspeed:7.250000,angle:6.300000,distense:41.800000,rcs:28.000000
timestame:1619469695.360000000,objid:8,type:0,xpos:0.000000,ypos:0.000000,xspeed:2.250000,yspeed:-7.740000,angle:-18.000000,distense:78.800000,rcs:6.000000
