timestame:1619471002.223000000,objid:1,type:0,xpos:0.000000,ypos:0.000000,xspeed:-13.540000,yspeed:-0.940000,angle:-5.220000,distense:153.800000,rcs:18.000000
timestame:1619471002.223000000,objid:3,type:0,xpos:0.000000,ypos:0.000000,xspeed:1.660000,yspeed:-1.710000,angle:-12.530000,distense:46.800000,rcs:20.000000
timestame:1619471002.223000000,objid:4,type:0,xpos:0.000000,ypos:0.000000,xspeed:2.320000,yspeed:-0.600000,angle:-1.230000,distense:15.600000,rcs:20.000000
