timestame:1619470221.821000000,objid:8,type:0,xpos:0.000000,ypos:0.000000,xspeed:-5.860000,yspeed:12.120000,angle:-18.000000,distense:45.400000,rcs:9.000000
timestame:1619470221.821000000,objid:11,type:0,xpos:0.000000,ypos:0.000000,xspeed:-1.890000,yspeed:6.540000,angle:-15.860000,distense:44.600000,rcs:16.000000
