timestame:1619469852.882000000,objid:4,type:0,xpos:0.000000,ypos:0.000000,xspeed:-2.880000,yspeed:-1.870000,angle:-18.000000,distense:29.200000,rcs:6.000000
timestame:1619469852.882000000,objid:10,type:0,xpos:0.000000,ypos:0.000000,xspeed:-12.000000,yspeed:-2.140000,angle:-4.420000,distense:164.000000,rcs:25.000000
timestame:1619469852.882000000,objid:11,type:0,xpos:0.000000,ypos:0.000000,xspeed:4.370000,yspeed:0.000000,angle:-10.120000,distense:45.800000,rcs:6.000000
timestame:1619469852.882000000,objid:18,type:0,xpos:0.000000,ypos:0.000000,xspeed:1.650000,yspeed:0.550000,angle:-9.220000,distense:90.200000,rcs:12.000000
