timestame:1619470746.165000000,objid:0,type:0,xpos:0.000000,ypos:0.000000,xspeed:-2.190000,yspeed:-0.150000,angle:-8.690000,distense:82.600000,rcs:9.000000
timestame:1619470746.165000000,objid:6,type:0,xpos:0.000000,ypos:0.000000,xspeed:12.600000,yspeed:0.540000,angle:1.480000,distense:214.200000,rcs:20.000000
