timestame:1619471517.552000000,objid:3,type:0,xpos:0.000000,ypos:0.000000,xspeed:29.220000,yspeed:-0.240000,angle:0.280000,distense:179.800000,rcs:9.000000
timestame:1619471517.552000000,objid:7,type:0,xpos:0.000000,ypos:0.000000,xspeed:16.070000,yspeed:0.290000,angle:1.600000,distense:174.000000,rcs:6.000000
timestame:1619471517.552000000,objid:10,type:0,xpos:0.000000,ypos:0.000000,xspeed:16.030000,yspeed:0.110000,angle:1.360000,distense:163.400000,rcs:29.000000
