timestame:1619471500.405000000,objid:0,type:0,xpos:0.000000,ypos:0.000000,xspeed:7.920000,yspeed:0.130000,angle:1.750000,distense:100.800000,rcs:28.000000
timestame:1619471500.405000000,objid:3,type:0,xpos:0.000000,ypos:0.000000,xspeed:8.170000,yspeed:-0.020000,angle:3.050000,distense:130.800000,rcs:12.000000
timestame:1619471500.405000000,objid:4,type:0,xpos:0.000000,ypos:0.000000,xspeed:-10.490000,yspeed:0.000000,angle:1.610000,distense:104.200000,rcs:9.000000
timestame:1619471500.405000000,objid:10,type:0,xpos:0.000000,ypos:0.000000,xspeed:7.450000,yspeed:0.250000,angle:5.050000,distense:89.200000,rcs:20.000000
