timestame:1619469566.467000000,objid:1,type:0,xpos:0.000000,ypos:0.000000,xspeed:35.920000,yspeed:-5.570000,angle:2.770000,distense:57.000000,rcs:13.000000
timestame:1619469566.467000000,objid:5,type:0,xpos:0.000000,ypos:0.000000,xspeed:-1.480000,yspeed:-2.780000,angle:-12.390000,distense:49.400000,rcs:15.000000
timestame:1619469566.467000000,objid:6,type:0,xpos:0.000000,ypos:0.000000,xspeed:-10.810000,yspeed:-2.640000,angle:-4.380000,distense:198.200000,rcs:15.000000
