timestame:1619471152.821000000,objid:0,type:0,xpos:0.000000,ypos:0.000000,xspeed:-1.180000,yspeed:7.920000,angle:19.410000,distense:40.600000,rcs:6.000000
timestame:1619471152.821000000,objid:1,type:0,xpos:0.000000,ypos:0.000000,xspeed:-7.660000,yspeed:-4.680000,angle:8.790000,distense:80.800000,rcs:9.000000
timestame:1619471152.821000000,objid:2,type:0,xpos:0.000000,ypos:0.000000,xspeed:-2.390000,yspeed:10.980000,angle:18.920000,distense:40.000000,rcs:21.000000
