timestame:1619470343.010000000,objid:2,type:0,xpos:0.000000,ypos:0.000000,xspeed:-1.500000,yspeed:-2.060000,angle:21.990000,distense:42.600000,rcs:23.000000
timestame:1619470343.010000000,objid:6,type:0,xpos:0.000000,ypos:0.000000,xspeed:-2.310000,yspeed:5.210000,angle:-18.000000,distense:38.000000,rcs:15.000000
