timestame:1619470438.727000000,objid:1,type:0,xpos:0.000000,ypos:0.000000,xspeed:13.680000,yspeed:0.680000,angle:2.580000,distense:38.000000,rcs:34.000000
timestame:1619470438.727000000,objid:2,type:0,xpos:0.000000,ypos:0.000000,xspeed:3.790000,yspeed:0.070000,angle:10.990000,distense:70.200000,rcs:18.000000
