timestame:1619470758.232000000,objid:1,type:0,xpos:0.000000,ypos:0.000000,xspeed:-1.310000,yspeed:-3.170000,angle:-12.980000,distense:38.800000,rcs:35.000000
timestame:1619470758.232000000,objid:10,type:0,xpos:0.000000,ypos:0.000000,xspeed:-2.910000,yspeed:-0.710000,angle:-18.000000,distense:25.200000,rcs:6.000000
