timestame:1619470019.833000000,objid:11,type:0,xpos:0.000000,ypos:0.000000,xspeed:-1.330000,yspeed:-2.900000,angle:-18.000000,distense:36.800000,rcs:16.000000
timestame:1619470019.833000000,objid:13,type:0,xpos:0.000000,ypos:0.000000,xspeed:-2.040000,yspeed:5.870000,angle:-10.420000,distense:43.200000,rcs:6.000000
timestame:1619470019.833000000,objid:15,type:0,xpos:0.000000,ypos:0.000000,xspeed:-1.900000,yspeed:-2.460000,angle:-18.000000,distense:34.800000,rcs:18.000000
