timestame:1619471209.490000000,objid:0,type:0,xpos:0.000000,ypos:0.000000,xspeed:-7.030000,yspeed:-2.910000,angle:-16.820000,distense:58.000000,rcs:18.000000
timestame:1619471209.490000000,objid:2,type:0,xpos:0.000000,ypos:0.000000,xspeed:-7.610000,yspeed:-4.820000,angle:-18.000000,distense:37.600000,rcs:18.000000
timestame:1619471209.490000000,objid:5,type:0,xpos:0.000000,ypos:0.000000,xspeed:-5.960000,yspeed:-0.360000,angle:-18.000000,distense:54.000000,rcs:22.000000
timestame:1619471209.490000000,objid:11,type:0,xpos:0.000000,ypos:0.000000,xspeed:-6.150000,yspeed:-0.190000,angle:-18.000000,distense:41.600000,rcs:15.000000
