timestame:1619470011.717000000,objid:0,type:0,xpos:0.000000,ypos:0.000000,xspeed:-2.030000,yspeed:-0.810000,angle:-17.660000,distense:34.600000,rcs:19.000000
timestame:1619470011.717000000,objid:1,type:0,xpos:0.000000,ypos:0.000000,xspeed:-2.040000,yspeed:0.000000,angle:-11.050000,distense:46.200000,rcs:19.000000
timestame:1619470011.717000000,objid:2,type:0,xpos:0.000000,ypos:0.000000,xspeed:-2.040000,yspeed:0.000000,angle:-12.550000,distense:43.200000,rcs:27.000000
