timestame:1619469999.257000000,objid:7,type:0,xpos:0.000000,ypos:0.000000,xspeed:-13.300000,yspeed:-6.300000,angle:-18.000000,distense:31.800000,rcs:19.000000
timestame:1619469999.257000000,objid:11,type:0,xpos:0.000000,ypos:0.000000,xspeed:-1.820000,yspeed:-0.900000,angle:-18.000000,distense:31.800000,rcs:9.000000
timestame:1619469999.257000000,objid:15,type:0,xpos:0.000000,ypos:0.000000,xspeed:-1.490000,yspeed:-1.550000,angle:-18.000000,distense:34.200000,rcs:9.000000
