timestame:1619470690.790000000,objid:0,type:0,xpos:0.000000,ypos:0.000000,xspeed:-4.940000,yspeed:-0.210000,angle:-18.000000,distense:27.000000,rcs:6.000000
timestame:1619470690.790000000,objid:1,type:0,xpos:0.000000,ypos:0.000000,xspeed:2.590000,yspeed:0.060000,angle:8.160000,distense:30.400000,rcs:26.000000
timestame:1619470690.790000000,objid:8,type:0,xpos:0.000000,ypos:0.000000,xspeed:-11.130000,yspeed:-2.550000,angle:-18.000000,distense:28.400000,rcs:6.000000
