timestame:1619470769.885000000,objid:0,type:0,xpos:0.000000,ypos:0.000000,xspeed:-11.440000,yspeed:-0.510000,angle:-5.590000,distense:154.600000,rcs:16.000000
timestame:1619470769.885000000,objid:1,type:0,xpos:0.000000,ypos:0.000000,xspeed:11.680000,yspeed:0.290000,angle:2.120000,distense:86.200000,rcs:28.000000
timestame:1619470769.885000000,objid:2,type:0,xpos:0.000000,ypos:0.000000,xspeed:-10.490000,yspeed:-1.200000,angle:-6.280000,distense:152.400000,rcs:13.000000
