timestame:1619471223.935000000,objid:0,type:0,xpos:0.000000,ypos:0.000000,xspeed:2.260000,yspeed:0.360000,angle:2.050000,distense:61.000000,rcs:6.000000
timestame:1619471223.935000000,objid:1,type:0,xpos:0.000000,ypos:0.000000,xspeed:6.080000,yspeed:-0.160000,angle:-4.910000,distense:32.200000,rcs:34.000000
timestame:1619471223.935000000,objid:6,type:0,xpos:0.000000,ypos:0.000000,xspeed:4.530000,yspeed:0.350000,angle:2.570000,distense:67.800000,rcs:6.000000
timestame:1619471223.935000000,objid:9,type:0,xpos:0.000000,ypos:0.000000,xspeed:4.620000,yspeed:0.200000,angle:2.870000,distense:49.200000,rcs:47.000000
