timestame:1619470013.264000000,objid:0,type:0,xpos:0.000000,ypos:0.000000,xspeed:-1.690000,yspeed:-1.600000,angle:-18.000000,distense:33.400000,rcs:31.000000
timestame:1619470013.264000000,objid:9,type:0,xpos:0.000000,ypos:0.000000,xspeed:1.980000,yspeed:-1.870000,angle:-5.730000,distense:51.000000,rcs:12.000000
timestame:1619470013.264000000,objid:11,type:0,xpos:0.000000,ypos:0.000000,xspeed:1.450000,yspeed:-6.730000,angle:10.220000,distense:41.600000,rcs:29.000000
