timestame:1619471231.985000000,objid:0,type:0,xpos:0.000000,ypos:0.000000,xspeed:6.930000,yspeed:-0.050000,angle:1.720000,distense:109.200000,rcs:6.000000
timestame:1619471231.985000000,objid:9,type:0,xpos:0.000000,ypos:0.000000,xspeed:6.870000,yspeed:-0.020000,angle:1.650000,distense:100.400000,rcs:37.000000
