timestame:1619471061.944000000,objid:0,type:0,xpos:0.000000,ypos:0.000000,xspeed:-8.470000,yspeed:2.880000,angle:-4.270000,distense:130.800000,rcs:9.000000
timestame:1619471061.944000000,objid:8,type:0,xpos:0.000000,ypos:0.000000,xspeed:-1.180000,yspeed:3.110000,angle:-1.910000,distense:35.800000,rcs:26.000000
timestame:1619471061.944000000,objid:9,type:0,xpos:0.000000,ypos:0.000000,xspeed:-1.900000,yspeed:-0.190000,angle:-9.560000,distense:76.800000,rcs:13.000000
