timestame:1619469998.199000000,objid:10,type:0,xpos:0.000000,ypos:0.000000,xspeed:-1.120000,yspeed:-3.230000,angle:-18.000000,distense:37.200000,rcs:19.000000
timestame:1619469998.199000000,objid:11,type:0,xpos:0.000000,ypos:0.000000,xspeed:-1.220000,yspeed:-0.630000,angle:-18.000000,distense:33.400000,rcs:6.000000
timestame:1619469998.199000000,objid:15,type:0,xpos:0.000000,ypos:0.000000,xspeed:-1.210000,yspeed:-1.820000,angle:-18.000000,distense:35.200000,rcs:9.000000
