timestame:1619470639.154000000,objid:2,type:0,xpos:0.000000,ypos:0.000000,xspeed:-5.900000,yspeed:1.770000,angle:-4.050000,distense:193.800000,rcs:12.000000
timestame:1619470639.154000000,objid:5,type:0,xpos:0.000000,ypos:0.000000,xspeed:2.590000,yspeed:2.500000,angle:-5.760000,distense:34.600000,rcs:6.000000
timestame:1619470639.154000000,objid:7,type:0,xpos:0.000000,ypos:0.000000,xspeed:1.650000,yspeed:-10.860000,angle:-18.000000,distense:60.400000,rcs:9.000000
