timestame:1619471243.333000000,objid:0,type:0,xpos:0.000000,ypos:0.000000,xspeed:-3.260000,yspeed:1.680000,angle:-18.000000,distense:74.600000,rcs:16.000000
timestame:1619471243.333000000,objid:9,type:0,xpos:0.000000,ypos:0.000000,xspeed:10.060000,yspeed:0.200000,angle:1.270000,distense:203.800000,rcs:19.000000
