timestame:1619471453.348000000,objid:3,type:0,xpos:0.000000,ypos:0.000000,xspeed:-1.500000,yspeed:-0.230000,angle:-6.880000,distense:99.800000,rcs:13.000000
timestame:1619471453.348000000,objid:11,type:0,xpos:0.000000,ypos:0.000000,xspeed:-1.140000,yspeed:0.150000,angle:-7.480000,distense:92.400000,rcs:6.000000
timestame:1619471453.348000000,objid:13,type:0,xpos:0.000000,ypos:0.000000,xspeed:-4.110000,yspeed:-0.230000,angle:-14.730000,distense:29.000000,rcs:12.000000
