timestame:1619471562.653000000,objid:0,type:0,xpos:0.000000,ypos:0.000000,xspeed:-4.400000,yspeed:-2.940000,angle:-18.000000,distense:29.200000,rcs:6.000000
timestame:1619471562.653000000,objid:3,type:0,xpos:0.000000,ypos:0.000000,xspeed:-2.000000,yspeed:-2.880000,angle:-18.000000,distense:33.600000,rcs:20.000000
timestame:1619471562.653000000,objid:5,type:0,xpos:0.000000,ypos:0.000000,xspeed:-3.450000,yspeed:-1.000000,angle:-18.000000,distense:30.800000,rcs:26.000000
timestame:1619471562.653000000,objid:10,type:0,xpos:0.000000,ypos:0.000000,xspeed:2.500000,yspeed:2.810000,angle:-16.670000,distense:61.200000,rcs:22.000000
