timestame:1619470963.557000000,objid:0,type:0,xpos:0.000000,ypos:0.000000,xspeed:3.690000,yspeed:0.190000,angle:6.680000,distense:50.000000,rcs:34.000000
timestame:1619470963.557000000,objid:6,type:0,xpos:0.000000,ypos:0.000000,xspeed:10.180000,yspeed:0.520000,angle:1.990000,distense:97.800000,rcs:29.000000
timestame:1619470963.557000000,objid:12,type:0,xpos:0.000000,ypos:0.000000,xspeed:3.150000,yspeed:0.040000,angle:5.180000,distense:59.600000,rcs:22.000000
