timestame:1619469714.499000000,objid:1,type:0,xpos:0.000000,ypos:0.000000,xspeed:-1.710000,yspeed:6.260000,angle:20.260000,distense:37.000000,rcs:20.000000
timestame:1619469714.499000000,objid:3,type:0,xpos:0.000000,ypos:0.000000,xspeed:13.790000,yspeed:-1.050000,angle:1.000000,distense:152.200000,rcs:6.000000
timestame:1619469714.499000000,objid:6,type:0,xpos:0.000000,ypos:0.000000,xspeed:-1.590000,yspeed:7.090000,angle:19.190000,distense:37.000000,rcs:9.000000
