timestame:1619471439.440000000,objid:1,type:0,xpos:0.000000,ypos:0.000000,xspeed:-1.080000,yspeed:-5.180000,angle:-9.070000,distense:39.200000,rcs:33.000000
timestame:1619471439.440000000,objid:6,type:0,xpos:0.000000,ypos:0.000000,xspeed:5.890000,yspeed:0.650000,angle:-6.500000,distense:93.600000,rcs:9.000000
timestame:1619471439.440000000,objid:8,type:0,xpos:0.000000,ypos:0.000000,xspeed:-4.190000,yspeed:-2.220000,angle:-18.000000,distense:28.600000,rcs:12.000000
