timestame:1619469976.764000000,objid:2,type:0,xpos:0.000000,ypos:0.000000,xspeed:-1.250000,yspeed:-0.910000,angle:-18.000000,distense:32.000000,rcs:19.000000
timestame:1619469976.764000000,objid:4,type:0,xpos:0.000000,ypos:0.000000,xspeed:1.530000,yspeed:-1.810000,angle:5.690000,distense:44.200000,rcs:31.000000
timestame:1619469976.764000000,objid:6,type:0,xpos:0.000000,ypos:0.000000,xspeed:-2.190000,yspeed:-2.770000,angle:-18.000000,distense:33.400000,rcs:18.000000
timestame:1619469976.764000000,objid:7,type:0,xpos:0.000000,ypos:0.000000,xspeed:-3.890000,yspeed:-4.510000,angle:-18.000000,distense:34.400000,rcs:9.000000
