timestame:1619469927.552000000,objid:1,type:0,xpos:0.000000,ypos:0.000000,xspeed:6.870000,yspeed:0.150000,angle:1.460000,distense:178.400000,rcs:12.000000
timestame:1619469927.552000000,objid:8,type:0,xpos:0.000000,ypos:0.000000,xspeed:7.030000,yspeed:0.110000,angle:1.270000,distense:172.000000,rcs:12.000000
