timestame:1619470028.983000000,objid:1,type:0,xpos:0.000000,ypos:0.000000,xspeed:4.870000,yspeed:0.590000,angle:2.210000,distense:27.200000,rcs:9.000000
timestame:1619470028.983000000,objid:2,type:0,xpos:0.000000,ypos:0.000000,xspeed:6.540000,yspeed:0.270000,angle:2.330000,distense:44.800000,rcs:37.000000
