timestame:1619471452.664000000,objid:3,type:0,xpos:0.000000,ypos:0.000000,xspeed:-1.990000,yspeed:-0.180000,angle:-6.730000,distense:100.000000,rcs:15.000000
timestame:1619471452.664000000,objid:11,type:0,xpos:0.000000,ypos:0.000000,xspeed:-1.330000,yspeed:0.300000,angle:-7.380000,distense:92.800000,rcs:9.000000
timestame:1619471452.664000000,objid:13,type:0,xpos:0.000000,ypos:0.000000,xspeed:-3.980000,yspeed:-0.050000,angle:-16.610000,distense:32.000000,rcs:6.000000
