timestame:1619469974.962000000,objid:6,type:0,xpos:0.000000,ypos:0.000000,xspeed:-1.050000,yspeed:-1.870000,angle:-15.070000,distense:36.200000,rcs:19.000000
timestame:1619469974.962000000,objid:7,type:0,xpos:0.000000,ypos:0.000000,xspeed:-2.120000,yspeed:-4.070000,angle:-16.370000,distense:37.800000,rcs:37.000000
timestame:1619469974.962000000,objid:14,type:0,xpos:0.000000,ypos:0.000000,xspeed:-2.120000,yspeed:-2.320000,angle:-18.000000,distense:32.000000,rcs:13.000000
timestame:1619469974.962000000,objid:16,type:0,xpos:0.000000,ypos:0.000000,xspeed:2.790000,yspeed:-20.480000,angle:-18.000000,distense:70.800000,rcs:6.000000
