timestame:1619471068.272000000,objid:0,type:0,xpos:0.000000,ypos:0.000000,xspeed:-5.670000,yspeed:-0.280000,angle:-7.310000,distense:93.600000,rcs:12.000000
timestame:1619471068.272000000,objid:3,type:0,xpos:0.000000,ypos:0.000000,xspeed:-6.880000,yspeed:-0.250000,angle:-4.920000,distense:136.800000,rcs:13.000000
timestame:1619471068.272000000,objid:5,type:0,xpos:0.000000,ypos:0.000000,xspeed:-11.250000,yspeed:-0.620000,angle:-6.850000,distense:128.600000,rcs:13.000000
timestame:1619471068.272000000,objid:9,type:0,xpos:0.000000,ypos:0.000000,xspeed:-2.640000,yspeed:-0.230000,angle:-12.410000,distense:64.000000,rcs:18.000000
