timestame:1619471096.953000000,objid:2,type:0,xpos:0.000000,ypos:0.000000,xspeed:8.370000,yspeed:-0.090000,angle:1.220000,distense:95.800000,rcs:30.000000
timestame:1619471096.953000000,objid:3,type:0,xpos:0.000000,ypos:0.000000,xspeed:-15.930000,yspeed:-1.280000,angle:-10.840000,distense:67.000000,rcs:33.000000
