timestame:1619471449.998000000,objid:3,type:0,xpos:0.000000,ypos:0.000000,xspeed:-2.900000,yspeed:-0.060000,angle:-6.100000,distense:104.400000,rcs:20.000000
timestame:1619471449.998000000,objid:11,type:0,xpos:0.000000,ypos:0.000000,xspeed:-2.310000,yspeed:-0.250000,angle:-8.340000,distense:95.800000,rcs:9.000000
timestame:1619471449.998000000,objid:13,type:0,xpos:0.000000,ypos:0.000000,xspeed:-3.490000,yspeed:0.060000,angle:18.840000,distense:42.200000,rcs:12.000000
