timestame:1619470051.779000000,objid:0,type:0,xpos:0.000000,ypos:0.000000,xspeed:7.300000,yspeed:-0.220000,angle:2.970000,distense:118.400000,rcs:6.000000
timestame:1619470051.779000000,objid:5,type:0,xpos:0.000000,ypos:0.000000,xspeed:7.340000,yspeed:0.070000,angle:3.600000,distense:108.800000,rcs:22.000000
