timestame:1619471263.593000000,objid:2,type:0,xpos:0.000000,ypos:0.000000,xspeed:12.850000,yspeed:0.050000,angle:2.920000,distense:120.800000,rcs:28.000000
timestame:1619471263.593000000,objid:6,type:0,xpos:0.000000,ypos:0.000000,xspeed:12.790000,yspeed:-0.160000,angle:2.640000,distense:132.800000,rcs:6.000000
timestame:1619471263.593000000,objid:10,type:0,xpos:0.000000,ypos:0.000000,xspeed:12.750000,yspeed:0.010000,angle:3.220000,distense:108.400000,rcs:24.000000
