timestame:1619471307.402000000,objid:0,type:0,xpos:0.000000,ypos:0.000000,xspeed:3.610000,yspeed:0.510000,angle:18.490000,distense:26.600000,rcs:22.000000
timestame:1619471307.402000000,objid:2,type:0,xpos:0.000000,ypos:0.000000,xspeed:4.570000,yspeed:2.010000,angle:-16.610000,distense:25.200000,rcs:16.000000
