timestame:1619471078.333000000,objid:1,type:0,xpos:0.000000,ypos:0.000000,xspeed:-6.760000,yspeed:-0.430000,angle:-18.000000,distense:49.800000,rcs:22.000000
timestame:1619471078.333000000,objid:3,type:0,xpos:0.000000,ypos:0.000000,xspeed:-9.250000,yspeed:-0.160000,angle:-12.720000,distense:55.000000,rcs:13.000000
timestame:1619471078.333000000,objid:5,type:0,xpos:0.000000,ypos:0.000000,xspeed:-10.270000,yspeed:-0.650000,angle:-18.000000,distense:33.400000,rcs:6.000000
timestame:1619471078.333000000,objid:6,type:0,xpos:0.000000,ypos:0.000000,xspeed:-5.630000,yspeed:-0.450000,angle:-18.000000,distense:45.800000,rcs:34.000000
