timestame:1619469482.445000000,objid:0,type:0,xpos:0.000000,ypos:0.000000,xspeed:-1.070000,yspeed:-0.210000,angle:-11.810000,distense:79.400000,rcs:30.000000
timestame:1619469482.445000000,objid:1,type:0,xpos:0.000000,ypos:0.000000,xspeed:-4.340000,yspeed:-2.730000,angle:-12.050000,distense:81.400000,rcs:19.000000
timestame:1619469482.445000000,objid:3,type:0,xpos:0.000000,ypos:0.000000,xspeed:4.120000,yspeed:0.780000,angle:14.740000,distense:13.200000,rcs:18.000000
timestame:1619469482.445000000,objid:7,type:0,xpos:0.000000,ypos:0.000000,xspeed:-2.100000,yspeed:-0.230000,angle:-10.220000,distense:92.000000,rcs:12.000000
