timestame:1619470290.255000000,objid:2,type:0,xpos:0.000000,ypos:0.000000,xspeed:-12.020000,yspeed:-0.390000,angle:-13.740000,distense:67.600000,rcs:27.000000
timestame:1619470290.255000000,objid:5,type:0,xpos:0.000000,ypos:0.000000,xspeed:-6.340000,yspeed:-0.440000,angle:-18.000000,distense:25.200000,rcs:6.000000
timestame:1619470290.255000000,objid:7,type:0,xpos:0.000000,ypos:0.000000,xspeed:-5.490000,yspeed:-0.150000,angle:-18.000000,distense:22.800000,rcs:6.000000
