timestame:1619471151.764000000,objid:0,type:0,xpos:0.000000,ypos:0.000000,xspeed:-1.530000,yspeed:9.770000,angle:9.070000,distense:39.800000,rcs:25.000000
timestame:1619471151.764000000,objid:1,type:0,xpos:0.000000,ypos:0.000000,xspeed:-8.700000,yspeed:-1.860000,angle:11.160000,distense:89.200000,rcs:16.000000
timestame:1619471151.764000000,objid:2,type:0,xpos:0.000000,ypos:0.000000,xspeed:-1.190000,yspeed:5.010000,angle:-2.540000,distense:40.600000,rcs:9.000000
timestame:1619471151.764000000,objid:7,type:0,xpos:0.000000,ypos:0.000000,xspeed:-1.020000,yspeed:6.440000,angle:2.880000,distense:40.600000,rcs:6.000000
