timestame:1619470715.263000000,objid:0,type:0,xpos:0.000000,ypos:0.000000,xspeed:22.140000,yspeed:0.000000,angle:-13.280000,distense:49.800000,rcs:15.000000
timestame:1619470715.263000000,objid:3,type:0,xpos:0.000000,ypos:0.000000,xspeed:3.620000,yspeed:3.480000,angle:-11.390000,distense:40.400000,rcs:13.000000
