timestame:1619469853.379000000,objid:0,type:0,xpos:0.000000,ypos:0.000000,xspeed:3.030000,yspeed:-4.440000,angle:7.480000,distense:46.000000,rcs:38.000000
timestame:1619469853.379000000,objid:10,type:0,xpos:0.000000,ypos:0.000000,xspeed:-11.820000,yspeed:-0.270000,angle:-4.140000,distense:158.400000,rcs:16.000000
timestame:1619469853.379000000,objid:18,type:0,xpos:0.000000,ypos:0.000000,xspeed:1.660000,yspeed:0.400000,angle:-9.100000,distense:91.000000,rcs:13.000000
