timestame:1619471136.622000000,objid:3,type:0,xpos:0.000000,ypos:0.000000,xspeed:-1.090000,yspeed:-1.550000,angle:13.740000,distense:38.800000,rcs:33.000000
timestame:1619471136.622000000,objid:4,type:0,xpos:0.000000,ypos:0.000000,xspeed:3.630000,yspeed:-1.500000,angle:10.270000,distense:42.400000,rcs:32.000000
timestame:1619471136.622000000,objid:6,type:0,xpos:0.000000,ypos:0.000000,xspeed:-1.920000,yspeed:-1.370000,angle:16.990000,distense:48.800000,rcs:25.000000
