timestame:1619470593.490000000,objid:0,type:0,xpos:0.000000,ypos:0.000000,xspeed:-14.610000,yspeed:-0.660000,angle:-18.000000,distense:28.000000,rcs:6.000000
timestame:1619470593.490000000,objid:5,type:0,xpos:0.000000,ypos:0.000000,xspeed:8.330000,yspeed:2.550000,angle:-16.400000,distense:27.200000,rcs:33.000000
timestame:1619470593.490000000,objid:6,type:0,xpos:0.000000,ypos:0.000000,xspeed:6.820000,yspeed:2.610000,angle:20.500000,distense:27.000000,rcs:24.000000
