timestame:1619470059.052000000,objid:0,type:0,xpos:0.000000,ypos:0.000000,xspeed:-12.810000,yspeed:0.380000,angle:-4.510000,distense:90.800000,rcs:19.000000
timestame:1619470059.052000000,objid:5,type:0,xpos:0.000000,ypos:0.000000,xspeed:9.410000,yspeed:0.320000,angle:2.730000,distense:176.400000,rcs:29.000000
