timestame:1619471062.319000000,objid:0,type:0,xpos:0.000000,ypos:0.000000,xspeed:-7.490000,yspeed:1.370000,angle:-4.530000,distense:128.600000,rcs:9.000000
timestame:1619471062.319000000,objid:8,type:0,xpos:0.000000,ypos:0.000000,xspeed:-1.250000,yspeed:3.150000,angle:-0.040000,distense:35.200000,rcs:25.000000
timestame:1619471062.319000000,objid:9,type:0,xpos:0.000000,ypos:0.000000,xspeed:-1.660000,yspeed:-0.280000,angle:-9.780000,distense:76.600000,rcs:12.000000
