timestame:1619470766.851000000,objid:0,type:0,xpos:0.000000,ypos:0.000000,xspeed:-12.130000,yspeed:-5.740000,angle:-4.500000,distense:189.800000,rcs:18.000000
timestame:1619470766.851000000,objid:9,type:0,xpos:0.000000,ypos:0.000000,xspeed:6.910000,yspeed:0.270000,angle:2.530000,distense:50.600000,rcs:26.000000
