timestame:1619470991.533000000,objid:3,type:0,xpos:0.000000,ypos:0.000000,xspeed:5.290000,yspeed:-0.130000,angle:6.740000,distense:109.600000,rcs:6.000000
timestame:1619470991.533000000,objid:4,type:0,xpos:0.000000,ypos:0.000000,xspeed:-13.580000,yspeed:-0.690000,angle:-18.000000,distense:37.000000,rcs:13.000000
