timestame:1619470646.767000000,objid:2,type:0,xpos:0.000000,ypos:0.000000,xspeed:-5.710000,yspeed:-0.140000,angle:-5.870000,distense:146.800000,rcs:15.000000
timestame:1619470646.767000000,objid:4,type:0,xpos:0.000000,ypos:0.000000,xspeed:-1.280000,yspeed:-4.120000,angle:-14.220000,distense:42.400000,rcs:29.000000
timestame:1619470646.767000000,objid:7,type:0,xpos:0.000000,ypos:0.000000,xspeed:-1.340000,yspeed:-4.600000,angle:-17.630000,distense:45.000000,rcs:30.000000
timestame:1619470646.767000000,objid:8,type:0,xpos:0.000000,ypos:0.000000,xspeed:-1.840000,yspeed:-5.350000,angle:1.260000,distense:81.200000,rcs:9.000000
