timestame:1619470375.212000000,objid:1,type:0,xpos:0.000000,ypos:0.000000,xspeed:-1.660000,yspeed:-3.300000,angle:-18.000000,distense:37.600000,rcs:24.000000
timestame:1619470375.212000000,objid:8,type:0,xpos:0.000000,ypos:0.000000,xspeed:2.270000,yspeed:2.460000,angle:3.070000,distense:64.000000,rcs:15.000000
timestame:1619470375.212000000,objid:18,type:0,xpos:0.000000,ypos:0.000000,xspeed:-7.290000,yspeed:0.050000,angle:-7.380000,distense:90.200000,rcs:19.000000
