timestame:1619469856.727000000,objid:0,type:0,xpos:0.000000,ypos:0.000000,xspeed:-1.860000,yspeed:-1.570000,angle:-6.840000,distense:43.600000,rcs:40.000000
timestame:1619469856.727000000,objid:3,type:0,xpos:0.000000,ypos:0.000000,xspeed:-1.180000,yspeed:-2.930000,angle:-15.040000,distense:42.800000,rcs:12.000000
timestame:1619469856.727000000,objid:5,type:0,xpos:0.000000,ypos:0.000000,xspeed:-1.630000,yspeed:-1.700000,angle:-8.100000,distense:60.200000,rcs:6.000000
timestame:1619469856.727000000,objid:10,type:0,xpos:0.000000,ypos:0.000000,xspeed:-10.610000,yspeed:-0.010000,angle:-5.270000,distense:122.600000,rcs:16.000000
