timestame:1619470477.029000000,objid:0,type:0,xpos:0.000000,ypos:0.000000,xspeed:-9.680000,yspeed:-1.460000,angle:-5.490000,distense:117.200000,rcs:26.000000
timestame:1619470477.029000000,objid:1,type:0,xpos:0.000000,ypos:0.000000,xspeed:-11.310000,yspeed:-0.300000,angle:-6.140000,distense:113.600000,rcs:19.000000
timestame:1619470477.029000000,objid:2,type:0,xpos:0.000000,ypos:0.000000,xspeed:1.110000,yspeed:-0.110000,angle:13.740000,distense:74.200000,rcs:6.000000
