timestame:1619470944.693000000,objid:1,type:0,xpos:0.000000,ypos:0.000000,xspeed:-6.960000,yspeed:0.080000,angle:-18.000000,distense:39.000000,rcs:12.000000
timestame:1619470944.693000000,objid:5,type:0,xpos:0.000000,ypos:0.000000,xspeed:-6.200000,yspeed:-0.290000,angle:-18.000000,distense:45.000000,rcs:20.000000
timestame:1619470944.693000000,objid:7,type:0,xpos:0.000000,ypos:0.000000,xspeed:-5.600000,yspeed:-0.660000,angle:-18.000000,distense:42.800000,rcs:13.000000
