timestame:1619470215.006000000,objid:7,type:0,xpos:0.000000,ypos:0.000000,xspeed:-2.890000,yspeed:7.550000,angle:-11.370000,distense:44.800000,rcs:21.000000
timestame:1619470215.006000000,objid:9,type:0,xpos:0.000000,ypos:0.000000,xspeed:-1.550000,yspeed:9.970000,angle:20.790000,distense:39.600000,rcs:9.000000
timestame:1619470215.006000000,objid:10,type:0,xpos:0.000000,ypos:0.000000,xspeed:-2.860000,yspeed:-1.780000,angle:9.980000,distense:105.200000,rcs:12.000000
timestame:1619470215.006000000,objid:11,type:0,xpos:0.000000,ypos:0.000000,xspeed:2.030000,yspeed:0.000000,angle:22.130000,distense:40.000000,rcs:15.000000
