timestame:1619469557.187000000,objid:4,type:0,xpos:0.000000,ypos:0.000000,xspeed:-1.580000,yspeed:6.650000,angle:7.400000,distense:41.000000,rcs:27.000000
timestame:1619469557.187000000,objid:5,type:0,xpos:0.000000,ypos:0.000000,xspeed:-2.080000,yspeed:7.060000,angle:12.270000,distense:40.400000,rcs:35.000000
timestame:1619469557.187000000,objid:10,type:0,xpos:0.000000,ypos:0.000000,xspeed:1.200000,yspeed:-5.550000,angle:-0.710000,distense:50.600000,rcs:20.000000
