timestame:1619470564.072000000,objid:1,type:0,xpos:0.000000,ypos:0.000000,xspeed:6.930000,yspeed:-0.440000,angle:3.270000,distense:209.600000,rcs:19.000000
timestame:1619470564.072000000,objid:3,type:0,xpos:0.000000,ypos:0.000000,xspeed:11.120000,yspeed:0.140000,angle:1.510000,distense:106.600000,rcs:24.000000
timestame:1619470564.072000000,objid:6,type:0,xpos:0.000000,ypos:0.000000,xspeed:-4.900000,yspeed:-0.090000,angle:-18.000000,distense:38.600000,rcs:9.000000
