timestame:1619471139.782000000,objid:3,type:0,xpos:0.000000,ypos:0.000000,xspeed:-1.780000,yspeed:-2.180000,angle:-18.000000,distense:34.000000,rcs:12.000000
timestame:1619471139.782000000,objid:7,type:0,xpos:0.000000,ypos:0.000000,xspeed:-2.980000,yspeed:-10.040000,angle:-7.880000,distense:39.000000,rcs:19.000000
timestame:1619471139.782000000,objid:11,type:0,xpos:0.000000,ypos:0.000000,xspeed:16.310000,yspeed:0.000000,angle:-17.020000,distense:59.200000,rcs:9.000000
