timestame:1619470791.875000000,objid:0,type:0,xpos:0.000000,ypos:0.000000,xspeed:1.190000,yspeed:0.130000,angle:2.030000,distense:19.400000,rcs:16.000000
timestame:1619470791.875000000,objid:2,type:0,xpos:0.000000,ypos:0.000000,xspeed:1.200000,yspeed:-7.830000,angle:20.280000,distense:46.200000,rcs:26.000000
timestame:1619470791.875000000,objid:5,type:0,xpos:0.000000,ypos:0.000000,xspeed:-2.240000,yspeed:-1.910000,angle:-18.000000,distense:45.400000,rcs:15.000000
