timestame:1619469994.653000000,objid:6,type:0,xpos:0.000000,ypos:0.000000,xspeed:-5.790000,yspeed:3.130000,angle:21.820000,distense:51.000000,rcs:9.000000
timestame:1619469994.653000000,objid:8,type:0,xpos:0.000000,ypos:0.000000,xspeed:1.130000,yspeed:3.270000,angle:-3.470000,distense:41.600000,rcs:6.000000
timestame:1619469994.653000000,objid:15,type:0,xpos:0.000000,ypos:0.000000,xspeed:-1.330000,yspeed:-2.470000,angle:-16.600000,distense:36.600000,rcs:33.000000
timestame:1619469994.653000000,objid:24,type:0,xpos:0.000000,ypos:0.000000,xspeed:2.580000,yspeed:2.500000,angle:-12.710000,distense:37.200000,rcs:18.000000
