timestame:1619470145.883000000,objid:0,type:0,xpos:0.000000,ypos:0.000000,xspeed:3.320000,yspeed:1.980000,angle:-17.900000,distense:36.600000,rcs:9.000000
timestame:1619470145.883000000,objid:1,type:0,xpos:0.000000,ypos:0.000000,xspeed:6.000000,yspeed:3.110000,angle:22.250000,distense:22.400000,rcs:19.000000
timestame:1619470145.883000000,objid:2,type:0,xpos:0.000000,ypos:0.000000,xspeed:5.120000,yspeed:2.250000,angle:20.400000,distense:32.800000,rcs:18.000000
