timestame:1619470569.011000000,objid:1,type:0,xpos:0.000000,ypos:0.000000,xspeed:4.150000,yspeed:2.640000,angle:-14.490000,distense:35.000000,rcs:18.000000
timestame:1619470569.011000000,objid:3,type:0,xpos:0.000000,ypos:0.000000,xspeed:15.380000,yspeed:0.120000,angle:1.050000,distense:182.200000,rcs:25.000000
timestame:1619470569.011000000,objid:6,type:0,xpos:0.000000,ypos:0.000000,xspeed:-33.800000,yspeed:0.000000,angle:-4.140000,distense:37.200000,rcs:9.000000
timestame:1619470569.011000000,objid:8,type:0,xpos:0.000000,ypos:0.000000,xspeed:2.890000,yspeed:4.270000,angle:-6.720000,distense:48.400000,rcs:6.000000
