timestame:1619471269.840000000,objid:2,type:0,xpos:0.000000,ypos:0.000000,xspeed:13.910000,yspeed:0.230000,angle:2.020000,distense:206.000000,rcs:13.000000
timestame:1619471269.840000000,objid:4,type:0,xpos:0.000000,ypos:0.000000,xspeed:-1.720000,yspeed:-6.650000,angle:17.670000,distense:52.600000,rcs:26.000000
timestame:1619471269.840000000,objid:6,type:0,xpos:0.000000,ypos:0.000000,xspeed:13.660000,yspeed:0.090000,angle:1.840000,distense:217.200000,rcs:9.000000
timestame:1619471269.840000000,objid:10,type:0,xpos:0.000000,ypos:0.000000,xspeed:13.930000,yspeed:0.020000,angle:1.820000,distense:193.400000,rcs:22.000000
