timestame:1619471370.367000000,objid:1,type:0,xpos:0.000000,ypos:0.000000,xspeed:8.440000,yspeed:-0.050000,angle:2.560000,distense:144.600000,rcs:19.000000
timestame:1619471370.367000000,objid:7,type:0,xpos:0.000000,ypos:0.000000,xspeed:10.860000,yspeed:0.220000,angle:1.530000,distense:189.800000,rcs:15.000000
