timestame:1619470980.783000000,objid:0,type:0,xpos:0.000000,ypos:0.000000,xspeed:7.630000,yspeed:0.020000,angle:2.270000,distense:156.200000,rcs:16.000000
timestame:1619470980.783000000,objid:1,type:0,xpos:0.000000,ypos:0.000000,xspeed:-14.720000,yspeed:-0.550000,angle:-4.790000,distense:132.800000,rcs:15.000000
timestame:1619470980.783000000,objid:3,type:0,xpos:0.000000,ypos:0.000000,xspeed:3.450000,yspeed:-3.360000,angle:20.790000,distense:62.200000,rcs:6.000000
timestame:1619470980.783000000,objid:4,type:0,xpos:0.000000,ypos:0.000000,xspeed:-19.530000,yspeed:-1.050000,angle:-18.000000,distense:36.400000,rcs:16.000000
