timestame:1619470735.372000000,objid:1,type:0,xpos:0.000000,ypos:0.000000,xspeed:12.120000,yspeed:-0.250000,angle:1.580000,distense:91.200000,rcs:13.000000
timestame:1619470735.372000000,objid:6,type:0,xpos:0.000000,ypos:0.000000,xspeed:12.150000,yspeed:0.250000,angle:2.030000,distense:80.400000,rcs:36.000000
