timestame:1619470707.162000000,objid:0,type:0,xpos:0.000000,ypos:0.000000,xspeed:2.670000,yspeed:-3.370000,angle:-18.000000,distense:72.000000,rcs:6.000000
timestame:1619470707.162000000,objid:1,type:0,xpos:0.000000,ypos:0.000000,xspeed:12.050000,yspeed:0.010000,angle:2.150000,distense:178.000000,rcs:9.000000
timestame:1619470707.162000000,objid:2,type:0,xpos:0.000000,ypos:0.000000,xspeed:4.720000,yspeed:1.480000,angle:-14.650000,distense:16.600000,rcs:20.000000
timestame:1619470707.162000000,objid:4,type:0,xpos:0.000000,ypos:0.000000,xspeed:-14.020000,yspeed:-6.030000,angle:-17.930000,distense:6.600000,rcs:20.000000
