timestame:1619470046.192000000,objid:0,type:0,xpos:0.000000,ypos:0.000000,xspeed:6.640000,yspeed:-0.020000,angle:4.360000,distense:79.000000,rcs:16.000000
timestame:1619470046.192000000,objid:3,type:0,xpos:0.000000,ypos:0.000000,xspeed:14.600000,yspeed:0.110000,angle:1.190000,distense:193.400000,rcs:12.000000
timestame:1619470046.192000000,objid:5,type:0,xpos:0.000000,ypos:0.000000,xspeed:6.430000,yspeed:0.430000,angle:5.540000,distense:69.000000,rcs:27.000000
