timestame:1619470952.139000000,objid:0,type:0,xpos:0.000000,ypos:0.000000,xspeed:5.090000,yspeed:-0.170000,angle:0.870000,distense:32.200000,rcs:42.000000
timestame:1619470952.139000000,objid:10,type:0,xpos:0.000000,ypos:0.000000,xspeed:3.630000,yspeed:-0.260000,angle:2.760000,distense:17.600000,rcs:21.000000
timestame:1619470952.139000000,objid:12,type:0,xpos:0.000000,ypos:0.000000,xspeed:2.190000,yspeed:-3.030000,angle:0.200000,distense:43.400000,rcs:20.000000
