timestame:1619469625.173000000,objid:1,type:0,xpos:0.000000,ypos:0.000000,xspeed:-4.490000,yspeed:-0.300000,angle:-18.000000,distense:49.200000,rcs:23.000000
timestame:1619469625.173000000,objid:2,type:0,xpos:0.000000,ypos:0.000000,xspeed:-4.390000,yspeed:0.010000,angle:-15.990000,distense:62.000000,rcs:20.000000
timestame:1619469625.173000000,objid:4,type:0,xpos:0.000000,ypos:0.000000,xspeed:-13.010000,yspeed:-0.400000,angle:-17.030000,distense:43.200000,rcs:19.000000
timestame:1619469625.173000000,objid:5,type:0,xpos:0.000000,ypos:0.000000,xspeed:-1.640000,yspeed:1.800000,angle:-12.850000,distense:70.800000,rcs:12.000000
