timestame:1619469526.507000000,objid:2,type:0,xpos:0.000000,ypos:0.000000,xspeed:2.860000,yspeed:-3.110000,angle:-16.280000,distense:58.400000,rcs:26.000000
timestame:1619469526.507000000,objid:3,type:0,xpos:0.000000,ypos:0.000000,xspeed:-1.240000,yspeed:-0.060000,angle:-18.000000,distense:61.400000,rcs:20.000000
timestame:1619469526.507000000,objid:7,type:0,xpos:0.000000,ypos:0.000000,xspeed:4.440000,yspeed:-1.140000,angle:-7.800000,distense:61.200000,rcs:6.000000
timestame:1619469526.507000000,objid:11,type:0,xpos:0.000000,ypos:0.000000,xspeed:1.810000,yspeed:-4.860000,angle:-18.000000,distense:69.000000,rcs:12.000000
