timestame:1619470086.866000000,objid:6,type:0,xpos:0.000000,ypos:0.000000,xspeed:1.620000,yspeed:-5.220000,angle:10.270000,distense:49.200000,rcs:12.000000
timestame:1619470086.866000000,objid:13,type:0,xpos:0.000000,ypos:0.000000,xspeed:5.530000,yspeed:-6.680000,angle:2.270000,distense:45.200000,rcs:6.000000
timestame:1619470086.866000000,objid:16,type:0,xpos:0.000000,ypos:0.000000,xspeed:-2.640000,yspeed:2.400000,angle:-6.280000,distense:49.200000,rcs:9.000000
timestame:1619470086.866000000,objid:17,type:0,xpos:0.000000,ypos:0.000000,xspeed:3.570000,yspeed:1.640000,angle:-11.170000,distense:60.000000,rcs:12.000000
