timestame:1619470149.800000000,objid:1,type:0,xpos:0.000000,ypos:0.000000,xspeed:2.450000,yspeed:1.410000,angle:-16.750000,distense:32.200000,rcs:16.000000
timestame:1619470149.800000000,objid:3,type:0,xpos:0.000000,ypos:0.000000,xspeed:-2.900000,yspeed:-0.140000,angle:-11.650000,distense:66.200000,rcs:24.000000
timestame:1619470149.800000000,objid:9,type:0,xpos:0.000000,ypos:0.000000,xspeed:-15.940000,yspeed:-6.280000,angle:-5.160000,distense:193.400000,rcs:9.000000
timestame:1619470149.800000000,objid:13,type:0,xpos:0.000000,ypos:0.000000,xspeed:-15.450000,yspeed:1.060000,angle:-3.580000,distense:188.800000,rcs:9.000000
