timestame:1619469588.055000000,objid:1,type:0,xpos:0.000000,ypos:0.000000,xspeed:-1.230000,yspeed:-2.350000,angle:-11.480000,distense:84.800000,rcs:21.000000
timestame:1619469588.055000000,objid:6,type:0,xpos:0.000000,ypos:0.000000,xspeed:-1.110000,yspeed:0.800000,angle:-9.140000,distense:94.200000,rcs:13.000000
