timestame:1619470192.703000000,objid:0,type:0,xpos:0.000000,ypos:0.000000,xspeed:-4.010000,yspeed:7.000000,angle:16.440000,distense:42.400000,rcs:18.000000
timestame:1619470192.703000000,objid:1,type:0,xpos:0.000000,ypos:0.000000,xspeed:2.050000,yspeed:1.170000,angle:5.860000,distense:138.600000,rcs:24.000000
timestame:1619470192.703000000,objid:2,type:0,xpos:0.000000,ypos:0.000000,xspeed:-4.820000,yspeed:5.540000,angle:18.630000,distense:40.200000,rcs:27.000000
