timestame:1619469626.223000000,objid:1,type:0,xpos:0.000000,ypos:0.000000,xspeed:-4.550000,yspeed:-0.370000,angle:-18.000000,distense:44.800000,rcs:22.000000
timestame:1619469626.223000000,objid:2,type:0,xpos:0.000000,ypos:0.000000,xspeed:-4.370000,yspeed:-0.130000,angle:-17.430000,distense:57.600000,rcs:27.000000
timestame:1619469626.223000000,objid:4,type:0,xpos:0.000000,ypos:0.000000,xspeed:-12.440000,yspeed:-0.590000,angle:-18.000000,distense:31.800000,rcs:16.000000
timestame:1619469626.223000000,objid:7,type:0,xpos:0.000000,ypos:0.000000,xspeed:-30.600000,yspeed:-11.730000,angle:-18.000000,distense:45.200000,rcs:22.000000
