timestame:1619470117.872000000,objid:3,type:0,xpos:0.000000,ypos:0.000000,xspeed:-8.140000,yspeed:-4.230000,angle:8.720000,distense:34.800000,rcs:12.000000
timestame:1619470117.872000000,objid:5,type:0,xpos:0.000000,ypos:0.000000,xspeed:-8.020000,yspeed:-0.660000,angle:17.170000,distense:22.800000,rcs:16.000000
timestame:1619470117.872000000,objid:10,type:0,xpos:0.000000,ypos:0.000000,xspeed:2.360000,yspeed:5.390000,angle:-4.060000,distense:46.400000,rcs:6.000000
