timestame:1619471230.995000000,objid:0,type:0,xpos:0.000000,ypos:0.000000,xspeed:6.530000,yspeed:0.040000,angle:1.960000,distense:101.600000,rcs:15.000000
timestame:1619471230.995000000,objid:1,type:0,xpos:0.000000,ypos:0.000000,xspeed:2.920000,yspeed:-5.380000,angle:-18.000000,distense:67.600000,rcs:9.000000
timestame:1619471230.995000000,objid:9,type:0,xpos:0.000000,ypos:0.000000,xspeed:6.740000,yspeed:0.020000,angle:1.840000,distense:93.400000,rcs:27.000000
