timestame:1619469588.178000000,objid:1,type:0,xpos:0.000000,ypos:0.000000,xspeed:-1.160000,yspeed:-1.690000,angle:-11.400000,distense:84.800000,rcs:22.000000
timestame:1619469588.178000000,objid:6,type:0,xpos:0.000000,ypos:0.000000,xspeed:-1.010000,yspeed:0.380000,angle:-9.320000,distense:94.200000,rcs:13.000000
