timestame:1619471003.702000000,objid:1,type:0,xpos:0.000000,ypos:0.000000,xspeed:-13.230000,yspeed:-0.890000,angle:-6.480000,distense:134.400000,rcs:13.000000
timestame:1619471003.702000000,objid:4,type:0,xpos:0.000000,ypos:0.000000,xspeed:1.450000,yspeed:0.170000,angle:0.270000,distense:17.400000,rcs:26.000000
