timestame:1619469533.095000000,objid:4,type:0,xpos:0.000000,ypos:0.000000,xspeed:16.360000,yspeed:1.080000,angle:2.920000,distense:47.600000,rcs:32.000000
timestame:1619469533.095000000,objid:7,type:0,xpos:0.000000,ypos:0.000000,xspeed:16.890000,yspeed:0.590000,angle:1.770000,distense:55.800000,rcs:26.000000
