timestame:1619471410.245000000,objid:2,type:0,xpos:0.000000,ypos:0.000000,xspeed:-4.480000,yspeed:-2.880000,angle:-17.230000,distense:40.800000,rcs:34.000000
timestame:1619471410.245000000,objid:4,type:0,xpos:0.000000,ypos:0.000000,xspeed:-1.830000,yspeed:0.640000,angle:-0.120000,distense:42.400000,rcs:32.000000
timestame:1619471410.245000000,objid:7,type:0,xpos:0.000000,ypos:0.000000,xspeed:-2.350000,yspeed:-3.190000,angle:-18.000000,distense:37.800000,rcs:20.000000
timestame:1619471410.245000000,objid:12,type:0,xpos:0.000000,ypos:0.000000,xspeed:-9.580000,yspeed:-0.350000,angle:-4.190000,distense:184.600000,rcs:12.000000
