timestame:1619471405.162000000,objid:0,type:0,xpos:0.000000,ypos:0.000000,xspeed:1.500000,yspeed:-0.930000,angle:7.900000,distense:44.600000,rcs:32.000000
timestame:1619471405.162000000,objid:2,type:0,xpos:0.000000,ypos:0.000000,xspeed:-3.240000,yspeed:-1.670000,angle:20.220000,distense:45.200000,rcs:33.000000
timestame:1619471405.162000000,objid:10,type:0,xpos:0.000000,ypos:0.000000,xspeed:-1.400000,yspeed:-0.040000,angle:-14.710000,distense:46.200000,rcs:28.000000
