timestame:1619469564.110000000,objid:1,type:0,xpos:0.000000,ypos:0.000000,xspeed:5.430000,yspeed:-5.440000,angle:18.570000,distense:53.600000,rcs:13.000000
timestame:1619469564.110000000,objid:7,type:0,xpos:0.000000,ypos:0.000000,xspeed:1.060000,yspeed:-4.260000,angle:19.440000,distense:44.000000,rcs:25.000000
timestame:1619469564.110000000,objid:14,type:0,xpos:0.000000,ypos:0.000000,xspeed:-2.430000,yspeed:-3.350000,angle:-17.290000,distense:43.600000,rcs:25.000000
