timestame:1619469752.615000000,objid:1,type:0,xpos:0.000000,ypos:0.000000,xspeed:5.360000,yspeed:2.580000,angle:21.880000,distense:35.400000,rcs:6.000000
timestame:1619469752.615000000,objid:2,type:0,xpos:0.000000,ypos:0.000000,xspeed:30.850000,yspeed:-19.580000,angle:-17.650000,distense:55.800000,rcs:6.000000
