timestame:1619470552.770000000,objid:0,type:0,xpos:0.000000,ypos:0.000000,xspeed:8.000000,yspeed:1.000000,angle:20.920000,distense:18.600000,rcs:16.000000
timestame:1619470552.770000000,objid:1,type:0,xpos:0.000000,ypos:0.000000,xspeed:2.290000,yspeed:-0.480000,angle:5.320000,distense:150.200000,rcs:18.000000
timestame:1619470552.770000000,objid:5,type:0,xpos:0.000000,ypos:0.000000,xspeed:1.310000,yspeed:4.450000,angle:6.420000,distense:158.800000,rcs:6.000000
timestame:1619470552.770000000,objid:9,type:0,xpos:0.000000,ypos:0.000000,xspeed:3.250000,yspeed:-1.170000,angle:4.070000,distense:167.000000,rcs:9.000000
