timestame:1619470278.481000000,objid:1,type:0,xpos:0.000000,ypos:0.000000,xspeed:-10.240000,yspeed:-0.140000,angle:-6.590000,distense:78.200000,rcs:16.000000
timestame:1619470278.481000000,objid:3,type:0,xpos:0.000000,ypos:0.000000,xspeed:-2.290000,yspeed:0.130000,angle:-8.900000,distense:76.200000,rcs:16.000000
timestame:1619470278.481000000,objid:11,type:0,xpos:0.000000,ypos:0.000000,xspeed:-2.720000,yspeed:-0.320000,angle:-10.850000,distense:69.800000,rcs:21.000000
