timestame:1619470939.120000000,objid:1,type:0,xpos:0.000000,ypos:0.000000,xspeed:-2.180000,yspeed:0.970000,angle:-13.220000,distense:71.400000,rcs:18.000000
timestame:1619470939.120000000,objid:10,type:0,xpos:0.000000,ypos:0.000000,xspeed:-3.190000,yspeed:0.130000,angle:-10.130000,distense:73.200000,rcs:12.000000
