timestame:1619470886.305000000,objid:0,type:0,xpos:0.000000,ypos:0.000000,xspeed:-2.940000,yspeed:9.930000,angle:-8.650000,distense:39.400000,rcs:6.000000
timestame:1619470886.305000000,objid:3,type:0,xpos:0.000000,ypos:0.000000,xspeed:-2.210000,yspeed:-3.750000,angle:-18.000000,distense:34.400000,rcs:28.000000
timestame:1619470886.305000000,objid:6,type:0,xpos:0.000000,ypos:0.000000,xspeed:9.120000,yspeed:-1.920000,angle:-11.120000,distense:48.400000,rcs:6.000000
timestame:1619470886.305000000,objid:12,type:0,xpos:0.000000,ypos:0.000000,xspeed:-3.860000,yspeed:-6.420000,angle:-18.000000,distense:62.600000,rcs:9.000000
