timestame:1619470702.935000000,objid:0,type:0,xpos:0.000000,ypos:0.000000,xspeed:4.070000,yspeed:2.570000,angle:22.100000,distense:31.800000,rcs:15.000000
timestame:1619470702.935000000,objid:1,type:0,xpos:0.000000,ypos:0.000000,xspeed:10.380000,yspeed:-0.090000,angle:2.930000,distense:127.400000,rcs:12.000000
timestame:1619470702.935000000,objid:2,type:0,xpos:0.000000,ypos:0.000000,xspeed:-8.640000,yspeed:-0.170000,angle:-14.240000,distense:80.400000,rcs:16.000000
