timestame:1619471259.072000000,objid:2,type:0,xpos:0.000000,ypos:0.000000,xspeed:12.210000,yspeed:0.600000,angle:5.560000,distense:62.600000,rcs:37.000000
timestame:1619471259.072000000,objid:3,type:0,xpos:0.000000,ypos:0.000000,xspeed:-14.830000,yspeed:-0.560000,angle:-18.000000,distense:44.600000,rcs:19.000000
timestame:1619471259.072000000,objid:6,type:0,xpos:0.000000,ypos:0.000000,xspeed:12.320000,yspeed:0.180000,angle:5.420000,distense:74.800000,rcs:21.000000
timestame:1619471259.072000000,objid:10,type:0,xpos:0.000000,ypos:0.000000,xspeed:12.340000,yspeed:0.640000,angle:6.180000,distense:50.800000,rcs:30.000000
