timestame:1619470049.237000000,objid:0,type:0,xpos:0.000000,ypos:0.000000,xspeed:6.780000,yspeed:0.000000,angle:3.810000,distense:99.800000,rcs:18.000000
timestame:1619470049.237000000,objid:5,type:0,xpos:0.000000,ypos:0.000000,xspeed:6.850000,yspeed:0.170000,angle:4.320000,distense:90.200000,rcs:22.000000
