timestame:1619471434.473000000,objid:0,type:0,xpos:0.000000,ypos:0.000000,xspeed:-3.730000,yspeed:4.560000,angle:6.520000,distense:41.000000,rcs:33.000000
timestame:1619471434.473000000,objid:2,type:0,xpos:0.000000,ypos:0.000000,xspeed:1.720000,yspeed:-2.930000,angle:-0.960000,distense:46.000000,rcs:6.000000
timestame:1619471434.473000000,objid:5,type:0,xpos:0.000000,ypos:0.000000,xspeed:-1.200000,yspeed:-5.570000,angle:-12.350000,distense:39.000000,rcs:29.000000
timestame:1619471434.473000000,objid:16,type:0,xpos:0.000000,ypos:0.000000,xspeed:-1.800000,yspeed:0.270000,angle:-7.200000,distense:87.400000,rcs:21.000000
