timestame:1619469784.658000000,objid:2,type:0,xpos:0.000000,ypos:0.000000,xspeed:17.050000,yspeed:-0.110000,angle:0.910000,distense:172.200000,rcs:13.000000
timestame:1619469784.658000000,objid:4,type:0,xpos:0.000000,ypos:0.000000,xspeed:-17.570000,yspeed:-0.310000,angle:-7.020000,distense:122.200000,rcs:13.000000
timestame:1619469784.658000000,objid:10,type:0,xpos:0.000000,ypos:0.000000,xspeed:16.650000,yspeed:0.250000,angle:1.280000,distense:159.000000,rcs:21.000000
