timestame:1619470706.848000000,objid:0,type:0,xpos:0.000000,ypos:0.000000,xspeed:3.760000,yspeed:1.870000,angle:-18.000000,distense:70.600000,rcs:9.000000
timestame:1619470706.848000000,objid:1,type:0,xpos:0.000000,ypos:0.000000,xspeed:11.970000,yspeed:0.040000,angle:2.210000,distense:174.400000,rcs:6.000000
timestame:1619470706.848000000,objid:2,type:0,xpos:0.000000,ypos:0.000000,xspeed:2.750000,yspeed:0.820000,angle:-13.040000,distense:14.600000,rcs:9.000000
timestame:1619470706.848000000,objid:4,type:0,xpos:0.000000,ypos:0.000000,xspeed:-13.120000,yspeed:0.000000,angle:-17.150000,distense:11.400000,rcs:12.000000
