timestame:1619470789.162000000,objid:0,type:0,xpos:0.000000,ypos:0.000000,xspeed:2.620000,yspeed:0.000000,angle:1.180000,distense:16.000000,rcs:25.000000
timestame:1619470789.162000000,objid:1,type:0,xpos:0.000000,ypos:0.000000,xspeed:-3.480000,yspeed:-1.140000,angle:-18.000000,distense:25.200000,rcs:9.000000
timestame:1619470789.162000000,objid:2,type:0,xpos:0.000000,ypos:0.000000,xspeed:-4.210000,yspeed:-2.470000,angle:-18.000000,distense:27.200000,rcs:6.000000
