timestame:1619470228.529000000,objid:1,type:0,xpos:0.000000,ypos:0.000000,xspeed:1.510000,yspeed:-1.590000,angle:-6.930000,distense:42.600000,rcs:36.000000
timestame:1619470228.529000000,objid:2,type:0,xpos:0.000000,ypos:0.000000,xspeed:-1.040000,yspeed:-3.420000,angle:-12.890000,distense:42.000000,rcs:21.000000
timestame:1619470228.529000000,objid:8,type:0,xpos:0.000000,ypos:0.000000,xspeed:-1.700000,yspeed:-2.640000,angle:-17.520000,distense:40.000000,rcs:27.000000
timestame:1619470228.529000000,objid:11,type:0,xpos:0.000000,ypos:0.000000,xspeed:-11.100000,yspeed:-6.910000,angle:-4.100000,distense:179.600000,rcs:9.000000
