timestame:1619470795.285000000,objid:3,type:0,xpos:0.000000,ypos:0.000000,xspeed:2.900000,yspeed:2.870000,angle:12.230000,distense:45.800000,rcs:13.000000
timestame:1619470795.285000000,objid:5,type:0,xpos:0.000000,ypos:0.000000,xspeed:2.200000,yspeed:-8.200000,angle:-18.000000,distense:59.000000,rcs:15.000000
timestame:1619470795.285000000,objid:12,type:0,xpos:0.000000,ypos:0.000000,xspeed:1.270000,yspeed:-12.550000,angle:-16.830000,distense:56.400000,rcs:23.000000
