timestame:1619471081.803000000,objid:1,type:0,xpos:0.000000,ypos:0.000000,xspeed:-7.490000,yspeed:-0.520000,angle:-18.000000,distense:28.000000,rcs:6.000000
timestame:1619471081.803000000,objid:4,type:0,xpos:0.000000,ypos:0.000000,xspeed:2.450000,yspeed:0.050000,angle:1.070000,distense:25.800000,rcs:34.000000
timestame:1619471081.803000000,objid:6,type:0,xpos:0.000000,ypos:0.000000,xspeed:-7.180000,yspeed:-0.520000,angle:-18.000000,distense:26.200000,rcs:6.000000
timestame:1619471081.803000000,objid:10,type:0,xpos:0.000000,ypos:0.000000,xspeed:6.220000,yspeed:0.210000,angle:1.020000,distense:40.600000,rcs:6.000000
