timestame:1619470880.513000000,objid:3,type:0,xpos:0.000000,ypos:0.000000,xspeed:-1.830000,yspeed:-3.260000,angle:-18.000000,distense:34.400000,rcs:25.000000
timestame:1619470880.513000000,objid:4,type:0,xpos:0.000000,ypos:0.000000,xspeed:-21.270000,yspeed:-5.730000,angle:-18.000000,distense:18.800000,rcs:18.000000
timestame:1619470880.513000000,objid:9,type:0,xpos:0.000000,ypos:0.000000,xspeed:1.010000,yspeed:-0.110000,angle:-2.460000,distense:25.200000,rcs:9.000000
timestame:1619470880.513000000,objid:23,type:0,xpos:0.000000,ypos:0.000000,xspeed:-2.710000,yspeed:-4.090000,angle:-18.000000,distense:49.800000,rcs:9.000000
