timestame:1619470462.083000000,objid:0,type:0,xpos:0.000000,ypos:0.000000,xspeed:-15.210000,yspeed:-0.820000,angle:-9.490000,distense:76.000000,rcs:28.000000
timestame:1619470462.083000000,objid:2,type:0,xpos:0.000000,ypos:0.000000,xspeed:5.970000,yspeed:0.170000,angle:3.290000,distense:187.800000,rcs:9.000000
