timestame:1619471402.715000000,objid:6,type:0,xpos:0.000000,ypos:0.000000,xspeed:8.180000,yspeed:3.660000,angle:-9.860000,distense:53.600000,rcs:6.000000
timestame:1619471402.715000000,objid:9,type:0,xpos:0.000000,ypos:0.000000,xspeed:-1.460000,yspeed:0.000000,angle:-5.890000,distense:41.400000,rcs:12.000000
timestame:1619471402.715000000,objid:11,type:0,xpos:0.000000,ypos:0.000000,xspeed:-1.460000,yspeed:0.000000,angle:-7.170000,distense:47.800000,rcs:9.000000
