timestame:1619469997.952000000,objid:0,type:0,xpos:0.000000,ypos:0.000000,xspeed:-3.290000,yspeed:-10.160000,angle:15.110000,distense:41.600000,rcs:32.000000
timestame:1619469997.952000000,objid:10,type:0,xpos:0.000000,ypos:0.000000,xspeed:-1.040000,yspeed:-3.220000,angle:-18.000000,distense:37.400000,rcs:20.000000
timestame:1619469997.952000000,objid:11,type:0,xpos:0.000000,ypos:0.000000,xspeed:-1.120000,yspeed:-0.570000,angle:-18.000000,distense:33.600000,rcs:21.000000
timestame:1619469997.952000000,objid:15,type:0,xpos:0.000000,ypos:0.000000,xspeed:-1.080000,yspeed:-2.040000,angle:-18.000000,distense:35.600000,rcs:20.000000
