timestame:1619471254.056000000,objid:1,type:0,xpos:0.000000,ypos:0.000000,xspeed:3.620000,yspeed:2.630000,angle:5.090000,distense:85.600000,rcs:13.000000
timestame:1619471254.056000000,objid:3,type:0,xpos:0.000000,ypos:0.000000,xspeed:-16.240000,yspeed:-0.310000,angle:-7.260000,distense:115.600000,rcs:12.000000
