timestame:1619469484.377000000,objid:3,type:0,xpos:0.000000,ypos:0.000000,xspeed:2.800000,yspeed:0.250000,angle:11.650000,distense:17.800000,rcs:28.000000
timestame:1619469484.377000000,objid:7,type:0,xpos:0.000000,ypos:0.000000,xspeed:-2.030000,yspeed:0.090000,angle:-10.350000,distense:88.000000,rcs:16.000000
timestame:1619469484.377000000,objid:9,type:0,xpos:0.000000,ypos:0.000000,xspeed:1.650000,yspeed:-0.710000,angle:-7.870000,distense:105.400000,rcs:12.000000
timestame:1619469484.377000000,objid:11,type:0,xpos:0.000000,ypos:0.000000,xspeed:-1.210000,yspeed:-0.740000,angle:-8.890000,distense:81.800000,rcs:21.000000
