timestame:1619471269.347000000,objid:0,type:0,xpos:0.000000,ypos:0.000000,xspeed:13.710000,yspeed:0.320000,angle:2.340000,distense:223.000000,rcs:13.000000
timestame:1619471269.347000000,objid:2,type:0,xpos:0.000000,ypos:0.000000,xspeed:13.810000,yspeed:0.110000,angle:1.970000,distense:199.000000,rcs:13.000000
timestame:1619471269.347000000,objid:6,type:0,xpos:0.000000,ypos:0.000000,xspeed:13.620000,yspeed:0.100000,angle:1.890000,distense:210.600000,rcs:6.000000
timestame:1619471269.347000000,objid:10,type:0,xpos:0.000000,ypos:0.000000,xspeed:13.790000,yspeed:0.070000,angle:1.930000,distense:186.600000,rcs:34.000000
