timestame:1619470027.133000000,objid:1,type:0,xpos:0.000000,ypos:0.000000,xspeed:4.080000,yspeed:1.350000,angle:1.340000,distense:17.400000,rcs:20.000000
timestame:1619470027.133000000,objid:2,type:0,xpos:0.000000,ypos:0.000000,xspeed:5.920000,yspeed:0.480000,angle:2.660000,distense:32.200000,rcs:38.000000
