timestame:1619470593.798000000,objid:0,type:0,xpos:0.000000,ypos:0.000000,xspeed:-14.500000,yspeed:-0.640000,angle:-18.000000,distense:24.800000,rcs:6.000000
timestame:1619470593.798000000,objid:5,type:0,xpos:0.000000,ypos:0.000000,xspeed:8.500000,yspeed:2.100000,angle:-17.950000,distense:29.800000,rcs:37.000000
timestame:1619470593.798000000,objid:6,type:0,xpos:0.000000,ypos:0.000000,xspeed:6.360000,yspeed:2.010000,angle:19.870000,distense:28.400000,rcs:22.000000
