timestame:1619470073.021000000,objid:3,type:0,xpos:0.000000,ypos:0.000000,xspeed:-1.350000,yspeed:2.310000,angle:17.080000,distense:48.200000,rcs:37.000000
timestame:1619470073.021000000,objid:4,type:0,xpos:0.000000,ypos:0.000000,xspeed:-1.600000,yspeed:2.450000,angle:22.250000,distense:43.000000,rcs:21.000000
timestame:1619470073.021000000,objid:8,type:0,xpos:0.000000,ypos:0.000000,xspeed:2.110000,yspeed:2.780000,angle:-9.610000,distense:40.600000,rcs:18.000000
