timestame:1619470119.057000000,objid:1,type:0,xpos:0.000000,ypos:0.000000,xspeed:1.060000,yspeed:-0.030000,angle:11.560000,distense:34.800000,rcs:16.000000
timestame:1619470119.057000000,objid:3,type:0,xpos:0.000000,ypos:0.000000,xspeed:-10.240000,yspeed:3.290000,angle:18.450000,distense:23.400000,rcs:18.000000
timestame:1619470119.057000000,objid:4,type:0,xpos:0.000000,ypos:0.000000,xspeed:-5.540000,yspeed:3.040000,angle:2.900000,distense:11.400000,rcs:15.000000
timestame:1619470119.057000000,objid:5,type:0,xpos:0.000000,ypos:0.000000,xspeed:-7.700000,yspeed:-4.780000,angle:15.110000,distense:26.000000,rcs:28.000000
