timestame:1619471026.658000000,objid:0,type:0,xpos:0.000000,ypos:0.000000,xspeed:-2.850000,yspeed:-3.240000,angle:-18.000000,distense:31.600000,rcs:9.000000
timestame:1619471026.658000000,objid:2,type:0,xpos:0.000000,ypos:0.000000,xspeed:2.600000,yspeed:-4.650000,angle:-14.730000,distense:16.600000,rcs:6.000000
timestame:1619471026.658000000,objid:3,type:0,xpos:0.000000,ypos:0.000000,xspeed:-3.690000,yspeed:-2.460000,angle:-18.000000,distense:29.200000,rcs:6.000000
timestame:1619471026.658000000,objid:8,type:0,xpos:0.000000,ypos:0.000000,xspeed:-1.640000,yspeed:5.250000,angle:-15.920000,distense:40.400000,rcs:6.000000
