timestame:1619471077.277000000,objid:1,type:0,xpos:0.000000,ypos:0.000000,xspeed:-7.220000,yspeed:2.420000,angle:-16.610000,distense:56.200000,rcs:13.000000
timestame:1619471077.277000000,objid:3,type:0,xpos:0.000000,ypos:0.000000,xspeed:-9.270000,yspeed:-0.180000,angle:-10.650000,distense:64.800000,rcs:25.000000
timestame:1619471077.277000000,objid:5,type:0,xpos:0.000000,ypos:0.000000,xspeed:-10.040000,yspeed:-0.440000,angle:-18.000000,distense:43.600000,rcs:13.000000
timestame:1619471077.277000000,objid:6,type:0,xpos:0.000000,ypos:0.000000,xspeed:-5.700000,yspeed:-0.420000,angle:-18.000000,distense:51.200000,rcs:23.000000
