timestame:1619470438.850000000,objid:1,type:0,xpos:0.000000,ypos:0.000000,xspeed:13.860000,yspeed:0.710000,angle:2.620000,distense:40.000000,rcs:40.000000
timestame:1619470438.850000000,objid:2,type:0,xpos:0.000000,ypos:0.000000,xspeed:3.840000,yspeed:0.030000,angle:10.850000,distense:70.800000,rcs:16.000000
