timestame:1619471519.665000000,objid:7,type:0,xpos:0.000000,ypos:0.000000,xspeed:16.670000,yspeed:0.250000,angle:1.430000,distense:209.400000,rcs:26.000000
timestame:1619471519.665000000,objid:10,type:0,xpos:0.000000,ypos:0.000000,xspeed:16.610000,yspeed:0.300000,angle:1.380000,distense:198.800000,rcs:25.000000
