timestame:1619470007.809000000,objid:9,type:0,xpos:0.000000,ypos:0.000000,xspeed:-2.300000,yspeed:-2.820000,angle:-18.000000,distense:33.600000,rcs:6.000000
timestame:1619470007.809000000,objid:11,type:0,xpos:0.000000,ypos:0.000000,xspeed:-2.880000,yspeed:-1.900000,angle:-18.000000,distense:30.800000,rcs:9.000000
