timestame:1619471221.342000000,objid:6,type:0,xpos:0.000000,ypos:0.000000,xspeed:3.800000,yspeed:0.230000,angle:2.380000,distense:55.200000,rcs:6.000000
timestame:1619471221.342000000,objid:9,type:0,xpos:0.000000,ypos:0.000000,xspeed:3.830000,yspeed:0.180000,angle:2.650000,distense:36.400000,rcs:38.000000
timestame:1619471221.342000000,objid:10,type:0,xpos:0.000000,ypos:0.000000,xspeed:3.640000,yspeed:0.360000,angle:1.640000,distense:45.400000,rcs:16.000000
