timestame:1619470462.954000000,objid:0,type:0,xpos:0.000000,ypos:0.000000,xspeed:-14.460000,yspeed:-0.690000,angle:-11.350000,distense:65.200000,rcs:15.000000
timestame:1619470462.954000000,objid:2,type:0,xpos:0.000000,ypos:0.000000,xspeed:6.090000,yspeed:0.080000,angle:3.160000,distense:193.000000,rcs:13.000000
