timestame:1619470985.692000000,objid:0,type:0,xpos:0.000000,ypos:0.000000,xspeed:8.800000,yspeed:0.230000,angle:2.220000,distense:199.000000,rcs:20.000000
timestame:1619470985.692000000,objid:1,type:0,xpos:0.000000,ypos:0.000000,xspeed:-15.620000,yspeed:-0.420000,angle:-12.650000,distense:56.800000,rcs:22.000000
timestame:1619470985.692000000,objid:3,type:0,xpos:0.000000,ypos:0.000000,xspeed:4.350000,yspeed:-1.470000,angle:8.970000,distense:79.000000,rcs:9.000000
timestame:1619470985.692000000,objid:4,type:0,xpos:0.000000,ypos:0.000000,xspeed:-13.860000,yspeed:-2.500000,angle:-6.370000,distense:113.000000,rcs:13.000000
