timestame:1619470758.043000000,objid:1,type:0,xpos:0.000000,ypos:0.000000,xspeed:-1.240000,yspeed:-3.330000,angle:-12.420000,distense:39.000000,rcs:39.000000
timestame:1619470758.043000000,objid:10,type:0,xpos:0.000000,ypos:0.000000,xspeed:-2.910000,yspeed:-0.710000,angle:-18.000000,distense:25.400000,rcs:6.000000
