timestame:1619470280.582000000,objid:1,type:0,xpos:0.000000,ypos:0.000000,xspeed:-8.790000,yspeed:0.060000,angle:-8.160000,distense:60.600000,rcs:15.000000
timestame:1619470280.582000000,objid:2,type:0,xpos:0.000000,ypos:0.000000,xspeed:-13.710000,yspeed:-1.460000,angle:-4.270000,distense:189.800000,rcs:20.000000
timestame:1619470280.582000000,objid:3,type:0,xpos:0.000000,ypos:0.000000,xspeed:-2.900000,yspeed:-0.300000,angle:-10.460000,distense:69.600000,rcs:22.000000
timestame:1619470280.582000000,objid:11,type:0,xpos:0.000000,ypos:0.000000,xspeed:-3.320000,yspeed:-0.150000,angle:-12.320000,distense:62.200000,rcs:20.000000
