timestame:1619470226.724000000,objid:8,type:0,xpos:0.000000,ypos:0.000000,xspeed:-1.480000,yspeed:-2.590000,angle:-10.060000,distense:42.200000,rcs:29.000000
timestame:1619470226.724000000,objid:9,type:0,xpos:0.000000,ypos:0.000000,xspeed:3.610000,yspeed:-1.630000,angle:20.780000,distense:48.600000,rcs:6.000000
