timestame:1619470645.088000000,objid:2,type:0,xpos:0.000000,ypos:0.000000,xspeed:-6.290000,yspeed:-0.180000,angle:-5.480000,distense:155.800000,rcs:13.000000
timestame:1619470645.088000000,objid:8,type:0,xpos:0.000000,ypos:0.000000,xspeed:-1.890000,yspeed:-3.570000,angle:8.160000,distense:85.000000,rcs:24.000000
