timestame:1619470704.682000000,objid:0,type:0,xpos:0.000000,ypos:0.000000,xspeed:3.440000,yspeed:3.500000,angle:-13.560000,distense:39.600000,rcs:9.000000
timestame:1619470704.682000000,objid:1,type:0,xpos:0.000000,ypos:0.000000,xspeed:11.180000,yspeed:0.000000,angle:2.570000,distense:147.800000,rcs:13.000000
timestame:1619470704.682000000,objid:2,type:0,xpos:0.000000,ypos:0.000000,xspeed:-7.570000,yspeed:-1.280000,angle:-18.000000,distense:69.800000,rcs:9.000000
