timestame:1619470790.027000000,objid:0,type:0,xpos:0.000000,ypos:0.000000,xspeed:1.810000,yspeed:0.120000,angle:1.360000,distense:17.400000,rcs:32.000000
timestame:1619470790.027000000,objid:2,type:0,xpos:0.000000,ypos:0.000000,xspeed:-13.340000,yspeed:-1.530000,angle:-1.010000,distense:49.000000,rcs:6.000000
