timestame:1619471082.429000000,objid:1,type:0,xpos:0.000000,ypos:0.000000,xspeed:-7.560000,yspeed:-0.590000,angle:-18.000000,distense:25.000000,rcs:6.000000
timestame:1619471082.429000000,objid:4,type:0,xpos:0.000000,ypos:0.000000,xspeed:2.920000,yspeed:-0.030000,angle:0.830000,distense:28.400000,rcs:27.000000
timestame:1619471082.429000000,objid:6,type:0,xpos:0.000000,ypos:0.000000,xspeed:-6.970000,yspeed:-0.310000,angle:-18.000000,distense:23.600000,rcs:6.000000
timestame:1619471082.429000000,objid:10,type:0,xpos:0.000000,ypos:0.000000,xspeed:5.900000,yspeed:0.430000,angle:1.610000,distense:43.600000,rcs:6.000000
