timestame:1619470790.889000000,objid:0,type:0,xpos:0.000000,ypos:0.000000,xspeed:1.700000,yspeed:0.140000,angle:1.750000,distense:18.800000,rcs:37.000000
timestame:1619470790.889000000,objid:1,type:0,xpos:0.000000,ypos:0.000000,xspeed:2.460000,yspeed:-9.900000,angle:-16.710000,distense:47.000000,rcs:19.000000
timestame:1619470790.889000000,objid:2,type:0,xpos:0.000000,ypos:0.000000,xspeed:1.600000,yspeed:-7.910000,angle:-12.080000,distense:48.400000,rcs:9.000000
