timestame:1619470012.335000000,objid:0,type:0,xpos:0.000000,ypos:0.000000,xspeed:-1.840000,yspeed:-1.700000,angle:-18.000000,distense:34.400000,rcs:25.000000
timestame:1619470012.335000000,objid:1,type:0,xpos:0.000000,ypos:0.000000,xspeed:-1.690000,yspeed:2.850000,angle:-8.180000,distense:46.800000,rcs:13.000000
timestame:1619470012.335000000,objid:2,type:0,xpos:0.000000,ypos:0.000000,xspeed:-10.710000,yspeed:-2.360000,angle:-5.990000,distense:38.800000,rcs:6.000000
