timestame:1619470765.120000000,objid:0,type:0,xpos:0.000000,ypos:0.000000,xspeed:-4.590000,yspeed:-3.710000,angle:-18.000000,distense:33.600000,rcs:9.000000
timestame:1619470765.120000000,objid:4,type:0,xpos:0.000000,ypos:0.000000,xspeed:-2.070000,yspeed:-1.260000,angle:-18.000000,distense:31.400000,rcs:12.000000
timestame:1619470765.120000000,objid:5,type:0,xpos:0.000000,ypos:0.000000,xspeed:-1.810000,yspeed:-1.930000,angle:-18.000000,distense:34.600000,rcs:9.000000
timestame:1619470765.120000000,objid:9,type:0,xpos:0.000000,ypos:0.000000,xspeed:5.660000,yspeed:0.290000,angle:2.590000,distense:37.600000,rcs:23.000000
