timestame:1619470912.623000000,objid:0,type:0,xpos:0.000000,ypos:0.000000,xspeed:6.140000,yspeed:2.920000,angle:21.880000,distense:27.600000,rcs:26.000000
timestame:1619470912.623000000,objid:2,type:0,xpos:0.000000,ypos:0.000000,xspeed:16.540000,yspeed:-13.980000,angle:-2.670000,distense:50.200000,rcs:6.000000
timestame:1619470912.623000000,objid:7,type:0,xpos:0.000000,ypos:0.000000,xspeed:4.100000,yspeed:2.230000,angle:-17.810000,distense:38.800000,rcs:18.000000
timestame:1619470912.623000000,objid:10,type:0,xpos:0.000000,ypos:0.000000,xspeed:4.180000,yspeed:-0.110000,angle:22.370000,distense:32.200000,rcs:18.000000
