timestame:1619469853.748000000,objid:0,type:0,xpos:0.000000,ypos:0.000000,xspeed:4.340000,yspeed:-3.710000,angle:5.570000,distense:48.400000,rcs:34.000000
timestame:1619469853.748000000,objid:3,type:0,xpos:0.000000,ypos:0.000000,xspeed:-1.040000,yspeed:-1.610000,angle:-3.900000,distense:44.400000,rcs:46.000000
timestame:1619469853.748000000,objid:10,type:0,xpos:0.000000,ypos:0.000000,xspeed:-11.600000,yspeed:-0.010000,angle:-4.150000,distense:153.800000,rcs:13.000000
