timestame:1619469786.524000000,objid:1,type:0,xpos:0.000000,ypos:0.000000,xspeed:-16.850000,yspeed:0.530000,angle:-8.410000,distense:99.600000,rcs:15.000000
timestame:1619469786.524000000,objid:2,type:0,xpos:0.000000,ypos:0.000000,xspeed:16.750000,yspeed:0.190000,angle:1.020000,distense:203.000000,rcs:12.000000
timestame:1619469786.524000000,objid:4,type:0,xpos:0.000000,ypos:0.000000,xspeed:-17.020000,yspeed:-0.370000,angle:-9.790000,distense:91.400000,rcs:22.000000
timestame:1619469786.524000000,objid:10,type:0,xpos:0.000000,ypos:0.000000,xspeed:16.940000,yspeed:0.180000,angle:1.140000,distense:190.800000,rcs:24.000000
