timestame:1619470072.215000000,objid:3,type:0,xpos:0.000000,ypos:0.000000,xspeed:-1.490000,yspeed:2.650000,angle:15.300000,distense:48.600000,rcs:31.000000
timestame:1619470072.215000000,objid:4,type:0,xpos:0.000000,ypos:0.000000,xspeed:-1.480000,yspeed:2.550000,angle:19.480000,distense:43.800000,rcs:26.000000
timestame:1619470072.215000000,objid:8,type:0,xpos:0.000000,ypos:0.000000,xspeed:2.480000,yspeed:2.460000,angle:-11.980000,distense:38.400000,rcs:16.000000
