timestame:1619469790.917000000,objid:1,type:0,xpos:0.000000,ypos:0.000000,xspeed:-16.410000,yspeed:-0.760000,angle:-18.000000,distense:32.200000,rcs:22.000000
timestame:1619469790.917000000,objid:3,type:0,xpos:0.000000,ypos:0.000000,xspeed:12.550000,yspeed:1.760000,angle:-18.000000,distense:44.000000,rcs:26.000000
timestame:1619469790.917000000,objid:4,type:0,xpos:0.000000,ypos:0.000000,xspeed:-14.700000,yspeed:-1.100000,angle:-18.000000,distense:25.400000,rcs:6.000000
