timestame:1619469856.101000000,objid:4,type:0,xpos:0.000000,ypos:0.000000,xspeed:-9.140000,yspeed:3.900000,angle:5.200000,distense:42.800000,rcs:6.000000
timestame:1619469856.101000000,objid:5,type:0,xpos:0.000000,ypos:0.000000,xspeed:-1.480000,yspeed:-2.190000,angle:-7.360000,distense:61.200000,rcs:9.000000
timestame:1619469856.101000000,objid:10,type:0,xpos:0.000000,ypos:0.000000,xspeed:-10.800000,yspeed:-0.100000,angle:-5.120000,distense:128.800000,rcs:12.000000
