timestame:1619470228.837000000,objid:1,type:0,xpos:0.000000,ypos:0.000000,xspeed:1.000000,yspeed:-2.380000,angle:-8.080000,distense:42.800000,rcs:36.000000
timestame:1619470228.837000000,objid:2,type:0,xpos:0.000000,ypos:0.000000,xspeed:-1.400000,yspeed:-3.020000,angle:-13.860000,distense:41.400000,rcs:24.000000
timestame:1619470228.837000000,objid:8,type:0,xpos:0.000000,ypos:0.000000,xspeed:-1.820000,yspeed:-2.650000,angle:-18.000000,distense:39.600000,rcs:24.000000
timestame:1619470228.837000000,objid:11,type:0,xpos:0.000000,ypos:0.000000,xspeed:-9.950000,yspeed:-4.980000,angle:-4.290000,distense:177.000000,rcs:15.000000
