timestame:1619471264.764000000,objid:0,type:0,xpos:0.000000,ypos:0.000000,xspeed:13.060000,yspeed:4.420000,angle:3.010000,distense:160.400000,rcs:6.000000
timestame:1619471264.764000000,objid:2,type:0,xpos:0.000000,ypos:0.000000,xspeed:12.950000,yspeed:0.100000,angle:2.690000,distense:135.600000,rcs:26.000000
timestame:1619471264.764000000,objid:6,type:0,xpos:0.000000,ypos:0.000000,xspeed:12.930000,yspeed:-0.080000,angle:2.420000,distense:147.800000,rcs:12.000000
timestame:1619471264.764000000,objid:10,type:0,xpos:0.000000,ypos:0.000000,xspeed:12.890000,yspeed:-0.080000,angle:2.720000,distense:123.200000,rcs:20.000000
