timestame:1619470562.509000000,objid:1,type:0,xpos:0.000000,ypos:0.000000,xspeed:6.330000,yspeed:-0.490000,angle:3.650000,distense:198.000000,rcs:19.000000
timestame:1619470562.509000000,objid:2,type:0,xpos:0.000000,ypos:0.000000,xspeed:6.520000,yspeed:-4.330000,angle:2.200000,distense:214.400000,rcs:6.000000
timestame:1619470562.509000000,objid:3,type:0,xpos:0.000000,ypos:0.000000,xspeed:10.070000,yspeed:0.220000,angle:1.760000,distense:88.000000,rcs:41.000000
