timestame:1619471531.410000000,objid:2,type:0,xpos:0.000000,ypos:0.000000,xspeed:-15.430000,yspeed:3.440000,angle:11.410000,distense:34.800000,rcs:20.000000
timestame:1619471531.410000000,objid:4,type:0,xpos:0.000000,ypos:0.000000,xspeed:-12.030000,yspeed:6.860000,angle:-2.480000,distense:203.400000,rcs:12.000000
