timestame:1619471265.382000000,objid:0,type:0,xpos:0.000000,ypos:0.000000,xspeed:12.390000,yspeed:2.300000,angle:3.220000,distense:167.800000,rcs:9.000000
timestame:1619471265.382000000,objid:2,type:0,xpos:0.000000,ypos:0.000000,xspeed:13.060000,yspeed:0.140000,angle:2.600000,distense:143.800000,rcs:24.000000
timestame:1619471265.382000000,objid:6,type:0,xpos:0.000000,ypos:0.000000,xspeed:13.070000,yspeed:0.000000,angle:2.350000,distense:155.800000,rcs:12.000000
timestame:1619471265.382000000,objid:10,type:0,xpos:0.000000,ypos:0.000000,xspeed:12.990000,yspeed:-0.050000,angle:2.560000,distense:131.200000,rcs:18.000000
