timestame:1619470871.828000000,objid:1,type:0,xpos:0.000000,ypos:0.000000,xspeed:-7.760000,yspeed:-1.360000,angle:-3.790000,distense:141.200000,rcs:12.000000
timestame:1619470871.828000000,objid:4,type:0,xpos:0.000000,ypos:0.000000,xspeed:4.000000,yspeed:0.330000,angle:2.240000,distense:14.800000,rcs:35.000000
