timestame:1619469923.650000000,objid:1,type:0,xpos:0.000000,ypos:0.000000,xspeed:6.040000,yspeed:0.120000,angle:1.420000,distense:151.600000,rcs:12.000000
timestame:1619469923.650000000,objid:8,type:0,xpos:0.000000,ypos:0.000000,xspeed:6.060000,yspeed:0.020000,angle:1.320000,distense:144.600000,rcs:20.000000
