timestame:1619470364.961000000,objid:0,type:0,xpos:0.000000,ypos:0.000000,xspeed:2.560000,yspeed:1.830000,angle:-3.400000,distense:44.600000,rcs:37.000000
timestame:1619470364.961000000,objid:1,type:0,xpos:0.000000,ypos:0.000000,xspeed:-1.240000,yspeed:8.990000,angle:-3.420000,distense:45.200000,rcs:6.000000
