timestame:1619470376.947000000,objid:1,type:0,xpos:0.000000,ypos:0.000000,xspeed:-2.210000,yspeed:-2.300000,angle:-18.000000,distense:35.000000,rcs:13.000000
timestame:1619470376.947000000,objid:5,type:0,xpos:0.000000,ypos:0.000000,xspeed:-3.020000,yspeed:-2.790000,angle:-18.000000,distense:36.000000,rcs:27.000000
timestame:1619470376.947000000,objid:8,type:0,xpos:0.000000,ypos:0.000000,xspeed:1.200000,yspeed:-5.630000,angle:-7.380000,distense:66.000000,rcs:12.000000
timestame:1619470376.947000000,objid:18,type:0,xpos:0.000000,ypos:0.000000,xspeed:-5.470000,yspeed:-0.400000,angle:-8.860000,distense:81.800000,rcs:15.000000
