timestame:1619469924.760000000,objid:1,type:0,xpos:0.000000,ypos:0.000000,xspeed:6.310000,yspeed:0.250000,angle:1.530000,distense:159.200000,rcs:18.000000
timestame:1619469924.760000000,objid:8,type:0,xpos:0.000000,ypos:0.000000,xspeed:6.280000,yspeed:0.010000,angle:1.270000,distense:152.000000,rcs:9.000000
