timestame:1619470797.760000000,objid:3,type:0,xpos:0.000000,ypos:0.000000,xspeed:2.500000,yspeed:-10.750000,angle:-14.560000,distense:64.400000,rcs:12.000000
timestame:1619470797.760000000,objid:5,type:0,xpos:0.000000,ypos:0.000000,xspeed:-3.770000,yspeed:0.440000,angle:19.910000,distense:44.600000,rcs:31.000000
timestame:1619470797.760000000,objid:12,type:0,xpos:0.000000,ypos:0.000000,xspeed:2.320000,yspeed:-10.830000,angle:-18.000000,distense:73.600000,rcs:6.000000
timestame:1619470797.760000000,objid:15,type:0,xpos:0.000000,ypos:0.000000,xspeed:-1.840000,yspeed:-1.580000,angle:-18.000000,distense:37.200000,rcs:26.000000
