timestame:1619470939.675000000,objid:1,type:0,xpos:0.000000,ypos:0.000000,xspeed:-2.550000,yspeed:0.970000,angle:-12.900000,distense:70.000000,rcs:21.000000
timestame:1619470939.675000000,objid:10,type:0,xpos:0.000000,ypos:0.000000,xspeed:-3.610000,yspeed:0.140000,angle:-10.410000,distense:70.800000,rcs:19.000000
