timestame:1619469774.332000000,objid:1,type:0,xpos:0.000000,ypos:0.000000,xspeed:3.710000,yspeed:2.310000,angle:-14.440000,distense:34.400000,rcs:16.000000
timestame:1619469774.332000000,objid:3,type:0,xpos:0.000000,ypos:0.000000,xspeed:2.690000,yspeed:-0.040000,angle:21.190000,distense:17.200000,rcs:19.000000
timestame:1619469774.332000000,objid:7,type:0,xpos:0.000000,ypos:0.000000,xspeed:3.110000,yspeed:3.340000,angle:-9.980000,distense:44.200000,rcs:6.000000
