timestame:1619471450.558000000,objid:3,type:0,xpos:0.000000,ypos:0.000000,xspeed:-2.580000,yspeed:-0.090000,angle:-6.210000,distense:103.600000,rcs:16.000000
timestame:1619471450.558000000,objid:11,type:0,xpos:0.000000,ypos:0.000000,xspeed:-1.940000,yspeed:0.200000,angle:-7.780000,distense:95.200000,rcs:12.000000
timestame:1619471450.558000000,objid:13,type:0,xpos:0.000000,ypos:0.000000,xspeed:-3.640000,yspeed:0.020000,angle:19.840000,distense:40.200000,rcs:12.000000
