timestame:1619470064.215000000,objid:0,type:0,xpos:0.000000,ypos:0.000000,xspeed:-18.520000,yspeed:-0.370000,angle:-18.000000,distense:35.200000,rcs:21.000000
timestame:1619470064.215000000,objid:3,type:0,xpos:0.000000,ypos:0.000000,xspeed:-19.840000,yspeed:0.050000,angle:-11.300000,distense:81.400000,rcs:22.000000
timestame:1619470064.215000000,objid:4,type:0,xpos:0.000000,ypos:0.000000,xspeed:-4.460000,yspeed:0.700000,angle:-6.610000,distense:57.800000,rcs:26.000000
timestame:1619470064.215000000,objid:6,type:0,xpos:0.000000,ypos:0.000000,xspeed:5.940000,yspeed:2.340000,angle:20.760000,distense:27.600000,rcs:6.000000
