timestame:1619470475.967000000,objid:1,type:0,xpos:0.000000,ypos:0.000000,xspeed:-11.460000,yspeed:-0.230000,angle:-5.310000,distense:126.000000,rcs:16.000000
timestame:1619470475.967000000,objid:2,type:0,xpos:0.000000,ypos:0.000000,xspeed:1.090000,yspeed:-0.140000,angle:14.000000,distense:73.000000,rcs:6.000000
