timestame:1619470474.844000000,objid:1,type:0,xpos:0.000000,ypos:0.000000,xspeed:-11.320000,yspeed:-0.240000,angle:-4.730000,distense:138.600000,rcs:25.000000
timestame:1619470474.844000000,objid:2,type:0,xpos:0.000000,ypos:0.000000,xspeed:1.130000,yspeed:-0.590000,angle:14.020000,distense:71.800000,rcs:6.000000
