timestame:1619469884.081000000,objid:1,type:0,xpos:0.000000,ypos:0.000000,xspeed:1.450000,yspeed:0.120000,angle:4.260000,distense:13.200000,rcs:40.000000
timestame:1619469884.081000000,objid:5,type:0,xpos:0.000000,ypos:0.000000,xspeed:-1.770000,yspeed:-0.170000,angle:-13.550000,distense:72.600000,rcs:16.000000
timestame:1619469884.081000000,objid:13,type:0,xpos:0.000000,ypos:0.000000,xspeed:-1.480000,yspeed:-0.220000,angle:-9.330000,distense:76.000000,rcs:26.000000
timestame:1619469884.081000000,objid:16,type:0,xpos:0.000000,ypos:0.000000,xspeed:-1.170000,yspeed:-0.910000,angle:-8.070000,distense:87.200000,rcs:20.000000
