timestame:1619470492.155000000,objid:0,type:0,xpos:0.000000,ypos:0.000000,xspeed:1.560000,yspeed:-4.670000,angle:10.970000,distense:45.800000,rcs:29.000000
timestame:1619470492.155000000,objid:2,type:0,xpos:0.000000,ypos:0.000000,xspeed:1.400000,yspeed:-5.600000,angle:19.480000,distense:56.800000,rcs:19.000000
