timestame:1619470926.505000000,objid:3,type:0,xpos:0.000000,ypos:0.000000,xspeed:-9.210000,yspeed:-0.540000,angle:-8.270000,distense:108.200000,rcs:15.000000
timestame:1619470926.505000000,objid:4,type:0,xpos:0.000000,ypos:0.000000,xspeed:1.840000,yspeed:-3.030000,angle:10.230000,distense:14.000000,rcs:28.000000
