timestame:1619471124.984000000,objid:0,type:0,xpos:0.000000,ypos:0.000000,xspeed:-1.720000,yspeed:3.320000,angle:17.620000,distense:40.200000,rcs:21.000000
timestame:1619471124.984000000,objid:2,type:0,xpos:0.000000,ypos:0.000000,xspeed:-1.370000,yspeed:5.870000,angle:21.400000,distense:40.000000,rcs:30.000000
