timestame:1619470342.764000000,objid:2,type:0,xpos:0.000000,ypos:0.000000,xspeed:-3.250000,yspeed:-4.320000,angle:22.000000,distense:42.200000,rcs:20.000000
timestame:1619470342.764000000,objid:6,type:0,xpos:0.000000,ypos:0.000000,xspeed:-3.710000,yspeed:3.950000,angle:-18.000000,distense:38.400000,rcs:15.000000
