timestame:1619471520.035000000,objid:7,type:0,xpos:0.000000,ypos:0.000000,xspeed:16.720000,yspeed:0.230000,angle:1.400000,distense:215.600000,rcs:13.000000
timestame:1619471520.035000000,objid:10,type:0,xpos:0.000000,ypos:0.000000,xspeed:16.610000,yspeed:0.370000,angle:1.430000,distense:204.800000,rcs:26.000000
