timestame:1619470003.281000000,objid:2,type:0,xpos:0.000000,ypos:0.000000,xspeed:-3.480000,yspeed:-1.840000,angle:-18.000000,distense:35.000000,rcs:22.000000
timestame:1619470003.281000000,objid:6,type:0,xpos:0.000000,ypos:0.000000,xspeed:1.530000,yspeed:-0.290000,angle:-18.000000,distense:41.000000,rcs:6.000000
timestame:1619470003.281000000,objid:7,type:0,xpos:0.000000,ypos:0.000000,xspeed:-2.290000,yspeed:-0.850000,angle:8.970000,distense:40.400000,rcs:29.000000
timestame:1619470003.281000000,objid:19,type:0,xpos:0.000000,ypos:0.000000,xspeed:1.390000,yspeed:0.240000,angle:12.630000,distense:15.200000,rcs:16.000000
