timestame:1619471296.585000000,objid:2,type:0,xpos:0.000000,ypos:0.000000,xspeed:-2.880000,yspeed:6.280000,angle:-16.440000,distense:42.400000,rcs:19.000000
timestame:1619471296.585000000,objid:6,type:0,xpos:0.000000,ypos:0.000000,xspeed:2.550000,yspeed:3.830000,angle:-8.670000,distense:41.600000,rcs:9.000000
timestame:1619471296.585000000,objid:8,type:0,xpos:0.000000,ypos:0.000000,xspeed:-2.130000,yspeed:7.720000,angle:-17.950000,distense:43.000000,rcs:6.000000
