timestame:1619470797.514000000,objid:3,type:0,xpos:0.000000,ypos:0.000000,xspeed:5.360000,yspeed:-13.560000,angle:-12.710000,distense:64.200000,rcs:6.000000
timestame:1619470797.514000000,objid:10,type:0,xpos:0.000000,ypos:0.000000,xspeed:-14.860000,yspeed:0.000000,angle:-9.120000,distense:52.600000,rcs:9.000000
timestame:1619470797.514000000,objid:12,type:0,xpos:0.000000,ypos:0.000000,xspeed:2.410000,yspeed:-10.710000,angle:-18.000000,distense:71.600000,rcs:9.000000
timestame:1619470797.514000000,objid:15,type:0,xpos:0.000000,ypos:0.000000,xspeed:-1.840000,yspeed:-1.580000,angle:-18.000000,distense:37.600000,rcs:26.000000
