timestame:1619470441.337000000,objid:1,type:0,xpos:0.000000,ypos:0.000000,xspeed:15.210000,yspeed:0.620000,angle:2.400000,distense:79.400000,rcs:19.000000
timestame:1619470441.337000000,objid:2,type:0,xpos:0.000000,ypos:0.000000,xspeed:3.810000,yspeed:0.040000,angle:9.530000,distense:80.200000,rcs:16.000000
