timestame:1619470534.912000000,objid:0,type:0,xpos:0.000000,ypos:0.000000,xspeed:5.580000,yspeed:0.800000,angle:16.440000,distense:26.400000,rcs:28.000000
timestame:1619470534.912000000,objid:1,type:0,xpos:0.000000,ypos:0.000000,xspeed:-13.860000,yspeed:-14.720000,angle:-2.680000,distense:28.400000,rcs:6.000000
timestame:1619470534.912000000,objid:2,type:0,xpos:0.000000,ypos:0.000000,xspeed:-6.440000,yspeed:-0.990000,angle:-8.800000,distense:108.800000,rcs:9.000000
timestame:1619470534.912000000,objid:4,type:0,xpos:0.000000,ypos:0.000000,xspeed:1.200000,yspeed:-2.300000,angle:18.530000,distense:23.400000,rcs:28.000000
