timestame:1619470123.975000000,objid:1,type:0,xpos:0.000000,ypos:0.000000,xspeed:2.180000,yspeed:1.440000,angle:22.140000,distense:34.200000,rcs:18.000000
timestame:1619470123.975000000,objid:4,type:0,xpos:0.000000,ypos:0.000000,xspeed:3.700000,yspeed:1.010000,angle:-17.940000,distense:27.400000,rcs:20.000000
timestame:1619470123.975000000,objid:6,type:0,xpos:0.000000,ypos:0.000000,xspeed:4.590000,yspeed:2.380000,angle:-17.390000,distense:33.800000,rcs:26.000000
