timestame:1619470165.440000000,objid:3,type:0,xpos:0.000000,ypos:0.000000,xspeed:6.320000,yspeed:0.340000,angle:6.750000,distense:55.000000,rcs:31.000000
timestame:1619470165.440000000,objid:6,type:0,xpos:0.000000,ypos:0.000000,xspeed:2.200000,yspeed:0.090000,angle:1.310000,distense:25.400000,rcs:6.000000
