timestame:1619471043.833000000,objid:1,type:0,xpos:0.000000,ypos:0.000000,xspeed:-1.110000,yspeed:-2.460000,angle:-12.480000,distense:39.400000,rcs:24.000000
timestame:1619471043.833000000,objid:2,type:0,xpos:0.000000,ypos:0.000000,xspeed:-2.500000,yspeed:-0.480000,angle:-18.000000,distense:30.200000,rcs:9.000000
timestame:1619471043.833000000,objid:14,type:0,xpos:0.000000,ypos:0.000000,xspeed:16.890000,yspeed:0.000000,angle:-17.210000,distense:56.800000,rcs:20.000000
timestame:1619471043.833000000,objid:16,type:0,xpos:0.000000,ypos:0.000000,xspeed:-1.320000,yspeed:0.550000,angle:-18.000000,distense:32.600000,rcs:15.000000
