timestame:1619470990.292000000,objid:3,type:0,xpos:0.000000,ypos:0.000000,xspeed:5.230000,yspeed:-0.260000,angle:7.100000,distense:103.200000,rcs:6.000000
timestame:1619470990.292000000,objid:4,type:0,xpos:0.000000,ypos:0.000000,xspeed:-13.530000,yspeed:-0.510000,angle:-15.500000,distense:52.200000,rcs:19.000000
