timestame:1619469553.712000000,objid:2,type:0,xpos:0.000000,ypos:0.000000,xspeed:-2.970000,yspeed:3.940000,angle:-18.000000,distense:45.000000,rcs:9.000000
timestame:1619469553.712000000,objid:3,type:0,xpos:0.000000,ypos:0.000000,xspeed:-1.060000,yspeed:1.370000,angle:-18.000000,distense:51.200000,rcs:12.000000
