timestame:1619471376.593000000,objid:0,type:0,xpos:0.000000,ypos:0.000000,xspeed:10.890000,yspeed:-0.500000,angle:2.440000,distense:214.600000,rcs:9.000000
timestame:1619471376.593000000,objid:1,type:0,xpos:0.000000,ypos:0.000000,xspeed:10.440000,yspeed:0.280000,angle:2.240000,distense:207.200000,rcs:19.000000
