timestame:1619470746.103000000,objid:0,type:0,xpos:0.000000,ypos:0.000000,xspeed:-2.190000,yspeed:-0.080000,angle:-8.600000,distense:82.600000,rcs:9.000000
timestame:1619470746.103000000,objid:6,type:0,xpos:0.000000,ypos:0.000000,xspeed:12.610000,yspeed:0.540000,angle:1.480000,distense:213.600000,rcs:22.000000
