timestame:1619471559.503000000,objid:3,type:0,xpos:0.000000,ypos:0.000000,xspeed:-2.010000,yspeed:-2.540000,angle:-2.830000,distense:37.400000,rcs:27.000000
timestame:1619471559.503000000,objid:6,type:0,xpos:0.000000,ypos:0.000000,xspeed:12.590000,yspeed:-5.120000,angle:-18.000000,distense:39.800000,rcs:15.000000
timestame:1619471559.503000000,objid:7,type:0,xpos:0.000000,ypos:0.000000,xspeed:-2.690000,yspeed:-1.520000,angle:-18.000000,distense:31.200000,rcs:12.000000
timestame:1619471559.503000000,objid:12,type:0,xpos:0.000000,ypos:0.000000,xspeed:2.500000,yspeed:2.390000,angle:-12.860000,distense:38.200000,rcs:18.000000
