timestame:1619470535.845000000,objid:0,type:0,xpos:0.000000,ypos:0.000000,xspeed:5.530000,yspeed:1.770000,angle:17.870000,distense:32.200000,rcs:40.000000
timestame:1619470535.845000000,objid:1,type:0,xpos:0.000000,ypos:0.000000,xspeed:23.890000,yspeed:0.000000,angle:20.040000,distense:23.000000,rcs:22.000000
timestame:1619470535.845000000,objid:2,type:0,xpos:0.000000,ypos:0.000000,xspeed:-4.080000,yspeed:0.000000,angle:-10.690000,distense:93.600000,rcs:18.000000
timestame:1619470535.845000000,objid:4,type:0,xpos:0.000000,ypos:0.000000,xspeed:1.400000,yspeed:-0.570000,angle:18.340000,distense:24.600000,rcs:31.000000
