timestame:1619469742.173000000,objid:1,type:0,xpos:0.000000,ypos:0.000000,xspeed:-3.130000,yspeed:9.350000,angle:-6.170000,distense:42.200000,rcs:6.000000
timestame:1619469742.173000000,objid:3,type:0,xpos:0.000000,ypos:0.000000,xspeed:-2.290000,yspeed:10.600000,angle:-0.020000,distense:41.800000,rcs:23.000000
timestame:1619469742.173000000,objid:4,type:0,xpos:0.000000,ypos:0.000000,xspeed:-6.850000,yspeed:6.090000,angle:-5.860000,distense:41.800000,rcs:9.000000
