timestame:1619469762.821000000,objid:3,type:0,xpos:0.000000,ypos:0.000000,xspeed:4.960000,yspeed:0.870000,angle:19.100000,distense:24.600000,rcs:26.000000
timestame:1619469762.821000000,objid:5,type:0,xpos:0.000000,ypos:0.000000,xspeed:-18.120000,yspeed:-0.140000,angle:-15.470000,distense:63.400000,rcs:19.000000
timestame:1619469762.821000000,objid:6,type:0,xpos:0.000000,ypos:0.000000,xspeed:2.790000,yspeed:0.860000,angle:-15.630000,distense:19.200000,rcs:19.000000
