timestame:1619471124.121000000,objid:0,type:0,xpos:0.000000,ypos:0.000000,xspeed:-2.040000,yspeed:4.650000,angle:13.960000,distense:40.600000,rcs:20.000000
timestame:1619471124.121000000,objid:1,type:0,xpos:0.000000,ypos:0.000000,xspeed:-4.740000,yspeed:4.850000,angle:10.930000,distense:40.600000,rcs:15.000000
