timestame:1619471404.282000000,objid:4,type:0,xpos:0.000000,ypos:0.000000,xspeed:-2.190000,yspeed:9.080000,angle:18.990000,distense:40.200000,rcs:6.000000
timestame:1619471404.282000000,objid:12,type:0,xpos:0.000000,ypos:0.000000,xspeed:-19.250000,yspeed:-2.510000,angle:12.250000,distense:24.200000,rcs:9.000000
