timestame:1619470662.695000000,objid:0,type:0,xpos:0.000000,ypos:0.000000,xspeed:-1.560000,yspeed:-0.320000,angle:-9.930000,distense:96.200000,rcs:19.000000
timestame:1619470662.695000000,objid:3,type:0,xpos:0.000000,ypos:0.000000,xspeed:-1.490000,yspeed:-0.100000,angle:-7.740000,distense:108.000000,rcs:12.000000
timestame:1619470662.695000000,objid:4,type:0,xpos:0.000000,ypos:0.000000,xspeed:-1.190000,yspeed:-0.370000,angle:-8.060000,distense:104.000000,rcs:9.000000
