timestame:1619470735.433000000,objid:1,type:0,xpos:0.000000,ypos:0.000000,xspeed:12.130000,yspeed:-0.240000,angle:1.570000,distense:91.800000,rcs:12.000000
timestame:1619470735.433000000,objid:6,type:0,xpos:0.000000,ypos:0.000000,xspeed:12.110000,yspeed:0.220000,angle:1.990000,distense:81.000000,rcs:39.000000
