timestame:1619470609.748000000,objid:0,type:0,xpos:0.000000,ypos:0.000000,xspeed:6.880000,yspeed:4.180000,angle:-17.510000,distense:26.000000,rcs:15.000000
timestame:1619470609.748000000,objid:2,type:0,xpos:0.000000,ypos:0.000000,xspeed:7.110000,yspeed:1.280000,angle:17.960000,distense:31.200000,rcs:13.000000
