timestame:1619469948.234000000,objid:3,type:0,xpos:0.000000,ypos:0.000000,xspeed:1.130000,yspeed:0.070000,angle:0.900000,distense:18.400000,rcs:25.000000
timestame:1619469948.234000000,objid:5,type:0,xpos:0.000000,ypos:0.000000,xspeed:3.350000,yspeed:-6.390000,angle:18.670000,distense:46.200000,rcs:18.000000
timestame:1619469948.234000000,objid:8,type:0,xpos:0.000000,ypos:0.000000,xspeed:-1.380000,yspeed:9.770000,angle:-18.000000,distense:48.800000,rcs:15.000000
