timestame:1619471448.073000000,objid:3,type:0,xpos:0.000000,ypos:0.000000,xspeed:-3.410000,yspeed:-0.050000,angle:-5.770000,distense:109.600000,rcs:20.000000
timestame:1619471448.073000000,objid:11,type:0,xpos:0.000000,ypos:0.000000,xspeed:-2.980000,yspeed:-0.720000,angle:-8.040000,distense:99.600000,rcs:23.000000
timestame:1619471448.073000000,objid:13,type:0,xpos:0.000000,ypos:0.000000,xspeed:-3.020000,yspeed:0.020000,angle:15.870000,distense:49.200000,rcs:15.000000
