timestame:1619469562.191000000,objid:2,type:0,xpos:0.000000,ypos:0.000000,xspeed:1.030000,yspeed:-3.150000,angle:22.860000,distense:44.800000,rcs:22.000000
timestame:1619469562.191000000,objid:3,type:0,xpos:0.000000,ypos:0.000000,xspeed:2.380000,yspeed:-2.000000,angle:6.320000,distense:44.200000,rcs:36.000000
timestame:1619469562.191000000,objid:4,type:0,xpos:0.000000,ypos:0.000000,xspeed:-1.460000,yspeed:0.000000,angle:-11.340000,distense:45.000000,rcs:22.000000
timestame:1619469562.191000000,objid:9,type:0,xpos:0.000000,ypos:0.000000,xspeed:-3.370000,yspeed:0.090000,angle:8.820000,distense:104.200000,rcs:9.000000
