timestame:1619471033.978000000,objid:0,type:0,xpos:0.000000,ypos:0.000000,xspeed:-1.540000,yspeed:-1.430000,angle:-18.000000,distense:38.800000,rcs:12.000000
timestame:1619471033.978000000,objid:6,type:0,xpos:0.000000,ypos:0.000000,xspeed:3.340000,yspeed:3.470000,angle:-10.120000,distense:40.400000,rcs:6.000000
timestame:1619471033.978000000,objid:8,type:0,xpos:0.000000,ypos:0.000000,xspeed:-2.110000,yspeed:-0.770000,angle:-18.000000,distense:35.400000,rcs:9.000000
timestame:1619471033.978000000,objid:14,type:0,xpos:0.000000,ypos:0.000000,xspeed:-1.780000,yspeed:-3.210000,angle:6.400000,distense:43.400000,rcs:39.000000
