timestame:1619469698.512000000,objid:2,type:0,xpos:0.000000,ypos:0.000000,xspeed:-2.200000,yspeed:-3.050000,angle:-18.000000,distense:42.200000,rcs:26.000000
timestame:1619469698.512000000,objid:5,type:0,xpos:0.000000,ypos:0.000000,xspeed:-8.970000,yspeed:-8.690000,angle:-18.000000,distense:39.800000,rcs:9.000000
timestame:1619469698.512000000,objid:8,type:0,xpos:0.000000,ypos:0.000000,xspeed:1.840000,yspeed:0.010000,angle:-15.380000,distense:44.200000,rcs:28.000000
timestame:1619469698.512000000,objid:13,type:0,xpos:0.000000,ypos:0.000000,xspeed:-15.140000,yspeed:0.400000,angle:-15.660000,distense:36.000000,rcs:28.000000
