timestame:1619471315.477000000,objid:1,type:0,xpos:0.000000,ypos:0.000000,xspeed:-14.710000,yspeed:-0.880000,angle:-4.790000,distense:144.600000,rcs:12.000000
timestame:1619471315.477000000,objid:2,type:0,xpos:0.000000,ypos:0.000000,xspeed:-2.360000,yspeed:5.720000,angle:-11.990000,distense:37.000000,rcs:6.000000
