timestame:1619470984.827000000,objid:0,type:0,xpos:0.000000,ypos:0.000000,xspeed:8.640000,yspeed:0.220000,angle:2.250000,distense:191.400000,rcs:26.000000
timestame:1619470984.827000000,objid:1,type:0,xpos:0.000000,ypos:0.000000,xspeed:-15.370000,yspeed:-0.450000,angle:-9.990000,distense:70.000000,rcs:22.000000
timestame:1619470984.827000000,objid:3,type:0,xpos:0.000000,ypos:0.000000,xspeed:4.150000,yspeed:-2.030000,angle:9.710000,distense:75.000000,rcs:13.000000
timestame:1619470984.827000000,objid:5,type:0,xpos:0.000000,ypos:0.000000,xspeed:9.720000,yspeed:9.430000,angle:3.270000,distense:206.800000,rcs:6.000000
