timestame:1619471228.509000000,objid:0,type:0,xpos:0.000000,ypos:0.000000,xspeed:5.770000,yspeed:0.340000,angle:2.230000,distense:85.000000,rcs:12.000000
timestame:1619471228.509000000,objid:1,type:0,xpos:0.000000,ypos:0.000000,xspeed:4.340000,yspeed:-4.080000,angle:-18.000000,distense:56.400000,rcs:19.000000
timestame:1619471228.509000000,objid:9,type:0,xpos:0.000000,ypos:0.000000,xspeed:6.020000,yspeed:0.200000,angle:2.260000,distense:76.000000,rcs:40.000000
