timestame:1619471372.058000000,objid:1,type:0,xpos:0.000000,ypos:0.000000,xspeed:8.980000,yspeed:0.010000,angle:2.320000,distense:160.200000,rcs:23.000000
timestame:1619471372.058000000,objid:7,type:0,xpos:0.000000,ypos:0.000000,xspeed:10.300000,yspeed:0.250000,angle:1.530000,distense:206.600000,rcs:19.000000
