timestame:1619471233.229000000,objid:0,type:0,xpos:0.000000,ypos:0.000000,xspeed:7.430000,yspeed:0.020000,angle:1.600000,distense:119.000000,rcs:9.000000
timestame:1619471233.229000000,objid:9,type:0,xpos:0.000000,ypos:0.000000,xspeed:7.060000,yspeed:0.020000,angle:1.540000,distense:109.600000,rcs:37.000000
