timestame:1619469922.407000000,objid:1,type:0,xpos:0.000000,ypos:0.000000,xspeed:5.980000,yspeed:0.270000,angle:1.510000,distense:144.000000,rcs:18.000000
timestame:1619469922.407000000,objid:8,type:0,xpos:0.000000,ypos:0.000000,xspeed:5.850000,yspeed:0.020000,angle:1.370000,distense:136.800000,rcs:25.000000
