timestame:1619471150.394000000,objid:2,type:0,xpos:0.000000,ypos:0.000000,xspeed:-2.610000,yspeed:2.820000,angle:-12.640000,distense:42.600000,rcs:9.000000
timestame:1619471150.394000000,objid:3,type:0,xpos:0.000000,ypos:0.000000,xspeed:11.410000,yspeed:-4.960000,angle:-17.850000,distense:55.200000,rcs:13.000000
