timestame:1619471253.440000000,objid:1,type:0,xpos:0.000000,ypos:0.000000,xspeed:3.010000,yspeed:2.880000,angle:4.390000,distense:82.200000,rcs:9.000000
timestame:1619471253.440000000,objid:3,type:0,xpos:0.000000,ypos:0.000000,xspeed:-16.580000,yspeed:-0.280000,angle:-6.560000,distense:125.800000,rcs:13.000000
