timestame:1619471313.866000000,objid:1,type:0,xpos:0.000000,ypos:0.000000,xspeed:-15.050000,yspeed:-1.750000,angle:-3.870000,distense:168.400000,rcs:16.000000
timestame:1619471313.866000000,objid:2,type:0,xpos:0.000000,ypos:0.000000,xspeed:1.820000,yspeed:4.050000,angle:-4.950000,distense:48.800000,rcs:6.000000
timestame:1619471313.866000000,objid:3,type:0,xpos:0.000000,ypos:0.000000,xspeed:2.680000,yspeed:4.300000,angle:-7.270000,distense:44.600000,rcs:6.000000
timestame:1619471313.866000000,objid:4,type:0,xpos:0.000000,ypos:0.000000,xspeed:-1.310000,yspeed:5.340000,angle:13.700000,distense:36.400000,rcs:6.000000
