timestame:1619470481.640000000,objid:1,type:0,xpos:0.000000,ypos:0.000000,xspeed:-5.020000,yspeed:-0.020000,angle:-7.300000,distense:91.200000,rcs:24.000000
timestame:1619470481.640000000,objid:2,type:0,xpos:0.000000,ypos:0.000000,xspeed:1.700000,yspeed:-0.250000,angle:11.000000,distense:82.000000,rcs:9.000000
timestame:1619470481.640000000,objid:6,type:0,xpos:0.000000,ypos:0.000000,xspeed:-7.110000,yspeed:-2.230000,angle:-6.860000,distense:97.400000,rcs:15.000000
