timestame:1619470952.016000000,objid:0,type:0,xpos:0.000000,ypos:0.000000,xspeed:5.390000,yspeed:-0.260000,angle:0.770000,distense:32.000000,rcs:44.000000
timestame:1619470952.016000000,objid:10,type:0,xpos:0.000000,ypos:0.000000,xspeed:3.460000,yspeed:0.020000,angle:3.530000,distense:17.000000,rcs:24.000000
timestame:1619470952.016000000,objid:11,type:0,xpos:0.000000,ypos:0.000000,xspeed:-1.690000,yspeed:-0.170000,angle:10.320000,distense:15.600000,rcs:38.000000
timestame:1619470952.016000000,objid:12,type:0,xpos:0.000000,ypos:0.000000,xspeed:4.660000,yspeed:0.000000,angle:0.880000,distense:43.400000,rcs:22.000000
