timestame:1619471091.624000000,objid:1,type:0,xpos:0.000000,ypos:0.000000,xspeed:11.310000,yspeed:0.220000,angle:4.770000,distense:65.000000,rcs:27.000000
timestame:1619471091.624000000,objid:2,type:0,xpos:0.000000,ypos:0.000000,xspeed:6.420000,yspeed:0.330000,angle:2.340000,distense:52.600000,rcs:37.000000
timestame:1619471091.624000000,objid:4,type:0,xpos:0.000000,ypos:0.000000,xspeed:-22.350000,yspeed:-1.250000,angle:-18.000000,distense:20.400000,rcs:6.000000
timestame:1619471091.624000000,objid:5,type:0,xpos:0.000000,ypos:0.000000,xspeed:12.130000,yspeed:1.040000,angle:2.190000,distense:115.800000,rcs:13.000000
