timestame:1619470236.697000000,objid:3,type:0,xpos:0.000000,ypos:0.000000,xspeed:-1.310000,yspeed:-3.540000,angle:-16.940000,distense:41.600000,rcs:33.000000
timestame:1619470236.697000000,objid:9,type:0,xpos:0.000000,ypos:0.000000,xspeed:-1.320000,yspeed:-2.560000,angle:-18.000000,distense:38.600000,rcs:22.000000
timestame:1619470236.697000000,objid:11,type:0,xpos:0.000000,ypos:0.000000,xspeed:-5.170000,yspeed:0.010000,angle:-4.940000,distense:127.200000,rcs:18.000000
timestame:1619470236.697000000,objid:14,type:0,xpos:0.000000,ypos:0.000000,xspeed:-2.630000,yspeed:0.000000,angle:-18.000000,distense:35.200000,rcs:12.000000
