timestame:1619471266.189000000,objid:0,type:0,xpos:0.000000,ypos:0.000000,xspeed:13.010000,yspeed:0.320000,angle:2.620000,distense:179.000000,rcs:9.000000
timestame:1619471266.189000000,objid:2,type:0,xpos:0.000000,ypos:0.000000,xspeed:13.210000,yspeed:0.150000,angle:2.460000,distense:155.000000,rcs:13.000000
timestame:1619471266.189000000,objid:6,type:0,xpos:0.000000,ypos:0.000000,xspeed:13.170000,yspeed:-0.010000,angle:2.190000,distense:167.000000,rcs:9.000000
timestame:1619471266.189000000,objid:10,type:0,xpos:0.000000,ypos:0.000000,xspeed:13.230000,yspeed:0.000000,angle:2.390000,distense:142.600000,rcs:27.000000
