timestame:1619470193.875000000,objid:1,type:0,xpos:0.000000,ypos:0.000000,xspeed:1.670000,yspeed:1.040000,angle:6.220000,distense:140.200000,rcs:25.000000
timestame:1619470193.875000000,objid:2,type:0,xpos:0.000000,ypos:0.000000,xspeed:-4.640000,yspeed:5.730000,angle:-10.320000,distense:38.600000,rcs:9.000000
timestame:1619470193.875000000,objid:4,type:0,xpos:0.000000,ypos:0.000000,xspeed:-3.950000,yspeed:7.940000,angle:5.720000,distense:153.800000,rcs:9.000000
