timestame:1619471269.470000000,objid:2,type:0,xpos:0.000000,ypos:0.000000,xspeed:13.870000,yspeed:0.110000,angle:1.960000,distense:200.800000,rcs:18.000000
timestame:1619471269.470000000,objid:6,type:0,xpos:0.000000,ypos:0.000000,xspeed:13.660000,yspeed:0.090000,angle:1.870000,distense:212.200000,rcs:9.000000
timestame:1619471269.470000000,objid:10,type:0,xpos:0.000000,ypos:0.000000,xspeed:13.840000,yspeed:0.070000,angle:1.910000,distense:188.200000,rcs:33.000000
