timestame:1619471064.047000000,objid:0,type:0,xpos:0.000000,ypos:0.000000,xspeed:-6.950000,yspeed:0.520000,angle:-4.870000,distense:116.800000,rcs:12.000000
timestame:1619471064.047000000,objid:3,type:0,xpos:0.000000,ypos:0.000000,xspeed:-7.230000,yspeed:-3.390000,angle:-4.320000,distense:166.200000,rcs:9.000000
timestame:1619471064.047000000,objid:9,type:0,xpos:0.000000,ypos:0.000000,xspeed:-1.650000,yspeed:-0.090000,angle:-10.020000,distense:73.800000,rcs:19.000000
