timestame:1619470071.335000000,objid:3,type:0,xpos:0.000000,ypos:0.000000,xspeed:-1.780000,yspeed:2.750000,angle:12.400000,distense:48.800000,rcs:37.000000
timestame:1619470071.335000000,objid:4,type:0,xpos:0.000000,ypos:0.000000,xspeed:-1.680000,yspeed:2.980000,angle:16.870000,distense:44.200000,rcs:25.000000
timestame:1619470071.335000000,objid:8,type:0,xpos:0.000000,ypos:0.000000,xspeed:2.790000,yspeed:2.080000,angle:-14.380000,distense:35.600000,rcs:13.000000
