timestame:1619469486.367000000,objid:1,type:0,xpos:0.000000,ypos:0.000000,xspeed:-3.390000,yspeed:-0.600000,angle:-14.250000,distense:68.000000,rcs:25.000000
timestame:1619469486.367000000,objid:3,type:0,xpos:0.000000,ypos:0.000000,xspeed:1.530000,yspeed:0.020000,angle:10.540000,distense:19.400000,rcs:33.000000
timestame:1619469486.367000000,objid:7,type:0,xpos:0.000000,ypos:0.000000,xspeed:-2.710000,yspeed:-0.060000,angle:-11.380000,distense:82.200000,rcs:16.000000
timestame:1619469486.367000000,objid:12,type:0,xpos:0.000000,ypos:0.000000,xspeed:-1.210000,yspeed:-0.280000,angle:-5.830000,distense:101.200000,rcs:12.000000
