timestame:1619471265.258000000,objid:0,type:0,xpos:0.000000,ypos:0.000000,xspeed:11.930000,yspeed:3.440000,angle:3.420000,distense:166.000000,rcs:6.000000
timestame:1619471265.258000000,objid:2,type:0,xpos:0.000000,ypos:0.000000,xspeed:13.060000,yspeed:0.140000,angle:2.620000,distense:142.200000,rcs:24.000000
timestame:1619471265.258000000,objid:6,type:0,xpos:0.000000,ypos:0.000000,xspeed:13.000000,yspeed:-0.060000,angle:2.320000,distense:154.200000,rcs:9.000000
timestame:1619471265.258000000,objid:10,type:0,xpos:0.000000,ypos:0.000000,xspeed:12.960000,yspeed:-0.050000,angle:2.600000,distense:129.600000,rcs:16.000000
