timestame:1619470211.850000000,objid:0,type:0,xpos:0.000000,ypos:0.000000,xspeed:1.680000,yspeed:0.180000,angle:6.390000,distense:16.600000,rcs:28.000000
timestame:1619470211.850000000,objid:2,type:0,xpos:0.000000,ypos:0.000000,xspeed:-1.390000,yspeed:7.440000,angle:-18.000000,distense:47.200000,rcs:15.000000
timestame:1619470211.850000000,objid:4,type:0,xpos:0.000000,ypos:0.000000,xspeed:-2.330000,yspeed:-3.580000,angle:-3.650000,distense:49.600000,rcs:15.000000
