timestame:1619469633.067000000,objid:1,type:0,xpos:0.000000,ypos:0.000000,xspeed:-14.840000,yspeed:-2.960000,angle:5.600000,distense:6.200000,rcs:6.000000
timestame:1619469633.067000000,objid:4,type:0,xpos:0.000000,ypos:0.000000,xspeed:4.950000,yspeed:0.000000,angle:19.150000,distense:19.800000,rcs:15.000000
timestame:1619469633.067000000,objid:6,type:0,xpos:0.000000,ypos:0.000000,xspeed:-9.010000,yspeed:0.020000,angle:-7.930000,distense:58.600000,rcs:19.000000
