timestame:1619471367.194000000,objid:1,type:0,xpos:0.000000,ypos:0.000000,xspeed:7.630000,yspeed:-0.080000,angle:3.130000,distense:117.600000,rcs:23.000000
timestame:1619471367.194000000,objid:2,type:0,xpos:0.000000,ypos:0.000000,xspeed:8.140000,yspeed:-0.040000,angle:3.090000,distense:123.600000,rcs:12.000000
timestame:1619471367.194000000,objid:7,type:0,xpos:0.000000,ypos:0.000000,xspeed:11.710000,yspeed:0.200000,angle:1.560000,distense:155.400000,rcs:13.000000
