timestame:1619471220.032000000,objid:6,type:0,xpos:0.000000,ypos:0.000000,xspeed:3.460000,yspeed:0.550000,angle:2.810000,distense:50.000000,rcs:19.000000
timestame:1619471220.032000000,objid:9,type:0,xpos:0.000000,ypos:0.000000,xspeed:3.680000,yspeed:0.190000,angle:2.650000,distense:31.400000,rcs:43.000000
timestame:1619471220.032000000,objid:10,type:0,xpos:0.000000,ypos:0.000000,xspeed:3.590000,yspeed:0.520000,angle:1.390000,distense:40.600000,rcs:19.000000
