timestame:1619469526.572000000,objid:2,type:0,xpos:0.000000,ypos:0.000000,xspeed:2.850000,yspeed:-3.150000,angle:-16.480000,distense:58.600000,rcs:33.000000
timestame:1619469526.572000000,objid:3,type:0,xpos:0.000000,ypos:0.000000,xspeed:-1.440000,yspeed:0.120000,angle:-18.000000,distense:61.000000,rcs:20.000000
timestame:1619469526.572000000,objid:7,type:0,xpos:0.000000,ypos:0.000000,xspeed:4.440000,yspeed:-1.140000,angle:-7.830000,distense:61.400000,rcs:6.000000
timestame:1619469526.572000000,objid:11,type:0,xpos:0.000000,ypos:0.000000,xspeed:1.780000,yspeed:-4.840000,angle:-18.000000,distense:69.200000,rcs:9.000000
