timestame:1619469531.783000000,objid:1,type:0,xpos:0.000000,ypos:0.000000,xspeed:1.730000,yspeed:-4.860000,angle:-18.000000,distense:77.800000,rcs:12.000000
timestame:1619469531.783000000,objid:4,type:0,xpos:0.000000,ypos:0.000000,xspeed:15.880000,yspeed:2.650000,angle:2.990000,distense:25.800000,rcs:38.000000
timestame:1619469531.783000000,objid:7,type:0,xpos:0.000000,ypos:0.000000,xspeed:17.630000,yspeed:0.010000,angle:1.220000,distense:34.000000,rcs:40.000000
