timestame:1619471002.408000000,objid:1,type:0,xpos:0.000000,ypos:0.000000,xspeed:-13.480000,yspeed:-0.920000,angle:-5.410000,distense:150.600000,rcs:15.000000
timestame:1619471002.408000000,objid:3,type:0,xpos:0.000000,ypos:0.000000,xspeed:2.050000,yspeed:-2.560000,angle:-13.760000,distense:47.000000,rcs:23.000000
timestame:1619471002.408000000,objid:4,type:0,xpos:0.000000,ypos:0.000000,xspeed:2.380000,yspeed:-0.210000,angle:-1.010000,distense:16.200000,rcs:18.000000
