timestame:1619470287.762000000,objid:2,type:0,xpos:0.000000,ypos:0.000000,xspeed:-12.390000,yspeed:-0.130000,angle:-9.020000,distense:96.200000,rcs:22.000000
timestame:1619470287.762000000,objid:5,type:0,xpos:0.000000,ypos:0.000000,xspeed:-5.610000,yspeed:-0.540000,angle:-18.000000,distense:38.400000,rcs:26.000000
timestame:1619470287.762000000,objid:7,type:0,xpos:0.000000,ypos:0.000000,xspeed:-5.340000,yspeed:-0.340000,angle:-18.000000,distense:34.000000,rcs:21.000000
timestame:1619470287.762000000,objid:11,type:0,xpos:0.000000,ypos:0.000000,xspeed:-5.470000,yspeed:-0.510000,angle:-18.000000,distense:28.200000,rcs:13.000000
