timestame:1619469694.175000000,objid:1,type:0,xpos:0.000000,ypos:0.000000,xspeed:-1.480000,yspeed:6.570000,angle:-1.310000,distense:42.200000,rcs:25.000000
timestame:1619469694.175000000,objid:6,type:0,xpos:0.000000,ypos:0.000000,xspeed:1.660000,yspeed:-4.420000,angle:16.290000,distense:47.200000,rcs:13.000000
timestame:1619469694.175000000,objid:7,type:0,xpos:0.000000,ypos:0.000000,xspeed:-1.270000,yspeed:15.890000,angle:-3.680000,distense:43.400000,rcs:28.000000
timestame:1619469694.175000000,objid:8,type:0,xpos:0.000000,ypos:0.000000,xspeed:2.160000,yspeed:-7.090000,angle:-18.000000,distense:71.800000,rcs:12.000000
