timestame:1619470690.913000000,objid:0,type:0,xpos:0.000000,ypos:0.000000,xspeed:-4.940000,yspeed:-0.210000,angle:-18.000000,distense:26.600000,rcs:6.000000
timestame:1619470690.913000000,objid:1,type:0,xpos:0.000000,ypos:0.000000,xspeed:2.660000,yspeed:0.040000,angle:8.000000,distense:30.800000,rcs:28.000000
timestame:1619470690.913000000,objid:3,type:0,xpos:0.000000,ypos:0.000000,xspeed:-4.960000,yspeed:0.000000,angle:-18.000000,distense:36.800000,rcs:13.000000
timestame:1619470690.913000000,objid:8,type:0,xpos:0.000000,ypos:0.000000,xspeed:-11.130000,yspeed:-2.550000,angle:-18.000000,distense:27.600000,rcs:6.000000
