timestame:1619470135.520000000,objid:3,type:0,xpos:0.000000,ypos:0.000000,xspeed:-3.770000,yspeed:-1.170000,angle:-18.000000,distense:24.200000,rcs:6.000000
timestame:1619470135.520000000,objid:6,type:0,xpos:0.000000,ypos:0.000000,xspeed:1.550000,yspeed:3.590000,angle:-2.210000,distense:47.000000,rcs:6.000000
timestame:1619470135.520000000,objid:7,type:0,xpos:0.000000,ypos:0.000000,xspeed:-5.100000,yspeed:-0.190000,angle:-9.150000,distense:79.600000,rcs:12.000000
timestame:1619470135.520000000,objid:8,type:0,xpos:0.000000,ypos:0.000000,xspeed:3.680000,yspeed:3.030000,angle:-11.540000,distense:37.600000,rcs:13.000000
