timestame:1619470907.656000000,objid:7,type:0,xpos:0.000000,ypos:0.000000,xspeed:-3.580000,yspeed:-2.130000,angle:-18.000000,distense:31.000000,rcs:6.000000
timestame:1619470907.656000000,objid:16,type:0,xpos:0.000000,ypos:0.000000,xspeed:-1.970000,yspeed:-0.160000,angle:-18.000000,distense:33.600000,rcs:19.000000
