timestame:1619471082.798000000,objid:4,type:0,xpos:0.000000,ypos:0.000000,xspeed:3.130000,yspeed:0.080000,angle:1.120000,distense:29.800000,rcs:34.000000
timestame:1619471082.798000000,objid:10,type:0,xpos:0.000000,ypos:0.000000,xspeed:5.920000,yspeed:0.520000,angle:1.920000,distense:45.800000,rcs:6.000000
