timestame:1619470440.222000000,objid:1,type:0,xpos:0.000000,ypos:0.000000,xspeed:14.870000,yspeed:0.670000,angle:2.520000,distense:61.600000,rcs:25.000000
timestame:1619470440.222000000,objid:2,type:0,xpos:0.000000,ypos:0.000000,xspeed:3.850000,yspeed:-0.090000,angle:9.880000,distense:76.000000,rcs:22.000000
