timestame:1619471069.015000000,objid:0,type:0,xpos:0.000000,ypos:0.000000,xspeed:-5.660000,yspeed:-0.310000,angle:-7.870000,distense:89.200000,rcs:13.000000
timestame:1619471069.015000000,objid:3,type:0,xpos:0.000000,ypos:0.000000,xspeed:-6.850000,yspeed:-0.180000,angle:-5.110000,distense:131.600000,rcs:9.000000
timestame:1619471069.015000000,objid:5,type:0,xpos:0.000000,ypos:0.000000,xspeed:-10.940000,yspeed:-0.210000,angle:-7.000000,distense:120.600000,rcs:19.000000
timestame:1619471069.015000000,objid:9,type:0,xpos:0.000000,ypos:0.000000,xspeed:-3.030000,yspeed:-0.250000,angle:-13.200000,distense:61.000000,rcs:22.000000
