timestame:1619469951.399000000,objid:0,type:0,xpos:0.000000,ypos:0.000000,xspeed:2.110000,yspeed:-0.060000,angle:2.740000,distense:54.600000,rcs:33.000000
timestame:1619469951.399000000,objid:4,type:0,xpos:0.000000,ypos:0.000000,xspeed:1.100000,yspeed:-4.150000,angle:-2.790000,distense:55.000000,rcs:29.000000
timestame:1619469951.399000000,objid:9,type:0,xpos:0.000000,ypos:0.000000,xspeed:1.140000,yspeed:-3.450000,angle:-12.930000,distense:47.200000,rcs:13.000000
timestame:1619469951.399000000,objid:15,type:0,xpos:0.000000,ypos:0.000000,xspeed:-3.180000,yspeed:7.760000,angle:12.560000,distense:38.400000,rcs:12.000000
