timestame:1619470377.686000000,objid:1,type:0,xpos:0.000000,ypos:0.000000,xspeed:-2.650000,yspeed:-2.140000,angle:-18.000000,distense:33.400000,rcs:18.000000
timestame:1619470377.686000000,objid:5,type:0,xpos:0.000000,ypos:0.000000,xspeed:-3.050000,yspeed:-2.500000,angle:-18.000000,distense:34.600000,rcs:15.000000
timestame:1619470377.686000000,objid:8,type:0,xpos:0.000000,ypos:0.000000,xspeed:1.240000,yspeed:-6.060000,angle:-11.390000,distense:67.800000,rcs:13.000000
timestame:1619470377.686000000,objid:18,type:0,xpos:0.000000,ypos:0.000000,xspeed:-4.880000,yspeed:-0.310000,angle:-9.200000,distense:79.200000,rcs:15.000000
