timestame:1619471532.337000000,objid:4,type:0,xpos:0.000000,ypos:0.000000,xspeed:-13.800000,yspeed:-0.390000,angle:-2.750000,distense:191.000000,rcs:12.000000
timestame:1619471532.337000000,objid:6,type:0,xpos:0.000000,ypos:0.000000,xspeed:2.220000,yspeed:4.670000,angle:10.310000,distense:42.800000,rcs:29.000000
timestame:1619471532.337000000,objid:7,type:0,xpos:0.000000,ypos:0.000000,xspeed:3.810000,yspeed:-5.890000,angle:12.890000,distense:53.400000,rcs:16.000000
timestame:1619471532.337000000,objid:10,type:0,xpos:0.000000,ypos:0.000000,xspeed:-12.700000,yspeed:-0.600000,angle:-2.800000,distense:198.400000,rcs:15.000000
