timestame:1619471036.461000000,objid:2,type:0,xpos:0.000000,ypos:0.000000,xspeed:-1.930000,yspeed:-2.990000,angle:-14.640000,distense:42.200000,rcs:28.000000
timestame:1619471036.461000000,objid:3,type:0,xpos:0.000000,ypos:0.000000,xspeed:1.790000,yspeed:-3.140000,angle:-17.450000,distense:48.200000,rcs:22.000000
timestame:1619471036.461000000,objid:7,type:0,xpos:0.000000,ypos:0.000000,xspeed:-1.680000,yspeed:-7.810000,angle:-8.610000,distense:76.200000,rcs:12.000000
timestame:1619471036.461000000,objid:8,type:0,xpos:0.000000,ypos:0.000000,xspeed:-2.280000,yspeed:-0.670000,angle:-18.000000,distense:31.800000,rcs:6.000000
