timestame:1619471448.633000000,objid:3,type:0,xpos:0.000000,ypos:0.000000,xspeed:-3.210000,yspeed:-0.020000,angle:-5.810000,distense:108.200000,rcs:13.000000
timestame:1619471448.633000000,objid:11,type:0,xpos:0.000000,ypos:0.000000,xspeed:-2.880000,yspeed:-0.720000,angle:-8.390000,distense:98.400000,rcs:9.000000
timestame:1619471448.633000000,objid:13,type:0,xpos:0.000000,ypos:0.000000,xspeed:-3.330000,yspeed:0.100000,angle:16.840000,distense:47.000000,rcs:12.000000
