timestame:1619470703.375000000,objid:0,type:0,xpos:0.000000,ypos:0.000000,xspeed:4.100000,yspeed:2.520000,angle:22.530000,distense:33.800000,rcs:13.000000
timestame:1619470703.375000000,objid:1,type:0,xpos:0.000000,ypos:0.000000,xspeed:10.590000,yspeed:-0.120000,angle:2.780000,distense:132.200000,rcs:12.000000
timestame:1619470703.375000000,objid:2,type:0,xpos:0.000000,ypos:0.000000,xspeed:-8.410000,yspeed:-0.280000,angle:-15.040000,distense:77.600000,rcs:9.000000
