timestame:1619471408.814000000,objid:1,type:0,xpos:0.000000,ypos:0.000000,xspeed:-1.730000,yspeed:-3.510000,angle:-8.840000,distense:41.200000,rcs:28.000000
timestame:1619471408.814000000,objid:7,type:0,xpos:0.000000,ypos:0.000000,xspeed:-1.700000,yspeed:-3.420000,angle:-12.950000,distense:40.400000,rcs:22.000000
timestame:1619471408.814000000,objid:12,type:0,xpos:0.000000,ypos:0.000000,xspeed:-10.160000,yspeed:-1.130000,angle:-3.870000,distense:198.000000,rcs:6.000000
