timestame:1619470227.225000000,objid:8,type:0,xpos:0.000000,ypos:0.000000,xspeed:-1.720000,yspeed:-2.510000,angle:-11.870000,distense:41.400000,rcs:28.000000
timestame:1619470227.225000000,objid:11,type:0,xpos:0.000000,ypos:0.000000,xspeed:-10.830000,yspeed:0.360000,angle:-3.370000,distense:192.600000,rcs:6.000000
