timestame:1619471406.145000000,objid:5,type:0,xpos:0.000000,ypos:0.000000,xspeed:-17.170000,yspeed:-1.210000,angle:8.020000,distense:158.400000,rcs:6.000000
timestame:1619471406.145000000,objid:10,type:0,xpos:0.000000,ypos:0.000000,xspeed:-1.210000,yspeed:-0.350000,angle:-14.870000,distense:45.000000,rcs:12.000000
