timestame:1619470610.862000000,objid:2,type:0,xpos:0.000000,ypos:0.000000,xspeed:-4.670000,yspeed:0.000000,angle:-18.000000,distense:52.200000,rcs:12.000000
timestame:1619470610.862000000,objid:3,type:0,xpos:0.000000,ypos:0.000000,xspeed:1.000000,yspeed:5.970000,angle:-13.390000,distense:32.400000,rcs:20.000000
timestame:1619470610.862000000,objid:4,type:0,xpos:0.000000,ypos:0.000000,xspeed:6.540000,yspeed:-4.640000,angle:22.560000,distense:30.600000,rcs:20.000000
