timestame:1619470930.778000000,objid:3,type:0,xpos:0.000000,ypos:0.000000,xspeed:-1.040000,yspeed:0.240000,angle:2.090000,distense:19.000000,rcs:30.000000
timestame:1619470930.778000000,objid:7,type:0,xpos:0.000000,ypos:0.000000,xspeed:-3.030000,yspeed:0.290000,angle:-10.070000,distense:87.800000,rcs:19.000000
