timestame:1619470493.021000000,objid:2,type:0,xpos:0.000000,ypos:0.000000,xspeed:1.500000,yspeed:-5.510000,angle:14.620000,distense:56.800000,rcs:13.000000
timestame:1619470493.021000000,objid:3,type:0,xpos:0.000000,ypos:0.000000,xspeed:1.730000,yspeed:-4.580000,angle:9.160000,distense:45.000000,rcs:31.000000
