timestame:1619470481.142000000,objid:1,type:0,xpos:0.000000,ypos:0.000000,xspeed:-4.820000,yspeed:0.210000,angle:-6.900000,distense:94.000000,rcs:22.000000
timestame:1619470481.142000000,objid:2,type:0,xpos:0.000000,ypos:0.000000,xspeed:1.730000,yspeed:-0.430000,angle:10.990000,distense:81.000000,rcs:9.000000
timestame:1619470481.142000000,objid:6,type:0,xpos:0.000000,ypos:0.000000,xspeed:-2.780000,yspeed:1.780000,angle:-5.980000,distense:101.200000,rcs:12.000000
