timestame:1619469787.202000000,objid:1,type:0,xpos:0.000000,ypos:0.000000,xspeed:-15.850000,yspeed:0.480000,angle:-9.120000,distense:90.000000,rcs:19.000000
timestame:1619469787.202000000,objid:2,type:0,xpos:0.000000,ypos:0.000000,xspeed:16.870000,yspeed:0.270000,angle:1.050000,distense:214.200000,rcs:9.000000
timestame:1619469787.202000000,objid:4,type:0,xpos:0.000000,ypos:0.000000,xspeed:-16.900000,yspeed:-0.420000,angle:-11.370000,distense:80.600000,rcs:22.000000
timestame:1619469787.202000000,objid:10,type:0,xpos:0.000000,ypos:0.000000,xspeed:17.010000,yspeed:0.160000,angle:1.090000,distense:202.000000,rcs:34.000000
