timestame:1619469922.098000000,objid:1,type:0,xpos:0.000000,ypos:0.000000,xspeed:6.010000,yspeed:0.230000,angle:1.450000,distense:142.200000,rcs:21.000000
timestame:1619469922.098000000,objid:8,type:0,xpos:0.000000,ypos:0.000000,xspeed:5.770000,yspeed:0.020000,angle:1.390000,distense:134.800000,rcs:24.000000
