timestame:1619470648.560000000,objid:4,type:0,xpos:0.000000,ypos:0.000000,xspeed:-1.620000,yspeed:-2.540000,angle:-18.000000,distense:40.200000,rcs:25.000000
timestame:1619470648.560000000,objid:9,type:0,xpos:0.000000,ypos:0.000000,xspeed:-1.740000,yspeed:-3.450000,angle:-15.170000,distense:40.600000,rcs:16.000000
timestame:1619470648.560000000,objid:15,type:0,xpos:0.000000,ypos:0.000000,xspeed:-3.140000,yspeed:-5.440000,angle:-2.910000,distense:67.400000,rcs:20.000000
