timestame:1619470463.513000000,objid:0,type:0,xpos:0.000000,ypos:0.000000,xspeed:-14.070000,yspeed:-0.580000,angle:-12.800000,distense:58.400000,rcs:22.000000
timestame:1619470463.513000000,objid:2,type:0,xpos:0.000000,ypos:0.000000,xspeed:6.050000,yspeed:0.050000,angle:3.100000,distense:196.200000,rcs:12.000000
