timestame:1619470482.382000000,objid:1,type:0,xpos:0.000000,ypos:0.000000,xspeed:-4.240000,yspeed:-0.150000,angle:-7.640000,distense:89.200000,rcs:22.000000
timestame:1619470482.382000000,objid:2,type:0,xpos:0.000000,ypos:0.000000,xspeed:1.700000,yspeed:-0.130000,angle:10.920000,distense:83.200000,rcs:6.000000
timestame:1619470482.382000000,objid:6,type:0,xpos:0.000000,ypos:0.000000,xspeed:-3.630000,yspeed:0.720000,angle:-6.620000,distense:95.000000,rcs:13.000000
