timestame:1619470060.620000000,objid:0,type:0,xpos:0.000000,ypos:0.000000,xspeed:-11.370000,yspeed:-0.060000,angle:-5.950000,distense:74.400000,rcs:22.000000
timestame:1619470060.620000000,objid:1,type:0,xpos:0.000000,ypos:0.000000,xspeed:-20.510000,yspeed:1.830000,angle:-4.280000,distense:160.400000,rcs:9.000000
timestame:1619470060.620000000,objid:5,type:0,xpos:0.000000,ypos:0.000000,xspeed:9.660000,yspeed:0.520000,angle:2.890000,distense:191.800000,rcs:22.000000
