timestame:1619469572.614000000,objid:1,type:0,xpos:0.000000,ypos:0.000000,xspeed:-6.260000,yspeed:-2.990000,angle:-18.000000,distense:31.600000,rcs:9.000000
timestame:1619469572.614000000,objid:3,type:0,xpos:0.000000,ypos:0.000000,xspeed:-8.510000,yspeed:0.580000,angle:-5.580000,distense:145.800000,rcs:12.000000
timestame:1619469572.614000000,objid:5,type:0,xpos:0.000000,ypos:0.000000,xspeed:-8.690000,yspeed:0.120000,angle:-6.060000,distense:142.000000,rcs:12.000000
timestame:1619469572.614000000,objid:8,type:0,xpos:0.000000,ypos:0.000000,xspeed:-2.430000,yspeed:-1.710000,angle:-18.000000,distense:36.200000,rcs:9.000000
