timestame:1619470146.445000000,objid:0,type:0,xpos:0.000000,ypos:0.000000,xspeed:2.770000,yspeed:2.020000,angle:-16.750000,distense:37.600000,rcs:6.000000
timestame:1619470146.445000000,objid:1,type:0,xpos:0.000000,ypos:0.000000,xspeed:3.840000,yspeed:2.550000,angle:-17.270000,distense:24.200000,rcs:31.000000
timestame:1619470146.445000000,objid:2,type:0,xpos:0.000000,ypos:0.000000,xspeed:3.370000,yspeed:1.580000,angle:20.890000,distense:33.800000,rcs:13.000000
timestame:1619470146.445000000,objid:3,type:0,xpos:0.000000,ypos:0.000000,xspeed:-1.320000,yspeed:0.740000,angle:-9.680000,distense:74.600000,rcs:12.000000
