timestame:1619469781.116000000,objid:2,type:0,xpos:0.000000,ypos:0.000000,xspeed:16.450000,yspeed:0.490000,angle:1.930000,distense:111.000000,rcs:20.000000
timestame:1619469781.116000000,objid:5,type:0,xpos:0.000000,ypos:0.000000,xspeed:3.410000,yspeed:0.230000,angle:-11.540000,distense:37.400000,rcs:18.000000
timestame:1619469781.116000000,objid:6,type:0,xpos:0.000000,ypos:0.000000,xspeed:3.660000,yspeed:2.860000,angle:-14.610000,distense:36.800000,rcs:22.000000
timestame:1619469781.116000000,objid:10,type:0,xpos:0.000000,ypos:0.000000,xspeed:16.610000,yspeed:0.380000,angle:1.750000,distense:100.000000,rcs:27.000000
