timestame:1619471075.594000000,objid:0,type:0,xpos:0.000000,ypos:0.000000,xspeed:-9.490000,yspeed:-0.450000,angle:-18.000000,distense:37.600000,rcs:16.000000
timestame:1619471075.594000000,objid:3,type:0,xpos:0.000000,ypos:0.000000,xspeed:-8.430000,yspeed:-0.070000,angle:-8.120000,distense:81.000000,rcs:25.000000
timestame:1619471075.594000000,objid:5,type:0,xpos:0.000000,ypos:0.000000,xspeed:-9.310000,yspeed:0.020000,angle:-11.870000,distense:60.400000,rcs:20.000000
timestame:1619471075.594000000,objid:6,type:0,xpos:0.000000,ypos:0.000000,xspeed:-5.200000,yspeed:-0.290000,angle:-15.920000,distense:60.400000,rcs:28.000000
