timestame:1619471439.193000000,objid:1,type:0,xpos:0.000000,ypos:0.000000,xspeed:-1.050000,yspeed:-5.490000,angle:-7.690000,distense:39.400000,rcs:28.000000
timestame:1619471439.193000000,objid:6,type:0,xpos:0.000000,ypos:0.000000,xspeed:5.890000,yspeed:0.650000,angle:-6.700000,distense:92.200000,rcs:9.000000
timestame:1619471439.193000000,objid:8,type:0,xpos:0.000000,ypos:0.000000,xspeed:-3.980000,yspeed:-2.120000,angle:-18.000000,distense:29.200000,rcs:6.000000
