timestame:1619470736.487000000,objid:0,type:0,xpos:0.000000,ypos:0.000000,xspeed:-19.230000,yspeed:-6.290000,angle:-4.710000,distense:174.000000,rcs:6.000000
timestame:1619470736.487000000,objid:1,type:0,xpos:0.000000,ypos:0.000000,xspeed:12.100000,yspeed:-0.200000,angle:1.310000,distense:104.800000,rcs:6.000000
timestame:1619470736.487000000,objid:2,type:0,xpos:0.000000,ypos:0.000000,xspeed:-1.300000,yspeed:-2.170000,angle:-6.090000,distense:50.000000,rcs:9.000000
timestame:1619470736.487000000,objid:6,type:0,xpos:0.000000,ypos:0.000000,xspeed:12.050000,yspeed:0.130000,angle:1.720000,distense:93.800000,rcs:39.000000
