timestame:1619470487.648000000,objid:2,type:0,xpos:0.000000,ypos:0.000000,xspeed:1.260000,yspeed:-8.360000,angle:-14.320000,distense:68.200000,rcs:12.000000
timestame:1619470487.648000000,objid:4,type:0,xpos:0.000000,ypos:0.000000,xspeed:-1.930000,yspeed:-4.310000,angle:-18.000000,distense:38.200000,rcs:18.000000
timestame:1619470487.648000000,objid:5,type:0,xpos:0.000000,ypos:0.000000,xspeed:-3.260000,yspeed:-2.850000,angle:-18.000000,distense:33.800000,rcs:16.000000
timestame:1619470487.648000000,objid:6,type:0,xpos:0.000000,ypos:0.000000,xspeed:-1.250000,yspeed:-3.090000,angle:-13.570000,distense:38.600000,rcs:30.000000
