timestame:1619469929.970000000,objid:1,type:0,xpos:0.000000,ypos:0.000000,xspeed:7.860000,yspeed:0.250000,angle:1.480000,distense:198.400000,rcs:9.000000
timestame:1619469929.970000000,objid:8,type:0,xpos:0.000000,ypos:0.000000,xspeed:7.690000,yspeed:0.030000,angle:1.100000,distense:191.400000,rcs:30.000000
