timestame:1619470484.482000000,objid:1,type:0,xpos:0.000000,ypos:0.000000,xspeed:-3.380000,yspeed:-0.150000,angle:-8.550000,distense:82.600000,rcs:23.000000
timestame:1619470484.482000000,objid:2,type:0,xpos:0.000000,ypos:0.000000,xspeed:1.740000,yspeed:-4.820000,angle:9.520000,distense:62.200000,rcs:20.000000
timestame:1619470484.482000000,objid:3,type:0,xpos:0.000000,ypos:0.000000,xspeed:1.030000,yspeed:-3.010000,angle:12.040000,distense:45.600000,rcs:9.000000
timestame:1619470484.482000000,objid:5,type:0,xpos:0.000000,ypos:0.000000,xspeed:-3.910000,yspeed:-6.630000,angle:-12.000000,distense:60.400000,rcs:9.000000
