timestame:1619471371.811000000,objid:1,type:0,xpos:0.000000,ypos:0.000000,xspeed:8.850000,yspeed:0.000000,angle:2.360000,distense:157.800000,rcs:22.000000
timestame:1619471371.811000000,objid:7,type:0,xpos:0.000000,ypos:0.000000,xspeed:10.410000,yspeed:0.220000,angle:1.510000,distense:204.400000,rcs:15.000000
