timestame:1619470289.997000000,objid:2,type:0,xpos:0.000000,ypos:0.000000,xspeed:-12.090000,yspeed:-0.320000,angle:-13.030000,distense:70.200000,rcs:28.000000
timestame:1619470289.997000000,objid:5,type:0,xpos:0.000000,ypos:0.000000,xspeed:-6.160000,yspeed:-0.400000,angle:-18.000000,distense:26.600000,rcs:9.000000
timestame:1619470289.997000000,objid:7,type:0,xpos:0.000000,ypos:0.000000,xspeed:-5.820000,yspeed:-0.390000,angle:-18.000000,distense:23.400000,rcs:6.000000
