timestame:1619470447.354000000,objid:0,type:0,xpos:0.000000,ypos:0.000000,xspeed:34.300000,yspeed:-3.690000,angle:1.440000,distense:191.600000,rcs:12.000000
timestame:1619470447.354000000,objid:2,type:0,xpos:0.000000,ypos:0.000000,xspeed:4.520000,yspeed:-0.200000,angle:6.580000,distense:106.200000,rcs:24.000000
