timestame:1619470771.179000000,objid:0,type:0,xpos:0.000000,ypos:0.000000,xspeed:-10.840000,yspeed:-0.220000,angle:-5.980000,distense:141.800000,rcs:13.000000
timestame:1619470771.179000000,objid:1,type:0,xpos:0.000000,ypos:0.000000,xspeed:12.770000,yspeed:0.210000,angle:1.840000,distense:103.800000,rcs:24.000000
timestame:1619470771.179000000,objid:2,type:0,xpos:0.000000,ypos:0.000000,xspeed:-10.740000,yspeed:1.100000,angle:-6.110000,distense:138.600000,rcs:16.000000
