timestame:1619470459.537000000,objid:0,type:0,xpos:0.000000,ypos:0.000000,xspeed:-17.690000,yspeed:-10.960000,angle:-5.920000,distense:115.200000,rcs:12.000000
timestame:1619470459.537000000,objid:2,type:0,xpos:0.000000,ypos:0.000000,xspeed:5.820000,yspeed:-0.070000,angle:3.390000,distense:172.200000,rcs:15.000000
