timestame:1619470791.567000000,objid:0,type:0,xpos:0.000000,ypos:0.000000,xspeed:1.400000,yspeed:0.150000,angle:2.000000,distense:19.400000,rcs:29.000000
timestame:1619470791.567000000,objid:2,type:0,xpos:0.000000,ypos:0.000000,xspeed:1.390000,yspeed:-7.790000,angle:-17.870000,distense:47.000000,rcs:26.000000
