timestame:1619470735.305000000,objid:1,type:0,xpos:0.000000,ypos:0.000000,xspeed:12.130000,yspeed:-0.240000,angle:1.620000,distense:90.400000,rcs:15.000000
timestame:1619470735.305000000,objid:6,type:0,xpos:0.000000,ypos:0.000000,xspeed:12.160000,yspeed:0.270000,angle:2.070000,distense:79.600000,rcs:28.000000
