timestame:1619469976.456000000,objid:2,type:0,xpos:0.000000,ypos:0.000000,xspeed:-1.440000,yspeed:-1.040000,angle:-18.000000,distense:32.000000,rcs:24.000000
timestame:1619469976.456000000,objid:4,type:0,xpos:0.000000,ypos:0.000000,xspeed:2.260000,yspeed:-2.840000,angle:5.560000,distense:44.400000,rcs:21.000000
timestame:1619469976.456000000,objid:6,type:0,xpos:0.000000,ypos:0.000000,xspeed:-1.950000,yspeed:-2.550000,angle:-18.000000,distense:34.000000,rcs:27.000000
timestame:1619469976.456000000,objid:7,type:0,xpos:0.000000,ypos:0.000000,xspeed:-3.860000,yspeed:-4.390000,angle:-18.000000,distense:34.600000,rcs:21.000000
