timestame:1619469564.234000000,objid:1,type:0,xpos:0.000000,ypos:0.000000,xspeed:5.430000,yspeed:-5.440000,angle:17.690000,distense:54.000000,rcs:13.000000
timestame:1619469564.234000000,objid:7,type:0,xpos:0.000000,ypos:0.000000,xspeed:1.060000,yspeed:-4.260000,angle:18.760000,distense:43.800000,rcs:25.000000
timestame:1619469564.234000000,objid:8,type:0,xpos:0.000000,ypos:0.000000,xspeed:-5.020000,yspeed:0.650000,angle:16.190000,distense:48.800000,rcs:15.000000
