timestame:1619471005.877000000,objid:2,type:0,xpos:0.000000,ypos:0.000000,xspeed:-8.750000,yspeed:0.000000,angle:-7.940000,distense:112.800000,rcs:19.000000
timestame:1619471005.877000000,objid:6,type:0,xpos:0.000000,ypos:0.000000,xspeed:9.500000,yspeed:8.830000,angle:-5.170000,distense:123.000000,rcs:6.000000
timestame:1619471005.877000000,objid:7,type:0,xpos:0.000000,ypos:0.000000,xspeed:-2.560000,yspeed:3.860000,angle:-18.000000,distense:50.000000,rcs:9.000000
