timestame:1619469890.395000000,objid:2,type:0,xpos:0.000000,ypos:0.000000,xspeed:-3.950000,yspeed:-0.130000,angle:-14.120000,distense:54.600000,rcs:25.000000
timestame:1619469890.395000000,objid:5,type:0,xpos:0.000000,ypos:0.000000,xspeed:-2.840000,yspeed:-0.050000,angle:-17.760000,distense:56.800000,rcs:19.000000
timestame:1619469890.395000000,objid:16,type:0,xpos:0.000000,ypos:0.000000,xspeed:-3.700000,yspeed:-0.120000,angle:-11.420000,distense:65.800000,rcs:23.000000
