timestame:1619470871.951000000,objid:1,type:0,xpos:0.000000,ypos:0.000000,xspeed:-6.990000,yspeed:-3.610000,angle:-4.330000,distense:140.800000,rcs:12.000000
timestame:1619470871.951000000,objid:3,type:0,xpos:0.000000,ypos:0.000000,xspeed:-1.070000,yspeed:-4.490000,angle:-7.800000,distense:49.800000,rcs:15.000000
timestame:1619470871.951000000,objid:4,type:0,xpos:0.000000,ypos:0.000000,xspeed:3.940000,yspeed:0.280000,angle:2.200000,distense:15.200000,rcs:35.000000
