timestame:1619470521.729000000,objid:0,type:0,xpos:0.000000,ypos:0.000000,xspeed:2.490000,yspeed:-11.220000,angle:-14.050000,distense:43.800000,rcs:16.000000
timestame:1619470521.729000000,objid:4,type:0,xpos:0.000000,ypos:0.000000,xspeed:-1.800000,yspeed:5.780000,angle:-17.010000,distense:43.000000,rcs:6.000000
