timestame:1619470769.947000000,objid:0,type:0,xpos:0.000000,ypos:0.000000,xspeed:-11.350000,yspeed:-0.410000,angle:-5.540000,distense:154.000000,rcs:18.000000
timestame:1619470769.947000000,objid:1,type:0,xpos:0.000000,ypos:0.000000,xspeed:11.750000,yspeed:0.260000,angle:2.080000,distense:87.000000,rcs:22.000000
timestame:1619470769.947000000,objid:2,type:0,xpos:0.000000,ypos:0.000000,xspeed:-10.490000,yspeed:-1.200000,angle:-6.330000,distense:151.800000,rcs:13.000000
