timestame:1619469707.922000000,objid:3,type:0,xpos:0.000000,ypos:0.000000,xspeed:11.320000,yspeed:-2.230000,angle:10.410000,distense:69.400000,rcs:9.000000
timestame:1619469707.922000000,objid:6,type:0,xpos:0.000000,ypos:0.000000,xspeed:-3.540000,yspeed:-1.440000,angle:-18.000000,distense:31.800000,rcs:12.000000
