timestame:1619469772.775000000,objid:1,type:0,xpos:0.000000,ypos:0.000000,xspeed:3.700000,yspeed:1.570000,angle:-16.600000,distense:27.200000,rcs:18.000000
timestame:1619469772.775000000,objid:3,type:0,xpos:0.000000,ypos:0.000000,xspeed:4.060000,yspeed:1.300000,angle:20.980000,distense:39.200000,rcs:9.000000
timestame:1619469772.775000000,objid:7,type:0,xpos:0.000000,ypos:0.000000,xspeed:3.900000,yspeed:1.870000,angle:-15.530000,distense:37.400000,rcs:26.000000
