timestame:1619469856.475000000,objid:0,type:0,xpos:0.000000,ypos:0.000000,xspeed:-2.880000,yspeed:-0.230000,angle:-5.880000,distense:43.600000,rcs:40.000000
timestame:1619469856.475000000,objid:3,type:0,xpos:0.000000,ypos:0.000000,xspeed:-1.160000,yspeed:-2.980000,angle:-14.150000,distense:43.000000,rcs:35.000000
timestame:1619469856.475000000,objid:5,type:0,xpos:0.000000,ypos:0.000000,xspeed:-1.630000,yspeed:-1.650000,angle:-7.630000,distense:60.400000,rcs:9.000000
timestame:1619469856.475000000,objid:10,type:0,xpos:0.000000,ypos:0.000000,xspeed:-10.740000,yspeed:-0.010000,angle:-5.180000,distense:125.000000,rcs:9.000000
