timestame:1619469566.093000000,objid:6,type:0,xpos:0.000000,ypos:0.000000,xspeed:-10.810000,yspeed:-2.640000,angle:-4.030000,distense:202.000000,rcs:15.000000
timestame:1619469566.093000000,objid:8,type:0,xpos:0.000000,ypos:0.000000,xspeed:-5.880000,yspeed:0.700000,angle:-17.860000,distense:38.000000,rcs:12.000000
timestame:1619469566.093000000,objid:15,type:0,xpos:0.000000,ypos:0.000000,xspeed:-4.050000,yspeed:8.870000,angle:18.940000,distense:56.000000,rcs:6.000000
