timestame:1619470342.887000000,objid:2,type:0,xpos:0.000000,ypos:0.000000,xspeed:-2.490000,yspeed:-4.800000,angle:21.050000,distense:42.000000,rcs:16.000000
timestame:1619470342.887000000,objid:6,type:0,xpos:0.000000,ypos:0.000000,xspeed:-3.310000,yspeed:4.600000,angle:-18.000000,distense:38.000000,rcs:18.000000
