timestame:1619470191.097000000,objid:0,type:0,xpos:0.000000,ypos:0.000000,xspeed:-9.820000,yspeed:3.080000,angle:0.870000,distense:46.200000,rcs:22.000000
timestame:1619470191.097000000,objid:1,type:0,xpos:0.000000,ypos:0.000000,xspeed:2.590000,yspeed:3.550000,angle:5.770000,distense:135.400000,rcs:18.000000
timestame:1619470191.097000000,objid:2,type:0,xpos:0.000000,ypos:0.000000,xspeed:-5.680000,yspeed:4.300000,angle:3.510000,distense:45.000000,rcs:34.000000
