timestame:1619470687.628000000,objid:0,type:0,xpos:0.000000,ypos:0.000000,xspeed:-4.780000,yspeed:-0.310000,angle:-18.000000,distense:39.400000,rcs:24.000000
timestame:1619470687.628000000,objid:1,type:0,xpos:0.000000,ypos:0.000000,xspeed:1.060000,yspeed:0.130000,angle:10.760000,distense:22.000000,rcs:26.000000
timestame:1619470687.628000000,objid:2,type:0,xpos:0.000000,ypos:0.000000,xspeed:-10.020000,yspeed:-1.800000,angle:-18.000000,distense:44.400000,rcs:20.000000
timestame:1619470687.628000000,objid:10,type:0,xpos:0.000000,ypos:0.000000,xspeed:5.740000,yspeed:1.940000,angle:20.280000,distense:37.400000,rcs:9.000000
