timestame:1619471447.577000000,objid:3,type:0,xpos:0.000000,ypos:0.000000,xspeed:-3.350000,yspeed:-0.070000,angle:-5.680000,distense:111.400000,rcs:20.000000
timestame:1619471447.577000000,objid:11,type:0,xpos:0.000000,ypos:0.000000,xspeed:-3.070000,yspeed:-0.720000,angle:-7.720000,distense:101.000000,rcs:13.000000
timestame:1619471447.577000000,objid:13,type:0,xpos:0.000000,ypos:0.000000,xspeed:-2.970000,yspeed:0.040000,angle:15.360000,distense:51.000000,rcs:12.000000
