timestame:1619470224.485000000,objid:2,type:0,xpos:0.000000,ypos:0.000000,xspeed:1.960000,yspeed:3.550000,angle:7.400000,distense:48.600000,rcs:20.000000
timestame:1619470224.485000000,objid:9,type:0,xpos:0.000000,ypos:0.000000,xspeed:-1.380000,yspeed:1.140000,angle:9.300000,distense:38.400000,rcs:19.000000
timestame:1619470224.485000000,objid:11,type:0,xpos:0.000000,ypos:0.000000,xspeed:-1.890000,yspeed:6.440000,angle:8.340000,distense:38.000000,rcs:6.000000
