timestame:1619469913.976000000,objid:0,type:0,xpos:0.000000,ypos:0.000000,xspeed:-6.370000,yspeed:1.850000,angle:-18.000000,distense:32.400000,rcs:6.000000
timestame:1619469913.976000000,objid:1,type:0,xpos:0.000000,ypos:0.000000,xspeed:4.960000,yspeed:0.120000,angle:1.760000,distense:94.800000,rcs:13.000000
timestame:1619469913.976000000,objid:2,type:0,xpos:0.000000,ypos:0.000000,xspeed:12.400000,yspeed:0.210000,angle:2.510000,distense:179.600000,rcs:18.000000
timestame:1619469913.976000000,objid:8,type:0,xpos:0.000000,ypos:0.000000,xspeed:4.850000,yspeed:-0.070000,angle:1.830000,distense:87.800000,rcs:29.000000
