timestame:1619471266.312000000,objid:0,type:0,xpos:0.000000,ypos:0.000000,xspeed:13.150000,yspeed:0.400000,angle:2.650000,distense:180.800000,rcs:9.000000
timestame:1619471266.312000000,objid:2,type:0,xpos:0.000000,ypos:0.000000,xspeed:13.230000,yspeed:0.130000,angle:2.430000,distense:156.600000,rcs:22.000000
timestame:1619471266.312000000,objid:6,type:0,xpos:0.000000,ypos:0.000000,xspeed:13.220000,yspeed:0.060000,angle:2.240000,distense:168.600000,rcs:9.000000
timestame:1619471266.312000000,objid:10,type:0,xpos:0.000000,ypos:0.000000,xspeed:13.270000,yspeed:0.040000,angle:2.410000,distense:144.200000,rcs:15.000000
