timestame:1619470700.205000000,objid:1,type:0,xpos:0.000000,ypos:0.000000,xspeed:8.840000,yspeed:0.220000,angle:4.150000,distense:97.800000,rcs:15.000000
timestame:1619470700.205000000,objid:2,type:0,xpos:0.000000,ypos:0.000000,xspeed:-8.660000,yspeed:2.520000,angle:-9.910000,distense:103.800000,rcs:16.000000
