timestame:1619471220.717000000,objid:0,type:0,xpos:0.000000,ypos:0.000000,xspeed:1.490000,yspeed:1.690000,angle:1.830000,distense:53.800000,rcs:9.000000
timestame:1619471220.717000000,objid:6,type:0,xpos:0.000000,ypos:0.000000,xspeed:3.690000,yspeed:0.300000,angle:2.480000,distense:52.800000,rcs:15.000000
timestame:1619471220.717000000,objid:9,type:0,xpos:0.000000,ypos:0.000000,xspeed:3.770000,yspeed:0.140000,angle:2.490000,distense:34.000000,rcs:46.000000
timestame:1619471220.717000000,objid:10,type:0,xpos:0.000000,ypos:0.000000,xspeed:3.640000,yspeed:0.570000,angle:1.830000,distense:43.200000,rcs:19.000000
