timestame:1619470029.538000000,objid:0,type:0,xpos:0.000000,ypos:0.000000,xspeed:-1.960000,yspeed:1.860000,angle:12.970000,distense:14.800000,rcs:6.000000
timestame:1619470029.538000000,objid:1,type:0,xpos:0.000000,ypos:0.000000,xspeed:5.000000,yspeed:0.510000,angle:2.270000,distense:30.000000,rcs:37.000000
timestame:1619470029.538000000,objid:2,type:0,xpos:0.000000,ypos:0.000000,xspeed:6.840000,yspeed:0.310000,angle:2.420000,distense:49.000000,rcs:39.000000
timestame:1619470029.538000000,objid:5,type:0,xpos:0.000000,ypos:0.000000,xspeed:5.530000,yspeed:0.000000,angle:-18.000000,distense:53.800000,rcs:15.000000
