timestame:1619470768.829000000,objid:0,type:0,xpos:0.000000,ypos:0.000000,xspeed:-12.030000,yspeed:-0.980000,angle:-5.260000,distense:166.200000,rcs:12.000000
timestame:1619470768.829000000,objid:1,type:0,xpos:0.000000,ypos:0.000000,xspeed:10.910000,yspeed:0.260000,angle:2.230000,distense:73.000000,rcs:20.000000
timestame:1619470768.829000000,objid:2,type:0,xpos:0.000000,ypos:0.000000,xspeed:-12.330000,yspeed:-1.580000,angle:-4.460000,distense:162.200000,rcs:12.000000
