timestame:1619470329.742000000,objid:0,type:0,xpos:0.000000,ypos:0.000000,xspeed:16.130000,yspeed:-0.350000,angle:0.540000,distense:173.600000,rcs:25.000000
timestame:1619470329.742000000,objid:2,type:0,xpos:0.000000,ypos:0.000000,xspeed:9.620000,yspeed:0.270000,angle:1.010000,distense:199.200000,rcs:22.000000
timestame:1619470329.742000000,objid:3,type:0,xpos:0.000000,ypos:0.000000,xspeed:14.210000,yspeed:0.270000,angle:2.330000,distense:224.600000,rcs:6.000000
timestame:1619470329.742000000,objid:5,type:0,xpos:0.000000,ypos:0.000000,xspeed:9.400000,yspeed:0.280000,angle:1.300000,distense:213.800000,rcs:9.000000
