timestame:1619471087.756000000,objid:0,type:0,xpos:0.000000,ypos:0.000000,xspeed:8.610000,yspeed:0.410000,angle:1.750000,distense:69.000000,rcs:22.000000
timestame:1619471087.756000000,objid:1,type:0,xpos:0.000000,ypos:0.000000,xspeed:7.770000,yspeed:0.250000,angle:9.660000,distense:22.600000,rcs:13.000000
timestame:1619471087.756000000,objid:4,type:0,xpos:0.000000,ypos:0.000000,xspeed:-22.960000,yspeed:-0.880000,angle:-7.320000,distense:97.000000,rcs:12.000000
timestame:1619471087.756000000,objid:11,type:0,xpos:0.000000,ypos:0.000000,xspeed:3.530000,yspeed:0.210000,angle:2.660000,distense:28.000000,rcs:43.000000
