timestame:1619471226.472000000,objid:0,type:0,xpos:0.000000,ypos:0.000000,xspeed:5.460000,yspeed:-0.920000,angle:1.950000,distense:73.000000,rcs:18.000000
timestame:1619471226.472000000,objid:1,type:0,xpos:0.000000,ypos:0.000000,xspeed:5.530000,yspeed:-2.160000,angle:-10.150000,distense:46.600000,rcs:23.000000
timestame:1619471226.472000000,objid:9,type:0,xpos:0.000000,ypos:0.000000,xspeed:5.370000,yspeed:0.050000,angle:2.220000,distense:63.200000,rcs:39.000000
