timestame:1619470951.462000000,objid:0,type:0,xpos:0.000000,ypos:0.000000,xspeed:6.480000,yspeed:-1.290000,angle:0.280000,distense:29.800000,rcs:45.000000
timestame:1619470951.462000000,objid:6,type:0,xpos:0.000000,ypos:0.000000,xspeed:3.490000,yspeed:0.000000,angle:2.550000,distense:36.200000,rcs:20.000000
timestame:1619470951.462000000,objid:7,type:0,xpos:0.000000,ypos:0.000000,xspeed:4.260000,yspeed:-6.320000,angle:-3.090000,distense:40.600000,rcs:12.000000
timestame:1619470951.462000000,objid:10,type:0,xpos:0.000000,ypos:0.000000,xspeed:3.270000,yspeed:0.640000,angle:4.380000,distense:15.000000,rcs:25.000000
