timestame:1619471252.823000000,objid:1,type:0,xpos:0.000000,ypos:0.000000,xspeed:2.670000,yspeed:3.070000,angle:3.490000,distense:79.800000,rcs:6.000000
timestame:1619471252.823000000,objid:3,type:0,xpos:0.000000,ypos:0.000000,xspeed:-16.790000,yspeed:-0.400000,angle:-6.130000,distense:135.400000,rcs:18.000000
