timestame:1619471255.044000000,objid:0,type:0,xpos:0.000000,ypos:0.000000,xspeed:13.910000,yspeed:8.600000,angle:19.630000,distense:18.800000,rcs:20.000000
timestame:1619471255.044000000,objid:1,type:0,xpos:0.000000,ypos:0.000000,xspeed:4.380000,yspeed:2.570000,angle:6.310000,distense:91.200000,rcs:13.000000
timestame:1619471255.044000000,objid:3,type:0,xpos:0.000000,ypos:0.000000,xspeed:-15.850000,yspeed:-0.490000,angle:-8.730000,distense:101.200000,rcs:22.000000
timestame:1619471255.044000000,objid:4,type:0,xpos:0.000000,ypos:0.000000,xspeed:11.230000,yspeed:-0.220000,angle:10.880000,distense:17.200000,rcs:33.000000
