timestame:1619469555.076000000,objid:2,type:0,xpos:0.000000,ypos:0.000000,xspeed:-1.470000,yspeed:4.570000,angle:-18.000000,distense:41.200000,rcs:22.000000
timestame:1619469555.076000000,objid:3,type:0,xpos:0.000000,ypos:0.000000,xspeed:-1.620000,yspeed:5.750000,angle:-15.710000,distense:46.000000,rcs:19.000000
timestame:1619469555.076000000,objid:4,type:0,xpos:0.000000,ypos:0.000000,xspeed:-2.470000,yspeed:7.470000,angle:-10.250000,distense:44.200000,rcs:25.000000
