timestame:1619471266.373000000,objid:0,type:0,xpos:0.000000,ypos:0.000000,xspeed:13.180000,yspeed:0.570000,angle:2.740000,distense:181.600000,rcs:6.000000
timestame:1619471266.373000000,objid:2,type:0,xpos:0.000000,ypos:0.000000,xspeed:13.230000,yspeed:0.130000,angle:2.420000,distense:157.400000,rcs:24.000000
timestame:1619471266.373000000,objid:6,type:0,xpos:0.000000,ypos:0.000000,xspeed:13.220000,yspeed:0.060000,angle:2.230000,distense:169.400000,rcs:9.000000
timestame:1619471266.373000000,objid:10,type:0,xpos:0.000000,ypos:0.000000,xspeed:13.260000,yspeed:0.040000,angle:2.390000,distense:145.000000,rcs:12.000000
