timestame:1619471532.149000000,objid:4,type:0,xpos:0.000000,ypos:0.000000,xspeed:-13.510000,yspeed:1.890000,angle:-2.390000,distense:193.600000,rcs:9.000000
timestame:1619471532.149000000,objid:6,type:0,xpos:0.000000,ypos:0.000000,xspeed:1.720000,yspeed:2.610000,angle:8.450000,distense:42.000000,rcs:32.000000
timestame:1619471532.149000000,objid:7,type:0,xpos:0.000000,ypos:0.000000,xspeed:2.260000,yspeed:-9.030000,angle:14.000000,distense:52.600000,rcs:20.000000
timestame:1619471532.149000000,objid:10,type:0,xpos:0.000000,ypos:0.000000,xspeed:-14.970000,yspeed:1.610000,angle:-2.720000,distense:200.600000,rcs:13.000000
