timestame:1619469891.693000000,objid:2,type:0,xpos:0.000000,ypos:0.000000,xspeed:-4.330000,yspeed:-0.190000,angle:-16.080000,distense:49.000000,rcs:23.000000
timestame:1619469891.693000000,objid:5,type:0,xpos:0.000000,ypos:0.000000,xspeed:-2.980000,yspeed:-0.240000,angle:-18.000000,distense:53.200000,rcs:20.000000
timestame:1619469891.693000000,objid:10,type:0,xpos:0.000000,ypos:0.000000,xspeed:-11.880000,yspeed:7.620000,angle:-2.850000,distense:149.000000,rcs:6.000000
timestame:1619469891.693000000,objid:16,type:0,xpos:0.000000,ypos:0.000000,xspeed:-3.830000,yspeed:-0.150000,angle:-12.490000,distense:61.000000,rcs:26.000000
