timestame:1619470082.399000000,objid:4,type:0,xpos:0.000000,ypos:0.000000,xspeed:2.270000,yspeed:-9.000000,angle:-6.620000,distense:52.400000,rcs:18.000000
timestame:1619470082.399000000,objid:5,type:0,xpos:0.000000,ypos:0.000000,xspeed:1.970000,yspeed:-8.300000,angle:-3.710000,distense:51.200000,rcs:25.000000
timestame:1619470082.399000000,objid:7,type:0,xpos:0.000000,ypos:0.000000,xspeed:2.350000,yspeed:-5.450000,angle:-7.880000,distense:48.000000,rcs:12.000000
