timestame:1619470288.255000000,objid:2,type:0,xpos:0.000000,ypos:0.000000,xspeed:-12.390000,yspeed:-0.190000,angle:-9.740000,distense:90.200000,rcs:22.000000
timestame:1619470288.255000000,objid:5,type:0,xpos:0.000000,ypos:0.000000,xspeed:-5.730000,yspeed:-0.480000,angle:-18.000000,distense:35.800000,rcs:25.000000
timestame:1619470288.255000000,objid:7,type:0,xpos:0.000000,ypos:0.000000,xspeed:-5.500000,yspeed:-0.470000,angle:-18.000000,distense:31.600000,rcs:18.000000
timestame:1619470288.255000000,objid:11,type:0,xpos:0.000000,ypos:0.000000,xspeed:-5.590000,yspeed:-0.380000,angle:-18.000000,distense:26.000000,rcs:6.000000
