timestame:1619471093.481000000,objid:1,type:0,xpos:0.000000,ypos:0.000000,xspeed:12.690000,yspeed:-0.190000,angle:2.880000,distense:90.000000,rcs:6.000000
timestame:1619471093.481000000,objid:2,type:0,xpos:0.000000,ypos:0.000000,xspeed:7.180000,yspeed:0.220000,angle:2.170000,distense:66.800000,rcs:39.000000
timestame:1619471093.481000000,objid:5,type:0,xpos:0.000000,ypos:0.000000,xspeed:13.200000,yspeed:0.000000,angle:1.350000,distense:141.000000,rcs:9.000000
