timestame:1619471038.693000000,objid:1,type:0,xpos:0.000000,ypos:0.000000,xspeed:-3.010000,yspeed:-2.810000,angle:9.250000,distense:43.400000,rcs:38.000000
timestame:1619471038.693000000,objid:2,type:0,xpos:0.000000,ypos:0.000000,xspeed:-1.950000,yspeed:-2.050000,angle:-18.000000,distense:39.800000,rcs:26.000000
timestame:1619471038.693000000,objid:3,type:0,xpos:0.000000,ypos:0.000000,xspeed:1.270000,yspeed:-3.390000,angle:13.980000,distense:48.200000,rcs:15.000000
