timestame:1619469910.505000000,objid:1,type:0,xpos:0.000000,ypos:0.000000,xspeed:4.100000,yspeed:-0.130000,angle:1.800000,distense:77.600000,rcs:21.000000
timestame:1619469910.505000000,objid:2,type:0,xpos:0.000000,ypos:0.000000,xspeed:10.090000,yspeed:0.040000,angle:2.940000,distense:136.200000,rcs:12.000000
timestame:1619469910.505000000,objid:8,type:0,xpos:0.000000,ypos:0.000000,xspeed:4.100000,yspeed:0.190000,angle:2.460000,distense:70.800000,rcs:30.000000
