timestame:1619470510.240000000,objid:2,type:0,xpos:0.000000,ypos:0.000000,xspeed:-2.030000,yspeed:7.870000,angle:20.320000,distense:38.800000,rcs:18.000000
timestame:1619470510.240000000,objid:6,type:0,xpos:0.000000,ypos:0.000000,xspeed:-2.100000,yspeed:8.750000,angle:17.470000,distense:39.000000,rcs:9.000000
timestame:1619470510.240000000,objid:8,type:0,xpos:0.000000,ypos:0.000000,xspeed:-4.910000,yspeed:-1.980000,angle:8.110000,distense:75.400000,rcs:19.000000
