timestame:1619470216.923000000,objid:6,type:0,xpos:0.000000,ypos:0.000000,xspeed:-2.170000,yspeed:-0.530000,angle:-18.000000,distense:48.600000,rcs:12.000000
timestame:1619470216.923000000,objid:13,type:0,xpos:0.000000,ypos:0.000000,xspeed:-5.460000,yspeed:-6.970000,angle:-18.000000,distense:49.600000,rcs:12.000000
timestame:1619470216.923000000,objid:14,type:0,xpos:0.000000,ypos:0.000000,xspeed:-3.210000,yspeed:-1.280000,angle:-15.360000,distense:47.200000,rcs:19.000000
