timestame:1619470796.834000000,objid:5,type:0,xpos:0.000000,ypos:0.000000,xspeed:2.550000,yspeed:-10.820000,angle:-18.000000,distense:70.800000,rcs:9.000000
timestame:1619470796.834000000,objid:6,type:0,xpos:0.000000,ypos:0.000000,xspeed:1.510000,yspeed:-2.410000,angle:-8.980000,distense:42.400000,rcs:41.000000
timestame:1619470796.834000000,objid:12,type:0,xpos:0.000000,ypos:0.000000,xspeed:2.160000,yspeed:-11.260000,angle:-18.000000,distense:66.800000,rcs:12.000000
timestame:1619470796.834000000,objid:15,type:0,xpos:0.000000,ypos:0.000000,xspeed:-4.900000,yspeed:-1.720000,angle:-18.000000,distense:37.200000,rcs:12.000000
