timestame:1619470202.654000000,objid:0,type:0,xpos:0.000000,ypos:0.000000,xspeed:1.670000,yspeed:-2.090000,angle:4.940000,distense:142.800000,rcs:16.000000
timestame:1619470202.654000000,objid:1,type:0,xpos:0.000000,ypos:0.000000,xspeed:3.040000,yspeed:-0.020000,angle:6.140000,distense:162.800000,rcs:6.000000
timestame:1619470202.654000000,objid:2,type:0,xpos:0.000000,ypos:0.000000,xspeed:1.510000,yspeed:1.170000,angle:5.540000,distense:158.000000,rcs:6.000000
