timestame:1619469950.843000000,objid:4,type:0,xpos:0.000000,ypos:0.000000,xspeed:1.230000,yspeed:-4.140000,angle:-0.490000,distense:54.600000,rcs:33.000000
timestame:1619469950.843000000,objid:9,type:0,xpos:0.000000,ypos:0.000000,xspeed:1.630000,yspeed:-4.310000,angle:-10.860000,distense:47.800000,rcs:21.000000
timestame:1619469950.843000000,objid:13,type:0,xpos:0.000000,ypos:0.000000,xspeed:-1.570000,yspeed:6.620000,angle:2.200000,distense:40.600000,rcs:9.000000
timestame:1619469950.843000000,objid:15,type:0,xpos:0.000000,ypos:0.000000,xspeed:-3.190000,yspeed:7.420000,angle:5.750000,distense:39.400000,rcs:27.000000
