timestame:1619470191.405000000,objid:0,type:0,xpos:0.000000,ypos:0.000000,xspeed:-5.070000,yspeed:5.770000,angle:3.260000,distense:45.800000,rcs:28.000000
timestame:1619470191.405000000,objid:1,type:0,xpos:0.000000,ypos:0.000000,xspeed:2.560000,yspeed:2.660000,angle:5.810000,distense:136.200000,rcs:35.000000
timestame:1619470191.405000000,objid:2,type:0,xpos:0.000000,ypos:0.000000,xspeed:-5.480000,yspeed:4.530000,angle:5.800000,distense:43.800000,rcs:33.000000
