timestame:1619469914.284000000,objid:0,type:0,xpos:0.000000,ypos:0.000000,xspeed:-6.370000,yspeed:1.850000,angle:-18.000000,distense:30.600000,rcs:6.000000
timestame:1619469914.284000000,objid:1,type:0,xpos:0.000000,ypos:0.000000,xspeed:4.990000,yspeed:0.020000,angle:1.630000,distense:96.400000,rcs:19.000000
timestame:1619469914.284000000,objid:2,type:0,xpos:0.000000,ypos:0.000000,xspeed:12.590000,yspeed:0.310000,angle:2.560000,distense:183.800000,rcs:16.000000
timestame:1619469914.284000000,objid:8,type:0,xpos:0.000000,ypos:0.000000,xspeed:5.010000,yspeed:-0.160000,angle:1.650000,distense:89.600000,rcs:32.000000
