timestame:1619470982.595000000,objid:0,type:0,xpos:0.000000,ypos:0.000000,xspeed:8.060000,yspeed:0.260000,angle:2.370000,distense:171.200000,rcs:22.000000
timestame:1619470982.595000000,objid:1,type:0,xpos:0.000000,ypos:0.000000,xspeed:-15.540000,yspeed:-0.210000,angle:-6.090000,distense:104.400000,rcs:27.000000
timestame:1619470982.595000000,objid:2,type:0,xpos:0.000000,ypos:0.000000,xspeed:-18.620000,yspeed:-12.040000,angle:-4.670000,distense:154.000000,rcs:6.000000
timestame:1619470982.595000000,objid:3,type:0,xpos:0.000000,ypos:0.000000,xspeed:3.280000,yspeed:-2.990000,angle:14.780000,distense:66.000000,rcs:12.000000
