timestame:1619471152.138000000,objid:0,type:0,xpos:0.000000,ypos:0.000000,xspeed:-1.160000,yspeed:7.070000,angle:11.280000,distense:39.800000,rcs:22.000000
timestame:1619471152.138000000,objid:1,type:0,xpos:0.000000,ypos:0.000000,xspeed:-8.640000,yspeed:-2.480000,angle:10.880000,distense:86.000000,rcs:9.000000
timestame:1619471152.138000000,objid:7,type:0,xpos:0.000000,ypos:0.000000,xspeed:-1.020000,yspeed:6.440000,angle:6.190000,distense:40.400000,rcs:6.000000
