timestame:1619471407.577000000,objid:7,type:0,xpos:0.000000,ypos:0.000000,xspeed:-1.140000,yspeed:-3.630000,angle:-6.990000,distense:42.200000,rcs:23.000000
timestame:1619471407.577000000,objid:11,type:0,xpos:0.000000,ypos:0.000000,xspeed:-13.700000,yspeed:-11.300000,angle:-0.170000,distense:137.400000,rcs:6.000000
timestame:1619471407.577000000,objid:12,type:0,xpos:0.000000,ypos:0.000000,xspeed:-10.200000,yspeed:0.000000,angle:-3.410000,distense:211.000000,rcs:12.000000
