timestame:1619470051.286000000,objid:0,type:0,xpos:0.000000,ypos:0.000000,xspeed:7.140000,yspeed:-0.050000,angle:3.280000,distense:114.600000,rcs:9.000000
timestame:1619470051.286000000,objid:5,type:0,xpos:0.000000,ypos:0.000000,xspeed:7.190000,yspeed:0.070000,angle:3.720000,distense:105.000000,rcs:29.000000
