timestame:1619469683.769000000,objid:2,type:0,xpos:0.000000,ypos:0.000000,xspeed:-5.180000,yspeed:5.460000,angle:-18.000000,distense:53.000000,rcs:13.000000
timestame:1619469683.769000000,objid:4,type:0,xpos:0.000000,ypos:0.000000,xspeed:-4.670000,yspeed:0.000000,angle:-18.000000,distense:56.200000,rcs:19.000000
