timestame:1619469622.860000000,objid:1,type:0,xpos:0.000000,ypos:0.000000,xspeed:-3.870000,yspeed:-0.040000,angle:-16.140000,distense:59.200000,rcs:16.000000
timestame:1619469622.860000000,objid:2,type:0,xpos:0.000000,ypos:0.000000,xspeed:-3.880000,yspeed:-0.150000,angle:-13.720000,distense:71.600000,rcs:22.000000
timestame:1619469622.860000000,objid:4,type:0,xpos:0.000000,ypos:0.000000,xspeed:-14.670000,yspeed:-0.170000,angle:-9.250000,distense:70.600000,rcs:18.000000
