timestame:1619470982.348000000,objid:0,type:0,xpos:0.000000,ypos:0.000000,xspeed:8.020000,yspeed:0.220000,angle:2.340000,distense:169.200000,rcs:29.000000
timestame:1619470982.348000000,objid:1,type:0,xpos:0.000000,ypos:0.000000,xspeed:-15.550000,yspeed:-0.260000,angle:-5.910000,distense:108.200000,rcs:21.000000
timestame:1619470982.348000000,objid:3,type:0,xpos:0.000000,ypos:0.000000,xspeed:3.130000,yspeed:-2.940000,angle:15.690000,distense:65.200000,rcs:6.000000
timestame:1619470982.348000000,objid:5,type:0,xpos:0.000000,ypos:0.000000,xspeed:-17.160000,yspeed:-9.150000,angle:-6.380000,distense:156.400000,rcs:6.000000
