timestame:1619470193.629000000,objid:0,type:0,xpos:0.000000,ypos:0.000000,xspeed:-4.170000,yspeed:7.200000,angle:-14.080000,distense:41.200000,rcs:20.000000
timestame:1619470193.629000000,objid:1,type:0,xpos:0.000000,ypos:0.000000,xspeed:1.770000,yspeed:1.130000,angle:6.220000,distense:140.000000,rcs:23.000000
timestame:1619470193.629000000,objid:2,type:0,xpos:0.000000,ypos:0.000000,xspeed:-4.640000,yspeed:5.730000,angle:-12.900000,distense:38.800000,rcs:9.000000
timestame:1619470193.629000000,objid:4,type:0,xpos:0.000000,ypos:0.000000,xspeed:-2.300000,yspeed:7.890000,angle:4.960000,distense:155.200000,rcs:6.000000
