timestame:1619469566.715000000,objid:1,type:0,xpos:0.000000,ypos:0.000000,xspeed:39.140000,yspeed:-3.940000,angle:1.670000,distense:67.000000,rcs:9.000000
timestame:1619469566.715000000,objid:5,type:0,xpos:0.000000,ypos:0.000000,xspeed:-1.140000,yspeed:-2.220000,angle:-12.600000,distense:49.400000,rcs:6.000000
timestame:1619469566.715000000,objid:18,type:0,xpos:0.000000,ypos:0.000000,xspeed:7.340000,yspeed:1.540000,angle:-5.510000,distense:50.600000,rcs:6.000000
timestame:1619469566.715000000,objid:19,type:0,xpos:0.000000,ypos:0.000000,xspeed:6.040000,yspeed:-6.090000,angle:-6.280000,distense:52.800000,rcs:9.000000
