timestame:1619471058.653000000,objid:1,type:0,xpos:0.000000,ypos:0.000000,xspeed:-3.560000,yspeed:-3.520000,angle:-18.000000,distense:32.000000,rcs:26.000000
timestame:1619471058.653000000,objid:3,type:0,xpos:0.000000,ypos:0.000000,xspeed:7.540000,yspeed:4.320000,angle:-14.760000,distense:44.400000,rcs:18.000000
timestame:1619471058.653000000,objid:9,type:0,xpos:0.000000,ypos:0.000000,xspeed:-3.040000,yspeed:0.280000,angle:-8.300000,distense:83.000000,rcs:19.000000
timestame:1619471058.653000000,objid:10,type:0,xpos:0.000000,ypos:0.000000,xspeed:-2.320000,yspeed:-1.150000,angle:-18.000000,distense:29.600000,rcs:12.000000
