timestame:1619470079.163000000,objid:0,type:0,xpos:0.000000,ypos:0.000000,xspeed:-1.460000,yspeed:0.000000,angle:22.260000,distense:49.600000,rcs:15.000000
timestame:1619470079.163000000,objid:4,type:0,xpos:0.000000,ypos:0.000000,xspeed:-6.620000,yspeed:6.050000,angle:-2.320000,distense:49.000000,rcs:6.000000
