timestame:1619470116.509000000,objid:5,type:0,xpos:0.000000,ypos:0.000000,xspeed:-8.800000,yspeed:-1.430000,angle:12.600000,distense:33.200000,rcs:20.000000
timestame:1619470116.509000000,objid:10,type:0,xpos:0.000000,ypos:0.000000,xspeed:2.890000,yspeed:5.000000,angle:-10.340000,distense:39.800000,rcs:27.000000
