timestame:1619469649.087000000,objid:2,type:0,xpos:0.000000,ypos:0.000000,xspeed:12.960000,yspeed:0.130000,angle:3.670000,distense:117.800000,rcs:12.000000
timestame:1619469649.087000000,objid:3,type:0,xpos:0.000000,ypos:0.000000,xspeed:25.850000,yspeed:1.330000,angle:1.870000,distense:58.000000,rcs:33.000000
timestame:1619469649.087000000,objid:13,type:0,xpos:0.000000,ypos:0.000000,xspeed:15.440000,yspeed:0.650000,angle:2.370000,distense:182.600000,rcs:32.000000
timestame:1619469649.087000000,objid:14,type:0,xpos:0.000000,ypos:0.000000,xspeed:13.140000,yspeed:0.280000,angle:3.820000,distense:115.400000,rcs:20.000000
