timestame:1619469557.373000000,objid:3,type:0,xpos:0.000000,ypos:0.000000,xspeed:-1.750000,yspeed:0.000000,angle:-8.200000,distense:36.200000,rcs:27.000000
timestame:1619469557.373000000,objid:4,type:0,xpos:0.000000,ypos:0.000000,xspeed:-1.580000,yspeed:6.650000,angle:9.110000,distense:40.800000,rcs:27.000000
timestame:1619469557.373000000,objid:5,type:0,xpos:0.000000,ypos:0.000000,xspeed:-1.910000,yspeed:6.600000,angle:13.320000,distense:40.400000,rcs:27.000000
timestame:1619469557.373000000,objid:10,type:0,xpos:0.000000,ypos:0.000000,xspeed:1.200000,yspeed:-5.550000,angle:-1.830000,distense:51.000000,rcs:20.000000
