timestame:1619471292.430000000,objid:0,type:0,xpos:0.000000,ypos:0.000000,xspeed:3.330000,yspeed:1.320000,angle:22.280000,distense:32.800000,rcs:36.000000
timestame:1619471292.430000000,objid:1,type:0,xpos:0.000000,ypos:0.000000,xspeed:-5.150000,yspeed:9.530000,angle:-18.000000,distense:52.800000,rcs:19.000000
timestame:1619471292.430000000,objid:2,type:0,xpos:0.000000,ypos:0.000000,xspeed:6.310000,yspeed:1.680000,angle:18.730000,distense:36.600000,rcs:9.000000
timestame:1619471292.430000000,objid:5,type:0,xpos:0.000000,ypos:0.000000,xspeed:5.420000,yspeed:-1.100000,angle:20.520000,distense:28.200000,rcs:9.000000
