timestame:1619471226.534000000,objid:0,type:0,xpos:0.000000,ypos:0.000000,xspeed:6.380000,yspeed:-1.080000,angle:1.870000,distense:73.600000,rcs:20.000000
timestame:1619471226.534000000,objid:1,type:0,xpos:0.000000,ypos:0.000000,xspeed:5.490000,yspeed:-2.230000,angle:-10.390000,distense:46.800000,rcs:27.000000
timestame:1619471226.534000000,objid:9,type:0,xpos:0.000000,ypos:0.000000,xspeed:5.390000,yspeed:0.120000,angle:2.330000,distense:63.600000,rcs:40.000000
