timestame:1619470928.973000000,objid:3,type:0,xpos:0.000000,ypos:0.000000,xspeed:-7.940000,yspeed:-0.400000,angle:-10.390000,distense:90.200000,rcs:9.000000
timestame:1619470928.973000000,objid:5,type:0,xpos:0.000000,ypos:0.000000,xspeed:-1.990000,yspeed:0.610000,angle:17.860000,distense:12.000000,rcs:23.000000
timestame:1619470928.973000000,objid:6,type:0,xpos:0.000000,ypos:0.000000,xspeed:-23.900000,yspeed:0.000000,angle:-9.880000,distense:92.000000,rcs:19.000000
