timestame:1619469583.067000000,objid:1,type:0,xpos:0.000000,ypos:0.000000,xspeed:-4.710000,yspeed:-0.170000,angle:-9.550000,distense:93.800000,rcs:16.000000
timestame:1619469583.067000000,objid:2,type:0,xpos:0.000000,ypos:0.000000,xspeed:-2.030000,yspeed:0.970000,angle:-10.740000,distense:83.800000,rcs:19.000000
