timestame:1619470289.750000000,objid:2,type:0,xpos:0.000000,ypos:0.000000,xspeed:-12.060000,yspeed:-0.300000,angle:-12.410000,distense:73.200000,rcs:26.000000
timestame:1619470289.750000000,objid:5,type:0,xpos:0.000000,ypos:0.000000,xspeed:-5.970000,yspeed:-0.340000,angle:-18.000000,distense:28.000000,rcs:19.000000
timestame:1619470289.750000000,objid:7,type:0,xpos:0.000000,ypos:0.000000,xspeed:-6.260000,yspeed:-0.760000,angle:-18.000000,distense:24.200000,rcs:6.000000
