timestame:1619470734.745000000,objid:1,type:0,xpos:0.000000,ypos:0.000000,xspeed:12.000000,yspeed:-0.010000,angle:2.120000,distense:83.600000,rcs:16.000000
timestame:1619470734.745000000,objid:6,type:0,xpos:0.000000,ypos:0.000000,xspeed:12.310000,yspeed:0.370000,angle:2.240000,distense:73.400000,rcs:34.000000
