timestame:1619470533.911000000,objid:0,type:0,xpos:0.000000,ypos:0.000000,xspeed:5.950000,yspeed:0.940000,angle:18.690000,distense:21.200000,rcs:22.000000
timestame:1619470533.911000000,objid:2,type:0,xpos:0.000000,ypos:0.000000,xspeed:-7.080000,yspeed:-0.930000,angle:-7.860000,distense:114.400000,rcs:15.000000
timestame:1619470533.911000000,objid:4,type:0,xpos:0.000000,ypos:0.000000,xspeed:6.650000,yspeed:5.610000,angle:-16.230000,distense:23.000000,rcs:22.000000
