timestame:1619470648.622000000,objid:4,type:0,xpos:0.000000,ypos:0.000000,xspeed:-1.680000,yspeed:-2.520000,angle:-18.000000,distense:40.000000,rcs:24.000000
timestame:1619470648.622000000,objid:9,type:0,xpos:0.000000,ypos:0.000000,xspeed:-1.730000,yspeed:-3.450000,angle:-15.480000,distense:40.600000,rcs:27.000000
timestame:1619470648.622000000,objid:15,type:0,xpos:0.000000,ypos:0.000000,xspeed:-3.140000,yspeed:-5.440000,angle:-3.200000,distense:67.400000,rcs:20.000000
