timestame:1619470122.615000000,objid:1,type:0,xpos:0.000000,ypos:0.000000,xspeed:7.960000,yspeed:4.550000,angle:20.100000,distense:36.000000,rcs:20.000000
timestame:1619470122.615000000,objid:4,type:0,xpos:0.000000,ypos:0.000000,xspeed:3.080000,yspeed:1.180000,angle:-14.910000,distense:21.800000,rcs:22.000000
timestame:1619470122.615000000,objid:6,type:0,xpos:0.000000,ypos:0.000000,xspeed:5.200000,yspeed:1.620000,angle:21.270000,distense:27.000000,rcs:36.000000
timestame:1619470122.615000000,objid:8,type:0,xpos:0.000000,ypos:0.000000,xspeed:4.000000,yspeed:1.480000,angle:-17.060000,distense:28.800000,rcs:37.000000
