timestame:1619469993.477000000,objid:1,type:0,xpos:0.000000,ypos:0.000000,xspeed:2.280000,yspeed:-0.890000,angle:2.110000,distense:41.400000,rcs:27.000000
timestame:1619469993.477000000,objid:8,type:0,xpos:0.000000,ypos:0.000000,xspeed:1.270000,yspeed:3.230000,angle:-6.900000,distense:38.400000,rcs:12.000000
timestame:1619469993.477000000,objid:9,type:0,xpos:0.000000,ypos:0.000000,xspeed:-1.990000,yspeed:-14.250000,angle:-12.320000,distense:33.600000,rcs:15.000000
timestame:1619469993.477000000,objid:24,type:0,xpos:0.000000,ypos:0.000000,xspeed:2.700000,yspeed:1.890000,angle:-15.420000,distense:33.000000,rcs:18.000000
