timestame:1619471168.080000000,objid:0,type:0,xpos:0.000000,ypos:0.000000,xspeed:-9.770000,yspeed:-0.230000,angle:-4.820000,distense:126.800000,rcs:12.000000
timestame:1619471168.080000000,objid:2,type:0,xpos:0.000000,ypos:0.000000,xspeed:2.990000,yspeed:0.870000,angle:3.490000,distense:13.400000,rcs:29.000000
