timestame:1619469875.157000000,objid:6,type:0,xpos:0.000000,ypos:0.000000,xspeed:-2.030000,yspeed:11.930000,angle:-16.410000,distense:40.400000,rcs:19.000000
timestame:1619469875.157000000,objid:17,type:0,xpos:0.000000,ypos:0.000000,xspeed:1.950000,yspeed:-3.850000,angle:7.990000,distense:67.600000,rcs:15.000000
