timestame:1619469556.560000000,objid:2,type:0,xpos:0.000000,ypos:0.000000,xspeed:-1.050000,yspeed:4.800000,angle:-13.770000,distense:37.800000,rcs:20.000000
timestame:1619469556.560000000,objid:4,type:0,xpos:0.000000,ypos:0.000000,xspeed:-1.740000,yspeed:6.380000,angle:0.790000,distense:41.400000,rcs:31.000000
timestame:1619469556.560000000,objid:5,type:0,xpos:0.000000,ypos:0.000000,xspeed:-2.690000,yspeed:7.690000,angle:5.890000,distense:40.600000,rcs:30.000000
timestame:1619469556.560000000,objid:10,type:0,xpos:0.000000,ypos:0.000000,xspeed:1.290000,yspeed:-4.540000,angle:4.160000,distense:50.000000,rcs:16.000000
