timestame:1619471099.495000000,objid:0,type:0,xpos:0.000000,ypos:0.000000,xspeed:-16.870000,yspeed:-1.030000,angle:-18.000000,distense:27.200000,rcs:9.000000
timestame:1619471099.495000000,objid:1,type:0,xpos:0.000000,ypos:0.000000,xspeed:-18.880000,yspeed:-0.560000,angle:-18.000000,distense:24.000000,rcs:6.000000
timestame:1619471099.495000000,objid:2,type:0,xpos:0.000000,ypos:0.000000,xspeed:9.660000,yspeed:0.110000,angle:1.210000,distense:121.600000,rcs:22.000000
