timestame:1619470293.653000000,objid:0,type:0,xpos:0.000000,ypos:0.000000,xspeed:1.250000,yspeed:0.050000,angle:5.660000,distense:19.800000,rcs:30.000000
timestame:1619470293.653000000,objid:1,type:0,xpos:0.000000,ypos:0.000000,xspeed:-1.900000,yspeed:-0.700000,angle:3.070000,distense:9.600000,rcs:15.000000
timestame:1619470293.653000000,objid:2,type:0,xpos:0.000000,ypos:0.000000,xspeed:-12.510000,yspeed:-0.830000,angle:-18.000000,distense:29.600000,rcs:6.000000
timestame:1619470293.653000000,objid:3,type:0,xpos:0.000000,ypos:0.000000,xspeed:-12.780000,yspeed:-1.740000,angle:-18.000000,distense:31.600000,rcs:16.000000
