timestame:1619470295.205000000,objid:0,type:0,xpos:0.000000,ypos:0.000000,xspeed:2.280000,yspeed:0.080000,angle:5.080000,distense:24.400000,rcs:20.000000
timestame:1619470295.205000000,objid:2,type:0,xpos:0.000000,ypos:0.000000,xspeed:6.990000,yspeed:0.610000,angle:2.250000,distense:33.200000,rcs:9.000000
timestame:1619470295.205000000,objid:3,type:0,xpos:0.000000,ypos:0.000000,xspeed:2.350000,yspeed:-0.390000,angle:3.330000,distense:13.600000,rcs:40.000000
timestame:1619470295.205000000,objid:5,type:0,xpos:0.000000,ypos:0.000000,xspeed:3.320000,yspeed:0.460000,angle:2.920000,distense:23.000000,rcs:29.000000
