timestame:1619471220.902000000,objid:0,type:0,xpos:0.000000,ypos:0.000000,xspeed:1.530000,yspeed:0.940000,angle:1.560000,distense:54.200000,rcs:9.000000
timestame:1619471220.902000000,objid:6,type:0,xpos:0.000000,ypos:0.000000,xspeed:3.740000,yspeed:0.240000,angle:2.390000,distense:53.600000,rcs:12.000000
timestame:1619471220.902000000,objid:9,type:0,xpos:0.000000,ypos:0.000000,xspeed:3.790000,yspeed:0.290000,angle:2.880000,distense:34.800000,rcs:33.000000
timestame:1619471220.902000000,objid:10,type:0,xpos:0.000000,ypos:0.000000,xspeed:3.680000,yspeed:0.480000,angle:1.720000,distense:43.800000,rcs:6.000000
