timestame:1619471231.924000000,objid:0,type:0,xpos:0.000000,ypos:0.000000,xspeed:6.930000,yspeed:-0.050000,angle:1.730000,distense:108.800000,rcs:6.000000
timestame:1619471231.924000000,objid:1,type:0,xpos:0.000000,ypos:0.000000,xspeed:2.780000,yspeed:-5.470000,angle:-18.000000,distense:72.400000,rcs:6.000000
timestame:1619471231.924000000,objid:9,type:0,xpos:0.000000,ypos:0.000000,xspeed:6.880000,yspeed:-0.050000,angle:1.620000,distense:100.200000,rcs:37.000000
