timestame:1619471307.904000000,objid:0,type:0,xpos:0.000000,ypos:0.000000,xspeed:3.630000,yspeed:0.430000,angle:17.600000,distense:28.200000,rcs:18.000000
timestame:1619471307.904000000,objid:1,type:0,xpos:0.000000,ypos:0.000000,xspeed:3.160000,yspeed:-2.770000,angle:21.100000,distense:30.600000,rcs:26.000000
timestame:1619471307.904000000,objid:2,type:0,xpos:0.000000,ypos:0.000000,xspeed:4.490000,yspeed:1.390000,angle:-17.950000,distense:27.400000,rcs:18.000000
