timestame:1619469925.754000000,objid:1,type:0,xpos:0.000000,ypos:0.000000,xspeed:6.560000,yspeed:0.220000,angle:1.510000,distense:165.800000,rcs:12.000000
timestame:1619469925.754000000,objid:8,type:0,xpos:0.000000,ypos:0.000000,xspeed:6.550000,yspeed:0.090000,angle:1.310000,distense:158.800000,rcs:27.000000
