timestame:1619470536.030000000,objid:0,type:0,xpos:0.000000,ypos:0.000000,xspeed:5.460000,yspeed:1.850000,angle:18.120000,distense:33.200000,rcs:29.000000
timestame:1619470536.030000000,objid:1,type:0,xpos:0.000000,ypos:0.000000,xspeed:23.890000,yspeed:0.000000,angle:16.920000,distense:27.000000,rcs:22.000000
timestame:1619470536.030000000,objid:2,type:0,xpos:0.000000,ypos:0.000000,xspeed:-2.010000,yspeed:2.750000,angle:-10.360000,distense:93.400000,rcs:20.000000
timestame:1619470536.030000000,objid:4,type:0,xpos:0.000000,ypos:0.000000,xspeed:1.400000,yspeed:-0.570000,angle:17.930000,distense:24.800000,rcs:31.000000
