timestame:1619470644.411000000,objid:2,type:0,xpos:0.000000,ypos:0.000000,xspeed:-6.400000,yspeed:-0.100000,angle:-5.210000,distense:160.200000,rcs:15.000000
timestame:1619470644.411000000,objid:4,type:0,xpos:0.000000,ypos:0.000000,xspeed:1.170000,yspeed:-4.120000,angle:-0.490000,distense:44.400000,rcs:18.000000
timestame:1619470644.411000000,objid:5,type:0,xpos:0.000000,ypos:0.000000,xspeed:4.950000,yspeed:-0.460000,angle:19.820000,distense:51.200000,rcs:6.000000
timestame:1619470644.411000000,objid:8,type:0,xpos:0.000000,ypos:0.000000,xspeed:-1.910000,yspeed:-3.080000,angle:9.820000,distense:86.600000,rcs:6.000000
