timestame:1619471463.671000000,objid:0,type:0,xpos:0.000000,ypos:0.000000,xspeed:5.850000,yspeed:-1.930000,angle:-8.480000,distense:85.600000,rcs:28.000000
timestame:1619471463.671000000,objid:1,type:0,xpos:0.000000,ypos:0.000000,xspeed:-5.160000,yspeed:-0.540000,angle:-6.190000,distense:110.200000,rcs:18.000000
timestame:1619471463.671000000,objid:3,type:0,xpos:0.000000,ypos:0.000000,xspeed:-7.020000,yspeed:-0.750000,angle:-5.560000,distense:173.000000,rcs:15.000000
