timestame:1619471056.658000000,objid:10,type:0,xpos:0.000000,ypos:0.000000,xspeed:-2.640000,yspeed:-2.470000,angle:-18.000000,distense:32.200000,rcs:23.000000
timestame:1619471056.658000000,objid:13,type:0,xpos:0.000000,ypos:0.000000,xspeed:1.200000,yspeed:-8.180000,angle:-9.390000,distense:62.600000,rcs:13.000000
timestame:1619471056.658000000,objid:14,type:0,xpos:0.000000,ypos:0.000000,xspeed:-1.900000,yspeed:-2.870000,angle:-18.000000,distense:35.200000,rcs:16.000000
