timestame:1619469975.963000000,objid:2,type:0,xpos:0.000000,ypos:0.000000,xspeed:-1.470000,yspeed:-1.190000,angle:-18.000000,distense:32.400000,rcs:25.000000
timestame:1619469975.963000000,objid:4,type:0,xpos:0.000000,ypos:0.000000,xspeed:3.450000,yspeed:-3.720000,angle:6.860000,distense:44.200000,rcs:35.000000
timestame:1619469975.963000000,objid:6,type:0,xpos:0.000000,ypos:0.000000,xspeed:-1.540000,yspeed:-2.200000,angle:-18.000000,distense:34.800000,rcs:33.000000
timestame:1619469975.963000000,objid:7,type:0,xpos:0.000000,ypos:0.000000,xspeed:-3.860000,yspeed:-4.870000,angle:-18.000000,distense:35.400000,rcs:13.000000
