timestame:1619471165.035000000,objid:0,type:0,xpos:0.000000,ypos:0.000000,xspeed:-10.360000,yspeed:2.170000,angle:-3.000000,distense:157.000000,rcs:15.000000
timestame:1619471165.035000000,objid:2,type:0,xpos:0.000000,ypos:0.000000,xspeed:-8.830000,yspeed:2.990000,angle:-3.930000,distense:160.800000,rcs:12.000000
timestame:1619471165.035000000,objid:3,type:0,xpos:0.000000,ypos:0.000000,xspeed:2.540000,yspeed:5.180000,angle:-5.350000,distense:46.200000,rcs:9.000000
