timestame:1619470992.274000000,objid:3,type:0,xpos:0.000000,ypos:0.000000,xspeed:5.390000,yspeed:-0.130000,angle:6.420000,distense:113.800000,rcs:6.000000
timestame:1619470992.274000000,objid:4,type:0,xpos:0.000000,ypos:0.000000,xspeed:-13.540000,yspeed:-0.430000,angle:-18.000000,distense:27.600000,rcs:6.000000
