timestame:1619470365.084000000,objid:0,type:0,xpos:0.000000,ypos:0.000000,xspeed:2.880000,yspeed:4.200000,angle:-1.900000,distense:45.000000,rcs:37.000000
timestame:1619470365.084000000,objid:3,type:0,xpos:0.000000,ypos:0.000000,xspeed:-1.420000,yspeed:3.520000,angle:-8.690000,distense:42.800000,rcs:34.000000
