timestame:1619470475.597000000,objid:1,type:0,xpos:0.000000,ypos:0.000000,xspeed:-11.600000,yspeed:-0.260000,angle:-5.180000,distense:129.200000,rcs:13.000000
timestame:1619470475.597000000,objid:2,type:0,xpos:0.000000,ypos:0.000000,xspeed:1.060000,yspeed:-0.380000,angle:13.820000,distense:72.600000,rcs:9.000000
