timestame:1619471407.885000000,objid:7,type:0,xpos:0.000000,ypos:0.000000,xspeed:-1.290000,yspeed:-3.220000,angle:-7.950000,distense:41.800000,rcs:32.000000
timestame:1619471407.885000000,objid:11,type:0,xpos:0.000000,ypos:0.000000,xspeed:-13.700000,yspeed:-11.300000,angle:-1.630000,distense:133.200000,rcs:6.000000
timestame:1619471407.885000000,objid:12,type:0,xpos:0.000000,ypos:0.000000,xspeed:-9.780000,yspeed:2.240000,angle:-3.400000,distense:208.000000,rcs:6.000000
