timestame:1619471077.342000000,objid:1,type:0,xpos:0.000000,ypos:0.000000,xspeed:-5.770000,yspeed:2.320000,angle:-16.450000,distense:56.400000,rcs:16.000000
timestame:1619471077.342000000,objid:3,type:0,xpos:0.000000,ypos:0.000000,xspeed:-9.270000,yspeed:-0.200000,angle:-10.780000,distense:64.200000,rcs:26.000000
timestame:1619471077.342000000,objid:5,type:0,xpos:0.000000,ypos:0.000000,xspeed:-9.990000,yspeed:-0.440000,angle:-18.000000,distense:43.000000,rcs:23.000000
timestame:1619471077.342000000,objid:6,type:0,xpos:0.000000,ypos:0.000000,xspeed:-5.760000,yspeed:-0.470000,angle:-18.000000,distense:50.800000,rcs:22.000000
