timestame:1619471026.473000000,objid:0,type:0,xpos:0.000000,ypos:0.000000,xspeed:-2.850000,yspeed:-3.240000,angle:-18.000000,distense:31.800000,rcs:9.000000
timestame:1619471026.473000000,objid:3,type:0,xpos:0.000000,ypos:0.000000,xspeed:-3.690000,yspeed:-2.460000,angle:-18.000000,distense:29.400000,rcs:6.000000
timestame:1619471026.473000000,objid:8,type:0,xpos:0.000000,ypos:0.000000,xspeed:-2.580000,yspeed:3.660000,angle:-17.920000,distense:39.600000,rcs:12.000000
