timestame:1619471149.774000000,objid:1,type:0,xpos:0.000000,ypos:0.000000,xspeed:-1.260000,yspeed:5.980000,angle:-15.460000,distense:41.600000,rcs:6.000000
timestame:1619471149.774000000,objid:3,type:0,xpos:0.000000,ypos:0.000000,xspeed:14.270000,yspeed:0.000000,angle:-16.660000,distense:48.000000,rcs:9.000000
