timestame:1619469482.821000000,objid:0,type:0,xpos:0.000000,ypos:0.000000,xspeed:-1.230000,yspeed:-0.140000,angle:-11.880000,distense:78.600000,rcs:23.000000
timestame:1619469482.821000000,objid:3,type:0,xpos:0.000000,ypos:0.000000,xspeed:3.830000,yspeed:0.070000,angle:12.510000,distense:14.200000,rcs:27.000000
timestame:1619469482.821000000,objid:7,type:0,xpos:0.000000,ypos:0.000000,xspeed:-2.580000,yspeed:-0.150000,angle:-10.350000,distense:90.600000,rcs:16.000000
timestame:1619469482.821000000,objid:9,type:0,xpos:0.000000,ypos:0.000000,xspeed:2.610000,yspeed:-1.030000,angle:-7.990000,distense:102.400000,rcs:6.000000
