timestame:1619471147.789000000,objid:1,type:0,xpos:0.000000,ypos:0.000000,xspeed:-1.180000,yspeed:6.050000,angle:-14.170000,distense:41.200000,rcs:9.000000
timestame:1619471147.789000000,objid:4,type:0,xpos:0.000000,ypos:0.000000,xspeed:-7.480000,yspeed:9.740000,angle:-13.160000,distense:46.400000,rcs:19.000000
timestame:1619471147.789000000,objid:5,type:0,xpos:0.000000,ypos:0.000000,xspeed:-1.340000,yspeed:6.750000,angle:6.280000,distense:40.800000,rcs:28.000000
timestame:1619471147.789000000,objid:9,type:0,xpos:0.000000,ypos:0.000000,xspeed:-1.640000,yspeed:6.020000,angle:1.150000,distense:41.200000,rcs:16.000000
