timestame:1619469790.732000000,objid:1,type:0,xpos:0.000000,ypos:0.000000,xspeed:-16.410000,yspeed:-0.840000,angle:-18.000000,distense:35.600000,rcs:22.000000
timestame:1619469790.732000000,objid:3,type:0,xpos:0.000000,ypos:0.000000,xspeed:14.200000,yspeed:1.750000,angle:-18.000000,distense:42.000000,rcs:19.000000
timestame:1619469790.732000000,objid:4,type:0,xpos:0.000000,ypos:0.000000,xspeed:-14.700000,yspeed:-1.100000,angle:-18.000000,distense:27.600000,rcs:6.000000
