timestame:1619470937.140000000,objid:7,type:0,xpos:0.000000,ypos:0.000000,xspeed:-1.290000,yspeed:-0.070000,angle:-11.570000,distense:78.800000,rcs:18.000000
timestame:1619470937.140000000,objid:12,type:0,xpos:0.000000,ypos:0.000000,xspeed:1.020000,yspeed:-1.600000,angle:8.470000,distense:22.000000,rcs:26.000000
