timestame:1619470367.139000000,objid:0,type:0,xpos:0.000000,ypos:0.000000,xspeed:2.530000,yspeed:4.340000,angle:9.320000,distense:50.400000,rcs:16.000000
timestame:1619470367.139000000,objid:4,type:0,xpos:0.000000,ypos:0.000000,xspeed:-2.440000,yspeed:-3.960000,angle:-18.000000,distense:41.200000,rcs:19.000000
timestame:1619470367.139000000,objid:6,type:0,xpos:0.000000,ypos:0.000000,xspeed:-4.630000,yspeed:-8.730000,angle:-15.580000,distense:42.200000,rcs:22.000000
