timestame:1619470791.321000000,objid:0,type:0,xpos:0.000000,ypos:0.000000,xspeed:1.500000,yspeed:0.140000,angle:1.870000,distense:19.200000,rcs:34.000000
timestame:1619470791.321000000,objid:1,type:0,xpos:0.000000,ypos:0.000000,xspeed:1.280000,yspeed:-8.450000,angle:20.750000,distense:45.800000,rcs:25.000000
timestame:1619470791.321000000,objid:2,type:0,xpos:0.000000,ypos:0.000000,xspeed:1.390000,yspeed:-7.490000,angle:-15.290000,distense:47.600000,rcs:27.000000
