timestame:1619470147.637000000,objid:0,type:0,xpos:0.000000,ypos:0.000000,xspeed:1.910000,yspeed:2.640000,angle:-12.510000,distense:40.400000,rcs:18.000000
timestame:1619470147.637000000,objid:1,type:0,xpos:0.000000,ypos:0.000000,xspeed:2.410000,yspeed:0.970000,angle:22.730000,distense:26.000000,rcs:23.000000
timestame:1619470147.637000000,objid:2,type:0,xpos:0.000000,ypos:0.000000,xspeed:3.110000,yspeed:2.110000,angle:22.910000,distense:38.000000,rcs:6.000000
timestame:1619470147.637000000,objid:3,type:0,xpos:0.000000,ypos:0.000000,xspeed:-1.270000,yspeed:-0.200000,angle:-10.390000,distense:73.200000,rcs:15.000000
