timestame:1619471089.944000000,objid:0,type:0,xpos:0.000000,ypos:0.000000,xspeed:10.410000,yspeed:0.450000,angle:1.920000,distense:93.000000,rcs:12.000000
timestame:1619471089.944000000,objid:1,type:0,xpos:0.000000,ypos:0.000000,xspeed:9.860000,yspeed:0.600000,angle:6.850000,distense:44.600000,rcs:20.000000
timestame:1619471089.944000000,objid:2,type:0,xpos:0.000000,ypos:0.000000,xspeed:5.360000,yspeed:0.170000,angle:2.120000,distense:40.800000,rcs:49.000000
timestame:1619471089.944000000,objid:4,type:0,xpos:0.000000,ypos:0.000000,xspeed:-21.920000,yspeed:-0.980000,angle:-16.230000,distense:51.800000,rcs:13.000000
