timestame:1619470026.252000000,objid:0,type:0,xpos:0.000000,ypos:0.000000,xspeed:6.070000,yspeed:-3.660000,angle:0.920000,distense:35.600000,rcs:6.000000
timestame:1619470026.252000000,objid:2,type:0,xpos:0.000000,ypos:0.000000,xspeed:6.210000,yspeed:0.190000,angle:2.080000,distense:27.000000,rcs:38.000000
timestame:1619470026.252000000,objid:9,type:0,xpos:0.000000,ypos:0.000000,xspeed:-2.000000,yspeed:-0.890000,angle:-18.000000,distense:27.800000,rcs:6.000000
