timestame:1619469485.812000000,objid:1,type:0,xpos:0.000000,ypos:0.000000,xspeed:-3.040000,yspeed:-1.270000,angle:-13.890000,distense:70.000000,rcs:21.000000
timestame:1619469485.812000000,objid:3,type:0,xpos:0.000000,ypos:0.000000,xspeed:1.720000,yspeed:0.110000,angle:11.120000,distense:19.000000,rcs:33.000000
timestame:1619469485.812000000,objid:7,type:0,xpos:0.000000,ypos:0.000000,xspeed:-2.480000,yspeed:-0.050000,angle:-11.090000,distense:84.000000,rcs:16.000000
timestame:1619469485.812000000,objid:11,type:0,xpos:0.000000,ypos:0.000000,xspeed:-1.160000,yspeed:-0.210000,angle:-9.120000,distense:80.200000,rcs:6.000000
