timestame:1619470463.267000000,objid:0,type:0,xpos:0.000000,ypos:0.000000,xspeed:-14.270000,yspeed:-0.640000,angle:-12.160000,distense:61.400000,rcs:16.000000
timestame:1619470463.267000000,objid:2,type:0,xpos:0.000000,ypos:0.000000,xspeed:6.100000,yspeed:0.060000,angle:3.120000,distense:194.800000,rcs:13.000000
