timestame:1619471377.214000000,objid:0,type:0,xpos:0.000000,ypos:0.000000,xspeed:11.120000,yspeed:-0.490000,angle:2.290000,distense:221.400000,rcs:6.000000
timestame:1619471377.214000000,objid:1,type:0,xpos:0.000000,ypos:0.000000,xspeed:10.580000,yspeed:0.380000,angle:2.310000,distense:213.800000,rcs:18.000000
