timestame:1619469640.402000000,objid:1,type:0,xpos:0.000000,ypos:0.000000,xspeed:3.660000,yspeed:2.270000,angle:-12.840000,distense:37.200000,rcs:12.000000
timestame:1619469640.402000000,objid:6,type:0,xpos:0.000000,ypos:0.000000,xspeed:12.040000,yspeed:-0.790000,angle:9.940000,distense:18.000000,rcs:26.000000
timestame:1619469640.402000000,objid:7,type:0,xpos:0.000000,ypos:0.000000,xspeed:14.880000,yspeed:0.160000,angle:2.600000,distense:62.000000,rcs:6.000000
timestame:1619469640.402000000,objid:13,type:0,xpos:0.000000,ypos:0.000000,xspeed:15.640000,yspeed:0.480000,angle:2.560000,distense:51.800000,rcs:47.000000
