timestame:1619471093.175000000,objid:1,type:0,xpos:0.000000,ypos:0.000000,xspeed:12.590000,yspeed:-0.250000,angle:2.970000,distense:86.000000,rcs:12.000000
timestame:1619471093.175000000,objid:2,type:0,xpos:0.000000,ypos:0.000000,xspeed:7.070000,yspeed:0.220000,angle:2.190000,distense:64.400000,rcs:38.000000
timestame:1619471093.175000000,objid:5,type:0,xpos:0.000000,ypos:0.000000,xspeed:12.900000,yspeed:0.280000,angle:1.620000,distense:136.600000,rcs:6.000000
