timestame:1619470290.436000000,objid:2,type:0,xpos:0.000000,ypos:0.000000,xspeed:-11.850000,yspeed:-0.370000,angle:-14.130000,distense:65.800000,rcs:26.000000
timestame:1619470290.436000000,objid:5,type:0,xpos:0.000000,ypos:0.000000,xspeed:-6.280000,yspeed:-0.270000,angle:-18.000000,distense:24.200000,rcs:6.000000
timestame:1619470290.436000000,objid:7,type:0,xpos:0.000000,ypos:0.000000,xspeed:-5.490000,yspeed:-0.150000,angle:-18.000000,distense:22.000000,rcs:6.000000
