timestame:1619470636.842000000,objid:2,type:0,xpos:0.000000,ypos:0.000000,xspeed:3.040000,yspeed:-8.170000,angle:0.530000,distense:50.600000,rcs:22.000000
timestame:1619470636.842000000,objid:3,type:0,xpos:0.000000,ypos:0.000000,xspeed:4.520000,yspeed:-13.280000,angle:3.120000,distense:50.200000,rcs:9.000000
timestame:1619470636.842000000,objid:4,type:0,xpos:0.000000,ypos:0.000000,xspeed:-7.540000,yspeed:7.280000,angle:-3.920000,distense:210.000000,rcs:13.000000
timestame:1619470636.842000000,objid:6,type:0,xpos:0.000000,ypos:0.000000,xspeed:3.580000,yspeed:-8.930000,angle:5.330000,distense:50.000000,rcs:27.000000
