timestame:1619470714.462000000,objid:0,type:0,xpos:0.000000,ypos:0.000000,xspeed:1.920000,yspeed:4.320000,angle:-4.530000,distense:49.000000,rcs:6.000000
timestame:1619470714.462000000,objid:2,type:0,xpos:0.000000,ypos:0.000000,xspeed:3.330000,yspeed:1.830000,angle:21.110000,distense:42.400000,rcs:6.000000
timestame:1619470714.462000000,objid:3,type:0,xpos:0.000000,ypos:0.000000,xspeed:4.730000,yspeed:2.690000,angle:-14.720000,distense:37.400000,rcs:16.000000
