timestame:1619470568.456000000,objid:1,type:0,xpos:0.000000,ypos:0.000000,xspeed:4.220000,yspeed:2.600000,angle:-15.090000,distense:32.400000,rcs:19.000000
timestame:1619470568.456000000,objid:3,type:0,xpos:0.000000,ypos:0.000000,xspeed:15.330000,yspeed:0.090000,angle:1.050000,distense:173.800000,rcs:15.000000
timestame:1619470568.456000000,objid:8,type:0,xpos:0.000000,ypos:0.000000,xspeed:3.170000,yspeed:4.320000,angle:-8.070000,distense:46.000000,rcs:9.000000
