timestame:1619470083.330000000,objid:4,type:0,xpos:0.000000,ypos:0.000000,xspeed:2.130000,yspeed:-8.990000,angle:-14.750000,distense:55.600000,rcs:13.000000
timestame:1619470083.330000000,objid:5,type:0,xpos:0.000000,ypos:0.000000,xspeed:2.400000,yspeed:-8.660000,angle:-11.760000,distense:54.600000,rcs:18.000000
timestame:1619470083.330000000,objid:9,type:0,xpos:0.000000,ypos:0.000000,xspeed:-2.630000,yspeed:0.000000,angle:-18.000000,distense:51.800000,rcs:9.000000
