timestame:1619469557.743000000,objid:5,type:0,xpos:0.000000,ypos:0.000000,xspeed:-1.780000,yspeed:6.960000,angle:17.400000,distense:40.800000,rcs:9.000000
timestame:1619469557.743000000,objid:10,type:0,xpos:0.000000,ypos:0.000000,xspeed:1.360000,yspeed:-5.630000,angle:-4.130000,distense:51.600000,rcs:9.000000
timestame:1619469557.743000000,objid:13,type:0,xpos:0.000000,ypos:0.000000,xspeed:4.360000,yspeed:-9.600000,angle:-9.390000,distense:53.800000,rcs:15.000000
