timestame:1619470376.698000000,objid:1,type:0,xpos:0.000000,ypos:0.000000,xspeed:-1.990000,yspeed:-2.310000,angle:-18.000000,distense:35.400000,rcs:20.000000
timestame:1619470376.698000000,objid:5,type:0,xpos:0.000000,ypos:0.000000,xspeed:-3.110000,yspeed:-3.380000,angle:-18.000000,distense:36.400000,rcs:21.000000
timestame:1619470376.698000000,objid:8,type:0,xpos:0.000000,ypos:0.000000,xspeed:1.030000,yspeed:-5.490000,angle:-6.090000,distense:65.200000,rcs:9.000000
timestame:1619470376.698000000,objid:18,type:0,xpos:0.000000,ypos:0.000000,xspeed:-5.760000,yspeed:-0.450000,angle:-8.750000,distense:82.600000,rcs:9.000000
