timestame:1619469640.965000000,objid:1,type:0,xpos:0.000000,ypos:0.000000,xspeed:3.410000,yspeed:2.920000,angle:-10.780000,distense:39.800000,rcs:12.000000
timestame:1619469640.965000000,objid:6,type:0,xpos:0.000000,ypos:0.000000,xspeed:11.990000,yspeed:0.450000,angle:8.540000,distense:24.400000,rcs:33.000000
timestame:1619469640.965000000,objid:7,type:0,xpos:0.000000,ypos:0.000000,xspeed:14.940000,yspeed:0.010000,angle:2.140000,distense:70.000000,rcs:13.000000
timestame:1619469640.965000000,objid:13,type:0,xpos:0.000000,ypos:0.000000,xspeed:15.430000,yspeed:0.520000,angle:2.530000,distense:59.600000,rcs:40.000000
