timestame:1619470290.867000000,objid:2,type:0,xpos:0.000000,ypos:0.000000,xspeed:-12.010000,yspeed:-0.470000,angle:-15.870000,distense:60.200000,rcs:27.000000
timestame:1619470290.867000000,objid:5,type:0,xpos:0.000000,ypos:0.000000,xspeed:-6.280000,yspeed:-0.270000,angle:-18.000000,distense:22.200000,rcs:6.000000
