timestame:1619470459.475000000,objid:0,type:0,xpos:0.000000,ypos:0.000000,xspeed:-17.830000,yspeed:-10.020000,angle:-5.480000,distense:116.200000,rcs:16.000000
timestame:1619470459.475000000,objid:2,type:0,xpos:0.000000,ypos:0.000000,xspeed:5.820000,yspeed:-0.120000,angle:3.350000,distense:172.000000,rcs:12.000000
