timestame:1619470048.117000000,objid:0,type:0,xpos:0.000000,ypos:0.000000,xspeed:6.740000,yspeed:0.320000,angle:4.460000,distense:92.000000,rcs:15.000000
timestame:1619470048.117000000,objid:3,type:0,xpos:0.000000,ypos:0.000000,xspeed:14.900000,yspeed:0.270000,angle:1.240000,distense:222.400000,rcs:9.000000
timestame:1619470048.117000000,objid:5,type:0,xpos:0.000000,ypos:0.000000,xspeed:6.810000,yspeed:0.160000,angle:4.650000,distense:82.400000,rcs:33.000000
