timestame:1619470702.504000000,objid:0,type:0,xpos:0.000000,ypos:0.000000,xspeed:4.360000,yspeed:2.520000,angle:21.050000,distense:30.000000,rcs:16.000000
timestame:1619470702.504000000,objid:1,type:0,xpos:0.000000,ypos:0.000000,xspeed:10.110000,yspeed:-0.080000,angle:3.100000,distense:122.000000,rcs:9.000000
timestame:1619470702.504000000,objid:2,type:0,xpos:0.000000,ypos:0.000000,xspeed:-8.750000,yspeed:-0.010000,angle:-13.330000,distense:84.200000,rcs:6.000000
