timestame:1619469564.172000000,objid:1,type:0,xpos:0.000000,ypos:0.000000,xspeed:5.430000,yspeed:-5.440000,angle:18.130000,distense:53.800000,rcs:13.000000
timestame:1619469564.172000000,objid:7,type:0,xpos:0.000000,ypos:0.000000,xspeed:1.060000,yspeed:-4.260000,angle:19.100000,distense:44.000000,rcs:25.000000
timestame:1619469564.172000000,objid:8,type:0,xpos:0.000000,ypos:0.000000,xspeed:-1.460000,yspeed:0.000000,angle:15.870000,distense:49.600000,rcs:24.000000
timestame:1619469564.172000000,objid:14,type:0,xpos:0.000000,ypos:0.000000,xspeed:-1.110000,yspeed:-3.380000,angle:-17.800000,distense:44.000000,rcs:31.000000
