timestame:1619471447.761000000,objid:3,type:0,xpos:0.000000,ypos:0.000000,xspeed:-3.410000,yspeed:-0.100000,angle:-5.770000,distense:110.600000,rcs:20.000000
timestame:1619471447.761000000,objid:11,type:0,xpos:0.000000,ypos:0.000000,xspeed:-3.090000,yspeed:-0.630000,angle:-7.750000,distense:100.400000,rcs:13.000000
timestame:1619471447.761000000,objid:13,type:0,xpos:0.000000,ypos:0.000000,xspeed:-3.020000,yspeed:0.020000,angle:15.580000,distense:50.200000,rcs:13.000000
