timestame:1619469528.497000000,objid:1,type:0,xpos:0.000000,ypos:0.000000,xspeed:1.610000,yspeed:-2.880000,angle:-18.000000,distense:64.400000,rcs:27.000000
timestame:1619469528.497000000,objid:2,type:0,xpos:0.000000,ypos:0.000000,xspeed:2.640000,yspeed:-3.590000,angle:-18.000000,distense:65.400000,rcs:6.000000
timestame:1619469528.497000000,objid:4,type:0,xpos:0.000000,ypos:0.000000,xspeed:3.780000,yspeed:0.000000,angle:-18.000000,distense:69.400000,rcs:9.000000
timestame:1619469528.497000000,objid:11,type:0,xpos:0.000000,ypos:0.000000,xspeed:1.420000,yspeed:-4.660000,angle:-18.000000,distense:75.600000,rcs:6.000000
