timestame:1619470830.656000000,objid:1,type:0,xpos:0.000000,ypos:0.000000,xspeed:8.770000,yspeed:0.070000,angle:3.250000,distense:100.000000,rcs:13.000000
timestame:1619470830.656000000,objid:2,type:0,xpos:0.000000,ypos:0.000000,xspeed:6.990000,yspeed:-0.110000,angle:3.100000,distense:104.600000,rcs:13.000000
timestame:1619470830.656000000,objid:3,type:0,xpos:0.000000,ypos:0.000000,xspeed:8.600000,yspeed:0.070000,angle:4.080000,distense:93.400000,rcs:24.000000
timestame:1619470830.656000000,objid:6,type:0,xpos:0.000000,ypos:0.000000,xspeed:11.080000,yspeed:-0.040000,angle:1.410000,distense:128.200000,rcs:19.000000
