timestame:1619470766.543000000,objid:0,type:0,xpos:0.000000,ypos:0.000000,xspeed:-13.140000,yspeed:-8.590000,angle:-4.160000,distense:193.000000,rcs:25.000000
timestame:1619470766.543000000,objid:9,type:0,xpos:0.000000,ypos:0.000000,xspeed:6.610000,yspeed:0.320000,angle:2.670000,distense:48.000000,rcs:23.000000
