timestame:1619469921.975000000,objid:1,type:0,xpos:0.000000,ypos:0.000000,xspeed:6.000000,yspeed:0.200000,angle:1.420000,distense:141.400000,rcs:21.000000
timestame:1619469921.975000000,objid:8,type:0,xpos:0.000000,ypos:0.000000,xspeed:5.760000,yspeed:0.030000,angle:1.410000,distense:134.200000,rcs:15.000000
