timestame:1619470973.883000000,objid:0,type:0,xpos:0.000000,ypos:0.000000,xspeed:6.230000,yspeed:0.100000,angle:3.790000,distense:105.600000,rcs:20.000000
timestame:1619470973.883000000,objid:2,type:0,xpos:0.000000,ypos:0.000000,xspeed:1.480000,yspeed:3.910000,angle:-3.620000,distense:45.800000,rcs:12.000000
timestame:1619470973.883000000,objid:3,type:0,xpos:0.000000,ypos:0.000000,xspeed:6.790000,yspeed:-0.500000,angle:2.420000,distense:114.800000,rcs:13.000000
timestame:1619470973.883000000,objid:9,type:0,xpos:0.000000,ypos:0.000000,xspeed:2.640000,yspeed:2.870000,angle:-11.800000,distense:39.400000,rcs:13.000000
