timestame:1619470440.654000000,objid:1,type:0,xpos:0.000000,ypos:0.000000,xspeed:14.920000,yspeed:0.640000,angle:2.470000,distense:68.800000,rcs:15.000000
timestame:1619470440.654000000,objid:2,type:0,xpos:0.000000,ypos:0.000000,xspeed:3.750000,yspeed:-0.040000,angle:9.730000,distense:77.600000,rcs:19.000000
