timestame:1619471061.821000000,objid:0,type:0,xpos:0.000000,ypos:0.000000,xspeed:-8.340000,yspeed:4.600000,angle:-4.020000,distense:131.800000,rcs:6.000000
timestame:1619471061.821000000,objid:8,type:0,xpos:0.000000,ypos:0.000000,xspeed:-1.200000,yspeed:3.040000,angle:-2.660000,distense:36.000000,rcs:15.000000
timestame:1619471061.821000000,objid:9,type:0,xpos:0.000000,ypos:0.000000,xspeed:-2.010000,yspeed:-0.170000,angle:-9.520000,distense:76.800000,rcs:6.000000
