timestame:1619470213.273000000,objid:1,type:0,xpos:0.000000,ypos:0.000000,xspeed:-1.910000,yspeed:8.960000,angle:-9.150000,distense:41.800000,rcs:9.000000
timestame:1619470213.273000000,objid:2,type:0,xpos:0.000000,ypos:0.000000,xspeed:-2.260000,yspeed:8.140000,angle:-6.030000,distense:40.800000,rcs:13.000000
