timestame:1619470732.462000000,objid:0,type:0,xpos:0.000000,ypos:0.000000,xspeed:-13.630000,yspeed:-0.930000,angle:-18.000000,distense:23.000000,rcs:6.000000
timestame:1619470732.462000000,objid:1,type:0,xpos:0.000000,ypos:0.000000,xspeed:12.240000,yspeed:0.530000,angle:3.250000,distense:56.400000,rcs:15.000000
timestame:1619470732.462000000,objid:3,type:0,xpos:0.000000,ypos:0.000000,xspeed:-13.010000,yspeed:-0.560000,angle:-18.000000,distense:21.400000,rcs:6.000000
timestame:1619470732.462000000,objid:6,type:0,xpos:0.000000,ypos:0.000000,xspeed:12.460000,yspeed:0.530000,angle:2.440000,distense:45.200000,rcs:45.000000
