timestame:1619469928.234000000,objid:1,type:0,xpos:0.000000,ypos:0.000000,xspeed:7.060000,yspeed:0.040000,angle:1.340000,distense:183.800000,rcs:6.000000
timestame:1619469928.234000000,objid:8,type:0,xpos:0.000000,ypos:0.000000,xspeed:7.280000,yspeed:0.050000,angle:1.200000,distense:177.600000,rcs:15.000000
