timestame:1619470664.060000000,objid:0,type:0,xpos:0.000000,ypos:0.000000,xspeed:-1.520000,yspeed:0.140000,angle:-9.680000,distense:94.000000,rcs:15.000000
timestame:1619470664.060000000,objid:1,type:0,xpos:0.000000,ypos:0.000000,xspeed:1.120000,yspeed:-8.070000,angle:-18.000000,distense:52.000000,rcs:13.000000
timestame:1619470664.060000000,objid:3,type:0,xpos:0.000000,ypos:0.000000,xspeed:-1.690000,yspeed:0.020000,angle:-7.860000,distense:105.600000,rcs:9.000000
