timestame:1619469786.646000000,objid:1,type:0,xpos:0.000000,ypos:0.000000,xspeed:-16.120000,yspeed:0.600000,angle:-8.440000,distense:98.200000,rcs:15.000000
timestame:1619469786.646000000,objid:2,type:0,xpos:0.000000,ypos:0.000000,xspeed:16.750000,yspeed:0.190000,angle:1.010000,distense:205.000000,rcs:12.000000
timestame:1619469786.646000000,objid:4,type:0,xpos:0.000000,ypos:0.000000,xspeed:-17.040000,yspeed:-0.370000,angle:-10.050000,distense:89.400000,rcs:13.000000
timestame:1619469786.646000000,objid:10,type:0,xpos:0.000000,ypos:0.000000,xspeed:17.010000,yspeed:0.190000,angle:1.140000,distense:193.000000,rcs:18.000000
