timestame:1619470916.293000000,objid:0,type:0,xpos:0.000000,ypos:0.000000,xspeed:2.970000,yspeed:4.390000,angle:-6.710000,distense:44.600000,rcs:15.000000
timestame:1619470916.293000000,objid:3,type:0,xpos:0.000000,ypos:0.000000,xspeed:1.010000,yspeed:1.050000,angle:-4.520000,distense:42.600000,rcs:6.000000
