timestame:1619470648.437000000,objid:2,type:0,xpos:0.000000,ypos:0.000000,xspeed:-5.540000,yspeed:-0.080000,angle:-6.250000,distense:138.200000,rcs:13.000000
timestame:1619470648.437000000,objid:4,type:0,xpos:0.000000,ypos:0.000000,xspeed:-1.550000,yspeed:-2.600000,angle:-18.000000,distense:40.600000,rcs:25.000000
timestame:1619470648.437000000,objid:9,type:0,xpos:0.000000,ypos:0.000000,xspeed:-1.620000,yspeed:-3.570000,angle:-14.340000,distense:41.000000,rcs:30.000000
timestame:1619470648.437000000,objid:15,type:0,xpos:0.000000,ypos:0.000000,xspeed:-2.070000,yspeed:-10.200000,angle:-2.850000,distense:68.400000,rcs:13.000000
