timestame:1619470659.846000000,objid:2,type:0,xpos:0.000000,ypos:0.000000,xspeed:4.250000,yspeed:2.730000,angle:-16.510000,distense:38.000000,rcs:6.000000
timestame:1619470659.846000000,objid:3,type:0,xpos:0.000000,ypos:0.000000,xspeed:-2.470000,yspeed:-0.570000,angle:-7.340000,distense:111.800000,rcs:15.000000
timestame:1619470659.846000000,objid:7,type:0,xpos:0.000000,ypos:0.000000,xspeed:-2.530000,yspeed:-0.390000,angle:-18.000000,distense:26.200000,rcs:6.000000
