timestame:1619470462.642000000,objid:0,type:0,xpos:0.000000,ypos:0.000000,xspeed:-14.750000,yspeed:-0.700000,angle:-10.590000,distense:68.800000,rcs:20.000000
timestame:1619470462.642000000,objid:2,type:0,xpos:0.000000,ypos:0.000000,xspeed:6.080000,yspeed:0.180000,angle:3.260000,distense:191.200000,rcs:12.000000
