timestame:1619470071.653000000,objid:3,type:0,xpos:0.000000,ypos:0.000000,xspeed:-1.600000,yspeed:2.810000,angle:13.530000,distense:49.000000,rcs:35.000000
timestame:1619470071.653000000,objid:4,type:0,xpos:0.000000,ypos:0.000000,xspeed:-1.590000,yspeed:2.770000,angle:17.640000,distense:44.000000,rcs:19.000000
timestame:1619470071.653000000,objid:8,type:0,xpos:0.000000,ypos:0.000000,xspeed:2.630000,yspeed:2.290000,angle:-13.400000,distense:36.400000,rcs:19.000000
