timestame:1619470329.372000000,objid:0,type:0,xpos:0.000000,ypos:0.000000,xspeed:16.080000,yspeed:-0.330000,angle:0.630000,distense:166.600000,rcs:31.000000
timestame:1619470329.372000000,objid:2,type:0,xpos:0.000000,ypos:0.000000,xspeed:9.450000,yspeed:0.210000,angle:0.950000,distense:195.000000,rcs:22.000000
timestame:1619470329.372000000,objid:3,type:0,xpos:0.000000,ypos:0.000000,xspeed:14.210000,yspeed:0.270000,angle:2.360000,distense:218.600000,rcs:6.000000
timestame:1619470329.372000000,objid:5,type:0,xpos:0.000000,ypos:0.000000,xspeed:9.340000,yspeed:0.260000,angle:1.280000,distense:209.800000,rcs:6.000000
