timestame:1619469772.150000000,objid:1,type:0,xpos:0.000000,ypos:0.000000,xspeed:3.610000,yspeed:1.410000,angle:-16.640000,distense:24.600000,rcs:23.000000
timestame:1619469772.150000000,objid:3,type:0,xpos:0.000000,ypos:0.000000,xspeed:3.980000,yspeed:1.240000,angle:21.170000,distense:36.400000,rcs:13.000000
timestame:1619469772.150000000,objid:7,type:0,xpos:0.000000,ypos:0.000000,xspeed:3.960000,yspeed:1.460000,angle:-16.270000,distense:34.600000,rcs:27.000000
