timestame:1619470502.352000000,objid:1,type:0,xpos:0.000000,ypos:0.000000,xspeed:-1.830000,yspeed:-2.030000,angle:-18.000000,distense:37.600000,rcs:28.000000
timestame:1619470502.352000000,objid:2,type:0,xpos:0.000000,ypos:0.000000,xspeed:-1.610000,yspeed:-0.640000,angle:-18.000000,distense:35.000000,rcs:23.000000
timestame:1619470502.352000000,objid:3,type:0,xpos:0.000000,ypos:0.000000,xspeed:-1.110000,yspeed:-3.350000,angle:-10.820000,distense:39.400000,rcs:36.000000
timestame:1619470502.352000000,objid:6,type:0,xpos:0.000000,ypos:0.000000,xspeed:-2.610000,yspeed:-0.570000,angle:-18.000000,distense:31.200000,rcs:6.000000
