timestame:1619471219.289000000,objid:6,type:0,xpos:0.000000,ypos:0.000000,xspeed:3.060000,yspeed:0.790000,angle:2.790000,distense:46.800000,rcs:13.000000
timestame:1619471219.289000000,objid:9,type:0,xpos:0.000000,ypos:0.000000,xspeed:3.280000,yspeed:0.320000,angle:2.930000,distense:28.000000,rcs:41.000000
timestame:1619471219.289000000,objid:10,type:0,xpos:0.000000,ypos:0.000000,xspeed:3.260000,yspeed:0.230000,angle:0.420000,distense:37.200000,rcs:19.000000
