timestame:1619469620.747000000,objid:1,type:0,xpos:0.000000,ypos:0.000000,xspeed:-2.490000,yspeed:0.160000,angle:-13.780000,distense:68.400000,rcs:16.000000
timestame:1619469620.747000000,objid:2,type:0,xpos:0.000000,ypos:0.000000,xspeed:-4.690000,yspeed:-0.010000,angle:-12.070000,distense:79.000000,rcs:22.000000
timestame:1619469620.747000000,objid:4,type:0,xpos:0.000000,ypos:0.000000,xspeed:-15.770000,yspeed:0.500000,angle:-5.800000,distense:100.200000,rcs:16.000000
timestame:1619469620.747000000,objid:5,type:0,xpos:0.000000,ypos:0.000000,xspeed:-7.700000,yspeed:0.060000,angle:-12.890000,distense:162.200000,rcs:6.000000
