timestame:1619469912.804000000,objid:0,type:0,xpos:0.000000,ypos:0.000000,xspeed:-4.920000,yspeed:-0.030000,angle:-18.000000,distense:40.400000,rcs:9.000000
timestame:1619469912.804000000,objid:1,type:0,xpos:0.000000,ypos:0.000000,xspeed:4.660000,yspeed:0.030000,angle:1.730000,distense:88.600000,rcs:15.000000
timestame:1619469912.804000000,objid:2,type:0,xpos:0.000000,ypos:0.000000,xspeed:11.640000,yspeed:0.240000,angle:2.710000,distense:163.800000,rcs:16.000000
timestame:1619469912.804000000,objid:8,type:0,xpos:0.000000,ypos:0.000000,xspeed:4.640000,yspeed:0.010000,angle:2.070000,distense:81.800000,rcs:23.000000
