timestame:1619470169.032000000,objid:0,type:0,xpos:0.000000,ypos:0.000000,xspeed:6.770000,yspeed:0.370000,angle:2.380000,distense:51.600000,rcs:29.000000
timestame:1619470169.032000000,objid:1,type:0,xpos:0.000000,ypos:0.000000,xspeed:10.180000,yspeed:0.330000,angle:1.850000,distense:20.400000,rcs:39.000000
timestame:1619470169.032000000,objid:2,type:0,xpos:0.000000,ypos:0.000000,xspeed:25.050000,yspeed:0.000000,angle:15.810000,distense:26.200000,rcs:6.000000
timestame:1619470169.032000000,objid:3,type:0,xpos:0.000000,ypos:0.000000,xspeed:8.590000,yspeed:0.090000,angle:4.920000,distense:85.800000,rcs:20.000000
