timestame:1619470294.523000000,objid:0,type:0,xpos:0.000000,ypos:0.000000,xspeed:1.770000,yspeed:0.080000,angle:5.430000,distense:22.000000,rcs:26.000000
timestame:1619470294.523000000,objid:1,type:0,xpos:0.000000,ypos:0.000000,xspeed:-1.190000,yspeed:-0.010000,angle:5.490000,distense:9.400000,rcs:30.000000
timestame:1619470294.523000000,objid:2,type:0,xpos:0.000000,ypos:0.000000,xspeed:-12.170000,yspeed:-0.750000,angle:-18.000000,distense:23.400000,rcs:6.000000
timestame:1619470294.523000000,objid:5,type:0,xpos:0.000000,ypos:0.000000,xspeed:2.490000,yspeed:0.440000,angle:2.370000,distense:19.600000,rcs:21.000000
