timestame:1619471518.238000000,objid:7,type:0,xpos:0.000000,ypos:0.000000,xspeed:16.190000,yspeed:0.220000,angle:1.500000,distense:184.800000,rcs:15.000000
timestame:1619471518.238000000,objid:10,type:0,xpos:0.000000,ypos:0.000000,xspeed:16.190000,yspeed:0.130000,angle:1.320000,distense:174.400000,rcs:28.000000
