timestame:1619469713.821000000,objid:3,type:0,xpos:0.000000,ypos:0.000000,xspeed:13.330000,yspeed:-1.230000,angle:1.220000,distense:141.600000,rcs:12.000000
timestame:1619469713.821000000,objid:6,type:0,xpos:0.000000,ypos:0.000000,xspeed:-1.570000,yspeed:7.000000,angle:10.890000,distense:36.800000,rcs:29.000000
