timestame:1619470491.718000000,objid:0,type:0,xpos:0.000000,ypos:0.000000,xspeed:1.590000,yspeed:-4.680000,angle:13.490000,distense:45.600000,rcs:31.000000
timestame:1619470491.718000000,objid:2,type:0,xpos:0.000000,ypos:0.000000,xspeed:1.470000,yspeed:-5.690000,angle:21.790000,distense:57.000000,rcs:15.000000
timestame:1619470491.718000000,objid:3,type:0,xpos:0.000000,ypos:0.000000,xspeed:-4.460000,yspeed:-7.990000,angle:17.480000,distense:42.200000,rcs:28.000000
