timestame:1619470766.604000000,objid:0,type:0,xpos:0.000000,ypos:0.000000,xspeed:-13.580000,yspeed:-7.890000,angle:-4.250000,distense:192.200000,rcs:22.000000
timestame:1619470766.604000000,objid:9,type:0,xpos:0.000000,ypos:0.000000,xspeed:6.650000,yspeed:0.310000,angle:2.640000,distense:48.600000,rcs:27.000000
