timestame:1619469534.460000000,objid:4,type:0,xpos:0.000000,ypos:0.000000,xspeed:16.420000,yspeed:0.660000,angle:2.400000,distense:70.400000,rcs:28.000000
timestame:1619469534.460000000,objid:7,type:0,xpos:0.000000,ypos:0.000000,xspeed:16.590000,yspeed:0.650000,angle:1.990000,distense:78.200000,rcs:20.000000
