timestame:1619469582.507000000,objid:1,type:0,xpos:0.000000,ypos:0.000000,xspeed:-4.790000,yspeed:-0.160000,angle:-9.250000,distense:96.000000,rcs:15.000000
timestame:1619469582.507000000,objid:2,type:0,xpos:0.000000,ypos:0.000000,xspeed:-2.340000,yspeed:0.000000,angle:-10.670000,distense:85.600000,rcs:22.000000
