timestame:1619469874.782000000,objid:0,type:0,xpos:0.000000,ypos:0.000000,xspeed:-3.000000,yspeed:-0.410000,angle:-18.000000,distense:24.000000,rcs:6.000000
timestame:1619469874.782000000,objid:17,type:0,xpos:0.000000,ypos:0.000000,xspeed:3.160000,yspeed:-5.380000,angle:8.890000,distense:67.400000,rcs:13.000000
