timestame:1619469527.255000000,objid:2,type:0,xpos:0.000000,ypos:0.000000,xspeed:2.510000,yspeed:-3.610000,angle:-18.000000,distense:60.800000,rcs:23.000000
timestame:1619469527.255000000,objid:3,type:0,xpos:0.000000,ypos:0.000000,xspeed:-2.190000,yspeed:0.450000,angle:-18.000000,distense:58.800000,rcs:6.000000
timestame:1619469527.255000000,objid:11,type:0,xpos:0.000000,ypos:0.000000,xspeed:1.580000,yspeed:-4.810000,angle:-18.000000,distense:71.400000,rcs:13.000000
