timestame:1619469532.095000000,objid:1,type:0,xpos:0.000000,ypos:0.000000,xspeed:1.700000,yspeed:-5.050000,angle:-18.000000,distense:79.200000,rcs:9.000000
timestame:1619469532.095000000,objid:4,type:0,xpos:0.000000,ypos:0.000000,xspeed:16.140000,yspeed:1.600000,angle:2.820000,distense:30.800000,rcs:40.000000
timestame:1619469532.095000000,objid:7,type:0,xpos:0.000000,ypos:0.000000,xspeed:17.450000,yspeed:0.280000,angle:1.400000,distense:39.000000,rcs:38.000000
