timestame:1619470215.067000000,objid:7,type:0,xpos:0.000000,ypos:0.000000,xspeed:-2.880000,yspeed:7.670000,angle:-10.690000,distense:44.600000,rcs:15.000000
timestame:1619470215.067000000,objid:9,type:0,xpos:0.000000,ypos:0.000000,xspeed:-1.550000,yspeed:9.970000,angle:21.640000,distense:39.800000,rcs:9.000000
timestame:1619470215.067000000,objid:10,type:0,xpos:0.000000,ypos:0.000000,xspeed:-2.010000,yspeed:-4.690000,angle:9.680000,distense:105.200000,rcs:12.000000
timestame:1619470215.067000000,objid:11,type:0,xpos:0.000000,ypos:0.000000,xspeed:-1.250000,yspeed:-10.140000,angle:21.150000,distense:39.200000,rcs:30.000000
