timestame:1619471040.985000000,objid:2,type:0,xpos:0.000000,ypos:0.000000,xspeed:-2.220000,yspeed:-1.300000,angle:-18.000000,distense:36.000000,rcs:15.000000
timestame:1619471040.985000000,objid:6,type:0,xpos:0.000000,ypos:0.000000,xspeed:-3.880000,yspeed:-5.310000,angle:-18.000000,distense:38.200000,rcs:20.000000
timestame:1619471040.985000000,objid:10,type:0,xpos:0.000000,ypos:0.000000,xspeed:-4.260000,yspeed:-13.150000,angle:-18.000000,distense:39.400000,rcs:26.000000
