timestame:1619471461.925000000,objid:1,type:0,xpos:0.000000,ypos:0.000000,xspeed:-6.190000,yspeed:-1.000000,angle:-5.610000,distense:118.400000,rcs:18.000000
timestame:1619471461.925000000,objid:3,type:0,xpos:0.000000,ypos:0.000000,xspeed:-7.530000,yspeed:-1.540000,angle:-5.190000,distense:184.400000,rcs:6.000000
