timestame:1619471409.564000000,objid:1,type:0,xpos:0.000000,ypos:0.000000,xspeed:-1.160000,yspeed:-2.480000,angle:-10.880000,distense:41.000000,rcs:33.000000
timestame:1619471409.564000000,objid:4,type:0,xpos:0.000000,ypos:0.000000,xspeed:-1.870000,yspeed:-0.780000,angle:-1.770000,distense:43.800000,rcs:37.000000
timestame:1619471409.564000000,objid:7,type:0,xpos:0.000000,ypos:0.000000,xspeed:-1.850000,yspeed:-3.020000,angle:-15.940000,distense:39.400000,rcs:24.000000
timestame:1619471409.564000000,objid:12,type:0,xpos:0.000000,ypos:0.000000,xspeed:-9.690000,yspeed:-1.080000,angle:-4.240000,distense:191.400000,rcs:13.000000
