timestame:1619469647.033000000,objid:2,type:0,xpos:0.000000,ypos:0.000000,xspeed:12.770000,yspeed:0.610000,angle:4.830000,distense:91.200000,rcs:28.000000
timestame:1619469647.033000000,objid:13,type:0,xpos:0.000000,ypos:0.000000,xspeed:15.170000,yspeed:0.720000,angle:2.410000,distense:151.000000,rcs:34.000000
timestame:1619469647.033000000,objid:14,type:0,xpos:0.000000,ypos:0.000000,xspeed:12.890000,yspeed:0.400000,angle:4.700000,distense:88.400000,rcs:24.000000
