timestame:1619471421.557000000,objid:1,type:0,xpos:0.000000,ypos:0.000000,xspeed:-4.670000,yspeed:0.000000,angle:-6.470000,distense:118.000000,rcs:13.000000
timestame:1619471421.557000000,objid:3,type:0,xpos:0.000000,ypos:0.000000,xspeed:-2.440000,yspeed:-2.890000,angle:-18.000000,distense:43.000000,rcs:15.000000
timestame:1619471421.557000000,objid:9,type:0,xpos:0.000000,ypos:0.000000,xspeed:-6.490000,yspeed:0.170000,angle:-4.750000,distense:133.400000,rcs:19.000000
timestame:1619471421.557000000,objid:12,type:0,xpos:0.000000,ypos:0.000000,xspeed:-5.310000,yspeed:-0.190000,angle:-8.440000,distense:107.600000,rcs:16.000000
