timestame:1619470800.747000000,objid:2,type:0,xpos:0.000000,ypos:0.000000,xspeed:-10.950000,yspeed:-2.700000,angle:-9.470000,distense:31.800000,rcs:6.000000
timestame:1619470800.747000000,objid:3,type:0,xpos:0.000000,ypos:0.000000,xspeed:-1.020000,yspeed:-3.390000,angle:-18.000000,distense:40.000000,rcs:29.000000
timestame:1619470800.747000000,objid:4,type:0,xpos:0.000000,ypos:0.000000,xspeed:-1.080000,yspeed:-1.250000,angle:-10.300000,distense:43.600000,rcs:38.000000
timestame:1619470800.747000000,objid:15,type:0,xpos:0.000000,ypos:0.000000,xspeed:-1.170000,yspeed:-1.620000,angle:-18.000000,distense:37.200000,rcs:19.000000
