timestame:1619470567.655000000,objid:1,type:0,xpos:0.000000,ypos:0.000000,xspeed:4.200000,yspeed:3.040000,angle:-15.360000,distense:28.400000,rcs:26.000000
timestame:1619470567.655000000,objid:3,type:0,xpos:0.000000,ypos:0.000000,xspeed:14.970000,yspeed:0.030000,angle:1.070000,distense:160.400000,rcs:22.000000
timestame:1619470567.655000000,objid:8,type:0,xpos:0.000000,ypos:0.000000,xspeed:4.150000,yspeed:4.690000,angle:-10.500000,distense:42.600000,rcs:13.000000
