timestame:1619469537.322000000,objid:4,type:0,xpos:0.000000,ypos:0.000000,xspeed:16.910000,yspeed:0.340000,angle:1.790000,distense:118.000000,rcs:22.000000
timestame:1619469537.322000000,objid:7,type:0,xpos:0.000000,ypos:0.000000,xspeed:16.980000,yspeed:0.250000,angle:1.420000,distense:125.600000,rcs:13.000000
