timestame:1619469914.038000000,objid:0,type:0,xpos:0.000000,ypos:0.000000,xspeed:-6.370000,yspeed:1.850000,angle:-18.000000,distense:32.000000,rcs:6.000000
timestame:1619469914.038000000,objid:1,type:0,xpos:0.000000,ypos:0.000000,xspeed:4.960000,yspeed:0.110000,angle:1.750000,distense:95.200000,rcs:16.000000
timestame:1619469914.038000000,objid:2,type:0,xpos:0.000000,ypos:0.000000,xspeed:12.470000,yspeed:0.270000,angle:2.550000,distense:180.400000,rcs:13.000000
timestame:1619469914.038000000,objid:8,type:0,xpos:0.000000,ypos:0.000000,xspeed:4.860000,yspeed:-0.090000,angle:1.790000,distense:88.200000,rcs:31.000000
