timestame:1619471500.091000000,objid:0,type:0,xpos:0.000000,ypos:0.000000,xspeed:7.930000,yspeed:0.170000,angle:1.810000,distense:98.400000,rcs:26.000000
timestame:1619471500.091000000,objid:3,type:0,xpos:0.000000,ypos:0.000000,xspeed:8.060000,yspeed:0.010000,angle:3.140000,distense:128.200000,rcs:16.000000
timestame:1619471500.091000000,objid:10,type:0,xpos:0.000000,ypos:0.000000,xspeed:7.370000,yspeed:0.250000,angle:5.140000,distense:86.800000,rcs:20.000000
