timestame:1619471152.446000000,objid:0,type:0,xpos:0.000000,ypos:0.000000,xspeed:-1.290000,yspeed:7.940000,angle:15.460000,distense:40.000000,rcs:6.000000
timestame:1619471152.446000000,objid:1,type:0,xpos:0.000000,ypos:0.000000,xspeed:-8.070000,yspeed:-3.000000,angle:10.350000,distense:83.800000,rcs:6.000000
