timestame:1619469567.703000000,objid:2,type:0,xpos:0.000000,ypos:0.000000,xspeed:-1.100000,yspeed:-3.950000,angle:-6.220000,distense:37.400000,rcs:33.000000
timestame:1619469567.703000000,objid:5,type:0,xpos:0.000000,ypos:0.000000,xspeed:-1.390000,yspeed:-2.420000,angle:-16.080000,distense:48.400000,rcs:6.000000
timestame:1619469567.703000000,objid:8,type:0,xpos:0.000000,ypos:0.000000,xspeed:3.950000,yspeed:-5.530000,angle:-0.280000,distense:61.000000,rcs:6.000000
timestame:1619469567.703000000,objid:11,type:0,xpos:0.000000,ypos:0.000000,xspeed:-2.070000,yspeed:-4.820000,angle:-13.270000,distense:35.000000,rcs:25.000000
