timestame:1619470026.702000000,objid:1,type:0,xpos:0.000000,ypos:0.000000,xspeed:3.700000,yspeed:2.780000,angle:0.310000,distense:15.600000,rcs:20.000000
timestame:1619470026.702000000,objid:2,type:0,xpos:0.000000,ypos:0.000000,xspeed:6.020000,yspeed:0.590000,angle:2.630000,distense:29.800000,rcs:33.000000
