timestame:1619471368.684000000,objid:1,type:0,xpos:0.000000,ypos:0.000000,xspeed:7.980000,yspeed:0.040000,angle:2.980000,distense:130.000000,rcs:21.000000
timestame:1619471368.684000000,objid:7,type:0,xpos:0.000000,ypos:0.000000,xspeed:11.470000,yspeed:0.290000,angle:1.590000,distense:172.400000,rcs:22.000000
