timestame:1619470059.175000000,objid:0,type:0,xpos:0.000000,ypos:0.000000,xspeed:-12.700000,yspeed:0.250000,angle:-4.670000,distense:89.400000,rcs:19.000000
timestame:1619470059.175000000,objid:5,type:0,xpos:0.000000,ypos:0.000000,xspeed:9.390000,yspeed:0.370000,angle:2.780000,distense:177.400000,rcs:15.000000
