timestame:1619471296.400000000,objid:2,type:0,xpos:0.000000,ypos:0.000000,xspeed:-4.090000,yspeed:9.150000,angle:-16.260000,distense:42.200000,rcs:9.000000
timestame:1619471296.400000000,objid:6,type:0,xpos:0.000000,ypos:0.000000,xspeed:2.550000,yspeed:3.830000,angle:-9.140000,distense:40.800000,rcs:9.000000
timestame:1619471296.400000000,objid:8,type:0,xpos:0.000000,ypos:0.000000,xspeed:-2.130000,yspeed:7.720000,angle:21.100000,distense:42.800000,rcs:6.000000
