timestame:1619471236.342000000,objid:0,type:0,xpos:0.000000,ypos:0.000000,xspeed:8.180000,yspeed:0.080000,angle:1.370000,distense:144.600000,rcs:9.000000
timestame:1619471236.342000000,objid:9,type:0,xpos:0.000000,ypos:0.000000,xspeed:7.980000,yspeed:0.020000,angle:1.370000,distense:134.400000,rcs:16.000000
