timestame:1619471409.124000000,objid:1,type:0,xpos:0.000000,ypos:0.000000,xspeed:-1.410000,yspeed:-3.490000,angle:-10.320000,distense:41.200000,rcs:33.000000
timestame:1619471409.124000000,objid:4,type:0,xpos:0.000000,ypos:0.000000,xspeed:-2.090000,yspeed:-8.730000,angle:-3.210000,distense:44.600000,rcs:37.000000
timestame:1619471409.124000000,objid:7,type:0,xpos:0.000000,ypos:0.000000,xspeed:-1.750000,yspeed:-3.290000,angle:-14.300000,distense:40.000000,rcs:22.000000
timestame:1619471409.124000000,objid:12,type:0,xpos:0.000000,ypos:0.000000,xspeed:-9.650000,yspeed:-1.440000,angle:-4.110000,distense:195.600000,rcs:12.000000
