timestame:1619470907.594000000,objid:3,type:0,xpos:0.000000,ypos:0.000000,xspeed:-1.340000,yspeed:1.830000,angle:17.180000,distense:40.800000,rcs:6.000000
timestame:1619470907.594000000,objid:7,type:0,xpos:0.000000,ypos:0.000000,xspeed:-3.580000,yspeed:-2.130000,angle:-18.000000,distense:31.200000,rcs:6.000000
timestame:1619470907.594000000,objid:16,type:0,xpos:0.000000,ypos:0.000000,xspeed:-1.660000,yspeed:-0.100000,angle:-18.000000,distense:34.000000,rcs:13.000000
