timestame:1619470663.378000000,objid:0,type:0,xpos:0.000000,ypos:0.000000,xspeed:-1.600000,yspeed:-0.050000,angle:-9.830000,distense:95.000000,rcs:13.000000
timestame:1619470663.378000000,objid:3,type:0,xpos:0.000000,ypos:0.000000,xspeed:-1.270000,yspeed:-0.150000,angle:-7.880000,distense:107.400000,rcs:9.000000
