timestame:1619470448.234000000,objid:0,type:0,xpos:0.000000,ypos:0.000000,xspeed:18.970000,yspeed:-1.330000,angle:0.970000,distense:206.000000,rcs:9.000000
timestame:1619470448.234000000,objid:1,type:0,xpos:0.000000,ypos:0.000000,xspeed:-4.520000,yspeed:-1.350000,angle:5.190000,distense:174.600000,rcs:6.000000
timestame:1619470448.234000000,objid:2,type:0,xpos:0.000000,ypos:0.000000,xspeed:4.700000,yspeed:-0.230000,angle:6.190000,distense:110.600000,rcs:23.000000
