timestame:1619470276.318000000,objid:1,type:0,xpos:0.000000,ypos:0.000000,xspeed:-10.310000,yspeed:0.240000,angle:-4.870000,distense:100.000000,rcs:12.000000
timestame:1619470276.318000000,objid:2,type:0,xpos:0.000000,ypos:0.000000,xspeed:-1.610000,yspeed:0.320000,angle:-6.720000,distense:90.800000,rcs:9.000000
timestame:1619470276.318000000,objid:11,type:0,xpos:0.000000,ypos:0.000000,xspeed:-1.570000,yspeed:-0.180000,angle:-9.280000,distense:76.600000,rcs:22.000000
timestame:1619470276.318000000,objid:22,type:0,xpos:0.000000,ypos:0.000000,xspeed:-1.320000,yspeed:-0.080000,angle:-7.970000,distense:83.800000,rcs:9.000000
