timestame:1619470592.491000000,objid:0,type:0,xpos:0.000000,ypos:0.000000,xspeed:-14.550000,yspeed:-0.660000,angle:-18.000000,distense:41.200000,rcs:13.000000
timestame:1619470592.491000000,objid:2,type:0,xpos:0.000000,ypos:0.000000,xspeed:34.790000,yspeed:-7.020000,angle:22.540000,distense:27.000000,rcs:6.000000
