timestame:1619469553.589000000,objid:2,type:0,xpos:0.000000,ypos:0.000000,xspeed:-3.350000,yspeed:2.080000,angle:-18.000000,distense:45.800000,rcs:13.000000
timestame:1619469553.589000000,objid:3,type:0,xpos:0.000000,ypos:0.000000,xspeed:-1.550000,yspeed:1.330000,angle:-18.000000,distense:51.200000,rcs:9.000000
