timestame:1619471252.018000000,objid:1,type:0,xpos:0.000000,ypos:0.000000,xspeed:2.090000,yspeed:2.990000,angle:1.730000,distense:76.800000,rcs:15.000000
timestame:1619471252.018000000,objid:3,type:0,xpos:0.000000,ypos:0.000000,xspeed:-17.540000,yspeed:-0.840000,angle:-5.700000,distense:147.800000,rcs:9.000000
