timestame:1619471375.472000000,objid:0,type:0,xpos:0.000000,ypos:0.000000,xspeed:8.880000,yspeed:7.530000,angle:2.570000,distense:201.400000,rcs:9.000000
timestame:1619471375.472000000,objid:1,type:0,xpos:0.000000,ypos:0.000000,xspeed:10.020000,yspeed:0.220000,angle:2.260000,distense:194.800000,rcs:22.000000
