timestame:1619471262.105000000,objid:2,type:0,xpos:0.000000,ypos:0.000000,xspeed:12.650000,yspeed:0.130000,angle:3.510000,distense:101.400000,rcs:27.000000
timestame:1619471262.105000000,objid:6,type:0,xpos:0.000000,ypos:0.000000,xspeed:12.640000,yspeed:-0.190000,angle:3.180000,distense:113.400000,rcs:18.000000
timestame:1619471262.105000000,objid:10,type:0,xpos:0.000000,ypos:0.000000,xspeed:12.610000,yspeed:0.210000,angle:4.080000,distense:89.200000,rcs:26.000000
