timestame:1619470886.742000000,objid:0,type:0,xpos:0.000000,ypos:0.000000,xspeed:-2.520000,yspeed:9.790000,angle:-2.560000,distense:41.400000,rcs:6.000000
timestame:1619470886.742000000,objid:3,type:0,xpos:0.000000,ypos:0.000000,xspeed:-1.990000,yspeed:-3.460000,angle:-18.000000,distense:34.400000,rcs:12.000000
timestame:1619470886.742000000,objid:6,type:0,xpos:0.000000,ypos:0.000000,xspeed:9.120000,yspeed:-1.920000,angle:-11.190000,distense:52.800000,rcs:6.000000
timestame:1619470886.742000000,objid:12,type:0,xpos:0.000000,ypos:0.000000,xspeed:-3.980000,yspeed:-7.650000,angle:-18.000000,distense:62.600000,rcs:9.000000
