timestame:1619470986.313000000,objid:0,type:0,xpos:0.000000,ypos:0.000000,xspeed:8.830000,yspeed:0.250000,angle:2.220000,distense:204.400000,rcs:18.000000
timestame:1619470986.313000000,objid:1,type:0,xpos:0.000000,ypos:0.000000,xspeed:-15.550000,yspeed:-0.550000,angle:-15.720000,distense:48.000000,rcs:28.000000
timestame:1619470986.313000000,objid:3,type:0,xpos:0.000000,ypos:0.000000,xspeed:4.560000,yspeed:-1.040000,angle:8.700000,distense:82.000000,rcs:12.000000
timestame:1619470986.313000000,objid:4,type:0,xpos:0.000000,ypos:0.000000,xspeed:-13.350000,yspeed:-1.350000,angle:-6.840000,distense:105.400000,rcs:20.000000
