timestame:1619471306.529000000,objid:0,type:0,xpos:0.000000,ypos:0.000000,xspeed:2.970000,yspeed:0.630000,angle:20.360000,distense:22.800000,rcs:21.000000
timestame:1619471306.529000000,objid:1,type:0,xpos:0.000000,ypos:0.000000,xspeed:-6.670000,yspeed:2.470000,angle:-18.000000,distense:31.400000,rcs:9.000000
timestame:1619471306.529000000,objid:2,type:0,xpos:0.000000,ypos:0.000000,xspeed:5.230000,yspeed:0.500000,angle:-16.060000,distense:21.200000,rcs:15.000000
