timestame:1619470944.883000000,objid:1,type:0,xpos:0.000000,ypos:0.000000,xspeed:-7.070000,yspeed:-0.040000,angle:-18.000000,distense:37.600000,rcs:21.000000
timestame:1619470944.883000000,objid:5,type:0,xpos:0.000000,ypos:0.000000,xspeed:-6.250000,yspeed:-0.440000,angle:-18.000000,distense:44.200000,rcs:18.000000
timestame:1619470944.883000000,objid:7,type:0,xpos:0.000000,ypos:0.000000,xspeed:-5.720000,yspeed:-0.500000,angle:-18.000000,distense:41.800000,rcs:9.000000
