timestame:1619470563.067000000,objid:1,type:0,xpos:0.000000,ypos:0.000000,xspeed:6.650000,yspeed:-0.490000,angle:3.480000,distense:202.600000,rcs:15.000000
timestame:1619470563.067000000,objid:3,type:0,xpos:0.000000,ypos:0.000000,xspeed:10.460000,yspeed:0.170000,angle:1.650000,distense:94.800000,rcs:35.000000
timestame:1619470563.067000000,objid:5,type:0,xpos:0.000000,ypos:0.000000,xspeed:7.230000,yspeed:-3.220000,angle:2.210000,distense:213.600000,rcs:9.000000
