timestame:1619470704.618000000,objid:0,type:0,xpos:0.000000,ypos:0.000000,xspeed:3.510000,yspeed:3.420000,angle:-13.910000,distense:39.400000,rcs:6.000000
timestame:1619470704.618000000,objid:1,type:0,xpos:0.000000,ypos:0.000000,xspeed:11.140000,yspeed:-0.020000,angle:2.560000,distense:147.000000,rcs:12.000000
timestame:1619470704.618000000,objid:2,type:0,xpos:0.000000,ypos:0.000000,xspeed:-7.640000,yspeed:-1.220000,angle:-18.000000,distense:70.000000,rcs:12.000000
