timestame:1619469607.033000000,objid:3,type:0,xpos:0.000000,ypos:0.000000,xspeed:-3.110000,yspeed:0.440000,angle:-10.070000,distense:90.800000,rcs:18.000000
timestame:1619469607.033000000,objid:4,type:0,xpos:0.000000,ypos:0.000000,xspeed:-1.370000,yspeed:0.850000,angle:-11.700000,distense:78.600000,rcs:15.000000
