timestame:1619470533.726000000,objid:0,type:0,xpos:0.000000,ypos:0.000000,xspeed:6.810000,yspeed:1.010000,angle:18.940000,distense:20.600000,rcs:24.000000
timestame:1619470533.726000000,objid:2,type:0,xpos:0.000000,ypos:0.000000,xspeed:-7.610000,yspeed:-1.060000,angle:-7.750000,distense:115.400000,rcs:13.000000
timestame:1619470533.726000000,objid:3,type:0,xpos:0.000000,ypos:0.000000,xspeed:-3.430000,yspeed:-4.630000,angle:-9.160000,distense:109.400000,rcs:12.000000
timestame:1619470533.726000000,objid:4,type:0,xpos:0.000000,ypos:0.000000,xspeed:5.530000,yspeed:0.000000,angle:-16.150000,distense:21.600000,rcs:13.000000
