timestame:1619469889.840000000,objid:2,type:0,xpos:0.000000,ypos:0.000000,xspeed:-3.740000,yspeed:-0.130000,angle:-13.390000,distense:57.200000,rcs:21.000000
timestame:1619469889.840000000,objid:5,type:0,xpos:0.000000,ypos:0.000000,xspeed:-2.830000,yspeed:-0.160000,angle:-17.350000,distense:58.600000,rcs:23.000000
timestame:1619469889.840000000,objid:16,type:0,xpos:0.000000,ypos:0.000000,xspeed:-3.450000,yspeed:-0.250000,angle:-11.080000,distense:68.400000,rcs:24.000000
