timestame:1619470045.084000000,objid:0,type:0,xpos:0.000000,ypos:0.000000,xspeed:6.170000,yspeed:-0.500000,angle:4.440000,distense:71.200000,rcs:15.000000
timestame:1619470045.084000000,objid:3,type:0,xpos:0.000000,ypos:0.000000,xspeed:14.260000,yspeed:0.100000,angle:1.240000,distense:177.200000,rcs:12.000000
timestame:1619470045.084000000,objid:5,type:0,xpos:0.000000,ypos:0.000000,xspeed:5.950000,yspeed:0.410000,angle:5.840000,distense:61.200000,rcs:35.000000
