timestame:1619470831.087000000,objid:1,type:0,xpos:0.000000,ypos:0.000000,xspeed:9.020000,yspeed:0.190000,angle:3.300000,distense:104.200000,rcs:9.000000
timestame:1619470831.087000000,objid:2,type:0,xpos:0.000000,ypos:0.000000,xspeed:7.360000,yspeed:-0.110000,angle:2.960000,distense:108.400000,rcs:18.000000
timestame:1619470831.087000000,objid:3,type:0,xpos:0.000000,ypos:0.000000,xspeed:8.530000,yspeed:0.050000,angle:3.930000,distense:96.800000,rcs:20.000000
timestame:1619470831.087000000,objid:6,type:0,xpos:0.000000,ypos:0.000000,xspeed:11.380000,yspeed:-0.030000,angle:1.350000,distense:133.600000,rcs:19.000000
