timestame:1619470030.836000000,objid:1,type:0,xpos:0.000000,ypos:0.000000,xspeed:5.770000,yspeed:0.450000,angle:2.660000,distense:38.200000,rcs:36.000000
timestame:1619470030.836000000,objid:4,type:0,xpos:0.000000,ypos:0.000000,xspeed:10.250000,yspeed:0.180000,angle:2.180000,distense:64.400000,rcs:27.000000
timestame:1619470030.836000000,objid:5,type:0,xpos:0.000000,ypos:0.000000,xspeed:1.490000,yspeed:-0.100000,angle:-18.000000,distense:56.200000,rcs:13.000000
