timestame:1619469714.375000000,objid:1,type:0,xpos:0.000000,ypos:0.000000,xspeed:-1.020000,yspeed:4.680000,angle:18.440000,distense:37.000000,rcs:20.000000
timestame:1619469714.375000000,objid:3,type:0,xpos:0.000000,ypos:0.000000,xspeed:13.770000,yspeed:-1.070000,angle:1.040000,distense:150.600000,rcs:9.000000
timestame:1619469714.375000000,objid:6,type:0,xpos:0.000000,ypos:0.000000,xspeed:-1.590000,yspeed:7.090000,angle:17.840000,distense:36.800000,rcs:9.000000
