timestame:1619469572.367000000,objid:1,type:0,xpos:0.000000,ypos:0.000000,xspeed:-6.260000,yspeed:-2.990000,angle:-18.000000,distense:32.200000,rcs:9.000000
timestame:1619469572.367000000,objid:3,type:0,xpos:0.000000,ypos:0.000000,xspeed:-8.500000,yspeed:0.910000,angle:-5.410000,distense:147.800000,rcs:12.000000
timestame:1619469572.367000000,objid:5,type:0,xpos:0.000000,ypos:0.000000,xspeed:-9.020000,yspeed:-0.840000,angle:-6.240000,distense:144.000000,rcs:6.000000
timestame:1619469572.367000000,objid:8,type:0,xpos:0.000000,ypos:0.000000,xspeed:-2.550000,yspeed:-1.940000,angle:-18.000000,distense:36.600000,rcs:18.000000
