timestame:1619471234.844000000,objid:0,type:0,xpos:0.000000,ypos:0.000000,xspeed:7.910000,yspeed:-0.110000,angle:1.290000,distense:132.000000,rcs:6.000000
timestame:1619471234.844000000,objid:9,type:0,xpos:0.000000,ypos:0.000000,xspeed:7.500000,yspeed:0.060000,angle:1.490000,distense:121.800000,rcs:19.000000
