timestame:1619471368.931000000,objid:1,type:0,xpos:0.000000,ypos:0.000000,xspeed:8.010000,yspeed:-0.020000,angle:2.870000,distense:132.000000,rcs:13.000000
timestame:1619471368.931000000,objid:7,type:0,xpos:0.000000,ypos:0.000000,xspeed:11.360000,yspeed:0.260000,angle:1.560000,distense:174.800000,rcs:19.000000
