timestame:1619470472.987000000,objid:0,type:0,xpos:0.000000,ypos:0.000000,xspeed:-1.430000,yspeed:1.270000,angle:20.580000,distense:66.400000,rcs:6.000000
timestame:1619470472.987000000,objid:1,type:0,xpos:0.000000,ypos:0.000000,xspeed:-11.390000,yspeed:0.660000,angle:-3.690000,distense:159.800000,rcs:12.000000
timestame:1619470472.987000000,objid:2,type:0,xpos:0.000000,ypos:0.000000,xspeed:5.030000,yspeed:-8.820000,angle:13.480000,distense:70.800000,rcs:6.000000
