timestame:1619470552.215000000,objid:0,type:0,xpos:0.000000,ypos:0.000000,xspeed:7.140000,yspeed:1.750000,angle:-15.580000,distense:14.200000,rcs:12.000000
timestame:1619470552.215000000,objid:1,type:0,xpos:0.000000,ypos:0.000000,xspeed:1.940000,yspeed:-0.900000,angle:5.130000,distense:148.400000,rcs:19.000000
timestame:1619470552.215000000,objid:3,type:0,xpos:0.000000,ypos:0.000000,xspeed:4.460000,yspeed:-0.040000,angle:6.440000,distense:175.000000,rcs:6.000000
timestame:1619470552.215000000,objid:9,type:0,xpos:0.000000,ypos:0.000000,xspeed:4.260000,yspeed:-0.650000,angle:4.460000,distense:166.000000,rcs:9.000000
