timestame:1619470565.123000000,objid:0,type:0,xpos:0.000000,ypos:0.000000,xspeed:6.300000,yspeed:1.790000,angle:20.360000,distense:26.200000,rcs:27.000000
timestame:1619470565.123000000,objid:1,type:0,xpos:0.000000,ypos:0.000000,xspeed:7.280000,yspeed:-0.670000,angle:2.790000,distense:218.000000,rcs:16.000000
timestame:1619470565.123000000,objid:3,type:0,xpos:0.000000,ypos:0.000000,xspeed:12.100000,yspeed:0.210000,angle:1.500000,distense:120.800000,rcs:23.000000
