timestame:1619470485.974000000,objid:1,type:0,xpos:0.000000,ypos:0.000000,xspeed:-2.660000,yspeed:-0.300000,angle:-9.280000,distense:79.400000,rcs:13.000000
timestame:1619470485.974000000,objid:2,type:0,xpos:0.000000,ypos:0.000000,xspeed:1.680000,yspeed:-7.360000,angle:-1.790000,distense:64.200000,rcs:13.000000
timestame:1619470485.974000000,objid:4,type:0,xpos:0.000000,ypos:0.000000,xspeed:-1.610000,yspeed:-4.970000,angle:-16.490000,distense:39.000000,rcs:20.000000
timestame:1619470485.974000000,objid:6,type:0,xpos:0.000000,ypos:0.000000,xspeed:2.340000,yspeed:9.960000,angle:-5.650000,distense:40.400000,rcs:31.000000
