timestame:1619469815.035000000,objid:1,type:0,xpos:0.000000,ypos:0.000000,xspeed:3.200000,yspeed:5.210000,angle:-7.390000,distense:51.600000,rcs:15.000000
timestame:1619469815.035000000,objid:3,type:0,xpos:0.000000,ypos:0.000000,xspeed:-4.050000,yspeed:5.060000,angle:-0.940000,distense:50.800000,rcs:15.000000
timestame:1619469815.035000000,objid:4,type:0,xpos:0.000000,ypos:0.000000,xspeed:-5.270000,yspeed:6.170000,angle:-3.120000,distense:188.600000,rcs:9.000000
