timestame:1619470026.573000000,objid:0,type:0,xpos:0.000000,ypos:0.000000,xspeed:6.070000,yspeed:-3.660000,angle:-0.790000,distense:37.600000,rcs:6.000000
timestame:1619470026.573000000,objid:1,type:0,xpos:0.000000,ypos:0.000000,xspeed:4.070000,yspeed:0.000000,angle:-1.850000,distense:15.000000,rcs:22.000000
timestame:1619470026.573000000,objid:2,type:0,xpos:0.000000,ypos:0.000000,xspeed:5.960000,yspeed:0.190000,angle:2.070000,distense:28.600000,rcs:40.000000
