timestame:1619470079.913000000,objid:0,type:0,xpos:0.000000,ypos:0.000000,xspeed:1.360000,yspeed:-5.400000,angle:17.440000,distense:49.600000,rcs:26.000000
timestame:1619470079.913000000,objid:1,type:0,xpos:0.000000,ypos:0.000000,xspeed:-4.010000,yspeed:-1.540000,angle:-10.560000,distense:45.400000,rcs:13.000000
timestame:1619470079.913000000,objid:4,type:0,xpos:0.000000,ypos:0.000000,xspeed:-6.260000,yspeed:5.720000,angle:4.570000,distense:48.400000,rcs:13.000000
