timestame:1619471260.184000000,objid:2,type:0,xpos:0.000000,ypos:0.000000,xspeed:12.300000,yspeed:0.380000,angle:4.640000,distense:76.800000,rcs:32.000000
timestame:1619471260.184000000,objid:3,type:0,xpos:0.000000,ypos:0.000000,xspeed:-14.780000,yspeed:-0.640000,angle:-18.000000,distense:30.400000,rcs:15.000000
timestame:1619471260.184000000,objid:6,type:0,xpos:0.000000,ypos:0.000000,xspeed:12.400000,yspeed:0.010000,angle:4.470000,distense:89.000000,rcs:18.000000
timestame:1619471260.184000000,objid:10,type:0,xpos:0.000000,ypos:0.000000,xspeed:12.340000,yspeed:0.610000,angle:5.400000,distense:64.800000,rcs:28.000000
