timestame:1619470228.151000000,objid:8,type:0,xpos:0.000000,ypos:0.000000,xspeed:-1.730000,yspeed:-2.620000,angle:-15.960000,distense:40.400000,rcs:25.000000
timestame:1619470228.151000000,objid:11,type:0,xpos:0.000000,ypos:0.000000,xspeed:-11.950000,yspeed:-4.410000,angle:-2.940000,distense:183.000000,rcs:13.000000
