timestame:1619470739.212000000,objid:0,type:0,xpos:0.000000,ypos:0.000000,xspeed:-16.100000,yspeed:-0.630000,angle:-5.500000,distense:128.400000,rcs:6.000000
timestame:1619470739.212000000,objid:1,type:0,xpos:0.000000,ypos:0.000000,xspeed:11.910000,yspeed:-0.110000,angle:0.980000,distense:136.600000,rcs:6.000000
timestame:1619470739.212000000,objid:6,type:0,xpos:0.000000,ypos:0.000000,xspeed:12.230000,yspeed:0.130000,angle:1.390000,distense:127.000000,rcs:25.000000
