timestame:1619470043.477000000,objid:1,type:0,xpos:0.000000,ypos:0.000000,xspeed:13.220000,yspeed:0.060000,angle:1.080000,distense:179.000000,rcs:9.000000
timestame:1619470043.477000000,objid:3,type:0,xpos:0.000000,ypos:0.000000,xspeed:13.940000,yspeed:0.130000,angle:1.360000,distense:153.800000,rcs:16.000000
timestame:1619470043.477000000,objid:4,type:0,xpos:0.000000,ypos:0.000000,xspeed:8.240000,yspeed:0.440000,angle:4.290000,distense:68.200000,rcs:6.000000
timestame:1619470043.477000000,objid:5,type:0,xpos:0.000000,ypos:0.000000,xspeed:5.120000,yspeed:0.500000,angle:6.290000,distense:50.600000,rcs:29.000000
