timestame:1619471002.531000000,objid:1,type:0,xpos:0.000000,ypos:0.000000,xspeed:-13.630000,yspeed:-0.720000,angle:-5.420000,distense:149.000000,rcs:12.000000
timestame:1619471002.531000000,objid:3,type:0,xpos:0.000000,ypos:0.000000,xspeed:1.900000,yspeed:-2.420000,angle:-14.080000,distense:47.000000,rcs:18.000000
timestame:1619471002.531000000,objid:4,type:0,xpos:0.000000,ypos:0.000000,xspeed:2.030000,yspeed:0.110000,angle:-0.460000,distense:16.200000,rcs:16.000000
