timestame:1619471450.245000000,objid:3,type:0,xpos:0.000000,ypos:0.000000,xspeed:-2.810000,yspeed:-0.120000,angle:-6.210000,distense:104.000000,rcs:19.000000
timestame:1619471450.245000000,objid:11,type:0,xpos:0.000000,ypos:0.000000,xspeed:-2.130000,yspeed:-0.110000,angle:-8.190000,distense:95.600000,rcs:13.000000
timestame:1619471450.245000000,objid:13,type:0,xpos:0.000000,ypos:0.000000,xspeed:-3.640000,yspeed:0.150000,angle:19.560000,distense:41.200000,rcs:15.000000
