timestame:1619470769.076000000,objid:0,type:0,xpos:0.000000,ypos:0.000000,xspeed:-11.900000,yspeed:-0.790000,angle:-5.300000,distense:163.600000,rcs:16.000000
timestame:1619470769.076000000,objid:1,type:0,xpos:0.000000,ypos:0.000000,xspeed:11.180000,yspeed:0.290000,angle:2.220000,distense:75.800000,rcs:24.000000
timestame:1619470769.076000000,objid:2,type:0,xpos:0.000000,ypos:0.000000,xspeed:-12.330000,yspeed:-1.580000,angle:-4.680000,distense:159.400000,rcs:12.000000
