timestame:1619471264.517000000,objid:0,type:0,xpos:0.000000,ypos:0.000000,xspeed:13.110000,yspeed:0.000000,angle:2.630000,distense:157.400000,rcs:12.000000
timestame:1619471264.517000000,objid:2,type:0,xpos:0.000000,ypos:0.000000,xspeed:12.950000,yspeed:0.070000,angle:2.710000,distense:132.600000,rcs:24.000000
timestame:1619471264.517000000,objid:6,type:0,xpos:0.000000,ypos:0.000000,xspeed:12.940000,yspeed:-0.070000,angle:2.490000,distense:144.600000,rcs:9.000000
timestame:1619471264.517000000,objid:10,type:0,xpos:0.000000,ypos:0.000000,xspeed:12.850000,yspeed:-0.050000,angle:2.830000,distense:120.000000,rcs:29.000000
