timestame:1619470146.755000000,objid:0,type:0,xpos:0.000000,ypos:0.000000,xspeed:2.490000,yspeed:2.330000,angle:-15.340000,distense:38.600000,rcs:12.000000
timestame:1619470146.755000000,objid:1,type:0,xpos:0.000000,ypos:0.000000,xspeed:2.900000,yspeed:1.260000,angle:22.840000,distense:24.400000,rcs:21.000000
timestame:1619470146.755000000,objid:2,type:0,xpos:0.000000,ypos:0.000000,xspeed:3.030000,yspeed:1.770000,angle:21.680000,distense:34.800000,rcs:6.000000
