timestame:1619471313.367000000,objid:1,type:0,xpos:0.000000,ypos:0.000000,xspeed:-13.180000,yspeed:-1.900000,angle:-3.450000,distense:176.200000,rcs:12.000000
timestame:1619471313.367000000,objid:2,type:0,xpos:0.000000,ypos:0.000000,xspeed:1.820000,yspeed:4.070000,angle:-6.180000,distense:47.000000,rcs:6.000000
timestame:1619471313.367000000,objid:3,type:0,xpos:0.000000,ypos:0.000000,xspeed:2.850000,yspeed:3.890000,angle:-9.440000,distense:42.400000,rcs:9.000000
timestame:1619471313.367000000,objid:4,type:0,xpos:0.000000,ypos:0.000000,xspeed:-1.130000,yspeed:5.190000,angle:9.160000,distense:36.600000,rcs:12.000000
