timestame:1619470759.163000000,objid:0,type:0,xpos:0.000000,ypos:0.000000,xspeed:-5.190000,yspeed:-7.810000,angle:-15.310000,distense:36.600000,rcs:37.000000
timestame:1619470759.163000000,objid:1,type:0,xpos:0.000000,ypos:0.000000,xspeed:-1.490000,yspeed:-3.100000,angle:-17.810000,distense:37.800000,rcs:32.000000
timestame:1619470759.163000000,objid:5,type:0,xpos:0.000000,ypos:0.000000,xspeed:7.080000,yspeed:1.010000,angle:-0.500000,distense:44.400000,rcs:9.000000
