timestame:1619470364.591000000,objid:0,type:0,xpos:0.000000,ypos:0.000000,xspeed:4.170000,yspeed:8.860000,angle:-2.780000,distense:43.800000,rcs:27.000000
timestame:1619470364.591000000,objid:1,type:0,xpos:0.000000,ypos:0.000000,xspeed:-1.240000,yspeed:8.990000,angle:-7.140000,distense:43.600000,rcs:6.000000
timestame:1619470364.591000000,objid:11,type:0,xpos:0.000000,ypos:0.000000,xspeed:-2.160000,yspeed:4.460000,angle:-14.800000,distense:38.800000,rcs:6.000000
