timestame:1619470939.862000000,objid:1,type:0,xpos:0.000000,ypos:0.000000,xspeed:-2.550000,yspeed:0.970000,angle:-12.850000,distense:69.400000,rcs:21.000000
timestame:1619470939.862000000,objid:10,type:0,xpos:0.000000,ypos:0.000000,xspeed:-3.780000,yspeed:0.130000,angle:-10.530000,distense:69.800000,rcs:12.000000
