timestame:1619470275.264000000,objid:1,type:0,xpos:0.000000,ypos:0.000000,xspeed:-10.560000,yspeed:-0.100000,angle:-4.800000,distense:110.800000,rcs:6.000000
timestame:1619470275.264000000,objid:2,type:0,xpos:0.000000,ypos:0.000000,xspeed:-1.180000,yspeed:0.360000,angle:-6.760000,distense:93.000000,rcs:9.000000
