timestame:1619471433.672000000,objid:1,type:0,xpos:0.000000,ypos:0.000000,xspeed:4.450000,yspeed:-0.980000,angle:1.420000,distense:45.800000,rcs:25.000000
timestame:1619471433.672000000,objid:2,type:0,xpos:0.000000,ypos:0.000000,xspeed:2.810000,yspeed:-3.910000,angle:1.440000,distense:45.400000,rcs:6.000000
timestame:1619471433.672000000,objid:5,type:0,xpos:0.000000,ypos:0.000000,xspeed:-1.780000,yspeed:-6.320000,angle:-6.310000,distense:39.000000,rcs:32.000000
timestame:1619471433.672000000,objid:14,type:0,xpos:0.000000,ypos:0.000000,xspeed:-2.050000,yspeed:12.070000,angle:-1.470000,distense:48.400000,rcs:9.000000
