timestame:1619470047.375000000,objid:0,type:0,xpos:0.000000,ypos:0.000000,xspeed:6.580000,yspeed:0.320000,angle:4.560000,distense:86.800000,rcs:16.000000
timestame:1619470047.375000000,objid:3,type:0,xpos:0.000000,ypos:0.000000,xspeed:14.910000,yspeed:0.250000,angle:1.250000,distense:211.800000,rcs:16.000000
timestame:1619470047.375000000,objid:5,type:0,xpos:0.000000,ypos:0.000000,xspeed:6.690000,yspeed:0.240000,angle:4.970000,distense:77.200000,rcs:23.000000
