timestame:1619471097.262000000,objid:2,type:0,xpos:0.000000,ypos:0.000000,xspeed:8.520000,yspeed:-0.020000,angle:1.260000,distense:98.600000,rcs:31.000000
timestame:1619471097.262000000,objid:3,type:0,xpos:0.000000,ypos:0.000000,xspeed:-18.160000,yspeed:-1.620000,angle:-12.570000,distense:60.800000,rcs:26.000000
