timestame:1619469774.393000000,objid:1,type:0,xpos:0.000000,ypos:0.000000,xspeed:3.730000,yspeed:2.450000,angle:-14.120000,distense:34.800000,rcs:13.000000
timestame:1619469774.393000000,objid:3,type:0,xpos:0.000000,ypos:0.000000,xspeed:2.690000,yspeed:-0.040000,angle:20.990000,distense:17.200000,rcs:19.000000
timestame:1619469774.393000000,objid:7,type:0,xpos:0.000000,ypos:0.000000,xspeed:3.110000,yspeed:3.340000,angle:-9.880000,distense:44.400000,rcs:6.000000
