timestame:1619469537.255000000,objid:4,type:0,xpos:0.000000,ypos:0.000000,xspeed:16.870000,yspeed:0.360000,angle:1.820000,distense:116.800000,rcs:24.000000
timestame:1619469537.255000000,objid:7,type:0,xpos:0.000000,ypos:0.000000,xspeed:16.980000,yspeed:0.250000,angle:1.430000,distense:124.600000,rcs:12.000000
