timestame:1619470136.942000000,objid:7,type:0,xpos:0.000000,ypos:0.000000,xspeed:-4.000000,yspeed:-0.270000,angle:-9.970000,distense:75.200000,rcs:18.000000
timestame:1619470136.942000000,objid:8,type:0,xpos:0.000000,ypos:0.000000,xspeed:2.950000,yspeed:3.850000,angle:-6.570000,distense:44.000000,rcs:6.000000
